1358650 2322.6
1358660 2322.6
1358670 2326.8
1358680 2329.8
1358690 2329.8
1358700 2331.9
1358710 2333.6
1358720 2333.6
1358730 2334.5
1358740 2335.2
1358750 2335.2
1358760 2336.4
1358770 2337.3
1358780 2337.3
1358790 2337.4
1358800 2337.6
1358810 2337.8
1358820 2337.8
1358830 2338.0
1358840 2338.8
1358850 2338.8
1358860 2341.9
1358870 2347.9
1358880 2347.9
1358890 2354.9
1358900 2360.9
1358910 2360.9
1358920 2363.9
1358930 2366.6
1358940 2366.6
1358950 2369.0
1358960 2371.2
1358970 2371.2
1358980 2373.9
1358990 2377.5
1359000 2380.7
1359010 2380.7
1359020 2383.5
1359030 2385.7
1359040 2385.7
1359050 2388.5
1359060 2392.8
1359070 2392.8
1359080 2396.9
1359090 2400.7
1359100 2400.7
1359110 2405.5
1359120 2409.9
1359130 2409.9
1359140 2414.1
1359150 2418.3
1359160 2418.3
1359170 2422.2
1359180 2426.4
1359190 2430.7
1359200 2430.7
1359210 2434.8
1359220 2437.5
1359230 2437.5
1359240 2441.6
1359250 2446.0
1359260 2446.0
1359270 2450.5
1359280 2455.3
1359290 2455.3
1359300 2460.3
1359310 2465.7
1359320 2465.7
1359330 2471.5
1359340 2477.8
1359350 2477.8
1359360 2484.1
1359370 2490.7
1359380 2498.1
1359390 2498.1
1359400 2508.2
1359410 2517.1
1359420 2517.1
1359430 2524.1
1359440 2529.8
1359450 2529.8
1359460 2534.3
1359470 2538.8
1359480 2538.8
1359490 2543.9
1359500 2549.5
1359510 2549.5
1359520 2555.5
1359530 2562.8
1359540 2571.0
1359550 2567.8
1359560 2575.3
1359570 2583.6
1359580 2583.6
1359590 2592.2
1359600 2601.3
1359610 2601.3
1359620 2611.2
1359630 2621.0
1359640 2621.0
1359650 2631.3
1359660 2641.6
1359670 2641.6
1359680 2650.7
1359690 2658.4
1359700 2658.4
1359710 2666.5
1359720 2670.1
1359730 2664.0
1359740 2664.0
1359750 2653.6
1359760 2641.7
1359770 2641.7
1359780 2629.3
1359790 2619.5
1359800 2619.5
1359810 2612.7
1359820 2606.9
1359830 2606.9
1359840 2602.5
1359850 2598.6
1359860 2598.6
1359870 2596.9
1359880 2597.0
1359890 2597.0
1359900 2596.9
1359910 2595.5
1359920 2592.8
1359930 2592.8
1359940 2589.1
1359950 2585.2
1359960 2585.2
1359970 2582.4
1359980 2579.9
1359990 2579.9
