1359060 2376.6
1359070 2376.0
1359080 2375.7
1359090 2375.7
1359100 2377.8
1359110 2377.8
1359120 2377.8
1359130 2381.3
1359140 2385.0
1359150 2385.0
1359160 2388.2
1359170 2391.5
1359180 2391.5
1359190 2394.6
1359200 2398.0
1359210 2398.0
1359220 2401.9
1359230 2408.0
1359240 2408.0
1359250 2414.0
1359260 2420.1
1359270 2427.0
1359280 2427.0
1359290 2435.1
1359300 2446.8
1359310 2446.8
1359320 2460.1
1359330 2469.9
1359340 2469.9
1359350 2477.0
1359360 2483.5
1359370 2483.5
1359380 2489.4
1359390 2492.4
1359400 2492.4
1359410 2494.2
1359420 2497.1
1359430 2497.1
1359440 2500.1
1359450 2502.5
1359460 2506.0
1359470 2506.0
1359480 2511.1
1359490 2517.3
1359500 2517.3
1359510 2526.1
1359520 2536.6
1359530 2536.6
1359540 2546.9
1359550 2554.4
1359560 2554.4
1359570 2561.8
1359580 2569.9
1359590 2569.9
1359600 2578.0
1359610 2583.4
1359620 2583.4
1359630 2583.6
1359640 2583.6
1359650 2583.9
1359660 2583.9
1359670 2584.2
1359680 2583.3
1359690 2583.3
1359700 2583.8
1359710 2585.3
1359720 2585.3
1359730 2586.2
1359740 2588.8
1359750 2588.8
1359760 2592.3
1359770 2595.2
1359780 2595.2
1359790 2597.4
1359800 2599.5
1359810 2602.3
1359820 2602.3
1359830 2605.2
1359840 2608.2
1359850 2608.2
1359860 2611.3
1359870 2614.4
1359880 2614.4
1359890 2617.4
1359900 2619.1
1359910 2619.1
1359920 2620.8
1359930 2623.2
1359940 2623.2
1359950 2625.3
1359960 2627.6
1359970 2627.6
1359980 2630.4
1359990 2633.1
