1357690 1967.3
1357700 1967.3
1357710 1957.9
1357720 1950.3
1357730 1950.3
1357740 1946.1
1357750 1943.7
1357760 1943.7
1357770 1945.1
1357780 1950.7
1357790 1950.7
1357800 1960.7
1357810 1969.7
1357820 1969.7
1357830 1982.8
1357840 1989.4
1357850 1994.0
1357860 1994.0
1357870 1999.1
1357880 2002.7
1357890 2002.7
1357900 2005.2
1357910 2008.7
1357920 2008.7
1357930 2011.7
1357940 2013.7
1357950 2013.7
1357960 2016.0
1357970 2018.5
1357980 2018.5
1357990 2021.1
1358000 2023.3
1358010 2023.3
1358020 2024.3
1358030 2025.6
1358040 2030.0
1358050 2030.0
1358060 2032.5
1358070 2033.3
1358080 2033.3
1358090 2040.8
1358100 2048.6
1358110 2048.6
1358120 2051.4
1358130 2053.1
1358140 2053.1
1358150 2054.9
1358160 2056.7
1358170 2056.7
1358180 2059.3
1358190 2062.8
1358200 2064.3
1358210 2064.3
1358220 2065.9
1358230 2068.0
1358240 2068.0
1358250 2070.0
1358260 2073.4
1358270 2073.4
1358280 2077.4
1358290 2080.6
1358300 2080.6
1358310 2082.7
1358320 2085.6
1358330 2085.6
1358340 2089.8
1358350 2093.5
1358360 2093.5
1358370 2095.8
1358380 2098.0
1358390 2099.0
1358400 2099.0
1358410 2099.1
1358420 2098.4
1358430 2098.4
1358440 2097.9
1358450 2097.9
1358460 2097.9
1358470 2097.6
1358480 2097.3
1358490 2097.3
1358500 2097.1
1358510 2096.9
1358520 2096.9
1358530 2097.1
1358540 2098.2
1358550 2098.2
1358560 2099.3
1358570 2099.3
1358580 2099.7
1358590 2101.0
1358600 2102.8
1358610 2104.7
1358620 2104.7
1358630 2105.4
1358640 2106.2
1358650 2106.2
1358660 2107.4
1358670 2108.8
1358680 2108.8
1358690 2110.6
1358700 2112.5
1358710 2112.5
1358720 2113.9
1358730 2113.7
1358740 2113.7
1358750 2112.8
1358760 2109.8
1358770 2109.3
1358780 2109.3
1358790 2116.8
1358800 2121.7
1358810 2121.7
1358820 2123.6
1358830 2124.9
1358840 2124.9
1358850 2126.1
1358860 2128.0
1358870 2128.0
1358880 2130.1
1358890 2132.8
1358900 2132.8
1358910 2134.6
1358920 2135.9
1358930 2135.9
1358940 2137.8
1358950 2140.5
1358960 2144.2
1358970 2144.2
1358980 2148.4
1358990 2153.6
1359000 2153.6
1359010 2158.6
1359020 2162.5
1359030 2162.5
1359040 2166.7
1359050 2170.4
1359060 2170.4
1359070 2174.9
1359080 2178.6
1359090 2178.6
1359100 2182.5
1359110 2187.5
1359120 2187.5
1359130 2192.9
1359140 2198.1
1359150 2203.0
1359160 2203.0
1359170 2207.9
1359180 2213.4
1359190 2213.4
1359200 2219.7
1359210 2226.2
1359220 2226.2
1359230 2233.5
1359240 2245.3
1359250 2245.3
1359260 2256.3
1359270 2268.2
1359280 2268.2
1359290 2284.9
1359300 2296.9
1359310 2296.9
1359320 2307.8
1359330 2320.0
1359340 2331.7
1359350 2331.7
1359360 2342.3
1359370 2353.0
1359380 2353.0
1359390 2367.7
1359400 2382.6
1359410 2382.6
1359420 2395.9
1359430 2406.5
1359440 2406.5
1359450 2416.9
1359460 2430.7
1359470 2430.7
1359480 2441.4
1359490 2453.4
1359500 2453.4
1359510 2466.0
1359520 2474.8
1359530 2480.7
1359540 2480.7
1359550 2480.6
1359560 2486.7
1359570 2486.7
1359580 2497.5
1359590 2498.3
1359600 2505.8
1359610 2503.2
1359620 2501.4
1359630 2501.4
1359640 2499.4
1359650 2495.0
1359660 2495.0
1359670 2490.6
1359680 2487.2
1359690 2487.2
1359700 2485.7
1359710 2485.2
1359720 2483.0
1359730 2483.0
1359740 2481.5
1359750 2479.7
1359760 2479.7
1359770 2478.1
1359780 2477.4
1359790 2477.4
1359800 2475.9
1359810 2474.0
1359820 2474.0
1359830 2472.0
1359840 2470.4
1359850 2470.4
1359860 2468.5
1359870 2466.5
1359880 2466.5
1359890 2464.4
1359900 2462.4
1359910 2460.1
1359920 2460.1
1359930 2455.6
1359940 2449.3
1359950 2449.3
1359960 2444.0
1359970 2441.6
1359980 2441.6
1359990 2440.3
