1357000 1917.8
1357010 1917.8
1357020 1918.9
1357030 1920.7
1357040 1920.7
1357050 1922.1
1357060 1923.8
1357070 1923.8
1357080 1926.6
1357090 1929.6
1357100 1929.6
1357110 1933.0
1357120 1937.6
1357130 1937.6
1357140 1942.1
1357150 1945.8
1357160 1948.7
1357170 1948.7
1357180 1951.9
1357190 1955.1
1357200 1955.1
1357210 1957.8
1357220 1959.7
1357230 1959.7
1357240 1964.6
1357250 1968.2
1357260 1968.2
1357270 1970.2
1357280 1972.5
1357290 1972.5
1357300 1976.5
1357310 1981.5
1357320 1981.5
1357330 1987.6
1357340 1995.0
1357350 2002.7
1357360 2002.7
1357370 2010.8
1357380 2019.4
1357390 2019.4
1357400 2027.4
1357410 2035.8
1357420 2035.8
1357430 2044.2
1357440 2053.0
1357450 2053.0
1357460 2066.3
1357470 2076.1
1357480 2076.1
1357490 2085.4
1357500 2093.9
1357510 2093.9
1357520 2099.6
1357530 2103.8
1357540 2105.7
1357550 2105.7
1357560 2109.9
1357570 2119.3
1357580 2119.3
1357590 2128.7
1357600 2139.5
1357610 2139.5
1357620 2149.4
1357630 2157.4
1357640 2157.4
1357650 2165.0
1357660 2171.0
1357670 2171.0
1357680 2175.3
1357690 2178.3
1357700 2178.3
1357710 2181.0
1357720 2184.8
1357730 2188.6
1357740 2188.6
1357750 2192.2
1357760 2196.1
1357770 2196.1
1357780 2199.8
1357790 2202.0
1357800 2202.0
1357810 2203.0
1357820 2203.3
1357830 2203.3
1357840 2203.5
1357850 2203.9
1357860 2203.9
1357870 2204.6
1357880 2204.7
1357890 2204.7
1357900 2204.5
1357910 2203.8
1357920 2201.8
1357930 2201.8
1357940 2198.4
1357950 2195.0
1357960 2195.0
1357970 2191.8
1357980 2188.8
1357990 2188.8
1358000 2186.3
1358010 2183.6
1358020 2183.6
1358030 2180.8
1358040 2177.7
1358050 2177.7
1358060 2174.7
1358070 2172.0
1358080 2172.0
1358090 2169.1
1358100 2166.6
1358110 2164.3
1358120 2164.3
1358130 2163.0
1358140 2162.5
1358150 2162.5
1358160 2161.3
1358170 2159.7
1358180 2159.7
1358190 2156.9
1358200 2153.9
1358210 2153.9
1358220 2150.3
1358230 2146.4
1358240 2146.4
1358250 2141.6
1358260 2137.2
1358270 2137.2
1358280 2133.2
1358290 2129.6
1358300 2126.6
1358310 2126.6
1358320 2124.5
1358330 2122.8
1358340 2122.8
1358350 2120.2
1358360 2118.2
1358370 2118.2
1358380 2115.9
1358390 2112.9
1358400 2112.9
1358410 2110.2
1358420 2108.5
1358430 2108.5
1358440 2106.1
1358450 2103.7
1358460 2099.6
1358470 2096.8
1358480 2093.1
1358490 2090.5
1358500 2090.5
1358510 2088.1
1358520 2085.6
1358530 2085.6
1358540 2084.3
1358550 2082.1
1358560 2082.1
1358570 2082.6
1358580 2084.5
1358590 2084.5
1358600 2084.8
1358610 2086.1
1358620 2086.1
1358630 2088.1
1358640 2090.6
1358650 2090.6
1358660 2092.1
1358670 2094.3
1358680 2097.1
1358690 2097.1
1358700 2099.1
1358710 2099.7
1358720 2099.7
1358730 2099.7
1358740 2099.9
1358750 2099.9
1358760 2101.7
1358770 2103.8
1358780 2103.8
1358790 2103.2
1358800 2100.5
1358810 2100.5
1358820 2098.4
1358830 2096.4
1358840 2096.4
1358850 2094.6
1358860 2094.1
1358870 2093.5
1358880 2093.5
1358890 2092.6
1358900 2091.4
1358910 2091.4
1358920 2089.7
1358930 2088.0
1358940 2088.0
1358950 2086.4
1358960 2084.9
1358970 2084.9
1358980 2083.1
1358990 2081.8
1359000 2081.8
1359010 2080.9
1359020 2079.9
1359030 2079.9
1359040 2079.5
1359050 2079.9
1359060 2078.8
1359070 2078.8
1359080 2075.5
1359090 2072.4
1359100 2072.4
1359110 2070.5
1359120 2068.6
1359130 2068.6
1359140 2067.1
1359150 2065.3
1359160 2065.3
1359170 2062.1
1359180 2058.5
1359190 2058.5
1359200 2055.2
1359210 2053.4
1359220 2053.4
1359230 2051.4
1359240 2048.6
1359250 2045.5
1359260 2045.5
1359270 2041.8
1359280 2038.1
1359290 2038.1
1359300 2034.1
1359310 2029.8
1359320 2029.8
1359330 2025.3
1359340 2021.0
1359350 2021.0
1359360 2017.0
1359370 2013.6
1359380 2013.6
1359390 2011.7
1359400 2012.1
1359410 2012.1
1359420 2013.8
1359430 2013.3
1359440 2011.7
1359450 2011.7
1359460 2011.5
1359470 2010.0
1359480 2010.0
1359490 2010.2
1359500 2010.4
1359510 2010.4
1359520 2010.8
1359530 2011.5
1359540 2011.5
1359550 2011.7
1359560 2012.9
1359570 2012.9
1359580 2013.5
1359590 2012.6
1359600 2012.6
1359610 2012.3
1359620 2013.3
1359630 2013.9
1359640 2013.9
1359650 2013.1
1359660 2011.2
1359670 2011.2
1359680 2009.2
1359690 2009.9
1359700 2009.9
1359710 2011.7
1359720 2012.6
1359730 2012.6
1359740 2012.7
1359750 2012.7
1359760 2012.7
1359770 2012.9
1359780 2013.4
1359790 2013.8
1359800 2013.8
1359810 2014.2
1359820 2014.9
1359830 2014.9
1359840 2016.2
1359850 2017.4
1359860 2017.4
1359870 2018.5
1359880 2019.9
1359890 2019.9
1359900 2021.5
1359910 2023.4
1359920 2023.4
1359930 2025.3
1359940 2027.5
1359950 2027.5
1359960 2029.9
1359970 2032.1
1359980 2033.7
1359990 2033.7
