1357010 1861.7
1357020 1861.9
1357030 1861.9
1357040 1864.6
1357050 1868.0
1357060 1868.0
1357070 1870.6
1357080 1873.4
1357090 1876.9
1357100 1876.9
1357110 1880.9
1357120 1885.0
1357130 1885.0
1357140 1889.7
1357150 1894.8
1357160 1894.8
1357170 1900.3
1357180 1905.8
1357190 1905.8
1357200 1911.4
1357210 1917.2
1357220 1917.2
1357230 1923.0
1357240 1929.3
1357250 1929.3
1357260 1935.5
1357270 1941.9
1357280 1948.3
1357290 1948.3
1357300 1954.8
1357310 1961.3
1357320 1961.3
1357330 1968.3
1357340 1975.3
1357350 1975.3
1357360 1982.4
1357370 1990.3
1357380 1990.3
1357390 1997.8
1357400 2008.1
1357410 2008.1
1357420 2017.7
1357430 2026.0
1357440 2026.0
1357450 2032.6
1357460 2039.8
1357470 2048.9
1357480 2048.9
1357490 2059.8
1357500 2069.0
1357510 2069.0
1357520 2077.9
1357530 2087.0
1357540 2087.0
1357550 2095.9
1357560 2108.7
1357570 2108.7
1357580 2114.6
1357590 2119.4
1357600 2119.4
1357610 2127.0
1357620 2132.3
1357630 2132.3
1357640 2135.7
1357650 2141.1
1357660 2146.9
1357670 2146.9
1357680 2149.9
1357690 2152.3
1357700 2152.3
1357710 2153.8
1357720 2154.6
1357730 2154.6
1357740 2155.2
1357750 2155.8
1357760 2155.8
1357770 2149.3
1357780 2149.8
1357790 2149.8
1357800 2149.9
1357810 2149.7
1357820 2149.7
1357830 2149.8
1357840 2149.9
1357850 2148.4
1357860 2148.4
1357870 2144.6
1357880 2140.4
1357890 2140.4
1357900 2136.5
1357910 2132.9
1357920 2132.9
1357930 2129.2
1357940 2126.0
1357950 2126.0
1357960 2122.8
1357970 2119.3
1357980 2119.3
1357990 2115.5
1358000 2111.9
1358010 2111.9
1358020 2107.8
1358030 2102.8
1358040 2097.4
1358050 2097.4
1358060 2091.8
1358070 2086.2
1358080 2086.2
1358090 2082.0
1358100 2077.5
1358110 2077.5
1358120 2073.1
1358130 2068.8
1358140 2068.8
1358150 2064.1
1358160 2059.6
1358170 2059.6
1358180 2055.9
1358190 2051.7
1358200 2051.7
1358210 2047.5
1358220 2044.4
1358230 2042.9
1358240 2042.9
1358250 2042.3
1358260 2041.1
1358270 2041.1
1358280 2038.7
1358290 2036.0
1358300 2036.0
1358310 2034.4
1358320 2033.2
1358330 2033.2
1358340 2033.9
1358350 2034.8
1358360 2034.8
1358370 2032.5
1358380 2030.1
1358390 2030.1
1358400 2028.3
1358410 2027.3
1358420 2026.3
1358430 2026.3
1358440 2024.9
1358450 2023.7
1358460 2023.7
1358470 2021.9
1358480 2020.2
1358490 2020.2
1358500 2020.1
1358510 2021.0
1358520 2021.0
1358530 2021.5
1358540 2022.5
1358550 2022.5
1358560 2022.6
1358570 2021.0
1358580 2021.0
1358590 2020.7
1358600 2019.7
1358610 2018.2
1358620 2018.2
1358630 2017.0
1358640 2016.7
1358650 2016.7
1358660 2016.9
1358670 2017.0
1358680 2017.0
1358690 2016.7
1358700 2016.3
1358710 2016.3
1358720 2016.4
1358730 2016.8
1358740 2016.8
1358750 2017.1
1358760 2017.0
1358770 2016.1
1358780 2016.2
1358790 2016.2
1358800 2016.0
1358810 2016.0
1358820 2016.0
1358830 2016.0
1358840 2016.0
1358850 2016.0
1358860 2016.0
1358870 2016.0
1358880 2016.0
1358890 2016.0
1358900 2016.0
1358910 2016.1
1358920 2016.1
1358930 2016.1
1358940 2016.1
1358950 2016.0
1358960 2016.0
1358970 2016.0
1358980 2016.0
1358990 2016.0
1359000 2016.0
1359010 2016.2
1359020 2016.1
1359030 2016.1
1359040 2016.1
1359050 2016.1
1359060 2016.1
1359070 2016.1
1359080 2016.1
1359090 2016.1
1359100 2016.1
1359110 2016.1
1359120 2016.1
1359130 2016.1
1359140 2016.2
1359150 2016.2
1359160 2017.0
1359170 2018.2
1359180 2018.2
1359190 2018.2
1359200 2018.2
1359210 2018.2
1359220 2018.2
1359230 2018.3
1359240 2018.9
1359250 2018.9
1359260 2020.5
1359270 2023.0
1359280 2023.0
1359290 2026.0
1359300 2028.0
1359310 2028.0
1359320 2028.1
1359330 2026.1
1359340 2026.1
1359350 2025.1
1359360 2024.6
1359370 2024.6
1359380 2024.6
1359390 2025.5
1359400 2026.6
1359410 2026.6
1359420 2027.0
1359430 2027.3
1359440 2027.3
1359450 2027.3
1359460 2027.9
1359470 2027.9
1359480 2028.8
1359490 2030.0
1359500 2030.0
1359510 2031.2
1359520 2032.1
1359530 2032.1
1359540 2033.2
1359550 2034.8
1359560 2037.2
1359570 2037.2
1359580 2040.4
1359590 2042.3
1359600 2042.3
1359610 2042.0
1359620 2040.6
1359630 2040.6
1359640 2040.1
1359650 2040.3
1359660 2040.3
1359670 2039.7
1359680 2039.6
1359690 2039.6
1359700 2041.9
1359710 2044.3
1359720 2044.3
1359730 2047.4
1359740 2049.7
1359750 2049.4
1359760 2049.4
1359770 2048.5
1359780 2048.9
1359790 2048.9
1359800 2049.7
1359810 2051.7
1359820 2051.7
1359830 2054.1
1359840 2055.3
1359850 2055.3
1359860 2055.7
1359870 2056.2
1359880 2056.2
1359890 2058.0
1359900 2059.7
1359910 2059.7
1359920 2061.5
1359930 2064.1
1359940 2068.4
1359950 2068.4
1359960 2072.7
1359970 2077.1
1359980 2077.1
1359990 2081.5
