1357050 1848.3
1357060 1848.3
1357070 1850.3
1357080 1854.5
1357090 1854.5
1357100 1860.2
1357110 1867.4
1357120 1867.4
1357130 1874.5
1357140 1879.7
1357150 1879.7
1357160 1885.6
1357170 1891.0
1357180 1896.0
1357190 1896.0
1357200 1902.1
1357210 1908.5
1357220 1908.5
1357230 1915.0
1357240 1921.9
1357250 1921.9
1357260 1927.2
1357270 1929.3
1357280 1929.3
1357290 1930.9
1357300 1933.4
1357310 1933.4
1357320 1938.1
1357330 1942.8
1357340 1942.8
1357350 1947.5
1357360 1952.4
1357370 1957.1
1357380 1957.1
1357390 1962.0
1357400 1967.3
1357410 1967.3
1357420 1972.7
1357430 1978.2
1357440 1978.2
1357450 1983.4
1357460 1987.9
1357470 1987.9
1357480 1992.5
1357490 1997.6
1357500 1997.6
1357510 2003.8
1357520 2011.0
1357530 2007.0
1357540 2013.8
1357550 2020.8
1357560 2027.2
1357570 2027.2
1357580 2032.8
1357590 2040.0
1357600 2040.0
1357610 2049.5
1357620 2055.8
1357630 2055.8
1357640 2060.4
1357650 2064.8
1357660 2064.8
1357670 2070.0
1357680 2075.2
1357690 2075.2
1357700 2078.8
1357710 2081.2
1357720 2081.2
1357730 2080.6
1357740 2075.7
1357750 2070.1
1357760 2070.1
1357770 2072.5
1357780 2078.1
1357790 2078.1
1357800 2081.7
1357810 2084.6
1357820 2084.6
1357830 2086.9
1357840 2089.3
1357850 2089.3
1357860 2091.9
1357870 2094.6
1357880 2094.6
1357890 2097.3
1357900 2101.5
1357910 2101.5
1357920 2106.4
1357930 2108.6
1357940 2109.3
1357950 2109.3
1357960 2109.6
1357970 2109.0
1357980 2109.0
1357990 2106.7
1358000 2103.5
1358010 2103.5
1358020 2099.8
1358030 2094.6
1358040 2094.6
1358050 2089.4
1358060 2084.4
1358070 2084.4
1358080 2079.1
1358090 2073.7
1358100 2073.7
1358110 2068.4
1358120 2063.6
1358130 2059.9
1358140 2059.9
1358150 2056.1
1358160 2052.1
1358170 2052.1
1358180 2048.4
1358190 2045.3
1358200 2045.3
1358210 2042.6
1358220 2038.6
1358230 2038.6
1358240 2034.6
1358250 2031.9
1358260 2031.9
1358270 2029.0
1358280 2026.4
1358290 2026.4
1358300 2024.0
1358310 2022.9
1358320 2022.1
1358330 2022.1
1358340 2021.7
1358350 2021.5
1358360 2021.5
1358370 2021.7
1358380 2021.8
1358390 2021.8
1358400 2020.6
1358410 2018.1
1358420 2018.1
1358430 2016.6
1358440 2016.1
1358450 2016.1
1358460 2016.0
1358470 2016.0
1358480 2016.0
1358490 2016.0
1358500 2016.0
1358510 2016.0
1358520 2016.0
1358530 2016.0
1358540 2016.0
1358550 2016.0
1358560 2016.0
1358570 2016.1
1358580 2016.1
1358590 2016.0
1358600 2016.1
1358610 2016.1
1358620 2016.0
1358630 2016.1
1358640 2016.1
1358650 2016.1
1358660 2016.1
1358670 2016.1
1358680 2016.1
1358690 2016.0
1358700 2016.0
1358710 2016.0
1358720 2016.1
1358730 2016.1
1358740 2016.1
1358750 2016.1
1358760 2016.1
1358770 2016.1
1358780 2016.1
1358790 2016.2
1358800 2016.2
1358810 2016.2
1358820 2016.2
1358830 2016.2
1358840 2016.1
1358850 2016.0
1358860 2016.0
1358870 2016.1
1358880 2016.1
1358890 2016.0
1358900 2016.0
1358910 2016.1
1358920 2016.2
1358930 2016.2
1358940 2016.1
1358950 2016.2
1358960 2016.2
1358970 2016.5
1358980 2016.5
1358990 2016.5
1359000 2016.4
1359010 2016.1
1359020 2016.1
1359030 2016.0
1359040 2015.9
1359050 2015.9
1359060 2015.9
1359070 2015.9
1359080 2015.9
1359090 2015.9
1359100 2015.9
1359110 2016.0
1359120 2016.0
1359130 2015.9
1359140 2015.9
1359150 2015.9
1359160 2015.9
1359170 2016.3
1359180 2016.3
1359190 2017.2
1359200 2018.4
1359210 2018.4
1359220 2019.2
1359230 2020.5
1359240 2020.5
1359250 2021.9
1359260 2022.6
1359270 2023.7
1359280 2023.7
1359290 2025.1
1359300 2026.7
1359310 2026.7
1359320 2027.9
1359330 2029.2
1359340 2029.2
1359350 2031.4
1359360 2033.1
1359370 2033.1
1359380 2035.1
1359390 2037.8
1359400 2037.8
1359410 2040.2
1359420 2043.0
1359430 2043.0
1359440 2044.9
1359450 2046.1
1359460 2047.3
1359470 2047.3
1359480 2048.2
1359490 2049.6
1359500 2049.6
1359510 2051.6
1359520 2053.5
1359530 2053.5
1359540 2059.4
1359550 2061.5
1359560 2061.5
1359570 2063.0
1359580 2065.5
1359590 2065.5
1359600 2068.1
1359610 2069.9
1359620 2069.9
1359630 2071.5
1359640 2073.4
1359650 2073.5
1359660 2073.5
1359670 2074.4
1359680 2075.5
1359690 2075.5
1359700 2076.2
1359710 2077.1
1359720 2077.1
1359730 2078.6
1359740 2080.3
1359750 2080.3
1359760 2084.5
1359770 2088.9
1359780 2088.9
1359790 2092.7
1359800 2097.1
1359810 2097.1
1359820 2101.8
1359830 2105.7
1359840 2111.1
1359850 2111.1
1359860 2116.7
1359870 2120.9
1359880 2120.9
1359890 2123.9
1359900 2125.9
1359910 2125.9
1359920 2128.2
1359930 2131.4
1359940 2131.4
1359950 2135.1
1359960 2138.3
1359970 2138.3
1359980 2141.9
1359990 2144.3
