1357050 2112.1
1357060 2112.1
1357070 2120.3
1357080 2129.2
1357090 2129.2
1357100 2136.3
1357110 2140.2
1357120 2140.2
1357130 2142.6
1357140 2144.9
1357150 2144.9
1357160 2147.7
1357170 2151.1
1357180 2151.1
1357190 2154.1
1357200 2156.3
1357210 2156.3
1357220 2157.2
1357230 2155.3
1357240 2154.9
1357250 2154.9
1357260 2158.5
1357270 2166.6
1357280 2166.6
1357290 2175.5
1357300 2176.7
1357310 2176.7
1357320 2177.3
1357330 2178.3
1357340 2178.3
1357350 2181.7
1357360 2188.2
1357370 2188.2
1357380 2193.7
1357390 2196.2
1357400 2196.2
1357410 2200.4
1357420 2204.2
1357430 2207.7
1357440 2207.7
1357450 2209.2
1357460 2209.6
1357470 2209.6
1357480 2212.2
1357490 2213.3
1357500 2213.3
1357510 2215.7
1357520 2215.5
1357530 2215.5
1357540 2226.0
1357550 2238.5
1357560 2238.5
1357570 2245.3
1357580 2248.5
1357590 2248.5
1357600 2249.9
1357610 2251.8
1357620 2252.4
1357630 2252.4
1357640 2255.8
1357650 2260.4
1357660 2260.4
1357670 2263.3
1357680 2264.7
1357690 2264.7
1357700 2264.0
1357710 2263.6
1357720 2263.6
1357730 2265.7
1357740 2268.2
1357750 2268.2
1357760 2272.6
1357770 2279.6
1357780 2279.6
1357790 2285.8
1357800 2290.6
1357810 2296.1
1357820 2296.1
1357830 2302.8
1357840 2307.3
1357850 2307.3
1357860 2309.0
1357870 2308.2
1357880 2308.2
1357890 2307.2
1357900 2308.3
1357910 2308.3
1357920 2308.6
1357930 2302.4
1357940 2302.4
1357950 2302.0
1357960 2300.9
1357970 2300.9
1357980 2299.3
1357990 2297.2
1358000 2295.2
1358010 2295.2
1358020 2293.0
1358030 2290.0
1358040 2290.0
1358050 2284.9
1358060 2279.9
1358070 2279.9
1358080 2278.0
1358090 2276.6
1358100 2276.6
1358110 2272.5
1358120 2266.9
1358130 2266.9
1358140 2261.5
1358150 2255.9
1358160 2255.9
1358170 2250.5
1358180 2245.2
1358190 2240.4
1358200 2240.4
1358210 2235.8
1358220 2231.4
1358230 2231.4
1358240 2227.2
1358250 2222.9
1358260 2222.9
1358270 2218.6
1358280 2214.2
1358290 2214.2
1358300 2210.6
1358310 2208.2
1358320 2208.2
1358330 2206.2
1358340 2203.7
1358350 2203.7
1358360 2201.0
1358370 2198.4
1358380 2195.8
1358390 2195.8
1358400 2193.0
1358410 2190.7
1358420 2190.7
1358430 2188.5
1358440 2186.6
1358450 2186.6
1358460 2184.9
1358470 2183.0
1358480 2183.0
1358490 2180.7
1358500 2179.7
1358510 2179.7
1358520 2178.6
1358530 2178.0
1358540 2178.0
1358550 2178.1
1358560 2178.5
1358570 2178.6
1358580 2178.6
1358590 2178.1
1358600 2177.9
1358610 2177.9
1358620 2177.1
1358630 2176.7
1358640 2176.7
1358650 2175.8
1358660 2175.5
1358670 2175.5
1358680 2175.8
1358690 2176.2
1358700 2176.2
1358710 2175.6
1358720 2175.5
1358730 2175.5
1358740 2176.0
1358750 2175.8
1358760 2176.9
1358770 2176.9
1358780 2177.4
1358790 2177.7
1358800 2177.7
1358810 2177.3
1358820 2177.5
1358830 2177.5
1358840 2178.5
1358850 2179.0
1358860 2179.0
1358870 2179.3
1358880 2180.4
1358890 2180.4
1358900 2182.1
1358910 2183.8
1358920 2183.8
1358930 2185.9
1358940 2186.5
1358950 2187.1
1358960 2187.1
1358970 2187.4
1358980 2187.4
1358990 2187.4
1359000 2186.5
1359010 2184.4
1359020 2184.4
1359030 2182.1
1359040 2179.9
1359050 2179.9
1359060 2178.2
1359070 2176.5
1359080 2176.5
1359090 2175.1
1359100 2173.8
1359110 2173.8
1359120 2171.3
1359130 2168.6
1359140 2166.4
1359150 2166.4
1359160 2165.0
1359170 2163.3
1359180 2163.3
1359190 2160.3
1359200 2156.6
1359210 2156.6
1359220 2152.9
1359230 2148.9
1359240 2148.9
1359250 2146.3
1359260 2144.2
1359270 2144.2
1359280 2141.7
1359290 2139.4
1359300 2139.4
1359310 2138.8
1359320 2139.0
1359330 2138.1
1359340 2138.1
1359350 2136.7
1359360 2134.9
1359370 2134.9
1359380 2132.9
1359390 2130.3
1359400 2130.3
1359410 2126.9
1359420 2122.1
1359430 2122.1
1359440 2117.5
1359450 2112.9
1359460 2112.9
1359470 2108.2
1359480 2103.9
1359490 2103.9
1359500 2099.2
1359510 2094.5
1359520 2090.4
1359530 2090.4
1359540 2086.2
1359550 2081.7
1359560 2081.7
1359570 2077.7
1359580 2073.7
1359590 2073.7
1359600 2070.1
1359610 2066.1
1359620 2066.1
1359630 2062.9
1359640 2060.7
1359650 2060.7
1359660 2059.3
1359670 2057.9
1359680 2057.9
1359690 2055.4
1359700 2051.9
1359710 2048.1
1359720 2048.1
1359730 2044.3
1359740 2041.9
1359750 2041.9
1359760 2040.0
1359770 2037.6
1359780 2037.6
1359790 2035.1
1359800 2032.5
1359810 2032.5
1359820 2029.9
1359830 2027.3
1359840 2027.3
1359850 2024.2
1359860 2020.5
1359870 2020.5
1359880 2016.2
1359890 2012.1
1359900 2008.9
1359910 2008.9
1359920 2005.1
1359930 2002.6
1359940 2000.2
1359950 1998.3
1359960 1995.1
1359970 1995.1
1359980 1990.1
1359990 1985.4
