1356630 2284.5
1356640 2296.2
1356650 2309.7
1356660 2309.7
1356670 2324.3
1356680 2346.6
1356690 2346.6
1356700 2370.7
1356710 2408.1
1356720 2408.1
1356730 2418.3
1356740 2406.7
1356750 2406.7
1356760 2399.5
1356770 2392.5
1356780 2392.5
1356790 2380.0
1356800 2363.8
1356810 2363.8
1356820 2347.8
1356830 2332.3
1356840 2292.0
1356850 2259.6
1356860 2253.9
1356870 2256.8
1356880 2256.8
1356890 2263.6
1356900 2272.5
1356910 2272.5
1356920 2272.2
1356930 2264.4
1356940 2264.4
1356950 2277.3
1356960 2277.5
1356970 2277.5
1356980 2257.7
1356990 2242.0
1357000 2242.0
1357010 2240.4
1357020 2247.5
1357030 2255.7
1357040 2255.7
1357050 2263.7
1357060 2268.5
1357070 2268.5
1357080 2274.2
1357090 2282.0
1357100 2282.0
1357110 2290.1
1357120 2297.6
1357130 2297.6
1357140 2306.4
1357150 2317.3
1357160 2317.3
1357170 2334.5
1357180 2346.5
1357190 2346.5
1357200 2349.1
1357210 2341.9
1357220 2338.3
1357230 2338.3
1357240 2347.3
1357250 2354.4
1357260 2354.4
1357270 2357.4
1357280 2364.1
1357290 2364.1
1357300 2377.5
1357310 2388.2
1357320 2388.2
1357330 2405.3
1357340 2417.3
1357350 2417.3
1357360 2415.2
1357370 2408.8
1357380 2408.8
1357390 2413.9
1357400 2429.1
1357410 2445.7
1357420 2445.7
1357430 2465.5
1357440 2483.2
1357450 2483.2
1357460 2489.2
1357470 2470.3
1357480 2470.3
1357490 2459.2
1357500 2457.4
1357510 2457.4
1357520 2461.5
1357530 2470.9
1357540 2470.9
1357550 2471.9
1357560 2465.6
1357570 2465.6
1357580 2466.5
1357590 2465.6
1357600 2478.8
1357610 2478.8
1357620 2489.0
1357630 2502.7
1357640 2502.7
1357650 2524.0
1357660 2543.5
1357670 2543.5
1357680 2545.9
1357690 2541.2
1357700 2541.2
1357710 2542.5
1357720 2543.1
1357730 2543.1
1357740 2532.4
1357750 2515.1
1357760 2515.1
1357770 2502.1
1357780 2491.7
1357790 2484.1
1357800 2484.1
1357810 2477.0
1357820 2474.2
1357830 2474.2
1357840 2467.5
1357850 2451.0
1357860 2451.0
1357870 2443.0
1357880 2438.7
1357890 2438.7
1357900 2432.5
1357910 2426.8
1357920 2426.8
1357930 2420.5
1357940 2409.0
1357950 2409.0
1357960 2399.5
1357970 2393.7
1357980 2388.3
1357990 2388.3
1358000 2381.9
1358010 2375.9
1358020 2375.9
1358030 2370.3
1358040 2364.8
1358050 2364.8
1358060 2359.6
1358070 2355.3
1358080 2355.3
1358090 2352.2
1358100 2349.5
1358110 2349.5
1358120 2347.6
1358130 2346.0
1358140 2346.0
1358150 2344.9
1358160 2344.2
1358170 2342.8
1358180 2342.8
1358190 2342.5
1358200 2342.0
1358210 2342.0
1358220 2341.5
1358230 2340.1
1358240 2340.1
1358250 2337.5
1358260 2334.3
1358270 2334.3
1358280 2330.7
1358290 2328.0
1358300 2328.0
1358310 2325.8
1358320 2323.2
1358330 2323.2
1358340 2320.9
1358350 2318.5
1358360 2317.1
1358370 2317.1
1358380 2317.2
1358390 2316.8
1358400 2316.8
1358410 2314.2
1358420 2312.8
1358430 2312.8
1358440 2313.6
1358450 2312.8
1358460 2312.8
1358470 2309.8
1358480 2302.9
1358490 2302.9
1358500 2296.3
1358510 2290.7
1358520 2290.7
1358530 2286.5
1358540 2283.6
1358550 2282.4
1358560 2282.4
1358570 2280.1
1358580 2278.8
1358590 2278.8
1358600 2278.8
1358610 2277.9
1358620 2277.9
1358630 2277.0
1358640 2276.9
1358650 2276.9
1358660 2277.3
1358670 2277.9
1358680 2277.9
1358690 2278.5
1358700 2279.0
1358710 2279.0
1358720 2279.6
1358730 2279.4
1358740 2279.4
1358750 2279.4
1358760 2279.0
1358770 2277.7
1358780 2277.7
1358790 2276.7
1358800 2278.0
1358810 2278.0
1358820 2280.4
1358830 2281.7
1358840 2281.7
1358850 2277.9
1358860 2275.5
1358870 2275.5
1358880 2271.8
1358890 2268.5
1358900 2268.5
1358910 2266.3
1358920 2264.9
1358930 2263.8
1358940 2263.8
1358950 2262.5
1358960 2260.8
1358970 2260.8
1358980 2258.6
1358990 2255.8
1359000 2255.8
1359010 2252.6
1359020 2249.2
1359030 2249.2
1359040 2245.1
1359050 2240.8
1359060 2240.8
1359070 2236.8
1359080 2232.9
1359090 2232.9
1359100 2230.4
1359110 2227.7
1359120 2224.3
1359130 2224.3
1359140 2221.7
1359150 2219.7
1359160 2219.7
1359170 2217.9
1359180 2215.9
1359190 2215.9
1359200 2213.4
1359210 2211.2
1359220 2211.2
1359230 2209.2
1359240 2206.1
1359250 2206.1
1359260 2202.8
1359270 2199.8
1359280 2199.8
1359290 2197.0
1359300 2192.9
1359310 2188.3
1359320 2188.3
1359330 2184.3
1359340 2180.1
1359350 2180.1
1359360 2171.9
1359370 2165.6
1359380 2165.6
1359390 2160.5
1359400 2155.6
1359410 2155.6
1359420 2150.6
1359430 2145.6
1359440 2145.6
1359450 2144.2
1359460 2144.7
1359470 2144.7
1359480 2142.3
1359490 2138.9
1359500 2136.3
1359510 2136.3
1359520 2133.3
1359530 2129.9
1359540 2129.9
1359550 2126.7
1359560 2123.3
1359570 2123.3
1359580 2118.9
1359590 2113.7
1359600 2113.7
1359610 2108.6
1359620 2103.5
1359630 2103.5
1359640 2099.1
1359650 2095.6
1359660 2095.6
1359670 2092.6
1359680 2090.3
1359690 2088.4
1359700 2088.4
1359710 2086.5
1359720 2084.9
1359730 2084.9
1359740 2082.3
1359750 2079.7
1359760 2079.7
1359770 2078.9
1359780 2076.6
1359790 2076.6
1359800 2072.5
1359810 2067.5
1359820 2067.5
1359830 2061.7
1359840 2055.9
1359850 2055.9
1359860 2048.5
1359870 2043.0
1359880 2037.1
1359890 2037.1
1359900 2031.4
1359910 2026.9
1359920 2026.9
1359930 2023.4
1359940 2020.2
1359950 2020.2
1359960 2016.8
1359970 2012.8
1359980 2012.8
1359990 2008.3
