1356370 2540.5
1356380 2540.5
1356390 2548.4
1356400 2548.6
1356410 2528.3
1356420 2528.3
1356430 2479.9
1356440 2463.8
1356450 2463.8
1356460 2455.8
1356470 2456.7
1356480 2456.7
1356490 2463.9
1356500 2454.9
1356510 2445.8
1356520 2440.9
1356530 2452.9
1356540 2452.9
1356550 2468.8
1356560 2464.9
1356570 2464.9
1356580 2464.8
1356590 2477.9
1356600 2488.5
1356610 2488.5
1356620 2499.3
1356630 2510.5
1356640 2510.5
1356650 2524.3
1356660 2537.8
1356670 2537.8
1356680 2554.5
1356690 2578.7
1356700 2578.7
1356710 2597.1
1356720 2609.5
1356730 2609.5
1356740 2617.6
1356750 2624.6
1356760 2624.6
1356770 2635.3
1356780 2647.7
1356790 2658.8
1356800 2658.8
1356810 2668.4
1356820 2678.0
1356830 2678.0
1356840 2677.5
1356850 2678.5
1356860 2678.5
1356870 2683.4
1356880 2680.0
1356890 2680.0
1356900 2697.4
1356910 2723.2
1356920 2723.2
1356930 2739.3
1356940 2745.1
1356950 2745.1
1356960 2764.5
1356970 2771.1
1356980 2770.4
1356990 2770.4
1357000 2762.0
1357010 2750.8
1357020 2750.8
1357030 2732.7
1357040 2717.2
1357050 2717.2
1357060 2708.0
1357070 2718.9
1357080 2718.9
1357090 2711.4
1357100 2702.0
1357110 2702.0
1357120 2714.5
1357130 2726.3
1357140 2726.3
1357150 2712.3
1357160 2703.3
1357170 2688.7
1357180 2688.7
1357190 2676.9
1357200 2671.2
1357210 2671.2
1357220 2655.7
1357230 2630.3
1357240 2630.3
1357250 2636.5
1357260 2647.6
1357270 2647.6
1357280 2641.5
1357290 2631.7
1357300 2631.7
1357310 2613.1
1357320 2594.3
1357330 2594.3
1357340 2574.1
1357350 2557.0
1357360 2546.1
1357370 2546.1
1357380 2538.5
1357390 2551.8
1357400 2551.8
1357410 2565.9
1357420 2561.3
1357430 2561.3
1357440 2558.7
1357450 2568.1
1357460 2568.1
1357470 2584.8
1357480 2598.4
1357490 2598.4
1357500 2620.6
1357510 2633.9
1357520 2633.9
1357530 2632.9
1357540 2629.7
1357550 2627.5
1357560 2627.5
1357570 2624.5
1357580 2624.1
1357590 2624.1
1357600 2623.8
1357610 2622.1
1357620 2622.1
1357630 2619.9
1357640 2616.0
1357650 2616.0
1357660 2610.5
1357670 2605.6
1357680 2605.6
1357690 2600.8
1357700 2595.5
1357710 2595.5
1357720 2590.8
1357730 2586.3
1357740 2581.4
1357750 2581.4
1357760 2576.5
1357770 2572.3
1357780 2572.3
1357790 2568.2
1357800 2564.0
1357810 2564.0
1357820 2559.7
1357830 2555.0
1357840 2555.0
1357850 2550.0
1357860 2545.1
1357870 2545.1
1357880 2540.6
1357890 2536.3
1357900 2536.3
1357910 2532.4
1357920 2528.5
1357930 2524.9
1357940 2524.9
1357950 2521.4
1357960 2518.1
1357970 2518.1
1357980 2514.9
1357990 2511.2
1358000 2511.2
1358010 2507.0
1358020 2503.2
1358030 2503.2
1358040 2499.8
1358050 2496.6
1358060 2496.6
1358070 2492.2
1358080 2487.5
1358090 2487.5
1358100 2480.9
1358110 2475.3
1358120 2471.2
1358130 2471.2
1358140 2467.1
1358150 2462.9
1358160 2462.9
1358170 2458.3
1358180 2453.8
1358190 2453.8
1358200 2449.8
1358210 2445.6
1358220 2445.6
1358230 2441.7
1358240 2437.9
1358250 2437.9
1358260 2435.0
1358270 2430.7
1358280 2430.7
1358290 2426.1
1358300 2425.0
1358310 2422.4
1358320 2422.4
1358330 2420.4
1358340 2417.7
1358350 2417.7
1358360 2415.5
1358370 2413.7
1358380 2413.7
1358390 2412.3
1358400 2411.5
1358410 2411.5
1358420 2411.3
1358430 2410.8
1358440 2410.8
1358450 2410.3
1358460 2409.9
1358470 2409.9
1358480 2410.2
1358490 2409.9
1358500 2411.0
1358510 2411.0
1358520 2410.1
1358530 2406.6
1358540 2406.6
1358550 2402.8
1358560 2399.8
1358570 2399.8
1358580 2396.8
1358590 2394.8
1358600 2394.8
1358610 2391.9
1358620 2390.2
1358630 2390.2
1358640 2389.0
1358650 2388.6
1358660 2388.6
1358670 2386.9
1358680 2385.4
1358690 2384.7
1358700 2384.7
1358710 2385.8
1358720 2385.9
1358730 2385.9
1358740 2384.3
1358750 2382.8
1358760 2382.8
1358770 2382.9
1358780 2383.6
1358790 2383.6
1358800 2383.9
1358810 2382.9
1358820 2382.9
1358830 2381.4
1358840 2379.3
1358850 2379.3
1358860 2377.2
1358870 2375.5
1358880 2374.3
1358890 2374.3
1358900 2373.3
1358910 2372.2
1358920 2372.2
1358930 2369.3
1358940 2364.4
1358950 2364.4
1358960 2358.9
1358970 2352.8
1358980 2352.8
1358990 2346.2
1359000 2341.0
1359010 2341.0
1359020 2337.5
1359030 2335.9
1359040 2335.9
1359050 2333.5
1359060 2328.8
1359070 2322.1
1359080 2322.1
1359090 2314.6
1359100 2307.6
1359110 2307.6
1359120 2303.4
1359130 2298.9
1359140 2298.9
1359150 2293.7
1359160 2286.1
1359170 2286.1
1359180 2280.4
1359190 2276.6
1359200 2276.6
1359210 2274.6
1359220 2271.8
1359230 2271.8
1359240 2267.8
1359250 2264.1
1359260 2260.7
1359270 2260.7
1359280 2256.9
1359290 2253.4
1359300 2253.4
1359310 2250.3
1359320 2248.6
1359330 2248.6
1359340 2247.2
1359350 2246.1
1359360 2246.1
1359370 2243.5
1359380 2240.7
1359390 2240.7
1359400 2238.2
1359410 2235.2
1359420 2235.2
1359430 2232.2
1359440 2229.2
1359450 2225.9
1359460 2225.9
1359470 2221.9
1359480 2217.0
1359490 2217.0
1359500 2207.5
1359510 2201.9
1359520 2201.9
1359530 2197.3
1359540 2192.2
1359550 2192.2
1359560 2186.2
1359570 2180.1
1359580 2180.1
1359590 2173.9
1359600 2167.9
1359610 2167.9
1359620 2162.0
1359630 2156.6
1359640 2150.7
1359650 2150.7
1359660 2145.9
1359670 2140.8
1359680 2140.8
1359690 2135.8
1359700 2133.2
1359710 2133.2
1359720 2130.6
1359730 2127.2
1359740 2127.2
1359750 2123.5
1359760 2120.1
1359770 2120.1
1359780 2117.2
1359790 2114.2
1359800 2114.2
1359810 2112.0
1359820 2109.9
1359830 2108.2
1359840 2108.2
1359850 2107.0
1359860 2105.5
1359870 2105.5
1359880 2103.6
1359890 2101.8
1359900 2101.8
1359910 2100.6
1359920 2099.2
1359930 2099.2
1359940 2097.1
1359950 2093.7
1359960 2093.7
1359970 2091.3
1359980 2089.4
1359990 2089.4
