1353430 2376.3
1353440 2377.8
1353450 2377.8
1353460 2380.3
1353470 2383.0
1353480 2383.0
1353490 2385.8
1353500 2387.6
1353510 2387.6
1353520 2389.9
1353530 2392.5
1353540 2392.5
1353550 2395.9
1353560 2400.3
1353570 2405.3
1353580 2405.3
1353590 2410.4
1353600 2414.5
1353610 2414.5
1353620 2419.6
1353630 2440.5
1353640 2440.5
1353650 2463.2
1353660 2479.7
1353670 2479.7
1353680 2497.1
1353690 2513.8
1353700 2513.8
1353710 2537.2
1353720 2553.7
1353730 2553.7
1353740 2574.5
1353750 2594.6
1353760 2605.2
1353770 2605.2
1353780 2603.3
1353790 2599.3
1353800 2599.3
1353810 2594.8
1353820 2592.7
1353830 2592.7
1353840 2591.1
1353850 2587.8
1353860 2587.8
1353870 2585.9
1353880 2585.3
1353890 2585.3
1353900 2584.6
1353910 2579.2
1353920 2579.2
1353930 2574.6
1353940 2572.6
1353950 2570.6
1353960 2570.6
1353970 2571.6
1353980 2576.5
1353990 2576.5
1354000 2580.1
1354010 2581.8
1354020 2581.8
1354030 2583.1
1354040 2583.4
1354050 2583.4
1354060 2583.1
1354070 2582.2
1354080 2582.2
1354090 2580.8
1354100 2579.4
1354110 2579.4
1354120 2577.7
1354130 2576.4
1354140 2575.8
1354150 2575.8
1354160 2574.4
1354170 2574.1
1354180 2574.1
1354190 2574.4
1354200 2574.0
1354210 2574.0
1354220 2572.4
1354230 2571.1
1354240 2571.1
1354250 2570.0
1354260 2568.4
1354270 2568.4
1354280 2569.4
1354290 2570.8
1354300 2570.8
1354310 2574.1
1354320 2576.6
1354330 2578.7
1354340 2578.7
1354350 2582.7
1354360 2586.2
1354370 2586.2
1354380 2589.3
1354390 2592.3
1354400 2592.3
1354410 2596.7
1354420 2601.5
1354430 2601.5
1354440 2607.8
1355080 2783.8
1355090 2787.9
1355100 2787.9
1355110 2796.6
1355120 2806.5
1355130 2806.5
1355140 2820.6
1355150 2828.8
1355160 2828.8
1355170 2836.6
1355180 2850.5
1355190 2850.5
1355200 2874.5
1355210 2896.5
1355220 2896.5
1355230 2903.9
1355240 2902.1
1355250 2902.1
1355260 2901.3
1355270 2895.0
1355280 2883.2
1355290 2883.2
1355300 2864.9
1355310 2857.4
1355320 2857.4
1355330 2851.8
1355340 2847.9
1355350 2847.9
1355360 2842.6
1355370 2833.2
1355380 2833.2
1355390 2827.4
1355400 2830.2
1355410 2830.2
1355420 2835.9
1355430 2837.1
1355440 2837.1
1355450 2829.0
1355460 2830.8
1355470 2836.0
1355480 2836.0
1355490 2839.2
1355500 2831.3
1355510 2831.3
1355520 2820.0
1355530 2816.3
1355540 2816.3
1355550 2806.7
1355560 2796.6
1355570 2796.6
1355580 2788.8
1355590 2780.8
1355600 2780.8
1355610 2774.7
1355620 2765.9
1355630 2765.9
1355640 2756.0
1355650 2748.8
1355660 2740.6
1355670 2740.6
1355680 2734.0
1355690 2733.9
1355700 2733.9
1355710 2729.6
1355720 2727.8
1355730 2727.8
1355740 2727.7
1355750 2722.9
1355760 2722.9
1355770 2715.7
1355780 2712.2
1355790 2712.2
1355800 2709.3
1355810 2701.5
1355820 2701.5
1355830 2698.5
1355840 2698.3
1355850 2702.2
1355860 2702.2
1355870 2701.4
1355880 2698.8
1355890 2698.8
1355900 2701.2
1355910 2697.2
1355920 2697.2
1355930 2686.5
1355940 2674.5
1355950 2674.5
1355960 2663.7
1355970 2645.3
1355980 2645.3
1355990 2625.8
1356000 2610.9
1356010 2610.9
1356020 2600.8
1356030 2591.5
1356040 2583.2
1356050 2583.2
1356060 2576.3
1356070 2572.2
1356080 2572.2
1356090 2604.8
1356100 2644.5
1356110 2644.5
1356120 2671.1
1356130 2687.5
1356140 2687.5
1356150 2706.7
1356160 2706.7
1356170 2706.7
1356180 2699.5
1356190 2691.7
1356200 2691.7
1356210 2687.4
1356220 2683.3
1356230 2673.6
1356240 2673.6
1356250 2664.3
1356260 2659.3
1356270 2659.3
1356280 2658.7
1356290 2649.4
1356300 2649.4
1356310 2650.0
1356320 2643.5
1356330 2643.5
1356340 2639.8
1356350 2639.0
1356360 2639.0
1356370 2642.9
1356380 2644.6
1356390 2644.6
1356400 2644.1
1356410 2634.1
1356420 2626.7
1356430 2626.7
1356440 2617.8
1356450 2609.2
1356460 2609.2
1356470 2607.5
1356480 2605.1
1356490 2605.1
1356500 2604.6
1356510 2609.2
1356520 2609.2
1356530 2622.5
1356540 2640.5
1356550 2640.5
1356560 2656.6
1356570 2665.3
1356580 2665.3
1356590 2672.4
1356600 2683.2
1356610 2694.0
1356620 2694.0
1356630 2696.6
1356640 2690.2
1356650 2690.2
1356660 2690.6
1356670 2695.0
1356680 2695.0
1356690 2689.7
1356700 2692.0
1356710 2692.0
1356720 2698.1
1356730 2702.1
1356740 2702.1
1356750 2705.1
1356760 2707.7
1356770 2707.7
1356780 2711.7
1356790 2715.9
1356800 2720.2
1356810 2720.2
1356820 2725.1
1356830 2728.9
1356840 2728.9
1356850 2731.2
1356860 2733.6
1356870 2733.6
1356880 2735.0
1356890 2735.7
1356900 2735.7
1356910 2734.8
1356920 2736.0
1356930 2736.0
1356940 2735.2
1356950 2731.9
1356960 2731.9
1356970 2734.4
1356980 2737.7
1356990 2743.0
1357000 2743.0
1357010 2746.7
1357020 2749.3
1357030 2749.3
1357040 2753.3
1357050 2757.8
1357060 2757.8
1357070 2762.0
1357080 2765.9
1357090 2765.9
1357100 2769.6
1357110 2771.3
1357120 2771.3
1357130 2768.5
1357140 2764.4
1357150 2764.4
1357160 2760.0
1357170 2755.5
1357180 2750.9
1357190 2750.9
1357200 2747.0
1357210 2743.4
1357220 2743.4
1357230 2740.8
1357240 2739.1
1357250 2739.1
1357260 2737.2
1357270 2734.8
1357280 2737.0
1357290 2735.1
1357300 2734.4
1357310 2734.4
1357320 2733.9
1357330 2732.4
1357340 2732.4
1357350 2730.5
1357360 2729.8
1357370 2729.9
1357380 2729.9
1357390 2728.6
1357400 2725.7
1357410 2725.7
1357420 2721.7
1357430 2717.3
1357440 2717.3
1357450 2709.3
1357460 2702.3
1357470 2702.3
1357480 2698.9
1357490 2697.3
1357500 2697.3
1357510 2693.9
1357520 2689.1
1357530 2689.1
1357540 2685.7
1357550 2680.9
1357560 2674.3
1357570 2674.3
1357580 2670.9
1357590 2669.2
1357600 2669.2
1357610 2669.3
1357620 2669.6
1357630 2669.6
1357640 2667.7
1357650 2664.6
1357660 2664.6
1357670 2660.2
1357680 2653.2
1357690 2653.2
1357700 2646.3
1357710 2640.1
1357720 2640.1
1357730 2636.6
1357740 2632.7
1357750 2629.9
1357760 2629.9
1357770 2628.7
1357780 2627.9
1357790 2627.9
1357800 2625.4
1357810 2623.2
1357820 2623.2
1357830 2622.7
1357840 2623.3
1357850 2623.3
1357860 2623.1
1357870 2622.9
1357880 2622.9
1357890 2621.7
1357900 2619.4
1357910 2619.4
1357920 2617.4
1357930 2615.7
1357940 2615.2
1357950 2615.2
1357960 2613.3
1357970 2608.4
1357980 2608.4
1357990 2602.9
1358000 2597.9
1358010 2597.9
1358020 2592.1
1358030 2585.8
1358040 2585.8
1358050 2581.0
1358060 2576.5
1358070 2576.5
1358080 2572.5
1358090 2571.1
1358100 2571.1
1358110 2566.6
1358120 2561.2
1358130 2553.1
1358140 2553.1
1358150 2549.2
1358160 2549.4
1358170 2549.4
1358180 2546.9
1358190 2551.3
1358200 2551.3
1358210 2548.0
1358220 2542.3
1358230 2542.3
1358240 2533.5
1358250 2523.8
1358260 2523.8
1358270 2509.9
1358280 2502.8
1358290 2502.8
1358300 2500.3
1358310 2500.3
1358320 2494.9
1358330 2494.9
1358340 2490.2
1358350 2487.8
1358360 2487.8
1358370 2484.5
1358380 2480.6
1358390 2480.6
1358400 2474.5
1358410 2468.1
1358420 2468.1
1358430 2463.8
1358440 2458.8
1358450 2458.8
1358460 2455.9
1358470 2456.0
1358480 2456.0
1358490 2456.2
1358500 2456.5
1358510 2456.4
1358520 2456.4
1358530 2456.5
1358540 2454.6
1358550 2454.6
1358560 2451.6
1358570 2449.1
1358580 2449.1
1358590 2447.3
1358600 2445.4
1358610 2445.4
1358620 2443.3
1358630 2440.0
1358640 2440.0
1358650 2436.6
1358660 2433.1
1358670 2433.1
1358680 2429.7
1358690 2426.4
1358700 2423.2
1358710 2423.2
1358720 2420.1
1358730 2417.3
1358740 2417.3
1358750 2415.1
1358760 2413.6
1358770 2413.6
1358780 2413.0
1358790 2412.4
1358800 2412.4
1358810 2411.9
1358820 2411.1
1358830 2411.1
1358840 2410.3
1358850 2408.8
1358860 2408.8
1358870 2408.9
1358880 2409.3
1358890 2409.2
1358900 2409.2
1358910 2409.0
1358920 2408.3
1358930 2408.3
1358940 2406.5
1358950 2403.9
1358960 2403.9
1358970 2401.9
1358980 2399.6
1358990 2399.6
1359000 2397.8
1359010 2394.5
1359020 2394.5
1359030 2391.5
1359040 2389.0
1359050 2389.0
1359060 2387.8
1359070 2385.8
1359080 2380.9
1359090 2380.9
1359100 2373.6
1359110 2369.7
1359120 2369.7
1359130 2367.6
1359140 2365.6
1359150 2365.6
1359160 2362.3
1359170 2359.5
1359180 2359.5
1359190 2358.0
1359200 2357.1
1359210 2357.1
1359220 2356.5
1359230 2358.9
1359240 2358.9
1359250 2365.2
1359260 2368.2
1359270 2367.5
1359280 2356.7
1359290 2352.5
1359300 2346.8
1359310 2346.8
1359320 2341.2
1359330 2340.3
1359340 2340.3
1359350 2337.6
1359360 2331.2
1359370 2331.2
1359380 2325.6
1359390 2321.3
1359400 2321.3
1359410 2316.8
1359420 2312.8
1359430 2312.8
1359440 2309.3
1359450 2305.7
1359460 2302.2
1359470 2302.2
1359480 2298.5
1359490 2292.6
1359500 2292.6
1359510 2288.3
1359520 2284.7
1359530 2284.7
1359540 2279.4
1359550 2274.0
1359560 2274.0
1359570 2269.6
1359580 2266.0
1359590 2266.0
1359600 2262.4
1359610 2258.3
1359620 2258.3
1359630 2253.7
1359640 2249.0
1359650 2244.8
1359660 2244.8
1359670 2241.4
1359680 2237.6
1359690 2237.6
1359700 2231.8
1359710 2225.1
1359720 2225.1
1359730 2219.6
1359740 2217.2
1359750 2217.2
1359760 2213.4
1359770 2210.6
1359780 2210.6
1359790 2207.6
1359800 2204.1
1359810 2204.1
1359820 2200.8
1359830 2196.9
1359840 2192.5
1359850 2192.5
1359860 2189.9
1359870 2187.4
1359880 2187.4
1359890 2185.7
1359900 2184.4
1359910 2184.4
1359920 2182.6
1359930 2180.9
1359940 2180.9
1359950 2179.3
1359960 2176.2
1359970 2176.2
1359980 2172.1
1359990 2168.2
