1353610 2388.8
1353620 2402.9
1353630 2417.7
1353640 2417.7
1353650 2433.5
1353660 2446.8
1353670 2446.8
1353680 2460.9
1353690 2476.0
1353700 2476.0
1353710 2494.3
1353720 2499.1
1353730 2499.1
1353740 2497.3
1353750 2497.9
1353760 2497.9
1353770 2498.3
1353780 2490.6
1353790 2490.6
1353800 2482.5
1353810 2476.3
1353820 2478.7
1353830 2478.7
1353840 2485.1
1353850 2491.4
1353860 2491.4
1353870 2498.2
1353880 2507.0
1353890 2507.0
1353900 2518.5
1353910 2532.5
1353920 2532.5
1353930 2538.5
1353940 2544.1
1353950 2544.1
1353960 2548.0
1353970 2550.0
1353980 2550.0
1353990 2550.8
1354000 2551.4
1354010 2551.3
1354020 2551.3
1354030 2549.8
1354040 2548.5
1354050 2548.5
1354060 2547.4
1354070 2548.1
1354080 2548.1
1354090 2549.3
1354100 2550.5
1354110 2550.5
1354120 2551.9
1354130 2553.5
1354140 2553.5
1354150 2554.9
1354160 2556.0
1354170 2556.0
1354180 2556.7
1354190 2557.2
1354200 2557.5
1354210 2557.5
1354220 2558.6
1354230 2559.0
1354240 2559.0
1354250 2558.8
1354260 2561.0
1354270 2561.0
1354280 2563.4
1355240 2833.9
1355250 2833.9
1355260 2825.3
1355270 2820.2
1355280 2820.2
1355290 2816.9
1355300 2812.2
1355310 2812.2
1355320 2806.0
1355330 2803.2
1355340 2805.0
1355350 2805.0
1355360 2799.0
1355370 2785.5
1355380 2785.5
1355390 2775.4
1355400 2775.4
1355410 2775.4
1355420 2771.8
1355430 2767.4
1355440 2767.4
1355450 2769.1
1355460 2765.7
1355470 2765.7
1355480 2765.7
1355490 2774.6
1355500 2774.6
1355510 2774.1
1355520 2763.5
1355530 2753.5
1355540 2753.5
1355550 2744.6
1355560 2737.0
1355570 2737.0
1355580 2731.6
1355590 2727.7
1355600 2727.7
1355610 2722.6
1355620 2715.9
1355630 2715.9
1355640 2707.7
1355650 2700.0
1355660 2700.0
1355670 2695.2
1355680 2690.4
1355690 2690.4
1355700 2685.1
1355710 2679.4
1355720 2672.1
1355730 2672.1
1355740 2668.5
1355750 2664.3
1355760 2664.3
1355770 2658.5
1355780 2648.8
1355790 2648.8
1355800 2640.2
1355810 2634.9
1355820 2634.9
1355830 2629.1
1355840 2625.2
1355850 2625.2
1355860 2622.8
1355930 2620.0
1355940 2618.0
1355950 2618.0
1355960 2615.2
1355970 2612.3
1355980 2612.3
1355990 2601.6
1356000 2591.0
1356010 2591.0
1356020 2577.6
1356030 2565.5
1356040 2565.5
1356050 2553.9
1356060 2539.4
1356070 2539.4
1356080 2528.7
1356090 2521.3
1356100 2515.1
1356110 2515.1
1356120 2515.6
1356130 2553.3
1356140 2553.3
1356150 2585.8
1356160 2609.8
1356170 2609.8
1356180 2611.8
1356190 2612.0
1356200 2612.0
1356210 2610.9
1356220 2606.7
1356230 2606.7
1356240 2605.1
1356250 2602.4
1356260 2602.4
1356270 2595.7
1356280 2599.8
1356290 2596.9
1356300 2596.9
1356310 2593.9
1356320 2594.2
1356330 2594.2
1356340 2591.9
1356350 2585.0
1356360 2585.0
1356370 2582.0
1356380 2582.8
1356390 2582.8
1356400 2587.0
1356410 2595.0
1356420 2595.0
1356430 2599.1
1356440 2591.0
1356450 2591.0
1356460 2576.9
1356470 2564.8
1356480 2555.4
1356490 2555.4
1356500 2555.9
1356510 2566.4
1356520 2566.4
1356530 2577.5
1356540 2598.3
1356550 2598.3
1356560 2632.0
1356570 2652.1
1356580 2652.1
1356590 2643.4
1356600 2624.6
1356610 2624.6
1356620 2610.7
1356630 2607.8
1356640 2607.8
1356650 2628.2
1356660 2658.7
1356670 2653.9
1356680 2653.9
1356690 2647.6
1356700 2643.3
1356710 2643.3
1356720 2650.5
1356730 2657.4
1356740 2657.4
1356750 2661.9
1356760 2664.5
1356770 2664.5
1356780 2657.9
1356790 2645.2
1356800 2645.2
1356810 2639.7
1356820 2646.7
1356830 2646.7
1356840 2645.6
1356850 2641.9
1356860 2648.8
1356870 2648.8
1356880 2659.8
1356890 2670.5
1356900 2670.5
1356910 2681.2
1356920 2689.3
1356930 2689.3
1356940 2696.2
1356950 2702.5
1356960 2702.5
1356970 2709.7
1356980 2717.8
1356990 2717.8
1357000 2727.2
1357010 2739.0
1357020 2739.0
1357030 2748.0
1357040 2757.4
1357050 2767.9
1357060 2767.9
1357070 2780.9
1357080 2796.1
1357090 2796.1
1357100 2807.9
1357110 2805.3
1357120 2805.3
1357130 2795.4
1357140 2786.5
1357150 2786.5
1357160 2779.1
1357170 2772.8
1357180 2772.8
1357190 2766.8
1357200 2761.2
1357210 2761.2
1357220 2755.9
1357230 2751.0
1357240 2747.1
1357250 2747.1
1357260 2746.1
1357270 2745.8
1357280 2745.8
1357290 2745.0
1357300 2744.3
1357310 2744.3
1357320 2742.2
1357330 2739.0
1357340 2739.0
1357350 2735.0
1357360 2732.2
1357370 2732.2
1357380 2728.5
1357390 2720.1
1357400 2720.1
1357410 2710.2
1357420 2702.5
1357430 2696.2
1357440 2696.2
1357450 2688.3
1357460 2683.9
1357470 2683.9
1357480 2680.7
1357490 2679.7
1357500 2679.7
1357510 2677.8
1357520 2674.4
1357530 2674.4
1357540 2670.2
1357550 2665.8
1357560 2665.8
1357570 2662.1
1357580 2657.5
1357590 2657.5
1357600 2653.3
1357610 2649.1
1357620 2644.9
1357630 2644.9
1357640 2640.6
1357650 2637.0
1357660 2637.0
1357670 2634.4
1357680 2634.3
1357690 2634.3
1357700 2634.6
1357710 2631.8
1357720 2631.8
1357730 2628.8
1357740 2626.9
1357750 2626.9
1357760 2624.6
1357770 2623.6
1357780 2623.6
1357790 2623.0
1357800 2618.9
1357810 2614.6
1357820 2614.6
1357830 2611.3
1357840 2604.7
1357850 2604.7
1357860 2597.0
1357870 2590.2
1357880 2590.2
1357890 2584.4
1357900 2580.6
1357910 2580.6
1357920 2578.7
1357930 2577.5
1357940 2577.5
1357950 2576.6
1357960 2574.6
1357970 2574.6
1357980 2570.7
1357990 2566.3
1358000 2562.0
1358010 2562.0
1358020 2557.5
1358030 2553.6
1358040 2553.6
1358050 2550.1
1358060 2544.3
1358070 2544.3
1358080 2536.0
1358090 2528.3
1358100 2528.3
1358110 2521.8
1358120 2516.4
1358130 2516.4
1358140 2511.4
1358150 2506.8
1358160 2506.8
1358170 2502.3
1358180 2498.4
1358190 2494.8
1358200 2494.8
1358210 2492.0
1358220 2487.6
1358230 2487.6
1358240 2482.9
1358250 2477.8
1358260 2477.8
1358270 2472.6
1358280 2467.7
1358290 2467.7
1358300 2465.2
1358310 2463.0
1358320 2463.0
1358330 2460.7
1358340 2458.3
1358350 2458.3
1358360 2455.8
1358370 2453.1
1358380 2450.4
1358390 2450.4
1358400 2448.2
1358410 2445.4
1358420 2445.4
1358430 2442.0
1358440 2438.8
1358450 2434.7
1358460 2432.0
1358470 2429.3
1358480 2429.3
1358490 2426.4
1358500 2423.9
1358510 2423.9
1358520 2422.5
1358530 2422.4
1358540 2422.4
1358550 2422.7
1358560 2422.2
1358570 2422.1
1358580 2422.1
1358590 2422.3
1358600 2420.7
1358610 2420.7
1358620 2417.7
1358630 2415.4
1358640 2415.4
1358650 2413.2
1358660 2410.8
1358670 2410.8
1358680 2408.3
1358690 2406.3
1358700 2406.3
1358710 2404.1
1358720 2401.4
1358730 2401.4
1358740 2398.3
1358750 2396.2
1358760 2394.7
1358770 2394.7
1358780 2392.9
1358790 2390.9
1358800 2390.9
1358810 2388.9
1358820 2387.5
1358830 2387.5
1358840 2385.9
1358850 2384.5
1358860 2384.5
1358870 2383.5
1358880 2381.9
1358890 2381.9
1358900 2378.4
1358910 2376.9
1358920 2376.9
1358930 2375.7
1358940 2374.0
1358950 2371.9
1358960 2371.9
1358970 2368.9
1358980 2366.2
1358990 2366.2
1359000 2364.1
1359010 2362.1
1359020 2362.1
1359030 2359.6
1359040 2356.1
1359050 2356.1
1359060 2353.1
1359070 2350.2
1359080 2350.2
1359090 2347.2
1359100 2343.7
1359110 2343.7
1359120 2339.8
1359130 2336.5
1359140 2332.8
1359150 2332.8
1359160 2328.2
1359170 2323.5
1359180 2323.5
1359190 2319.5
1359200 2316.6
1359210 2316.6
1359220 2314.6
1359230 2312.9
1359240 2312.9
1359250 2310.3
1359260 2307.1
1359270 2307.1
1359280 2304.4
1359290 2302.2
1359300 2302.2
1359310 2300.8
1359320 2299.5
1359330 2298.0
1359340 2298.0
1359350 2295.6
1359360 2292.3
1359370 2292.3
1359380 2288.7
1359390 2284.9
1359400 2284.9
1359410 2281.0
1359420 2277.3
1359430 2277.3
1359440 2274.4
1359450 2271.4
1359460 2266.8
1359470 2263.5
1359480 2260.4
1359490 2260.4
1359500 2257.5
1359510 2254.1
1359520 2250.9
1359530 2250.9
1359540 2247.8
1359550 2244.1
1359560 2244.1
1359570 2239.4
1359580 2234.1
1359590 2234.1
1359600 2229.0
1359610 2224.3
1359620 2224.3
1359630 2219.4
1359640 2214.2
1359650 2214.2
1359660 2208.3
1359670 2202.2
1359680 2202.2
1359690 2197.7
1359700 2192.3
1359710 2186.6
1359720 2186.6
1359730 2182.6
1359740 2179.3
1359750 2179.3
1359760 2175.6
1359770 2171.0
1359780 2171.0
1359790 2167.0
1359800 2164.4
1359810 2164.4
1359820 2161.4
1359830 2158.3
1359840 2158.3
1359850 2155.2
1359860 2151.8
1359870 2151.8
1359880 2147.7
1359890 2143.6
1359900 2141.9
1359910 2141.9
1359920 2140.9
1359930 2139.3
1359940 2139.3
1359950 2137.6
1359960 2135.9
1359970 2135.9
1359980 2133.5
1359990 2130.7
