1351210 3012.6
1351220 3014.1
1351230 3014.1
1351240 3014.9
1351250 3018.6
1351260 3018.6
1351270 3020.7
1351280 3020.7
1351290 3020.7
1351300 3020.7
1351310 3020.0
1351320 3019.5
1351330 3019.5
1351340 3018.4
1351350 3020.6
1351360 3020.6
1351370 3018.0
1351380 3017.9
1351390 3017.9
1351400 3017.7
1351410 3017.4
1351420 3017.4
1351430 3022.1
1351440 3024.7
1351450 3024.7
1351460 3027.8
1351470 3032.5
1351480 3039.7
1351490 3039.7
1351500 3045.0
1351510 3055.8
1351520 3055.8
1351530 3064.4
1351540 3072.0
1351550 3072.0
1351560 3079.4
1351570 3089.0
1351580 3089.0
1351590 3100.1
1351600 3108.9
1351610 3108.9
1351620 3117.8
1351630 3125.0
1351640 3126.6
1351650 3134.0
1351660 3141.8
1351670 3149.9
1351680 3149.9
1351690 3159.1
1351700 3168.2
1351710 3168.2
1351720 3178.5
1351730 3189.8
1351740 3189.8
1351750 3201.5
1351760 3211.4
1351770 3211.4
1351780 3219.8
1351790 3227.5
1351800 3227.5
1351810 3236.5
1351820 3245.4
1351830 3245.4
1351840 3253.9
1351850 3262.6
1351860 3270.8
1351870 3270.8
1351880 3278.3
1351890 3284.9
1351900 3284.9
1351910 3291.3
1351920 3297.7
1351930 3297.7
1351940 3304.0
1351950 3308.4
1351960 3308.4
1351970 3311.2
1351980 3313.1
1351990 3313.1
1352000 3314.6
1352010 3316.2
1352020 3316.2
1352030 3319.4
1352040 3323.2
1352050 3323.7
1352060 3323.7
1352070 3315.0
1352080 3306.8
1352090 3306.8
1352100 3299.5
1352110 3291.9
1352120 3291.9
1352130 3285.5
1352140 3277.3
1352150 3277.3
1352160 3272.2
1352170 3266.3
1352180 3266.3
1352190 3258.0
1352200 3249.4
1352210 3249.4
1352220 3240.1
1352230 3228.4
1352240 3216.5
1352250 3216.5
1352260 3205.1
1352270 3195.2
1352280 3195.2
1352290 3184.3
1352300 3176.2
1352310 3176.2
1352320 3171.5
1352330 3169.2
1352340 3169.2
1352350 3167.9
1352360 3166.7
1352370 3166.7
1352380 3167.6
1352390 3170.4
1352400 3170.4
1352410 3168.1
1352420 3166.3
1352430 3166.3
1352440 3166.0
1352450 3168.5
1352460 3183.3
1352470 3183.3
1352480 3196.8
1352490 3200.6
1352500 3200.6
1352510 3192.0
1352520 3184.1
1352530 3184.1
1352540 3177.3
1352550 3168.8
1352560 3168.8
1352570 3158.0
1352580 3146.9
1352590 3146.9
1352600 3122.1
1352610 3105.0
1352620 3105.0
1352630 3092.3
1352640 3081.2
1352650 3074.2
1352660 3074.2
1352670 3067.8
1352680 3060.8
1352690 3060.8
1352700 3055.7
1352710 3054.2
1352720 3054.2
1352730 3056.7
1352740 3068.6
1352750 3068.6
1352760 3084.1
1352770 3087.9
1352780 3087.9
1352790 3084.1
1352800 3082.9
1352810 3082.9
1352820 3078.7
1352830 3070.7
1352840 3061.6
1352850 3061.6
1352860 3053.5
1352870 3051.7
1352880 3051.7
1352890 3059.4
1352900 3070.2
1352910 3070.2
1352920 3067.7
1352930 3059.6
1352940 3059.6
1352950 3067.2
1352960 3074.4
1352970 3074.4
1352980 3070.3
1352990 3069.3
1353000 3069.3
1353010 3071.5
1353020 3065.7
1353030 3054.1
1353040 3054.1
1353050 3050.1
1353060 3055.3
1353070 3055.3
1353080 3055.8
1353090 3053.2
1353100 3053.2
1353110 3051.3
1353120 3047.5
1353130 3047.5
1353140 3041.6
1353150 3041.9
1353160 3041.9
1353170 3042.3
1353180 3034.7
1353190 3034.7
1353200 3027.1
1353210 3022.2
1353220 3017.6
1353230 3017.6
1353240 3012.0
1353250 3004.4
1353260 3004.4
1353270 2995.4
1353280 2988.4
1353290 2988.4
1353300 2987.4
1353310 2980.0
1353320 2980.0
1353330 2969.6
1353340 2959.5
1353350 2959.5
1353360 2949.3
1353370 2938.7
1353380 2938.7
1353390 2926.0
1353400 2913.6
1353410 2902.9
1353420 2902.9
1353430 2885.5
1353440 2861.3
1353450 2861.3
1353460 2850.1
1353470 2844.0
1353480 2844.0
1353490 2837.5
1353500 2830.5
1353510 2830.5
1353520 2823.4
1353530 2816.5
1353540 2816.5
1353550 2809.6
1353560 2801.9
1353570 2801.9
1353580 2795.5
1353590 2789.0
1353600 2781.8
1353610 2781.8
1353620 2773.3
1353630 2765.1
1353640 2765.1
1353650 2758.2
1353660 2752.3
1353670 2752.3
1353680 2747.0
1353690 2742.4
1353700 2742.4
1353710 2737.3
1353720 2732.2
1353730 2732.2
1353740 2728.5
1353750 2727.4
1353760 2727.4
1353770 2727.2
1353780 2724.8
1353790 2720.4
1353800 2720.4
1353810 2714.0
1353820 2710.7
1353830 2710.7
1353840 2708.7
1353850 2706.6
1353860 2706.6
1353870 2703.6
1353880 2700.8
1353890 2700.8
1353900 2697.4
1353910 2692.4
1353920 2692.4
1353930 2687.7
1353940 2681.4
1353950 2681.4
1353960 2675.1
1353970 2670.6
1353980 2668.2
1353990 2668.2
1354000 2662.3
1354010 2654.5
1354020 2654.5
1354030 2646.7
1354040 2639.8
1354050 2639.8
1354060 2634.3
1354070 2629.4
1354080 2629.4
1354090 2624.6
1354100 2621.8
1354110 2621.8
1354120 2622.4
1354130 2621.6
1354140 2621.6
1354150 2620.4
1354160 2618.5
1354170 2612.2
1354180 2612.2
1354190 2601.8
1354200 2594.5
1354210 2594.5
1354220 2587.2
1354230 2581.7
1354240 2581.7
1354250 2576.9
1354260 2572.0
1354270 2572.0
1354280 2569.2
1354290 2569.7
1354300 2569.7
1354310 2569.1
1354320 2568.4
1354330 2568.4
1354340 2570.5
1354350 2574.5
1354360 2578.9
1354370 2578.9
1354380 2582.9
1354390 2587.1
1354400 2587.1
1354410 2590.9
1354420 2594.2
1354430 2594.2
1354440 2597.3
1354450 2600.0
1354460 2600.0
1354470 2603.0
1354480 2606.8
1354490 2606.8
1354500 2609.5
1354510 2610.6
1354520 2610.6
1354530 2619.5
1354540 2625.4
1354550 2631.3
1354560 2631.3
1354570 2636.9
1354580 2642.7
1354590 2642.7
1354600 2646.7
1354610 2648.8
1354620 2648.8
1354630 2652.2
1354640 2655.8
1354650 2655.8
1354660 2658.9
1354670 2660.6
1354680 2660.6
1354690 2661.9
1354700 2664.8
1354710 2664.8
1354720 2670.1
1354730 2675.3
1354740 2681.0
1354750 2681.0
1354760 2688.3
1354770 2696.6
1354780 2696.6
1354790 2705.8
1354800 2706.4
1354810 2706.4
1354820 2697.8
1354830 2688.0
1354840 2688.0
1354850 2676.7
1354860 2667.7
1354870 2667.7
1354880 2661.0
1354890 2655.0
1354900 2655.0
1354910 2650.4
1354920 2648.2
1354930 2646.0
1354940 2646.0
1354950 2644.0
1354960 2643.0
1354970 2643.0
1354980 2640.9
1354990 2640.4
1355000 2640.4
1355010 2642.2
1355020 2645.9
1355030 2645.9
1355040 2648.4
1355050 2648.4
1355060 2648.4
1355070 2649.2
1355080 2649.5
1355090 2649.5
1355100 2649.3
1355110 2649.1
1355120 2649.1
1355130 2648.6
1355140 2647.8
1355150 2646.3
1355160 2646.3
1355170 2643.2
1355180 2638.0
1355190 2638.0
1355200 2633.5
1355210 2629.3
1355220 2629.3
1355230 2624.9
1355240 2621.4
1355250 2621.4
1355260 2620.5
1355270 2619.1
1355280 2619.1
1355290 2615.9
1355300 2614.1
1355310 2614.1
1355320 2613.0
1355330 2611.1
1355340 2610.1
1355350 2610.1
1355360 2610.8
1355370 2612.1
1355380 2612.1
1355390 2615.3
1355400 2616.9
1355410 2616.9
1355420 2613.4
1355430 2608.3
1355440 2608.3
1355450 2604.0
1355460 2600.9
1355470 2600.9
1355480 2598.6
1355490 2596.8
1355500 2596.8
1355510 2599.2
1355520 2597.3
1355530 2594.9
1355540 2594.9
1355550 2592.6
1355560 2589.2
1355570 2589.2
1355580 2586.0
1355590 2583.8
1355600 2583.8
1355610 2581.2
1355620 2578.3
1355630 2578.3
1355640 2576.1
1355650 2573.0
1355660 2573.0
1355670 2570.4
1355680 2567.0
1355690 2567.0
1355700 2564.7
1355710 2563.7
1355720 2563.8
1355730 2563.8
1355740 2564.6
1355750 2564.6
1355760 2564.6
1355770 2562.7
1355780 2561.6
1355790 2561.6
1355800 2561.6
1355810 2561.6
1355820 2561.6
1355830 2561.3
1355840 2561.5
1355850 2561.5
1355860 2561.9
1355870 2561.8
1355880 2561.8
1355890 2561.1
1355900 2558.1
1355910 2554.3
1355920 2554.3
1355930 2551.1
1355940 2547.5
1355950 2547.5
1355960 2545.0
1355970 2544.2
1355980 2544.2
1355990 2544.6
1356000 2545.3
1356010 2545.3
1356020 2545.5
1356030 2544.9
1356040 2544.9
1356050 2544.3
1356060 2542.8
1356070 2542.8
1356080 2540.9
1356090 2540.5
1356100 2540.6
1356110 2540.6
1356120 2541.5
1356130 2543.5
1356140 2543.5
1356150 2546.4
1356160 2549.6
1356170 2549.6
1356180 2552.2
1356190 2552.4
1356200 2552.4
1356210 2552.3
1356220 2552.4
1356230 2552.4
1356240 2553.3
1356250 2554.6
1356260 2554.6
1356270 2556.1
1356280 2557.2
1356290 2558.0
1356300 2558.0
1356310 2558.6
1356320 2559.4
1356330 2559.4
1356340 2560.4
1356350 2561.0
1356360 2561.0
1356370 2560.5
1356380 2558.9
1356390 2558.9
1356400 2558.9
1356410 2560.9
1356420 2560.9
1356430 2562.3
1356440 2563.5
1356450 2563.5
1356460 2564.9
1356470 2566.8
1356480 2568.9
1356490 2572.7
1356500 2573.5
1356510 2574.2
1356520 2574.2
1356530 2576.2
1356540 2578.2
1356550 2578.2
1356560 2577.4
1356570 2574.8
1356580 2574.8
1356590 2572.3
1356600 2570.6
1356610 2570.6
1356620 2569.8
1356630 2569.4
1356640 2569.4
1356650 2569.1
1356660 2569.2
1356670 2569.9
1356680 2569.9
1356690 2570.0
1356700 2569.7
1356710 2569.7
1356720 2569.4
1356730 2570.0
1356740 2570.0
1356750 2571.3
1356760 2571.2
1356770 2571.2
1356780 2571.4
1356790 2571.8
1356800 2571.8
1356810 2572.7
1356820 2574.3
1356830 2574.3
1356840 2576.3
1356850 2578.4
1356860 2580.3
1356870 2580.3
1356880 2582.5
1356890 2583.7
1356900 2583.7
1356910 2584.5
1356920 2585.7
1356930 2585.7
1356940 2585.5
1356950 2583.2
1356960 2583.2
1356970 2580.8
1356980 2577.3
1356990 2577.3
1357000 2573.5
1357010 2569.5
1357020 2569.5
1357030 2567.2
1357040 2563.6
1357050 2563.9
1357060 2563.9
1357070 2562.9
1357080 2562.9
1357090 2562.9
1357100 2563.1
1357110 2563.2
1357120 2563.2
1357130 2563.3
1357140 2562.7
1357150 2562.7
1357160 2560.3
1357170 2557.8
1357180 2557.8
1357190 2558.6
1357200 2559.5
1357210 2559.5
1357220 2559.8
1357230 2559.0
1357240 2557.4
1357250 2557.4
1357260 2555.8
1357270 2556.2
1357280 2556.2
1357290 2558.8
1357300 2572.2
1357310 2572.2
1357320 2581.9
1357330 2585.8
1357340 2585.8
1357350 2586.5
1357360 2584.5
1357370 2584.5
1357380 2581.2
1357390 2576.5
1357400 2576.5
1357410 2572.1
1357420 2567.6
1357430 2564.0
1357440 2564.0
1357450 2560.3
1357460 2556.6
1357470 2556.6
1357480 2557.1
1357490 2554.3
1357500 2554.3
1357510 2550.9
1357520 2548.7
1357530 2548.7
1357540 2546.9
1357550 2544.1
1357560 2544.1
1357570 2540.7
1357580 2538.0
1357590 2538.0
1357600 2535.2
1357610 2532.5
1357620 2530.8
1357630 2530.8
1357640 2529.4
1357650 2527.0
1357660 2527.0
1357670 2525.3
1357680 2525.7
1357690 2525.7
1357700 2524.1
1357710 2521.0
1357720 2521.0
1357730 2516.7
1357740 2512.5
1357750 2512.5
1357760 2512.3
1357770 2512.0
1357780 2512.0
1357790 2511.7
1357800 2512.0
1357810 2512.0
1357820 2510.6
1357830 2508.3
1357840 2508.5
1357850 2508.5
1357860 2510.0
1357870 2512.9
1357880 2512.9
1357890 2515.0
1357900 2516.6
1357910 2516.6
1357920 2519.9
1357930 2522.9
1357940 2522.9
1357950 2525.2
1357960 2526.5
1357970 2526.5
1357980 2527.3
1357990 2528.4
1358000 2528.4
1358010 2530.8
1358020 2531.8
1358030 2531.0
1358040 2531.0
1358050 2530.3
1358060 2530.7
1358070 2530.7
1358080 2531.8
1358090 2530.8
1358100 2530.8
1358110 2530.6
1358120 2530.2
1358130 2530.2
1358140 2531.2
1358150 2531.2
1358160 2531.2
1358170 2530.8
1358180 2531.5
1358190 2531.5
1358200 2532.8
1358210 2534.5
1358220 2532.6
1358230 2532.6
1358240 2532.6
1358250 2534.0
1358260 2534.0
1358270 2534.6
1358280 2534.4
1358290 2534.4
1358300 2534.6
1358310 2532.6
1358320 2532.6
1358330 2528.6
1358340 2525.1
1358350 2525.1
1358360 2523.0
1358370 2522.4
1358380 2522.4
1358390 2521.4
1358400 2519.6
1358410 2517.8
1358420 2517.8
1358430 2519.6
1358440 2518.9
1358450 2518.9
1358460 2517.7
1358470 2519.9
1358480 2523.5
1358490 2523.6
1358500 2523.6
1358510 2523.6
1358520 2518.7
1358530 2517.3
1358540 2517.3
1358550 2520.4
1358560 2519.0
1358570 2519.0
1358580 2516.6
1358590 2516.9
1358600 2514.3
1358610 2514.3
1358620 2510.2
1358630 2503.5
1358640 2503.5
1358650 2496.9
1358660 2493.2
1358670 2493.2
1358680 2492.9
1358690 2493.7
1358700 2493.7
1358710 2493.5
1358720 2494.1
1358730 2494.1
1358740 2494.2
1358750 2493.8
1358760 2493.8
1358770 2495.8
1358780 2498.0
1358790 2498.1
1358800 2498.1
1358810 2497.7
1358820 2499.0
1358830 2499.0
1358840 2501.7
1358850 2507.6
1358860 2507.6
1358870 2512.8
1358880 2517.9
1358890 2517.9
1358900 2523.4
1358910 2529.6
1358920 2529.6
1358930 2536.1
1358940 2541.6
1358950 2541.6
1358960 2550.7
1358970 2567.8
1358980 2573.9
1358990 2573.9
1359000 2555.9
1359010 2544.6
1359020 2544.6
1359030 2537.4
1359040 2530.1
1359050 2530.1
1359060 2522.9
1359070 2515.5
1359080 2515.5
1359090 2508.3
1359100 2501.5
1359110 2501.5
1359120 2494.6
1359130 2488.3
1359140 2488.3
1359150 2482.8
1359160 2477.9
1359170 2474.4
1359180 2474.4
1359190 2474.0
1359200 2474.5
1359210 2474.5
1359220 2472.9
1359230 2469.7
1359240 2469.7
1359250 2465.7
1359260 2461.7
1359270 2461.7
1359280 2458.9
1359290 2456.3
1359300 2456.3
1359310 2453.3
1359320 2449.4
1359330 2449.4
1359340 2444.8
1359350 2439.7
1359360 2434.9
1359370 2434.9
1359380 2430.2
1359390 2426.8
1359400 2426.8
1359410 2424.2
1359420 2418.7
1359430 2418.7
1359440 2411.7
1359450 2406.0
1359460 2406.0
1359470 2402.6
1359480 2400.1
1359490 2402.8
1359500 2397.0
1359510 2390.6
1359520 2390.6
1359530 2384.5
1359540 2378.5
1359550 2370.4
1359560 2370.4
1359570 2359.7
1359580 2348.1
1359590 2348.1
1359600 2334.4
1359610 2323.9
1359620 2323.9
1359630 2315.7
1359640 2306.3
1359650 2306.3
1359660 2296.8
1359670 2290.9
1359680 2290.9
1359690 2287.5
1359700 2282.5
1359710 2282.5
1359720 2279.9
1359730 2281.2
1359740 2283.9
1359750 2283.9
1359760 2284.7
1359770 2287.5
1359780 2287.5
1359790 2290.0
1359800 2291.8
1359810 2291.8
1359820 2294.1
1359830 2293.6
1359840 2293.6
1359850 2292.5
1359860 2291.0
1359870 2291.0
1359880 2289.5
1359890 2288.2
1359900 2288.2
1359910 2286.6
1359920 2285.1
1359930 2283.4
1359940 2283.4
1359950 2281.6
1359960 2279.3
1359970 2279.3
1359980 2274.7
1359990 2269.2
