1351260 2970.9
1351270 2970.9
1351280 2972.1
1351290 2973.4
1351300 2973.4
1351310 2974.6
1351320 2975.8
1351330 2975.8
1351340 2977.1
1351350 2978.5
1351360 2978.5
1351370 2980.2
1351380 2982.7
1351390 2985.5
1351400 2985.5
1351410 2988.0
1351420 2989.6
1351430 2989.6
1351440 2990.3
1351450 2991.1
1351460 2991.1
1351470 2993.2
1351480 2997.1
1351490 2997.1
1351500 3003.7
1351510 3011.6
1351520 3011.6
1351530 3024.3
1351540 3035.3
1351550 3035.3
1351560 3043.6
1351570 3049.9
1351580 3056.4
1351590 3056.4
1351600 3063.3
1351610 3072.9
1351620 3072.9
1351630 3086.0
1351640 3102.6
1351650 3102.6
1351660 3119.4
1351670 3132.7
1351680 3132.7
1351690 3141.0
1351700 3146.1
1351710 3146.1
1351720 3150.3
1351730 3158.7
1351740 3158.7
1351750 3170.7
1351760 3185.2
1351770 3192.8
1351780 3192.8
1351790 3198.2
1351800 3204.6
1351810 3204.6
1351820 3210.8
1351830 3217.1
1351840 3217.1
1351850 3218.8
1351860 3218.3
1351870 3218.3
1351880 3218.6
1351890 3220.1
1351900 3220.1
1351910 3223.1
1351920 3225.1
1351930 3225.1
1351940 3226.5
1351950 3223.5
1351960 3221.6
1351970 3221.6
1351980 3219.6
1351990 3215.0
1352000 3215.0
1352010 3209.6
1352020 3204.3
1352030 3204.3
1352040 3197.2
1352050 3192.1
1352060 3192.1
1352070 3186.2
1352080 3181.3
1352090 3181.3
1352100 3177.5
1352110 3176.5
1352120 3176.5
1352130 3176.3
1352140 3176.2
1352150 3176.7
1352160 3176.7
1352170 3174.6
1352180 3173.4
1352190 3173.4
1352200 3175.8
1352210 3192.2
1352220 3192.2
1352230 3196.5
1352240 3202.1
1352250 3202.1
1352260 3208.0
1352270 3214.6
1352280 3214.6
1352290 3224.1
1352300 3229.7
1352310 3229.7
1352320 3233.0
1352330 3234.9
1352340 3238.8
1352350 3238.8
1352360 3243.4
1352370 3241.0
1352380 3241.0
1352390 3234.0
1352400 3228.0
1352410 3228.0
1352420 3226.5
1352430 3231.2
1352440 3231.2
1352450 3230.6
1352460 3225.3
1352470 3225.3
1352480 3221.8
1352490 3217.4
1352500 3217.4
1352510 3208.3
1352520 3198.9
1352530 3191.2
1352540 3191.2
1352550 3184.9
1352560 3179.3
1352570 3179.3
1352580 3175.0
1352590 3172.0
1352600 3172.0
1352610 3169.5
1352620 3167.4
1352630 3167.4
1352640 3165.5
1352650 3163.8
1352660 3163.8
1352670 3161.9
1352680 3159.7
1352690 3159.7
1352700 3158.1
1352710 3159.3
1352720 3162.3
1352730 3162.3
1352740 3165.4
1352750 3170.6
1352760 3170.6
1352770 3179.7
1352780 3181.7
1352790 3181.7
1352800 3166.7
1352810 3152.2
1352820 3152.2
1352830 3139.5
1352840 3126.3
1352850 3126.3
1352860 3114.8
1352870 3104.9
1352880 3104.9
1352890 3092.9
1352900 3083.3
1352910 3076.4
1352920 3076.4
1352930 3070.3
1352940 3065.0
1352950 3065.0
1352960 3058.6
1352970 3049.6
1352980 3049.6
1352990 3038.8
1353000 3026.0
1353010 3026.0
1353020 3019.2
1353030 3012.9
1353040 3012.9
1353050 3005.7
1353060 2998.9
1353070 2998.9
1353080 2992.2
1353090 2986.1
1353100 2980.0
1353110 2980.0
1353120 2974.2
1353130 2968.4
1353140 2968.4
1353150 2962.8
1353160 2957.9
1353170 2961.4
1353180 2956.1
1353190 2951.1
1353200 2951.1
1353210 2946.9
1353220 2942.7
1353230 2942.7
1353240 2939.6
1353250 2936.9
1353260 2936.9
1353270 2934.3
1353280 2932.2
1353290 2930.7
1353300 2930.7
1353310 2930.0
1353320 2930.1
1353330 2930.1
1353340 2930.1
1353350 2927.1
1353360 2927.1
1353370 2919.3
1353380 2912.9
1353390 2912.9
1353400 2905.6
1353410 2887.3
1353420 2887.3
1353430 2864.8
1353440 2855.6
1353450 2855.6
1353460 2849.1
1353470 2843.0
1353480 2843.0
1353490 2838.3
1353500 2833.1
1353510 2827.0
1353520 2827.0
1353530 2821.0
1353540 2815.1
1353550 2815.1
1353560 2809.2
1353570 2803.3
1353580 2803.3
1353590 2797.3
1353600 2791.5
1353610 2791.5
1353620 2785.7
1353630 2780.0
1353640 2780.0
1353650 2774.0
1353660 2767.6
1353670 2767.6
1353680 2760.6
1353690 2755.6
1353700 2751.2
1353710 2751.2
1353720 2747.0
1353730 2743.0
1353740 2743.0
1353750 2738.7
1353760 2734.4
1353770 2734.4
1353780 2730.2
1353790 2726.3
1353800 2726.3
1353810 2722.7
1353820 2719.2
1353830 2719.2
1353840 2715.8
1353850 2712.0
1353860 2712.0
1353870 2709.1
1353880 2707.7
1353890 2705.9
1353900 2705.9
1353910 2703.0
1353920 2699.0
1353930 2699.0
1353940 2694.8
1353950 2691.2
1353960 2691.2
1353970 2688.1
1353980 2686.4
1353990 2686.4
1354000 2682.3
1354010 2675.1
1354020 2675.1
1354030 2666.5
1354040 2659.7
1354050 2659.7
1354060 2653.6
1354070 2646.2
1354080 2636.5
1354090 2636.5
1354100 2627.3
1354110 2619.3
1354120 2619.3
1354130 2611.3
1354140 2608.1
1354150 2608.1
1354160 2608.4
1354170 2608.5
1354180 2608.5
1354190 2606.3
1354200 2603.4
1354210 2603.4
1354220 2599.9
1354230 2598.0
1354240 2598.0
1354250 2597.4
1354260 2593.3
1354270 2589.1
1354280 2589.1
1354290 2585.3
1354300 2581.0
1354310 2581.0
1354320 2575.3
1354330 2570.4
1354340 2570.4
1354350 2570.0
1354360 2568.7
1354370 2568.7
1354380 2567.3
1354390 2565.9
1354400 2565.9
1354410 2565.8
1354420 2568.1
1354430 2568.1
1354440 2572.1
1354450 2574.6
1354460 2577.5
1354470 2577.5
1354480 2579.4
1354490 2581.6
1354500 2581.6
1354510 2583.8
1354520 2586.6
1354530 2586.6
1354540 2588.5
1354550 2591.1
1354560 2591.1
1354570 2596.1
1354580 2600.5
1354590 2600.5
1354600 2602.6
1354610 2604.8
1354620 2604.8
1354630 2609.0
1354640 2612.1
1354650 2613.6
1354660 2613.6
1354670 2614.9
1354680 2614.2
1354690 2614.2
1354700 2613.8
1354710 2613.8
1354720 2613.8
1354730 2615.5
1354740 2618.5
1354750 2618.5
1354760 2620.5
1354770 2622.6
1354780 2622.6
1354790 2624.6
1354800 2627.5
1354810 2627.5
1354820 2629.2
1354830 2629.8
1354840 2629.9
1354850 2629.9
1354860 2632.2
1354870 2635.7
1354880 2635.7
1354890 2635.3
1354900 2630.7
1354910 2630.7
1354920 2625.0
1354930 2619.7
1354940 2619.7
1354950 2615.2
1354960 2612.0
1354970 2612.0
1354980 2612.0
1354990 2612.8
1355000 2612.8
1355010 2613.4
1355020 2615.1
1355030 2616.4
1355040 2616.4
1355050 2617.0
1355060 2617.9
1355070 2617.9
1355080 2618.3
1355090 2617.3
1355100 2617.3
1355110 2620.2
1355120 2620.9
1355130 2620.9
1355140 2621.7
1355150 2622.1
1355160 2622.1
1355170 2620.3
1355180 2616.8
1355190 2616.8
1355200 2612.8
1355210 2609.7
1355220 2607.9
1355230 2607.9
1355240 2606.2
1355250 2604.9
1355260 2604.9
1355270 2603.3
1355280 2600.9
1355290 2600.9
1355300 2598.3
1355310 2596.1
1355320 2596.1
1355330 2594.2
1355340 2591.7
1355350 2591.7
1355360 2588.8
1355370 2587.0
1355380 2587.0
1355390 2586.7
1355400 2586.9
1355410 2587.2
1355420 2587.2
1355430 2586.3
1355440 2582.8
1355450 2582.8
1355460 2578.8
1355470 2575.3
1355480 2575.3
1355490 2570.6
1355500 2566.3
1355510 2566.3
1355520 2562.5
1355530 2557.7
1355540 2557.7
1355550 2552.1
1355560 2545.6
1355570 2545.6
1355580 2538.9
1355590 2532.2
1355600 2526.1
1355610 2526.1
1355620 2518.7
1355630 2509.7
1355640 2509.7
1355650 2506.0
1355660 2504.3
1355670 2504.3
1355680 2502.2
1355690 2500.7
1355700 2500.7
1355710 2497.0
1355720 2492.9
1355730 2492.9
1355740 2488.6
1355750 2486.0
1355760 2486.0
1355770 2487.2
1355780 2485.3
1355790 2485.3
1355800 2483.0
1355810 2485.3
1355820 2485.0
1355830 2485.0
1355840 2485.2
1355850 2486.4
1355860 2486.4
1355870 2485.8
1355880 2485.1
1355890 2485.1
1355900 2484.2
1355910 2482.3
1355920 2482.3
1355930 2481.9
1355940 2486.1
1355950 2486.1
1355960 2486.8
1355970 2487.9
1355980 2487.9
1355990 2489.4
1356000 2491.7
1356010 2496.8
1356020 2496.8
1356030 2499.8
1356040 2503.1
1356050 2503.1
1356060 2506.2
1356070 2509.5
1356080 2509.5
1356090 2517.1
1356100 2515.5
1356110 2515.5
1356120 2514.4
1356130 2514.1
1356140 2514.1
1356150 2514.7
1356160 2514.1
1356170 2514.1
1356180 2511.0
1356190 2507.6
1356200 2505.8
1356210 2505.8
1356220 2504.9
1356230 2505.9
1356240 2505.9
1356250 2507.4
1356260 2509.6
1356270 2509.6
1356280 2510.7
1356290 2509.5
1356300 2509.5
1356310 2507.3
1356320 2506.0
1356330 2506.0
1356340 2505.3
1356350 2504.8
1356360 2504.8
1356370 2504.4
1356380 2502.9
1356390 2501.2
1356400 2501.2
1356410 2501.3
1356420 2503.0
1356430 2503.0
1356440 2504.0
1356450 2504.9
1356460 2504.9
1356470 2505.8
1356480 2506.2
1356490 2506.2
1356500 2507.9
1356510 2508.3
1356520 2508.3
1356530 2508.9
1356540 2507.0
1356550 2507.0
1356560 2505.8
1356570 2504.9
1356580 2503.9
1356590 2503.9
1356600 2503.7
1356610 2504.0
1356620 2504.0
1356630 2504.8
1356640 2504.6
1356650 2504.6
1356660 2505.1
1356670 2506.0
1356680 2506.0
1356690 2507.5
1356700 2509.0
1356710 2509.0
1356720 2512.0
1356730 2512.9
1356740 2512.9
1356750 2514.3
1356760 2515.5
1356770 2517.2
1356780 2517.2
1356790 2518.4
1356800 2518.7
1356810 2518.7
1356820 2519.6
1356830 2519.2
1356840 2519.2
1356850 2517.5
1356860 2518.4
1356870 2518.4
1356880 2518.8
1356890 2518.5
1356900 2518.5
1356910 2518.2
1356920 2517.5
1356930 2517.5
1356940 2518.2
1356950 2520.0
1356960 2519.7
1356970 2519.7
1356980 2516.0
1356990 2516.0
1357000 2516.0
1357010 2520.2
1357020 2520.8
1357030 2520.8
1357040 2520.9
1357050 2520.7
1357060 2520.7
1357070 2518.8
1357080 2520.1
1357090 2520.1
1357100 2520.8
1357110 2519.4
1357120 2519.4
1357130 2516.9
1357140 2518.7
1357150 2518.3
1357160 2518.3
1357170 2516.8
1357180 2514.7
1357190 2514.7
1357200 2513.4
1357210 2511.8
1357220 2511.8
1357230 2509.4
1357240 2506.6
1357250 2506.6
1357260 2503.5
1357270 2501.6
1357280 2501.6
1357290 2500.5
1357300 2502.2
1357310 2502.2
1357320 2505.1
1357330 2507.5
1357340 2510.9
1357350 2510.9
1357360 2520.1
1357370 2526.3
1357380 2526.3
1357390 2531.9
1357400 2534.1
1357410 2534.1
1357420 2532.9
1357430 2534.0
1357440 2534.0
1357450 2539.1
1357460 2539.6
1357470 2539.6
1357480 2533.3
1357490 2526.4
1357500 2526.4
1357510 2520.8
1357520 2516.0
1357530 2506.2
1357540 2506.2
1357550 2496.3
1357560 2489.9
1357570 2489.9
1357580 2486.4
1357590 2485.0
1357600 2485.0
1357610 2482.8
1357620 2481.0
1357630 2481.0
1357640 2479.7
1357650 2478.2
1357660 2478.2
1357670 2473.4
1357680 2473.8
1357690 2473.8
1357700 2477.0
1357710 2481.2
1357720 2484.3
1357730 2484.3
1357740 2484.1
1357750 2480.8
1357760 2480.8
1357770 2473.0
1357780 2467.3
1357790 2467.3
1357800 2466.7
1357810 2468.8
1357820 2468.8
1357830 2474.2
1357840 2476.8
1357850 2476.8
1357860 2478.3
1357870 2477.7
1357880 2477.7
1357890 2477.9
1357900 2480.5
1357910 2482.6
1357920 2482.6
1357930 2484.9
1357940 2486.7
1357950 2486.7
1357960 2486.4
1357970 2486.2
1357980 2486.2
1357990 2486.5
1358000 2486.6
1358010 2486.6
1358020 2487.6
1358030 2488.4
1358040 2488.4
1358050 2486.6
1358060 2484.9
1358070 2490.8
1358080 2488.1
1358090 2488.6
1358100 2489.7
1358110 2489.7
1358120 2489.4
1358130 2487.2
1358140 2487.2
1358150 2488.5
1358160 2489.3
1358170 2489.3
1358180 2488.3
1358190 2487.6
1358200 2487.6
1358210 2484.3
1358220 2481.8
1358230 2481.8
1358240 2482.7
1358250 2483.0
1358260 2483.0
1358270 2484.5
1358280 2484.5
1358290 2484.5
1358300 2481.4
1358310 2479.2
1358320 2477.9
1358330 2477.9
1358340 2478.6
1358350 2477.1
1358360 2477.1
1358370 2475.6
1358380 2475.1
1358390 2475.1
1358400 2473.4
1358410 2472.0
1358420 2472.0
1358430 2471.1
1358440 2468.6
1358450 2468.6
1358460 2461.7
1358470 2455.8
1358480 2455.8
1358490 2451.8
1358500 2448.0
1358510 2444.5
1358520 2444.5
1358530 2442.0
1358540 2439.8
1358550 2439.8
1358560 2438.7
1358570 2437.8
1358580 2437.8
1358590 2436.2
1358600 2433.9
1358610 2433.9
1358620 2431.3
1358630 2429.0
1358640 2429.0
1358650 2425.6
1358660 2422.1
1358670 2422.1
1358680 2418.9
1358690 2416.9
1358700 2416.5
1358710 2416.5
1358720 2418.4
1358730 2421.6
1358740 2421.6
1358750 2424.3
1358760 2426.0
1358770 2426.0
1358780 2427.1
1358790 2430.1
1358800 2430.1
1358810 2439.2
1358820 2448.4
1358830 2448.4
1358840 2455.6
1358850 2461.4
1358860 2461.4
1358870 2466.2
1358880 2471.5
1358890 2480.6
1358900 2480.6
1358910 2487.0
1358920 2493.2
1358930 2493.2
1358940 2499.8
1358950 2507.6
1358960 2507.6
1358970 2526.5
1358980 2543.6
1358990 2543.6
1359000 2556.6
1359010 2570.3
1359020 2570.3
1359030 2581.9
1359040 2577.3
1359050 2577.3
1359060 2566.5
1359070 2557.1
1359080 2540.3
1359090 2540.3
1359100 2531.4
1359110 2524.4
1359120 2524.4
1359130 2517.5
1359140 2510.3
1359150 2510.3
1359160 2503.3
1359170 2496.4
1359180 2496.4
1359190 2489.6
1359200 2482.9
1359210 2482.9
1359220 2476.6
1359230 2470.2
1359240 2470.2
1359250 2464.5
1359260 2459.4
1359270 2455.0
1359280 2455.0
1359290 2451.6
1359300 2448.6
1359310 2448.6
1359320 2444.4
1359330 2439.7
1359340 2439.7
1359350 2435.4
1359360 2430.6
1359370 2430.6
1359380 2425.6
1359390 2421.0
1359400 2421.0
1359410 2416.9
1359420 2411.0
1359430 2411.0
1359440 2404.1
1359450 2397.4
1359460 2390.1
1359470 2390.1
1359480 2382.7
1359490 2375.2
1359500 2375.2
1359510 2367.6
1359520 2357.3
1359530 2357.3
1359540 2345.3
1359550 2333.0
1359560 2333.0
1359570 2324.4
1359580 2316.6
1359590 2316.6
1359600 2309.2
1359610 2300.3
1359620 2300.3
1359630 2291.0
1359640 2284.1
1359650 2281.4
1359660 2281.4
1359670 2277.7
1359680 2273.4
1359690 2273.4
1359700 2267.2
1359710 2261.4
1359720 2261.4
1359730 2253.4
1359740 2248.0
1359750 2248.0
1359760 2239.7
1359770 2228.2
1359780 2228.2
1359790 2216.5
1359800 2204.3
1359810 2204.3
1359820 2199.9
1359830 2203.1
1359840 2209.0
1359850 2209.0
1359860 2212.5
1359870 2209.2
1359880 2209.2
1359890 2204.7
1359900 2210.2
1359910 2210.2
1359920 2211.6
1359930 2211.7
1359940 2211.7
1359950 2211.0
1359960 2204.2
1359970 2204.2
1359980 2195.2
1359990 2186.7
