1352410 2770.9
1352420 2770.9
1352430 2773.2
1352440 2776.9
1352450 2776.9
1352460 2779.0
1352470 2782.1
1352480 2782.1
1352490 2785.6
1352500 2787.4
1352510 2787.4
1352520 2792.0
1352530 2798.4
1352540 2798.4
1352550 2801.0
1352560 2806.3
1352570 2806.3
1352580 2810.9
1352590 2815.4
1352600 2819.0
1352610 2819.0
1352620 2822.3
1352630 2825.6
1352640 2825.6
1352650 2828.2
1352660 2831.5
1352670 2831.5
1352680 2836.0
1352690 2840.7
1352700 2840.7
1352710 2845.3
1352720 2849.6
1352730 2849.6
1352740 2853.6
1352750 2857.2
1352760 2857.2
1352770 2860.3
1352780 2863.4
1352790 2866.1
1352800 2866.1
1352810 2868.5
1352820 2870.7
1352830 2870.7
1352840 2872.7
1352850 2874.5
1352860 2874.5
1352870 2876.2
1352880 2877.6
1352890 2877.6
1352900 2878.9
1352910 2880.1
1352920 2880.1
1352930 2880.8
1352940 2879.4
1352950 2879.4
1352960 2878.1
1352970 2877.7
1352980 2877.7
1352990 2879.5
1353000 2883.5
1353010 2888.4
1353020 2888.4
1353030 2893.3
1353040 2898.0
1353050 2898.0
1353060 2902.5
1353070 2907.0
1353080 2907.0
1353090 2911.4
1353100 2915.8
1353110 2915.8
1353120 2919.9
1353130 2923.9
1353140 2923.9
1353150 2927.8
1353160 2931.8
1353170 2931.8
1353180 2935.8
1353190 2940.1
1353200 2951.9
1353210 2951.9
1353220 2968.6
1353230 2978.5
1353240 2978.5
1353250 2991.0
1353260 2998.2
1353270 2998.2
1353280 3007.8
1353290 3019.3
1353300 3019.3
1353310 3032.7
1353320 3051.0
1353330 3051.0
1353340 3055.1
1353350 3044.7
1353360 3044.7
1353370 3033.6
1353380 3029.8
1353390 3024.5
1353400 3024.5
1353410 3017.0
1353420 3009.4
1353430 3009.4
1353440 3004.0
1353450 2996.2
1353460 2996.2
1353470 2986.8
1353480 2978.4
1353490 2978.4
1353500 2971.6
1353510 2963.5
1353520 2963.5
1353530 2953.1
1353540 2935.8
1353550 2935.8
1353560 2921.1
1353570 2902.2
1353580 2897.3
1353590 2897.3
1353600 2887.5
1353610 2882.7
1353620 2882.7
1353630 2878.2
1353640 2873.6
1353650 2873.6
1353660 2870.4
1353670 2867.8
1353680 2867.8
1353690 2864.1
1353700 2861.1
1353710 2861.1
1353720 2858.0
1353730 2855.5
1353740 2855.5
1353750 2853.4
1353760 2851.7
1353770 2848.3
1353780 2848.3
1353790 2842.6
1353800 2837.7
1353810 2837.7
1353820 2832.2
1353830 2826.1
1353840 2826.1
1353850 2819.4
1353860 2813.8
1353870 2813.8
1353880 2808.9
1353890 2801.8
1353900 2801.8
1353910 2797.5
1353920 2799.5
1353930 2799.5
1353940 2798.1
1353950 2795.9
1353960 2792.2
1353970 2792.2
1353980 2785.9
1353990 2763.7
1354000 2763.7
1354010 2745.0
1354020 2739.1
1354030 2739.1
1354040 2731.0
1354050 2724.2
1354060 2724.2
1354070 2720.2
1354080 2713.8
1354090 2713.8
1354100 2707.6
1354110 2703.4
1354120 2703.4
1354130 2697.7
1354140 2691.6
1354150 2687.1
1354160 2687.1
1354170 2682.8
1354180 2677.8
1354190 2677.8
1354200 2672.8
1354210 2668.9
1354220 2661.5
1354230 2655.5
1354240 2648.1
1354250 2648.1
1354260 2641.3
1354270 2635.7
1354280 2635.7
1354290 2631.1
1354300 2627.0
1354310 2627.0
1354320 2621.3
1354330 2614.9
1354340 2608.5
1354350 2608.5
1354360 2602.7
1354370 2596.9
1354380 2596.9
1354390 2592.1
1354400 2587.1
1354410 2587.1
1354420 2581.7
1354430 2576.1
1354440 2576.1
1354450 2569.4
1354460 2563.5
1354470 2563.5
1354480 2559.6
1354490 2556.4
1354500 2556.4
1354510 2553.3
1354520 2549.3
1354530 2543.2
1354540 2543.2
1354550 2535.7
1354560 2526.2
1354570 2526.2
1354580 2519.3
1354590 2512.3
1354600 2512.3
1354610 2505.7
1354620 2500.6
1354630 2500.6
1354640 2497.3
1354650 2493.9
1354660 2493.9
1354670 2488.4
1354680 2479.5
1354690 2479.5
1354700 2469.9
1354710 2458.6
1354720 2458.6
1354730 2449.1
1354740 2441.1
1354750 2430.6
1354760 2430.6
1354770 2421.4
1354780 2413.7
1354790 2413.7
1354800 2401.8
1354810 2385.9
1354820 2385.9
1354830 2373.8
1354840 2363.2
1354850 2363.2
1354860 2354.0
1354870 2347.3
1354880 2347.3
1354890 2340.8
1354900 2332.7
1354910 2332.7
1354920 2326.1
1354930 2320.2
1354940 2314.6
1354950 2314.6
1354960 2308.3
1354970 2302.1
1354980 2302.1
1354990 2296.7
1355000 2292.2
1355010 2292.2
1355020 2287.0
1355030 2280.9
1355040 2280.9
1355050 2275.0
1355060 2271.4
1355070 2271.4
1355080 2268.2
1355090 2265.1
1355100 2265.1
1355110 2261.9
1355120 2258.6
1355130 2255.6
1355140 2255.6
1355150 2252.8
1355160 2250.4
1355170 2250.4
1355180 2247.9
1355190 2243.0
1355200 2243.0
1355210 2240.8
1355220 2238.4
1355230 2238.4
1355240 2235.7
1355250 2233.5
1355260 2233.5
1355270 2231.2
1355280 2228.3
1355290 2228.3
1355300 2225.6
1355310 2222.8
1355320 2219.8
1355330 2219.8
1355340 2217.0
1355350 2213.8
1355360 2213.8
1355370 2210.0
1355380 2207.0
1355390 2207.0
1355400 2204.3
1355410 2202.1
1355420 2202.1
1355430 2199.0
1355440 2195.1
1355450 2195.1
1355460 2191.7
1355470 2188.3
1355480 2188.3
1355490 2184.9
1355500 2181.5
1355510 2178.2
1355520 2178.2
1355530 2174.7
1355540 2170.9
1355550 2170.9
1355560 2167.0
1355570 2163.7
1355580 2163.7
1355590 2160.6
1355600 2157.4
1355610 2157.4
1355620 2154.5
1355630 2151.2
1355640 2151.2
1355650 2148.4
1355660 2145.5
1355670 2145.5
1355680 2143.1
1355690 2140.8
1355700 2138.1
1355710 2138.1
1355720 2135.1
1355730 2132.0
1355740 2132.0
1355750 2128.9
1355760 2126.0
1355770 2126.0
1355780 2123.1
1355790 2120.5
1355800 2120.5
1355810 2118.2
1355820 2115.7
1355830 2115.7
1355840 2113.4
1355850 2111.0
1355860 2111.0
1355870 2108.8
1355880 2106.2
1355890 2104.2
1355900 2104.2
1355910 2102.1
1355920 2099.5
1355930 2099.5
1355940 2097.3
1355950 2095.3
1355960 2095.3
1355970 2093.6
1355980 2092.2
1355990 2092.2
1356000 2090.6
1356010 2089.0
1356020 2089.0
1356030 2087.5
1356040 2086.5
1356050 2086.5
1356060 2085.5
1356070 2084.2
1356080 2082.8
1356090 2082.8
1356100 2081.6
1356110 2080.6
1356120 2080.6
1356130 2079.5
1356140 2078.7
1356150 2078.7
1356160 2077.7
1356170 2077.1
1356180 2079.5
1356190 2079.3
1356200 2078.5
1356210 2078.5
1356220 2077.7
1356230 2076.6
1356240 2076.6
1356250 2075.6
1356260 2074.6
1356270 2073.3
1356280 2073.3
1356290 2072.4
1356300 2071.6
1356310 2071.6
1356320 2070.6
1356330 2069.0
1356340 2069.0
1356350 2067.5
1356360 2066.1
1356370 2066.1
1356380 2065.5
1356390 2065.0
1356400 2065.0
1356410 2064.7
1356420 2063.1
1356430 2063.1
1356440 2061.9
1356450 2060.8
1356460 2060.8
1356470 2059.7
1356480 2057.6
1356490 2056.3
1356500 2056.3
1356510 2054.8
1356520 2053.5
1356530 2053.5
1356540 2052.1
1356550 2051.0
1356560 2051.0
1356570 2050.4
1356580 2050.5
1356590 2050.5
1356600 2051.5
1356610 2051.9
1356620 2051.9
1356630 2052.1
1356640 2054.4
1356650 2054.4
1356660 2058.1
1356670 2060.1
1356680 2062.0
1356690 2062.0
1356700 2065.1
1356710 2067.4
1356720 2067.4
1356730 2071.2
1356740 2074.7
1356750 2074.7
1356760 2077.7
1356770 2081.6
1356780 2081.6
1356790 2083.8
1356800 2085.9
1356810 2085.9
1356820 2089.3
1356830 2092.6
1356840 2092.6
1356850 2094.6
1356860 2095.8
1356870 2099.0
1356880 2099.0
1356890 2103.4
1356900 2109.7
1356910 2109.7
1356920 2121.6
1356930 2129.4
1356940 2129.4
1356950 2132.9
1356960 2135.8
1356970 2135.8
1356980 2137.6
1356990 2139.6
1357000 2139.6
1357010 2141.8
1357020 2142.0
1357030 2142.0
1357040 2139.8
1357050 2129.0
1357060 2101.5
1357070 2101.5
1357080 2089.4
1357090 2084.4
1357100 2084.4
1357110 2081.2
1357120 2078.9
1357130 2078.9
1357140 2076.1
1357150 2072.4
1357160 2072.4
1357170 2074.4
1357180 2070.5
1357190 2070.5
1357200 2067.3
1357210 2064.9
1357220 2064.9
1357230 2063.6
1357240 2061.7
1357250 2060.5
1357260 2060.5
1357270 2059.5
1357280 2058.3
1357290 2058.3
1357300 2058.5
1357310 2059.5
1357320 2059.5
1357330 2059.0
1357340 2059.6
1357350 2059.6
1357360 2060.8
1357370 2060.0
1357380 2060.0
1357390 2058.0
1357400 2055.6
1357410 2055.6
1357420 2053.4
1357430 2052.5
1357440 2051.2
1357450 2051.2
1357460 2050.0
1357470 2050.3
1357480 2050.3
1357490 2052.7
1357500 2054.4
1357510 2054.4
1357520 2053.5
1357530 2052.4
1357540 2052.4
1357550 2051.5
1357560 2050.6
1357570 2050.6
1357580 2050.0
1357590 2049.9
1357600 2049.9
1357610 2049.1
1357620 2046.1
1357630 2042.0
1357640 2042.0
1357650 2044.0
1357660 2043.3
1357670 2043.3
1357680 2043.0
1357690 2043.8
1357700 2043.8
1357710 2040.4
1357720 2038.7
1357730 2038.7
1357740 2039.2
1357750 2040.6
1357760 2040.6
1357770 2036.9
1357780 2038.1
1357790 2038.1
1357800 2037.0
1357810 2034.4
1357820 2036.4
1357830 2036.4
1357840 2037.6
1357850 2037.0
1357860 2037.0
1357870 2036.5
1357880 2040.3
1357890 2040.3
1357900 2036.9
1357910 2032.3
1357920 2032.3
1357930 2034.2
1357940 2039.7
1357950 2039.7
1357960 2037.5
1357970 2031.3
1357980 2031.3
1357990 2031.1
1358000 2036.2
1358010 2041.2
1358020 2041.2
1358030 2038.4
1358040 2032.4
1358050 2032.4
1358060 2031.0
1358070 2032.4
1358080 2032.4
1358090 2033.0
1358100 2034.9
1358110 2034.9
1358120 2038.6
1358130 2037.7
1358140 2037.7
1358150 2036.3
1358160 2044.6
1358170 2044.6
1358180 2045.1
1358190 2043.0
1358200 2043.0
1358210 2042.4
1358220 2043.3
1358230 2040.8
1358240 2040.8
1358250 2038.8
1358260 2039.0
1358270 2039.0
1358280 2040.3
1358290 2044.4
1358300 2044.4
1358310 2046.8
1358320 2044.8
1358330 2044.8
1358340 2042.8
1358350 2041.1
1358360 2041.1
1358370 2039.5
1358380 2040.0
1358390 2040.0
1358400 2040.5
1358410 2038.6
1358420 2035.2
1358430 2035.2
1358440 2036.3
1358450 2039.3
1358460 2039.3
1358470 2040.3
1358480 2040.7
1358490 2040.7
1358500 2041.5
1358510 2041.6
1358520 2041.6
1358530 2039.5
1358540 2039.6
1358550 2039.6
1358560 2040.8
1358570 2042.3
1358580 2042.3
1358590 2042.8
1358600 2042.4
1358610 2045.4
1358620 2045.4
1358630 2049.2
1358640 2049.6
1358650 2049.6
1358660 2047.0
1358670 2048.3
1358680 2048.3
1358690 2050.7
1358700 2051.2
1358710 2051.2
1358720 2050.6
1358730 2050.7
1358740 2050.7
1358750 2053.0
1358760 2054.4
1358770 2054.4
1358780 2055.5
1358790 2056.2
1358800 2057.1
1358810 2057.1
1358820 2056.6
1358830 2056.9
1358840 2056.9
1358850 2058.5
1358860 2054.9
1358870 2054.9
1358880 2053.7
1358890 2055.8
1358900 2055.8
1358910 2060.8
1358920 2063.3
1358930 2063.3
1358940 2060.2
1358950 2059.4
1358960 2059.4
1358970 2060.2
1358980 2063.5
1358990 2068.8
1359000 2068.8
1359010 2072.2
1359020 2071.3
1359030 2071.3
1359040 2073.1
1359050 2072.7
1359060 2072.7
1359070 2076.8
1359080 2081.9
1359090 2081.9
1359100 2086.4
1359110 2088.6
1359120 2088.6
1359130 2091.2
1359140 2094.6
1359150 2094.6
1359160 2096.9
1359170 2108.9
1359180 2110.5
1359190 2110.5
1359200 2111.6
1359210 2116.1
1359220 2116.1
1359230 2119.7
1359240 2120.3
1359250 2120.3
1359260 2120.6
1359270 2121.3
1359280 2121.3
1359290 2122.4
1359300 2122.8
1359310 2122.8
1359320 2122.4
1359330 2122.0
1359340 2122.0
1359350 2122.2
1359360 2121.4
1359370 2120.4
1359380 2120.4
1359390 2122.1
1359400 2123.5
1359410 2123.5
1359420 2124.9
1359430 2125.9
1359440 2125.9
1359450 2127.2
1359460 2128.4
1359470 2128.4
1359480 2129.1
1359490 2129.6
1359500 2129.6
1359510 2129.8
1359520 2130.2
1359530 2130.2
1359540 2130.3
1359550 2129.7
1359560 2130.0
1359570 2130.0
1359580 2131.0
1359590 2132.3
1359600 2132.3
1359610 2133.6
1359620 2134.3
1359630 2134.3
1359640 2134.1
1359650 2132.7
1359660 2132.7
1359670 2130.8
1359680 2128.8
1359690 2128.8
1359700 2127.3
1359710 2125.5
1359720 2125.5
1359730 2123.3
1359740 2121.9
1359750 2121.2
1359760 2121.2
1359770 2120.8
1359780 2121.7
1359790 2121.7
1359800 2121.7
1359810 2120.4
1359820 2120.4
1359830 2121.2
1359840 2122.9
1359850 2122.9
1359860 2123.7
1359870 2123.7
1359880 2123.7
1359890 2123.7
1359900 2123.5
1359910 2123.5
1359920 2122.8
1359930 2121.1
1359940 2117.9
1359950 2117.9
1359960 2113.2
1359970 2108.7
1359980 2108.7
1359990 2104.6
