1353730 2806.7
1353740 2806.9
1353750 2806.9
1353760 2809.8
1353770 2814.0
1353780 2814.0
1353790 2821.2
1353800 2826.8
1353810 2826.8
1353820 2830.8
1353830 2833.7
1353840 2833.7
1353850 2836.2
1353860 2839.4
1353870 2839.4
1353880 2842.9
1353890 2848.7
1353900 2848.7
1353910 2856.7
1353920 2865.2
1353930 2865.2
1353940 2870.9
1353950 2874.9
1353960 2876.0
1353970 2876.0
1353980 2876.9
1353990 2880.4
1354000 2880.4
1354010 2884.4
1354020 2888.0
1354030 2888.0
1354040 2892.6
1354050 2899.1
1354060 2899.1
1354070 2905.6
1354080 2910.8
1354090 2910.8
1354100 2916.0
1354110 2921.5
1354120 2921.5
1354130 2926.3
1354140 2928.5
1354150 2931.4
1354160 2931.4
1354170 2934.5
1354180 2937.8
1354190 2937.8
1354200 2941.5
1354210 2945.9
1354220 2945.9
1354230 2950.9
1354240 2956.4
1354250 2956.4
1354260 2962.1
1354270 2967.9
1354280 2967.9
1354290 2973.9
1354300 2980.2
1354310 2980.2
1354320 2986.6
1354330 2992.9
1354340 2999.6
1354350 2999.6
1354360 3006.5
1354370 3013.8
1354380 3013.8
1354390 3021.8
1354400 3029.9
1354410 3029.9
1354420 3040.0
1354430 3049.1
1354440 3049.1
1354450 3057.5
1354460 3065.9
1354470 3065.9
1354480 3074.1
1354490 3082.0
1354500 3082.0
1354510 3090.5
1354520 3098.7
1354530 3106.8
1354540 3106.8
1354550 3099.6
1354560 3084.8
1354570 3084.8
1354580 3072.5
1354590 3063.5
1354600 3063.5
1354610 3056.4
1354620 3050.0
1354630 3050.0
1354640 3043.8
1354650 3038.5
1354660 3038.5
1354670 3035.7
1354680 3031.6
1354690 3031.6
1354700 3024.0
1354710 3017.4
1354720 3012.2
1354730 3012.2
1354740 3006.7
1354750 3000.9
1354760 3000.9
1354770 2996.3
1354780 2990.7
1354790 2990.7
1354800 2984.0
1354810 2978.7
1354820 2978.7
1354830 2974.3
1354840 2969.2
1354850 2969.2
1354860 2965.5
1354870 2960.4
1354880 2960.4
1354890 2954.8
1354900 2952.9
1354910 2948.7
1354920 2948.7
1354930 2944.6
1354940 2939.3
1354950 2939.3
1354960 2931.8
1354970 2927.9
1354980 2927.9
1354990 2923.1
1355000 2917.5
1355010 2917.5
1355020 2913.4
1355030 2909.2
1355040 2909.2
1355050 2905.9
1355060 2901.7
1355070 2901.7
1355080 2897.1
1355090 2892.9
1355100 2892.9
1355110 2889.2
1355120 2885.9
1355130 2883.4
1355140 2883.4
1355150 2879.4
1355160 2872.7
1355170 2872.7
1355180 2866.5
1355190 2862.2
1355200 2862.2
1355210 2860.4
1355220 2860.3
1355230 2860.3
1355240 2860.4
1355250 2860.4
1355260 2860.4
1355270 2860.5
1355280 2860.8
1355290 2860.8
1355300 2861.2
1355310 2861.8
1355320 2862.6
1355330 2862.6
1355340 2863.5
1355350 2864.5
1355360 2864.5
1355370 2865.7
1355380 2866.9
1355390 2866.9
1355400 2868.4
1355410 2870.9
1355420 2870.9
1355430 2873.8
1355440 2877.5
1355450 2877.5
1355460 2883.0
1355470 2888.5
1355480 2893.2
1355490 2899.4
1355500 2906.3
1355510 2913.2
1355520 2913.2
1355530 2921.3
1355540 2930.4
1355550 2930.4
1355560 2937.9
1355570 2944.8
1355580 2944.8
1355590 2952.2
1355600 2958.5
1355610 2958.5
1355620 2965.0
1355630 2972.9
1355640 2972.9
1355650 2981.3
1355660 2991.1
1355670 2991.1
1355680 3005.7
1355690 3023.0
1355700 3033.1
1355710 3033.1
1355720 3033.7
1355730 3031.6
1355740 3031.6
1355750 3029.5
1355760 3028.1
1355770 3028.1
1355780 3026.3
1355790 3024.8
1355800 3024.8
1355810 3022.8
1355820 3020.9
1355830 3020.9
1355840 3019.2
1355850 3017.0
1355860 3017.0
1355870 3015.0
1355880 3012.2
1355890 3005.5
1355900 3005.5
1355910 2996.4
1355920 2985.1
1355930 2985.1
1355940 2975.7
1355950 2963.0
1355960 2963.0
1355970 2948.9
1355980 2936.4
1355990 2936.4
1356000 2919.2
1356010 2895.4
1356020 2895.4
1356030 2872.0
1356040 2850.1
1356050 2850.1
1356060 2839.1
1356070 2830.2
1356080 2821.9
1356090 2821.9
1356100 2814.5
1356110 2807.6
1356120 2807.6
1356130 2800.8
1356140 2794.1
1356150 2794.1
1356160 2788.0
1356170 2782.5
1356180 2782.5
1356190 2777.9
1356200 2774.4
1356210 2774.4
1356220 2771.1
1356230 2767.5
1356240 2767.5
1356250 2763.4
1356260 2759.3
1356270 2759.3
1356280 2755.6
1356290 2753.1
1356300 2751.0
1356310 2751.0
1356320 2748.8
1356330 2746.7
1356340 2746.7
1356350 2745.2
1356360 2743.8
1356370 2743.8
1356380 2742.1
1356390 2741.1
1356400 2741.1
1356410 2739.8
1356420 2737.8
1356430 2737.8
1356440 2735.7
1356450 2734.7
1356460 2734.7
1356470 2734.0
1356480 2731.5
1356490 2728.4
1356500 2728.4
1356510 2725.8
1356520 2722.9
1356530 2722.9
1356540 2721.4
1356550 2720.9
1356560 2720.9
1356570 2721.2
1356580 2721.7
1356590 2721.7
1356600 2723.3
1356610 2725.5
1356620 2725.5
1356630 2726.8
1356640 2726.6
1356650 2726.6
1356660 2724.4
1356670 2717.9
1356680 2713.2
1356690 2713.2
1356700 2714.0
1356710 2714.3
1356720 2714.3
1356730 2710.0
1356740 2711.2
1356750 2711.2
1356760 2712.2
1356770 2711.2
1356780 2711.2
1356790 2710.2
1356800 2703.7
1356810 2703.7
1356820 2696.8
1356830 2691.0
1356840 2691.0
1356850 2678.6
1356860 2659.0
1356870 2644.4
1356880 2644.4
1356890 2627.2
1356900 2616.5
1356910 2616.5
1356920 2606.0
1356930 2595.1
1356940 2595.1
1356950 2584.0
1356960 2575.3
1356970 2575.3
1356980 2563.8
1356990 2552.6
1357000 2552.6
1357010 2543.6
1357020 2536.8
1357030 2536.8
1357040 2530.3
1357050 2520.8
1357060 2510.9
1357070 2510.9
1357080 2504.8
1357090 2498.6
1357100 2498.6
1357110 2492.8
1357120 2486.8
1357130 2486.8
1357140 2480.7
1357150 2474.5
1357160 2474.5
1357170 2468.4
1357180 2463.0
1357190 2463.0
1357200 2458.7
1357210 2456.7
1357220 2456.7
1357230 2455.4
1357240 2454.2
1357250 2452.7
1357260 2452.7
1357270 2450.8
1357280 2449.6
1357290 2449.6
1357300 2448.7
1357310 2447.8
1357320 2447.8
1357330 2446.9
1357340 2446.1
1357350 2446.1
1357360 2444.5
1357370 2443.6
1357380 2443.6
1357390 2444.0
1357400 2444.6
1357410 2444.6
1357420 2447.1
1357430 2454.3
1357440 2454.3
1357450 2461.5
1357460 2462.1
1357470 2464.1
1357480 2464.1
1357490 2466.4
1357500 2468.9
1357510 2468.9
1357520 2472.6
1357530 2475.6
1357540 2475.6
1357550 2475.5
1357560 2475.7
1357570 2475.7
1357580 2476.5
1357590 2476.1
1357600 2476.1
1357610 2476.1
1357620 2474.6
1357630 2474.6
1357640 2472.7
1357650 2473.5
1357660 2473.6
1357670 2473.6
1357680 2471.8
1357690 2471.6
1357700 2471.6
1357710 2472.3
1357720 2469.1
1357730 2469.1
1357740 2467.1
1357750 2466.4
1357760 2466.4
1357770 2465.5
1357780 2466.0
1357790 2466.0
1357800 2466.5
1357810 2469.4
1357820 2469.4
1357830 2472.6
1357840 2476.4
1357850 2480.5
1357860 2480.5
1357870 2483.7
1357880 2486.3
1357890 2486.3
1357900 2488.5
1357910 2490.4
1357920 2490.4
1357930 2491.6
1357940 2492.3
1357950 2492.3
1357960 2492.6
1357970 2492.7
1357980 2492.7
1357990 2493.0
1358000 2494.0
1358010 2494.0
1358020 2495.8
1358030 2498.9
1358040 2503.1
1358050 2503.1
1358060 2506.1
1358070 2509.8
1358080 2509.8
1358090 2514.0
1358100 2518.4
1358110 2518.4
1358120 2522.8
1358130 2526.5
1358140 2526.5
1358150 2528.9
1358160 2530.4
1358170 2530.4
1358180 2532.2
1358190 2534.6
1358200 2534.6
1358210 2535.6
1358220 2536.8
1358230 2540.4
1358240 2540.4
1358250 2543.1
1358260 2542.9
1358270 2542.9
1358280 2541.9
1358290 2542.8
1358300 2542.8
1358310 2543.9
1358320 2545.4
1358330 2545.4
1358340 2547.6
1358350 2548.3
1358360 2548.3
1358370 2550.3
1358380 2553.2
1358390 2553.2
1358400 2554.9
1358410 2557.0
1358420 2560.3
1358430 2560.3
1358440 2561.2
1358450 2559.7
1358460 2554.3
1358470 2550.5
1358480 2545.3
1358490 2545.3
1358500 2539.7
1358510 2535.6
1358520 2535.6
1358530 2533.6
1358540 2532.8
1358550 2532.8
1358560 2531.2
1358570 2529.0
1358580 2529.0
1358590 2528.5
1358600 2528.2
1358610 2528.2
1358620 2528.2
1358630 2528.0
1358640 2528.0
1358650 2528.0
1358660 2526.7
1358670 2524.4
1358680 2524.4
1358690 2522.0
1358700 2519.3
1358710 2519.3
1358720 2516.9
1358730 2515.6
1358740 2515.6
1358750 2514.2
1358760 2512.2
1358770 2512.2
1358780 2509.2
1358790 2507.6
1358800 2507.6
1358810 2508.7
1358820 2509.9
1358830 2512.0
1358840 2512.0
1358850 2514.4
1358860 2515.8
1358870 2515.8
1358880 2516.8
1358890 2516.8
1358900 2516.8
1358910 2516.0
1358920 2515.6
1358930 2515.6
1358940 2516.2
1358950 2516.9
1358960 2516.9
1358970 2518.3
1358980 2521.2
1358990 2521.2
1359000 2525.4
1359010 2530.0
1359020 2535.0
1359030 2535.0
1359040 2541.2
1359050 2545.7
1359060 2545.7
1359070 2548.6
1359080 2550.0
1359090 2550.0
1359100 2551.0
1359110 2552.3
1359120 2552.3
1359130 2554.0
1359140 2554.9
1359150 2554.9
1359160 2552.9
1359170 2549.6
1359180 2549.6
1359190 2544.7
1359200 2540.0
1359210 2533.6
1359220 2533.6
1359230 2526.9
1359240 2520.8
1359250 2520.8
1359260 2514.3
1359270 2506.1
1359280 2506.1
1359290 2498.5
1359300 2491.2
1359310 2491.2
1359320 2483.8
1359330 2476.9
1359340 2476.9
1359350 2470.8
1359360 2463.8
1359370 2463.8
1359380 2457.3
1359390 2451.1
1359400 2444.2
1359410 2444.2
1359420 2438.5
1359430 2431.4
1359440 2431.4
1359450 2421.6
1359460 2412.9
1359470 2412.0
1359480 2404.1
1359490 2396.3
1359500 2396.3
1359510 2389.4
1359520 2383.2
1359530 2383.2
1359540 2377.6
1359550 2372.3
1359560 2372.3
1359570 2368.5
1359580 2364.7
1359590 2360.2
1359600 2360.2
1359610 2354.3
1359620 2349.5
1359630 2349.5
1359640 2345.3
1359650 2341.3
1359660 2341.3
1359670 2334.2
1359680 2327.5
1359690 2327.5
1359700 2326.6
1359710 2327.2
1359720 2327.2
1359730 2326.8
1359740 2322.8
1359750 2322.8
1359760 2318.1
1359770 2314.8
1359780 2314.8
1359790 2312.0
1359800 2308.3
1359810 2304.3
1359820 2304.3
1359830 2298.8
1359840 2293.0
1359850 2293.0
1359860 2290.0
1359870 2285.7
1359880 2285.7
1359890 2280.6
1359900 2278.3
1359910 2278.3
1359920 2276.5
1359930 2270.2
1359940 2270.2
1359950 2258.6
1359960 2246.4
1359970 2246.4
1359980 2238.9
1359990 2232.4
