1353180 2747.0
1353190 2747.0
1353200 2747.9
1353210 2749.9
1353220 2749.9
1353230 2751.9
1353240 2754.3
1353250 2754.3
1353260 2757.0
1353270 2758.6
1353280 2759.7
1353290 2759.7
1353300 2762.2
1353310 2766.0
1353320 2766.0
1353330 2770.4
1353340 2775.1
1353350 2775.1
1353360 2779.4
1353370 2782.9
1353380 2782.9
1353390 2782.1
1353400 2781.1
1353410 2781.1
1353420 2784.7
1353430 2793.7
1353440 2793.7
1353450 2810.8
1353460 2833.0
1353470 2843.4
1353480 2843.4
1353490 2855.1
1353500 2867.9
1353510 2867.9
1353520 2882.1
1353530 2892.1
1353540 2892.1
1353550 2894.8
1353560 2893.8
1353570 2893.8
1353580 2890.8
1353590 2887.9
1353600 2887.9
1353610 2885.1
1353620 2884.5
1353630 2884.5
1353640 2887.2
1353650 2890.0
1353660 2890.0
1353670 2890.0
1353680 2893.0
1353690 2896.8
1353700 2896.8
1353710 2899.3
1353720 2900.6
1353730 2900.6
1353740 2902.7
1353750 2904.8
1353760 2904.8
1353770 2906.7
1353780 2908.6
1353790 2908.6
1353800 2910.4
1353810 2912.8
1353820 2912.8
1353830 2916.1
1353840 2920.0
1353850 2920.0
1353860 2923.7
1353870 2926.8
1353880 2930.4
1353890 2930.4
1353900 2934.3
1353910 2938.3
1353920 2938.3
1353930 2942.5
1353940 2946.8
1353950 2946.8
1353960 2951.1
1353970 2955.6
1353980 2955.6
1353990 2960.1
1354000 2964.6
1354010 2964.6
1354020 2969.1
1354030 2973.4
1354040 2973.4
1354050 2977.7
1354060 2982.7
1354070 2993.9
1354080 2993.9
1354090 3002.1
1354100 3011.6
1354110 3011.6
1354120 3021.2
1354130 3031.3
1354140 3031.3
1354150 3045.3
1354160 3058.6
1354170 3058.6
1354180 3070.0
1354190 3075.4
1354200 3075.4
1354210 3076.8
1354220 3078.5
1354230 3078.5
1354240 3079.4
1354250 3081.8
1354260 3084.0
1354270 3084.0
1354280 3085.7
1354290 3088.5
1354300 3088.5
1354310 3081.1
1354320 3073.3
1354330 3073.3
1354340 3065.6
1354350 3053.5
1354360 3053.5
1354370 3043.0
1354380 3050.2
1354390 3050.2
1354400 3047.6
1354410 3044.7
1354420 3044.7
1354430 3045.3
1354440 3035.4
1354450 3021.7
1354460 3021.7
1354470 3009.1
1354480 3001.2
1354490 3001.2
1354500 2999.8
1354510 2994.2
1354520 2994.2
1354530 2987.8
1354540 2980.0
1354550 2980.0
1354560 2975.0
1354570 2975.0
1354580 2975.0
1354590 2969.9
1354600 2963.1
1354610 2963.1
1354620 2958.9
1354630 2955.2
1354640 2957.9
1354650 2957.9
1354660 2958.9
1354670 2958.6
1354680 2958.6
1354690 2954.8
1354700 2950.8
1354710 2950.8
1354720 2957.3
1354730 2965.7
1354740 2965.7
1354750 2962.5
1354760 2960.1
1354770 2960.1
1354780 2958.1
1354790 2958.2
1354800 2958.2
1354810 2946.7
1354820 2929.4
1354830 2917.8
1354840 2917.8
1354850 2911.4
1354860 2911.6
1354870 2911.6
1354880 2909.9
1354890 2907.8
1354900 2907.8
1354910 2905.2
1354920 2903.0
1354930 2903.0
1354940 2902.5
1354950 2901.8
1354960 2901.8
1354970 2905.8
1354980 2915.0
1354990 2915.0
1355000 2906.3
1355010 2900.0
1355020 2900.0
1355030 2909.7
1355040 2919.7
1355050 2907.8
1355060 2907.8
1355070 2903.8
1355080 2901.0
1355090 2901.0
1355100 2894.9
1355110 2892.0
1355120 2892.0
1355130 2884.3
1355140 2886.1
1355150 2886.1
1355160 2900.6
1355170 2901.4
1355180 2901.4
1355190 2894.6
1355200 2890.6
1355210 2890.6
1355220 2888.4
1355230 2886.4
1355240 2881.9
1355250 2881.9
1355260 2873.2
1355270 2863.3
1355280 2863.3
1355290 2849.8
1355300 2838.3
1355310 2838.3
1355320 2839.6
1355330 2854.2
1355340 2854.2
1355350 2867.1
1355360 2873.7
1355370 2873.7
1355380 2876.7
1355390 2879.8
1355400 2879.8
1355410 2881.8
1355420 2883.2
1355430 2887.5
1355440 2887.5
1355450 2892.9
1355460 2899.0
1355470 2899.0
1355480 2902.9
1355490 2906.1
1355500 2906.1
1355510 2910.6
1355520 2916.2
1355530 2916.2
1355540 2922.9
1355550 2930.3
1355560 2930.3
1355570 2937.6
1355580 2944.9
1355590 2944.9
1355600 2952.6
1355610 2960.1
1355620 2969.1
1355630 2969.1
1355640 2978.2
1355650 2988.8
1355660 2988.8
1355670 2992.5
1355680 2985.9
1355690 2985.9
1355700 2975.5
1355710 2967.5
1355720 2967.5
1355730 2961.3
1355740 2956.3
1355750 2956.3
1355760 2953.3
1355770 2947.6
1355780 2947.6
1355790 2941.9
1355800 2939.0
1355810 2937.7
1355820 2937.7
1355830 2934.9
1355840 2931.5
1355850 2931.5
1355860 2928.3
1355870 2927.8
1355880 2927.8
1355890 2929.1
1355900 2926.0
1355910 2926.0
1355920 2920.7
1355930 2916.1
1355940 2916.1
1355950 2910.0
1355960 2904.2
1355970 2904.2
1355980 2899.7
1355990 2895.8
1356000 2892.1
1356010 2892.1
1356020 2887.8
1356030 2865.5
1356040 2865.5
1356050 2845.6
1356060 2836.0
1356070 2836.0
1356080 2831.3
1356090 2824.1
1356100 2824.1
1356110 2806.4
1356120 2792.2
1356130 2792.2
1356140 2777.6
1356150 2765.8
1356160 2765.8
1356170 2757.6
1356180 2748.9
1356190 2748.9
1356200 2742.9
1356210 2737.2
1356220 2724.7
1356230 2724.7
1356240 2710.4
1356250 2699.4
1356260 2699.4
1356270 2687.6
1356280 2666.9
1356290 2666.9
1356300 2650.9
1356310 2643.2
1356320 2643.2
1356330 2636.6
1356340 2630.5
1356350 2630.5
1356360 2625.3
1356370 2621.6
1356380 2621.6
1356390 2615.9
1356400 2608.5
1356410 2600.9
1356420 2600.9
1356430 2596.1
1356440 2597.2
1356450 2597.2
1356460 2594.2
1356470 2589.1
1356480 2589.1
1356490 2583.5
1356500 2582.6
1356510 2582.6
1356520 2585.6
1356530 2589.9
1356540 2589.9
1356550 2591.0
1356560 2590.3
1356570 2590.3
1356580 2586.6
1356590 2582.2
1356600 2580.5
1356610 2580.5
1356620 2579.6
1356630 2577.6
1356640 2577.6
1356650 2576.3
1356660 2574.9
1356670 2574.9
1356680 2574.7
1356690 2574.1
1356700 2574.1
1356710 2573.4
1356720 2574.1
1356730 2574.1
1356740 2575.2
1356750 2576.2
1356760 2576.2
1356770 2580.6
1356780 2584.7
1356790 2583.8
1356800 2583.8
1356810 2582.9
1356820 2579.5
1356830 2579.5
1356840 2572.1
1356850 2562.6
1356860 2562.6
1356870 2556.8
1356880 2554.5
1356890 2554.5
1356900 2552.5
1356910 2548.7
1356920 2548.7
1356930 2541.5
1356940 2535.6
1356950 2535.6
1356960 2535.7
1356970 2539.4
1356980 2546.3
1356990 2546.3
1357000 2546.8
1357010 2545.4
1357020 2538.5
1357030 2538.9
1357040 2540.1
1357050 2540.1
1357060 2540.2
1357070 2541.7
1357080 2541.7
1357090 2544.1
1357100 2547.0
1357110 2547.0
1357120 2550.5
1357130 2554.9
1357140 2554.9
1357150 2558.0
1357160 2559.8
1357170 2558.2
1357180 2558.2
1357190 2553.8
1357200 2557.5
1357210 2557.5
1357220 2559.6
1357230 2559.6
1357240 2559.6
1357250 2560.9
1357260 2562.1
1357270 2562.1
1357280 2558.4
1357290 2553.1
1357300 2553.1
1357310 2549.2
1357320 2545.2
1357330 2545.2
1357340 2538.1
1357350 2524.3
1357360 2509.7
1357370 2509.7
1357380 2496.1
1357390 2483.9
1357400 2483.9
1357410 2475.9
1357420 2462.4
1357430 2462.4
1357440 2450.4
1357450 2438.1
1357460 2438.1
1357470 2423.7
1357480 2415.7
1357490 2415.7
1357500 2408.3
1357510 2401.1
1357520 2401.1
1357530 2394.1
1357540 2387.0
1357550 2387.0
1357560 2379.8
1357570 2374.0
1357580 2369.3
1357590 2369.3
1357600 2365.5
1357610 2361.8
1357620 2361.8
1357630 2358.7
1357640 2355.7
1357650 2355.7
1357660 2352.9
1357670 2350.0
1357680 2350.0
1357690 2348.4
1357700 2349.6
1357710 2349.6
1357720 2351.1
1357730 2352.9
1357740 2352.9
1357750 2353.8
1357760 2355.4
1357770 2357.3
1357780 2357.3
1357790 2359.6
1357800 2361.9
1357810 2361.9
1357820 2364.1
1357830 2366.3
1357840 2366.3
1357850 2367.8
1357860 2368.0
1357870 2368.0
1357880 2368.4
1357890 2370.3
1357900 2370.3
1357910 2372.6
1357920 2373.7
1357930 2373.7
1357940 2374.6
1357950 2375.4
1357960 2376.8
1357970 2376.8
1357980 2377.0
1357990 2377.6
1358000 2377.6
1358010 2374.8
1358020 2375.9
1358030 2375.9
1358040 2373.0
1358050 2370.8
1358060 2370.8
1358070 2370.3
1358080 2371.1
1358090 2371.1
1358100 2371.5
1358110 2372.4
1358120 2372.4
1358130 2373.5
1358140 2373.3
1358150 2373.5
1358160 2373.5
1358170 2375.7
1358180 2377.5
1358190 2377.5
1358200 2379.2
1358210 2381.2
1358220 2381.2
1358230 2383.1
1358240 2384.9
1358250 2384.9
1358260 2386.5
1358270 2387.7
1358280 2387.7
1358290 2389.2
1358300 2390.0
1358310 2390.0
1358320 2390.6
1358330 2391.5
1358340 2392.9
1358350 2392.9
1358360 2393.5
1358370 2394.4
1358380 2394.4
1358390 2394.8
1358400 2395.0
1358410 2395.0
1358420 2395.6
1358430 2397.0
1358440 2397.0
1358450 2397.9
1358460 2397.2
1358470 2397.2
1358480 2396.8
1358490 2396.9
1358500 2396.9
1358510 2396.8
1358520 2397.5
1358530 2399.2
1358540 2399.2
1358550 2400.0
1358560 2400.4
1358570 2400.4
1358580 2400.3
1358590 2400.4
1358600 2400.4
1358610 2400.4
1358620 2400.9
1358630 2400.9
1358640 2401.6
1358650 2402.4
1358660 2402.4
1358670 2403.3
1358680 2405.1
1358690 2405.1
1358700 2407.8
1358710 2410.8
1358720 2410.8
1358730 2412.6
1358740 2411.9
1358750 2409.3
1358760 2409.3
1358770 2409.0
1358780 2412.6
1358790 2412.6
1358800 2415.3
1358810 2416.4
1358820 2416.4
1358830 2416.1
1358840 2415.6
1358850 2415.6
1358860 2413.6
1358870 2412.6
1358880 2412.6
1358890 2411.7
1358900 2412.0
1358910 2412.0
1358920 2413.3
1358930 2415.6
1358940 2418.5
1358950 2418.5
1358960 2420.8
1358970 2422.5
1358980 2422.5
1358990 2423.5
1359000 2424.3
1359010 2424.3
1359020 2417.2
1359030 2417.9
1359040 2417.9
1359050 2418.3
1359060 2418.2
1359070 2418.2
1359080 2413.5
1359090 2407.6
1359100 2407.6
1359110 2400.3
1359120 2389.6
1359130 2380.3
1359140 2380.3
1359150 2376.0
1359160 2372.7
1359170 2372.7
1359180 2369.8
1359190 2366.9
1359200 2366.9
1359210 2364.1
1359220 2359.9
1359230 2359.9
1359240 2353.4
1359250 2348.6
1359260 2348.6
1359270 2344.3
1359280 2339.6
1359290 2339.6
1359300 2333.7
1359310 2324.1
1359320 2313.4
1359330 2313.4
1359340 2305.8
1359350 2299.8
1359360 2299.8
1359370 2293.6
1359380 2287.7
1359390 2287.7
1359400 2282.5
1359410 2277.6
1359420 2277.6
1359430 2271.5
1359440 2265.3
1359450 2265.3
1359460 2259.6
1359470 2253.2
1359480 2253.2
1359490 2247.4
1359500 2242.9
1359510 2238.3
1359520 2238.3
1359530 2233.5
1359540 2228.9
1359550 2228.9
1359560 2224.9
1359570 2220.9
1359580 2220.9
1359590 2216.8
1359600 2213.0
1359610 2213.0
1359620 2209.6
1359630 2206.2
1359640 2206.2
1359650 2202.8
1359660 2199.8
1359670 2199.8
1359680 2197.1
1359690 2193.9
1359700 2191.6
1359710 2191.6
1359720 2189.7
1359730 2185.8
1359740 2185.8
1359750 2182.0
1359760 2177.4
1359770 2177.4
1359780 2171.3
1359790 2164.9
1359800 2164.9
1359810 2157.7
1359820 2150.6
1359830 2150.6
1359840 2144.1
1359850 2137.3
1359860 2137.3
1359870 2130.3
1359880 2122.4
1359890 2114.7
1359900 2114.7
1359910 2107.3
1359920 2100.0
1359930 2100.0
1359940 2092.7
1359950 2085.7
1359960 2085.7
1359970 2079.3
1359980 2072.9
1359990 2072.9
