1353630 2971.5
1353640 2971.5
1353650 2973.4
1353660 2977.2
1353670 2977.2
1353680 2980.7
1353690 2984.1
1353700 2984.1
1353710 2987.0
1353720 2988.1
1353730 2988.1
1353740 2987.7
1353750 2987.7
1353760 2987.7
1353770 2988.3
1353780 2989.8
1353790 2990.9
1353800 2990.9
1353810 2991.9
1353820 2993.7
1353830 2993.7
1353840 2995.9
1353850 3000.4
1353860 3000.4
1353870 3003.5
1353880 3005.1
1353890 3005.1
1353900 3008.3
1353910 3011.7
1353920 3011.7
1353930 3015.4
1353940 3020.7
1353950 3020.7
1353960 3026.3
1353970 3033.1
1353980 3039.8
1353990 3039.8
1354000 3045.1
1354010 3050.3
1354020 3050.3
1354030 3055.0
1354040 3060.5
1354050 3060.5
1354060 3066.8
1354070 3073.4
1354080 3073.4
1354090 3080.1
1354100 3085.8
1354110 3085.8
1354120 3091.2
1354130 3096.7
1354140 3096.7
1354150 3102.9
1354160 3108.3
1354170 3113.3
1354180 3113.3
1354190 3118.7
1354200 3124.4
1354210 3124.4
1354220 3131.6
1354230 3139.1
1354240 3139.1
1354250 3146.9
1354260 3156.3
1354270 3156.3
1354280 3163.5
1354290 3170.8
1354300 3170.8
1354310 3176.5
1354320 3181.4
1354330 3181.4
1354340 3186.1
1354350 3190.5
1354360 3195.9
1354370 3195.9
1354380 3202.1
1354390 3209.3
1354400 3199.2
1354410 3205.1
1354420 3211.3
1354430 3211.3
1354440 3215.2
1354450 3208.4
1354460 3208.4
1354470 3199.6
1354480 3190.2
1354490 3190.2
1354500 3184.0
1354510 3177.1
1354520 3177.1
1354530 3165.5
1354540 3155.9
1354550 3147.8
1354560 3147.8
1354570 3137.6
1354580 3126.7
1354590 3126.7
1354600 3117.6
1354610 3107.3
1354620 3107.3
1354630 3099.2
1354640 3096.6
1354650 3096.6
1354660 3095.2
1354670 3089.4
1354680 3089.4
1354690 3078.0
1354700 3060.2
1354710 3060.2
1354720 3046.2
1354730 3031.3
1354740 3031.3
1354750 3018.2
1354760 3008.7
1354770 2998.0
1354780 2998.0
1354790 2991.7
1354800 2981.6
1354810 2981.6
1354820 2965.5
1354830 2936.1
1354840 2936.1
1354850 2911.1
1354860 2894.7
1354870 2894.7
1354880 2883.8
1354890 2873.2
1354900 2873.2
1354910 2862.8
1354920 2845.7
1354930 2845.7
1354940 2828.1
1354950 2819.5
1354960 2813.7
1354970 2813.7
1354980 2808.3
1354990 2802.5
1355000 2802.5
1355010 2797.1
1355020 2792.9
1355030 2792.9
1355040 2790.0
1355050 2787.2
1355060 2787.2
1355070 2784.8
1355080 2782.3
1355090 2782.3
1355100 2779.6
1355110 2776.9
1355120 2776.9
1355130 2774.7
1355140 2771.8
1355150 2770.5
1355160 2770.5
1355170 2767.8
1355180 2763.4
1355190 2763.4
1355200 2759.1
1355210 2754.6
1355220 2754.6
1355230 2750.3
1355240 2745.8
1355250 2745.8
1355260 2742.0
1355270 2738.8
1355280 2738.8
1355290 2737.5
1355300 2736.7
1355310 2736.7
1355320 2737.2
1355330 2736.4
1355340 2735.6
1355350 2735.6
1355360 2735.4
1355370 2736.1
1355380 2739.3
1355390 2742.0
1355400 2744.9
1355410 2744.9
1355420 2747.2
1355430 2747.3
1355440 2747.3
1355450 2746.7
1355460 2748.2
1355470 2748.2
1355480 2749.9
1355490 2749.8
1355500 2749.8
1355510 2748.6
1355520 2747.7
1355530 2746.7
1355540 2746.7
1355550 2745.5
1355560 2744.1
1355570 2744.1
1355580 2743.3
1355590 2743.3
1355600 2743.3
1355610 2743.6
1355620 2744.2
1355630 2744.2
1355640 2744.9
1355650 2745.6
1355660 2745.6
1355670 2746.3
1355680 2746.5
1355690 2746.5
1355700 2747.0
1355710 2747.3
1355720 2747.3
1355730 2747.5
1355740 2747.8
1355750 2748.1
1355760 2748.1
1355770 2748.4
1355780 2749.2
1355790 2749.2
1355800 2749.4
1355810 2749.4
1355820 2749.4
1355830 2749.6
1355840 2750.5
1355850 2750.5
1355860 2751.0
1355870 2751.9
1355880 2751.9
1355890 2752.9
1355900 2754.4
1355910 2754.4
1355920 2757.7
1355930 2762.1
1355940 2766.5
1355950 2766.5
1355960 2770.8
1355970 2777.5
1355980 2777.5
1355990 2784.3
1356000 2786.5
1356010 2786.5
1356020 2788.0
1356030 2790.1
1356040 2790.1
1356050 2792.5
1356060 2793.9
1356070 2793.9
1356080 2796.0
1356090 2797.0
1356100 2797.0
1356110 2797.3
1356120 2796.9
1356130 2797.5
1356140 2797.5
1356150 2799.6
1356160 2800.1
1356170 2800.1
1356180 2795.5
1356190 2785.4
1356200 2785.4
1356210 2776.3
1356220 2767.3
1356230 2767.3
1356240 2758.6
1356250 2750.4
1356260 2750.4
1356270 2743.2
1356280 2735.6
1356290 2735.6
1356300 2729.6
1356310 2722.4
1356320 2715.8
1356330 2715.8
1356340 2709.4
1356350 2703.2
1356360 2707.8
1356370 2702.1
1356380 2697.0
1356390 2697.0
1356400 2691.7
1356410 2686.7
1356420 2686.7
1356430 2681.8
1356440 2676.8
1356450 2676.8
1356460 2671.9
1356470 2666.7
1356480 2666.7
1356490 2661.4
1356500 2656.1
1356510 2650.7
1356520 2650.7
1356530 2645.2
1356540 2639.7
1356550 2639.7
1356560 2634.3
1356570 2628.7
1356580 2628.7
1356590 2623.2
1356600 2617.9
1356610 2617.9
1356620 2612.9
1356630 2608.3
1356640 2608.3
1356650 2603.9
1356660 2599.5
1356670 2599.5
1356680 2595.2
1356690 2590.6
1356700 2585.9
1356710 2585.9
1356720 2581.4
1356730 2577.3
1356740 2577.3
1356750 2573.6
1356760 2570.9
1356770 2570.9
1356780 2568.5
1356790 2566.2
1356800 2566.2
1356810 2565.6
1356820 2566.1
1356830 2566.1
1356840 2566.4
1356850 2565.9
1356860 2565.9
1356870 2565.2
1356880 2564.2
1356890 2564.2
1356900 2563.0
1356910 2562.1
1356920 2560.3
1356930 2560.3
1356940 2557.8
1356950 2554.2
1356960 2554.2
1356970 2552.2
1356980 2552.1
1356990 2552.1
1357000 2552.7
1357010 2554.6
1357020 2554.6
1357030 2558.2
1357040 2562.1
1357050 2562.1
1357060 2566.5
1357070 2570.0
1357080 2570.0
1357090 2572.3
1357100 2573.8
1357110 2574.0
1357120 2574.0
1357130 2575.4
1357140 2576.7
1357150 2576.7
1357160 2577.4
1357170 2577.7
1357180 2577.7
1357190 2577.7
1357200 2577.9
1357210 2577.9
1357220 2577.6
1357230 2577.4
1357240 2577.4
1357250 2577.5
1357260 2578.0
1357270 2578.0
1357280 2578.4
1357290 2579.4
1357300 2578.8
1357310 2578.8
1357320 2577.4
1357330 2576.7
1357340 2576.7
1357350 2575.9
1357360 2575.0
1357370 2575.0
1357380 2575.3
1357390 2575.1
1357400 2575.1
1357410 2575.5
1357420 2575.2
1357430 2575.2
1357440 2574.5
1357450 2574.7
1357460 2574.7
1357470 2574.4
1357480 2574.0
1357490 2573.8
1357500 2573.8
1357510 2573.4
1357520 2572.9
1357530 2572.9
1357540 2571.8
1357550 2569.0
1357560 2569.0
1357570 2568.1
1357580 2567.5
1357590 2567.5
1357600 2567.1
1357610 2566.9
1357620 2566.9
1357630 2565.7
1357640 2566.0
1357650 2566.0
1357660 2565.5
1357670 2565.2
1357680 2566.2
1357690 2566.2
1357700 2568.9
1357710 2573.1
1357720 2573.1
1357730 2577.8
1357740 2581.5
1357750 2581.5
1357760 2584.6
1357770 2587.8
1357780 2587.8
1357790 2590.9
1357800 2595.4
1357810 2595.4
1357820 2598.1
1357830 2599.7
1357840 2599.7
1357850 2602.6
1357860 2606.7
1357870 2606.7
1357880 2610.6
1357890 2614.2
1357900 2617.8
1357910 2617.8
1357920 2621.8
1357930 2625.5
1357940 2625.5
1357950 2628.9
1357960 2632.1
1357970 2632.1
1357980 2635.5
1357990 2639.2
1358000 2639.2
1358010 2646.0
1358020 2662.3
1358030 2662.3
1358040 2671.1
1358050 2674.3
1358060 2674.3
1358070 2678.4
1358080 2683.3
1358090 2688.9
1358100 2688.9
1358110 2699.5
1358120 2708.1
1358130 2708.1
1358140 2711.5
1358150 2719.1
1358160 2719.1
1358170 2729.6
1358180 2740.4
1358190 2740.4
1358200 2780.2
1358210 2805.1
1358220 2805.1
1358230 2812.1
1358240 2815.2
1358250 2815.2
1358260 2816.8
1358270 2823.6
1358280 2823.0
1358290 2823.0
1358300 2815.9
1358310 2810.8
1358320 2810.8
1358330 2806.8
1358340 2803.0
1358350 2809.6
1358360 2803.3
1358370 2798.9
1358380 2798.9
1358390 2796.8
1358400 2793.9
1358410 2793.9
1358420 2790.9
1358430 2788.1
1358440 2788.1
1358450 2781.0
1358460 2777.5
1358470 2777.6
1358480 2777.6
1358490 2771.7
1358500 2762.3
1358510 2762.3
1358520 2752.8
1358530 2741.9
1358540 2741.9
1358550 2731.6
1358560 2721.9
1358570 2721.9
1358580 2715.1
1358590 2710.6
1358600 2710.6
1358610 2707.4
1358620 2697.3
1358630 2697.3
1358640 2682.5
1358650 2670.8
1358660 2662.6
1358670 2662.6
1358680 2657.8
1358690 2655.4
1358700 2655.4
1358710 2653.5
1358720 2645.2
1358730 2645.2
1358740 2634.8
1358750 2629.5
1358760 2629.5
1358770 2623.5
1358780 2610.6
1358790 2610.6
1358800 2601.9
1358810 2597.3
1358820 2597.3
1358830 2582.2
1358840 2564.4
1358850 2564.4
1358860 2545.0
1358870 2530.8
1358880 2520.6
1358890 2520.6
1358900 2512.9
1358910 2505.4
1358920 2505.4
1358930 2497.8
1358940 2489.3
1358950 2489.3
1358960 2480.5
1358970 2471.4
1358980 2471.4
1358990 2458.5
1359000 2442.9
1359010 2442.9
1359020 2434.7
1359030 2426.1
1359040 2426.1
1359050 2416.7
1359060 2408.9
1359070 2401.1
1359080 2401.1
1359090 2395.1
1359100 2395.9
1359110 2395.9
1359120 2393.1
1359130 2385.4
1359140 2385.4
1359150 2379.6
1359160 2376.3
1359170 2376.3
1359180 2370.7
1359190 2365.6
1359200 2365.6
1359210 2361.5
1359220 2359.0
1359230 2359.0
1359240 2355.8
1359250 2351.6
1359260 2347.1
1359270 2347.1
1359280 2341.9
1359290 2335.9
1359300 2335.9
1359310 2328.4
1359320 2320.9
1359330 2320.9
1359340 2314.6
1359350 2307.9
1359360 2312.4
1359370 2305.2
1359380 2299.4
1359390 2299.4
1359400 2293.5
1359410 2286.7
1359420 2286.7
1359430 2280.0
1359440 2274.1
1359450 2268.2
1359460 2268.2
1359470 2262.5
1359480 2256.5
1359490 2256.5
1359500 2250.2
1359510 2245.1
1359520 2245.1
1359530 2240.1
1359540 2235.2
1359550 2235.2
1359560 2230.7
1359570 2225.8
1359580 2225.8
1359590 2220.3
1359600 2214.7
1359610 2214.7
1359620 2205.6
1359630 2195.3
1359640 2188.4
1359650 2188.4
1359660 2182.1
1359670 2176.3
1359680 2176.3
1359690 2170.3
1359700 2163.5
1359710 2163.5
1359720 2157.8
1359730 2152.0
1359740 2152.0
1359750 2145.7
1359760 2139.1
1359770 2139.1
1359780 2133.9
1359790 2129.5
1359800 2129.5
1359810 2124.8
1359820 2120.4
1359830 2117.3
1359840 2117.3
1359850 2113.5
1359860 2109.6
1359870 2109.6
1359880 2105.9
1359890 2102.8
1359900 2102.8
1359910 2099.2
1359920 2090.6
1359930 2090.6
1359940 2083.0
1359950 2079.8
1359960 2079.8
1359970 2076.8
1359980 2071.9
1359990 2071.9
