1352380 2794.4
1352390 2794.4
1352400 2795.2
1352410 2798.2
1352420 2798.2
1352430 2802.2
1352440 2805.7
1352450 2809.8
1352460 2809.8
1352470 2814.3
1352480 2819.0
1352490 2819.0
1352500 2823.6
1352510 2828.4
1352520 2828.4
1352530 2834.8
1352540 2843.5
1352550 2843.5
1352560 2848.6
1352570 2853.3
1352580 2853.3
1352590 2864.4
1352600 2874.7
1352610 2874.7
1352620 2882.1
1352630 2888.9
1352640 2896.0
1352650 2896.0
1352660 2902.7
1352670 2908.6
1352680 2908.6
1352690 2914.7
1352700 2921.1
1352710 2921.1
1352720 2929.0
1352730 2935.4
1352740 2935.4
1352750 2944.0
1352760 2953.8
1352770 2953.8
1352780 2959.8
1352790 2965.4
1352800 2965.4
1352810 2969.1
1352820 2971.8
1352830 2975.0
1352840 2975.0
1352850 2978.7
1352860 2980.9
1352870 2980.9
1352880 2982.3
1352890 2982.8
1352900 2982.8
1352910 2983.4
1352920 2984.4
1352930 2984.4
1352940 2987.5
1352950 2988.9
1352960 2988.9
1352970 2988.6
1352980 2988.2
1352990 2988.2
1353000 2988.3
1353010 2989.9
1353020 2989.9
1353030 2991.7
1353040 2994.4
1353050 2996.7
1353060 2996.7
1353070 2998.1
1353080 2998.0
1353090 2994.3
1353100 2991.7
1353110 2990.3
1353120 2990.3
1353130 2991.4
1353140 2993.6
1353150 2993.6
1353160 2993.1
1353170 2993.1
1353180 2993.1
1353190 2994.3
1353200 2995.2
1353210 2995.2
1353220 2996.3
1353230 2999.5
1353240 3001.2
1353250 3001.2
1353260 3003.1
1353270 3006.7
1353280 3006.7
1353290 3012.6
1353300 3019.5
1353310 3019.5
1353320 3025.6
1353330 3030.8
1353340 3030.8
1353350 3036.0
1353360 3041.5
1353370 3041.5
1353380 3048.5
1353390 3056.6
1353400 3056.6
1353410 3064.2
1353420 3070.7
1353430 3075.6
1353440 3075.6
1353450 3080.2
1353460 3084.6
1353470 3084.6
1353480 3089.8
1353490 3094.9
1353500 3094.9
1353510 3101.2
1353520 3111.4
1353530 3111.4
1353540 3119.3
1353550 3126.6
1353560 3126.6
1353570 3131.7
1353580 3136.9
1353590 3136.9
1353600 3141.1
1353610 3145.5
1353620 3147.2
1353630 3147.2
1353640 3141.6
1353650 3133.8
1353660 3133.8
1353670 3126.3
1353680 3119.1
1353690 3119.1
1353700 3106.0
1353710 3092.2
1353720 3092.2
1353730 3081.7
1353740 3067.2
1353750 3067.2
1353760 3054.4
1353770 3044.4
1353780 3044.4
1353790 3034.9
1353800 3025.5
1353810 3016.9
1353820 3016.9
1353830 3011.3
1353840 2996.8
1353850 2996.8
1353860 2964.4
1353870 2949.1
1353880 2949.1
1353890 2937.9
1353900 2927.2
1353910 2927.2
1353920 2919.1
1353930 2915.3
1353940 2915.3
1353950 2908.4
1353960 2892.3
1353970 2892.3
1353980 2875.3
1353990 2854.1
1354000 2854.1
1354010 2839.5
1354020 2833.1
1354030 2827.1
1354040 2827.1
1354050 2821.6
1354060 2814.5
1354070 2814.5
1354080 2807.1
1354090 2800.5
1354100 2800.5
1354110 2794.8
1354120 2789.6
1354130 2789.6
1354140 2784.8
1354150 2779.9
1354160 2779.9
1354170 2775.8
1354180 2772.1
1354190 2772.1
1354200 2768.4
1354210 2765.0
1354220 2761.7
1354230 2761.7
1354240 2758.6
1354250 2755.5
1354260 2755.5
1354270 2752.5
1354280 2749.6
1354290 2749.6
1354300 2746.7
1354310 2743.6
1354320 2743.6
1354330 2740.6
1354340 2738.0
1354350 2738.0
1354360 2735.4
1354370 2733.1
1354380 2733.1
1354390 2731.0
1354400 2729.3
1354410 2727.7
1354420 2727.7
1354430 2727.6
1354440 2728.2
1354450 2728.2
1354460 2729.0
1354470 2729.8
1354480 2729.8
1354490 2730.3
1354500 2730.5
1354510 2730.5
1354520 2729.8
1354530 2728.0
1354540 2728.0
1354550 2727.3
1354560 2728.9
1354570 2728.9
1354580 2730.2
1354590 2731.5
1354600 2733.2
1354610 2733.2
1354620 2734.3
1354630 2735.1
1354640 2735.1
1354650 2735.7
1354660 2736.5
1354670 2736.5
1354680 2738.2
1354690 2740.1
1354700 2740.1
1354710 2741.6
1354720 2742.5
1354730 2742.5
1354740 2743.5
1354750 2745.0
1354760 2745.0
1354770 2746.4
1354780 2746.6
1354790 2746.6
1354800 2746.4
1354810 2746.0
1354820 2745.6
1354830 2745.6
1354840 2745.2
1354850 2744.4
1354860 2744.4
1354870 2743.1
1354880 2741.6
1354890 2741.6
1354900 2740.5
1354910 2739.5
1354920 2739.5
1354930 2738.6
1354940 2738.2
1354950 2738.2
1354960 2738.3
1354970 2740.3
1354980 2740.3
1354990 2743.4
1355000 2746.5
1355010 2748.7
1355020 2751.4
1355030 2754.2
1355040 2757.1
1355050 2757.1
1355060 2758.9
1355070 2752.9
1355080 2752.9
1355090 2743.5
1355100 2736.0
1355110 2736.0
1355120 2729.3
1355130 2722.9
1355140 2722.9
1355150 2716.8
1355160 2710.4
1355170 2710.4
1355180 2703.6
1355190 2696.9
1355200 2689.8
1355210 2689.8
1355220 2682.7
1355230 2677.4
1355240 2677.4
1355250 2673.6
1355260 2672.2
1355270 2672.2
1355280 2671.9
1355290 2672.2
1355300 2672.2
1355310 2671.9
1355320 2672.3
1355330 2672.3
1355340 2672.4
1355350 2673.5
1355360 2673.5
1355370 2675.0
1355380 2675.8
1355390 2675.4
1355400 2675.4
1355410 2675.3
1355420 2675.9
1355430 2675.9
1355440 2678.3
1355450 2680.4
1355460 2680.4
1355470 2680.7
1355480 2677.2
1355490 2677.2
1355500 2672.8
1355510 2669.9
1355520 2669.9
1355530 2668.8
1355540 2667.7
1355550 2667.7
1355560 2667.2
1355570 2667.2
1355580 2667.2
1355590 2667.3
1355600 2668.4
1355610 2669.1
1355620 2669.1
1355630 2667.8
1355640 2664.6
1355650 2664.6
1355660 2661.6
1355670 2659.6
1355680 2659.6
1355690 2658.0
1355700 2656.1
1355710 2656.1
1355720 2654.5
1355730 2653.3
1355740 2653.3
1355750 2652.6
1355760 2654.0
1355770 2654.0
1355780 2659.9
1355790 2661.7
1355800 2658.9
1355810 2658.9
1355820 2655.6
1355830 2653.2
1355840 2653.2
1355850 2649.6
1355860 2644.4
1355870 2644.4
1355880 2640.3
1355890 2637.9
1355900 2637.9
1355910 2633.2
1355920 2627.1
1355930 2627.1
1355940 2622.1
1355950 2619.9
1355960 2619.9
1355970 2618.1
1355980 2615.6
1355990 2611.4
1356000 2611.4
1356010 2606.1
1356020 2600.8
1356030 2600.8
1356040 2596.8
1356050 2593.8
1356060 2593.8
1356070 2591.0
1356080 2589.7
1356090 2589.7
1356100 2588.4
1356110 2589.3
1356120 2589.3
1356130 2590.7
1356140 2592.9
1356150 2592.9
1356160 2596.5
1356170 2597.2
1356180 2597.1
1356190 2597.1
1356200 2597.6
1356210 2598.9
1356220 2598.9
1356230 2599.5
1356240 2598.2
1356250 2598.2
1356260 2596.1
1356270 2592.4
1356280 2592.4
1356290 2586.2
1356300 2581.1
1356310 2581.1
1356320 2573.9
1356330 2565.1
1356340 2565.1
1356350 2560.2
1356360 2559.4
1356370 2560.7
1356380 2560.7
1356390 2560.5
1356400 2558.8
1356410 2558.8
1356420 2556.6
1356430 2554.3
1356440 2554.3
1356450 2551.7
1356460 2548.2
1356470 2548.2
1356480 2544.1
1356490 2539.9
1356500 2539.9
1356510 2537.5
1356520 2535.7
1356530 2535.7
1356540 2533.7
1356550 2529.9
1356560 2529.9
1356570 2524.4
1356580 2520.1
1356590 2516.0
1356600 2516.0
1356610 2510.8
1356620 2506.0
1356630 2506.0
1356640 2499.2
1356650 2493.1
1356660 2493.1
1356670 2489.2
1356680 2485.8
1356690 2485.8
1356700 2481.9
1356710 2478.2
1356720 2478.2
1356730 2475.1
1356740 2473.3
1356750 2473.3
1356760 2474.5
1356770 2482.6
1356780 2482.4
1356790 2482.4
1356800 2480.0
1356810 2477.7
1356820 2477.7
1356830 2476.0
1356840 2476.1
1356850 2476.1
1356860 2476.0
1356870 2475.3
1356880 2475.3
1356890 2474.6
1356900 2473.4
1356910 2473.4
1356920 2472.4
1356930 2472.0
1356940 2472.0
1356950 2470.4
1356960 2468.3
1356970 2467.4
1356980 2467.4
1356990 2475.9
1357000 2477.5
1357010 2477.5
1357020 2473.9
1357030 2469.9
1357040 2469.9
1357050 2467.5
1357060 2468.3
1357070 2468.3
1357080 2472.4
1357090 2476.3
1357100 2476.3
1357110 2481.5
1357120 2486.2
1357130 2486.2
1357140 2488.6
1357150 2489.0
1357160 2486.3
1357170 2486.3
1357180 2484.0
1357190 2482.1
1357200 2482.1
1357210 2480.6
1357220 2482.1
1357230 2482.1
1357240 2483.2
1357250 2488.5
1357260 2488.5
1357270 2504.4
1357280 2521.0
1357290 2521.0
1357300 2532.7
1357310 2540.5
1357320 2540.5
1357330 2545.8
1357340 2550.6
1357350 2550.6
1357360 2555.2
1357370 2557.6
1357380 2558.4
1357390 2558.4
1357400 2558.9
1357410 2559.3
1357420 2559.3
1357430 2559.6
1357440 2558.1
1357450 2558.1
1357460 2550.6
1357470 2543.9
1357480 2543.9
1357490 2538.1
1357500 2532.2
1357510 2532.2
1357520 2524.2
1357530 2514.7
1357540 2514.7
1357550 2503.4
1357560 2496.1
1357570 2489.2
1357580 2489.2
1357590 2480.5
1357600 2474.2
1357610 2474.2
1357620 2470.4
1357630 2466.7
1357640 2466.7
1357650 2462.3
1357660 2458.0
1357670 2458.0
1357680 2454.0
1357690 2451.8
1357700 2451.8
1357710 2449.7
1357720 2443.8
1357730 2443.8
1357740 2438.3
1357750 2428.8
1357760 2420.0
1357770 2420.0
1357780 2411.6
1357790 2406.5
1357800 2406.5
1357810 2403.0
1357820 2399.5
1357830 2399.5
1357840 2394.4
1357850 2389.3
1357860 2389.3
1357870 2383.4
1357880 2377.6
1357890 2377.6
1357900 2371.9
1357910 2364.5
1357920 2364.5
1357930 2357.8
1357940 2352.5
1357950 2347.3
1357960 2347.3
1357970 2341.5
1357980 2335.2
1357990 2338.7
1358000 2329.5
1358010 2319.0
1358020 2319.0
1358030 2310.8
1358040 2304.1
1358050 2304.1
1358060 2295.8
1358070 2289.0
1358080 2289.0
1358090 2283.6
1358100 2278.4
1358110 2278.4
1358120 2271.6
1358130 2265.6
1358140 2265.6
1358150 2261.0
1358160 2256.7
1358170 2252.2
1358180 2252.2
1358190 2248.4
1358200 2243.9
1358210 2243.9
1358220 2237.4
1358230 2229.8
1358240 2229.8
1358250 2215.6
1358260 2202.4
1358270 2202.4
1358280 2192.4
1358290 2182.5
1358300 2182.5
1358310 2174.1
1358320 2166.4
1358330 2166.4
1358340 2158.6
1358350 2150.9
1358360 2143.5
1358370 2143.5
1358380 2137.8
1358390 2134.3
1358400 2134.3
1358410 2130.6
1358420 2126.3
1358430 2126.3
1358440 2121.8
1358450 2117.1
1358460 2117.1
1358470 2109.6
1358480 2096.8
1358490 2096.8
1358500 2096.0
1358510 2097.4
1358520 2097.4
1358530 2093.9
1358540 2089.6
1358550 2078.8
1358560 2078.8
1358570 2065.5
1358580 2060.1
1358590 2060.1
1358600 2053.5
1358610 2046.9
1358620 2046.9
1358630 2041.6
1358640 2036.3
1358650 2036.3
1358660 2030.2
1358670 2025.0
1358680 2025.0
1358690 2020.9
1358700 2018.6
1358710 2018.6
1358720 2016.8
1358730 2013.6
1358740 2007.1
1358750 2007.1
1358760 1994.3
1358770 1981.8
1358780 1981.8
1358790 1972.4
1358800 1960.6
1358810 1960.6
1358820 1952.1
1358830 1946.9
1358840 1946.9
1358850 1938.8
1358860 1927.8
1358870 1927.8
1358880 1919.3
1358890 1919.7
1358900 1919.7
1358910 1917.1
1358920 1910.9
1358930 1903.7
1358940 1903.7
1358950 1894.9
1358960 1886.3
1358970 1886.3
1358980 1881.6
1358990 1877.5
1359000 1881.8
1359010 1877.1
1359020 1873.8
1359030 1873.8
1359040 1871.4
1359050 1869.6
1359060 1869.6
1359070 1868.2
1359080 1865.6
1359090 1865.6
1359100 1861.9
1359110 1858.1
1359120 1858.1
1359130 1853.8
1359140 1848.8
1359150 1845.2
1359160 1845.2
1359170 1842.0
1359180 1838.0
1359190 1838.0
1359200 1833.8
1359210 1828.8
1359220 1828.8
1359230 1824.5
1359240 1820.4
1359250 1820.4
1359260 1816.2
1359270 1812.6
1359280 1812.6
1359290 1809.0
1359300 1805.3
1359310 1805.3
1359320 1801.3
1359330 1797.9
1359340 1794.9
1359350 1794.9
1359360 1791.9
1359370 1789.1
1359380 1789.1
1359390 1786.0
1359400 1783.2
1359410 1783.2
1359420 1783.0
1359430 1784.0
1359440 1784.0
1359450 1784.3
1359460 1784.7
1359470 1784.7
1359480 1785.4
1359490 1786.2
1359500 1786.2
1359510 1786.9
1359520 1787.4
1359530 1788.2
1359540 1788.2
1359550 1789.2
1359560 1790.1
1359570 1790.1
1359580 1791.6
1359590 1793.0
1359600 1793.0
1359610 1794.1
1359620 1794.9
1359630 1794.9
1359640 1795.9
1359650 1796.6
1359660 1796.6
1359670 1797.7
1359680 1799.0
1359690 1799.0
1359700 1800.6
1359710 1802.5
1359720 1804.9
1359730 1804.9
1359740 1807.3
1359750 1809.7
1359760 1809.7
1359770 1811.2
1359780 1812.5
1359790 1812.5
1359800 1813.4
1359810 1815.0
1359820 1815.0
1359830 1817.4
1359840 1819.5
1359850 1819.5
1359860 1821.5
1359870 1823.8
1359880 1823.8
1359890 1823.8
1359900 1823.5
1359910 1823.5
1359920 1823.9
1359930 1825.3
1359940 1826.8
1359950 1826.8
1359960 1828.3
1359970 1827.8
1359980 1827.8
1359990 1830.9
