1353110 2860.8
1353120 2861.6
1353130 2861.6
1353140 2863.3
1353150 2865.8
1353160 2865.8
1353170 2868.8
1353180 2871.3
1353190 2871.6
1353200 2871.6
1353210 2873.9
1353220 2875.9
1353230 2875.9
1353240 2878.2
1353250 2880.0
1353260 2880.0
1353270 2881.1
1353280 2883.3
1353290 2883.3
1353300 2887.7
1353310 2894.7
1353320 2894.7
1353330 2902.2
1353340 2909.3
1353350 2909.3
1353360 2913.5
1353370 2918.2
1353380 2918.2
1353390 2923.0
1353400 2926.3
1353410 2929.5
1353420 2929.5
1353430 2932.8
1353440 2936.2
1353450 2936.2
1353460 2939.9
1353470 2944.4
1353480 2944.4
1353490 2949.5
1353500 2954.5
1353510 2954.5
1353520 2959.5
1353530 2964.5
1353540 2964.5
1353550 2969.3
1353560 2972.1
1353570 2972.1
1353580 2975.8
1353590 2980.5
1353600 2983.3
1353610 2983.3
1353620 2986.7
1353630 2990.3
1353640 2990.3
1353650 2995.9
1353660 3002.3
1353670 3002.3
1353680 3010.8
1353690 3016.9
1353700 3016.9
1353710 3022.4
1353720 3030.2
1353730 3030.2
1353740 3037.1
1353750 3043.9
1353760 3043.9
1353770 3054.1
1353780 3064.7
1353790 3075.2
1353800 3075.2
1353810 3088.1
1353820 3100.3
1353830 3100.3
1353840 3111.4
1353850 3130.2
1353860 3130.2
1353870 3143.9
1353880 3136.2
1353890 3136.2
1353900 3122.6
1353910 3106.8
1353920 3106.8
1353930 3092.5
1353940 3077.9
1353950 3077.9
1353960 3065.6
1353970 3052.1
1353980 3023.9
1353990 3023.9
1354000 2997.7
1354010 2977.2
1354020 2977.2
1354030 2960.2
1354040 2952.2
1354050 2952.2
1354060 2946.1
1354070 2941.0
1354080 2941.0
1354090 2937.0
1354100 2933.4
1354110 2933.4
1354120 2929.5
1354130 2925.5
1354140 2925.5
1354150 2921.4
1354160 2921.9
1354170 2921.9
1354180 2917.6
1354190 2913.4
1354200 2909.1
1354210 2909.1
1354220 2904.8
1354230 2900.6
1354240 2900.6
1354250 2896.6
1354260 2892.4
1354270 2892.4
1354280 2888.0
1354290 2883.2
1354300 2883.2
1354310 2878.0
1354320 2872.5
1354330 2872.5
1354340 2866.8
1354350 2861.2
1354360 2861.2
1354370 2855.7
1354380 2850.7
1354390 2846.0
1354400 2846.0
1354410 2841.5
1354420 2837.6
1354430 2837.6
1354440 2834.2
1354450 2831.5
1354460 2831.5
1354470 2830.2
1354480 2829.9
1354490 2829.9
1354500 2828.9
1354510 2826.5
1354520 2826.5
1354530 2823.9
1354540 2821.4
1354550 2821.4
1354560 2808.7
1354570 2786.2
1354580 2774.2
1354590 2774.2
1354600 2766.4
1354610 2759.5
1354620 2759.5
1354630 2753.3
1354640 2747.1
1354650 2747.1
1354660 2740.5
1354670 2733.9
1354680 2733.9
1354690 2728.5
1354700 2723.2
1354710 2723.2
1354720 2718.7
1354730 2715.1
1354740 2715.1
1354750 2710.8
1354760 2707.5
1354770 2705.1
1354780 2705.1
1354790 2702.1
1354800 2699.6
1354810 2699.6
1354820 2697.4
1354830 2694.6
1354840 2694.6
1354850 2691.8
1354860 2689.6
1354870 2689.6
1354880 2687.9
1354890 2685.4
1354900 2685.4
1354910 2682.4
1354920 2679.8
1354930 2679.8
1354940 2677.3
1354950 2675.4
1354960 2675.3
1354970 2675.3
1354980 2675.2
1354990 2676.1
1355000 2676.1
1355010 2676.9
1355020 2677.9
1355030 2677.9
1355040 2679.1
1355050 2680.4
1355060 2680.4
1355070 2681.4
1355080 2681.7
1355090 2681.7
1355100 2682.6
1355110 2683.7
1355120 2683.7
1355130 2684.2
1355140 2683.4
1355150 2683.4
1355160 2682.6
1355170 2682.3
1355180 2682.1
1355190 2682.1
1355200 2681.8
1355210 2682.3
1355220 2682.3
1355230 2682.2
1355240 2682.4
1355250 2682.4
1355260 2682.5
1355270 2681.5
1355280 2681.5
1355290 2676.5
1355300 2670.4
1355310 2670.4
1355320 2664.7
1355330 2663.5
1355340 2663.5
1355350 2663.5
1355360 2663.4
1355370 2663.3
1355380 2663.3
1355390 2663.3
1355400 2663.3
1355410 2663.3
1355420 2663.4
1355430 2664.2
1355440 2664.2
1355450 2666.9
1355460 2669.9
1355470 2669.9
1355480 2672.5
1355490 2673.5
1355500 2673.5
1355510 2675.0
1355520 2676.8
1355530 2676.8
1355540 2678.3
1355550 2679.3
1355560 2679.6
1355570 2679.6
1355580 2679.4
1355590 2678.6
1355600 2678.6
1355610 2678.6
1355620 2678.5
1355630 2678.5
1355640 2680.2
1355650 2682.2
1355660 2682.2
1355670 2684.7
1355680 2686.0
1355690 2686.0
1355700 2686.8
1355710 2689.0
1355720 2689.0
1355730 2691.8
1355740 2693.5
1355750 2694.1
1355760 2694.1
1355770 2696.8
1355780 2697.7
1355790 2697.7
1355800 2695.6
1355810 2696.6
1355820 2696.6
1355830 2699.6
1355840 2702.1
1355850 2702.1
1355860 2703.4
1355870 2704.9
1355880 2704.9
1355890 2705.8
1355900 2705.6
1355910 2705.6
1355920 2704.0
1355930 2701.6
1355940 2700.1
1355950 2700.1
1355960 2699.3
1355970 2700.4
1355980 2700.4
1355990 2702.4
1356000 2700.5
1356010 2700.5
1356020 2700.0
1356030 2699.8
1356040 2699.8
1356050 2697.0
1356060 2687.8
1356070 2687.8
1356080 2680.6
1356090 2676.4
1356100 2676.4
1356110 2676.6
1356120 2676.2
1356130 2676.2
1356140 2677.2
1356150 2679.5
1356160 2682.0
1356170 2682.0
1356180 2682.7
1356190 2682.5
1356200 2682.5
1356210 2683.1
1356220 2685.9
1356230 2685.9
1356240 2689.3
1356250 2691.3
1356260 2691.3
1356270 2690.2
1356280 2688.9
1356290 2688.9
1356300 2688.8
1356310 2689.9
1356320 2689.9
1356330 2691.1
1356340 2692.0
1356350 2693.2
1356360 2693.2
1356370 2694.5
1356380 2698.5
1356390 2698.5
1356400 2706.9
1356410 2720.9
1356420 2720.9
1356430 2731.5
1356440 2735.0
1356450 2735.0
1356460 2740.5
1356470 2745.5
1356480 2745.5
1356490 2750.9
1356500 2753.1
1356510 2753.1
1356520 2748.0
1356530 2749.3
1356540 2754.0
1356550 2754.0
1356560 2757.8
1356570 2753.7
1356580 2753.7
1356590 2747.0
1356600 2746.9
1356610 2746.9
1356620 2751.5
1356630 2759.9
1356640 2759.9
1356650 2767.8
1356660 2777.6
1356670 2777.6
1356680 2787.3
1356690 2795.6
1356700 2795.6
1356710 2805.8
1356720 2816.6
1356730 2822.6
1356740 2822.6
1356750 2821.4
1356760 2813.3
1356770 2813.3
1356780 2810.4
1356790 2811.9
1356800 2811.9
1356810 2817.0
1356820 2821.5
1356830 2821.5
1356840 2823.3
1356850 2824.2
1356860 2824.2
1356870 2825.3
1356880 2825.7
1356890 2825.7
1356900 2827.5
1356910 2829.3
1356920 2829.3
1356930 2831.3
1356940 2833.1
1356950 2836.0
1356960 2836.0
1356970 2840.6
1356980 2844.3
1356990 2844.3
1357000 2847.4
1357010 2849.9
1357020 2849.9
1357030 2853.8
1357040 2855.1
1357050 2855.1
1357060 2857.7
1357070 2860.9
1357080 2860.9
1357090 2862.8
1357100 2872.3
1357110 2872.3
1357120 2875.9
1357130 2878.9
1357140 2880.4
1357150 2880.4
1357160 2882.3
1357170 2883.2
1357180 2883.2
1357190 2886.0
1357200 2889.5
1357210 2889.5
1357220 2893.3
1357230 2896.6
1357240 2896.6
1357250 2901.0
1357260 2905.7
1357270 2905.7
1357280 2908.7
1357290 2906.8
1357300 2906.8
1357310 2901.6
1357320 2893.3
1357330 2882.9
1357340 2882.9
1357350 2870.9
1357360 2860.7
1357370 2860.7
1357380 2851.6
1357390 2838.2
1357400 2838.2
1357410 2820.9
1357420 2805.2
1357430 2805.2
1357440 2794.0
1357450 2783.4
1357460 2783.4
1357470 2774.2
1357480 2767.2
1357490 2767.2
1357500 2758.8
1357510 2749.8
1357520 2738.7
1357530 2738.7
1357540 2729.8
1357550 2720.4
1357560 2720.4
1357570 2714.5
1357580 2707.6
1357590 2707.6
1357600 2692.8
1357610 2681.7
1357620 2681.7
1357630 2674.6
1357640 2669.5
1357650 2669.5
1357660 2664.9
1357670 2657.2
1357680 2657.2
1357690 2650.9
1357700 2644.1
1357710 2636.8
1357720 2636.8
1357730 2627.3
1357740 2617.0
1357750 2617.0
1357760 2609.6
1357770 2607.5
1357780 2607.5
1357790 2603.9
1357800 2597.2
1357810 2597.2
1357820 2592.3
1357830 2588.9
1357840 2588.9
1357850 2586.5
1357860 2586.2
1357870 2586.2
1357880 2584.2
1357890 2579.4
1357900 2579.4
1357910 2574.3
1357920 2572.6
1357930 2569.9
1357940 2569.9
1357950 2566.1
1357960 2560.7
1357970 2560.7
1357980 2553.4
1357990 2543.7
1358000 2543.7
1358010 2536.4
1358020 2528.1
1358030 2528.1
1358040 2521.0
1358050 2518.2
1358060 2518.2
1358070 2514.6
1358080 2511.9
1358090 2511.9
1358100 2513.6
1358110 2505.6
1358120 2497.5
1358130 2497.5
1358140 2489.2
1358150 2479.8
1358160 2479.8
1358170 2470.7
1358180 2462.4
1358190 2462.4
1358200 2454.2
1358210 2447.4
1358220 2447.4
1358230 2443.5
1358240 2441.8
1358250 2441.8
1358260 2438.5
1358270 2433.6
1358280 2433.6
1358290 2428.1
1358300 2419.4
1358310 2410.8
1358320 2410.8
1358330 2404.5
1358340 2397.3
1358350 2397.3
1358360 2387.8
1358370 2376.1
1358380 2376.1
1358390 2370.2
1358400 2362.0
1358410 2362.0
1358420 2351.6
1358430 2339.4
1358440 2339.4
1358450 2326.4
1358460 2317.0
1358470 2317.0
1358480 2309.3
1358490 2301.9
1358500 2296.2
1358510 2296.2
1358520 2291.8
1358530 2287.1
1358540 2287.1
1358550 2281.4
1358560 2275.4
1358570 2275.4
1358580 2274.7
1358590 2273.4
1358600 2273.4
1358610 2269.9
1358620 2266.3
1358630 2266.3
1358640 2262.5
1358650 2257.6
1358660 2257.6
1358670 2251.2
1358680 2246.6
1358690 2244.7
1358700 2244.7
1358710 2242.7
1358720 2241.1
1358730 2241.1
1358740 2239.7
1358750 2237.3
1358760 2237.3
1358770 2224.4
1358780 2213.2
1358790 2213.2
1358800 2209.8
1358810 2205.2
1358820 2205.2
1358830 2200.3
1358840 2196.8
1358850 2196.8
1358860 2193.1
1358870 2186.5
1358880 2186.5
1358890 2178.2
1358900 2171.6
1358910 2164.5
1358920 2164.5
1358930 2156.9
1358940 2147.1
1358950 2147.1
1358960 2141.0
1358970 2132.9
1358980 2132.9
1358990 2125.7
1359000 2119.7
1359010 2119.7
1359020 2113.8
1359030 2108.5
1359040 2108.5
1359050 2103.4
1359060 2098.6
1359070 2098.6
1359080 2093.0
1359090 2086.7
1359100 2079.5
1359110 2080.8
1359120 2073.9
1359130 2068.7
1359140 2068.7
1359150 2064.9
1359160 2060.9
1359170 2060.9
1359180 2056.4
1359190 2047.9
1359200 2047.9
1359210 2042.4
1359220 2043.4
1359230 2043.4
1359240 2041.5
1359250 2038.1
1359260 2038.1
1359270 2034.3
1359280 2028.5
1359290 2019.8
1359300 2019.8
1359310 2008.7
1359320 1997.6
1359330 1997.6
1359340 1989.4
1359350 1982.4
1359360 1982.4
1359370 1972.6
1359380 1967.7
1359390 1967.7
1359400 1967.3
1359410 1965.4
1359420 1965.4
1359430 1961.6
1359440 1957.4
1359450 1957.4
1359460 1952.3
1359470 1946.9
1359480 1941.3
1359490 1941.3
1359500 1936.0
1359510 1928.9
1359520 1928.9
1359530 1922.0
1359540 1915.8
1359550 1915.8
1359560 1909.1
1359570 1902.5
1359580 1902.5
1359590 1897.5
1359600 1893.8
1359610 1893.8
1359620 1885.7
1359630 1872.8
1359640 1872.8
1359650 1859.8
1359660 1851.4
1359670 1851.4
1359680 1845.9
1359690 1842.2
1359700 1839.8
1359710 1839.8
1359720 1838.0
1359730 1834.4
1359740 1834.4
1359750 1835.5
1359760 1834.0
1359770 1834.0
1359780 1831.7
1359790 1829.8
1359800 1829.8
1359810 1828.5
1359820 1827.7
1359830 1827.7
1359840 1826.5
1359850 1823.4
1359860 1823.4
1359870 1820.6
1359880 1818.0
1359890 1815.6
1359900 1815.6
1359910 1813.3
1359920 1810.8
1359930 1810.8
1359940 1807.6
1359950 1804.6
1359960 1804.6
1359970 1801.6
1359980 1798.7
1359990 1798.7
