1350860 2647.6
1350870 2647.6
1350880 2646.9
1350890 2646.3
1350900 2646.3
1350910 2646.8
1350920 2648.2
1350930 2648.2
1350940 2650.0
1350950 2651.7
1350960 2651.7
1350970 2654.7
1350980 2660.2
1350990 2660.2
1351000 2666.9
1351010 2674.3
1351020 2674.3
1351030 2682.2
1351040 2688.4
1351050 2693.5
1351060 2693.5
1351070 2698.0
1351080 2703.5
1351090 2703.5
1351100 2707.7
1351110 2710.4
1351120 2710.4
1351130 2713.9
1351140 2718.8
1351150 2718.8
1351160 2723.6
1351170 2727.1
1351180 2727.1
1351190 2731.3
1351200 2736.6
1351210 2736.6
1351220 2742.4
1351230 2747.8
1351240 2747.8
1351250 2753.1
1351260 2759.7
1351270 2767.5
1351280 2767.5
1351290 2775.3
1351300 2780.5
1351310 2780.5
1351320 2783.4
1351330 2786.4
1351340 2786.4
1351350 2789.4
1351360 2791.5
1351370 2791.5
1351380 2794.7
1351390 2799.1
1351400 2799.1
1351410 2803.4
1351420 2806.8
1351430 2806.8
1351440 2809.2
1351450 2812.8
1351460 2815.3
1351470 2815.3
1351480 2817.4
1351490 2820.3
1351500 2820.3
1351510 2823.7
1351520 2827.7
1351530 2827.7
1351540 2831.9
1351550 2836.6
1351560 2836.6
1351570 2841.5
1351580 2846.0
1351590 2846.0
1351600 2849.8
1351610 2853.7
1351620 2853.7
1351630 2856.7
1351640 2859.7
1351650 2862.6
1351660 2862.6
1351670 2865.0
1351680 2866.9
1351690 2866.9
1351700 2870.0
1351710 2873.9
1351720 2873.9
1351730 2878.2
1351740 2882.9
1351750 2882.9
1351760 2889.1
1351770 2893.4
1351780 2893.4
1351790 2896.3
1351800 2898.0
1351810 2898.0
1351820 2899.2
1351830 2899.5
1351840 2900.6
1351850 2900.6
1351860 2903.2
1351870 2907.8
1351880 2907.8
1351890 2912.9
1351900 2917.8
1351910 2917.8
1351920 2921.5
1351930 2924.5
1351940 2924.5
1351950 2927.2
1351960 2930.7
1351970 2930.7
1351980 2935.2
1351990 2940.1
1352000 2940.1
1352010 2945.4
1352020 2951.4
1352030 2951.4
1352040 2957.6
1352050 2964.5
1352060 2971.8
1352070 2971.8
1352080 2978.8
1352090 2987.1
1352100 2987.1
1352110 2996.8
1352120 3006.9
1352130 3006.9
1352140 3019.8
1352150 3032.3
1352160 3032.3
1352170 3044.1
1352180 3058.0
1352190 3058.0
1352200 3068.4
1352210 3081.3
1352220 3081.3
1352230 3092.2
1352240 3095.3
1352250 3094.2
1352260 3094.2
1352270 3092.2
1352280 3091.7
1352290 3091.7
1352300 3085.2
1352310 3073.8
1352320 3073.8
1352330 3060.3
1352340 3054.6
1352350 3054.6
1352360 3049.0
1352370 3029.6
1352380 3029.6
1352390 3009.4
1352400 3004.8
1352410 3004.8
1352420 3002.2
1352430 3000.4
1352440 3000.1
1352450 3000.1
1352460 3000.8
1352470 3002.3
1352480 3002.3
1352490 3005.1
1352500 3008.6
1352510 3008.6
1352520 3011.4
1352530 3013.1
1352540 3013.1
1352550 3013.8
1352560 3014.2
1352570 3014.2
1352580 3015.4
1352590 3017.8
1352600 3017.8
1352610 3019.1
1352620 3022.2
1352630 3025.2
1352640 3025.2
1352650 3030.3
1352660 3037.8
1352670 3037.8
1352680 3047.3
1352690 3055.8
1352700 3055.8
1352710 3051.0
1352720 3056.4
1352730 3056.4
1352740 3061.0
1352750 3065.8
1352760 3065.8
1352770 3070.9
1352780 3075.2
1352790 3075.2
1352800 3073.6
1352810 3057.3
1352820 3057.3
1352830 3044.8
1352840 3037.9
1352850 3034.3
1352860 3034.3
1352870 3032.5
1352880 3031.0
1352890 3031.0
1352900 3029.2
1352910 3027.2
1352920 3027.2
1352930 3025.0
1352940 3022.8
1352950 3022.8
1352960 3020.6
1352970 3018.5
1352980 3018.5
1352990 3016.4
1353000 3014.5
1353010 3014.5
1353020 3012.7
1353030 3011.2
1353040 3009.8
1353050 3009.8
1353060 3008.7
1353070 3007.7
1353080 3007.7
1353090 3006.8
1353100 3006.1
1353110 3006.1
1353120 3005.5
1353130 3005.0
1353140 3005.0
1353150 3004.6
1353160 3004.3
1353170 3004.3
1353180 3004.2
1353190 3004.2
1353200 3004.2
1353210 3004.4
1353220 3004.7
1353230 3005.1
1353240 3005.1
1353250 3005.7
1353260 3006.4
1353270 3006.4
1353280 3007.1
1353290 3007.9
1353300 3007.9
1353310 3008.9
1353320 3009.9
1353330 3009.9
1353340 3010.9
1353350 3011.8
1353360 3011.8
1353370 3012.9
1353380 3014.1
1353390 3014.1
1353400 3015.5
1353410 3017.2
1353420 3019.2
1353430 3019.2
1353440 3021.6
1353450 3024.4
1353460 3024.4
1353470 3027.7
1353480 3031.1
1353490 3031.1
1353500 3034.5
1353510 3038.3
1353520 3038.3
1353530 3043.3
1353540 3033.1
1353550 3033.1
1353560 3021.2
1353570 3012.0
1353580 3012.0
1353590 3002.0
1353600 2984.2
1353610 2984.2
1353620 2955.6
1353630 2938.5
1353640 2914.1
1353650 2914.1
1353660 2904.3
1353670 2898.2
1353680 2901.3
1353690 2895.3
1353700 2889.7
1353710 2889.7
1353720 2884.3
1353730 2878.6
1353740 2878.6
1353750 2872.0
1353760 2865.1
1353770 2865.1
1353780 2858.6
1353790 2852.3
1353800 2852.3
1353810 2845.9
1353820 2840.6
1353830 2836.3
1353840 2836.3
1353850 2832.9
1353860 2829.9
1353870 2829.9
1353880 2826.9
1353890 2824.2
1353900 2824.2
1353910 2822.5
1353920 2821.2
1353930 2821.2
1353940 2819.9
1353950 2819.3
1353960 2819.3
1353970 2819.5
1353980 2820.4
1353990 2820.4
1354000 2820.5
1354010 2820.9
1354020 2822.5
1354030 2822.5
1354040 2824.3
1354050 2825.8
1354060 2825.8
1354070 2828.0
1354080 2829.6
1354090 2829.6
1354100 2830.8
1354110 2831.4
1354120 2831.4
1354130 2832.1
1354140 2832.9
1354150 2832.9
1354160 2834.6
1354170 2837.4
1354180 2837.4
1354190 2839.8
1354200 2840.0
1354210 2839.6
1354220 2839.6
1354230 2840.0
1354240 2840.6
1354250 2840.6
1354260 2840.7
1354270 2841.2
1354280 2841.2
1354290 2841.2
1354300 2839.5
1354310 2839.5
1354320 2838.0
1354330 2837.3
1354340 2837.3
1354350 2837.7
1354360 2839.1
1354370 2839.1
1354380 2843.6
1354390 2847.3
1354400 2847.3
1354410 2849.3
1354420 2849.5
1354430 2854.1
1354440 2854.1
1354450 2859.7
1354460 2862.1
1354470 2862.1
1354480 2864.2
1354490 2866.9
1354500 2866.9
1354510 2870.1
1354520 2869.3
1354530 2869.3
1354540 2868.7
1354550 2865.1
1354560 2865.1
1354570 2862.0
1354580 2860.1
1354590 2860.1
1354600 2859.6
1354610 2861.1
1354620 2862.8
1354630 2862.8
1354640 2860.7
1354650 2856.4
1354660 2856.4
1354670 2857.6
1354680 2856.5
1354690 2856.5
1354700 2853.8
1354710 2852.1
1354720 2852.1
1354730 2847.7
1354740 2842.0
1354750 2842.0
1354760 2840.5
1354770 2841.9
1354780 2841.9
1354790 2838.2
1354800 2831.7
1354810 2827.4
1354820 2827.4
1354830 2820.9
1354840 2817.7
1354850 2817.7
1354860 2810.9
1354870 2800.8
1354880 2800.8
1354890 2793.7
1354900 2789.5
1354910 2789.5
1354920 2786.9
1354930 2781.3
1354940 2781.3
1354950 2775.0
1354960 2772.4
1354970 2772.4
1354980 2771.7
1354990 2769.7
1355000 2765.2
1355010 2765.2
1355020 2760.9
1355030 2756.2
1355040 2756.2
1355050 2751.5
1355060 2746.3
1355070 2746.3
1355080 2739.7
1355090 2735.7
1355100 2735.7
1355110 2731.6
1355120 2725.7
1355130 2725.7
1355140 2721.3
1355150 2715.4
1355160 2715.4
1355170 2708.7
1355180 2701.7
1355190 2701.7
1355200 2692.1
1355210 2685.1
1355220 2681.5
1355230 2681.5
1355240 2675.8
1355250 2668.6
1355260 2668.6
1355270 2663.0
1355280 2658.1
1355290 2658.1
1355300 2653.0
1355310 2648.2
1355320 2648.2
1355330 2645.4
1355340 2645.0
1355350 2645.0
1355360 2645.5
1355370 2648.5
1355380 2648.5
1355390 2652.2
1355400 2652.2
1355410 2648.2
1355420 2648.2
1355430 2642.7
1355440 2637.2
1355450 2637.2
1355460 2629.5
1355470 2619.1
1355480 2619.1
1355490 2606.0
1355500 2597.6
1355510 2597.6
1355520 2587.4
1355530 2578.6
1355540 2578.6
1355550 2571.3
1355560 2563.9
1355570 2563.9
1355580 2555.8
1355590 2548.2
1355600 2541.8
1355610 2541.8
1355620 2536.0
1355630 2531.4
1355640 2531.4
1355650 2528.1
1355660 2524.4
1355670 2524.4
1355680 2521.0
1355690 2518.8
1355700 2518.8
1355710 2516.9
1355720 2514.2
1355730 2514.2
1355740 2511.9
1355750 2509.2
1355760 2509.2
1355770 2505.0
1355780 2502.0
1355790 2498.9
1355800 2498.9
1355810 2492.4
1355820 2485.1
1355830 2485.1
1355840 2479.1
1355850 2474.8
1355860 2474.8
1355870 2469.9
1355880 2463.3
1355890 2463.3
1355900 2457.2
1355910 2453.0
1355920 2453.0
1355930 2450.8
1355940 2449.8
1355950 2449.8
1355960 2451.6
1355970 2450.4
1355980 2450.4
1355990 2443.3
1356000 2438.8
1356010 2435.3
1356020 2435.3
1356030 2426.4
1356040 2420.4
1356050 2420.4
1356060 2417.0
1356070 2410.0
1356080 2410.0
1356090 2396.7
1356100 2389.7
1356110 2389.7
1356120 2385.9
1356130 2383.5
1356140 2383.5
1356150 2380.0
1356160 2379.9
1356170 2379.9
1356180 2373.9
1356190 2355.8
1356200 2348.5
1356210 2348.5
1356220 2329.6
1356230 2317.1
1356240 2317.1
1356250 2310.0
1356260 2302.9
1356270 2302.9
1356280 2295.9
1356290 2288.5
1356300 2288.5
1356310 2279.7
1356320 2270.5
1356330 2270.5
1356340 2262.9
1356350 2255.5
1356360 2255.5
1356370 2248.3
1356380 2240.0
1356390 2231.0
1356400 2231.0
1356410 2223.8
1356420 2217.4
1356430 2217.4
1356440 2212.1
1356450 2207.8
1356460 2207.8
1356470 2203.3
1356480 2197.2
1356490 2197.2
1356500 2191.1
1356510 2185.6
1356520 2185.6
1356530 2180.4
1356540 2176.3
1356550 2176.3
1356560 2171.8
1356570 2167.0
1356580 2164.7
1356590 2164.7
1356600 2163.4
1356610 2165.9
1356620 2165.9
1356630 2163.0
1356640 2162.1
1356650 2162.1
1356660 2161.7
1356670 2159.6
1356680 2159.6
1356690 2158.6
1356700 2159.7
1356710 2159.7
1356720 2160.4
1356730 2162.5
1356740 2162.5
1356750 2163.1
1356760 2164.1
1356770 2164.1
1356780 2167.8
1356790 2171.7
1356800 2174.1
1356810 2174.1
1356820 2176.3
1356830 2179.1
1356840 2179.1
1356850 2182.4
1356860 2183.1
1356870 2183.1
1356880 2180.6
1356890 2180.8
1356900 2180.8
1356910 2185.6
1356920 2192.2
1356930 2192.2
1356940 2198.9
1356950 2205.3
1356960 2205.3
1356970 2213.3
1356980 2220.4
1356990 2223.4
1357000 2223.4
1357010 2224.9
1357020 2226.5
1357030 2226.5
1357040 2227.0
1357050 2227.9
1357060 2227.9
1357070 2229.3
1357080 2230.4
1357090 2230.4
1357100 2235.9
1357110 2244.8
1357120 2244.8
1357130 2253.3
1357140 2261.0
1357150 2261.0
1357160 2268.9
1357170 2275.0
1357180 2280.4
1357190 2280.4
1357200 2288.0
1357210 2294.6
1357220 2294.6
1357230 2299.5
1357240 2303.1
1357250 2303.1
1357260 2305.2
1357270 2307.2
1357280 2307.2
1357290 2308.2
1357300 2309.0
1357310 2309.0
1357320 2310.0
1357330 2310.7
1357340 2310.7
1357350 2311.6
1357360 2312.6
1357370 2313.4
1357380 2313.4
1357390 2314.3
1357400 2315.7
1357410 2315.7
1357420 2317.3
1357430 2318.8
1357440 2318.8
1357450 2319.3
1357460 2319.7
1357470 2319.7
1357480 2320.4
1357490 2320.8
1357500 2320.8
1357510 2321.0
1357520 2320.7
1357530 2320.7
1357540 2319.3
1357550 2318.0
1357560 2318.0
1357570 2316.0
1357580 2310.1
1357590 2298.5
1357600 2308.6
1357610 2297.3
1357620 2289.0
1357630 2289.0
1357640 2283.3
1357650 2277.3
1357660 2277.3
1357670 2271.2
1357680 2266.4
1357690 2266.4
1357700 2263.0
1357710 2261.1
1357720 2261.1
1357730 2259.9
1357740 2258.6
1357750 2258.6
1357760 2255.7
1357770 2249.4
1357780 2239.3
1357790 2239.3
1357800 2225.6
1357810 2219.1
1357820 2219.1
1357830 2212.5
1357840 2197.2
1357850 2197.2
1357860 2178.6
1357870 2162.8
1357880 2162.8
1357890 2148.5
1357900 2141.2
1357910 2141.2
1357920 2135.5
1357930 2129.2
1357940 2129.2
1357950 2122.2
1357960 2114.9
1357970 2106.4
1357980 2106.4
1357990 2096.4
1358000 2092.6
1358010 2092.6
1358020 2089.4
1358030 2083.0
1358040 2083.0
1358050 2075.9
1358060 2068.8
1358070 2068.8
1358080 2062.1
1358090 2055.5
1358100 2055.5
1358110 2049.5
1358120 2043.4
1358130 2043.4
1358140 2036.7
1358150 2029.0
1358160 2020.6
1358170 2020.6
1358180 2013.6
1358190 2008.2
1358200 2008.2
1358210 2003.8
1358220 1999.4
1358230 1999.4
1358240 1994.8
1358250 1989.6
1358260 1989.6
1358270 1986.3
1358280 1984.3
1358290 1984.3
1358300 1982.8
1358310 1980.8
1358320 1980.8
1358330 1978.9
1358340 1978.1
1358350 1978.1
1358360 1977.1
1358370 1975.4
1358380 1972.8
1358390 1972.8
1358400 1969.9
1358410 1967.0
1358420 1967.0
1358430 1963.6
1358440 1958.7
1358450 1958.7
1358460 1952.5
1358470 1947.1
1358480 1947.1
1358490 1941.2
1358500 1932.9
1358510 1932.9
1358520 1924.1
1358530 1917.8
1358540 1917.8
1358550 1912.4
1358560 1906.8
1358570 1901.9
1358580 1901.9
1358590 1896.9
1358600 1893.5
1358610 1894.2
1358620 1891.0
1358630 1888.4
1358640 1888.4
1358650 1885.6
1358660 1881.4
1358670 1881.4
1358680 1877.3
1358690 1872.2
1358700 1872.2
1358710 1867.1
1358720 1861.9
1358730 1861.9
1358740 1857.0
1358750 1852.4
1358760 1847.1
1358770 1847.1
1358780 1842.2
1358790 1838.1
1358800 1838.1
1358810 1834.6
1358820 1830.9
1358830 1830.9
1358840 1827.4
1358850 1823.5
1358860 1823.5
1358870 1819.2
1358880 1815.3
1358890 1815.3
1358900 1811.9
1358910 1807.6
1358920 1807.6
1358930 1803.4
1358940 1806.5
1358950 1809.4
1358960 1809.4
1358970 1810.9
1358980 1812.6
1358990 1812.6
1359000 1814.6
1359010 1816.6
1359020 1816.6
1359030 1817.5
1359040 1817.4
1359050 1817.4
1359060 1818.4
1359070 1819.4
1359080 1819.4
1359090 1820.6
1359100 1822.7
1359110 1822.7
1359120 1826.1
1359130 1829.9
1359140 1829.9
1359150 1832.3
1359160 1834.2
1359170 1835.0
1359180 1835.0
1359190 1837.5
1359200 1841.1
1359210 1841.1
1359220 1841.8
1359230 1840.9
1359240 1840.9
1359250 1842.2
1359260 1846.1
1359270 1846.1
1359280 1849.5
1359290 1851.5
1359300 1851.5
1359310 1853.6
1359320 1856.0
1359330 1856.0
1359340 1857.8
1359350 1860.8
1359360 1865.5
1359370 1865.5
1359380 1870.0
1359390 1873.5
1359400 1873.5
1359410 1878.3
1359420 1884.1
1359430 1884.1
1359440 1889.1
1359450 1893.3
1359460 1893.3
1359470 1896.4
1359480 1898.6
1359490 1898.6
1359500 1901.6
1359510 1904.7
1359520 1904.7
1359530 1909.8
1359540 1916.1
1359550 1921.3
1359560 1921.3
1359570 1927.8
1359580 1934.0
1359590 1934.0
1359600 1939.8
1359610 1947.2
1359620 1943.7
1359630 1949.7
1359640 1954.9
1359650 1954.9
1359660 1959.8
1359670 1965.3
1359680 1965.3
1359690 1970.9
1359700 1976.6
1359710 1976.6
1359720 1981.2
1359730 1985.8
1359740 1990.8
1359750 1990.8
1359760 1995.4
1359770 1999.5
1359780 1999.5
1359790 2003.5
1359800 2007.7
1359810 2007.7
1359820 2011.6
1359830 2015.2
1359840 2015.2
1359850 2018.0
1359860 2019.9
1359870 2019.9
1359880 2020.2
1359890 2020.7
1359900 2020.7
1359910 2022.4
1359920 2024.6
1359930 2024.6
1359940 2025.8
1359950 2026.1
1359960 2024.9
1359970 2024.9
1359980 2022.7
1359990 2026.6
