1350750 2706.7
1350760 2693.4
1350770 2693.4
1350780 2679.1
1350790 2677.8
1350800 2677.8
1350810 2676.8
1350820 2675.5
1350830 2674.7
1350840 2674.7
1350850 2674.2
1350860 2673.6
1350870 2673.6
1350880 2672.4
1350890 2670.8
1350900 2670.8
1350910 2669.1
1350920 2669.3
1350930 2669.3
1350940 2669.8
1350950 2671.4
1350960 2671.4
1350970 2674.2
1350980 2678.9
1350990 2678.9
1351000 2685.0
1351010 2693.1
1351020 2701.2
1351030 2701.2
1351040 2707.8
1351050 2713.3
1351060 2713.3
1351070 2717.2
1351080 2720.1
1351090 2720.1
1351100 2723.7
1351110 2729.7
1351120 2729.7
1351130 2735.2
1351140 2738.0
1351150 2738.0
1351160 2741.0
1351170 2742.1
1351180 2742.1
1351190 2742.4
1351200 2747.2
1351210 2747.2
1351220 2752.1
1351230 2758.3
1351240 2764.5
1351250 2764.5
1351260 2769.7
1351270 2774.4
1351280 2774.4
1351290 2778.7
1351300 2782.0
1351310 2782.0
1351320 2785.9
1351330 2789.2
1351340 2789.2
1351350 2791.2
1351360 2792.7
1351370 2792.7
1351380 2794.5
1351390 2798.3
1351400 2798.3
1351410 2803.0
1351420 2806.8
1351430 2808.8
1351440 2808.8
1351450 2810.9
1351460 2814.0
1351470 2814.0
1351480 2817.9
1351490 2822.2
1351500 2822.2
1351510 2827.3
1351520 2832.2
1351530 2832.2
1351540 2836.8
1351550 2840.4
1351560 2840.4
1351570 2841.6
1351580 2843.4
1351590 2843.4
1351600 2845.0
1351610 2847.7
1351620 2852.8
1351630 2852.8
1351640 2856.3
1351650 2858.8
1351660 2858.8
1351670 2861.4
1351680 2863.5
1351690 2863.5
1351700 2865.7
1351710 2868.8
1351720 2868.8
1351730 2875.1
1351740 2880.2
1351750 2880.2
1351760 2884.2
1351770 2887.1
1351780 2887.1
1351790 2888.4
1351800 2890.6
1351810 2893.3
1351820 2893.3
1351830 2896.0
1351840 2899.3
1351850 2899.3
1351860 2902.3
1351870 2905.4
1351880 2905.4
1351890 2908.7
1351900 2912.2
1351910 2912.2
1351920 2915.4
1351930 2918.5
1351940 2918.5
1351950 2921.9
1351960 2926.4
1351970 2926.4
1351980 2931.3
1351990 2938.2
1352000 2938.2
1352010 2944.7
1352020 2949.5
1352030 2954.4
1352040 2954.4
1352050 2960.0
1352060 2966.5
1352070 2966.5
1352080 2973.5
1352090 2981.3
1352100 2981.3
1352110 2991.9
1352120 3006.0
1352130 3006.0
1352140 3019.5
1352150 3032.9
1352160 3032.9
1352170 3046.8
1352180 3058.0
1352190 3058.0
1352200 3067.6
1352210 3086.5
1352220 3107.4
1352230 3107.4
1352240 3119.5
1352250 3121.6
1352260 3121.6
1352270 3121.5
1352280 3115.9
1352290 3115.9
1352300 3109.0
1352310 3103.0
1352320 3103.0
1352330 3097.3
1352340 3095.0
1352350 3095.0
1352360 3091.6
1352370 3084.0
1352380 3084.0
1352390 3067.8
1352400 3050.3
1352410 3048.2
1352420 3048.2
1352430 3046.9
1352440 3043.1
1352450 3043.1
1352460 3041.3
1352470 3042.0
1352480 3042.0
1352490 3043.9
1352500 3042.3
1352510 3042.3
1352520 3036.5
1352530 3035.9
1352540 3035.9
1352550 3037.4
1352560 3039.9
1352570 3039.9
1352580 3043.2
1352590 3045.6
1352600 3048.3
1352610 3048.3
1352620 3051.8
1352630 3056.0
1352640 3056.0
1352650 3059.2
1352660 3060.1
1352670 3060.1
1352680 3063.3
1352690 3068.1
1352700 3068.1
1352710 3067.8
1352720 3062.0
1352730 3062.0
1352740 3056.3
1352750 3052.0
1352760 3052.0
1352770 3043.6
1352780 3034.4
1352790 3034.4
1352800 3030.2
1352810 3027.5
1352820 3025.6
1352830 3025.6
1352840 3023.8
1352850 3021.8
1352860 3021.8
1352870 3019.8
1352880 3017.8
1352890 3017.8
1352900 3015.7
1352910 3013.5
1352920 3013.5
1352930 3011.3
1352940 3009.3
1352950 3009.3
1352960 3007.3
1352970 3005.4
1352980 3005.4
1352990 3003.7
1353000 3002.1
1353010 3000.6
1353020 3000.6
1353030 2999.3
1353040 2998.1
1353050 2998.1
1353060 2997.1
1353070 2996.3
1353080 2996.3
1353090 2995.6
1353100 2995.1
1353110 2997.5
1353120 2997.1
1353130 2996.8
1353140 2996.8
1353150 2996.6
1353160 2996.5
1353170 2996.5
1353180 2996.5
1353190 2996.7
1353200 2996.9
1353210 2996.9
1353220 2997.3
1353230 2997.7
1353240 2997.7
1353250 2998.3
1353260 2998.9
1353270 2998.9
1353280 2999.6
1353290 3000.4
1353300 3000.4
1353310 3001.1
1353320 3002.0
1353330 3002.0
1353340 3002.9
1353350 3003.9
1353360 3003.9
1353370 3005.0
1353380 3006.2
1353390 3007.7
1353400 3007.7
1353410 3009.4
1353420 3011.5
1353430 3011.5
1353440 3013.9
1353450 3016.7
1353460 3016.7
1353470 3019.8
1353480 3023.3
1353490 3023.3
1353500 3027.1
1353510 3031.7
1353520 3031.7
1353530 3037.3
1353540 3026.0
1353550 3026.0
1353560 3003.4
1353570 2988.5
1353580 2988.5
1353590 2972.7
1353600 2949.6
1353610 2927.4
1353620 2927.4
1353630 2915.4
1353640 2907.0
1353650 2907.0
1353660 2899.9
1353670 2893.7
1353680 2893.7
1353690 2888.2
1353700 2882.0
1353710 2882.0
1353720 2875.4
1353730 2869.4
1353740 2869.4
1353750 2863.6
1353760 2857.8
1353770 2857.8
1353780 2852.9
1353790 2848.7
1353800 2845.1
1353810 2845.1
1353820 2841.2
1353830 2837.7
1353840 2837.7
1353850 2834.5
1353860 2831.7
1353870 2831.7
1353880 2830.1
1353890 2829.3
1353900 2829.3
1353910 2827.7
1353920 2827.3
1353930 2827.3
1353940 2828.4
1353950 2829.7
1353960 2829.7
1353970 2831.1
1353980 2833.1
1353990 2835.7
1354000 2835.7
1354010 2836.0
1354020 2835.8
1354030 2835.8
1354040 2837.6
1354050 2838.3
1354060 2838.3
1354070 2836.1
1354080 2835.7
1354090 2835.7
1354100 2835.9
1354110 2837.2
1354120 2837.2
1354130 2838.8
1354140 2840.0
1354150 2840.0
1354160 2842.2
1354170 2846.2
1354180 2848.9
1354190 2848.9
1354200 2849.3
1354210 2848.2
1354220 2848.2
1354230 2848.9
1354240 2851.4
1354250 2851.4
1354260 2854.6
1354270 2857.3
1354280 2857.3
1354290 2858.1
1354300 2858.5
1354310 2858.5
1354320 2861.2
1354330 2862.3
1354340 2862.3
1354350 2862.3
1354360 2861.9
1354370 2861.9
1354380 2861.3
1354390 2860.9
1354400 2861.6
1354410 2861.6
1354420 2862.7
1354430 2863.1
1354440 2863.1
1354450 2863.4
1354460 2864.6
1354470 2864.6
1354480 2866.4
1354490 2869.6
1354500 2869.6
1354510 2871.3
1354520 2870.6
1354530 2870.6
1354540 2870.7
1354550 2871.7
1354560 2871.7
1354570 2870.4
1354580 2868.3
1354590 2869.1
1354600 2869.1
1354610 2868.6
1354620 2866.3
1354630 2866.3
1354640 2864.8
1354650 2863.3
1354660 2863.3
1354670 2863.9
1354680 2864.8
1354690 2864.8
1354700 2863.6
1354710 2861.1
1354720 2861.1
1354730 2855.8
1354740 2848.1
1354750 2848.1
1354760 2840.3
1354770 2832.8
1354780 2828.5
1354790 2828.5
1354800 2826.9
1354810 2825.3
1354820 2825.3
1354830 2824.7
1354840 2825.5
1354850 2825.5
1354860 2819.6
1354870 2813.0
1354880 2813.0
1354890 2807.1
1354900 2802.3
1354910 2802.3
1354920 2795.9
1354930 2787.8
1354940 2787.8
1354950 2784.5
1354960 2780.5
1354970 2774.6
1354980 2774.6
1354990 2768.9
1355000 2765.0
1355010 2765.0
1355020 2760.8
1355030 2757.4
1355040 2757.2
1355050 2752.4
1355060 2748.9
1355070 2748.9
1355080 2744.4
1355090 2738.7
1355100 2738.7
1355110 2731.2
1355120 2725.9
1355130 2725.9
1355140 2722.8
1355150 2718.2
1355160 2718.2
1355170 2707.2
1355180 2701.7
1355190 2698.5
1355200 2698.5
1355210 2693.7
1355220 2685.5
1355230 2685.5
1355240 2674.8
1355250 2668.3
1355260 2668.3
1355270 2660.3
1355280 2654.0
1355290 2654.0
1355300 2650.1
1355310 2647.3
1355320 2647.3
1355330 2645.6
1355340 2644.7
1355350 2644.7
1355360 2644.7
1355370 2645.4
1355380 2645.5
1355390 2645.5
1355400 2645.5
1355410 2644.1
1355420 2644.1
1355430 2641.1
1355440 2636.1
1355450 2636.1
1355460 2629.7
1355470 2624.6
1355480 2624.6
1355490 2620.5
1355500 2615.1
1355510 2615.1
1355520 2602.0
1355530 2585.2
1355540 2585.2
1355550 2572.3
1355560 2565.8
1355570 2559.8
1355580 2559.8
1355590 2554.3
1355600 2549.9
1355610 2549.9
1355620 2544.7
1355630 2537.4
1355640 2537.4
1355650 2526.9
1355660 2516.8
1355670 2516.8
1355680 2511.3
1355690 2509.2
1355700 2509.2
1355710 2507.4
1355720 2506.7
1355730 2506.7
1355740 2505.6
1355750 2504.7
1355760 2505.1
1355770 2505.1
1355780 2504.6
1355790 2501.4
1355800 2501.4
1355810 2497.2
1355820 2491.8
1355830 2491.8
1355840 2487.1
1355850 2481.5
1355860 2481.5
1355870 2474.0
1355880 2467.5
1355890 2467.5
1355900 2460.8
1355910 2451.0
1355920 2451.0
1355930 2440.2
1355940 2433.4
1355950 2433.4
1355960 2428.3
1355970 2422.0
1355980 2415.7
1355990 2415.7
1356000 2411.2
1356010 2406.4
1356020 2406.4
1356030 2404.9
1356040 2401.9
1356050 2401.9
1356060 2399.4
1356070 2393.4
1356080 2393.4
1356090 2384.0
1356100 2374.4
1356110 2374.4
1356120 2365.2
1356130 2358.7
1356140 2358.7
1356150 2353.9
1356160 2347.1
1356170 2337.3
1356180 2337.3
1356190 2329.9
1356200 2322.8
1356210 2322.8
1356220 2315.9
1356230 2309.7
1356240 2309.7
1356250 2303.8
1356260 2297.2
1356270 2297.2
1356280 2287.9
1356290 2279.3
1356300 2279.3
1356310 2271.3
1356320 2260.0
1356330 2260.0
1356340 2250.2
1356350 2242.9
1356360 2238.2
1356370 2238.2
1356380 2233.7
1356390 2225.1
1356400 2225.1
1356410 2216.9
1356420 2210.3
1356430 2210.3
1356440 2202.8
1356450 2195.3
1356460 2195.3
1356470 2187.8
1356480 2181.9
1356490 2181.9
1356500 2177.9
1356510 2171.4
1356520 2171.4
1356530 2166.4
1356540 2162.3
1356550 2158.2
1356560 2158.2
1356570 2154.3
1356580 2151.4
1356590 2151.4
1356600 2148.8
1356610 2146.5
1356620 2146.5
1356630 2145.2
1356640 2143.7
1356650 2143.7
1356660 2144.2
1356670 2144.6
1356680 2144.6
1356690 2145.6
1356700 2147.7
1356710 2147.7
1356720 2147.8
1356730 2147.8
1356740 2147.8
1356750 2150.5
1356760 2152.1
1356770 2154.2
1356780 2154.2
1356790 2156.5
1356800 2158.2
1356810 2158.2
1356820 2159.9
1356830 2161.1
1356840 2161.1
1356850 2161.5
1356860 2161.8
1356870 2161.8
1356880 2162.0
1356890 2162.1
1356900 2162.1
1356910 2160.0
1356920 2158.5
1356930 2158.5
1356940 2163.9
1356950 2171.9
1356960 2179.0
1356970 2179.0
1356980 2187.0
1356990 2190.1
1357000 2190.1
1357010 2202.6
1357020 2204.5
1357030 2204.5
1357040 2207.5
1357050 2209.5
1357060 2209.5
1357070 2209.8
1357080 2210.4
1357090 2210.4
1357100 2215.2
1357110 2221.1
1357120 2221.1
1357130 2227.5
1357140 2235.5
1357150 2242.4
1357160 2242.4
1357170 2250.0
1357180 2260.0
1357190 2260.0
1357200 2270.5
1357210 2279.7
1357220 2279.7
1357230 2287.8
1357240 2293.6
1357250 2293.6
1357260 2297.8
1357270 2300.6
1357280 2300.6
1357290 2302.2
1357300 2303.2
1357310 2303.2
1357320 2304.5
1357330 2306.0
1357340 2307.7
1357350 2307.7
1357360 2309.0
1357370 2309.8
1357380 2309.8
1357390 2311.0
1357400 2312.2
1357410 2312.2
1357420 2313.5
1357430 2314.8
1357440 2314.8
1357450 2316.4
1357460 2317.2
1357470 2317.2
1357480 2318.5
1357490 2320.2
1357500 2320.2
1357510 2320.9
1357520 2320.7
1357530 2320.7
1357540 2318.1
1357550 2312.1
1357560 2302.7
1357570 2302.7
1357580 2290.3
1357590 2284.3
1357600 2284.3
1357610 2279.0
1357620 2273.0
1357630 2273.0
1357640 2267.3
1357650 2263.3
1357660 2263.3
1357670 2260.8
1357680 2259.1
1357690 2259.1
1357700 2257.7
1357710 2255.4
1357720 2255.4
1357730 2251.1
1357740 2248.6
1357750 2243.1
1357760 2243.1
1357770 2230.7
1357780 2215.8
1357790 2215.8
1357800 2196.9
1357810 2179.7
1357820 2179.7
1357830 2169.3
1357840 2161.5
1357850 2161.5
1357860 2154.5
1357870 2147.2
1357880 2147.2
1357890 2139.9
1357900 2132.9
1357910 2132.9
1357920 2125.6
1357930 2119.5
1357940 2114.3
1357950 2114.3
1357960 2108.4
1357970 2099.6
1357980 2099.6
1357990 2085.0
1358000 2072.7
1358010 2074.7
1358020 2068.3
1358030 2063.4
1358040 2063.4
1358050 2056.1
1358060 2048.6
1358070 2048.6
1358080 2043.0
1358090 2038.1
1358100 2038.1
1358110 2032.5
1358120 2026.2
1358130 2021.7
1358140 2021.7
1358150 2012.3
1358160 2004.3
1358170 2004.3
1358180 1997.6
1358190 1993.9
1358200 1993.9
1358210 1992.0
1358220 1989.3
1358230 1989.3
1358240 1987.1
1358250 1983.2
1358260 1983.2
1358270 1980.4
1358280 1978.4
1358290 1978.4
1358300 1976.6
1358310 1975.0
1358320 1975.0
1358330 1973.1
1358340 1970.8
1358350 1968.8
1358360 1968.8
1358370 1966.1
1358380 1961.8
1358390 1961.8
1358400 1958.3
1358410 1955.5
1358420 1955.5
1358430 1953.5
1358440 1950.9
1358450 1950.9
1358460 1945.8
1358470 1938.1
1358480 1938.1
1358490 1930.8
1358500 1924.0
1358510 1924.0
1358520 1917.8
1358530 1912.0
1358540 1907.0
1358550 1907.0
1358560 1902.9
1358570 1899.6
1358580 1899.6
1358590 1897.3
1358600 1896.1
1358610 1896.1
1358620 1894.9
1358630 1892.4
1358640 1892.4
1358650 1888.0
1358660 1883.4
1358670 1883.4
1358680 1878.3
1358690 1872.3
1358700 1872.3
1358710 1868.0
1358720 1863.5
1358730 1857.3
1358740 1857.3
1358750 1852.0
1358760 1848.2
1358770 1848.2
1358780 1843.9
1358790 1836.9
1358800 1836.9
1358810 1829.8
1358820 1822.5
1358830 1822.5
1358840 1815.4
1358850 1809.9
1358860 1809.9
1358870 1807.3
1358880 1805.3
1358890 1805.3
1358900 1807.3
1358910 1812.1
1358920 1818.9
1358930 1818.9
1358940 1822.3
1358950 1824.2
1358960 1824.2
1358970 1824.3
1358980 1824.2
1358990 1824.2
1359000 1825.1
1359010 1825.8
1359020 1823.0
1359030 1824.0
1359040 1825.0
1359050 1825.0
1359060 1826.5
1359070 1826.9
1359080 1826.9
1359090 1830.7
1359100 1835.6
1359110 1835.6
1359120 1837.8
1359130 1841.2
1359140 1843.1
1359150 1843.1
1359160 1844.3
1359170 1845.7
1359180 1845.7
1359190 1847.4
1359200 1849.8
1359210 1849.8
1359220 1851.8
1359230 1854.3
1359240 1854.3
1359250 1855.2
1359260 1856.8
1359270 1856.8
1359280 1858.0
1359290 1861.3
1359300 1861.3
1359310 1866.9
1359320 1871.0
1359330 1873.4
1359340 1873.4
1359350 1875.4
1359360 1877.6
1359370 1877.6
1359380 1880.4
1359390 1885.2
1359400 1885.2
1359410 1891.1
1359420 1894.7
1359430 1894.7
1359440 1898.3
1359450 1902.9
1359460 1902.9
1359470 1906.2
1359480 1908.7
1359490 1908.7
1359500 1911.8
1359510 1915.0
1359520 1919.1
1359530 1919.1
1359540 1923.7
1359550 1928.9
1359560 1928.9
1359570 1933.1
1359580 1939.5
1359590 1939.5
1359600 1948.1
1359610 1956.3
1359620 1956.3
1359630 1964.3
1359640 1971.1
1359650 1971.1
1359660 1976.7
1359670 1981.6
1359680 1981.6
1359690 1987.2
1359700 1992.4
1359710 1997.6
1359720 1997.6
1359730 2002.5
1359740 2006.7
1359750 2006.7
1359760 2010.8
1359770 2014.4
1359780 2014.4
1359790 2017.0
1359800 2019.4
1359810 2019.4
1359820 2022.9
1359830 2025.8
1359840 2025.8
1359850 2027.6
1359860 2029.8
1359870 2029.8
1359880 2033.4
1359890 2036.4
1359900 2036.4
1359910 2039.5
1359920 2042.9
1359930 2045.3
1359940 2045.3
1359950 2045.7
1359960 2044.3
1359970 2044.3
1359980 2042.1
1359990 2043.1
