1350100 2732.3
1350110 2732.3
1350120 2731.7
1350130 2731.7
1350140 2731.7
1350150 2730.7
1350160 2728.1
1350170 2728.1
1350180 2724.9
1350190 2722.7
1350200 2722.7
1350210 2721.4
1350220 2719.6
1350230 2717.5
1350240 2717.5
1350250 2714.9
1350260 2712.2
1350270 2712.2
1350280 2711.0
1350290 2711.0
1350300 2711.0
1350310 2712.5
1350320 2713.9
1350330 2713.9
1350340 2714.9
1350350 2716.7
1350360 2716.7
1350370 2721.4
1350380 2725.9
1350390 2725.9
1350400 2728.6
1350410 2731.7
1350420 2731.7
1350430 2735.0
1350440 2737.9
1350450 2740.4
1350460 2740.4
1350470 2745.3
1350480 2751.4
1350490 2751.4
1350500 2757.7
1350510 2765.5
1350520 2765.5
1350530 2775.4
1350540 2788.4
1350550 2788.4
1350560 2796.1
1350570 2803.3
1350580 2803.3
1350590 2813.4
1350600 2820.0
1350610 2820.0
1350620 2823.3
1350630 2828.2
1350640 2834.4
1350650 2834.4
1350660 2839.6
1350670 2844.7
1350680 2844.7
1350690 2849.0
1350700 2852.8
1350710 2852.8
1350720 2855.7
1350730 2858.5
1350740 2858.5
1350750 2863.7
1350760 2870.5
1350770 2870.5
1350780 2877.2
1350790 2883.5
1350800 2883.5
1350810 2889.8
1350820 2896.4
1350830 2903.2
1350840 2903.2
1350850 2909.0
1350860 2913.6
1350870 2913.6
1350880 2918.2
1350890 2922.2
1350900 2922.2
1350910 2928.2
1350920 2935.5
1350930 2935.5
1350940 2955.4
1350950 2973.3
1350960 2973.3
1350970 2987.9
1350980 2994.4
1350990 2994.4
1351000 2994.2
1351010 2993.0
1351020 2986.0
1351030 2986.0
1351040 2966.0
1351050 2944.9
1351060 2944.9
1351070 2932.0
1351080 2926.1
1351090 2926.1
1351100 2921.0
1351110 2916.0
1351120 2916.0
1351130 2911.4
1351140 2907.2
1351150 2907.2
1351160 2903.1
1351170 2899.6
1351180 2899.6
1351190 2896.4
1351200 2892.8
1351210 2892.8
1351220 2890.5
1351230 2890.9
1351240 2892.0
1351250 2892.0
1351260 2888.6
1351270 2878.0
1351280 2878.0
1351290 2872.8
1351300 2869.4
1351310 2869.4
1351320 2866.5
1351330 2864.2
1351340 2864.2
1351350 2862.0
1351360 2859.9
1351370 2859.9
1351380 2858.0
1351390 2856.3
1351400 2856.3
1351410 2854.8
1351420 2853.4
1351430 2851.9
1351440 2851.9
1351450 2850.4
1351460 2849.1
1351470 2849.1
1351480 2847.8
1351490 2846.9
1351500 2846.9
1351510 2846.2
1351520 2845.9
1351530 2845.9
1351540 2845.9
1351550 2846.3
1351560 2846.3
1351570 2846.8
1351580 2847.3
1351590 2847.3
1351600 2847.8
1351610 2848.3
1351620 2848.7
1351630 2848.7
1351640 2849.1
1351650 2849.5
1351660 2849.5
1351670 2849.8
1351680 2850.2
1351690 2850.2
1351700 2850.6
1351710 2850.8
1351720 2850.8
1351730 2851.1
1351740 2851.4
1351750 2851.4
1351760 2851.7
1351770 2852.0
1351780 2852.0
1351790 2852.3
1351800 2852.5
1351810 2852.5
1351820 2852.7
1351830 2853.0
1351840 2853.2
1351850 2853.2
1351860 2853.4
1351870 2853.7
1351880 2853.7
1351890 2855.8
1351900 2856.1
1351910 2856.1
1351920 2856.5
1351930 2857.0
1351940 2857.0
1351950 2857.4
1351960 2857.8
1351970 2857.8
1351980 2858.2
1351990 2858.6
1352000 2858.6
1352010 2859.0
1352020 2859.4
1352030 2859.8
1352040 2859.8
1352050 2860.2
1352060 2860.5
1352070 2860.5
1352080 2861.0
1352090 2861.3
1352100 2861.3
1352110 2861.7
1352120 2862.2
1352130 2862.2
1352140 2862.6
1352150 2863.2
1352160 2863.2
1352170 2863.7
1352180 2864.2
1352190 2864.2
1352200 2864.5
1352210 2864.9
1352220 2865.1
1352230 2865.1
1352240 2865.1
1352250 2865.1
1352260 2865.1
1352270 2865.1
1352280 2865.1
1352290 2865.1
1352300 2865.2
1352310 2865.4
1352320 2865.4
1352330 2865.9
1352340 2866.5
1352350 2866.5
1352360 2867.4
1352370 2868.3
1352380 2868.3
1352390 2869.4
1352400 2870.5
1352410 2871.7
1352420 2871.7
1352430 2872.9
1352440 2874.0
1352450 2874.0
1352460 2875.1
1352470 2876.3
1352480 2876.3
1352490 2877.2
1352500 2877.9
1352510 2877.9
1352520 2878.4
1352530 2878.6
1352540 2878.6
1352550 2878.4
1352560 2878.0
1352570 2878.0
1352580 2877.3
1352590 2876.3
1352600 2876.3
1352610 2875.1
1352620 2873.7
1352630 2872.2
1352640 2872.2
1352650 2870.6
1352660 2868.9
1352670 2868.9
1352680 2867.3
1352690 2865.8
1352700 2865.8
1352710 2864.3
1352720 2863.0
1352730 2863.0
1352740 2861.8
1352750 2860.8
1352760 2860.8
1352770 2860.2
1352780 2859.8
1352790 2859.8
1352800 2859.4
1352810 2860.0
1352820 2861.4
1352830 2861.4
1352840 2863.0
1352850 2865.2
1352860 2865.2
1352870 2867.6
1352880 2870.5
1352890 2870.5
1352900 2874.4
1352910 2879.2
1352920 2879.2
1352930 2884.1
1352940 2888.9
1352950 2888.9
1352960 2893.4
1352970 2895.7
1352980 2895.7
1352990 2896.9
1353000 2899.1
1353010 2903.5
1353020 2903.5
1353030 2910.1
1353040 2917.2
1353050 2917.2
1353060 2924.5
1353070 2933.2
1353080 2933.2
1353090 2940.4
1353100 2944.8
1353110 2944.8
1353120 2948.9
1353130 2952.7
1353140 2952.7
1353150 2953.9
1353160 2954.3
1353170 2954.3
1353180 2953.4
1353190 2952.7
1353200 2952.7
1353210 2955.2
1353220 2957.8
1353230 2959.2
1353240 2959.2
1353250 2962.9
1353260 2968.7
1353270 2968.7
1353280 2972.6
1353290 2972.9
1353300 2972.9
1353310 2974.6
1353320 2978.3
1353330 2978.3
1353340 2983.1
1353350 2985.2
1353360 2985.2
1353370 2985.4
1353380 2986.7
1353390 2986.7
1353400 2986.8
1353410 2986.6
1353420 2986.2
1353430 2986.2
1353440 2985.9
1353450 2985.9
1353460 2985.9
1353470 2986.6
1353480 2988.5
1353490 2988.5
1353500 2991.7
1353510 2996.6
1353520 2996.6
1353530 3002.5
1353540 3008.7
1353550 3008.7
1353560 3012.4
1353570 3017.5
1353580 3017.5
1353590 3021.3
1353600 3026.0
1353610 3032.1
1353620 3032.1
1353630 3037.7
1353640 3042.8
1353650 3042.8
1353660 3048.8
1353670 3052.7
1353680 3052.7
1353690 3056.7
1353700 3060.3
1353710 3060.3
1353720 3076.5
1353730 3092.3
1353740 3092.3
1353750 3100.0
1353760 3107.0
1353770 3107.0
1353780 3109.4
1353790 3108.9
1353800 3108.6
1353810 3117.6
1353820 3116.6
1353830 3115.3
1353840 3115.3
1353850 3113.6
1353860 3112.5
1353870 3112.5
1353880 3111.3
1353890 3110.1
1353900 3110.1
1353910 3108.9
1353920 3106.7
1353930 3106.7
1353940 3102.3
1353950 3096.8
1353960 3096.8
1353970 3094.1
1353980 3093.4
1353990 3093.4
1354000 3092.8
1354010 3090.4
1354020 3085.7
1354030 3085.7
1354040 3081.7
1354050 3077.0
1354060 3077.0
1354070 3064.4
1354080 3044.7
1354090 3044.7
1354100 3016.9
1354110 2984.3
1354120 2984.3
1354130 2972.0
1354140 2961.1
1354150 2961.1
1354160 2950.1
1354170 2941.7
1354180 2941.7
1354190 2932.3
1354200 2923.0
1354210 2910.3
1354220 2910.3
1354230 2901.1
1354240 2894.0
1354250 2894.0
1354260 2887.0
1354270 2877.9
1354280 2877.9
1354290 2864.2
1354300 2856.0
1354310 2856.0
1354320 2849.0
1354330 2841.9
1354340 2841.9
1354350 2835.2
1354360 2828.5
1354370 2828.5
1354380 2821.9
1354390 2815.4
1354400 2809.1
1354410 2809.1
1354420 2802.6
1354430 2796.0
1354440 2796.0
1354450 2789.6
1354460 2783.4
1354470 2783.4
1354480 2777.5
1354490 2771.3
1354500 2771.3
1354510 2764.7
1354520 2758.0
1354530 2758.0
1354540 2751.5
1354550 2745.3
1354560 2745.3
1354570 2739.2
1354580 2733.5
1354590 2733.5
1354600 2728.0
1354610 2722.0
1354620 2716.7
1354630 2716.7
1354640 2711.9
1354650 2708.5
1354660 2708.5
1354670 2705.9
1354680 2703.0
1354690 2703.0
1354700 2699.8
1354710 2694.9
1354720 2694.9
1354730 2689.6
1354740 2686.2
1354750 2686.2
1354760 2682.0
1354770 2677.8
1354780 2677.6
1354790 2674.3
1354800 2670.2
1354810 2666.2
1354820 2666.2
1354830 2662.2
1354840 2657.8
1354850 2657.8
1354860 2652.0
1354870 2646.4
1354880 2646.4
1354890 2640.8
1354900 2634.8
1354910 2634.8
1354920 2627.5
1354930 2619.5
1354940 2619.5
1354950 2612.2
1354960 2605.6
1354970 2605.6
1354980 2599.1
1354990 2592.4
1355000 2585.7
1355010 2585.7
1355020 2579.0
1355030 2571.9
1355040 2571.9
1355050 2565.2
1355060 2559.0
1355070 2559.0
1355080 2553.3
1355090 2547.4
1355100 2547.4
1355110 2541.7
1355120 2536.3
1355130 2536.3
1355140 2528.8
1355150 2520.3
1355160 2520.3
1355170 2513.0
1355180 2506.1
1355190 2500.2
1355200 2500.2
1355210 2495.4
1355220 2491.2
1355230 2491.2
1355240 2486.7
1355250 2482.3
1355260 2482.3
1355270 2478.2
1355280 2473.8
1355290 2473.8
1355300 2469.5
1355310 2465.3
1355320 2465.3
1355330 2461.1
1355340 2456.8
1355350 2456.8
1355360 2452.3
1355370 2448.1
1355380 2448.1
1355390 2444.0
1355400 2440.0
1355410 2436.2
1355420 2436.2
1355430 2432.6
1355440 2429.3
1355450 2429.3
1355460 2425.5
1355470 2418.4
1355480 2418.4
1355490 2412.0
1355500 2404.7
1355510 2404.7
1355520 2399.0
1355530 2395.0
1355540 2395.0
1355550 2392.4
1355560 2390.3
1355570 2390.3
1355580 2388.7
1355590 2386.7
1355600 2382.6
1355610 2382.6
1355620 2375.4
1355630 2367.9
1355640 2367.9
1355650 2361.9
1355660 2356.3
1355670 2356.3
1355680 2351.4
1355690 2347.1
1355700 2347.1
1355710 2343.2
1355720 2338.9
1355730 2338.9
1355740 2335.4
1355750 2332.0
1355760 2333.5
1355770 2330.1
1355780 2327.3
1355790 2324.3
1355800 2324.3
1355810 2320.6
1355820 2316.8
1355830 2316.8
1355840 2313.5
1355850 2311.3
1355860 2311.3
1355870 2308.7
1355880 2305.0
1355890 2305.0
1355900 2302.0
1355910 2299.2
1355920 2299.2
1355930 2296.4
1355940 2294.0
1355950 2294.0
1355960 2291.9
1355970 2290.9
1355980 2289.3
1355990 2289.3
1356000 2287.4
1356010 2285.9
1356020 2285.9
1356030 2284.8
1356040 2285.2
1356050 2285.2
1356060 2286.4
1356070 2285.9
1356080 2285.9
1356090 2284.6
1356100 2285.5
1356110 2285.5
1356120 2290.2
1356130 2292.5
1356140 2292.5
1356150 2291.4
1356160 2288.2
1356170 2288.2
1356180 2285.6
1356190 2282.3
1356200 2280.3
1356210 2280.3
1356220 2277.3
1356230 2271.3
1356240 2271.3
1356250 2261.1
1356260 2251.0
1356270 2251.0
1356280 2243.7
1356290 2236.5
1356300 2236.5
1356310 2228.7
1356320 2221.5
1356330 2221.5
1356340 2215.0
1356350 2209.3
1356360 2209.3
1356370 2203.3
1356380 2197.7
1356390 2191.8
1356400 2191.8
1356410 2183.9
1356420 2175.6
1356430 2175.6
1356440 2167.5
1356450 2159.7
1356460 2159.7
1356470 2151.2
1356480 2140.4
1356490 2140.4
1356500 2129.1
1356510 2119.4
1356520 2119.4
1356530 2110.8
1356540 2103.0
1356550 2103.0
1356560 2095.3
1356570 2088.0
1356580 2082.0
1356590 2082.0
1356600 2076.5
1356610 2070.3
1356620 2070.3
1356630 2060.3
1356640 2052.8
1356650 2052.8
1356660 2045.5
1356670 2039.1
1356680 2039.1
1356690 2034.8
1356700 2031.2
1356710 2031.2
1356720 2027.4
1356730 2027.1
1356740 2027.1
1356750 2035.3
1356760 2034.8
1356770 2034.8
1356780 2031.4
1356790 2027.9
1356800 2024.3
1356810 2024.3
1356820 2020.8
1356830 2017.8
1356840 2017.8
1356850 2015.3
1356860 2012.7
1356870 2012.7
1356880 2008.6
1356890 2003.6
1356900 2003.6
1356910 2000.1
1356920 1997.0
1356930 1997.0
1356940 1995.3
1356950 1993.5
1356960 1993.5
1356970 1990.6
1356980 1982.9
1356990 1974.0
1357000 1974.0
1357010 1962.9
1357020 1946.0
1357030 1946.0
1357040 1942.7
1357050 1954.1
1357060 1954.1
1357070 1963.1
1357080 1965.4
1357090 1965.4
1357100 1964.5
1357110 1963.0
1357120 1963.0
1357130 1963.9
1357140 1963.9
1357150 1963.9
1357160 1964.1
1357170 1966.4
1357180 1966.9
1357190 1966.9
1357200 1964.8
1357210 1961.1
1357220 1961.1
1357230 1958.0
1357240 1955.9
1357250 1955.9
1357260 1952.2
1357270 1947.4
1357280 1947.4
1357290 1944.0
1357300 1940.6
1357310 1940.6
1357320 1937.3
1357330 1934.2
1357340 1934.2
1357350 1931.0
1357360 1928.2
1357370 1925.7
1357380 1925.7
1357390 1924.1
1357400 1922.1
1357410 1922.1
1357420 1920.3
1357430 1920.1
1357440 1920.1
1357450 1919.8
1357460 1919.1
1357470 1919.1
1357480 1917.6
1357490 1915.3
1357500 1915.3
1357510 1912.0
1357520 1909.9
1357530 1909.9
1357540 1908.4
1357550 1907.7
1357560 1907.7
1357570 1906.7
1357580 1904.9
1357590 1903.7
1357600 1903.7
1357610 1903.5
1357620 1903.7
1357630 1903.7
1357640 1904.4
1357650 1905.6
1357660 1905.6
1357670 1906.2
1357680 1905.5
1357690 1905.5
1357700 1903.1
1357710 1898.8
1357720 1898.8
1357730 1893.8
1357740 1885.9
1357750 1885.9
1357760 1881.2
1357770 1876.8
1357780 1872.9
1357790 1872.9
1357800 1869.2
1357810 1866.8
1357820 1866.8
1357830 1864.7
1357840 1862.1
1357850 1862.1
1357860 1859.5
1357870 1857.5
1357880 1857.5
1357890 1856.3
1357900 1854.9
1357910 1854.9
1357920 1853.5
1357930 1852.2
1357940 1852.2
1357950 1850.9
1357960 1849.8
1357970 1849.0
1357980 1849.0
1357990 1848.2
1358000 1847.7
1358010 1847.7
1358020 1847.3
1358030 1846.7
1358040 1846.7
1358050 1844.4
1358060 1838.4
1358070 1838.4
1358080 1837.1
1358090 1840.5
1358100 1840.5
1358110 1844.7
1358120 1847.2
1358130 1847.2
1358140 1847.7
1358150 1848.1
1358160 1848.1
1358170 1848.7
1358180 1849.4
1358190 1851.2
1358200 1851.2
1358210 1853.0
1358220 1855.9
1358230 1855.9
1358240 1861.9
1358250 1868.7
1358260 1868.7
1358270 1875.7
1358280 1881.5
1358290 1881.5
1358300 1884.6
1358310 1887.5
1358320 1887.5
1358330 1890.5
1358340 1892.8
1358350 1892.8
1358360 1895.6
1358370 1899.9
1358380 1904.5
1358390 1904.5
1358400 1907.5
1358410 1907.5
1358420 1907.5
1358430 1908.4
1358440 1911.8
1358450 1911.8
1358460 1916.9
1358470 1922.0
1358480 1922.0
1358490 1928.4
1358500 1938.8
1358510 1938.8
1358520 1947.4
1358530 1953.7
1358540 1953.7
1358550 1965.3
1358560 1981.8
1358570 1996.9
1358580 1996.9
1358590 2005.8
1358600 2012.7
1358610 2012.7
1358620 2019.3
1358630 2025.8
1358640 2025.8
1358650 2032.1
1358660 2038.6
1358670 2038.6
1358680 2044.5
1358690 2047.7
1358700 2047.7
1358710 2047.6
1358720 2050.0
1358730 2050.0
1358740 2058.4
1358750 2068.2
1358760 2076.5
1358770 2076.5
1358780 2083.0
1358790 2088.4
1358800 2088.4
1358810 2092.6
1358820 2096.4
1358830 2096.4
1358840 2101.0
1358850 2105.3
1358860 2105.3
1358870 2108.2
1358880 2110.0
1358890 2110.0
1358900 2112.1
1358910 2113.0
1358920 2113.0
1358930 2113.1
1358940 2117.4
1358950 2117.4
1358960 2123.1
1358970 2126.7
1358980 2129.1
1358990 2129.1
1359000 2129.0
1359010 2130.0
1359020 2130.0
1359030 2132.6
1359040 2137.1
1359050 2137.1
1359060 2140.6
1359070 2142.4
1359080 2142.4
1359090 2146.2
1359100 2149.9
1359110 2149.9
1359120 2154.5
1359130 2159.5
1359140 2159.5
1359150 2163.4
1359160 2166.0
1359170 2168.6
1359180 2168.6
1359190 2171.8
1359200 2175.2
1359210 2175.2
1359220 2177.9
1359230 2180.7
1359240 2180.7
1359250 2183.2
1359260 2185.4
1359270 2185.4
1359280 2185.7
1359290 2184.5
1359300 2184.5
1359310 2185.0
1359320 2188.0
1359330 2188.0
1359340 2192.5
1359350 2198.9
1359360 2203.2
1359370 2203.2
1359380 2207.0
1359390 2210.2
1359400 2210.2
1359410 2212.2
1359420 2216.4
1359430 2216.4
1359440 2221.1
1359450 2222.9
1359460 2222.9
1359470 2229.1
1359480 2237.2
1359490 2237.2
1359500 2245.4
1359510 2250.2
1359520 2250.2
1359530 2254.4
1359540 2258.4
1359550 2258.4
1359560 2261.9
1359570 2266.0
1359580 2271.2
1359590 2271.2
1359600 2276.4
1359610 2280.5
1359620 2280.5
1359630 2284.0
1359640 2288.1
1359650 2288.1
1359660 2291.9
1359670 2295.3
1359680 2295.3
1359690 2299.4
1359700 2303.3
1359710 2303.3
1359720 2305.7
1359730 2306.8
1359740 2306.8
1359750 2308.2
1359760 2307.0
1359770 2308.1
1359780 2308.1
1359790 2308.7
1359800 2308.5
1359810 2308.5
1359820 2308.2
1359830 2308.6
1359840 2308.6
1359850 2308.9
1359860 2309.1
1359870 2309.1
1359880 2309.3
1359890 2310.4
1359900 2310.4
1359910 2310.7
1359920 2310.5
1359930 2310.5
1359940 2310.1
1359950 2310.1
1359960 2311.0
1359970 2311.0
1359980 2312.4
1359990 2314.0
