1350300 2706.5
1350310 2704.7
1350320 2704.7
1350330 2703.0
1350340 2700.3
1350350 2697.1
1350360 2697.1
1350370 2695.0
1350380 2693.2
1350390 2693.2
1350400 2691.9
1350410 2691.9
1350420 2691.9
1350430 2694.3
1350440 2699.5
1350450 2699.5
1350460 2703.0
1350470 2705.2
1350480 2705.2
1350490 2707.3
1350500 2709.1
1350510 2709.1
1350520 2710.8
1350530 2713.9
1350540 2717.6
1350550 2717.6
1350560 2721.5
1350570 2726.4
1350580 2726.4
1350590 2731.8
1350600 2736.5
1350610 2736.5
1350620 2742.0
1350630 2748.9
1350640 2748.9
1350650 2759.8
1350660 2766.0
1350670 2766.0
1350680 2779.3
1350690 2777.4
1350700 2777.4
1350710 2784.3
1350720 2789.6
1350730 2789.6
1350740 2795.3
1350750 2801.4
1350760 2807.3
1350770 2807.3
1350780 2813.7
1350790 2820.3
1350800 2820.3
1350810 2827.9
1350820 2834.6
1350830 2834.6
1350840 2841.8
1350850 2849.7
1350860 2849.7
1350870 2857.4
1350880 2865.1
1350890 2865.1
1350900 2873.1
1350910 2880.7
1350920 2880.7
1350930 2888.3
1350940 2896.0
1350950 2907.3
1350960 2907.3
1350970 2918.1
1350980 2928.5
1350990 2928.5
1351000 2940.8
1351010 2956.1
1351020 2956.1
1351030 2971.4
1351040 2985.6
1351050 2985.6
1351060 2998.7
1351070 3007.8
1351080 3007.8
1351090 3017.1
1351100 3019.4
1351110 3019.4
1351120 3008.9
1351130 2995.2
1351140 2984.3
1351150 2984.3
1351160 2980.5
1351170 2980.4
1351180 2980.4
1351190 2978.2
1351200 2964.7
1351210 2964.7
1351220 2955.6
1351230 2949.9
1351240 2949.9
1351250 2945.8
1351260 2942.6
1351270 2942.6
1351280 2939.9
1351290 2937.1
1351300 2937.1
1351310 2934.8
1351320 2932.8
1351330 2931.4
1351340 2931.4
1351350 2929.8
1351360 2927.9
1351370 2927.9
1351380 2924.1
1351390 2906.1
1351400 2906.1
1351410 2895.9
1351420 2891.2
1351430 2891.2
1351440 2889.1
1351450 2886.9
1351460 2886.9
1351470 2884.5
1351480 2882.1
1351490 2882.1
1351500 2880.1
1351510 2878.1
1351520 2878.1
1351530 2876.0
1351540 2873.9
1351550 2871.7
1351560 2871.7
1351570 2869.8
1351580 2868.5
1351590 2868.5
1351600 2867.7
1351610 2866.9
1351620 2866.9
1351630 2866.1
1351640 2866.9
1351650 2866.9
1351660 2866.1
1351670 2865.5
1351680 2865.5
1351690 2865.1
1351700 2864.8
1351710 2864.8
1351720 2864.7
1351730 2864.7
1351740 2864.9
1351750 2864.9
1351760 2865.3
1351770 2865.8
1351780 2865.8
1351790 2866.4
1351800 2866.9
1351810 2866.9
1351820 2867.5
1351830 2868.0
1351840 2868.0
1351850 2868.5
1351860 2869.0
1351870 2869.0
1351880 2869.5
1351890 2870.0
1351900 2870.0
1351910 2870.5
1351920 2871.0
1351930 2871.6
1351940 2871.6
1351950 2872.1
1351960 2872.6
1351970 2872.6
1351980 2873.2
1351990 2873.6
1352000 2873.6
1352010 2874.1
1352020 2874.6
1352030 2874.6
1352040 2875.0
1352050 2875.4
1352060 2875.4
1352070 2875.7
1352080 2876.0
1352090 2876.0
1352100 2876.2
1352110 2876.3
1352120 2876.3
1352130 2876.5
1352140 2876.6
1352150 2876.8
1352160 2876.8
1352170 2876.9
1352180 2877.1
1352190 2877.1
1352200 2877.3
1352210 2877.5
1352220 2877.5
1352230 2877.7
1352240 2878.0
1352250 2878.0
1352260 2878.3
1352270 2878.5
1352280 2878.5
1352290 2878.7
1352300 2878.9
1352310 2878.9
1352320 2879.0
1352330 2879.1
1352340 2879.0
1352350 2879.0
1352360 2878.9
1352370 2878.6
1352380 2878.6
1352390 2878.4
1352400 2878.0
1352410 2878.0
1352420 2877.7
1352430 2877.5
1352440 2877.5
1352450 2877.4
1352460 2877.5
1352470 2877.5
1352480 2877.9
1352490 2878.2
1352500 2878.2
1352510 2878.6
1352520 2879.0
1352530 2879.5
1352540 2879.5
1352550 2880.1
1352560 2880.7
1352570 2880.7
1352580 2881.4
1352590 2882.9
1352600 2882.9
1352610 2883.5
1352620 2884.0
1352630 2884.0
1352640 2884.5
1352650 2884.8
1352660 2884.8
1352670 2884.9
1352680 2884.8
1352690 2884.8
1352700 2884.6
1352710 2884.4
1352720 2884.0
1352730 2884.0
1352740 2883.5
1352750 2883.0
1352760 2883.0
1352770 2882.5
1352780 2882.0
1352790 2882.0
1352800 2881.7
1352810 2881.4
1352820 2881.4
1352830 2881.1
1352840 2880.9
1352850 2880.9
1352860 2880.9
1352870 2880.9
1352880 2880.9
1352890 2881.2
1352900 2881.5
1352910 2881.5
1352920 2882.0
1352930 2882.6
1352940 2883.3
1352950 2883.3
1352960 2884.2
1352970 2885.3
1352980 2885.3
1352990 2886.5
1353000 2887.7
1353010 2887.7
1353020 2889.2
1353030 2890.6
1353040 2890.6
1353050 2892.0
1353060 2893.5
1353070 2893.5
1353080 2895.1
1353090 2896.6
1353100 2896.6
1353110 2898.1
1353120 2899.4
1353130 2900.8
1353140 2900.8
1353150 2902.3
1353160 2903.4
1353170 2903.4
1353180 2904.7
1353190 2906.0
1353200 2906.0
1353210 2907.5
1353220 2908.4
1353230 2908.4
1353240 2909.1
1353250 2909.8
1353260 2909.8
1353270 2910.9
1353280 2912.3
1353290 2912.3
1353300 2914.0
1353310 2915.8
1353320 2918.0
1353330 2918.0
1353340 2920.8
1353350 2925.5
1353360 2925.5
1353370 2931.8
1353380 2937.3
1353390 2937.3
1353400 2941.9
1353410 2948.6
1353420 2948.6
1353430 2955.5
1353440 2960.1
1353450 2960.1
1353460 2963.7
1353470 2967.4
1353480 2967.4
1353490 2970.2
1353500 2971.0
1353510 2971.2
1353520 2971.2
1353530 2971.4
1353540 2972.0
1353550 2971.1
1353560 2972.5
1353570 2974.4
1353580 2974.4
1353590 2976.0
1353600 2979.3
1353610 2979.3
1353620 2983.9
1353630 2989.1
1353640 2989.1
1353650 2995.3
1353660 3001.2
1353670 3001.2
1353680 3007.7
1353690 3015.8
1353700 3015.8
1353710 3024.2
1353720 3033.0
1353730 3048.1
1353740 3048.1
1353750 3066.7
1353760 3080.2
1353770 3080.2
1353780 3085.9
1353790 3095.2
1353800 3095.2
1353810 3102.3
1353820 3097.9
1353830 3097.9
1353840 3091.1
1353850 3091.6
1353860 3091.6
1353870 3099.8
1353880 3105.9
1353890 3105.9
1353900 3109.2
1353910 3111.1
1353920 3109.8
1353930 3109.8
1353940 3104.8
1353950 3099.2
1353960 3099.2
1353970 3096.8
1353980 3092.5
1353990 3092.5
1354000 3090.7
1354010 3091.0
1354020 3091.0
1354030 3089.4
1354040 3078.5
1354050 3078.5
1354060 3043.9
1354070 3021.1
1354080 3021.1
1354090 3009.2
1354100 2999.3
1354110 2993.6
1354120 2993.6
1354130 2987.7
1354140 2967.6
1354150 2967.6
1354160 2952.8
1354170 2934.2
1354180 2934.2
1354190 2926.7
1354200 2911.0
1354210 2911.0
1354220 2888.3
1354230 2873.8
1354240 2873.8
1354250 2867.4
1354260 2860.5
1354270 2860.5
1354280 2853.3
1354290 2845.8
1354300 2845.8
1354310 2838.2
1354320 2830.4
1354330 2822.6
1354340 2822.6
1354350 2814.5
1354360 2806.9
1354370 2806.9
1354380 2799.7
1354390 2792.8
1354400 2792.8
1354410 2786.1
1354420 2779.1
1354430 2779.1
1354440 2772.3
1354450 2765.5
1354460 2765.5
1354470 2758.9
1354480 2753.0
1354490 2753.0
1354500 2747.6
1354510 2742.7
1354520 2738.9
1354530 2738.9
1354540 2734.8
1354550 2731.1
1354560 2731.1
1354570 2727.6
1354580 2724.3
1354590 2724.3
1354600 2721.0
1354610 2717.8
1354620 2717.8
1354630 2714.5
1354640 2711.2
1354650 2711.2
1354660 2707.9
1354670 2704.9
1354680 2704.9
1354690 2702.7
1354700 2701.3
1354710 2700.6
1354720 2700.6
1354730 2699.7
1354740 2698.0
1354750 2698.0
1354760 2696.1
1354770 2694.3
1354780 2694.3
1354790 2691.4
1354800 2687.7
1354810 2687.7
1354820 2684.0
1354830 2679.4
1354840 2679.4
1354850 2673.8
1354860 2667.9
1354870 2667.9
1354880 2662.3
1354890 2657.0
1354900 2652.1
1354910 2652.1
1354920 2647.3
1354930 2642.8
1354940 2642.8
1354950 2638.6
1354960 2633.3
1354970 2633.3
1354980 2626.8
1354990 2620.2
1355000 2620.2
1355010 2614.2
1355020 2608.4
1355030 2608.4
1355040 2603.0
1355050 2597.7
1355060 2597.7
1355070 2592.5
1355080 2587.4
1355090 2587.4
1355100 2582.8
1355110 2578.6
1355120 2574.4
1355130 2574.4
1355140 2569.6
1355150 2564.5
1355160 2564.5
1355170 2559.2
1355180 2554.0
1355190 2554.0
1355200 2548.7
1355210 2543.5
1355220 2543.5
1355230 2538.1
1355240 2534.8
1355250 2534.8
1355260 2531.0
1355270 2528.3
1355280 2528.3
1355290 2526.4
1355300 2524.1
1355310 2520.1
1355320 2520.1
1355330 2515.2
1355340 2511.5
1355350 2511.5
1355360 2507.6
1355370 2500.2
1355380 2500.2
1355390 2493.9
1355400 2488.6
1355410 2488.6
1355420 2483.3
1355430 2477.8
1355440 2477.8
1355450 2468.7
1355460 2462.8
1355470 2462.8
1355480 2459.5
1355490 2456.0
1355500 2454.9
1355510 2454.9
1355520 2448.9
1355530 2443.1
1355540 2443.1
1355550 2437.4
1355560 2431.5
1355570 2431.5
1355580 2425.7
1355590 2420.1
1355600 2420.1
1355610 2414.6
1355620 2409.6
1355630 2409.6
1355640 2405.8
1355650 2402.3
1355660 2402.3
1355670 2399.3
1355680 2396.8
1355690 2396.8
1355700 2394.2
1355710 2391.2
1355720 2388.0
1355730 2388.0
1355740 2384.6
1355750 2380.7
1355760 2380.7
1355770 2376.9
1355780 2372.3
1355790 2372.3
1355800 2368.4
1355810 2365.9
1355820 2365.9
1355830 2364.3
1355840 2362.3
1355850 2362.3
1355860 2359.7
1355870 2358.9
1355880 2358.9
1355890 2357.7
1355900 2355.4
1355910 2354.1
1355920 2354.1
1355930 2352.5
1355940 2350.1
1355950 2350.1
1355960 2349.4
1355970 2349.8
1355980 2349.8
1355990 2350.4
1356000 2350.5
1356010 2350.5
1356020 2351.0
1356030 2351.4
1356040 2351.4
1356050 2351.7
1356060 2351.3
1356070 2351.3
1356080 2350.2
1356090 2348.7
1356100 2347.5
1356110 2347.5
1356120 2346.1
1356130 2344.9
1356140 2344.9
1356150 2344.0
1356160 2343.3
1356170 2343.3
1356180 2341.6
1356190 2338.0
1356200 2338.0
1356210 2334.5
1356220 2331.0
1356230 2331.0
1356240 2327.0
1356250 2321.3
1356260 2321.3
1356270 2313.6
1356280 2305.7
1356290 2298.7
1356300 2298.7
1356310 2291.7
1356320 2280.7
1356330 2280.7
1356340 2270.1
1356350 2261.0
1356360 2261.0
1356370 2252.1
1356380 2244.8
1356390 2244.8
1356400 2236.9
1356410 2227.6
1356420 2227.6
1356430 2220.2
1356440 2210.3
1356450 2210.3
1356460 2193.4
1356470 2174.6
1356480 2174.6
1356490 2169.3
1356500 2161.7
1356510 2154.6
1356520 2154.6
1356530 2148.3
1356540 2140.9
1356550 2140.9
1356560 2133.8
1356570 2126.1
1356580 2126.1
1356590 2118.1
1356600 2110.7
1356610 2110.7
1356620 2105.1
1356630 2100.5
1356640 2100.5
1356650 2097.3
1356660 2095.0
1356670 2095.0
1356680 2092.7
1356690 2091.3
1356700 2089.2
1356710 2089.2
1356720 2088.1
1356730 2086.7
1356740 2086.7
1356750 2083.4
1356760 2077.5
1356770 2077.5
1356780 2071.2
1356790 2065.0
1356800 2065.0
1356810 2060.0
1356820 2056.9
1356830 2056.9
1356840 2053.3
1356850 2049.1
1356860 2049.1
1356870 2044.5
1356880 2041.0
1356890 2038.0
1356900 2038.0
1356910 2034.4
1356920 2027.6
1356930 2027.6
1356940 2019.1
1356950 2009.4
1356960 2009.4
1356970 1999.0
1356980 1988.9
1356990 1988.9
1357000 1994.3
1357010 2012.7
1357020 2012.7
1357030 2022.1
1357040 2027.7
1357050 2027.7
1357060 2031.5
1357070 2033.0
1357080 2033.2
1357090 2033.2
1357100 2032.7
1357110 2031.4
1357120 2031.4
1357130 2028.9
1357140 2026.6
1357150 2026.6
1357160 2023.6
1357170 2020.9
1357180 2020.9
1357190 2019.5
1357200 2018.2
1357210 2018.2
1357220 2016.1
1357230 2014.1
1357240 2014.1
1357250 2012.9
1357260 2011.2
1357270 2011.2
1357280 2010.1
1357290 2010.0
1357300 2011.6
1357310 2011.6
1357320 2014.2
1357330 2015.7
1357340 2015.7
1357350 2014.6
1357360 2011.8
1357370 2011.8
1357380 2008.4
1357390 2006.3
1357400 2006.3
1357410 2004.0
1357420 2001.6
1357430 2001.6
1357440 1999.5
1357450 1997.5
1357460 1997.5
1357470 1994.6
1357480 1997.6
1357490 1994.7
1357500 1994.7
1357510 1992.1
1357520 1988.7
1357530 1988.7
1357540 1982.3
1357550 1978.8
1357560 1978.8
1357570 1976.4
1357580 1974.0
1357590 1974.0
1357600 1971.9
1357610 1969.0
1357620 1969.0
1357630 1964.8
1357640 1961.1
1357650 1961.1
1357660 1957.5
1357670 1953.4
1357680 1949.9
1357690 1949.9
1357700 1946.8
1357710 1942.8
1357720 1942.8
1357730 1938.4
1357740 1932.0
1357750 1932.0
1357760 1922.5
1357770 1915.1
1357780 1915.1
1357790 1911.0
1357800 1906.6
1357810 1906.6
1357820 1902.8
1357830 1899.8
1357840 1899.8
1357850 1895.6
1357860 1891.3
1357870 1891.3
1357880 1885.5
1357890 1879.6
1357900 1875.7
1357910 1875.7
1357920 1871.5
1357930 1866.6
1357940 1866.6
1357950 1862.6
1357960 1858.0
1357970 1858.0
1357980 1854.6
1357990 1853.1
1358000 1853.1
1358010 1852.1
1358020 1851.1
1358030 1851.1
1358040 1849.4
1358050 1847.7
1358060 1847.7
1358070 1845.4
1358080 1840.2
1358090 1835.6
1358100 1835.6
1358110 1833.3
1358120 1832.0
1358130 1832.0
1358140 1831.4
1358150 1832.7
1358160 1832.7
1358170 1835.5
1358180 1837.5
1358190 1837.5
1358200 1839.4
1358210 1842.3
1358220 1842.3
1358230 1845.1
1358240 1847.1
1358250 1847.1
1358260 1849.1
1358270 1850.9
1358280 1852.6
1358290 1852.6
1358300 1855.0
1358310 1856.3
1358320 1856.3
1358330 1856.4
1358340 1857.2
1358350 1857.2
1358360 1858.3
1358370 1859.4
1358380 1859.4
1358390 1859.8
1358400 1860.4
1358410 1860.4
1358420 1861.3
1358430 1862.3
1358440 1862.3
1358450 1864.9
1358460 1869.4
1358470 1874.0
1358480 1870.0
1358490 1875.0
1358500 1880.8
1358510 1880.8
1358520 1887.3
1358530 1893.9
1358540 1893.9
1358550 1900.4
1358560 1906.3
1358570 1906.3
1358580 1911.9
1358590 1916.6
1358600 1916.6
1358610 1924.3
1358620 1939.5
1358630 1939.5
1358640 1948.5
1358650 1956.2
1358660 1956.2
1358670 1960.7
1358680 1965.2
1358690 1969.0
1358700 1969.0
1358710 1972.7
1358720 1976.2
1358730 1976.2
1358740 1979.2
1358750 1982.4
1358760 1982.4
1358770 1986.7
1358780 1990.9
1358790 1990.9
1358800 1994.8
1358810 1998.2
1358820 1998.2
1358830 2000.5
1358840 2005.6
1358850 2005.6
1358860 2011.4
1358870 2015.9
1358880 2018.5
1358890 2018.5
1358900 2021.8
1358910 2024.1
1358920 2024.1
1358930 2026.7
1358940 2032.7
1358950 2032.7
1358960 2044.1
1358970 2054.9
1358980 2054.9
1358990 2061.3
1359000 2066.9
1359010 2066.9
1359020 2071.4
1359030 2076.7
1359040 2076.7
1359050 2084.4
1359060 2092.3
1359070 2098.1
1359080 2098.1
1359090 2103.5
1359100 2105.4
1359110 2105.4
1359120 2105.2
1359130 2106.3
1359140 2106.3
1359150 2107.3
1359160 2108.7
1359170 2108.7
1359180 2110.3
1359190 2110.1
1359200 2110.1
1359210 2109.3
1359220 2108.4
1359230 2108.4
1359240 2107.9
1359250 2108.7
1359260 2109.3
1359270 2109.3
1359280 2113.3
1359290 2118.3
1359300 2118.3
1359310 2123.4
1359320 2126.6
1359330 2126.6
1359340 2128.0
1359350 2129.0
1359360 2129.0
1359370 2131.4
1359380 2134.4
1359390 2134.4
1359400 2139.4
1359410 2147.7
1359420 2147.7
1359430 2154.1
1359440 2161.2
1359450 2161.2
1359460 2166.0
1359470 2171.9
1359480 2177.7
1359490 2170.4
1359500 2176.2
1359510 2182.3
1359520 2182.3
1359530 2189.3
1359540 2193.5
1359550 2193.5
1359560 2198.8
1359570 2202.1
1359580 2202.1
1359590 2205.2
1359600 2208.6
1359610 2208.6
1359620 2213.6
1359630 2218.9
1359640 2218.9
1359650 2223.6
1359660 2227.8
1359670 2232.0
1359680 2232.0
1359690 2235.5
1359700 2237.6
1359710 2237.6
1359720 2239.6
1359730 2241.9
1359740 2241.9
1359750 2244.1
1359760 2245.3
1359770 2245.3
1359780 2246.4
1359790 2247.2
1359800 2247.2
1359810 2248.0
1359820 2249.2
1359830 2249.2
1359840 2250.1
1359850 2250.3
1359860 2250.6
1359870 2250.6
1359880 2252.4
1359890 2254.5
1359900 2254.5
1359910 2256.1
1359920 2257.3
1359930 2257.3
1359940 2257.9
1359950 2258.1
1359960 2258.1
1359970 2257.4
1359980 2256.6
1359990 2256.6
