1350310 2704.3
1350320 2704.3
1350330 2702.8
1350340 2698.9
1350350 2698.9
1350360 2695.4
1350370 2694.0
1350380 2694.0
1350390 2694.3
1350400 2696.9
1350410 2699.5
1350420 2699.5
1350430 2701.6
1350440 2704.0
1350450 2704.0
1350460 2705.9
1350470 2707.6
1350480 2707.6
1350490 2709.3
1350500 2711.2
1350510 2711.2
1350520 2713.9
1350530 2717.6
1350540 2717.6
1350550 2721.9
1350560 2726.4
1350570 2726.4
1350580 2730.9
1350590 2735.4
1350600 2740.1
1350610 2740.1
1350620 2745.1
1350630 2750.3
1350640 2750.3
1350650 2755.7
1350660 2761.0
1350670 2761.0
1350680 2766.5
1350690 2772.6
1350700 2772.6
1350710 2778.8
1350720 2785.0
1350730 2785.0
1350740 2791.5
1350750 2798.4
1350760 2798.4
1350770 2805.2
1350780 2811.9
1350790 2818.7
1350800 2818.7
1350810 2826.1
1350820 2833.8
1350830 2833.8
1350840 2841.6
1350850 2849.7
1350860 2849.7
1350870 2857.7
1350880 2865.8
1350890 2865.8
1350900 2873.9
1350910 2883.2
1350920 2883.2
1350930 2891.6
1350940 2900.3
1350950 2900.3
1350960 2911.8
1350970 2923.1
1350980 2932.4
1350990 2932.4
1351000 2943.5
1351010 2956.3
1351020 2956.3
1351030 2964.1
1351040 2969.4
1351050 2969.4
1351060 2974.9
1351070 2982.4
1351080 2982.4
1351090 2994.6
1351100 3011.8
1351110 3011.8
1351120 3022.8
1351130 3027.1
1351140 3027.1
1351150 3017.5
1351160 3008.9
1351170 3008.9
1351180 3004.7
1351190 3001.1
1351200 2999.4
1351210 2999.4
1351220 2994.4
1351230 2983.4
1351240 2983.4
1351250 2973.6
1351260 2969.0
1351270 2969.0
1351280 2965.6
1351290 2962.0
1351300 2962.0
1351310 2958.1
1351320 2954.3
1351330 2954.3
1351340 2950.8
1351350 2944.7
1351360 2944.7
1351370 2938.4
1351380 2932.2
1351390 2928.5
1351400 2928.5
1351410 2922.8
1351420 2916.7
1351430 2916.7
1351440 2907.2
1351450 2902.2
1351460 2902.2
1351470 2898.9
1351480 2895.9
1351490 2895.9
1351500 2892.9
1351510 2890.0
1351520 2890.0
1351530 2887.1
1351540 2884.3
1351550 2884.3
1351560 2882.5
1351570 2881.4
1351580 2880.2
1351590 2880.2
1351600 2879.1
1351610 2877.6
1351620 2877.6
1351630 2875.9
1351640 2874.2
1351650 2874.2
1351660 2872.6
1351670 2871.4
1351680 2871.4
1351690 2870.5
1351700 2869.6
1351710 2869.6
1351720 2869.0
1351730 2868.6
1351740 2868.6
1351750 2868.8
1351760 2869.8
1351770 2870.8
1351780 2870.8
1351790 2871.2
1351800 2871.4
1351810 2871.4
1351820 2871.5
1351830 2872.0
1351840 2872.0
1351850 2872.5
1351860 2874.0
1351870 2874.0
1351880 2874.5
1351890 2875.1
1351900 2875.1
1351910 2875.6
1351920 2876.2
1351930 2876.2
1351940 2876.8
1351950 2877.4
1351960 2877.4
1351970 2878.1
1351980 2878.7
1351990 2879.3
1352000 2879.3
1352010 2879.9
1352020 2880.4
1352030 2880.4
1352040 2880.8
1352050 2881.3
1352060 2881.3
1352070 2881.7
1352080 2882.1
1352090 2882.1
1352100 2882.5
1352110 2882.8
1352120 2882.8
1352130 2883.1
1352140 2883.4
1352150 2883.4
1352160 2883.6
1352170 2883.8
1352180 2884.0
1352190 2884.0
1352200 2884.1
1352210 2884.3
1352220 2884.3
1352230 2884.4
1352240 2884.5
1352250 2884.5
1352260 2884.7
1352270 2884.8
1352280 2884.8
1352290 2884.9
1352300 2885.0
1352310 2885.0
1352320 2885.1
1352330 2885.1
1352340 2885.1
1352350 2885.0
1352360 2885.0
1352370 2884.8
1352380 2884.8
1352390 2884.6
1352400 2884.3
1352410 2884.3
1352420 2884.1
1352430 2883.9
1352440 2883.9
1352450 2883.8
1352460 2883.8
1352470 2883.8
1352480 2883.9
1352490 2884.2
1352500 2884.2
1352510 2884.5
1352520 2884.8
1352530 2884.8
1352540 2885.2
1352550 2885.6
1352560 2885.6
1352570 2886.1
1352580 2886.6
1352590 2887.1
1352600 2887.1
1352610 2887.6
1352620 2888.1
1352630 2888.1
1352640 2888.6
1352650 2889.1
1352660 2889.1
1352670 2889.4
1352680 2889.7
1352690 2889.7
1352700 2889.8
1352710 2889.8
1352720 2889.8
1352730 2889.8
1352740 2889.5
1352750 2889.5
1352760 2889.3
1352770 2889.0
1352780 2888.7
1352790 2888.7
1352800 2888.4
1352810 2889.8
1352820 2889.8
1352830 2889.6
1352840 2889.5
1352850 2889.5
1352860 2889.3
1352870 2889.3
1352880 2889.3
1352890 2889.4
1352900 2889.5
1352910 2889.5
1352920 2889.7
1352930 2890.1
1352940 2890.1
1352950 2890.6
1352960 2891.0
1352970 2891.6
1352980 2891.6
1352990 2892.2
1353000 2892.9
1353010 2892.9
1353020 2893.7
1353030 2894.5
1353040 2894.5
1353050 2895.3
1353060 2896.1
1353070 2896.1
1353080 2897.0
1353090 2898.0
1353100 2898.0
1353110 2898.8
1353120 2899.6
1353130 2899.6
1353140 2900.7
1353150 2901.7
1353160 2902.6
1353170 2902.6
1353180 2903.5
1353190 2904.3
1353200 2904.3
1353210 2905.4
1353220 2906.7
1353230 2906.7
1353240 2907.9
1353250 2909.3
1353260 2909.3
1353270 2911.0
1353280 2913.6
1353290 2913.6
1353300 2917.5
1353310 2921.3
1353320 2921.3
1353330 2925.3
1353340 2930.3
1353350 2930.3
1353360 2935.2
1353370 2940.5
1353380 2946.3
1353390 2946.3
1353400 2951.3
1353410 2958.1
1353420 2958.1
1353430 2963.7
1353440 2962.4
1353450 2962.4
1353460 2960.1
1353470 2959.7
1353480 2959.7
1353490 2959.6
1353500 2960.0
1353510 2960.0
1353520 2961.3
1353530 2962.3
1353540 2962.3
1353550 2964.6
1353560 2966.7
1353570 2969.5
1353580 2969.5
1353590 2971.9
1353600 2974.6
1353610 2974.6
1353620 2979.3
1353630 2985.2
1353640 2985.2
1353650 2991.4
1353660 2997.0
1353670 2997.0
1353680 3004.1
1353690 3011.0
1353700 3011.0
1353710 3027.5
1353720 3048.4
1353730 3048.4
1353740 3057.0
1353750 3064.5
1353760 3071.2
1353770 3071.2
1353780 3075.5
1353790 3064.6
1353800 3064.6
1353810 3050.4
1353820 3047.2
1353830 3047.2
1353840 3045.6
1353850 3044.3
1353860 3044.3
1353870 3043.4
1353880 3046.6
1353890 3046.6
1353900 3056.1
1353910 3058.0
1353920 3058.0
1353930 3056.3
1353940 3053.7
1353950 3049.0
1353960 3049.0
1353970 3046.3
1353980 3047.6
1353990 3047.6
1354000 3047.3
1354010 3047.0
1354020 3047.0
1354030 3045.0
1354040 3043.8
1354050 3043.8
1354060 3044.3
1354070 3043.8
1354080 3043.8
1354090 3034.0
1354100 3021.6
1354110 3021.6
1354120 3006.4
1354130 2978.3
1354140 2978.3
1354150 2955.9
1354160 2948.7
1354170 2942.5
1354180 2942.5
1354190 2934.5
1354200 2922.9
1354210 2922.9
1354220 2892.5
1354230 2874.9
1354240 2874.9
1354250 2862.7
1354260 2848.0
1354270 2848.0
1354280 2838.2
1354290 2831.8
1354300 2831.8
1354310 2825.7
1354320 2819.2
1354330 2819.2
1354340 2812.9
1354350 2806.5
1354360 2799.6
1354370 2799.6
1354380 2792.2
1354390 2785.0
1354400 2785.0
1354410 2777.6
1354420 2771.5
1354430 2771.5
1354440 2767.9
1354450 2763.9
1354460 2763.9
1354470 2759.7
1354480 2755.7
1354490 2755.7
1354500 2752.6
1354510 2749.6
1354520 2749.6
1354530 2746.4
1354540 2743.3
1354550 2740.7
1354560 2740.7
1354570 2738.1
1354580 2735.3
1354590 2735.3
1354600 2732.2
1354610 2730.4
1354620 2730.4
1354630 2729.4
1354640 2727.5
1354650 2727.5
1354660 2724.6
1354670 2722.0
1354680 2722.0
1354690 2720.1
1354700 2719.4
1354710 2719.4
1354720 2720.3
1354730 2721.9
1354740 2721.9
1354750 2728.9
1354760 2726.4
1354770 2722.2
1354780 2722.2
1354790 2717.6
1354800 2714.0
1354810 2714.0
1354820 2711.3
1354830 2703.5
1354840 2703.5
1354850 2694.3
1354860 2690.0
1354870 2690.0
1354880 2687.6
1354890 2683.3
1354900 2683.3
1354910 2678.4
1354920 2673.2
1354930 2673.2
1354940 2666.7
1354950 2660.6
1354960 2655.4
1354970 2655.4
1354980 2650.7
1354990 2645.6
1355000 2645.6
1355010 2639.9
1355020 2634.0
1355030 2634.0
1355040 2628.2
1355050 2623.7
1355060 2623.7
1355070 2619.7
1355080 2615.0
1355090 2615.0
1355100 2610.3
1355110 2605.5
1355120 2605.5
1355130 2600.6
1355140 2596.6
1355150 2592.1
1355160 2592.1
1355170 2586.0
1355180 2580.6
1355190 2580.6
1355200 2575.9
1355210 2570.5
1355220 2570.5
1355230 2566.4
1355240 2563.3
1355250 2563.3
1355260 2559.1
1355270 2556.4
1355280 2556.4
1355290 2554.5
1355300 2553.8
1355310 2553.8
1355320 2551.0
1355330 2546.5
1355340 2542.8
1355350 2542.8
1355360 2540.4
1355370 2538.2
1355380 2538.2
1355390 2536.1
1355400 2532.1
1355410 2532.1
1355420 2525.7
1355430 2519.4
1355440 2519.4
1355450 2516.0
1355460 2512.3
1355470 2512.3
1355480 2498.3
1355490 2483.6
1355500 2483.6
1355510 2474.5
1355520 2469.2
1355530 2469.2
1355540 2464.8
1355550 2461.6
1355560 2460.2
1355570 2460.2
1355580 2454.3
1355590 2444.7
1355600 2444.7
1355610 2439.8
1355620 2435.3
1355630 2435.3
1355640 2431.7
1355650 2428.9
1355660 2428.9
1355670 2426.0
1355680 2423.4
1355690 2423.4
1355700 2420.3
1355710 2416.4
1355720 2416.4
1355730 2418.8
1355740 2416.0
1355750 2411.6
1355760 2411.6
1355770 2407.0
1355780 2402.8
1355790 2402.8
1355800 2399.3
1355810 2395.9
1355820 2395.9
1355830 2391.1
1355840 2384.6
1355850 2384.6
1355860 2381.8
1355870 2381.9
1355880 2381.9
1355890 2381.7
1355900 2380.0
1355910 2380.0
1355920 2379.7
1355930 2380.9
1355940 2381.7
1355950 2381.7
1355960 2383.0
1355970 2383.0
1355980 2383.0
1355990 2380.9
1356000 2377.6
1356010 2377.6
1356020 2374.1
1356030 2371.2
1356040 2371.2
1356050 2369.4
1356060 2367.5
1356070 2367.5
1356080 2362.9
1356090 2355.7
1356100 2355.7
1356110 2348.4
1356120 2342.4
1356130 2342.4
1356140 2337.1
1356150 2332.5
1356160 2328.7
1356170 2328.7
1356180 2325.4
1356190 2321.6
1356200 2321.6
1356210 2317.2
1356220 2313.1
1356230 2313.1
1356240 2309.8
1356250 2306.2
1356260 2306.2
1356270 2302.5
1356280 2298.6
1356290 2298.6
1356300 2295.2
1356310 2292.6
1356320 2292.6
1356330 2288.1
1356340 2274.0
1356350 2263.4
1356360 2263.4
1356370 2254.5
1356380 2246.1
1356390 2246.1
1356400 2238.7
1356410 2228.6
1356420 2228.6
1356430 2212.9
1356440 2200.8
1356450 2200.8
1356460 2192.8
1356470 2185.9
1356480 2185.9
1356490 2179.5
1356500 2172.8
1356510 2172.8
1356520 2165.2
1356530 2156.1
1356540 2146.6
1356550 2146.6
1356560 2137.8
1356570 2131.8
1356580 2131.8
1356590 2128.0
1356600 2123.7
1356610 2123.7
1356620 2119.2
1356630 2114.9
1356640 2114.9
1356650 2111.3
1356660 2108.4
1356670 2108.4
1356680 2103.4
1356690 2099.4
1356700 2099.4
1356710 2101.4
1356720 2097.3
1356730 2093.0
1356740 2093.0
1356750 2091.5
1356760 2090.2
1356770 2090.2
1356780 2086.3
1356790 2079.2
1356800 2079.2
1356810 2073.2
1356820 2069.5
1356830 2069.5
1356840 2067.0
1356850 2062.9
1356860 2062.9
1356870 2055.1
1356880 2047.9
1356890 2047.9
1356900 2038.3
1356910 2026.1
1356920 2026.1
1356930 2014.7
1356940 2005.1
1356950 2005.2
1356960 2005.2
1356970 2013.1
1356980 2024.0
1356990 2024.0
1357000 2034.7
1357010 2042.3
1357020 2042.3
1357030 2048.2
1357040 2054.3
1357050 2054.3
1357060 2058.2
1357070 2059.0
1357080 2059.0
1357090 2059.3
1357100 2059.0
1357110 2059.0
1357120 2057.8
1357130 2056.2
1357140 2055.1
1357150 2055.1
1357160 2053.1
1357170 2049.6
1357180 2049.6
1357190 2046.5
1357200 2048.0
1357210 2048.0
1357220 2051.6
1357230 2055.8
1357240 2055.8
1357250 2058.5
1357260 2058.9
1357270 2058.9
1357280 2058.0
1357290 2057.5
1357300 2057.5
1357310 2056.7
1357320 2054.8
1357330 2049.9
1357340 2049.9
1357350 2048.0
1357360 2049.3
1357370 2049.3
1357380 2049.8
1357390 2050.7
1357400 2050.7
1357410 2050.3
1357420 2049.1
1357430 2049.1
1357440 2047.6
1357450 2045.6
1357460 2045.6
1357470 2042.5
1357480 2037.8
1357490 2037.8
1357500 2030.5
1357510 2022.6
1357520 2025.3
1357530 2025.3
1357540 2023.7
1357550 2020.7
1357560 2020.7
1357570 2017.2
1357580 2013.8
1357590 2013.8
1357600 2009.6
1357610 2004.7
1357620 2004.7
1357630 1999.6
1357640 1995.7
1357650 1995.7
1357660 1992.0
1357670 1988.7
1357680 1988.7
1357690 1985.7
1357700 1981.9
1357710 1988.3
1357720 1983.2
1357730 1978.9
1357740 1974.0
1357750 1974.0
1357760 1967.7
1357770 1958.7
1357780 1958.7
1357790 1949.6
1357800 1940.8
1357810 1940.8
1357820 1934.3
1357830 1929.4
1357840 1929.4
1357850 1924.6
1357860 1919.7
1357870 1919.7
1357880 1913.9
1357890 1908.0
1357900 1908.0
1357910 1902.0
1357920 1896.6
1357930 1891.7
1357940 1891.7
1357950 1886.1
1357960 1881.1
1357970 1881.1
1357980 1877.0
1357990 1872.4
1358000 1872.4
1358010 1867.4
1358020 1864.7
1358030 1864.7
1358040 1863.9
1358050 1860.5
1358060 1860.5
1358070 1856.3
1358080 1852.0
1358090 1852.0
1358100 1846.7
1358110 1841.0
1358120 1836.1
1358130 1836.1
1358140 1832.1
1358150 1830.1
1358160 1830.1
1358170 1830.9
1358180 1831.7
1358190 1831.7
1358200 1833.8
1358210 1836.3
1358220 1836.3
1358230 1837.7
1358240 1838.8
1358250 1838.8
1358260 1840.1
1358270 1841.7
1358280 1841.7
1358290 1844.9
1358300 1846.8
1358310 1846.3
1358320 1846.3
1358330 1846.2
1358340 1846.1
1358350 1846.1
1358360 1846.9
1358370 1848.3
1358380 1848.3
1358390 1848.3
1358400 1848.7
1358410 1848.7
1358420 1849.5
1358430 1850.4
1358440 1850.4
1358450 1853.1
1358460 1856.9
1358470 1856.9
1358480 1861.1
1358490 1865.5
1358500 1865.5
1358510 1869.7
1358520 1873.2
1358530 1876.5
1358540 1876.5
1358550 1880.1
1358560 1884.4
1358570 1884.4
1358580 1888.4
1358590 1893.5
1358600 1893.5
1358610 1900.0
1358620 1907.2
1358630 1907.2
1358640 1916.8
1358650 1925.6
1358660 1925.6
1358670 1932.8
1358680 1938.2
1358690 1938.2
1358700 1942.3
1358710 1939.3
1358720 1944.4
1358730 1944.4
1358740 1949.9
1358750 1955.1
1358760 1955.1
1358770 1961.0
1358780 1964.9
1358790 1964.9
1358800 1967.6
1358810 1972.1
1358820 1972.1
1358830 1975.8
1358840 1978.5
1358850 1978.5
1358860 1982.0
1358870 1985.7
1358880 1985.7
1358890 1989.4
1358900 1994.9
1358910 2001.5
1358920 2001.5
1358930 2007.3
1358940 2015.4
1358950 2015.4
1358960 2023.5
1358970 2031.0
1358980 2031.0
1358990 2036.3
1359000 2040.8
1359010 2040.8
1359020 2044.9
1359030 2048.1
1359040 2048.1
1359050 2051.7
1359060 2056.1
1359070 2056.1
1359080 2061.3
1359090 2066.7
1359100 2066.7
1359110 2072.9
1359120 2076.7
1359130 2080.1
1359140 2080.1
1359150 2081.7
1359160 2080.5
1359170 2080.5
1359180 2080.7
1359190 2079.9
1359200 2079.9
1359210 2079.6
1359220 2084.5
1359230 2084.5
1359240 2089.8
1359250 2093.2
1359260 2093.2
1359270 2096.1
1359280 2099.1
1359290 2099.1
1359300 2100.7
1359310 2098.7
1359320 2097.1
1359330 2097.1
1359340 2098.9
1359350 2103.5
1359360 2103.5
1359370 2109.5
1359380 2113.9
1359390 2113.9
1359400 2117.7
1359410 2121.3
1359420 2121.3
1359430 2125.5
1359440 2128.1
1359450 2128.1
1359460 2132.3
1359470 2138.8
1359480 2138.8
1359490 2143.4
1359500 2149.5
1359510 2157.1
1359520 2157.1
1359530 2163.5
1359540 2168.6
1359550 2168.6
1359560 2171.5
1359570 2174.4
1359580 2174.4
1359590 2178.8
1359600 2183.6
1359610 2183.6
1359620 2189.1
1359630 2194.6
1359640 2194.6
1359650 2199.1
1359660 2204.3
1359670 2204.3
1359680 2209.4
1359690 2214.6
1359700 2219.9
1359710 2219.9
1359720 2218.6
1359730 2221.4
1359740 2221.4
1359750 2225.0
1359760 2227.9
1359770 2227.9
1359780 2229.7
1359790 2231.1
1359800 2231.1
1359810 2232.7
1359820 2234.7
1359830 2234.7
1359840 2236.2
1359850 2236.7
1359860 2236.7
1359870 2237.8
1359880 2238.5
1359890 2238.5
1359900 2240.0
1359910 2241.1
1359920 2242.2
1359930 2242.2
1359940 2241.9
1359950 2240.9
1359960 2240.9
1359970 2240.1
1359980 2238.9
1359990 2238.9
