1349780 2691.4
1349790 2691.3
1349800 2691.3
1349810 2692.1
1349820 2691.8
1349830 2690.1
1349840 2690.1
1349850 2691.8
1349860 2690.3
1349870 2690.3
1349880 2691.0
1349890 2691.4
1349900 2691.4
1349910 2692.3
1349920 2693.4
1349930 2693.4
1349940 2691.8
1349950 2690.8
1349960 2690.8
1349970 2692.7
1349980 2693.6
1349990 2693.6
1350000 2693.9
1350010 2696.9
1350020 2696.9
1350030 2699.6
1350040 2703.3
1350050 2707.1
1350060 2707.1
1350070 2710.5
1350080 2713.2
1350090 2713.2
1350100 2714.5
1350110 2714.5
1350120 2714.5
1350130 2713.7
1350140 2714.0
1350150 2714.0
1350160 2714.2
1350170 2714.8
1350180 2714.8
1350190 2718.5
1350200 2721.8
1350210 2721.8
1350220 2721.2
1350230 2721.7
1350240 2722.7
1350250 2722.7
1350260 2723.3
1350270 2723.1
1350280 2723.1
1350290 2724.1
1350300 2725.1
1350310 2725.1
1350320 2725.9
1350330 2725.6
1350340 2725.6
1350350 2726.6
1350360 2727.3
1350370 2727.3
1350380 2727.6
1350390 2729.7
1350400 2729.7
1350410 2733.4
1350420 2735.1
1350430 2736.9
1350440 2736.9
1350450 2739.9
1350460 2743.7
1350470 2743.7
1350480 2744.9
1350490 2746.6
1350500 2746.6
1350510 2747.9
1350520 2748.6
1350530 2748.6
1350540 2747.0
1350550 2745.2
1350560 2745.2
1350570 2745.1
1350580 2746.0
1350590 2746.0
1350600 2747.7
1350610 2748.9
1350620 2748.9
1350630 2747.6
1350640 2748.1
1350650 2750.2
1350660 2750.2
1350670 2752.5
1350680 2756.2
1350690 2756.2
1350700 2759.7
1350710 2762.9
1350720 2762.9
1350730 2766.1
1350740 2768.6
1350750 2768.6
1350760 2770.9
1350770 2773.6
1350780 2773.6
1350790 2782.6
1350800 2786.9
1350810 2786.9
1350820 2791.3
1350830 2794.7
1350840 2795.9
1350850 2795.9
1350860 2796.4
1350870 2797.7
1350880 2797.7
1350890 2800.1
1350900 2804.4
1350910 2804.4
1350920 2810.6
1350930 2818.5
1350940 2818.5
1350950 2830.5
1350960 2839.8
1350970 2839.8
1350980 2848.7
1350990 2857.8
1351000 2857.8
1351010 2865.6
1351020 2875.5
1351030 2883.8
1351040 2883.8
1351050 2885.2
1351060 2883.6
1351070 2883.6
1351080 2880.9
1351090 2878.5
1351100 2878.5
1351110 2876.7
1351120 2875.2
1351130 2875.2
1351140 2874.9
1351150 2876.1
1351160 2876.1
1351170 2877.5
1351180 2876.9
1351190 2876.9
1351200 2876.1
1351210 2875.3
1351220 2875.3
1351230 2873.3
1351240 2869.9
1351250 2865.8
1351260 2865.8
1351270 2858.6
1351280 2852.4
1351290 2852.4
1351300 2847.1
1351310 2841.5
1351320 2841.5
1351330 2836.3
1351340 2831.5
1351350 2831.5
1351360 2829.4
1351370 2829.9
1351380 2829.9
1351390 2831.3
1351400 2832.5
1351410 2832.5
1351420 2830.1
1351430 2826.0
1351440 2822.1
1351450 2822.1
1351460 2819.7
1351470 2813.8
1351480 2813.8
1351490 2803.1
1351500 2791.3
1351510 2791.3
1351520 2780.7
1351530 2771.9
1351540 2771.9
1351550 2762.3
1351560 2755.2
1351570 2755.2
1351580 2751.0
1351590 2746.0
1351600 2746.0
1351610 2738.2
1351620 2725.1
1351630 2716.2
1351640 2716.2
1351650 2706.5
1351660 2703.8
1351670 2703.8
1351680 2701.5
1351690 2697.3
1351700 2697.3
1351710 2693.2
1351720 2689.0
1351730 2689.0
1351740 2688.2
1351750 2683.1
1351760 2683.1
1351770 2678.8
1351780 2676.0
1351790 2676.0
1351800 2673.7
1351810 2671.8
1351820 2671.8
1351830 2666.2
1351840 2659.0
1351850 2651.8
1351860 2651.8
1351870 2645.3
1351880 2640.3
1351890 2640.3
1351900 2636.1
1351910 2633.5
1351920 2633.5
1351930 2631.6
1351940 2629.8
1351950 2629.8
1351960 2627.6
1351970 2625.4
1351980 2625.4
1351990 2624.9
1352000 2623.6
1352010 2623.6
1352020 2622.6
1352030 2618.2
1352040 2614.0
1352050 2614.0
1352060 2609.5
1352070 2604.9
1352080 2604.9
1352090 2601.3
1352100 2599.6
1352110 2599.6
1352120 2596.8
1352130 2593.5
1352140 2593.5
1352150 2591.1
1352160 2588.9
1352170 2588.9
1352180 2586.2
1352190 2581.9
1352200 2581.9
1352210 2577.1
1352220 2574.6
1352230 2572.3
1352240 2572.3
1352250 2570.0
1352260 2568.1
1352270 2568.1
1352280 2565.4
1352290 2562.3
1352300 2562.3
1352310 2559.4
1352320 2556.6
1352330 2556.6
1352340 2553.9
1352350 2550.6
1352360 2550.6
1352370 2546.9
1352380 2543.1
1352390 2543.1
1352400 2539.7
1352410 2537.8
1352420 2537.8
1352430 2536.2
1352440 2530.2
1352450 2523.6
1352460 2523.6
1352470 2519.7
1352480 2515.2
1352490 2515.2
1352500 2504.2
1352510 2492.0
1352520 2492.0
1352530 2482.0
1352540 2475.3
1352550 2475.3
1352560 2464.3
1352570 2452.4
1352580 2452.4
1352590 2441.6
1352600 2431.7
1352610 2431.7
1352620 2421.4
1352630 2415.1
1352640 2409.0
1352650 2409.0
1352660 2403.2
1352670 2391.6
1352680 2391.6
1352690 2373.7
1352700 2365.1
1352710 2365.1
1352720 2359.4
1352730 2355.9
1352740 2355.9
1352750 2354.3
1352760 2351.9
1352770 2351.9
1352780 2348.5
1352790 2347.5
1352800 2347.5
1352810 2352.0
1352820 2352.3
1352830 2350.6
1352840 2350.6
1352850 2349.0
1352860 2347.7
1352870 2347.7
1352880 2346.9
1352890 2348.9
1352900 2348.9
1352910 2350.7
1352920 2352.7
1352930 2352.7
1352940 2354.1
1352950 2355.2
1352960 2355.2
1352970 2357.7
1352980 2361.1
1352990 2361.1
1353000 2363.9
1353010 2367.4
1353020 2367.4
1353030 2371.5
1353040 2376.1
1353050 2381.3
1353060 2381.3
1353070 2385.9
1353080 2388.5
1353090 2388.5
1353100 2392.0
1353110 2397.0
1353120 2397.0
1353130 2402.2
1353140 2405.1
1353150 2405.1
1353160 2405.9
1353170 2405.3
1353180 2405.3
1353190 2403.1
1353200 2405.8
1353210 2405.8
1353220 2410.4
1353230 2415.0
1353240 2419.1
1353250 2419.1
1353260 2423.7
1353270 2429.8
1353280 2429.8
1353290 2436.8
1353300 2443.4
1353310 2443.4
1353320 2450.6
1353330 2459.5
1353340 2459.5
1353350 2468.3
1353360 2481.3
1353370 2481.3
1353380 2490.0
1353390 2499.6
1353400 2499.6
1353410 2508.6
1353420 2516.7
1353430 2523.5
1353440 2523.5
1353450 2531.7
1353460 2542.6
1353470 2542.6
1353480 2552.5
1353490 2564.0
1353500 2564.0
1353510 2579.8
1353520 2595.6
1353530 2595.6
1353540 2611.5
1353550 2623.5
1353560 2623.5
1353570 2633.6
1353580 2643.2
1353590 2643.2
1353600 2650.8
1353610 2660.7
1353620 2673.2
1353630 2673.2
1353640 2689.7
1353650 2704.6
1353660 2706.4
1353670 2721.5
1353680 2723.5
1353690 2723.5
1353700 2720.5
1353710 2718.7
1353720 2718.7
1353730 2718.7
1353740 2718.1
1353750 2718.1
1353760 2717.2
1353770 2718.4
1353780 2718.4
1353790 2723.5
1353800 2727.6
1353810 2727.6
1353820 2727.4
1353830 2725.3
1353840 2720.7
1353850 2720.7
1353860 2713.8
1353870 2706.8
1353880 2706.8
1353890 2701.1
1353900 2696.8
1353910 2696.8
1353920 2693.4
1353930 2688.5
1353940 2688.5
1353950 2682.7
1353960 2677.0
1353970 2677.0
1353980 2670.8
1353990 2665.8
1354000 2665.8
1354010 2661.1
1354020 2655.4
1354030 2649.8
1354040 2649.8
1354050 2643.1
1354060 2633.9
1354070 2633.9
1354080 2621.5
1354090 2605.3
1354100 2605.3
1354110 2588.8
1354120 2574.1
1354130 2574.1
1354140 2565.3
1354150 2559.4
1354160 2559.4
1354170 2554.6
1354180 2549.4
1354190 2549.4
1354200 2544.5
1354210 2539.7
1354220 2534.8
1354230 2534.8
1354240 2528.8
1354250 2524.4
1354260 2524.4
1354270 2520.7
1354280 2517.5
1354290 2517.5
1354300 2513.6
1354310 2509.9
1354320 2509.9
1354330 2504.4
1354340 2499.7
1354350 2499.7
1354360 2495.7
1354370 2492.3
1354380 2492.3
1354390 2489.1
1354400 2485.8
1354410 2485.8
1354420 2480.7
1354430 2474.8
1354440 2470.4
1354450 2470.4
1354460 2466.5
1354470 2461.8
1354480 2461.8
1354490 2455.0
1354500 2446.1
1354510 2446.1
1354520 2438.1
1354530 2431.0
1354540 2431.0
1354550 2424.9
1354560 2416.0
1354570 2416.0
1354580 2408.3
1354590 2402.6
1354600 2402.6
1354610 2396.9
1354620 2391.6
1354630 2385.8
1354640 2385.8
1354650 2380.1
1354660 2374.6
1354670 2374.6
1354680 2369.1
1354690 2363.1
1354700 2363.1
1354710 2357.1
1354720 2351.7
1354730 2351.7
1354740 2346.3
1354750 2340.2
1354760 2340.2
1354770 2334.0
1354780 2329.0
1354790 2329.0
1354800 2324.3
1354810 2319.8
1354820 2315.7
1354830 2315.7
1354840 2311.1
1354850 2305.5
1354860 2305.5
1354870 2300.6
1354880 2295.9
1354890 2295.9
1354900 2291.1
1354910 2286.8
1354920 2286.8
1354930 2285.3
1354940 2284.3
1354950 2284.3
1354960 2285.0
1354970 2285.1
1354980 2285.1
1354990 2280.4
1355000 2274.9
1355010 2274.9
1355020 2269.8
1355030 2264.2
1355040 2257.5
1355050 2257.5
1355060 2252.4
1355070 2248.6
1355080 2248.6
1355090 2243.8
1355100 2239.0
1355110 2239.0
1355120 2233.5
1355130 2227.8
1355140 2227.8
1355150 2222.5
1355160 2216.8
1355170 2216.8
1355180 2210.2
1355190 2203.8
1355200 2203.8
1355210 2198.1
1355220 2192.5
1355230 2185.3
1355240 2185.3
1355250 2177.5
1355260 2170.3
1355270 2170.3
1355280 2163.5
1355290 2156.6
1355300 2156.6
1355310 2150.6
1355320 2145.5
1355330 2145.5
1355340 2140.7
1355350 2135.7
1355360 2135.7
1355370 2128.9
1355380 2118.9
1355390 2118.9
1355400 2111.6
1355410 2109.5
1355420 2106.5
1355430 2106.5
1355440 2101.5
1355450 2095.8
1355460 2095.8
1355470 2090.6
1355480 2085.5
1355490 2085.5
1355500 2080.3
1355510 2074.9
1355520 2074.9
1355530 2069.3
1355540 2062.5
1355550 2062.5
1355560 2055.7
1355570 2049.7
1355580 2049.7
1355590 2043.4
1355600 2037.6
1355610 2042.3
1355620 2035.9
1355630 2029.9
1355640 2024.2
1355650 2024.2
1355660 2016.7
1355670 2006.8
1355680 2006.8
1355690 1998.1
1355700 1990.5
1355710 1990.5
1355720 1984.8
1355730 1979.9
1355740 1979.9
1355750 1976.1
1355760 1972.4
1355770 1972.4
1355780 1967.5
1355790 1962.3
1355800 1962.3
1355810 1957.2
1355820 1952.5
1355830 1948.0
1355840 1948.0
1355850 1943.5
1355860 1938.8
1355870 1938.8
1355880 1934.4
1355890 1930.6
1355900 1930.6
1355910 1927.3
1355920 1924.4
1355930 1924.4
1355940 1921.3
1355950 1918.3
1355960 1918.3
1355970 1915.4
1355980 1911.9
1355990 1911.9
1356000 1908.4
1356010 1904.8
1356020 1902.2
1356030 1902.2
1356040 1900.2
1356050 1898.5
1356060 1898.5
1356070 1896.7
1356080 1894.8
1356090 1894.8
1356100 1893.3
1356110 1891.4
1356120 1891.4
1356130 1889.9
1356140 1889.7
1356150 1889.7
1356160 1890.1
1356170 1890.1
1356180 1890.1
1356190 1890.4
1356200 1892.7
1356210 1892.7
1356220 1896.3
1356230 1898.2
1356240 1899.0
1356250 1899.0
1356260 1900.1
1356270 1901.4
1356280 1901.4
1356290 1902.8
1356300 1904.5
1356310 1904.5
1356320 1906.6
1356330 1909.1
1356340 1909.1
1356350 1912.0
1356360 1913.9
1356370 1913.9
1356380 1915.9
1356390 1918.4
1356400 1918.4
1356410 1920.5
1356420 1921.8
1356430 1922.2
1356440 1922.2
1356450 1924.4
1356460 1927.5
1356470 1927.5
1356480 1930.6
1356490 1932.9
1356500 1932.9
1356510 1935.1
1356520 1939.1
1356530 1939.1
1356540 1942.7
1356550 1946.8
1356560 1946.8
1356570 1951.3
1356580 1955.8
1356590 1951.4
1356600 1955.7
1356610 1959.6
1356620 1963.5
1356630 1963.5
1356640 1967.3
1356650 1971.5
1356660 1971.5
1356670 1975.8
1356680 1979.6
1356690 1979.6
1356700 1983.2
1356710 1987.5
1356720 1987.5
1356730 1992.4
1356740 1996.8
1356750 1996.8
1356760 2001.2
1356770 2005.1
1356780 2005.1
1356790 2009.3
1356800 2012.2
1356810 2012.2
1356820 2014.7
1356830 2018.5
1356840 2022.2
1356850 2022.2
1356860 2024.0
1356870 2024.4
1356880 2024.4
1356890 2029.6
1356900 2035.7
1356910 2035.7
1356920 2040.6
1356930 2045.0
1356940 2045.0
1356950 2049.4
1356960 2053.8
1356970 2053.8
1356980 2057.3
1356990 2059.6
1357000 2059.6
1357010 2063.6
1357020 2067.4
1357030 2070.8
1357040 2070.8
1357050 2073.8
1357060 2078.8
1357070 2078.8
1357080 2082.6
1357090 2084.4
1357100 2084.4
1357110 2085.2
1357120 2086.1
1357130 2086.1
1357140 2087.8
1357150 2090.0
1357160 2090.0
1357170 2091.8
1357180 2094.3
1357190 2094.3
1357200 2097.5
1357210 2099.9
1357220 2102.2
1357230 2102.2
1357240 2104.7
1357250 2107.4
1357260 2107.4
1357270 2111.0
1357280 2115.2
1357290 2115.2
1357300 2118.9
1357310 2121.6
1357320 2121.6
1357330 2123.4
1357340 2125.0
1357350 2125.0
1357360 2126.8
1357370 2127.6
1357380 2127.6
1357390 2128.4
1357400 2130.2
1357410 2130.2
1357420 2131.7
1357430 2132.7
1357440 2133.5
1357450 2133.5
1357460 2134.3
1357470 2135.0
1357480 2135.0
1357490 2134.9
1357500 2135.3
1357510 2135.3
1357520 2135.0
1357530 2135.6
1357540 2135.6
1357550 2136.5
1357560 2137.1
1357570 2137.1
1357580 2137.1
1357590 2132.6
1357600 2132.6
1357610 2135.4
1357620 2137.2
1357630 2139.2
1357640 2139.2
1357650 2143.0
1357660 2147.7
1357670 2147.7
1357680 2152.3
1357690 2156.6
1357700 2156.6
1357710 2161.3
1357720 2167.8
1357730 2167.8
1357740 2174.6
1357750 2181.3
1357760 2181.3
1357770 2188.4
1357780 2194.9
1357790 2194.9
1357800 2203.4
1357810 2212.9
1357820 2223.0
1357830 2223.0
1357840 2228.4
1357850 2231.8
1357860 2231.8
1357870 2234.1
1357880 2234.9
1357890 2234.9
1357900 2239.0
1357910 2243.5
1357920 2243.5
1357930 2243.0
1357940 2249.6
1357950 2249.6
1357960 2257.2
1357970 2259.5
1357980 2259.5
1357990 2262.5
1358000 2261.6
1358010 2257.2
1358020 2257.2
1358030 2255.0
1358040 2255.5
1358050 2255.5
1358060 2257.9
1358070 2260.8
1358080 2260.8
1358090 2263.4
1358100 2264.9
1358110 2264.9
1358120 2266.5
1358130 2268.3
1358140 2268.3
1358150 2269.1
1358160 2270.6
1358170 2270.6
1358180 2273.3
1358190 2276.6
1358200 2276.6
1358210 2280.5
1358220 2286.0
1358230 2291.4
1358240 2291.4
1358250 2296.6
1358260 2300.4
1358270 2300.4
1358280 2305.2
1358290 2311.0
1358300 2311.0
1358310 2314.7
1358320 2317.6
1358330 2317.6
1358340 2320.8
1358350 2324.0
1358360 2324.0
1358370 2327.0
1358380 2330.3
1358390 2330.3
1358400 2333.1
1358410 2334.9
1358420 2335.7
1358430 2335.7
1358440 2334.2
1358450 2330.6
1358460 2330.6
1358470 2327.1
1358480 2323.4
1358490 2323.4
1358500 2320.3
1358510 2317.6
1358520 2317.6
1358530 2315.1
1358540 2311.5
1358550 2311.5
1358560 2310.3
1358570 2315.8
1358580 2315.8
1358590 2318.3
1358600 2326.1
1358610 2332.2
1358620 2332.2
1358630 2335.4
1358640 2338.2
1358650 2338.2
1358660 2343.3
1358670 2349.8
1358680 2349.8
1358690 2356.1
1358700 2360.6
1358710 2360.6
1358720 2362.8
1358730 2366.0
1358740 2366.0
1358750 2370.8
1358760 2375.9
1358770 2375.9
1358780 2380.4
1358790 2384.2
1358800 2384.2
1358810 2388.0
1358820 2392.6
1358830 2395.5
1358840 2395.5
1358850 2398.6
1358860 2401.8
1358870 2401.8
1358880 2404.6
1358890 2407.4
1358900 2407.4
1358910 2411.4
1358920 2416.1
1358930 2416.1
1358940 2419.0
1358950 2420.6
1358960 2420.6
1358970 2423.6
1358980 2427.8
1358990 2427.8
1359000 2430.6
1359010 2433.3
1359020 2435.7
1359030 2435.7
1359040 2436.9
1359050 2436.1
1359060 2436.1
1359070 2435.7
1359080 2436.5
1359090 2436.5
1359100 2437.7
1359110 2438.8
1359120 2438.8
1359130 2441.0
1359140 2444.0
1359150 2444.0
1359160 2446.9
1359170 2450.5
1359180 2450.5
1359190 2454.0
1359200 2457.3
1359210 2460.8
1359220 2460.8
1359230 2464.5
1359240 2469.0
1359250 2469.0
1359260 2473.4
1359270 2478.1
1359280 2478.1
1359290 2482.8
1359300 2488.5
1359310 2488.5
1359320 2494.5
1359330 2501.1
1359340 2501.1
1359350 2509.6
1359360 2517.7
1359370 2517.7
1359380 2525.1
1359390 2535.4
1359400 2535.4
1359410 2544.9
1359420 2552.2
1359430 2556.9
1359440 2556.9
1359450 2558.8
1359460 2559.5
1359470 2559.5
1359480 2560.9
1359490 2562.6
1359500 2562.6
1359510 2562.9
1359520 2564.2
1359530 2564.2
1359540 2567.7
1359550 2571.7
1359560 2571.7
1359570 2574.8
1359580 2577.8
1359590 2577.8
1359600 2576.8
1359610 2574.3
1359620 2572.1
1359630 2572.1
1359640 2570.9
1359650 2570.2
1359660 2570.2
1359670 2568.5
1359680 2566.4
1359690 2566.4
1359700 2566.4
1359710 2568.9
1359720 2568.9
1359730 2571.8
1359740 2575.7
1359750 2575.7
1359760 2580.8
1359770 2585.2
1359780 2585.2
1359790 2590.2
1359800 2595.9
1359810 2602.6
1359820 2602.6
1359830 2612.0
1359840 2623.0
1359850 2623.0
1359860 2634.8
1359870 2642.3
1359880 2642.3
1359890 2645.2
1359900 2647.8
1359910 2647.8
1359920 2650.7
1359930 2654.6
1359940 2654.6
1359950 2659.5
1359960 2664.2
1359970 2664.2
1359980 2669.5
1359990 2677.8
