1349710 2794.0
1349720 2799.0
1349730 2799.0
1349740 2802.9
1349750 2805.6
1349760 2805.6
1349770 2809.1
1349780 2812.6
1349790 2812.6
1349800 2815.7
1349810 2819.6
1349820 2819.6
1349830 2824.1
1349840 2828.6
1349850 2828.6
1349860 2833.4
1349870 2837.7
1349880 2837.7
1349890 2842.6
1349900 2847.2
1349910 2846.9
1349920 2846.9
1349930 2852.9
1349940 2858.4
1349950 2858.4
1349960 2863.0
1349970 2866.9
1349980 2866.9
1349990 2871.3
1350000 2875.4
1350010 2875.4
1350020 2878.8
1350030 2882.5
1350040 2882.5
1350050 2885.7
1350060 2889.1
1350070 2889.1
1350080 2892.0
1350090 2895.2
1350100 2899.0
1350110 2899.0
1350120 2903.1
1350130 2905.6
1350140 2905.6
1350150 2908.6
1350160 2912.5
1350170 2912.5
1350180 2916.9
1350190 2921.7
1350200 2921.7
1350210 2926.9
1350220 2932.7
1350230 2932.7
1350240 2938.9
1350250 2945.9
1350260 2945.9
1350270 2952.6
1350280 2959.6
1350290 2966.5
1350300 2966.5
1350310 2973.9
1350320 2980.8
1350330 2980.8
1350340 2987.8
1350350 2993.7
1350360 2993.7
1350370 2998.7
1350380 3005.4
1350390 3005.4
1350400 3014.1
1350410 3018.7
1350420 3018.7
1350430 3021.0
1350440 3019.7
1350450 3019.7
1350460 3010.9
1350470 2994.9
1350480 2994.9
1350490 2980.5
1350500 2967.2
1350510 2955.4
1350520 2955.4
1350530 2942.6
1350540 2932.7
1350550 2932.7
1350560 2925.4
1350570 2918.6
1350580 2918.6
1350590 2911.3
1350600 2904.8
1350610 2904.8
1350620 2901.5
1350630 2899.1
1350640 2899.1
1350650 2897.2
1350660 2895.4
1350670 2895.4
1350680 2889.3
1350690 2881.7
1350700 2876.6
1350710 2876.6
1350720 2874.1
1350730 2872.4
1350740 2872.4
1350750 2870.9
1350760 2869.0
1350770 2869.0
1350780 2866.3
1350790 2864.7
1350800 2864.7
1350810 2863.5
1350820 2861.6
1350830 2861.6
1350840 2859.9
1350850 2856.0
1350860 2856.0
1350870 2856.2
1350880 2856.3
1350890 2856.5
1350900 2856.5
1350910 2857.2
1350920 2856.7
1350930 2856.7
1350940 2855.8
1350950 2854.6
1350960 2854.6
1350970 2852.8
1350980 2851.5
1350990 2851.5
1351000 2849.7
1351010 2847.2
1351020 2847.2
1351030 2844.5
1351040 2842.1
1351050 2842.1
1351060 2839.6
1351070 2836.7
1351080 2836.7
1351090 2833.6
1351100 2830.2
1351110 2825.6
1351120 2825.6
1351130 2820.1
1351140 2814.0
1351150 2814.0
1351160 2806.9
1351170 2799.1
1351180 2799.1
1351190 2792.9
1351200 2788.1
1351210 2788.1
1351220 2784.1
1351230 2780.7
1351240 2780.7
1351250 2777.8
1351260 2775.5
1351270 2775.5
1351280 2773.8
1351290 2771.3
1351300 2767.9
1351310 2767.9
1351320 2764.6
1351330 2762.3
1351340 2762.3
1351350 2761.0
1351360 2760.5
1351370 2760.5
1351380 2760.0
1351390 2759.4
1351400 2759.4
1351410 2759.0
1351420 2758.8
1351430 2758.8
1351440 2758.7
1351450 2758.6
1351460 2758.6
1351470 2758.5
1351480 2758.2
1351490 2757.4
1351500 2757.4
1351510 2756.7
1351520 2755.9
1351530 2755.9
1351540 2754.9
1351550 2753.7
1351560 2753.7
1351570 2752.4
1351580 2750.9
1351590 2750.9
1351600 2749.4
1351610 2747.9
1351620 2747.9
1351630 2746.3
1351640 2745.7
1351650 2745.7
1351660 2745.0
1351670 2744.4
1351680 2744.4
1351690 2744.1
1351700 2743.7
1351710 2743.4
1351720 2743.4
1351730 2743.1
1351740 2742.9
1351750 2742.9
1351760 2742.7
1351770 2742.3
1351780 2742.3
1351790 2741.3
1351800 2739.8
1351810 2742.9
1351820 2741.9
1351830 2741.5
1351840 2741.5
1351850 2742.2
1351860 2743.3
1351870 2743.3
1351880 2744.9
1351890 2745.9
1351900 2745.9
1351910 2745.9
1351920 2746.2
1351930 2745.5
1351940 2745.5
1351950 2742.8
1351960 2739.9
1351970 2739.9
1351980 2736.5
1351990 2732.1
1352000 2732.1
1352010 2729.0
1352020 2726.2
1352030 2726.2
1352040 2720.6
1352050 2716.6
1352060 2716.6
1352070 2714.4
1352080 2712.7
1352090 2710.8
1352100 2710.8
1352110 2708.1
1352120 2706.2
1352130 2706.2
1352140 2701.2
1352150 2693.7
1352160 2693.7
1352170 2688.3
1352180 2683.8
1352190 2683.8
1352200 2679.8
1352210 2677.5
1352220 2677.5
1352230 2675.1
1352240 2672.9
1352250 2672.9
1352260 2667.1
1352270 2661.5
1352280 2657.3
1352290 2657.3
1352300 2653.5
1352310 2648.4
1352320 2648.4
1352330 2638.2
1352340 2627.1
1352350 2627.1
1352360 2610.6
1352370 2589.6
1352380 2589.6
1352390 2579.2
1352400 2573.2
1352410 2573.2
1352420 2568.2
1352430 2564.4
1352440 2564.4
1352450 2562.1
1352460 2558.8
1352470 2558.8
1352480 2555.5
1352490 2552.4
1352500 2549.5
1352510 2549.5
1352520 2547.5
1352530 2545.7
1352540 2545.7
1352550 2543.4
1352560 2540.3
1352570 2540.3
1352580 2540.9
1352590 2540.4
1352600 2540.4
1352610 2540.5
1352620 2541.3
1352630 2541.3
1352640 2540.8
1352650 2540.4
1352660 2540.4
1352670 2539.9
1352680 2539.6
1352690 2540.8
1352700 2540.8
1352710 2540.8
1352720 2537.6
1352730 2537.6
1352740 2535.0
1352750 2533.3
1352760 2537.3
1352770 2535.0
1352780 2533.2
1352790 2533.2
1352800 2532.1
1352810 2532.0
1352820 2532.0
1352830 2532.8
1352840 2535.0
1352850 2535.0
1352860 2537.6
1352870 2540.7
1352880 2543.8
1352890 2543.8
1352900 2546.9
1352910 2549.7
1352920 2549.7
1352930 2552.3
1352940 2554.6
1352950 2554.6
1352960 2557.1
1352970 2559.1
1352980 2559.1
1352990 2561.6
1353000 2564.9
1353010 2564.9
1353020 2568.6
1353030 2571.9
1353040 2571.9
1353050 2575.9
1353060 2579.4
1353070 2579.4
1353080 2582.5
1353090 2585.5
1353100 2588.6
1353110 2588.6
1353120 2591.8
1353130 2594.0
1353140 2594.0
1353150 2592.3
1353160 2589.8
1353170 2589.8
1353180 2589.8
1353190 2592.7
1353200 2592.7
1353210 2593.5
1353220 2595.1
1353230 2595.1
1353240 2598.9
1353250 2601.6
1353260 2601.6
1353270 2601.6
1353280 2603.9
1353290 2608.2
1353300 2608.2
1353310 2611.4
1353320 2615.4
1353330 2615.4
1353340 2621.8
1353350 2630.1
1353360 2630.1
1353370 2637.9
1353380 2644.8
1353390 2644.8
1353400 2651.9
1353410 2660.5
1353420 2660.5
1353430 2669.9
1353440 2675.9
1353450 2675.9
1353460 2684.7
1353470 2700.1
1353480 2719.1
1353490 2719.1
1353500 2732.2
1353510 2743.0
1353520 2743.0
1353530 2753.5
1353540 2767.5
1353550 2767.5
1353560 2781.5
1353570 2792.9
1353580 2792.9
1353590 2804.5
1353600 2816.0
1353610 2816.0
1353620 2827.5
1353630 2833.0
1353640 2833.0
1353650 2836.6
1353660 2842.3
1353670 2842.3
1353680 2848.0
1353690 2847.8
1353700 2846.5
1353710 2846.5
1353720 2849.5
1353730 2847.2
1353740 2847.2
1353750 2845.2
1353760 2843.4
1353770 2843.4
1353780 2843.3
1353790 2842.7
1353800 2842.7
1353810 2838.3
1353820 2834.0
1353830 2834.0
1353840 2831.6
1353850 2824.8
1353860 2824.8
1353870 2812.6
1353880 2799.0
1353890 2788.2
1353900 2788.2
1353910 2782.2
1353920 2773.1
1353930 2773.1
1353940 2765.4
1353950 2763.4
1353960 2763.4
1353970 2760.5
1353980 2753.2
1353990 2753.2
1354000 2749.5
1354010 2747.5
1354020 2747.5
1354030 2741.1
1354040 2733.6
1354050 2733.6
1354060 2726.2
1354070 2716.1
1354080 2708.9
1354090 2708.9
1354100 2706.9
1354110 2704.5
1354120 2704.5
1354130 2689.8
1354140 2675.6
1354150 2675.6
1354160 2668.4
1354170 2667.2
1354180 2667.2
1354190 2669.0
1354200 2668.3
1354210 2668.3
1354220 2659.5
1354230 2651.0
1354240 2651.0
1354250 2643.7
1354260 2636.3
1354270 2624.2
1354280 2624.2
1354290 2606.5
1354300 2593.8
1354310 2593.8
1354320 2589.6
1354330 2582.9
1354340 2582.9
1354350 2577.6
1354360 2570.0
1354370 2570.0
1354380 2563.9
1354390 2559.7
1354400 2559.7
1354410 2555.6
1354420 2553.4
1354430 2553.4
1354440 2551.1
1354450 2547.8
1354460 2547.8
1354470 2543.6
1354480 2538.8
1354490 2533.8
1354500 2533.8
1354510 2528.9
1354520 2523.6
1354530 2523.6
1354540 2518.6
1354550 2514.4
1354560 2514.4
1354570 2511.1
1354580 2507.8
1354590 2507.8
1354600 2504.1
1354610 2500.0
1354620 2500.0
1354630 2496.1
1354640 2492.0
1354650 2492.0
1354660 2488.4
1354670 2485.5
1354680 2484.7
1354690 2484.7
1354700 2486.0
1354710 2483.0
1354720 2483.0
1354730 2478.3
1354740 2473.9
1354750 2473.9
1354760 2469.5
1354770 2464.9
1354780 2464.9
1354790 2460.0
1354800 2454.5
1354810 2454.5
1354820 2448.3
1354830 2441.0
1354840 2441.0
1354850 2432.4
1354860 2423.7
1354870 2417.0
1354880 2417.0
1354890 2412.2
1354900 2407.8
1354910 2407.8
1354920 2402.9
1354930 2398.9
1354940 2398.9
1354950 2395.6
1354960 2391.7
1354970 2391.7
1354980 2386.7
1354990 2382.6
1355000 2382.6
1355010 2378.6
1355020 2374.3
1355030 2374.3
1355040 2372.9
1355050 2371.0
1355060 2371.0
1355070 2368.2
1355080 2365.3
1355090 2361.4
1355100 2361.4
1355110 2357.6
1355120 2351.6
1355130 2351.6
1355140 2346.5
1355150 2343.1
1355160 2343.1
1355170 2337.5
1355180 2330.7
1355190 2330.7
1355200 2323.3
1355210 2318.4
1355220 2318.4
1355230 2314.2
1355240 2309.8
1355250 2309.8
1355260 2305.5
1355270 2301.3
1355280 2296.5
1355290 2296.5
1355300 2292.3
1355310 2287.6
1355320 2287.6
1355330 2282.9
1355340 2278.7
1355350 2278.7
1355360 2274.0
1355370 2268.9
1355380 2268.9
1355390 2264.4
1355400 2260.4
1355410 2260.4
1355420 2256.6
1355430 2251.7
1355440 2251.7
1355450 2247.2
1355460 2243.1
1355470 2238.7
1355480 2238.7
1355490 2234.5
1355500 2230.5
1355510 2230.5
1355520 2226.5
1355530 2221.5
1355540 2221.5
1355550 2216.2
1355560 2210.9
1355570 2210.9
1355580 2204.6
1355590 2198.2
1355600 2198.2
1355610 2190.7
1355620 2182.8
1355630 2182.8
1355640 2175.8
1355650 2169.5
1355660 2169.5
1355670 2170.1
1355680 2166.7
1355690 2160.7
1355700 2160.7
1355710 2152.7
1355720 2146.2
1355730 2146.2
1355740 2141.7
1355750 2136.4
1355760 2136.4
1355770 2129.9
1355780 2123.1
1355790 2123.1
1355800 2112.9
1355810 2102.2
1355820 2102.2
1355830 2091.8
1355840 2080.2
1355850 2080.2
1355860 2069.1
1355870 2060.7
1355880 2051.3
1355890 2051.3
1355900 2039.6
1355910 2028.2
1355920 2028.2
1355930 2018.1
1355940 2009.9
1355950 2009.9
1355960 2003.1
1355970 1995.4
1355980 1995.4
1355990 1987.7
1356000 1980.4
1356010 1980.4
1356020 1973.4
1356030 1967.8
1356040 1967.8
1356050 1963.1
1356060 1959.4
1356070 1956.0
1356080 1956.0
1356090 1952.1
1356100 1948.0
1356110 1948.0
1356120 1944.5
1356130 1940.0
1356140 1940.0
1356150 1936.5
1356160 1934.2
1356170 1934.2
1356180 1932.2
1356190 1930.2
1356200 1930.2
1356210 1927.7
1356220 1924.7
1356230 1924.7
1356240 1921.7
1356250 1919.1
1356260 1919.1
1356270 1917.0
1356280 1914.1
1356290 1911.0
1356300 1911.0
1356310 1908.3
1356320 1906.0
1356330 1906.0
1356340 1904.1
1356350 1902.7
1356360 1902.7
1356370 1901.3
1356380 1900.2
1356390 1900.2
1356400 1899.0
1356410 1897.7
1356420 1897.7
1356430 1895.9
1356440 1894.4
1356450 1894.4
1356460 1893.7
1356470 1893.1
1356480 1892.4
1356490 1892.4
1356500 1892.4
1356510 1891.5
1356520 1891.5
1356530 1890.5
1356540 1888.9
1356550 1888.9
1356560 1887.8
1356570 1887.0
1356580 1887.0
1356590 1886.5
1356600 1885.7
1356610 1885.7
1356620 1884.7
1356630 1883.5
1356640 1883.5
1356650 1881.4
1356660 1881.9
1356670 1879.1
1356680 1879.1
1356690 1875.9
1356700 1876.9
1356710 1876.9
1356720 1879.4
1356730 1881.9
1356740 1881.9
1356750 1883.8
1356760 1884.9
1356770 1884.9
1356780 1885.8
1356790 1886.6
1356800 1886.6
1356810 1887.4
1356820 1888.1
1356830 1888.1
1356840 1888.8
1356850 1889.4
1356860 1890.6
1356870 1890.6
1356880 1892.5
1356890 1894.9
1356900 1894.9
1356910 1898.1
1356920 1900.9
1356930 1900.9
1356940 1903.4
1356950 1906.7
1356960 1906.7
1356970 1910.4
1356980 1914.0
1356990 1914.0
1357000 1917.4
1357010 1921.0
1357020 1921.0
1357030 1924.4
1357040 1926.3
1357050 1926.3
1357060 1926.7
1357070 1927.9
1357080 1931.0
1357090 1931.0
1357100 1935.1
1357110 1939.2
1357120 1939.2
1357130 1942.7
1357140 1945.9
1357150 1945.9
1357160 1949.8
1357170 1952.9
1357180 1952.9
1357190 1957.2
1357200 1960.4
1357210 1960.4
1357220 1962.4
1357230 1964.5
1357240 1964.5
1357250 1966.0
1357260 1965.8
1357270 1964.6
1357280 1964.6
1357290 1963.3
1357300 1963.3
1357310 1963.3
1357320 1965.3
1357330 1968.8
1357340 1968.8
1357350 1972.8
1357360 1977.2
1357370 1977.2
1357380 1981.3
1357390 1984.5
1357400 1984.5
1357410 1986.1
1357420 1985.7
1357430 1985.7
1357440 1985.8
1357450 1986.3
1357460 1987.0
1357470 1987.0
1357480 1989.7
1357490 1993.0
1357500 1993.0
1357510 1996.3
1357520 1998.2
1357530 1998.2
1357540 1997.9
1357550 1993.1
1357560 1993.1
1357570 1988.4
1357580 1988.5
1357590 1988.5
1357600 1989.3
1357610 1993.6
1357620 1993.6
1357630 1999.5
1357640 2006.5
1357650 1998.9
1357660 2004.7
1357670 2009.0
1357680 2013.7
1357690 2013.7
1357700 2017.5
1357710 2021.6
1357720 2021.6
1357730 2026.3
1357740 2028.9
1357750 2028.9
1357760 2034.0
1357770 2040.9
1357780 2040.9
1357790 2048.6
1357800 2054.8
1357810 2054.8
1357820 2055.4
1357830 2058.5
1357840 2058.5
1357850 2064.6
1357860 2072.1
1357870 2078.4
1357880 2078.4
1357890 2085.5
1357900 2090.1
1357910 2090.1
1357920 2093.6
1357930 2097.0
1357940 2097.0
1357950 2098.5
1357960 2100.0
1357970 2100.0
1357980 2101.0
1357990 2102.1
1358000 2102.1
1358010 2102.8
1358020 2104.1
1358030 2104.1
1358040 2106.1
1358050 2107.6
1358060 2109.2
1358070 2109.2
1358080 2111.6
1358090 2115.2
1358100 2115.2
1358110 2117.9
1358120 2119.5
1358130 2119.5
1358140 2120.2
1358150 2120.3
1358160 2120.3
1358170 2121.7
1358180 2122.2
1358190 2122.2
1358200 2123.8
1358210 2126.2
1358220 2126.2
1358230 2129.1
1358240 2132.1
1358250 2132.1
1358260 2135.1
1358270 2138.1
1358280 2140.3
1358290 2140.3
1358300 2139.6
1358310 2138.0
1358320 2138.0
1358330 2136.8
1358340 2135.7
1358350 2135.7
1358360 2136.1
1358370 2136.6
1358380 2136.6
1358390 2135.1
1358400 2134.6
1358410 2134.6
1358420 2142.0
1358430 2150.8
1358440 2150.8
1358450 2160.4
1358460 2173.9
1358470 2185.2
1358480 2185.2
1358490 2191.5
1358500 2195.2
1358510 2195.2
1358520 2200.8
1358530 2206.4
1358540 2206.4
1358550 2210.2
1358560 2214.3
1358570 2214.3
1358580 2218.6
1358590 2222.9
1358600 2222.9
1358610 2226.6
1358620 2230.3
1358630 2230.3
1358640 2233.9
1358650 2237.4
1358660 2237.0
1358670 2237.0
1358680 2242.0
1358690 2246.5
1358700 2246.5
1358710 2251.6
1358720 2255.7
1358730 2255.7
1358740 2259.4
1358750 2263.2
1358760 2263.2
1358770 2266.1
1358780 2268.3
1358790 2268.3
1358800 2269.9
1358810 2271.2
1358820 2271.2
1358830 2273.6
1358840 2275.3
1358850 2275.3
1358860 2275.4
1358870 2274.2
1358880 2276.3
1358890 2276.3
1358900 2283.0
1358910 2290.5
1358920 2290.5
1358930 2297.3
1358940 2304.3
1358950 2304.3
1358960 2310.7
1358970 2315.4
1358980 2315.4
1358990 2319.0
1359000 2322.5
1359010 2322.5
1359020 2325.4
1359030 2325.8
1359040 2325.8
1359050 2327.8
1359060 2330.8
1359070 2334.3
1359080 2334.3
1359090 2338.7
1359100 2343.2
1359110 2343.2
1359120 2348.5
1359130 2354.2
1359140 2354.2
1359150 2359.2
1359160 2364.5
1359170 2364.5
1359180 2368.8
1359190 2371.5
1359200 2371.5
1359210 2372.1
1359220 2372.3
1359230 2372.3
1359240 2375.3
1359250 2380.5
1359260 2386.5
1359270 2386.5
1359280 2392.1
1359290 2399.7
1359300 2399.7
1359310 2406.4
1359320 2411.5
1359330 2411.5
1359340 2415.6
1359350 2418.8
1359360 2418.8
1359370 2421.2
1359380 2423.0
1359390 2423.0
1359400 2424.0
1359410 2426.0
1359420 2426.0
1359430 2428.2
1359440 2430.3
1359450 2431.4
1359460 2431.4
1359470 2432.6
1359480 2434.1
1359490 2434.1
1359500 2435.5
1359510 2436.2
1359520 2436.2
1359530 2437.0
1359540 2438.4
1359550 2438.4
1359560 2440.5
1359570 2443.2
1359580 2443.2
1359590 2446.1
1359600 2450.5
1359610 2450.5
1359620 2455.5
1359630 2457.8
1359640 2457.8
1359650 2459.7
1359660 2461.9
1359670 2460.4
1359680 2460.4
1359690 2463.9
1359700 2468.3
1359710 2468.3
1359720 2472.1
1359730 2477.6
1359740 2477.6
1359750 2485.1
1359760 2493.0
1359770 2493.0
1359780 2497.0
1359790 2500.4
1359800 2500.4
1359810 2503.5
1359820 2506.6
1359830 2506.6
1359840 2510.3
1359850 2514.7
1359860 2517.9
1359870 2517.9
1359880 2521.1
1359890 2523.5
1359900 2523.5
1359910 2526.0
1359920 2530.0
1359930 2530.0
1359940 2534.0
1359950 2538.9
1359960 2538.9
1359970 2551.3
1359980 2554.7
1359990 2554.7
