1349760 2699.0
1349770 2699.0
1349780 2698.7
1349790 2699.8
1349800 2699.8
1349810 2700.9
1349820 2700.6
1349830 2700.6
1349840 2698.9
1349850 2697.8
1349860 2696.3
1349870 2696.3
1349880 2696.1
1349890 2697.0
1349900 2697.0
1349910 2697.5
1349920 2698.2
1349930 2698.2
1349940 2698.7
1349950 2697.8
1349960 2697.8
1349970 2698.3
1349980 2699.2
1349990 2699.2
1350000 2700.0
1350010 2702.6
1350020 2702.6
1350030 2706.1
1350040 2710.1
1350050 2713.7
1350060 2713.7
1350070 2717.2
1350080 2720.1
1350090 2720.1
1350100 2721.5
1350110 2721.6
1350120 2721.6
1350130 2720.4
1350140 2720.3
1350150 2720.3
1350160 2720.3
1350170 2721.3
1350180 2721.3
1350190 2724.7
1350200 2727.9
1350210 2727.9
1350220 2728.1
1350230 2728.0
1350240 2728.5
1350250 2728.5
1350260 2729.7
1350270 2729.5
1350280 2729.5
1350290 2729.8
1350300 2730.7
1350310 2730.7
1350320 2731.6
1350330 2731.3
1350340 2731.3
1350350 2731.3
1350360 2732.3
1350370 2732.3
1350380 2732.9
1350390 2734.7
1350400 2734.7
1350410 2739.2
1350420 2741.7
1350430 2741.7
1350440 2742.9
1350450 2752.3
1350460 2755.5
1350470 2755.5
1350480 2757.7
1350490 2759.5
1350500 2759.5
1350510 2761.5
1350520 2760.9
1350530 2760.9
1350540 2758.2
1350550 2757.2
1350560 2757.2
1350570 2756.5
1350580 2756.1
1350590 2756.1
1350600 2757.8
1350610 2758.4
1350620 2758.4
1350630 2756.0
1350640 2755.4
1350650 2755.4
1350660 2755.4
1350670 2755.7
1350680 2756.5
1350690 2756.5
1350700 2758.7
1350710 2764.2
1350720 2764.2
1350730 2770.3
1350740 2774.1
1350750 2774.1
1350760 2777.9
1350770 2782.2
1350780 2782.2
1350790 2786.9
1350800 2791.3
1350810 2791.3
1350820 2795.3
1350830 2798.1
1350840 2799.2
1350850 2799.2
1350860 2799.8
1350870 2802.1
1350880 2802.1
1350890 2805.2
1350900 2809.3
1350910 2809.3
1350920 2814.3
1350930 2820.6
1350940 2820.6
1350950 2830.7
1350960 2841.6
1350970 2841.6
1350980 2850.6
1350990 2858.8
1351000 2858.8
1351010 2866.5
1351020 2874.8
1351030 2874.8
1351040 2880.3
1351050 2879.3
1351060 2877.0
1351070 2877.0
1351080 2874.2
1351090 2871.7
1351100 2871.7
1351110 2870.5
1351120 2869.4
1351130 2869.4
1351140 2868.4
1351150 2868.6
1351160 2868.6
1351170 2870.2
1351180 2870.5
1351190 2870.5
1351200 2871.1
1351210 2871.3
1351220 2871.3
1351230 2871.3
1351240 2870.5
1351250 2868.5
1351260 2868.5
1351270 2863.8
1351280 2857.7
1351290 2857.7
1351300 2850.7
1351310 2843.6
1351320 2843.6
1351330 2838.5
1351340 2834.6
1351350 2834.6
1351360 2833.5
1351370 2834.5
1351380 2834.5
1351390 2836.0
1351400 2837.6
1351410 2837.6
1351420 2837.8
1351430 2834.9
1351440 2831.0
1351450 2831.0
1351460 2827.6
1351470 2824.6
1351480 2824.6
1351490 2819.3
1351500 2810.3
1351510 2810.3
1351520 2799.2
1351530 2787.0
1351540 2787.0
1351550 2782.4
1351560 2776.4
1351570 2776.4
1351580 2771.3
1351590 2764.9
1351600 2764.9
1351610 2757.4
1351620 2747.5
1351630 2747.5
1351640 2734.2
1351650 2721.6
1351660 2717.2
1351670 2717.2
1351680 2712.8
1351690 2708.9
1351700 2708.9
1351710 2703.8
1351720 2697.8
1351730 2697.8
1351740 2692.3
1351750 2687.6
1351760 2687.6
1351770 2683.6
1351780 2680.6
1351790 2680.6
1351800 2678.6
1351810 2676.2
1351820 2676.2
1351830 2669.5
1351840 2662.3
1351850 2655.5
1351860 2655.5
1351870 2649.1
1351880 2643.8
1351890 2643.8
1351900 2640.5
1351910 2639.5
1351920 2639.5
1351930 2638.5
1351940 2637.9
1351950 2637.9
1351960 2637.5
1351970 2636.1
1351980 2636.1
1351990 2635.8
1352000 2632.6
1352010 2632.6
1352020 2629.4
1352030 2626.2
1352040 2620.2
1352050 2620.2
1352060 2615.1
1352070 2611.4
1352080 2611.4
1352090 2605.9
1352100 2602.3
1352110 2602.3
1352120 2599.3
1352130 2596.7
1352140 2596.7
1352150 2594.4
1352160 2591.7
1352170 2591.7
1352180 2588.3
1352190 2583.0
1352200 2583.0
1352210 2578.1
1352220 2574.4
1352230 2574.4
1352240 2571.5
1352250 2569.1
1352260 2567.0
1352270 2567.0
1352280 2564.4
1352290 2561.4
1352300 2561.4
1352310 2558.7
1352320 2556.0
1352330 2556.0
1352340 2553.0
1352350 2549.3
1352360 2549.3
1352370 2547.0
1352380 2544.4
1352390 2544.4
1352400 2541.3
1352410 2538.2
1352420 2538.2
1352430 2535.9
1352440 2531.1
1352450 2525.4
1352460 2525.4
1352470 2519.3
1352480 2514.8
1352490 2514.8
1352500 2509.6
1352510 2502.5
1352520 2502.5
1352530 2494.7
1352540 2484.6
1352550 2484.6
1352560 2471.2
1352570 2456.1
1352580 2456.1
1352590 2444.5
1352600 2437.6
1352610 2437.6
1352620 2430.3
1352630 2421.1
1352640 2412.1
1352650 2412.1
1352660 2403.0
1352670 2389.9
1352680 2389.9
1352690 2379.0
1352700 2372.8
1352710 2372.8
1352720 2368.1
1352730 2364.1
1352740 2364.1
1352750 2361.2
1352760 2356.0
1352770 2356.0
1352780 2351.4
1352790 2352.6
1352800 2352.6
1352810 2357.6
1352820 2357.7
1352830 2357.7
1352840 2357.8
1352850 2359.3
1352860 2360.5
1352870 2360.5
1352880 2362.5
1352890 2365.2
1352900 2365.2
1352910 2363.6
1352920 2364.0
1352930 2364.0
1352940 2365.2
1352950 2364.5
1352960 2364.5
1352970 2364.7
1352980 2366.4
1352990 2366.4
1353000 2369.4
1353010 2375.4
1353020 2375.4
1353030 2377.3
1353040 2379.4
1353050 2383.3
1353060 2383.3
1353070 2388.4
1353080 2393.5
1353090 2393.5
1353100 2397.1
1353110 2400.8
1353120 2400.8
1353130 2405.0
1353140 2410.1
1353150 2410.1
1353160 2411.6
1353170 2409.7
1353180 2409.7
1353190 2407.5
1353200 2410.5
1353210 2410.5
1353220 2415.6
1353230 2420.5
1353240 2424.7
1353250 2424.7
1353260 2428.5
1353270 2433.5
1353280 2433.5
1353290 2441.6
1353300 2449.6
1353310 2466.4
1353320 2478.1
1353330 2487.2
1353340 2487.2
1353350 2494.2
1353360 2505.9
1353370 2505.9
1353380 2516.1
1353390 2527.4
1353400 2527.4
1353410 2536.5
1353420 2542.6
1353430 2542.6
1353440 2548.6
1353450 2553.1
1353460 2561.9
1353470 2561.9
1353480 2569.5
1353490 2580.2
1353500 2580.2
1353510 2598.1
1353520 2614.3
1353530 2614.3
1353540 2628.5
1353550 2640.4
1353560 2640.4
1353570 2654.3
1353580 2663.1
1353590 2663.1
1353600 2671.3
1353610 2681.9
1353620 2681.9
1353630 2692.9
1353640 2704.6
1353650 2712.5
1353660 2712.5
1353670 2725.1
1353680 2733.6
1353690 2733.6
1353700 2731.7
1353710 2729.7
1353720 2729.7
1353730 2729.0
1353740 2727.9
1353750 2727.9
1353760 2727.1
1353770 2727.7
1353780 2727.7
1353790 2731.6
1353800 2735.8
1353810 2735.8
1353820 2735.6
1353830 2733.6
1353840 2729.1
1353850 2729.1
1353860 2723.2
1353870 2718.1
1353880 2718.1
1353890 2713.0
1353900 2708.6
1353910 2708.6
1353920 2704.5
1353930 2699.0
1353940 2699.0
1353950 2694.4
1353960 2688.4
1353970 2688.4
1353980 2682.5
1353990 2677.4
1354000 2677.4
1354010 2672.3
1354020 2666.9
1354030 2666.9
1354040 2660.3
1354050 2652.7
1354060 2641.4
1354070 2641.4
1354080 2626.7
1354090 2608.2
1354100 2608.2
1354110 2590.9
1354120 2576.2
1354130 2576.2
1354140 2566.5
1354150 2559.4
1354160 2559.4
1354170 2553.8
1354180 2549.1
1354190 2549.1
1354200 2544.0
1354210 2538.7
1354220 2538.7
1354230 2534.5
1354240 2530.6
1354250 2526.1
1354260 2526.1
1354270 2522.1
1354280 2519.1
1354290 2519.1
1354300 2514.8
1354310 2510.6
1354320 2510.6
1354330 2506.4
1354340 2503.4
1354350 2503.4
1354360 2499.0
1354370 2493.9
1354380 2493.9
1354390 2490.0
1354400 2487.5
1354410 2487.5
1354420 2484.3
1354430 2480.3
1354440 2475.1
1354450 2475.1
1354460 2470.4
1354470 2466.1
1354480 2466.1
1354490 2460.9
1354500 2453.5
1354510 2453.5
1354520 2445.8
1354530 2437.5
1354540 2437.5
1354550 2428.5
1354560 2419.2
1354570 2419.2
1354580 2410.9
1354590 2405.0
1354600 2405.0
1354610 2399.5
1354620 2393.6
1354630 2388.0
1354640 2388.0
1354650 2382.5
1354660 2376.8
1354670 2376.8
1354680 2371.0
1354690 2364.6
1354700 2364.6
1354710 2358.7
1354720 2352.7
1354730 2352.7
1354740 2347.0
1354750 2341.6
1354760 2341.6
1354770 2335.5
1354780 2330.5
1354790 2330.5
1354800 2326.5
1354810 2322.5
1354820 2322.5
1354830 2318.5
1354840 2313.8
1354850 2308.1
1354860 2308.1
1354870 2303.1
1354880 2299.3
1354890 2299.3
1354900 2295.5
1354910 2293.7
1354920 2293.7
1354930 2292.7
1354940 2291.6
1354950 2291.6
1354960 2291.3
1354970 2290.8
1354980 2290.8
1354990 2286.4
1355000 2281.1
1355010 2281.1
1355020 2275.2
1355030 2269.3
1355040 2262.1
1355050 2262.1
1355060 2255.4
1355070 2251.2
1355080 2251.2
1355090 2246.9
1355100 2242.7
1355110 2242.7
1355120 2238.6
1355130 2233.5
1355140 2233.5
1355150 2228.1
1355160 2223.7
1355170 2223.7
1355180 2218.0
1355190 2211.1
1355200 2211.1
1355210 2204.4
1355220 2198.3
1355230 2190.5
1355240 2190.5
1355250 2185.5
1355260 2178.4
1355270 2178.4
1355280 2171.5
1355290 2164.6
1355300 2164.6
1355310 2158.3
1355320 2152.2
1355330 2152.2
1355340 2145.2
1355350 2137.1
1355360 2137.1
1355370 2132.6
1355380 2132.7
1355390 2132.7
1355400 2129.8
1355410 2123.8
1355420 2123.8
1355430 2117.7
1355440 2111.6
1355450 2106.4
1355460 2106.4
1355470 2100.8
1355480 2095.2
1355490 2095.2
1355500 2090.0
1355510 2083.7
1355520 2083.7
1355530 2077.7
1355540 2072.0
1355550 2072.0
1355560 2065.2
1355570 2059.0
1355580 2059.0
1355590 2054.0
1355600 2048.9
1355610 2048.9
1355620 2041.9
1355630 2034.4
1355640 2027.5
1355650 2027.5
1355660 2020.8
1355670 2012.6
1355680 2012.6
1355690 2007.1
1355700 2001.6
1355710 2001.6
1355720 1995.1
1355730 1986.3
1355740 1986.3
1355750 1981.0
1355760 1975.7
1355770 1975.7
1355780 1969.5
1355790 1964.2
1355800 1964.2
1355810 1959.5
1355820 1954.6
1355830 1949.7
1355840 1949.7
1355850 1945.0
1355860 1940.4
1355870 1940.4
1355880 1935.9
1355890 1932.3
1355900 1932.3
1355910 1929.1
1355920 1925.6
1355930 1925.6
1355940 1922.0
1355950 1918.6
1355960 1918.6
1355970 1915.3
1355980 1912.2
1355990 1912.2
1356000 1909.3
1356010 1906.4
1356020 1906.4
1356030 1903.6
1356040 1901.0
1356050 1898.1
1356060 1898.1
1356070 1896.2
1356080 1894.4
1356090 1894.4
1356100 1892.9
1356110 1891.4
1356120 1891.4
1356130 1890.1
1356140 1889.3
1356150 1889.3
1356160 1889.7
1356170 1889.5
1356180 1889.5
1356190 1889.3
1356200 1890.2
1356210 1890.2
1356220 1893.5
1356230 1896.9
1356240 1896.3
1356250 1896.3
1356260 1898.3
1356270 1899.4
1356280 1899.4
1356290 1900.5
1356300 1901.8
1356310 1901.8
1356320 1903.2
1356330 1905.2
1356340 1905.2
1356350 1907.3
1356360 1909.3
1356370 1909.3
1356380 1911.2
1356390 1912.9
1356400 1912.9
1356410 1914.0
1356420 1914.3
1356430 1915.4
1356440 1915.4
1356450 1917.5
1356460 1919.8
1356470 1919.8
1356480 1922.1
1356490 1924.3
1356500 1924.3
1356510 1927.4
1356520 1930.8
1356530 1930.8
1356540 1934.2
1356550 1937.7
1356560 1937.7
1356570 1942.1
1356580 1946.5
1356590 1946.5
1356600 1950.4
1356610 1954.6
1356620 1954.6
1356630 1958.6
1356640 1962.4
1356650 1966.4
1356660 1966.4
1356670 1970.2
1356680 1974.1
1356690 1974.1
1356700 1978.0
1356710 1982.6
1356720 1982.6
1356730 1987.2
1356740 1991.3
1356750 1991.3
1356760 1995.3
1356770 1998.7
1356780 1998.7
1356790 2003.2
1356800 2006.7
1356810 2006.7
1356820 2008.5
1356830 2011.9
1356840 2015.4
1356850 2015.4
1356860 2016.1
1356870 2018.4
1356880 2018.4
1356890 2024.6
1356900 2029.8
1356910 2029.8
1356920 2035.0
1356930 2039.9
1356940 2039.9
1356950 2044.0
1356960 2047.9
1356970 2047.9
1356980 2051.2
1356990 2053.7
1357000 2053.7
1357010 2057.3
1357020 2062.0
1357030 2065.6
1357040 2065.6
1357050 2068.4
1357060 2073.4
1357070 2073.4
1357080 2077.4
1357090 2079.7
1357100 2079.7
1357110 2081.0
1357120 2082.2
1357130 2082.2
1357140 2084.4
1357150 2086.8
1357160 2086.8
1357170 2089.3
1357180 2092.1
1357190 2092.1
1357200 2094.8
1357210 2096.3
1357220 2096.3
1357230 2093.1
1357240 2098.5
1357250 2103.3
1357260 2103.3
1357270 2106.6
1357280 2110.2
1357290 2110.2
1357300 2113.8
1357310 2115.4
1357320 2115.4
1357330 2116.8
1357340 2117.2
1357350 2117.2
1357360 2117.4
1357370 2117.8
1357380 2117.8
1357390 2118.7
1357400 2120.3
1357410 2120.3
1357420 2121.8
1357430 2122.9
1357440 2122.9
1357450 2122.9
1357460 2123.1
1357470 2123.1
1357480 2123.1
1357490 2123.0
1357500 2122.9
1357510 2122.9
1357520 2123.2
1357530 2123.8
1357540 2123.8
1357550 2124.3
1357560 2124.5
1357570 2124.5
1357580 2125.7
1357590 2128.4
1357600 2128.4
1357610 2131.1
1357620 2133.1
1357630 2136.0
1357640 2136.0
1357650 2139.9
1357660 2144.4
1357670 2144.4
1357680 2148.8
1357690 2152.7
1357700 2152.7
1357710 2157.4
1357720 2164.3
1357730 2164.3
1357740 2170.0
1357750 2177.3
1357760 2177.3
1357770 2185.9
1357780 2192.9
1357790 2192.9
1357800 2199.7
1357810 2205.7
1357820 2205.7
1357830 2215.5
1357840 2221.2
1357850 2224.3
1357860 2224.3
1357870 2226.8
1357880 2227.6
1357890 2227.6
1357900 2230.8
1357910 2234.8
1357920 2234.8
1357930 2236.1
1357940 2240.3
1357950 2240.3
1357960 2246.7
1357970 2249.8
1357980 2249.8
1357990 2253.9
1358000 2253.3
1358010 2253.3
1358020 2250.4
1358030 2248.4
1358040 2249.4
1358050 2249.4
1358060 2252.2
1358070 2254.5
1358080 2254.5
1358090 2257.0
1358100 2258.4
1358110 2258.4
1358120 2260.2
1358130 2261.0
1358140 2261.0
1358150 2262.2
1358160 2264.0
1358170 2264.0
1358180 2266.4
1358190 2269.5
1358200 2269.5
1358210 2273.2
1358220 2270.2
1358230 2274.5
1358240 2274.5
1358250 2278.6
1358260 2283.3
1358270 2283.3
1358280 2290.7
1358290 2297.4
1358300 2297.4
1358310 2302.1
1358320 2306.1
1358330 2306.1
1358340 2308.6
1358350 2311.7
1358360 2311.7
1358370 2315.2
1358380 2319.9
1358390 2319.9
1358400 2323.3
1358410 2324.7
1358420 2324.7
1358430 2325.2
1358440 2326.0
1358450 2322.8
1358460 2322.8
1358470 2318.1
1358480 2313.9
1358490 2313.9
1358500 2310.5
1358510 2306.9
1358520 2306.9
1358530 2303.7
1358540 2299.1
1358550 2299.1
1358560 2300.3
1358570 2307.3
1358580 2307.3
1358590 2314.5
1358600 2322.5
1358610 2322.5
1358620 2326.6
1358630 2328.8
1358640 2336.0
1358650 2336.0
1358660 2342.5
1358670 2348.5
1358680 2348.5
1358690 2353.0
1358700 2356.1
1358710 2356.1
1358720 2359.9
1358730 2364.1
1358740 2364.1
1358750 2368.4
1358760 2373.1
1358770 2373.1
1358780 2377.4
1358790 2380.7
1358800 2380.7
1358810 2383.7
1358820 2386.9
1358830 2390.8
1358840 2390.8
1358850 2395.5
1358860 2399.1
1358870 2399.1
1358880 2402.1
1358890 2405.5
1358900 2405.5
1358910 2409.2
1358920 2412.8
1358930 2412.8
1358940 2415.6
1358950 2417.5
1358960 2417.5
1358970 2420.2
1358980 2425.1
1358990 2425.1
1359000 2428.0
1359010 2430.5
1359020 2432.9
1359030 2432.9
1359040 2434.6
1359050 2435.1
1359060 2435.1
1359070 2434.5
1359080 2435.3
1359090 2435.3
1359100 2436.0
1359110 2436.0
1359120 2436.0
1359130 2438.4
1359140 2441.5
1359150 2441.5
1359160 2444.2
1359170 2447.0
1359180 2447.0
1359190 2449.8
1359200 2453.0
1359210 2453.0
1359220 2456.5
1359230 2457.2
1359240 2461.3
1359250 2461.3
1359260 2466.0
1359270 2471.3
1359280 2471.3
1359290 2476.8
1359300 2483.4
1359310 2483.4
1359320 2492.3
1359330 2500.4
1359340 2500.4
1359350 2507.9
1359360 2514.0
1359370 2514.0
1359380 2522.3
1359390 2530.2
1359400 2530.2
1359410 2536.5
1359420 2542.5
1359430 2547.2
1359440 2547.2
1359450 2548.9
1359460 2548.9
1359470 2548.9
1359480 2550.9
1359490 2553.3
1359500 2553.3
1359510 2555.0
1359520 2557.3
1359530 2557.3
1359540 2561.6
1359550 2565.1
1359560 2565.1
1359570 2568.9
1359580 2572.9
1359590 2572.9
1359600 2574.4
1359610 2572.5
1359620 2570.2
1359630 2570.2
1359640 2567.8
1359650 2566.3
1359660 2566.3
1359670 2564.3
1359680 2561.9
1359690 2561.9
1359700 2561.9
1359710 2564.5
1359720 2564.5
1359730 2567.6
1359740 2570.8
1359750 2570.8
1359760 2574.9
1359770 2579.4
1359780 2579.4
1359790 2585.5
1359800 2591.6
1359810 2591.6
1359820 2597.4
1359830 2605.6
1359840 2618.4
1359850 2618.4
1359860 2629.0
1359870 2634.9
1359880 2634.9
1359890 2638.6
1359900 2641.8
1359910 2641.8
1359920 2644.8
1359930 2649.0
1359940 2649.0
1359950 2654.5
1359960 2659.9
1359970 2659.9
1359980 2667.3
1359990 2675.1
