1350260 2561.9
1350270 2561.9
1350280 2563.2
1350290 2564.8
1350300 2564.8
1350310 2567.2
1350320 2570.0
1350330 2570.0
1350340 2573.1
1350350 2576.6
1350360 2576.6
1350370 2580.2
1350380 2582.7
1350390 2583.7
1350400 2583.7
1350410 2584.6
1350420 2585.8
1350430 2585.8
1350440 2587.7
1350450 2589.7
1350460 2589.7
1350470 2590.8
1350480 2593.0
1350490 2593.0
1350500 2595.7
1350510 2597.5
1350520 2603.8
1350530 2606.6
1350540 2608.7
1350550 2608.7
1350560 2611.7
1350570 2614.6
1350580 2614.6
1350590 2618.5
1350600 2624.3
1350610 2630.8
1350620 2630.8
1350630 2633.9
1350640 2635.9
1350650 2635.9
1350660 2638.2
1350670 2641.0
1350680 2641.0
1350690 2644.5
1350700 2648.7
1350710 2648.7
1350720 2652.2
1350730 2655.3
1350740 2655.3
1350750 2658.3
1350760 2660.3
1350770 2660.3
1350780 2660.8
1350790 2659.1
1350800 2656.4
1350810 2656.4
1350820 2654.6
1350830 2652.5
1350840 2652.5
1350850 2651.7
1350860 2649.0
1350870 2649.0
1350880 2650.8
1350890 2651.3
1350900 2651.3
1350910 2647.8
1350920 2646.4
1350930 2646.4
1350940 2644.4
1350950 2643.0
1350960 2643.0
1350970 2641.1
1350980 2638.3
1350990 2638.3
1351000 2638.4
1351010 2638.7
1351020 2639.4
1351030 2639.4
1351040 2641.0
1351050 2641.4
1351060 2641.4
1351070 2642.6
1351080 2644.3
1351090 2644.3
1351100 2645.1
1351110 2646.5
1351120 2646.5
1351130 2643.1
1351140 2635.9
1351150 2635.9
1351160 2629.8
1351170 2624.3
1351180 2624.3
1351190 2617.3
1351200 2610.2
1351210 2603.6
1351220 2603.6
1351230 2598.2
1351240 2593.1
1351250 2593.1
1351260 2589.1
1351270 2586.8
1351280 2586.8
1351290 2582.4
1351300 2577.0
1351310 2577.0
1351320 2572.6
1351330 2568.3
1351340 2568.3
1351350 2563.3
1351360 2558.8
1351370 2558.8
1351380 2555.3
1351390 2551.2
1351400 2547.0
1351410 2547.0
1351420 2542.3
1351430 2538.8
1351440 2538.8
1351450 2535.4
1351460 2530.8
1351470 2535.4
1351480 2529.8
1351490 2524.3
1351500 2524.3
1351510 2520.3
1351520 2516.0
1351530 2516.0
1351540 2511.6
1351550 2507.2
1351560 2507.2
1351570 2503.2
1351580 2498.0
1351590 2498.0
1351600 2491.6
1351610 2484.3
1351620 2477.5
1351630 2477.5
1351640 2471.6
1351650 2464.9
1351660 2464.9
1351670 2455.6
1351680 2447.1
1351690 2447.1
1351700 2442.3
1351710 2437.2
1351720 2437.2
1351730 2432.4
1351740 2427.2
1351750 2427.2
1351760 2423.0
1351770 2419.6
1351780 2419.6
1351790 2415.9
1351800 2411.9
1351810 2408.1
1351820 2408.1
1351830 2404.3
1351840 2401.2
1351850 2401.2
1351860 2398.1
1351870 2394.4
1351880 2394.4
1351890 2390.5
1351900 2385.9
1351910 2385.9
1351920 2381.8
1351930 2378.1
1351940 2378.1
1351950 2373.3
1351960 2369.2
1351970 2369.2
1351980 2365.9
1351990 2359.2
1352000 2348.2
1352010 2348.2
1352020 2343.4
1352030 2337.2
1352040 2337.2
1352050 2333.8
1352060 2333.8
1352070 2333.8
1352080 2332.3
1352090 2329.1
1352100 2329.1
1352110 2325.0
1352120 2319.3
1352130 2319.3
1352140 2309.6
1352150 2303.0
1352160 2303.0
1352170 2299.3
1352180 2297.1
1352190 2297.1
1352200 2295.2
1352210 2291.6
1352220 2288.1
1352230 2288.1
1352240 2283.3
1352250 2278.6
1352260 2278.6
1352270 2275.0
1352280 2271.6
1352290 2271.6
1352300 2267.6
1352310 2263.8
1352320 2263.8
1352330 2260.5
1352340 2258.3
1352350 2258.3
1352360 2255.7
1352370 2252.6
1352380 2252.6
1352390 2249.5
1352400 2247.1
1352410 2243.7
1352420 2250.8
1352430 2246.5
1352440 2241.8
1352450 2241.8
1352460 2236.9
1352470 2232.8
1352480 2232.8
1352490 2228.6
1352500 2225.1
1352510 2225.1
1352520 2221.3
1352530 2217.7
1352540 2217.7
1352550 2214.4
1352560 2210.8
1352570 2210.8
1352580 2207.3
1352590 2204.8
1352600 2200.8
1352610 2200.8
1352620 2195.2
1352630 2190.7
1352640 2190.7
1352650 2185.0
1352660 2180.4
1352670 2180.4
1352680 2177.8
1352690 2175.6
1352700 2175.6
1352710 2171.3
1352720 2165.3
1352730 2165.3
1352740 2159.9
1352750 2155.0
1352760 2155.0
1352770 2149.1
1352780 2144.1
1352790 2144.1
1352800 2140.6
1352810 2137.1
1352820 2134.0
1352830 2134.0
1352840 2129.2
1352850 2124.9
1352860 2124.9
1352870 2122.1
1352880 2120.8
1352890 2120.8
1352900 2119.7
1352910 2113.7
1352920 2113.7
1352930 2104.3
1352940 2088.8
1352950 2088.8
1352960 2081.5
1352970 2083.7
1352980 2083.7
1352990 2090.1
1353000 2098.2
1353010 2106.0
1353020 2106.0
1353030 2111.8
1353040 2115.7
1353050 2115.7
1353060 2118.9
1353070 2122.7
1353080 2122.7
1353090 2127.3
1353100 2130.2
1353110 2130.2
1353120 2131.4
1353130 2132.1
1353140 2132.1
1353150 2132.0
1353160 2133.7
1353170 2133.7
1353180 2135.1
1353190 2136.0
1353200 2136.0
1353210 2135.2
1353220 2133.6
1353230 2131.3
1353240 2131.3
1353250 2127.7
1353260 2123.6
1353270 2123.6
1353280 2119.9
1353290 2115.5
1353300 2115.5
1353310 2112.9
1353320 2111.4
1353330 2111.4
1353340 2108.9
1353350 2106.4
1353360 2106.4
1353370 2103.4
1353380 2106.2
1353390 2106.2
1353400 2102.2
1353410 2099.3
1353420 2097.2
1353430 2097.2
1353440 2095.8
1353450 2095.3
1353460 2095.3
1353470 2093.7
1353480 2093.1
1353490 2093.1
1353500 2093.9
1353510 2094.3
1353520 2094.3
1353530 2094.2
1353540 2094.9
1353550 2094.9
1353560 2095.6
1353570 2095.8
1353580 2095.8
1353590 2095.7
1353600 2096.2
1353610 2097.6
1353620 2097.6
1353630 2098.7
1353640 2099.7
1353650 2099.7
1353660 2099.7
1353670 2099.1
1353680 2099.1
1353690 2098.4
1353700 2098.4
1353710 2098.4
1353720 2099.0
1353730 2099.0
1353740 2099.0
1353750 2099.6
1353760 2101.3
1353770 2101.3
1353780 2099.9
1353790 2097.1
1353800 2097.1
1353810 2098.1
1353820 2098.0
1353830 2096.6
1353840 2096.6
1353850 2094.4
1353860 2090.8
1353870 2090.8
1353880 2087.7
1353890 2085.1
1353900 2085.1
1353910 2082.9
1353920 2079.9
1353930 2079.9
1353940 2076.7
1353950 2073.2
1353960 2073.2
1353970 2069.5
1353980 2065.7
1353990 2065.7
1354000 2062.0
1354010 2058.8
1354020 2055.8
1354030 2055.8
1354040 2052.7
1354050 2049.9
1354060 2049.9
1354070 2048.6
1354080 2047.5
1354090 2047.5
1354100 2046.5
1354110 2045.2
1354120 2045.2
1354130 2043.7
1354140 2042.5
1354150 2042.5
1354160 2041.5
1354170 2039.6
1354180 2039.6
1354190 2035.4
1354200 2031.3
1354210 2027.2
1354220 2027.2
1354230 2021.5
1354240 2017.6
1354250 2017.6
1354260 2016.3
1354270 2014.8
1354280 2014.8
1354290 2011.6
1354300 2009.9
1354310 2009.9
1354320 2007.4
1354330 2000.4
1354340 2000.4
1354350 1994.1
1354360 1987.2
1354370 1987.2
1354380 1984.9
1354390 1993.6
1354400 1993.6
1354410 1996.0
1354420 1995.2
1354430 1994.9
1354440 1994.9
1354450 1994.5
1354460 1995.3
1354470 1995.3
1354480 1996.2
1354490 1996.6
1354500 1996.6
1354510 1996.5
1354520 1997.0
1354530 1997.0
1354540 1996.9
1354550 1994.9
1354560 1994.9
1354570 1992.2
1354580 1991.0
1354590 1991.0
1354600 1991.0
1354610 1990.8
1354620 1989.8
1354630 1989.8
1354640 1987.8
1354650 1987.6
1354660 1987.6
1354670 1984.3
1354680 1981.6
1354690 1981.6
1354700 1985.2
1354710 1989.7
1354720 1989.7
1354730 1992.3
1354740 1993.0
1354750 1993.0
1354760 1993.3
1354770 1993.8
1354780 1993.8
1354790 1994.7
1354800 1995.6
1354810 1995.6
1354820 1994.2
1354830 1991.8
1354840 1993.5
1354850 1993.5
1354860 1995.7
1354870 1997.4
1354880 1997.4
1354890 1999.3
1354900 1999.3
1354910 1999.3
1354920 1998.5
1354930 1997.5
1354940 1997.5
1354950 1995.7
1354960 1994.2
1354970 1994.2
1354980 1993.1
1354990 1991.8
1355000 1991.8
1355010 1990.2
1355020 1988.3
1355030 1987.2
1355040 1987.2
1355050 1986.0
1355060 1985.2
1355070 1985.2
1355080 1984.3
1355090 1983.6
1355100 1983.6
1355110 1982.8
1355120 1981.8
1355130 1981.8
1355140 1981.3
1355150 1980.7
1355160 1980.7
1355170 1980.2
1355180 1979.5
1355190 1979.5
1355200 1977.7
1355210 1976.0
1355220 1976.0
1355230 1976.0
1355240 1976.9
1355250 1971.8
1355260 1971.8
1355270 1960.0
1355280 1949.6
1355290 1949.6
1355300 1950.0
1355310 1958.2
1355320 1958.2
1355330 1963.1
1355340 1970.9
1355350 1970.9
1355360 1978.7
1355370 1987.2
1355380 1987.2
1355390 1994.7
1355400 2001.6
1355410 2001.6
1355420 2007.6
1355430 2012.3
1355440 2016.6
1355450 2016.6
1355460 2021.4
1355470 2026.5
1355480 2026.5
1355490 2031.5
1355500 2036.4
1355510 2036.4
1355520 2041.0
1355530 2045.5
1355540 2045.5
1355550 2051.1
1355560 2056.1
1355570 2056.1
1355580 2058.4
1355590 2061.9
1355600 2061.9
1355610 2069.4
1355620 2076.6
1355630 2082.3
1355640 2082.3
1355650 2087.8
1355660 2093.5
1355670 2093.5
1355680 2099.0
1355690 2103.7
1355700 2103.7
1355710 2108.1
1355720 2112.3
1355730 2112.3
1355740 2116.6
1355750 2120.5
1355760 2120.5
1355770 2123.6
1355780 2127.0
1355790 2127.0
1355800 2130.8
1355810 2134.2
1355820 2138.1
1355830 2138.1
1355840 2141.4
1355850 2144.7
1355860 2144.7
1355870 2148.7
1355880 2155.8
1355890 2155.8
1355900 2162.3
1355910 2167.5
1355920 2167.5
1355930 2172.2
1355940 2177.3
1355950 2177.3
1355960 2182.8
1355970 2188.9
1355980 2188.9
1355990 2195.1
1356000 2201.2
1356010 2201.2
1356020 2207.9
1356030 2215.1
1356040 2224.3
1356050 2224.3
1356060 2236.2
1356070 2241.7
1356080 2241.7
1356090 2249.3
1356100 2261.5
1356110 2261.5
1356120 2273.8
1356130 2284.6
1356140 2284.6
1356150 2292.2
1356160 2299.4
1356170 2299.4
1356180 2308.8
1356190 2313.0
1356200 2313.0
1356210 2312.5
1356220 2313.2
1356230 2314.6
1356240 2314.6
1356250 2314.4
1356260 2317.7
1356270 2317.7
1356280 2330.8
1356290 2344.9
1356300 2344.9
1356310 2366.5
1356320 2377.6
1356330 2377.6
1356340 2383.6
1356350 2388.1
1356360 2388.1
1356370 2392.0
1356380 2395.7
1356390 2395.7
1356400 2400.1
1356410 2405.3
1356420 2405.3
1356430 2410.4
1356440 2415.7
1356450 2421.4
1356460 2421.4
1356470 2426.8
1356480 2430.7
1356490 2430.7
1356500 2437.0
1356510 2442.2
1356520 2442.2
1356530 2447.5
1356540 2454.8
1356550 2454.8
1356560 2461.9
1356570 2467.7
1356580 2467.7
1356590 2472.2
1356600 2476.6
1356610 2476.6
1356620 2478.1
1356630 2481.3
1356640 2485.4
1356650 2485.4
1356660 2489.1
1356670 2493.7
1356680 2493.7
1356690 2498.7
1356700 2504.3
1356710 2504.3
1356720 2510.3
1356730 2515.9
1356740 2515.9
1356750 2520.4
1356760 2524.4
1356770 2524.4
1356780 2528.9
1356790 2533.0
1356800 2533.0
1356810 2534.5
1356820 2536.4
1356830 2541.5
1356840 2541.5
1356850 2545.2
1356860 2548.4
1356870 2548.4
1356880 2550.1
1356890 2550.4
1356900 2550.4
1356910 2549.9
1356920 2550.0
1356930 2550.0
1356940 2550.4
1356950 2550.4
1356960 2550.4
1356970 2550.3
1356980 2550.1
1356990 2550.1
1357000 2549.4
1357010 2549.7
1357020 2549.7
1357030 2551.6
1357040 2555.0
1357050 2561.9
1357060 2561.9
1357070 2566.0
1357080 2567.4
1357090 2567.4
1357100 2567.9
1357110 2568.7
1357120 2568.7
1357130 2570.5
1357140 2572.0
1357150 2572.0
1357160 2572.9
1357170 2574.2
1357180 2574.2
1357190 2575.9
1357200 2577.4
1357210 2577.4
1357220 2579.9
1357230 2583.6
1357240 2587.2
1357250 2587.2
1357260 2591.9
1357270 2595.1
1357280 2595.1
1357290 2595.9
1357300 2588.6
1357310 2588.6
1357320 2590.5
1357330 2592.6
1357340 2592.6
1357350 2596.0
1357360 2600.8
1357370 2600.8
1357380 2604.2
1357390 2607.7
1357400 2607.7
1357410 2611.8
1357420 2616.2
1357430 2621.6
1357440 2621.6
1357450 2626.1
1357460 2632.1
1357470 2632.1
1357480 2638.7
1357490 2644.7
1357500 2644.7
1357510 2651.3
1357520 2659.1
1357530 2659.1
1357540 2667.5
1357550 2676.8
1357560 2676.8
1357570 2684.4
1357580 2689.1
1357590 2689.1
1357600 2691.3
1357610 2695.5
1357620 2695.5
1357630 2699.2
1357640 2705.3
1357650 2711.2
1357660 2711.2
1357670 2716.6
1357680 2721.5
1357690 2721.5
1357700 2725.9
1357710 2730.5
1357720 2730.5
1357730 2734.3
1357740 2736.2
1357750 2736.2
1357760 2737.8
1357770 2741.5
1357780 2741.5
1357790 2746.5
1357800 2752.3
1357810 2752.3
1357820 2760.4
1357830 2773.4
1357840 2785.9
1357850 2785.9
1357860 2787.8
1357870 2775.8
1357880 2775.8
1357890 2762.6
1357900 2744.0
1357910 2744.0
1357920 2727.7
1357930 2720.3
1357940 2720.3
1357950 2714.6
1357960 2708.5
1357970 2708.5
1357980 2702.4
1357990 2697.6
1358000 2697.6
1358010 2693.6
1358020 2690.4
1358030 2690.1
1358040 2690.1
1358050 2690.0
1358060 2690.5
1358070 2690.5
1358080 2691.8
1358090 2693.0
1358100 2693.0
1358110 2694.0
1358120 2694.9
1358130 2694.9
1358140 2697.1
1358150 2700.1
1358160 2700.1
1358170 2701.9
1358180 2703.3
1358190 2703.3
1358200 2705.2
1358210 2705.9
1358220 2705.9
1358230 2707.1
1358240 2709.1
1358250 2712.2
1358260 2712.2
1358270 2714.6
1358280 2716.7
1358290 2716.7
1358300 2711.7
1358310 2713.2
1358320 2713.2
1358330 2717.2
1358340 2721.4
1358350 2721.4
1358360 2724.8
1358370 2727.6
1358380 2727.6
1358390 2730.0
1358400 2731.9
1358410 2731.9
1358420 2736.3
1358430 2743.3
1358440 2750.1
1358450 2750.1
1358460 2756.2
1358470 2761.5
1358480 2761.5
1358490 2767.1
1358500 2772.7
1358510 2772.7
1358520 2781.1
1358530 2796.9
1358540 2796.9
1358550 2815.5
1358560 2825.5
1358570 2825.5
1358580 2821.2
1358590 2815.9
1358600 2815.9
1358610 2809.9
1358620 2801.8
1358630 2801.8
1358640 2793.0
1358650 2789.2
1358660 2789.0
1358670 2789.0
1358680 2789.2
1358690 2789.4
1358700 2789.4
1358710 2790.1
1358720 2790.8
1358730 2790.8
1358740 2791.5
1358750 2793.4
1358760 2793.4
1358770 2795.6
1358780 2799.4
1358790 2799.4
1358800 2803.1
1358810 2806.6
1358820 2806.6
1358830 2809.8
1358840 2813.2
1358850 2816.7
1358860 2816.7
1358870 2822.9
1358880 2847.2
1358890 2847.2
1358900 2880.6
1358910 2892.2
1358920 2892.2
1358930 2894.1
1358940 2892.9
1358950 2892.9
1358960 2891.0
1358970 2889.5
1358980 2889.5
1358990 2889.6
1359000 2883.3
1359010 2883.3
1359020 2875.1
1359030 2869.3
1359040 2860.7
1359050 2860.7
1359060 2854.6
1359070 2844.9
1359080 2844.9
1359090 2837.3
1359100 2832.0
1359110 2832.0
1359120 2825.8
1359130 2819.8
1359140 2819.8
1359150 2813.4
1359160 2808.4
1359170 2808.4
1359180 2806.9
1359190 2807.1
1359200 2807.1
1359210 2806.8
1359220 2807.3
1359230 2807.3
1359240 2808.6
1359250 2810.5
1359260 2812.4
1359270 2812.4
1359280 2815.4
1359290 2819.7
1359300 2819.7
1359310 2819.5
1359320 2823.9
1359330 2823.9
1359340 2826.4
1359350 2827.7
1359360 2827.7
1359370 2829.6
1359380 2831.1
1359390 2831.1
1359400 2833.0
1359410 2835.9
1359420 2835.9
1359430 2846.5
1359440 2861.6
1359450 2871.8
1359460 2871.8
1359470 2880.3
1359480 2887.2
1359490 2887.2
1359500 2893.9
1359510 2902.4
1359520 2902.4
1359530 2919.3
1359540 2935.5
1359550 2935.5
1359560 2942.2
1359570 2936.3
1359580 2936.3
1359590 2933.1
1359600 2926.0
1359610 2926.0
1359620 2918.4
1359630 2912.9
1359640 2909.4
1359650 2909.4
1359660 2906.1
1359670 2905.0
1359680 2905.0
1359690 2906.1
1359700 2906.7
1359710 2906.7
1359720 2906.5
1359730 2905.7
1359740 2905.7
1359750 2911.9
1359760 2915.1
1359770 2915.1
1359780 2917.0
1359790 2925.1
1359800 2925.1
1359810 2935.7
1359820 2942.9
1359830 2942.9
1359840 2947.4
1359850 2960.1
1359860 2967.5
1359870 2967.5
1359880 2967.5
1359890 2965.3
1359900 2965.3
1359910 2962.5
1359920 2963.0
1359930 2963.0
1359940 2970.1
1359950 2980.3
1359960 2980.3
1359970 2987.7
1359980 2990.7
1359990 2990.7
