1349580 2191.2
1349590 2194.0
1349600 2194.0
1349610 2198.2
1349620 2203.1
1349630 2208.2
1349640 2208.2
1349650 2211.8
1349660 2215.2
1349670 2215.2
1349680 2218.9
1349690 2223.2
1349700 2223.2
1349710 2226.5
1349720 2230.1
1349730 2230.1
1349740 2233.9
1349750 2236.6
1349760 2236.6
1349770 2238.8
1349780 2240.4
1349790 2240.4
1349800 2241.8
1349810 2243.2
1349820 2244.2
1349830 2244.2
1349840 2244.6
1349850 2244.5
1349860 2244.5
1349870 2244.8
1349880 2245.4
1349890 2245.4
1349900 2245.8
1349910 2246.0
1349920 2246.0
1349930 2246.2
1349940 2245.9
1349950 2245.9
1349960 2244.9
1349970 2243.1
1349980 2243.1
1349990 2241.3
1350000 2239.9
1350010 2239.8
1350020 2239.8
1350030 2239.8
1350040 2239.7
1350050 2239.7
1350060 2239.7
1350070 2239.7
1350080 2239.7
1350090 2239.7
1350100 2239.7
1350110 2239.7
1350120 2239.8
1350130 2239.8
1350140 2239.8
1350150 2239.8
1350160 2239.8
1350170 2239.8
1350180 2240.0
1350190 2240.7
1350200 2240.7
1350210 2241.2
1350220 2241.5
1350230 2241.8
1350240 2241.8
1350250 2242.1
1350260 2242.3
1350270 2242.3
1350280 2242.8
1350290 2244.1
1350300 2244.1
1350310 2246.5
1350320 2248.3
1350330 2248.3
1350340 2249.9
1350350 2251.6
1350360 2251.6
1350370 2252.6
1350380 2253.5
1350390 2253.5
1350400 2254.5
1350410 2256.0
1350420 2258.6
1350430 2258.6
1350440 2261.8
1350450 2263.6
1350460 2263.6
1350470 2264.9
1350480 2265.5
1350490 2265.5
1350500 2264.0
1350510 2264.5
1350520 2264.5
1350530 2265.2
1350540 2265.3
1350550 2265.3
1350560 2265.2
1350570 2265.7
1350580 2265.7
1350590 2267.2
1350600 2268.1
1350610 2268.1
1350620 2268.7
1350630 2270.1
1350640 2271.4
1350650 2271.4
1350660 2272.5
1350670 2273.9
1350680 2273.9
1350690 2275.2
1350700 2276.7
1350710 2276.7
1350720 2278.7
1350730 2282.0
1350740 2282.0
1350750 2286.8
1350760 2292.1
1350770 2292.1
1350780 2297.9
1350790 2303.3
1350800 2303.3
1350810 2309.5
1350820 2315.4
1350830 2321.2
1350840 2321.2
1350850 2325.9
1350860 2329.6
1350870 2329.6
1350880 2332.5
1350890 2335.2
1350900 2335.2
1350910 2339.1
1350920 2343.9
1350930 2343.9
1350940 2348.7
1350950 2353.9
1350960 2353.9
1350970 2357.9
1350980 2361.5
1350990 2361.5
1351000 2364.5
1351010 2366.2
1351020 2367.0
1351030 2367.0
1351040 2369.7
1351050 2372.0
1351060 2372.0
1351070 2374.4
1351080 2377.0
1351090 2377.0
1351100 2379.0
1351110 2380.6
1351120 2380.6
1351130 2382.3
1351140 2384.0
1351150 2384.0
1351160 2385.2
1351170 2386.8
1351180 2386.8
1351190 2388.2
1351200 2388.5
1351210 2388.5
1351220 2387.9
1351230 2385.7
1351240 2380.1
1351250 2380.1
1351260 2368.8
1351270 2354.8
1351280 2354.8
1351290 2344.4
1351300 2334.0
1351310 2334.0
1351320 2324.2
1351330 2315.7
1351340 2315.7
1351350 2306.8
1351360 2297.3
1351370 2297.3
1351380 2288.4
1351390 2281.7
1351400 2281.7
1351410 2276.3
1351420 2270.9
1351430 2264.9
1351440 2268.3
1351450 2261.6
1351460 2254.3
1351470 2254.3
1351480 2246.9
1351490 2240.5
1351500 2240.5
1351510 2234.2
1351520 2228.4
1351530 2228.4
1351540 2224.5
1351550 2220.6
1351560 2220.6
1351570 2214.9
1351580 2207.3
1351590 2207.3
1351600 2199.1
1351610 2191.9
1351620 2191.9
1351630 2186.3
1351640 2180.4
1351650 2174.9
1351660 2174.9
1351670 2170.4
1351680 2165.8
1351690 2165.8
1351700 2161.9
1351710 2158.3
1351720 2158.3
1351730 2154.2
1351740 2150.1
1351750 2150.1
1351760 2146.3
1351770 2141.6
1351780 2141.6
1351790 2134.1
1351800 2129.8
1351810 2129.8
1351820 2127.5
1351830 2125.3
1351840 2123.1
1351850 2123.1
1351860 2120.8
1351870 2119.3
1351880 2119.3
1351890 2118.0
1351900 2117.3
1351910 2117.3
1351920 2116.2
1351930 2115.0
1351940 2115.0
1351950 2111.8
1351960 2107.0
1351970 2107.0
1351980 2102.9
1351990 2099.8
1352000 2099.8
1352010 2094.0
1352020 2088.0
1352030 2084.5
1352040 2084.5
1352050 2082.4
1352060 2080.4
1352070 2080.4
1352080 2079.5
1352090 2078.8
1352100 2078.8
1352110 2077.2
1352120 2076.6
1352130 2076.6
1352140 2080.2
1352150 2086.2
1352160 2086.2
1352170 2087.6
1352180 2088.8
1352190 2088.8
1352200 2090.6
1352210 2091.9
1352220 2091.9
1352230 2092.8
1352240 2093.5
1352250 2093.9
1352260 2093.9
1352270 2094.7
1352280 2096.4
1352290 2096.4
1352300 2098.4
1352310 2100.1
1352320 2100.1
1352330 2100.9
1352340 2101.9
1352350 2101.9
1352360 2103.4
1352370 2104.5
1352380 2104.5
1352390 2105.4
1352400 2102.4
1352410 2102.4
1352420 2103.3
1352430 2104.0
1352440 2105.0
1352450 2105.0
1352460 2106.1
1352470 2106.2
1352480 2106.2
1352490 2106.3
1352500 2107.4
1352510 2107.4
1352520 2109.1
1352530 2111.1
1352540 2111.1
1352550 2112.7
1352560 2114.1
1352570 2114.1
1352580 2114.6
1352590 2113.2
1352600 2113.2
1352610 2110.7
1352620 2112.5
1352630 2112.5
1352640 2117.9
1352650 2123.4
1352660 2128.9
1352670 2128.9
1352680 2133.8
1352690 2138.5
1352700 2138.5
1352710 2141.7
1352720 2144.3
1352730 2144.3
1352740 2148.8
1352750 2151.8
1352760 2151.8
1352770 2153.1
1352780 2153.5
1352790 2153.5
1352800 2155.4
1352810 2158.4
1352820 2158.4
1352830 2161.9
1352840 2164.7
1352850 2164.6
1352860 2164.6
1352870 2162.5
1352880 2164.2
1352890 2164.2
1352900 2166.2
1352910 2168.4
1352920 2168.4
1352930 2170.0
1352940 2170.6
1352950 2170.6
1352960 2171.5
1352970 2172.8
1352980 2172.8
1352990 2173.5
1353000 2173.5
1353010 2173.5
1353020 2171.5
1353030 2171.1
1353040 2173.5
1353050 2173.5
1353060 2177.1
1353070 2179.3
1353080 2179.3
1353090 2180.4
1353100 2180.6
1353110 2180.6
1353120 2178.8
1353130 2176.6
1353140 2176.6
1353150 2176.4
1353160 2175.8
1353170 2175.8
1353180 2175.5
1353190 2175.1
1353200 2175.1
1353210 2174.6
1353220 2174.1
1353230 2174.1
1353240 2173.4
1353250 2172.2
1353260 2171.7
1353270 2171.7
1353280 2172.9
1353290 2174.6
1353300 2174.6
1353310 2177.3
1353320 2180.7
1353330 2180.7
1353340 2184.7
1353350 2188.4
1353360 2184.1
1353370 2186.5
1353380 2187.8
1353390 2187.8
1353400 2188.3
1353410 2187.3
1353420 2187.3
1353430 2185.8
1353440 2185.1
1353450 2184.5
1353460 2184.5
1353470 2184.4
1353480 2185.6
1353490 2185.6
1353500 2186.0
1353510 2185.3
1353520 2185.3
1353530 2184.4
1353540 2183.7
1353550 2183.7
1353560 2183.2
1353570 2182.3
1353580 2182.3
1353590 2179.3
1353600 2176.1
1353610 2176.1
1353620 2175.5
1353630 2174.7
1353640 2174.7
1353650 2171.4
1353660 2172.3
1353670 2175.2
1353680 2175.2
1353690 2181.5
1353700 2187.0
1353710 2187.0
1353720 2191.2
1353730 2193.7
1353740 2193.7
1353750 2195.5
1353760 2195.7
1353770 2195.7
1353780 2192.7
1353790 2188.2
1353800 2188.2
1353810 2185.7
1353820 2184.6
1353830 2184.6
1353840 2185.3
1353850 2186.4
1353860 2187.3
1353870 2187.3
1353880 2187.0
1353890 2185.3
1353900 2185.3
1353910 2185.3
1353920 2185.6
1353930 2185.6
1353940 2186.1
1353950 2188.1
1353960 2188.1
1353970 2190.0
1353980 2192.5
1353990 2192.5
1354000 2196.2
1354010 2199.8
1354020 2199.8
1354030 2199.9
1354040 2198.3
1354050 2200.0
1354060 2200.0
1354070 2202.9
1354080 2205.5
1354090 2205.5
1354100 2208.3
1354110 2207.2
1354120 2207.2
1354130 2203.9
1354140 2201.5
1354150 2201.5
1354160 2199.7
1354170 2198.0
1354180 2198.0
1354190 2196.7
1354200 2200.0
1354210 2200.0
1354220 2208.1
1354230 2217.4
1354240 2217.4
1354250 2226.0
1354260 2232.5
1354270 2235.6
1354280 2235.6
1354290 2236.5
1354300 2237.9
1354310 2237.9
1354320 2241.3
1354330 2241.0
1354340 2241.0
1354350 2245.9
1354360 2251.4
1354370 2251.4
1354380 2256.5
1354390 2259.6
1354400 2259.6
1354410 2261.7
1354420 2263.2
1354430 2263.2
1354440 2264.2
1354450 2266.0
1354460 2268.5
1354470 2268.5
1354480 2269.1
1354490 2268.6
1354500 2268.6
1354510 2268.0
1354520 2268.1
1354530 2268.1
1354540 2267.1
1354550 2265.5
1354560 2265.5
1354570 2264.0
1354580 2261.0
1354590 2261.0
1354600 2257.0
1354610 2254.7
1354620 2254.7
1354630 2255.0
1354640 2252.5
1354650 2252.5
1354660 2248.2
1354670 2243.7
1354680 2239.9
1354690 2239.9
1354700 2235.8
1354710 2230.1
1354720 2230.1
1354730 2223.1
1354740 2216.0
1354750 2216.0
1354760 2209.6
1354770 2203.8
1354780 2203.8
1354790 2198.4
1354800 2193.1
1354810 2193.1
1354820 2187.6
1354830 2181.9
1354840 2181.9
1354850 2175.1
1354860 2167.8
1354870 2160.2
1354880 2160.2
1354890 2150.9
1354900 2137.1
1354910 2137.1
1354920 2124.9
1354930 2116.2
1354940 2116.2
1354950 2108.2
1354960 2100.4
1354970 2100.4
1354980 2093.1
1354990 2085.2
1355000 2085.2
1355010 2078.5
1355020 2071.4
1355030 2071.4
1355040 2062.8
1355050 2055.9
1355060 2048.5
1355070 2048.5
1355080 2041.4
1355090 2036.5
1355100 2036.5
1355110 2030.2
1355120 2022.9
1355130 2022.9
1355140 2015.9
1355150 2009.7
1355160 2009.7
1355170 2005.1
1355180 2002.4
1355190 2002.4
1355200 2001.2
1355210 2001.6
1355220 2001.6
1355230 2003.6
1355240 2005.9
1355250 2005.9
1355260 2008.6
1355270 2012.8
1355280 2017.2
1355290 2017.2
1355300 2021.1
1355310 2025.6
1355320 2025.6
1355330 2029.5
1355340 2033.7
1355350 2033.7
1355360 2039.3
1355370 2045.1
1355380 2045.1
1355390 2050.2
1355400 2056.0
1355410 2056.0
1355420 2061.7
1355430 2067.5
1355440 2067.5
1355450 2073.4
1355460 2078.8
1355470 2083.7
1355480 2083.7
1355490 2089.1
1355500 2094.7
1355510 2094.7
1355520 2100.1
1355530 2105.8
1355540 2105.8
1355550 2112.2
1355560 2120.1
1355570 2120.1
1355580 2128.3
1355590 2135.7
1355600 2135.7
1355610 2142.3
1355620 2148.8
1355630 2148.8
1355640 2155.6
1355650 2162.9
1355660 2162.9
1355670 2170.6
1355680 2178.7
1355690 2187.2
1355700 2187.2
1355710 2195.4
1355720 2203.2
1355730 2203.2
1355740 2211.6
1355750 2221.0
1355760 2221.0
1355770 2229.2
1355780 2236.2
1355790 2236.2
1355800 2242.0
1355810 2247.7
1355820 2247.7
1355830 2253.8
1355840 2259.7
1355850 2259.7
1355860 2265.8
1355870 2272.0
1355880 2278.0
1355890 2278.0
1355900 2282.8
1355910 2288.4
1355920 2288.4
1355930 2294.2
1355940 2300.1
1355950 2300.1
1355960 2304.9
1355970 2309.6
1355980 2309.6
1355990 2315.0
1356000 2320.9
1356010 2320.9
1356020 2326.8
1356030 2332.8
1356040 2332.8
1356050 2338.6
1356060 2343.5
1356070 2349.2
1356080 2349.2
1356090 2353.5
1356100 2357.6
1356110 2357.6
1356120 2363.0
1356130 2368.4
1356140 2368.4
1356150 2373.9
1356160 2379.7
1356170 2379.7
1356180 2385.4
1356190 2390.9
1356200 2390.9
1356210 2396.9
1356220 2405.0
1356230 2405.0
1356240 2412.2
1356250 2418.2
1356260 2418.2
1356270 2424.4
1356280 2430.7
1356290 2441.7
1356300 2441.7
1356310 2446.4
1356320 2451.4
1356330 2451.4
1356340 2455.7
1356350 2460.4
1356360 2460.4
1356370 2465.0
1356380 2469.3
1356390 2469.3
1356400 2473.4
1356410 2476.9
1356420 2476.9
1356430 2480.6
1356440 2484.4
1356450 2484.4
1356460 2487.8
1356470 2490.9
1356480 2494.7
1356490 2494.7
1356500 2497.9
1356510 2500.2
1356520 2500.2
1356530 2502.1
1356540 2504.1
1356550 2504.1
1356560 2506.7
1356570 2509.8
1356580 2509.8
1356590 2512.9
1356600 2515.9
1356610 2515.9
1356620 2519.4
1356630 2522.6
1356640 2522.6
1356650 2525.4
1356660 2528.2
1356670 2528.2
1356680 2532.1
1356690 2536.0
1356700 2539.0
1356710 2539.0
1356720 2542.8
1356730 2546.4
1356740 2546.4
1356750 2549.4
1356760 2551.7
1356770 2551.7
1356780 2555.6
1356790 2560.6
1356800 2560.6
1356810 2564.5
1356820 2567.6
1356830 2567.6
1356840 2570.1
1356850 2573.3
1356860 2573.3
1356870 2576.7
1356880 2579.0
1356890 2582.3
1356900 2582.3
1356910 2586.0
1356920 2590.4
1356930 2590.4
1356940 2593.7
1356950 2596.7
1356960 2596.7
1356970 2599.3
1356980 2601.0
1356990 2601.0
1357000 2602.9
1357010 2605.2
1357020 2605.2
1357030 2607.3
1357040 2608.9
1357050 2608.9
1357060 2611.7
1357070 2615.4
1357080 2620.0
1357090 2620.0
1357100 2622.3
1357110 2626.1
1357120 2626.1
1357130 2630.5
1357140 2634.6
1357150 2634.6
1357160 2638.3
1357170 2642.0
1357180 2642.0
1357190 2646.4
1357200 2651.9
1357210 2651.9
1357220 2656.5
1357230 2660.1
1357240 2660.1
1357250 2664.0
1357260 2667.8
1357270 2667.8
1357280 2677.1
1357290 2681.7
1357300 2687.7
1357310 2687.7
1357320 2694.3
1357330 2703.0
1357340 2703.0
1357350 2713.4
1357360 2724.4
1357370 2724.4
1357380 2731.7
1357390 2734.1
1357400 2734.1
1357410 2738.4
1357420 2744.1
1357430 2744.1
1357440 2750.7
1357450 2757.8
1357460 2757.8
1357470 2766.2
1357480 2776.3
1357490 2784.7
1357500 2784.7
1357510 2792.9
1357520 2797.7
1357530 2797.7
1357540 2797.9
1357550 2798.1
1357560 2798.1
1357570 2799.4
1357580 2801.0
1357590 2801.0
1357600 2800.1
1357610 2799.6
1357620 2799.6
1357630 2801.8
1357640 2804.8
1357650 2804.8
1357660 2808.0
1357670 2811.8
1357680 2811.8
1357690 2816.8
1357700 2821.3
1357710 2829.2
1357720 2829.2
1357730 2842.0
1357740 2852.6
1357750 2852.6
1357760 2862.2
1357770 2871.5
1357780 2871.5
1357790 2883.0
1357800 2891.8
1357810 2891.8
1357820 2897.5
1357830 2906.0
1357840 2906.0
1357850 2915.9
1357860 2922.0
1357870 2922.0
1357880 2930.0
1357890 2932.9
1357900 2934.0
1357910 2934.0
1357920 2933.3
1357930 2930.8
1357940 2930.8
1357950 2928.8
1357960 2927.5
1357970 2927.5
1357980 2925.2
1357990 2923.3
1358000 2923.3
1358010 2921.8
1358020 2920.6
1358030 2920.6
1358040 2920.0
1358050 2918.9
1358060 2918.9
1358070 2918.1
1358080 2918.2
1358090 2919.3
1358100 2919.3
1358110 2921.1
1358120 2922.3
1358130 2922.3
1358140 2923.1
1358150 2924.4
1358160 2924.4
1358170 2925.6
1358180 2926.1
1358190 2926.1
1358200 2927.1
1358210 2928.6
1358220 2928.6
1358230 2930.4
1358240 2933.1
1358250 2933.1
1358260 2935.6
1358270 2939.2
1358280 2931.4
1358290 2935.7
1358300 2939.9
1358310 2943.0
1358320 2943.0
1358330 2944.9
1358340 2947.3
1358350 2947.3
1358360 2953.3
1358370 2959.5
1358380 2959.5
1358390 2967.2
1358400 2972.1
1358410 2972.1
1358420 2977.2
1358430 2986.2
1358440 2986.2
1358450 2991.6
1358460 2995.1
1358470 2995.1
1358480 2999.0
1358490 3001.9
1358500 2998.7
1358510 2998.7
1358520 2990.3
1358530 2978.0
1358540 2978.0
1358550 2963.6
1358560 2956.1
1358570 2956.1
1358580 2950.6
1358590 2945.4
1358600 2945.4
1358610 2939.7
1358620 2934.0
1358630 2934.0
1358640 2928.1
1358650 2922.5
1358660 2922.5
1358670 2917.5
1358680 2913.3
1358690 2913.3
1358700 2909.3
1358710 2905.6
1358720 2902.0
1358730 2902.0
1358740 2898.4
1358750 2894.6
1358760 2894.6
1358770 2890.8
1358780 2887.3
1358790 2887.3
1358800 2884.0
1358810 2880.3
1358820 2880.3
1358830 2877.0
1358840 2873.7
1358850 2873.7
1358860 2870.9
1358870 2868.3
1358880 2868.3
1358890 2866.0
1358900 2863.9
1358910 2861.9
1358920 2861.9
1358930 2860.2
1358940 2858.7
1358950 2858.7
1358960 2857.3
1358970 2856.3
1358980 2856.3
1358990 2856.3
1359000 2854.3
1359010 2854.3
1359020 2851.5
1359030 2851.7
1359040 2851.7
1359050 2851.6
1359060 2848.9
1359070 2848.9
1359080 2846.2
1359090 2844.3
1359100 2843.0
1359110 2843.0
1359120 2841.3
1359130 2839.6
1359140 2839.6
1359150 2837.3
1359160 2834.0
1359170 2834.0
1359180 2830.2
1359190 2826.3
1359200 2826.3
1359210 2822.0
1359220 2818.8
1359230 2818.8
1359240 2816.5
1359250 2814.9
1359260 2814.9
1359270 2812.6
1359280 2810.1
1359290 2813.8
1359300 2811.6
1359310 2810.1
1359320 2808.6
1359330 2808.6
1359340 2807.1
1359350 2805.9
1359360 2805.9
1359370 2804.4
1359380 2802.4
1359390 2802.4
1359400 2800.2
1359410 2798.0
1359420 2798.0
1359430 2795.5
1359440 2792.8
1359450 2792.8
1359460 2790.0
1359470 2787.3
1359480 2787.3
1359490 2784.5
1359500 2782.0
1359510 2779.7
1359520 2779.7
1359530 2777.1
1359540 2774.5
1359550 2774.5
1359560 2772.1
1359570 2769.8
1359580 2769.8
1359590 2767.5
1359600 2765.1
1359610 2765.1
1359620 2762.8
1359630 2760.5
1359640 2760.5
1359650 2758.3
1359660 2756.2
1359670 2756.2
1359680 2754.1
1359690 2752.2
1359700 2752.2
1359710 2750.6
1359720 2749.2
1359730 2747.9
1359740 2747.9
1359750 2746.9
1359760 2746.5
1359770 2746.5
1359780 2746.7
1359790 2747.2
1359800 2747.2
1359810 2747.9
1359820 2748.7
1359830 2748.7
1359840 2749.4
1359850 2749.9
1359860 2749.9
1359870 2750.1
1359880 2750.0
1359890 2750.0
1359900 2749.3
1359910 2748.0
1359920 2746.3
1359930 2746.3
1359940 2743.7
1359950 2740.1
1359960 2740.1
1359970 2736.2
1359980 2731.1
1359990 2731.1
