1349140 2546.0
1349150 2546.0
1349160 2544.6
1349170 2544.7
1349180 2544.7
1349190 2546.4
1349200 2548.2
1349210 2548.2
1349220 2547.2
1349230 2544.8
1349240 2544.8
1349250 2542.3
1349260 2539.5
1349270 2538.7
1349280 2537.3
1349290 2536.6
1349300 2534.7
1349310 2534.7
1349320 2531.7
1349330 2528.5
1349340 2528.5
1349350 2526.6
1349360 2526.0
1349370 2526.0
1349380 2525.3
1349390 2525.7
1349400 2525.7
1349410 2527.1
1349420 2528.4
1349430 2528.4
1349440 2531.5
1349450 2536.1
1349460 2536.1
1349470 2541.8
1349480 2547.8
1349490 2547.8
1349500 2552.7
1349510 2557.5
1349520 2562.3
1349530 2562.3
1349540 2567.6
1349550 2571.2
1349560 2571.2
1349570 2573.1
1349580 2573.8
1349590 2573.8
1349600 2575.3
1349610 2576.9
1349620 2576.9
1349630 2578.5
1349640 2582.2
1349650 2582.2
1349660 2587.0
1349670 2592.3
1349680 2592.3
1349690 2598.3
1349700 2604.3
1349710 2610.2
1349720 2610.2
1349730 2616.5
1349740 2625.4
1349750 2625.4
1349760 2638.2
1349770 2655.4
1349780 2655.4
1349790 2673.8
1349800 2679.8
1349810 2679.8
1349820 2677.3
1349830 2675.3
1349840 2675.3
1349850 2674.0
1349860 2674.0
1349870 2674.0
1349880 2670.2
1349890 2660.4
1349900 2660.4
1349910 2654.3
1349920 2649.8
1349930 2644.5
1349940 2644.5
1349950 2638.2
1349960 2631.6
1349970 2631.6
1349980 2625.6
1349990 2619.8
1350000 2619.8
1350010 2614.6
1350020 2610.4
1350030 2610.4
1350040 2606.1
1350050 2601.3
1350060 2601.3
1350070 2597.2
1350080 2594.0
1350090 2594.0
1350100 2592.2
1350110 2590.5
1350120 2588.4
1350130 2588.4
1350140 2584.2
1350150 2577.8
1350160 2577.8
1350170 2572.1
1350180 2566.6
1350190 2566.6
1350200 2560.4
1350210 2552.6
1350220 2552.6
1350230 2547.2
1350240 2540.9
1350250 2540.9
1350260 2534.2
1350270 2526.7
1350280 2526.7
1350290 2518.6
1350300 2511.7
1350310 2511.7
1350320 2506.5
1350330 2501.5
1350340 2495.9
1350350 2495.9
1350360 2489.4
1350370 2481.7
1350380 2481.7
1350390 2473.7
1350400 2464.8
1350410 2464.8
1350420 2456.0
1350430 2447.5
1350440 2447.5
1350450 2439.7
1350460 2432.6
1350470 2432.6
1350480 2425.3
1350490 2418.2
1350500 2418.2
1350510 2409.5
1350520 2401.5
1350530 2396.2
1350540 2396.2
1350550 2390.9
1350560 2384.1
1350570 2384.1
1350580 2373.7
1350590 2362.6
1350600 2362.6
1350610 2353.2
1350620 2345.1
1350630 2345.1
1350640 2337.2
1350650 2329.1
1350660 2329.1
1350670 2321.1
1350680 2313.0
1350690 2313.0
1350700 2303.7
1350710 2292.8
1350720 2292.8
1350730 2283.5
1350740 2276.8
1350750 2272.3
1350760 2272.3
1350770 2267.4
1350780 2261.9
1350790 2261.9
1350800 2256.8
1350810 2252.2
1350820 2252.2
1350830 2248.1
1350840 2243.6
1350850 2243.6
1350860 2239.7
1350870 2236.2
1350880 2236.2
1350890 2232.5
1350900 2228.4
1350910 2228.4
1350920 2225.3
1350930 2222.8
1350940 2220.0
1350950 2220.0
1350960 2216.6
1350970 2210.9
1350980 2210.9
1350990 2205.6
1351000 2202.2
1351010 2202.2
1351020 2198.0
1351030 2193.8
1351040 2193.8
1351050 2190.7
1351060 2192.7
1351070 2192.7
1351080 2197.6
1351090 2203.3
1351100 2203.3
1351110 2209.7
1351120 2214.7
1351130 2214.7
1351140 2219.9
1351150 2224.0
1351160 2226.9
1351170 2226.9
1351180 2231.6
1351190 2235.8
1351200 2235.8
1351210 2240.2
1351220 2244.6
1351230 2244.6
1351240 2249.4
1351250 2253.8
1351260 2253.8
1351270 2258.4
1351280 2263.5
1351290 2263.5
1351300 2269.6
1351310 2275.4
1351320 2275.4
1351330 2281.1
1351340 2286.6
1351350 2291.7
1351360 2291.7
1351370 2297.1
1351380 2302.5
1351390 2302.5
1351400 2308.1
1351410 2313.9
1351420 2313.9
1351430 2319.4
1351440 2324.9
1351450 2324.9
1351460 2330.4
1351470 2336.3
1351480 2336.3
1351490 2342.6
1351500 2348.8
1351510 2348.8
1351520 2354.8
1351530 2360.6
1351540 2363.6
1351550 2363.6
1351560 2367.4
1351570 2371.5
1351580 2371.5
1351590 2375.2
1351600 2379.2
1351610 2379.2
1351620 2382.2
1351630 2385.5
1351640 2385.5
1351650 2389.9
1351660 2394.2
1351670 2394.2
1351680 2398.4
1351690 2402.6
1351700 2402.6
1351710 2407.2
1351720 2412.4
1351730 2412.4
1351740 2418.1
1351750 2423.5
1351760 2428.5
1351770 2428.5
1351780 2433.7
1351790 2439.1
1351800 2439.1
1351810 2444.9
1351820 2451.1
1351830 2451.1
1351840 2457.0
1351850 2462.8
1351860 2462.8
1351870 2469.0
1351880 2475.0
1351890 2475.0
1351900 2482.2
1351910 2490.0
1351920 2490.0
1351930 2497.9
1351940 2505.3
1351950 2512.5
1351960 2512.5
1351970 2519.3
1351980 2526.7
1351990 2526.7
1352000 2534.7
1352010 2542.5
1352020 2542.5
1352030 2549.5
1352040 2556.2
1352050 2556.2
1352060 2562.1
1352070 2567.4
1352080 2567.4
1352090 2572.2
1352100 2576.5
1352110 2575.7
1352120 2579.7
1352130 2582.7
1352140 2582.7
1352150 2585.8
1352160 2589.4
1352170 2593.4
1352180 2593.4
1352190 2597.0
1352200 2600.0
1352210 2600.0
1352220 2602.2
1352230 2603.7
1352240 2603.7
1352250 2603.9
1352260 2603.2
1352270 2603.2
1352280 2604.0
1352290 2606.8
1352300 2606.8
1352310 2609.7
1352320 2612.3
1352330 2612.3
1352340 2614.6
1352350 2615.7
1352360 2616.7
1352370 2616.7
1352380 2617.8
1352390 2619.7
1352400 2619.7
1352410 2621.3
1352420 2621.0
1352430 2621.0
1352440 2621.0
1352450 2622.2
1352460 2622.2
1352470 2622.8
1352480 2624.9
1352490 2624.9
1352500 2628.3
1352510 2631.7
1352520 2631.7
1352530 2635.1
1352540 2639.4
1352550 2639.4
1352560 2643.6
1352570 2647.4
1352580 2651.2
1352590 2651.2
1352600 2655.3
1352610 2657.4
1352620 2657.4
1352630 2658.4
1352640 2660.2
1352650 2660.2
1352660 2662.4
1352670 2665.5
1352680 2665.5
1352690 2668.3
1352700 2670.7
1352710 2670.7
1352720 2673.9
1352730 2677.6
1352740 2677.6
1352750 2680.3
1352760 2682.2
1352770 2684.1
1352780 2684.1
1352790 2686.4
1352800 2688.7
1352810 2688.7
1352820 2690.8
1352830 2692.8
1352840 2692.8
1352850 2693.9
1352860 2694.6
1352870 2694.6
1352880 2696.0
1352890 2697.4
1352900 2697.4
1352910 2698.8
1352920 2699.1
1352930 2699.1
1352940 2699.0
1352950 2698.3
1352960 2698.3
1352970 2697.7
1352980 2697.8
1352990 2698.8
1353000 2698.8
1353010 2698.8
1353020 2701.3
1353030 2701.3
1353040 2702.9
1353050 2703.4
1353060 2703.4
1353070 2702.1
1353080 2701.9
1353090 2701.9
1353100 2701.9
1353110 2702.8
1353120 2702.8
1353130 2703.1
1353140 2703.5
1353150 2703.5
1353160 2705.2
1353170 2706.8
1353180 2708.2
1353190 2708.2
1353200 2709.7
1353210 2710.8
1353220 2710.8
1353230 2710.6
1353240 2711.1
1353250 2711.1
1353260 2712.8
1353270 2715.7
1353280 2715.7
1353290 2719.6
1353300 2724.6
1353310 2724.6
1353320 2733.2
1353330 2743.1
1353340 2743.1
1353350 2751.8
1353360 2755.1
1353370 2755.1
1353380 2754.7
1353390 2758.5
1353400 2768.8
1353410 2768.8
1353420 2784.1
1353430 2789.0
1353440 2789.0
1353450 2791.4
1353460 2793.0
1353470 2793.0
1353480 2794.7
1353490 2796.3
1353500 2796.3
1353510 2797.9
1353520 2799.3
1353530 2799.3
1353540 2800.5
1353550 2802.2
1353560 2802.2
1353570 2803.6
1353580 2805.0
1353590 2806.1
1353600 2806.1
1353610 2807.1
1353620 2808.1
1353630 2808.1
1353640 2809.1
1353650 2809.3
1353660 2809.3
1353670 2808.6
1353680 2802.4
1353690 2802.4
1353700 2792.5
1353710 2784.9
1353720 2784.9
1353730 2776.5
1353740 2766.3
1353750 2766.3
1353760 2756.1
1353770 2746.4
1353780 2746.4
1353790 2738.1
1353800 2732.6
1353810 2727.2
1353820 2727.2
1353830 2721.8
1353840 2716.8
1353850 2716.8
1353860 2712.2
1353870 2707.4
1353880 2707.4
1353890 2702.7
1353900 2698.7
1353910 2698.7
1353920 2694.6
1353930 2690.9
1353940 2690.9
1353950 2687.5
1353960 2684.3
1353970 2684.3
1353980 2679.7
1353990 2672.3
1354000 2663.6
1354010 2663.6
1354020 2657.2
1354030 2652.7
1354040 2650.1
1354050 2645.4
1354060 2641.6
1354070 2641.6
1354080 2637.1
1354090 2632.6
1354100 2632.6
1354110 2627.3
1354120 2618.6
1354130 2618.6
1354140 2612.4
1354150 2608.5
1354160 2608.5
1354170 2601.4
1354180 2594.2
1354190 2594.2
1354200 2586.3
1354210 2581.3
1354220 2577.2
1354230 2577.2
1354240 2574.5
1354250 2570.6
1354260 2570.6
1354270 2566.6
1354280 2563.5
1354290 2563.5
1354300 2563.7
1354310 2562.2
1354320 2562.2
1354330 2560.4
1354340 2559.1
1354350 2559.1
1354360 2557.9
1354370 2556.8
1354380 2556.8
1354390 2556.1
1354400 2555.5
1354410 2554.2
1354420 2554.2
1354430 2552.1
1354440 2548.7
1354450 2548.7
1354460 2544.2
1354470 2538.3
1354480 2538.3
1354490 2532.1
1354500 2526.4
1354510 2526.4
1354520 2521.0
1354530 2516.5
1354540 2516.5
1354550 2512.9
1354560 2509.4
1354570 2509.4
1354580 2506.0
1354590 2501.1
1354600 2501.1
1354610 2488.4
1354620 2476.0
1354630 2467.0
1354640 2467.0
1354650 2456.1
1354660 2446.3
1354670 2446.3
1354680 2433.6
1354690 2421.5
1354700 2421.5
1354710 2410.8
1354720 2401.4
1354730 2401.4
1354740 2392.5
1354750 2384.6
1354760 2384.6
1354770 2377.3
1354780 2371.0
1354790 2371.0
1354800 2365.7
1354810 2358.9
1354820 2353.1
1354830 2353.1
1354840 2349.7
1354850 2344.6
1354860 2344.6
1354870 2341.7
1354880 2339.0
1354890 2339.0
1354900 2336.2
1354910 2333.9
1354920 2333.9
1354930 2331.1
1354940 2324.6
1354950 2324.6
1354960 2315.9
1354970 2301.0
1354980 2301.0
1354990 2286.7
1355000 2278.2
1355010 2273.0
1355020 2264.6
1355030 2259.3
1355040 2255.2
1355050 2255.2
1355060 2248.9
1355070 2241.6
1355080 2241.6
1355090 2235.6
1355100 2230.4
1355110 2230.4
1355120 2226.1
1355130 2221.6
1355140 2221.6
1355150 2214.8
1355160 2206.4
1355170 2206.4
1355180 2198.7
1355190 2193.1
1355200 2193.1
1355210 2188.1
1355220 2184.4
1355230 2181.9
1355240 2181.9
1355250 2177.7
1355260 2173.0
1355270 2173.0
1355280 2168.4
1355290 2163.8
1355300 2163.8
1355310 2159.4
1355320 2155.1
1355330 2155.1
1355340 2151.0
1355350 2147.0
1355360 2147.0
1355370 2142.8
1355380 2138.9
1355390 2138.9
1355400 2135.0
1355410 2130.8
1355420 2130.8
1355430 2126.5
1355440 2122.3
1355450 2118.6
1355460 2118.6
1355470 2115.1
1355480 2111.7
1355490 2111.7
1355500 2108.4
1355510 2105.1
1355520 2105.1
1355530 2102.2
1355540 2100.1
1355550 2100.1
1355560 2097.8
1355570 2095.3
1355580 2095.3
1355590 2091.5
1355600 2085.9
1355610 2085.9
1355620 2080.6
1355630 2075.0
1355640 2072.1
1355650 2072.1
1355660 2076.1
1355670 2080.8
1355680 2080.8
1355690 2083.7
1355700 2086.1
1355710 2086.1
1355720 2088.5
1355730 2090.9
1355740 2090.9
1355750 2093.3
1355760 2095.6
1355770 2095.6
1355780 2098.0
1355790 2100.4
1355800 2100.4
1355810 2103.0
1355820 2105.5
1355830 2108.1
1355840 2108.1
1355850 2110.9
1355860 2113.8
1355870 2113.8
1355880 2116.6
1355890 2119.4
1355900 2119.4
1355910 2122.2
1355920 2125.0
1355930 2125.0
1355940 2127.7
1355950 2130.4
1355960 2130.4
1355970 2133.1
1355980 2135.7
1355990 2135.7
1356000 2140.6
1356010 2144.9
1356020 2144.9
1356030 2148.5
1356040 2152.7
1356050 2157.4
1356060 2157.4
1356070 2161.7
1356080 2164.3
1356090 2164.3
1356100 2166.3
1356110 2169.1
1356120 2169.1
1356130 2172.7
1356140 2176.7
1356150 2176.7
1356160 2182.1
1356170 2188.7
1356180 2188.7
1356190 2194.7
1356200 2201.2
1356210 2201.2
1356220 2207.2
1356230 2213.9
1356240 2222.9
1356250 2222.9
1356260 2230.0
1356270 2235.8
1356280 2235.8
1356290 2241.9
1356300 2249.7
1356310 2249.7
1356320 2260.7
1356330 2269.7
1356340 2269.7
1356350 2272.3
1356360 2274.2
1356370 2274.2
1356380 2277.4
1356390 2281.8
1356400 2281.8
1356410 2288.3
1356420 2296.9
1356430 2296.9
1356440 2306.7
1356450 2316.6
1356460 2324.5
1356470 2324.5
1356480 2331.7
1356490 2338.6
1356500 2338.6
1356510 2345.0
1356520 2350.8
1356530 2350.8
1356540 2356.3
1356550 2362.4
1356560 2362.4
1356570 2368.3
1356580 2373.0
1356590 2373.0
1356600 2375.7
1356610 2380.9
1356620 2380.9
1356630 2387.7
1356640 2391.3
1356650 2395.6
1356660 2395.6
1356670 2399.7
1356680 2402.9
1356690 2402.9
1356700 2405.8
1356710 2408.3
1356720 2408.3
1356730 2409.7
1356740 2411.7
1356750 2411.7
1356760 2414.0
1356770 2416.8
1356780 2416.8
1356790 2420.9
1356800 2426.0
1356810 2426.0
1356820 2430.6
1356830 2437.0
1356840 2437.0
1356850 2441.5
1356860 2444.6
1356870 2450.4
1356880 2450.4
1356890 2458.2
1356900 2464.5
1356910 2464.5
1356920 2470.0
1356930 2475.7
1356940 2475.7
1356950 2481.3
1356960 2486.8
1356970 2486.8
1356980 2492.3
1356990 2502.2
1357000 2502.2
1357010 2508.3
1357020 2514.6
1357030 2514.6
1357040 2521.4
1357050 2527.5
1357060 2532.5
1357070 2532.5
1357080 2537.0
1357090 2541.2
1357100 2541.2
1357110 2545.1
1357120 2549.3
1357130 2549.3
1357140 2553.9
1357150 2559.3
1357160 2559.3
1357170 2565.1
1357180 2570.8
1357190 2570.8
1357200 2576.8
1357210 2582.9
1357220 2582.9
1357230 2588.2
1357240 2593.2
1357250 2593.2
1357260 2598.5
1357270 2604.1
1357280 2610.1
1357290 2610.1
1357300 2616.1
1357310 2622.1
1357320 2622.1
1357330 2628.0
1357340 2633.8
1357350 2633.8
1357360 2640.1
1357370 2645.9
1357380 2645.9
1357390 2651.8
1357400 2657.5
1357410 2657.5
1357420 2662.9
1357430 2669.3
1357440 2669.3
1357450 2675.8
1357460 2681.6
1357470 2687.8
1357480 2687.8
1357490 2693.5
1357500 2698.9
1357510 2698.9
1357520 2704.3
1357530 2709.9
1357540 2709.9
1357550 2715.7
1357560 2722.2
1357570 2722.2
1357580 2728.4
1357590 2733.7
1357600 2733.7
1357610 2738.9
1357620 2745.0
1357630 2745.0
1357640 2751.6
1357650 2757.6
1357660 2757.6
1357670 2762.5
1357680 2767.4
1357690 2771.7
1357700 2771.7
1357710 2775.7
1357720 2780.7
1357730 2780.7
1357740 2784.7
1357750 2788.0
1357760 2788.0
1357770 2792.5
1357780 2796.5
1357790 2796.5
1357800 2801.9
1357810 2808.6
1357820 2808.6
1357830 2816.7
1357840 2825.0
1357850 2825.0
1357860 2832.9
1357870 2840.6
1357880 2848.3
1357890 2848.3
1357900 2856.1
1357910 2864.0
1357920 2864.0
1357930 2871.8
1357940 2880.1
1357950 2880.1
1357960 2888.6
1357970 2896.6
1357980 2898.4
1357990 2907.6
1358000 2916.6
1358010 2916.6
1358020 2925.7
1358030 2935.1
1358040 2935.1
1358050 2944.8
1358060 2953.7
1358070 2953.7
1358080 2959.5
1358090 2965.2
1358100 2972.4
1358110 2972.4
1358120 2978.6
1358130 2985.6
1358140 2985.6
1358150 2990.8
1358160 2980.6
1358170 2980.6
1358180 2966.0
1358190 2952.3
1358200 2952.3
1358210 2929.0
1358220 2909.9
1358230 2909.9
1358240 2900.9
1358250 2892.4
1358260 2892.4
1358270 2884.4
1358280 2877.6
1358290 2872.1
1358300 2872.1
1358310 2866.5
1358320 2861.8
1358330 2861.8
1358340 2856.8
1358350 2850.4
1358360 2850.4
1358370 2843.7
1358380 2837.0
1358390 2837.0
1358400 2830.3
1358410 2824.1
1358420 2824.1
1358430 2818.6
1358440 2814.2
1358450 2814.2
1358460 2810.7
1358470 2808.0
1358480 2808.0
1358490 2804.3
1358500 2799.3
1358510 2794.0
1358520 2794.0
1358530 2788.2
1358540 2782.1
1358550 2782.1
1358560 2777.8
1358570 2773.9
1358580 2773.9
1358590 2769.1
1358600 2764.1
1358610 2764.1
1358620 2758.6
1358630 2752.9
1358640 2752.9
1358650 2748.2
1358660 2743.5
1358670 2743.5
1358680 2738.4
1358690 2733.8
1358700 2730.9
1358710 2730.9
1358720 2728.6
1358730 2726.5
1358740 2726.5
1358750 2724.3
1358760 2721.5
1358770 2721.5
1358780 2717.7
1358790 2715.1
1358800 2715.1
1358810 2715.1
1358820 2717.2
1358830 2717.2
1358840 2718.4
1358850 2718.7
1358860 2718.7
1358870 2719.8
1358880 2720.0
1358890 2720.0
1358900 2718.2
1358910 2714.5
1358920 2710.3
1358930 2710.3
1358940 2705.7
1358950 2700.4
1358960 2700.4
1358970 2694.1
1358980 2687.2
1358990 2691.7
1359000 2685.7
1359010 2679.3
1359020 2679.3
1359030 2672.2
1359040 2665.6
1359050 2665.6
1359060 2660.0
1359070 2654.7
1359080 2654.7
1359090 2648.8
1359100 2643.2
1359110 2637.2
1359120 2637.2
1359130 2631.4
1359140 2626.1
1359150 2626.1
1359160 2621.6
1359170 2615.5
1359180 2615.5
1359190 2608.8
1359200 2602.6
1359210 2602.6
1359220 2595.8
1359230 2588.9
1359240 2588.9
1359250 2581.9
1359260 2574.9
1359270 2574.9
1359280 2567.3
1359290 2559.8
1359300 2559.8
1359310 2552.0
1359320 2545.4
1359330 2538.8
1359340 2538.8
1359350 2533.6
1359360 2528.5
1359370 2528.5
1359380 2524.3
1359390 2519.5
1359400 2519.5
1359410 2515.2
1359420 2511.8
1359430 2511.8
1359440 2508.1
1359450 2504.8
1359460 2504.8
1359470 2501.5
1359480 2498.4
1359490 2498.4
1359500 2495.4
1359510 2492.3
1359520 2489.6
1359530 2489.6
1359540 2490.2
1359550 2494.6
1359560 2494.6
1359570 2498.6
1359580 2501.5
1359590 2501.5
1359600 2503.8
1359610 2505.2
1359620 2505.2
1359630 2506.1
1359640 2506.5
1359650 2506.5
1359660 2507.0
1359670 2510.0
1359680 2510.0
1359690 2514.7
1359700 2517.6
1359710 2518.3
1359720 2518.3
1359730 2519.8
1359740 2524.1
1359750 2524.1
1359760 2528.1
1359770 2532.3
1359780 2532.3
1359790 2537.2
1359800 2540.4
1359810 2540.4
1359820 2539.9
1359830 2539.7
1359840 2539.7
1359850 2544.1
1359860 2548.7
1359870 2548.7
1359880 2552.6
1359890 2557.1
1359900 2557.1
1359910 2560.9
1359920 2564.2
1359930 2567.6
1359940 2567.6
1359950 2571.0
1359960 2573.4
1359970 2573.4
1359980 2576.0
1359990 2579.2
