1349210 2521.4
1349220 2520.9
1349230 2520.9
1349240 2519.1
1349250 2517.3
1349260 2517.7
1349270 2517.7
1349280 2516.4
1349290 2509.3
1349300 2509.3
1349310 2506.7
1349320 2504.6
1349330 2504.6
1349340 2502.3
1349350 2499.9
1349360 2499.9
1349370 2494.9
1349380 2493.0
1349390 2493.0
1349400 2497.5
1349410 2499.0
1349420 2499.0
1349430 2498.8
1349440 2500.9
1349450 2505.2
1349460 2505.2
1349470 2509.9
1349480 2514.3
1349490 2514.3
1349500 2519.4
1349510 2524.6
1349520 2524.6
1349530 2528.7
1349540 2533.9
1349550 2533.9
1349560 2536.1
1349570 2535.9
1349580 2535.9
1349590 2534.9
1349600 2535.5
1349610 2535.5
1349620 2536.9
1349630 2537.9
1349640 2540.8
1349650 2540.8
1349660 2544.0
1349670 2548.4
1349680 2548.4
1349690 2553.3
1349700 2558.0
1349710 2558.0
1349720 2562.6
1349730 2566.0
1349740 2566.0
1349750 2568.2
1349760 2570.7
1349770 2570.7
1349780 2571.6
1349790 2571.1
1349800 2571.1
1349810 2570.2
1349820 2570.4
1349830 2570.4
1349840 2569.5
1349850 2568.8
1349860 2569.4
1349870 2569.4
1349880 2569.5
1349890 2568.3
1349900 2568.3
1349910 2567.7
1349920 2567.5
1349930 2567.5
1349940 2567.7
1349950 2568.4
1349960 2568.4
1349970 2568.0
1349980 2566.9
1349990 2566.9
1350000 2564.4
1350010 2561.1
1350020 2561.1
1350030 2557.8
1350040 2553.6
1350050 2550.0
1350060 2550.0
1350070 2546.1
1350080 2542.6
1350090 2542.6
1350100 2539.7
1350110 2535.8
1350120 2535.8
1350130 2532.6
1350140 2529.7
1350150 2529.7
1350160 2526.6
1350170 2523.5
1350180 2523.5
1350190 2520.8
1350200 2518.3
1350210 2518.3
1350220 2515.2
1350230 2508.7
1350240 2508.7
1350250 2505.4
1350260 2501.9
1350270 2497.5
1350280 2497.5
1350290 2493.1
1350300 2488.7
1350310 2488.7
1350320 2485.0
1350330 2482.0
1350340 2482.0
1350350 2479.4
1350360 2476.9
1350370 2476.9
1350380 2473.7
1350390 2467.5
1350400 2467.5
1350410 2460.5
1350420 2453.9
1350430 2453.9
1350440 2447.2
1350450 2439.2
1350460 2428.5
1350470 2428.5
1350480 2416.3
1350490 2405.9
1350500 2405.9
1350510 2396.3
1350520 2387.2
1350530 2387.2
1350540 2378.5
1350550 2370.0
1350560 2370.0
1350570 2361.6
1350580 2353.5
1350590 2353.5
1350600 2344.9
1350610 2337.0
1350620 2337.0
1350630 2329.9
1350640 2322.8
1350650 2322.8
1350660 2315.5
1350670 2308.6
1350680 2302.8
1350690 2302.8
1350700 2295.6
1350710 2288.5
1350720 2288.5
1350730 2282.3
1350740 2276.5
1350750 2276.5
1350760 2270.3
1350770 2263.8
1350780 2263.8
1350790 2257.0
1350800 2250.2
1350810 2250.2
1350820 2244.2
1350830 2238.5
1350840 2238.5
1350850 2233.3
1350860 2229.9
1350870 2227.2
1350880 2227.2
1350890 2224.5
1350900 2221.8
1350910 2221.8
1350920 2219.1
1350930 2216.3
1350940 2216.3
1350950 2213.1
1350960 2209.4
1350970 2209.4
1350980 2205.5
1350990 2201.9
1351000 2201.9
1351010 2198.4
1351020 2194.4
1351030 2194.4
1351040 2189.7
1351050 2185.8
1351060 2185.8
1351070 2182.9
1351080 2182.6
1351090 2187.0
1351100 2187.0
1351110 2190.6
1351120 2194.9
1351130 2194.9
1351140 2200.9
1351150 2205.6
1351160 2205.6
1351170 2210.3
1351180 2213.8
1351190 2213.8
1351200 2218.3
1351210 2221.6
1351220 2221.6
1351230 2224.4
1351240 2227.1
1351250 2227.1
1351260 2230.2
1351270 2233.7
1351280 2237.3
1351290 2237.3
1351300 2241.5
1351310 2245.7
1351320 2245.7
1351330 2249.5
1351340 2252.5
1351350 2252.5
1351360 2257.5
1351370 2263.3
1351380 2263.3
1351390 2269.6
1351400 2276.0
1351410 2276.0
1351420 2280.9
1351430 2284.8
1351440 2284.8
1351450 2288.3
1351460 2292.0
1351470 2292.0
1351480 2296.3
1351490 2300.8
1351500 2305.3
1351510 2305.3
1351520 2309.0
1351530 2313.1
1351540 2313.1
1351550 2318.4
1351560 2323.7
1351570 2323.7
1351580 2328.7
1351590 2333.7
1351600 2333.7
1351610 2338.9
1351620 2344.4
1351630 2344.4
1351640 2349.8
1351650 2355.6
1351660 2355.6
1351670 2360.3
1351680 2365.8
1351690 2371.8
1351700 2371.8
1351710 2378.2
1351720 2386.4
1351730 2386.4
1351740 2395.3
1351750 2401.0
1351760 2401.0
1351770 2411.0
1351780 2418.3
1351790 2418.3
1351800 2423.8
1351810 2430.0
1351820 2430.0
1351830 2435.6
1351840 2440.4
1351850 2440.4
1351860 2445.4
1351870 2449.9
1351880 2449.9
1351890 2454.8
1351900 2459.7
1351910 2464.6
1351920 2464.6
1351930 2469.5
1351940 2475.1
1351950 2475.1
1351960 2480.5
1351970 2485.6
1351980 2485.6
1351990 2491.0
1352000 2497.0
1352010 2497.0
1352020 2504.0
1352030 2511.6
1352040 2511.6
1352050 2518.9
1352060 2527.1
1352070 2527.1
1352080 2535.4
1352090 2543.9
1352100 2552.5
1352110 2552.5
1352120 2558.8
1352130 2561.6
1352140 2561.6
1352150 2565.6
1352160 2568.9
1352170 2568.9
1352180 2571.2
1352190 2572.5
1352200 2572.5
1352210 2573.4
1352220 2574.0
1352230 2574.0
1352240 2574.0
1352250 2573.9
1352260 2573.9
1352270 2573.2
1352280 2572.1
1352290 2572.1
1352300 2572.6
1352310 2573.7
1352320 2574.8
1352330 2574.8
1352340 2576.5
1352350 2578.6
1352360 2578.6
1352370 2581.5
1352380 2585.0
1352390 2585.0
1352400 2589.2
1352410 2593.8
1352420 2593.8
1352430 2599.0
1352440 2602.6
1352450 2602.6
1352460 2605.0
1352470 2607.0
1352480 2607.0
1352490 2608.3
1352500 2608.4
1352510 2609.2
1352520 2609.2
1352530 2612.0
1352540 2614.1
1352550 2614.1
1352560 2614.5
1352570 2615.5
1352580 2615.5
1352590 2616.8
1352600 2617.7
1352610 2617.7
1352620 2617.9
1352630 2618.7
1352640 2618.7
1352650 2618.9
1352660 2618.3
1352670 2618.3
1352680 2618.4
1352690 2619.0
1352700 2619.0
1352710 2619.9
1352720 2621.7
1352730 2624.2
1352740 2624.2
1352750 2628.1
1352760 2633.0
1352770 2633.0
1352780 2636.1
1352790 2638.8
1352800 2638.8
1352810 2640.4
1352820 2642.3
1352830 2642.3
1352840 2645.0
1352850 2646.6
1352860 2646.6
1352870 2648.2
1352880 2649.2
1352890 2649.2
1352900 2650.7
1352910 2652.0
1352920 2653.0
1352930 2653.0
1352940 2653.8
1352950 2654.9
1352960 2654.9
1352970 2655.6
1352980 2655.7
1352990 2655.7
1353000 2655.3
1353010 2654.8
1353020 2654.8
1353030 2654.7
1353040 2655.7
1353050 2655.7
1353060 2658.8
1353070 2662.4
1353080 2662.4
1353090 2658.9
1353100 2660.5
1353110 2662.2
1353120 2662.2
1353130 2663.7
1353140 2664.6
1353150 2664.6
1353160 2664.8
1353170 2664.0
1353180 2664.0
1353190 2663.6
1353200 2663.1
1353210 2663.1
1353220 2662.2
1353230 2663.5
1353240 2663.5
1353250 2666.8
1353260 2669.9
1353270 2669.9
1353280 2670.9
1353290 2671.9
1353300 2671.9
1353310 2675.5
1353320 2679.1
1353330 2682.3
1353340 2682.3
1353350 2686.3
1353360 2691.0
1353370 2691.0
1353380 2696.3
1353390 2701.4
1353400 2701.4
1353410 2707.0
1353420 2713.4
1353430 2713.4
1353440 2721.6
1353450 2730.2
1353460 2730.2
1353470 2738.8
1353480 2746.8
1353490 2746.8
1353500 2753.1
1353510 2759.8
1353520 2767.5
1353530 2767.5
1353540 2773.6
1353550 2776.3
1353560 2776.3
1353570 2776.3
1353580 2775.3
1353590 2775.3
1353600 2773.2
1353610 2771.1
1353620 2771.1
1353630 2769.7
1353640 2768.4
1353650 2768.4
1353660 2766.8
1353670 2765.2
1353680 2765.2
1353690 2762.9
1353700 2760.0
1353710 2760.0
1353720 2754.7
1353730 2739.7
1353740 2728.3
1353750 2728.3
1353760 2719.5
1353770 2711.9
1353780 2711.9
1353790 2705.9
1353800 2700.4
1353810 2700.4
1353820 2694.9
1353830 2689.9
1353840 2689.9
1353850 2685.0
1353860 2679.9
1353870 2679.9
1353880 2674.9
1353890 2669.5
1353900 2669.5
1353910 2664.5
1353920 2661.7
1353930 2659.2
1353940 2659.2
1353950 2654.9
1353960 2648.6
1353970 2648.6
1353980 2642.4
1353990 2635.5
1354000 2635.5
1354010 2628.8
1354020 2621.8
1354030 2621.8
1354040 2616.9
1354050 2611.8
1354060 2609.5
1354070 2602.4
1354080 2596.5
1354090 2596.5
1354100 2592.1
1354110 2586.3
1354120 2586.3
1354130 2574.3
1354140 2566.9
1354150 2559.7
1354160 2559.7
1354170 2552.5
1354180 2546.6
1354190 2546.6
1354200 2542.7
1354210 2539.0
1354220 2539.0
1354230 2535.0
1354240 2531.4
1354250 2531.4
1354260 2529.4
1354270 2526.9
1354280 2526.9
1354290 2523.9
1354300 2521.2
1354310 2521.2
1354320 2519.3
1354330 2517.0
1354340 2514.8
1354350 2514.8
1354360 2511.2
1354370 2506.1
1354380 2506.1
1354390 2502.6
1354400 2498.3
1354410 2498.3
1354420 2491.1
1354430 2486.2
1354440 2486.2
1354450 2482.5
1354460 2478.4
1354470 2478.4
1354480 2475.1
1354490 2472.9
1354500 2472.9
1354510 2470.1
1354520 2468.7
1354530 2468.7
1354540 2466.6
1354550 2464.1
1354560 2462.2
1354570 2462.2
1354580 2459.6
1354590 2455.5
1354600 2455.5
1354610 2449.1
1354620 2442.9
1354630 2442.9
1354640 2439.8
1354650 2437.2
1354660 2437.2
1354670 2431.9
1354680 2424.1
1354690 2424.1
1354700 2418.0
1354710 2411.8
1354720 2411.8
1354730 2403.8
1354740 2396.2
1354750 2390.0
1354760 2390.0
1354770 2386.4
1354780 2384.0
1354790 2384.0
1354800 2379.3
1354810 2373.2
1354820 2373.2
1354830 2366.8
1354840 2360.7
1354850 2360.7
1354860 2354.2
1354870 2347.1
1354880 2347.1
1354890 2341.1
1354900 2335.0
1354910 2335.0
1354920 2328.0
1354930 2319.7
1354940 2319.7
1354950 2310.1
1354960 2301.2
1354970 2290.7
1354980 2290.7
1354990 2281.9
1355000 2273.8
1355010 2273.8
1355020 2266.5
1355030 2260.0
1355040 2260.3
1355050 2252.9
1355060 2245.2
1355070 2245.2
1355080 2238.0
1355090 2231.0
1355100 2231.0
1355110 2223.3
1355120 2214.6
1355130 2214.6
1355140 2208.0
1355150 2202.0
1355160 2195.1
1355170 2195.1
1355180 2187.2
1355190 2180.0
1355200 2180.0
1355210 2173.4
1355220 2167.5
1355230 2167.5
1355240 2162.7
1355250 2157.6
1355260 2157.6
1355270 2152.3
1355280 2147.0
1355290 2147.0
1355300 2141.9
1355310 2136.8
1355320 2136.8
1355330 2131.7
1355340 2126.5
1355350 2126.5
1355360 2121.9
1355370 2117.7
1355380 2113.8
1355390 2113.8
1355400 2110.3
1355410 2107.4
1355420 2107.4
1355430 2104.7
1355440 2102.0
1355450 2102.0
1355460 2099.4
1355470 2097.0
1355480 2097.0
1355490 2094.9
1355500 2092.4
1355510 2092.4
1355520 2089.7
1355530 2087.7
1355540 2087.7
1355550 2085.4
1355560 2082.4
1355570 2079.5
1355580 2079.5
1355590 2076.9
1355600 2073.7
1355610 2073.7
1355620 2069.4
1355630 2067.4
1355640 2067.4
1355650 2065.1
1355660 2064.1
1355670 2064.1
1355680 2063.9
1355690 2067.7
1355700 2067.7
1355710 2073.2
1355720 2078.4
1355730 2078.4
1355740 2084.3
1355750 2089.8
1355760 2089.8
1355770 2094.5
1355780 2098.0
1355790 2101.5
1355800 2101.5
1355810 2105.7
1355820 2109.4
1355830 2109.4
1355840 2112.4
1355850 2115.8
1355860 2115.8
1355870 2119.9
1355880 2123.9
1355890 2123.9
1355900 2128.6
1355910 2132.3
1355920 2132.3
1355930 2134.8
1355940 2138.2
1355950 2138.2
1355960 2142.2
1355970 2146.1
1355980 2149.7
1355990 2149.7
1356000 2154.4
1356010 2159.3
1356020 2161.0
1356030 2166.1
1356040 2171.8
1356050 2171.8
1356060 2177.2
1356070 2183.3
1356080 2183.3
1356090 2190.3
1356100 2196.7
1356110 2196.7
1356120 2202.3
1356130 2207.7
1356140 2207.7
1356150 2213.1
1356160 2218.5
1356170 2224.0
1356180 2224.0
1356190 2229.5
1356200 2235.2
1356210 2235.2
1356220 2241.4
1356230 2248.0
1356240 2248.0
1356250 2254.7
1356260 2261.4
1356270 2261.4
1356280 2268.2
1356290 2274.7
1356300 2274.7
1356310 2281.0
1356320 2287.7
1356330 2287.7
1356340 2294.0
1356350 2300.3
1356360 2300.3
1356370 2306.8
1356380 2312.6
1356390 2318.6
1356400 2318.6
1356410 2324.7
1356420 2330.4
1356430 2330.4
1356440 2336.4
1356450 2342.0
1356460 2342.0
1356470 2347.2
1356480 2352.5
1356490 2352.5
1356500 2358.9
1356510 2364.6
1356520 2364.6
1356530 2370.0
1356540 2375.6
1356550 2375.6
1356560 2381.5
1356570 2387.6
1356580 2394.4
1356590 2394.4
1356600 2401.4
1356610 2407.6
1356620 2407.6
1356630 2414.8
1356640 2420.9
1356650 2420.9
1356660 2425.9
1356670 2432.2
1356680 2432.2
1356690 2439.8
1356700 2443.9
1356710 2443.9
1356720 2448.0
1356730 2452.4
1356740 2452.4
1356750 2456.3
1356760 2460.2
1356770 2460.2
1356780 2465.3
1356790 2471.3
1356800 2477.2
1356810 2477.2
1356820 2482.2
1356830 2486.7
1356840 2486.7
1356850 2491.5
1356860 2496.6
1356870 2496.6
1356880 2501.8
1356890 2507.1
1356900 2507.1
1356910 2512.3
1356920 2517.3
1356930 2517.3
1356940 2522.9
1356950 2528.3
1356960 2528.3
1356970 2533.3
1356980 2538.8
1356990 2544.5
1357000 2544.5
1357010 2553.5
1357020 2558.8
1357030 2558.8
1357040 2564.0
1357050 2569.4
1357060 2569.4
1357070 2575.2
1357080 2580.6
1357090 2580.6
1357100 2585.9
1357110 2590.5
1357120 2590.5
1357130 2596.0
1357140 2601.5
1357150 2601.5
1357160 2606.5
1357170 2612.0
1357180 2612.0
1357190 2617.4
1357200 2622.6
1357210 2628.1
1357220 2628.1
1357230 2633.6
1357240 2638.9
1357250 2638.9
1357260 2643.7
1357270 2648.4
1357280 2648.4
1357290 2653.4
1357300 2658.5
1357310 2658.5
1357320 2664.2
1357330 2670.3
1357340 2670.3
1357350 2676.3
1357360 2682.0
1357370 2682.0
1357380 2688.1
1357390 2694.5
1357400 2701.1
1357410 2701.1
1357420 2707.3
1357430 2713.6
1357440 2713.6
1357450 2720.8
1357460 2726.8
1357470 2726.8
1357480 2732.0
1357490 2737.7
1357500 2737.7
1357510 2743.7
1357520 2749.3
1357530 2749.3
1357540 2754.8
1357550 2760.5
1357560 2760.5
1357570 2765.9
1357580 2771.3
1357590 2771.3
1357600 2776.9
1357610 2783.3
1357620 2789.5
1357630 2789.5
1357640 2795.6
1357650 2801.8
1357660 2801.8
1357670 2807.8
1357680 2814.1
1357690 2814.1
1357700 2821.5
1357710 2828.8
1357720 2828.8
1357730 2836.2
1357740 2843.5
1357750 2843.5
1357760 2850.1
1357770 2856.4
1357780 2856.4
1357790 2862.6
1357800 2869.4
1357810 2876.6
1357820 2876.6
1357830 2883.9
1357840 2890.8
1357850 2890.8
1357860 2897.4
1357870 2905.6
1357880 2905.6
1357890 2916.8
1357900 2928.9
1357910 2928.9
1357920 2939.3
1357930 2946.9
1357940 2946.9
1357950 2955.8
1357960 2963.8
1357970 2963.8
1357980 2969.3
1357990 2975.4
1358000 2970.9
1358010 2976.6
1358020 2981.6
1358030 2986.7
1358040 2986.7
1358050 2992.2
1358060 2997.5
1358070 2997.5
1358080 3003.7
1358090 3010.6
1358100 3010.6
1358110 3022.6
1358120 3031.9
1358130 3031.9
1358140 3039.7
1358150 3046.5
1358160 3046.5
1358170 3038.8
1358180 3027.5
1358190 3027.5
1358200 3015.7
1358210 3004.6
1358220 2993.9
1358230 2993.9
1358240 2984.2
1358250 2972.5
1358260 2972.5
1358270 2962.8
1358280 2955.7
1358290 2955.7
1358300 2946.7
1358310 2939.3
1358320 2939.3
1358330 2931.9
1358340 2924.3
1358350 2924.3
1358360 2916.0
1358370 2909.9
1358380 2909.9
1358390 2903.6
1358400 2897.9
1358410 2897.9
1358420 2891.8
1358430 2885.1
1358440 2879.2
1358450 2879.2
1358460 2873.9
1358470 2870.0
1358480 2870.0
1358490 2866.2
1358500 2862.4
1358510 2862.4
1358520 2858.1
1358530 2852.5
1358540 2852.5
1358550 2844.6
1358560 2835.2
1358570 2835.2
1358580 2824.9
1358590 2814.4
1358600 2814.4
1358610 2806.2
1358620 2798.7
1358630 2791.8
1358640 2791.8
1358650 2784.7
1358660 2778.3
1358670 2778.3
1358680 2773.1
1358690 2769.0
1358700 2769.0
1358710 2765.0
1358720 2761.5
1358730 2761.5
1358740 2758.2
1358750 2753.5
1358760 2753.5
1358770 2749.3
1358780 2746.1
1358790 2746.1
1358800 2742.8
1358810 2739.8
1358820 2739.8
1358830 2737.1
1358840 2735.3
1358850 2734.2
1358860 2734.2
1358870 2733.9
1358880 2734.0
1358890 2734.0
1358900 2732.6
1358910 2733.7
1358920 2733.7
1358930 2734.7
1358940 2733.8
1358950 2733.8
1358960 2732.1
1358970 2729.4
1358980 2729.4
1358990 2726.6
1359000 2722.3
1359010 2725.7
1359020 2720.4
1359030 2715.1
1359040 2709.5
1359050 2709.5
1359060 2704.0
1359070 2698.1
1359080 2698.1
1359090 2692.3
1359100 2686.5
1359110 2686.5
1359120 2680.6
1359130 2674.1
1359140 2674.1
1359150 2667.3
1359160 2658.1
1359170 2658.1
1359180 2652.0
1359190 2645.1
1359200 2645.1
1359210 2636.6
1359220 2629.0
1359230 2621.7
1359240 2621.7
1359250 2615.7
1359260 2610.5
1359270 2610.5
1359280 2604.9
1359290 2596.2
1359300 2596.2
1359310 2586.4
1359320 2577.7
1359330 2577.7
1359340 2567.2
1359350 2558.0
1359360 2558.0
1359370 2552.0
1359380 2546.4
1359390 2546.4
1359400 2540.8
1359410 2535.8
1359420 2535.8
1359430 2531.6
1359440 2527.0
1359450 2522.3
1359460 2522.3
1359470 2517.3
1359480 2512.5
1359490 2512.5
1359500 2508.5
1359510 2506.0
1359520 2506.0
1359530 2502.9
1359540 2498.8
1359550 2498.8
1359560 2494.2
1359570 2490.1
1359580 2490.1
1359590 2486.2
1359600 2482.7
1359610 2482.7
1359620 2481.0
1359630 2480.1
1359640 2479.2
1359650 2479.2
1359660 2478.1
1359670 2477.1
1359680 2477.1
1359690 2477.0
1359700 2478.2
1359710 2478.2
1359720 2480.6
1359730 2482.6
1359740 2482.6
1359750 2484.1
1359760 2485.0
1359770 2485.0
1359780 2485.6
1359790 2485.8
1359800 2485.8
1359810 2486.6
1359820 2489.1
1359830 2489.1
1359840 2491.1
1359850 2493.4
1359860 2497.5
1359870 2497.5
1359880 2502.5
1359890 2506.7
1359900 2506.7
1359910 2509.4
1359920 2507.9
1359930 2507.9
1359940 2507.2
1359950 2509.6
1359960 2509.6
1359970 2514.5
1359980 2519.3
1359990 2519.3
