1349140 2598.2
1349150 2598.3
1349160 2598.3
1349170 2599.3
1349180 2600.5
1349190 2600.9
1349200 2600.9
1349210 2601.8
1349220 2601.9
1349230 2601.9
1349240 2602.8
1349250 2603.4
1349260 2603.4
1349270 2604.4
1349280 2606.4
1349290 2606.4
1349300 2608.3
1349310 2610.3
1349320 2610.3
1349330 2611.8
1349340 2613.3
1349350 2613.3
1349360 2614.4
1349370 2616.4
1349380 2616.4
1349390 2618.7
1349400 2621.3
1349410 2622.7
1349420 2622.7
1349430 2624.7
1349440 2626.2
1349450 2626.2
1349460 2629.2
1349470 2632.4
1349480 2632.4
1349490 2634.6
1349500 2635.0
1349510 2635.0
1349520 2633.7
1349530 2634.1
1349540 2634.1
1349550 2635.0
1349560 2635.7
1349570 2635.7
1349580 2636.4
1349590 2637.0
1349600 2638.0
1349610 2638.0
1349620 2640.6
1349630 2643.6
1349640 2643.6
1349650 2646.7
1349660 2650.7
1349670 2650.7
1349680 2655.7
1349690 2660.4
1349700 2660.4
1349710 2664.4
1349720 2668.3
1349730 2668.3
1349740 2673.1
1349750 2678.9
1349760 2678.9
1349770 2685.4
1349780 2691.8
1349790 2691.8
1349800 2698.1
1349810 2704.7
1349820 2711.5
1349830 2711.5
1349840 2718.5
1349850 2725.8
1349860 2725.8
1349870 2734.1
1349880 2743.9
1349890 2743.9
1349900 2754.2
1349910 2774.5
1349920 2774.5
1349930 2779.0
1349940 2769.9
1349950 2769.9
1349960 2758.2
1349970 2749.8
1349980 2749.8
1349990 2743.0
1350000 2736.0
1350010 2727.0
1350020 2727.0
1350030 2718.8
1350040 2709.0
1350050 2709.0
1350060 2699.2
1350070 2686.7
1350080 2686.7
1350090 2676.4
1350100 2668.1
1350110 2668.1
1350120 2660.3
1350130 2653.2
1350140 2653.2
1350150 2646.8
1350160 2640.6
1350170 2640.6
1350180 2634.8
1350190 2629.0
1350200 2629.0
1350210 2622.1
1350220 2615.0
1350230 2606.9
1350240 2606.9
1350250 2598.4
1350260 2590.6
1350270 2590.6
1350280 2582.7
1350290 2575.4
1350300 2575.4
1350310 2568.2
1350320 2561.3
1350330 2561.3
1350340 2554.6
1350350 2547.5
1350360 2547.5
1350370 2539.4
1350380 2531.8
1350390 2531.8
1350400 2523.8
1350410 2515.7
1350420 2507.1
1350430 2507.1
1350440 2498.9
1350450 2491.2
1350460 2491.2
1350470 2484.3
1350480 2477.8
1350490 2477.8
1350500 2470.8
1350510 2463.4
1350520 2463.4
1350530 2456.1
1350540 2448.7
1350550 2448.7
1350560 2440.3
1350570 2429.5
1350580 2429.5
1350590 2415.3
1350600 2403.2
1350610 2403.2
1350620 2393.3
1350630 2386.2
1350640 2380.5
1350650 2380.5
1350660 2374.3
1350670 2367.9
1350680 2367.9
1350690 2362.4
1350700 2357.9
1350710 2357.9
1350720 2351.8
1350730 2344.0
1350740 2344.0
1350750 2336.5
1350760 2330.2
1350770 2330.2
1350780 2324.0
1350790 2317.1
1350800 2317.1
1350810 2309.4
1350820 2300.9
1350830 2293.0
1350840 2293.0
1350850 2287.3
1350860 2282.7
1350870 2282.7
1350880 2277.4
1350890 2272.2
1350900 2272.2
1350910 2267.0
1350920 2262.1
1350930 2262.1
1350940 2257.7
1350950 2253.7
1350960 2253.7
1350970 2250.2
1350980 2247.0
1350990 2247.0
1351000 2244.3
1351010 2241.6
1351020 2241.6
1351030 2239.0
1351040 2236.4
1351050 2234.1
1351060 2234.1
1351070 2231.1
1351080 2227.7
1351090 2227.7
1351100 2223.1
1351110 2217.4
1351120 2217.4
1351130 2212.8
1351140 2210.3
1351150 2210.3
1351160 2208.8
1351170 2211.2
1351180 2211.2
1351190 2218.1
1351200 2224.4
1351210 2224.4
1351220 2229.8
1351230 2235.2
1351240 2240.7
1351250 2240.7
1351260 2245.3
1351270 2250.2
1351280 2250.2
1351290 2255.9
1351300 2262.3
1351310 2262.3
1351320 2271.0
1351330 2279.1
1351340 2279.1
1351350 2287.3
1351360 2294.9
1351370 2294.9
1351380 2301.2
1351390 2307.3
1351400 2307.3
1351410 2313.2
1351420 2319.7
1351430 2319.7
1351440 2325.4
1351450 2331.3
1351460 2337.1
1351470 2337.1
1351480 2343.2
1351490 2349.1
1351500 2349.1
1351510 2354.4
1351520 2360.2
1351530 2360.2
1351540 2366.8
1351550 2374.4
1351560 2374.4
1351570 2380.9
1351580 2387.4
1351590 2387.4
1351600 2393.3
1351610 2397.7
1351620 2397.7
1351630 2402.1
1351640 2407.4
1351650 2413.4
1351660 2413.4
1351670 2418.6
1351680 2423.6
1351690 2423.6
1351700 2429.5
1351710 2435.6
1351720 2435.6
1351730 2441.0
1351740 2445.7
1351750 2445.7
1351760 2451.3
1351770 2456.9
1351780 2456.9
1351790 2461.8
1351800 2466.2
1351810 2468.5
1351820 2472.9
1351830 2477.7
1351840 2477.7
1351850 2483.0
1351860 2488.0
1351870 2492.4
1351880 2492.4
1351890 2497.8
1351900 2502.1
1351910 2502.1
1351920 2506.1
1351930 2509.7
1351940 2509.7
1351950 2513.5
1351960 2517.5
1351970 2517.5
1351980 2521.5
1351990 2525.7
1352000 2525.7
1352010 2530.3
1352020 2534.7
1352030 2534.7
1352040 2539.1
1352050 2543.7
1352060 2548.6
1352070 2548.6
1352080 2552.2
1352090 2555.1
1352100 2555.1
1352110 2558.7
1352120 2561.7
1352130 2561.7
1352140 2564.9
1352150 2568.4
1352160 2568.4
1352170 2572.7
1352180 2577.5
1352190 2577.5
1352200 2581.2
1352210 2584.6
1352220 2584.6
1352230 2589.5
1352240 2593.7
1352250 2593.7
1352260 2598.7
1352270 2603.6
1352280 2609.2
1352290 2609.2
1352300 2615.7
1352310 2619.7
1352320 2619.7
1352330 2624.1
1352340 2629.1
1352350 2629.1
1352360 2633.1
1352370 2638.2
1352380 2638.2
1352390 2643.2
1352400 2647.6
1352410 2647.6
1352420 2650.8
1352430 2654.0
1352440 2654.0
1352450 2657.6
1352460 2660.9
1352470 2663.5
1352480 2663.5
1352490 2664.9
1352500 2664.6
1352510 2664.6
1352520 2665.2
1352530 2666.8
1352540 2666.8
1352550 2668.7
1352560 2670.0
1352570 2670.0
1352580 2672.0
1352590 2674.8
1352600 2674.8
1352610 2678.8
1352620 2683.1
1352630 2683.1
1352640 2686.9
1352650 2690.9
1352660 2690.9
1352670 2693.9
1352680 2697.1
1352690 2699.8
1352700 2699.8
1352710 2702.0
1352720 2704.7
1352730 2704.7
1352740 2707.7
1352750 2710.7
1352760 2710.7
1352770 2707.6
1352780 2713.5
1352790 2713.5
1352800 2720.2
1352810 2725.5
1352820 2725.5
1352830 2727.6
1352840 2729.7
1352850 2729.7
1352860 2732.0
1352870 2735.0
1352880 2738.5
1352890 2738.5
1352900 2741.3
1352910 2743.6
1352920 2743.6
1352930 2748.2
1352940 2753.0
1352950 2753.0
1352960 2756.4
1352970 2758.1
1352980 2758.1
1352990 2759.3
1353000 2761.4
1353010 2761.4
1353020 2764.3
1353030 2767.4
1353040 2767.4
1353050 2770.7
1353060 2773.7
1353070 2773.7
1353080 2777.1
1353090 2780.1
1353100 2782.4
1353110 2782.4
1353120 2784.4
1353130 2786.2
1353140 2786.2
1353150 2788.3
1353160 2790.7
1353170 2790.7
1353180 2792.1
1353190 2793.7
1353200 2793.7
1353210 2795.8
1353220 2798.0
1353230 2798.0
1353240 2801.4
1353250 2806.2
1353260 2806.2
1353270 2810.3
1353280 2813.8
1353290 2818.0
1353300 2818.0
1353310 2823.3
1353320 2827.1
1353330 2827.1
1353340 2829.7
1353350 2832.3
1353360 2832.3
1353370 2833.7
1353380 2834.2
1353390 2834.2
1353400 2833.8
1353410 2833.3
1353420 2833.3
1353430 2832.9
1353440 2833.2
1353450 2833.2
1353460 2833.5
1353470 2835.1
1353480 2835.1
1353490 2837.1
1353500 2839.5
1353510 2841.0
1353520 2841.0
1353530 2843.9
1353540 2849.9
1353550 2849.9
1353560 2856.8
1353570 2863.1
1353580 2863.1
1353590 2867.5
1353600 2869.0
1353610 2869.0
1353620 2870.0
1353630 2872.1
1353640 2872.1
1353650 2874.0
1353660 2876.4
1353670 2876.4
1353680 2878.1
1353690 2873.0
1353700 2857.2
1353710 2857.2
1353720 2845.7
1353730 2824.1
1353740 2824.1
1353750 2811.3
1353760 2802.6
1353770 2802.6
1353780 2796.5
1353790 2790.9
1353800 2790.9
1353810 2785.2
1353820 2779.8
1353830 2779.8
1353840 2774.4
1353850 2768.5
1353860 2768.5
1353870 2762.6
1353880 2757.1
1353890 2757.1
1353900 2752.4
1353910 2748.5
1353920 2745.0
1353930 2745.0
1353940 2742.8
1353950 2742.3
1353960 2742.3
1353970 2741.8
1353980 2741.4
1353990 2741.4
1354000 2740.5
1354010 2738.0
1354020 2738.0
1354030 2735.0
1354040 2730.7
1354050 2730.7
1354060 2725.4
1354070 2720.4
1354080 2720.4
1354090 2716.2
1354100 2712.5
1354110 2710.3
1354120 2710.3
1354130 2707.6
1354140 2705.6
1354150 2705.6
1354160 2704.1
1354170 2703.6
1354180 2703.6
1354190 2703.0
1354200 2703.4
1354210 2703.4
1354220 2703.2
1354230 2702.3
1354240 2702.3
1354250 2701.7
1354260 2701.0
1354270 2701.0
1354280 2700.4
1354290 2699.9
1354300 2699.9
1354310 2699.0
1354320 2697.4
1354330 2694.2
1354340 2694.2
1354350 2691.1
1354360 2688.6
1354370 2688.6
1354380 2685.5
1354390 2682.3
1354400 2682.3
1354410 2677.0
1354420 2671.0
1354430 2671.0
1354440 2665.6
1354450 2659.4
1354460 2659.4
1354470 2651.2
1354480 2643.0
1354490 2643.0
1354500 2635.7
1354510 2628.4
1354520 2619.8
1354530 2619.8
1354540 2611.3
1354550 2603.7
1354560 2603.7
1354570 2594.9
1354580 2586.4
1354590 2586.4
1354600 2578.9
1354610 2571.2
1354620 2571.2
1354630 2563.4
1354640 2557.2
1354650 2557.2
1354660 2550.8
1354670 2541.5
1354680 2541.5
1354690 2532.3
1354700 2522.5
1354710 2522.5
1354720 2520.2
1354730 2517.0
1354740 2512.1
1354750 2512.1
1354760 2508.2
1354770 2501.3
1354780 2501.3
1354790 2494.0
1354800 2489.3
1354810 2489.3
1354820 2481.6
1354830 2473.7
1354840 2473.7
1354850 2469.1
1354860 2465.6
1354870 2465.6
1354880 2458.5
1354890 2441.0
1354900 2441.0
1354910 2428.8
1354920 2419.4
1354930 2411.1
1354940 2411.1
1354950 2403.9
1354960 2397.3
1354970 2397.3
1354980 2392.0
1354990 2386.1
1355000 2386.1
1355010 2379.1
1355020 2370.9
1355030 2370.9
1355040 2355.7
1355050 2338.6
1355060 2338.6
1355070 2333.8
1355080 2330.6
1355090 2330.6
1355100 2325.1
1355110 2319.3
1355120 2319.3
1355130 2311.4
1355140 2299.0
1355150 2286.8
1355160 2286.8
1355170 2281.8
1355180 2277.4
1355190 2277.4
1355200 2268.4
1355210 2259.1
1355220 2259.1
1355230 2251.5
1355240 2244.1
1355250 2244.1
1355260 2236.6
1355270 2229.6
1355280 2229.6
1355290 2222.3
1355300 2214.5
1355310 2214.5
1355320 2206.5
1355330 2199.0
1355340 2191.6
1355350 2191.6
1355360 2184.1
1355370 2176.4
1355380 2176.4
1355390 2168.6
1355400 2161.2
1355410 2161.2
1355420 2154.1
1355430 2147.9
1355440 2147.9
1355450 2142.4
1355460 2137.3
1355470 2137.3
1355480 2132.7
1355490 2128.5
1355500 2128.5
1355510 2124.1
1355520 2119.8
1355530 2119.8
1355540 2116.0
1355550 2112.6
1355560 2109.4
1355570 2109.4
1355580 2106.4
1355590 2103.4
1355600 2103.4
1355610 2100.8
1355620 2098.4
1355630 2098.4
1355640 2096.3
1355650 2092.6
1355660 2092.6
1355670 2088.4
1355680 2087.4
1355690 2087.4
1355700 2087.2
1355710 2087.5
1355720 2087.5
1355730 2087.8
1355740 2087.6
1355750 2087.8
1355760 2087.8
1355770 2090.7
1355780 2095.8
1355790 2095.8
1355800 2098.6
1355810 2101.5
1355820 2101.5
1355830 2104.9
1355840 2107.8
1355850 2107.8
1355860 2110.4
1355870 2113.5
1355880 2113.5
1355890 2117.1
1355900 2122.3
1355910 2122.3
1355920 2128.2
1355930 2134.9
1355940 2142.3
1355950 2142.3
1355960 2149.1
1355970 2155.1
1355980 2155.1
1355990 2160.8
1356000 2167.1
1356010 2167.1
1356020 2173.3
1356030 2179.0
1356040 2179.0
1356050 2185.1
1356060 2191.3
1356070 2191.3
1356080 2197.3
1356090 2203.3
1356100 2203.3
1356110 2209.5
1356120 2215.7
1356130 2215.7
1356140 2222.8
1356150 2230.3
1356160 2238.6
1356170 2238.6
1356180 2246.9
1356190 2254.2
1356200 2254.2
1356210 2261.4
1356220 2269.3
1356230 2269.3
1356240 2276.6
1356250 2282.8
1356260 2282.8
1356270 2288.6
1356280 2294.2
1356290 2294.2
1356300 2299.9
1356310 2306.0
1356320 2306.0
1356330 2312.3
1356340 2318.5
1356350 2325.7
1356360 2325.7
1356370 2333.8
1356380 2340.7
1356390 2340.7
1356400 2346.5
1356410 2352.8
1356420 2352.8
1356430 2358.1
1356440 2362.7
1356450 2362.7
1356460 2368.3
1356470 2376.6
1356480 2376.6
1356490 2386.2
1356500 2394.3
1356510 2394.3
1356520 2400.4
1356530 2406.1
1356540 2406.1
1356550 2411.5
1356560 2417.9
1356570 2423.4
1356580 2423.4
1356590 2427.3
1356600 2430.3
1356610 2430.3
1356620 2433.9
1356630 2439.1
1356640 2439.1
1356650 2447.0
1356660 2456.6
1356670 2455.1
1356680 2464.0
1356690 2471.0
1356700 2471.0
1356710 2476.1
1356720 2480.9
1356730 2480.9
1356740 2485.6
1356750 2490.0
1356760 2494.1
1356770 2494.1
1356780 2498.5
1356790 2504.4
1356800 2504.4
1356810 2511.2
1356820 2519.2
1356830 2519.2
1356840 2525.7
1356850 2529.9
1356860 2529.9
1356870 2533.2
1356880 2536.8
1356890 2536.8
1356900 2540.6
1356910 2544.7
1356920 2544.7
1356930 2549.5
1356940 2554.6
1356950 2554.6
1356960 2558.6
1356970 2563.0
1356980 2570.0
1356990 2570.0
1357000 2577.3
1357010 2581.3
1357020 2581.3
1357030 2585.9
1357040 2595.0
1357050 2595.0
1357060 2602.2
1357070 2606.5
1357080 2606.5
1357090 2609.6
1357100 2612.9
1357110 2612.9
1357120 2614.1
1357130 2616.2
1357140 2616.2
1357150 2618.3
1357160 2620.5
1357170 2621.9
1357180 2621.9
1357190 2622.6
1357200 2623.1
1357210 2623.1
1357220 2624.0
1357230 2624.7
1357240 2624.7
1357250 2626.1
1357260 2627.5
1357270 2627.5
1357280 2629.5
1357290 2631.9
1357300 2631.9
1357310 2635.4
1357320 2640.1
1357330 2640.1
1357340 2643.5
1357350 2646.2
1357360 2646.2
1357370 2649.8
1357380 2654.5
1357390 2660.8
1357400 2660.8
1357410 2667.7
1357420 2672.3
1357430 2672.3
1357440 2676.9
1357450 2681.3
1357460 2681.3
1357470 2684.8
1357480 2687.8
1357490 2687.8
1357500 2690.5
1357510 2693.6
1357520 2693.6
1357530 2696.8
1357540 2699.8
1357550 2699.8
1357560 2703.1
1357570 2707.3
1357580 2711.9
1357590 2711.9
1357600 2716.3
1357610 2720.1
1357620 2720.1
1357630 2723.7
1357640 2728.7
1357650 2728.7
1357660 2732.8
1357670 2737.1
1357680 2737.1
1357690 2741.6
1357700 2746.2
1357710 2746.2
1357720 2750.3
1357730 2754.3
1357740 2754.3
1357750 2758.6
1357760 2763.3
1357770 2763.3
1357780 2769.1
1357790 2776.3
1357800 2783.7
1357810 2783.7
1357820 2790.1
1357830 2796.4
1357840 2796.4
1357850 2802.4
1357860 2808.0
1357870 2808.0
1357880 2813.3
1357890 2818.2
1357900 2818.2
1357910 2823.3
1357920 2828.4
1357930 2828.4
1357940 2833.9
1357950 2840.1
1357960 2840.1
1357970 2846.7
1357980 2853.0
1357990 2859.6
1358000 2859.6
1358010 2867.9
1358020 2876.9
1358030 2876.9
1358040 2885.0
1358050 2892.0
1358060 2892.0
1358070 2897.7
1358080 2903.6
1358090 2903.6
1358100 2907.4
1358110 2905.9
1358120 2905.9
1358130 2901.0
1358140 2895.0
1358150 2895.0
1358160 2888.4
1358170 2879.3
1358180 2879.3
1358190 2866.4
1358200 2856.9
1358210 2851.3
1358220 2851.3
1358230 2846.1
1358240 2840.9
1358250 2840.9
1358260 2835.8
1358270 2830.7
1358280 2830.7
1358290 2825.7
1358300 2820.3
1358310 2820.3
1358320 2815.2
1358330 2810.0
1358340 2810.0
1358350 2804.9
1358360 2800.3
1358370 2800.3
1358380 2795.2
1358390 2789.9
1358400 2784.0
1358410 2784.0
1358420 2778.7
1358430 2774.4
1358440 2774.4
1358450 2770.3
1358460 2766.5
1358470 2766.5
1358480 2763.1
1358490 2759.9
1358500 2759.9
1358510 2756.7
1358520 2753.4
1358530 2753.4
1358540 2750.2
1358550 2747.5
1358560 2747.5
1358570 2745.9
1358580 2745.5
1358590 2745.5
1358600 2744.8
1358610 2744.5
1358620 2744.0
1358630 2744.0
1358640 2743.6
1358650 2743.7
1358660 2743.7
1358670 2738.9
1358680 2739.4
1358690 2739.4
1358700 2740.4
1358710 2741.3
1358720 2741.3
1358730 2742.4
1358740 2743.8
1358750 2743.8
1358760 2744.0
1358770 2744.4
1358780 2744.4
1358790 2745.4
1358800 2743.0
1358810 2745.6
1358820 2745.6
1358830 2748.3
1358840 2750.1
1358850 2750.1
1358860 2749.4
1358870 2748.7
1358880 2748.7
1358890 2747.2
1358900 2747.5
1358910 2747.5
1358920 2744.9
1358930 2736.8
1358940 2736.8
1358950 2724.4
1358960 2712.2
1358970 2712.2
1358980 2699.3
1358990 2688.5
1359000 2688.5
1359010 2679.9
1359020 2672.3
1359030 2665.3
1359040 2665.3
1359050 2658.3
1359060 2652.2
1359070 2652.2
1359080 2646.3
1359090 2640.6
1359100 2640.6
1359110 2635.0
1359120 2629.1
1359130 2629.1
1359140 2623.0
1359150 2617.0
1359160 2617.0
1359170 2610.7
1359180 2601.0
1359190 2601.0
1359200 2590.1
1359210 2581.1
1359220 2573.3
1359230 2573.3
1359240 2566.3
1359250 2559.8
1359260 2559.8
1359270 2553.5
1359280 2548.2
1359290 2548.2
1359300 2544.2
1359310 2541.3
1359320 2541.3
1359330 2538.5
1359340 2535.6
1359350 2535.6
1359360 2532.3
1359370 2530.4
1359380 2530.4
1359390 2533.7
1359400 2537.6
1359410 2537.6
1359420 2539.7
1359430 2542.5
1359440 2545.9
1359450 2545.9
1359460 2549.5
1359470 2552.7
1359480 2552.7
1359490 2556.0
1359500 2560.6
1359510 2560.6
1359520 2564.9
1359530 2569.1
1359540 2569.1
1359550 2574.2
1359560 2579.9
1359570 2579.9
1359580 2584.0
1359590 2586.8
1359600 2586.8
1359610 2589.4
1359620 2592.3
1359630 2596.1
1359640 2596.1
1359650 2599.7
1359660 2603.4
1359670 2603.4
1359680 2605.0
1359690 2609.7
1359700 2609.7
1359710 2614.1
1359720 2618.2
1359730 2618.2
1359740 2621.9
1359750 2626.0
1359760 2626.0
1359770 2630.1
1359780 2633.8
1359790 2633.8
1359800 2638.0
1359810 2642.4
1359820 2642.4
1359830 2646.3
1359840 2650.8
1359850 2655.9
1359860 2655.9
1359870 2660.4
1359880 2664.9
1359890 2664.9
1359900 2669.1
1359910 2673.5
1359920 2673.5
1359930 2676.9
1359940 2679.1
1359950 2679.1
1359960 2681.4
1359970 2683.4
1359980 2683.4
1359990 2684.7
