1348640 2639.6
1348650 2643.4
1348660 2643.4
1348670 2648.0
1348680 2652.7
1348690 2652.7
1348700 2657.4
1348710 2662.3
1348720 2662.3
1348730 2667.4
1348740 2672.6
1348750 2672.6
1348760 2677.5
1348770 2682.7
1348780 2682.7
1348790 2688.1
1348800 2693.5
1348810 2693.5
1348820 2698.8
1348830 2704.3
1348840 2704.3
1348850 2710.1
1348860 2715.4
1348870 2720.9
1348880 2720.9
1348890 2726.4
1348900 2731.8
1348910 2731.8
1348920 2737.2
1348930 2742.8
1348940 2742.8
1348950 2749.9
1348960 2761.6
1348970 2761.6
1348980 2774.7
1348990 2786.4
1349000 2786.4
1349010 2797.5
1349020 2808.7
1349030 2808.7
1349040 2818.1
1349050 2824.5
1349060 2824.5
1349070 2834.3
1349080 2841.7
1349090 2844.1
1349100 2844.1
1349110 2838.5
1349120 2844.5
1349130 2844.5
1349140 2850.2
1349150 2857.7
1349160 2857.7
1349170 2867.6
1349180 2877.5
1349190 2877.5
1349200 2887.5
1349210 2898.3
1349220 2898.3
1349230 2908.2
1349240 2919.4
1349250 2919.4
1349260 2937.6
1349270 2952.5
1349280 2942.3
1349290 2942.3
1349300 2926.1
1349310 2916.5
1349320 2916.5
1349330 2915.2
1349340 2918.6
1349350 2918.6
1349360 2921.5
1349370 2924.3
1349380 2924.3
1349390 2928.9
1349400 2932.5
1349410 2932.5
1349420 2933.9
1349430 2937.3
1349440 2937.3
1349450 2942.1
1349460 2946.4
1349470 2946.4
1349480 2952.3
1349490 2946.2
1349500 2933.7
1349510 2933.7
1349520 2916.1
1349530 2904.6
1349540 2904.6
1349550 2899.5
1349560 2895.8
1349570 2895.8
1349580 2886.9
1349590 2873.9
1349600 2873.9
1349610 2864.6
1349620 2857.7
1349630 2857.7
1349640 2848.5
1349650 2840.3
1349660 2840.3
1349670 2833.7
1349680 2828.0
1349690 2822.5
1349700 2822.5
1349710 2816.3
1349720 2809.9
1349730 2809.9
1349740 2804.0
1349750 2798.2
1349760 2798.2
1349770 2792.4
1349780 2786.6
1349790 2786.6
1349800 2781.2
1349810 2776.2
1349820 2776.2
1349830 2770.5
1349840 2764.6
1349850 2764.6
1349860 2758.8
1349870 2753.2
1349880 2753.2
1349890 2747.8
1349900 2742.8
1349910 2737.8
1349920 2737.8
1349930 2732.4
1349940 2727.2
1349950 2727.2
1349960 2722.2
1349970 2717.2
1349980 2717.2
1349990 2712.0
1350000 2707.2
1350010 2707.2
1350020 2702.4
1350030 2698.3
1350040 2698.3
1350050 2693.0
1350060 2690.3
1350070 2690.3
1350080 2687.4
1350090 2684.4
1350100 2679.9
1350110 2679.9
1350120 2675.4
1350130 2671.0
1350140 2671.0
1350150 2667.4
1350160 2665.1
1350170 2665.1
1350180 2663.3
1350190 2660.9
1350200 2660.9
1350210 2656.6
1350220 2652.0
1350230 2652.0
1350240 2646.0
1350250 2637.2
1350260 2637.2
1350270 2629.2
1350280 2620.7
1350290 2620.7
1350300 2612.4
1350310 2602.1
1350320 2590.7
1350330 2590.7
1350340 2579.8
1350350 2569.4
1350360 2569.4
1350370 2559.8
1350380 2551.4
1350390 2551.4
1350400 2543.6
1350410 2536.2
1350420 2536.2
1350430 2530.7
1350440 2525.8
1350450 2525.8
1350460 2521.3
1350470 2517.3
1350480 2517.3
1350490 2513.6
1350500 2510.2
1350510 2506.4
1350520 2506.4
1350530 2502.9
1350540 2499.7
1350550 2499.7
1350560 2497.1
1350570 2495.1
1350580 2495.1
1350590 2493.5
1350600 2491.6
1350610 2491.6
1350620 2489.5
1350630 2486.6
1350640 2486.6
1350650 2483.3
1350660 2480.4
1350670 2480.4
1350680 2477.3
1350690 2473.9
1350700 2473.9
1350710 2467.9
1350720 2462.5
1350730 2459.2
1350740 2459.2
1350750 2459.8
1350760 2459.4
1350770 2459.4
1350780 2456.3
1350790 2453.5
1350800 2453.5
1350810 2449.6
1350820 2443.8
1350830 2443.8
1350840 2437.0
1350850 2430.1
1350860 2430.1
1350870 2423.5
1350880 2417.5
1350890 2417.5
1350900 2413.1
1350910 2410.9
1350920 2406.5
1350930 2406.5
1350940 2400.1
1350950 2394.0
1350960 2394.0
1350970 2386.4
1350980 2378.2
1350990 2375.4
1351000 2367.2
1351010 2360.9
1351020 2360.9
1351030 2357.3
1351040 2355.7
1351050 2355.7
1351060 2349.8
1351070 2342.1
1351080 2342.1
1351090 2334.3
1351100 2326.0
1351110 2326.0
1351120 2317.5
1351130 2310.1
1351140 2304.4
1351150 2304.4
1351160 2302.2
1351170 2302.8
1351180 2302.8
1351190 2300.0
1351200 2294.5
1351210 2294.5
1351220 2289.0
1351230 2284.7
1351240 2284.7
1351250 2278.7
1351260 2272.8
1351270 2272.8
1351280 2268.5
1351290 2265.8
1351300 2265.8
1351310 2263.1
1351320 2261.3
1351330 2259.5
1351340 2259.5
1351350 2256.9
1351360 2254.1
1351370 2254.1
1351380 2251.2
1351390 2250.0
1351400 2250.0
1351410 2250.4
1351420 2250.7
1351430 2250.7
1351440 2250.5
1351450 2251.5
1351460 2251.5
1351470 2255.7
1351480 2260.1
1351490 2260.1
1351500 2264.9
1351510 2270.4
1351520 2270.4
1351530 2276.0
1351540 2281.4
1351550 2286.7
1351560 2286.7
1351570 2293.1
1351580 2300.3
1351590 2300.3
1351600 2305.9
1351610 2311.4
1351620 2311.4
1351630 2317.4
1351640 2324.8
1351650 2324.8
1351660 2331.4
1351670 2336.7
1351680 2336.7
1351690 2341.8
1351700 2346.9
1351710 2346.9
1351720 2352.3
1351730 2358.0
1351740 2363.3
1351750 2363.3
1351760 2369.3
1351770 2375.1
1351780 2375.1
1351790 2380.4
1351800 2385.8
1351810 2385.8
1351820 2390.6
1351830 2395.9
1351840 2395.9
1351850 2401.9
1351860 2407.9
1351870 2407.9
1351880 2413.7
1351890 2419.8
1351900 2419.8
1351910 2425.8
1351920 2431.8
1351930 2431.8
1351940 2438.9
1351950 2445.9
1351960 2452.8
1351970 2452.8
1351980 2459.5
1351990 2466.5
1352000 2466.5
1352010 2473.0
1352020 2478.5
1352030 2478.5
1352040 2483.7
1352050 2489.5
1352060 2489.5
1352070 2496.3
1352080 2501.8
1352090 2501.8
1352100 2507.4
1352110 2513.4
1352120 2513.4
1352130 2518.6
1352140 2522.3
1352150 2524.6
1352160 2524.6
1352170 2528.5
1352180 2533.6
1352190 2533.6
1352200 2539.5
1352210 2545.0
1352220 2545.0
1352230 2550.4
1352240 2556.2
1352250 2556.2
1352260 2561.9
1352270 2567.2
1352280 2567.2
1352290 2572.1
1352300 2577.0
1352310 2577.0
1352320 2582.2
1352330 2587.4
1352340 2587.4
1352350 2592.9
1352360 2598.3
1352370 2603.1
1352380 2603.1
1352390 2607.9
1352400 2613.1
1352410 2613.1
1352420 2618.1
1352430 2622.5
1352440 2622.5
1352450 2627.2
1352460 2631.7
1352470 2631.7
1352480 2636.3
1352490 2640.5
1352500 2640.5
1352510 2645.2
1352520 2648.6
1352530 2648.6
1352540 2652.8
1352550 2657.3
1352560 2661.9
1352570 2661.9
1352580 2666.8
1352590 2671.2
1352600 2671.2
1352610 2674.3
1352620 2676.9
1352630 2676.9
1352640 2679.1
1352650 2679.4
1352660 2679.4
1352670 2681.2
1352680 2686.1
1352690 2686.1
1352700 2690.5
1352710 2693.3
1352720 2693.3
1352730 2695.9
1352740 2700.2
1352750 2700.2
1352760 2705.5
1352770 2711.4
1352780 2715.1
1352790 2715.1
1352800 2717.0
1352810 2719.8
1352820 2719.8
1352830 2722.9
1352840 2725.5
1352850 2725.5
1352860 2727.8
1352870 2730.9
1352880 2730.9
1352890 2734.8
1352900 2742.3
1352910 2742.3
1352920 2745.6
1352930 2748.2
1352940 2748.2
1352950 2750.6
1352960 2752.7
1352970 2754.7
1352980 2754.7
1352990 2756.5
1353000 2758.7
1353010 2758.7
1353020 2760.7
1353030 2763.3
1353040 2763.3
1353050 2766.6
1353060 2770.8
1353070 2770.8
1353080 2776.5
1353090 2782.7
1353100 2782.7
1353110 2787.9
1353120 2792.1
1353130 2792.1
1353140 2796.0
1353150 2799.9
1353160 2799.9
1353170 2804.4
1353180 2808.4
1353190 2811.9
1353200 2811.9
1353210 2816.8
1353220 2821.6
1353230 2821.6
1353240 2825.0
1353250 2828.9
1353260 2828.9
1353270 2833.9
1353280 2838.6
1353290 2838.6
1353300 2841.9
1353310 2845.9
1353320 2845.9
1353330 2850.7
1353340 2854.8
1353350 2854.8
1353360 2858.1
1353370 2861.1
1353380 2865.2
1353390 2865.2
1353400 2870.1
1353410 2875.1
1353420 2875.1
1353430 2879.4
1353440 2884.0
1353450 2884.0
1353460 2887.9
1353470 2892.0
1353480 2892.0
1353490 2896.4
1353500 2900.2
1353510 2900.2
1353520 2903.2
1353530 2905.9
1353540 2905.9
1353550 2909.1
1353560 2912.3
1353570 2912.3
1353580 2915.7
1353590 2919.9
1353600 2925.8
1353610 2925.8
1353620 2931.8
1353630 2937.4
1353640 2937.4
1353650 2942.9
1353660 2949.4
1353670 2949.4
1353680 2955.9
1353690 2962.6
1353700 2962.6
1353710 2973.2
1353720 2987.7
1353730 2987.7
1353740 2999.5
1353750 3010.1
1353760 3010.1
1353770 3023.4
1353780 3036.7
1353790 3036.7
1353800 3036.7
1353810 3025.0
1353820 3014.1
1353830 3014.1
1353840 3004.5
1353850 2983.1
1353860 2983.1
1353870 2959.7
1353880 2936.1
1353890 2936.1
1353900 2930.2
1353910 2924.4
1353920 2924.4
1353930 2918.5
1353940 2911.8
1353950 2911.8
1353960 2905.6
1353970 2899.5
1353980 2899.5
1353990 2893.5
1354000 2888.3
1354010 2883.8
1354020 2883.8
1354030 2880.8
1354040 2879.8
1354050 2879.8
1354060 2877.1
1354070 2873.5
1354080 2873.5
1354090 2869.5
1354100 2865.1
1354110 2865.1
1354120 2862.3
1354130 2863.5
1354140 2863.5
1354150 2863.6
1354160 2859.5
1354170 2859.5
1354180 2849.9
1354190 2840.0
1354200 2840.0
1354210 2835.3
1354220 2831.5
1354230 2826.9
1354240 2826.9
1354250 2822.2
1354260 2817.7
1354270 2817.7
1354280 2813.9
1354290 2810.4
1354300 2810.4
1354310 2806.8
1354320 2803.2
1354330 2803.2
1354340 2799.1
1354350 2793.8
1354360 2793.8
1354370 2786.9
1354380 2781.0
1354390 2781.0
1354400 2777.0
1354410 2772.9
1354420 2769.6
1354430 2769.6
1354440 2766.0
1354450 2762.6
1354460 2762.6
1354470 2759.4
1354480 2756.1
1354490 2756.1
1354500 2751.7
1354510 2744.4
1354520 2744.4
1354530 2736.9
1354540 2731.5
1354550 2731.5
1354560 2725.8
1354570 2718.5
1354580 2718.5
1354590 2711.5
1354600 2705.1
1354610 2705.1
1354620 2699.4
1354630 2695.9
1354640 2692.5
1354650 2692.5
1354660 2687.8
1354670 2684.5
1354680 2684.5
1354690 2682.3
1354700 2679.9
1354710 2679.9
1354720 2676.3
1354730 2671.5
1354740 2671.5
1354750 2666.5
1354760 2660.7
1354770 2660.7
1354780 2657.5
1354790 2653.8
1354800 2653.8
1354810 2646.4
1354820 2639.9
1354830 2635.7
1354840 2632.6
1354850 2630.1
1354860 2626.0
1354870 2626.0
1354880 2620.3
1354890 2615.4
1354900 2615.4
1354910 2610.6
1354920 2605.2
1354930 2605.2
1354940 2599.8
1354950 2593.3
1354960 2593.3
1354970 2585.7
1354980 2578.2
1354990 2578.2
1355000 2571.4
1355010 2563.3
1355020 2563.3
1355030 2551.3
1355040 2522.4
1355050 2491.5
1355060 2491.5
1355070 2459.9
1355080 2443.0
1355090 2443.0
1355100 2437.9
1355110 2427.6
1355120 2427.6
1355130 2410.6
1355140 2401.1
1355150 2401.1
1355160 2392.8
1355170 2385.5
1355180 2385.5
1355190 2378.4
1355200 2371.3
1355210 2371.3
1355220 2364.1
1355230 2357.1
1355240 2347.6
1355250 2347.6
1355260 2337.2
1355270 2331.7
1355280 2331.7
1355290 2320.8
1355300 2306.4
1355310 2306.4
1355320 2293.4
1355330 2284.3
1355340 2284.3
1355350 2278.5
1355360 2272.6
1355370 2272.6
1355380 2266.3
1355390 2259.7
1355400 2259.7
1355410 2254.4
1355420 2248.3
1355430 2248.3
1355440 2239.8
1355450 2231.7
1355460 2227.6
1355470 2227.6
1355480 2222.7
1355490 2217.0
1355500 2217.0
1355510 2211.0
1355520 2205.1
1355530 2205.1
1355540 2199.3
1355550 2193.8
1355560 2193.8
1355570 2189.0
1355580 2184.9
1355590 2184.9
1355600 2181.5
1355610 2178.3
1355620 2178.3
1355630 2175.1
1355640 2171.9
1355650 2168.8
1355660 2168.8
1355670 2166.0
1355680 2163.3
1355690 2163.3
1355700 2160.7
1355710 2158.4
1355720 2158.4
1355730 2157.0
1355740 2155.4
1355750 2155.4
1355760 2153.8
1355770 2152.0
1355780 2152.0
1355790 2150.6
1355800 2149.6
1355810 2149.6
1355820 2146.8
1355830 2145.9
1355840 2145.9
1355850 2144.4
1355860 2142.7
1355870 2141.7
1355880 2141.7
1355890 2137.0
1355900 2132.1
1355910 2132.1
1355920 2131.3
1355930 2135.3
1355940 2135.3
1355950 2141.6
1355960 2149.1
1355970 2149.1
1355980 2155.2
1355990 2160.8
1356000 2160.8
1356010 2167.1
1356020 2175.4
1356030 2175.4
1356040 2187.0
1356050 2202.4
1356060 2218.4
1356070 2218.4
1356080 2231.7
1356090 2242.3
1356100 2242.3
1356110 2250.6
1356120 2257.9
1356130 2257.9
1356140 2264.8
1356150 2271.3
1356160 2271.3
1356170 2278.4
1356180 2285.7
1356190 2285.7
1356200 2293.6
1356210 2302.1
1356220 2302.1
1356230 2309.5
1356240 2313.9
1356250 2313.9
1356260 2318.5
1356270 2325.3
1356280 2337.8
1356290 2337.8
1356300 2353.8
1356310 2369.4
1356320 2369.4
1356330 2381.8
1356340 2394.8
1356350 2394.8
1356360 2403.1
1356370 2409.6
1356380 2409.6
1356390 2414.3
1356400 2419.7
1356410 2419.7
1356420 2426.2
1356430 2433.2
1356440 2433.2
1356450 2440.4
1356460 2448.0
1356470 2455.7
1356480 2455.7
1356490 2463.8
1356500 2471.7
1356510 2471.7
1356520 2479.2
1356530 2486.0
1356540 2486.0
1356550 2492.1
1356560 2498.8
1356570 2498.8
1356580 2505.1
1356590 2511.2
1356600 2511.2
1356610 2517.3
1356620 2522.9
1356630 2522.9
1356640 2529.1
1356650 2536.3
1356660 2536.3
1356670 2543.4
1356680 2550.4
1356690 2558.2
1356700 2558.2
1356710 2567.8
1356720 2576.7
1356730 2576.7
1356740 2586.4
1356750 2594.1
1356760 2594.1
1356770 2601.5
1356780 2609.1
1356790 2609.1
1356800 2616.3
1356810 2621.1
1356820 2621.1
1356830 2627.3
1356840 2633.7
1356850 2633.7
1356860 2640.6
1356870 2648.0
1356880 2655.7
1356890 2655.7
1356900 2663.7
1356910 2672.3
1356920 2672.3
1356930 2677.8
1356940 2683.9
1356950 2683.9
1356960 2690.7
1356970 2698.1
1356980 2698.1
1356990 2703.9
1357000 2708.7
1357010 2708.7
1357020 2712.4
1357030 2716.1
1357040 2716.1
1357050 2720.1
1357060 2724.7
1357070 2724.7
1357080 2728.9
1357090 2733.1
1357100 2738.7
1357110 2738.7
1357120 2742.8
1357130 2746.1
1357140 2746.1
1357150 2749.6
1357160 2753.4
1357170 2753.4
1357180 2756.1
1357190 2758.9
1357200 2758.9
1357210 2760.8
1357220 2763.0
1357230 2763.0
1357240 2765.5
1357250 2768.6
1357260 2768.6
1357270 2772.1
1357280 2775.7
1357290 2779.5
1357300 2779.5
1357310 2783.1
1357320 2786.6
1357330 2786.6
1357340 2789.7
1357350 2792.8
1357360 2792.8
1357370 2796.3
1357380 2799.8
1357390 2799.8
1357400 2803.1
1357410 2806.7
1357420 2806.7
1357430 2810.5
1357440 2814.3
1357450 2814.3
1357460 2818.5
1357470 2823.0
1357480 2823.0
1357490 2827.8
1357500 2832.3
1357510 2836.5
1357520 2836.5
1357530 2841.3
1357540 2845.9
1357550 2845.9
1357560 2850.3
1357570 2855.1
1357580 2855.1
1357590 2859.6
1357600 2866.8
1357610 2866.8
1357620 2873.8
1357630 2878.9
1357640 2878.9
1357650 2885.5
1357660 2892.4
1357670 2892.4
1357680 2898.6
1357690 2905.5
1357700 2912.3
1357710 2912.3
1357720 2918.8
1357730 2925.0
1357740 2925.0
1357750 2930.6
1357760 2935.4
1357770 2935.4
1357780 2941.4
1357790 2948.7
1357800 2948.7
1357810 2960.6
1357820 2969.4
1357830 2969.4
1357840 2979.5
1357850 2986.9
1357860 2986.9
1357870 2997.3
1357880 3009.2
1357890 3009.2
1357900 3015.8
1357910 3019.6
1357920 3024.5
1357930 3024.5
1357940 3028.8
1357950 3033.2
1357960 3033.2
1357970 3038.9
1357980 3046.2
1357990 3046.2
1358000 3054.1
1358010 3063.5
1358020 3063.5
1358030 3072.5
1358040 3078.4
1358050 3078.4
1358060 3079.9
1358070 3073.3
1358080 3073.3
1358090 3060.1
1358100 3048.8
1358110 3042.6
1358120 3042.6
1358130 3034.0
1358140 3028.1
1358150 3028.1
1358160 3026.6
1358170 3023.5
1358180 3023.5
1358190 3017.2
1358200 3011.1
1358210 3011.1
1358220 3002.3
1358230 2993.4
1358240 2993.4
1358250 2987.4
1358260 2982.2
1358270 2982.2
1358280 2977.7
1358290 2973.4
1358300 2973.4
1358310 2969.2
1358320 2965.1
1358330 2961.5
1358340 2961.5
1358350 2958.2
1358360 2955.5
1358370 2955.5
1358380 2953.4
1358390 2951.4
1358400 2951.4
1358410 2948.4
1358420 2946.4
1358430 2946.4
1358440 2944.5
1358450 2942.2
1358460 2942.2
1358470 2939.8
1358480 2939.6
1358490 2939.6
1358500 2939.9
1358510 2939.6
1358520 2937.4
1358530 2937.4
1358540 2935.0
1358550 2933.0
1358560 2933.0
1358570 2931.1
1358580 2928.7
1358590 2928.7
1358600 2926.4
1358610 2924.8
1358620 2924.8
1358630 2924.2
1358640 2924.2
1358650 2924.2
1358660 2924.7
1358670 2925.0
1358680 2925.0
1358690 2925.1
1358700 2925.1
1358710 2925.1
1358720 2925.1
1358730 2925.3
1358740 2926.9
1358750 2926.9
1358760 2930.0
1358770 2933.6
1358780 2933.6
1358790 2937.7
1358800 2943.0
1358810 2942.5
1358820 2950.0
1358830 2959.6
1358840 2959.6
1358850 2967.1
1358860 2965.8
1358870 2965.8
1358880 2966.2
1358890 2963.1
1358900 2963.1
1358910 2951.2
1358920 2924.9
1358930 2882.8
1358940 2882.8
1358950 2853.4
1358960 2841.4
1358970 2841.4
1358980 2835.4
1358990 2833.0
1359000 2833.0
1359010 2827.6
1359020 2820.6
1359030 2820.6
1359040 2813.0
1359050 2806.6
1359060 2806.6
1359070 2802.2
1359080 2796.8
1359090 2796.8
1359100 2792.3
1359110 2787.2
1359120 2787.2
1359130 2778.7
1359140 2769.9
1359150 2761.6
1359160 2761.6
1359170 2751.2
1359180 2740.4
1359190 2740.4
1359200 2730.5
1359210 2720.4
1359220 2720.4
1359230 2709.9
1359240 2700.1
1359250 2700.1
1359260 2690.6
1359270 2682.8
1359280 2682.8
1359290 2675.3
1359300 2668.4
1359310 2668.4
1359320 2662.5
1359330 2656.8
1359340 2651.3
1359350 2651.3
1359360 2645.6
1359370 2640.0
1359380 2640.0
1359390 2634.8
1359400 2630.1
1359410 2630.1
1359420 2626.7
1359430 2624.2
1359440 2624.2
1359450 2621.4
1359460 2618.4
1359470 2618.4
1359480 2615.6
1359490 2612.9
1359500 2612.9
1359510 2609.5
1359520 2605.5
1359530 2605.5
1359540 2604.4
1359550 2606.8
1359560 2610.3
1359570 2610.3
1359580 2614.4
1359590 2619.9
1359600 2619.9
1359610 2626.5
1359620 2631.8
1359630 2631.8
1359640 2636.0
1359650 2639.9
1359660 2639.9
1359670 2643.4
1359680 2648.4
1359690 2648.4
1359700 2651.6
1359710 2655.4
1359720 2655.4
1359730 2660.5
1359740 2662.7
1359750 2665.9
1359760 2665.9
1359770 2670.5
1359780 2673.5
1359790 2673.5
1359800 2678.5
1359810 2682.8
1359820 2682.7
1359830 2686.2
1359840 2689.6
1359850 2689.6
1359860 2692.6
1359870 2695.7
1359880 2695.7
1359890 2700.7
1359900 2705.4
1359910 2705.4
1359920 2709.6
1359930 2712.7
1359940 2712.7
1359950 2714.2
1359960 2715.0
1359970 2716.2
1359980 2716.2
1359990 2718.9
