1349110 2642.5
1349120 2637.7
1349130 2632.1
1349140 2632.1
1349150 2628.4
1349160 2626.9
1349170 2626.9
1349180 2626.6
1349190 2626.4
1349200 2626.4
1349210 2626.7
1349220 2627.7
1349230 2627.7
1349240 2628.7
1349250 2629.7
1349260 2629.7
1349270 2630.1
1349280 2630.0
1349290 2630.0
1349300 2630.4
1349310 2631.9
1349320 2635.6
1349330 2635.6
1349340 2639.6
1349350 2642.3
1349360 2642.3
1349370 2643.6
1349380 2644.8
1349390 2644.8
1349400 2648.1
1349410 2651.9
1349420 2651.9
1349430 2650.8
1349440 2653.8
1349450 2653.8
1349460 2655.6
1349470 2655.1
1349480 2655.1
1349490 2654.4
1349500 2654.6
1349510 2654.6
1349520 2655.0
1349530 2655.9
1349540 2656.7
1349550 2656.7
1349560 2657.9
1349570 2659.2
1349580 2659.2
1349590 2660.1
1349600 2660.7
1349610 2660.7
1349620 2663.5
1349630 2667.7
1349640 2667.7
1349650 2670.5
1349660 2673.5
1349670 2673.5
1349680 2677.3
1349690 2681.5
1349700 2681.5
1349710 2686.1
1349720 2690.7
1349730 2694.6
1349740 2694.6
1349750 2699.0
1349760 2704.3
1349770 2704.3
1349780 2710.1
1349790 2716.1
1349800 2716.1
1349810 2724.6
1349820 2739.2
1349830 2739.2
1349840 2752.1
1349850 2760.1
1349860 2760.1
1349870 2763.7
1349880 2768.0
1349890 2768.0
1349900 2774.2
1349910 2779.3
1349920 2779.3
1349930 2777.2
1349940 2771.1
1349950 2764.5
1349960 2764.5
1349970 2757.4
1349980 2746.1
1349990 2746.1
1350000 2735.2
1350010 2726.5
1350020 2726.5
1350030 2719.5
1350040 2713.6
1350050 2713.6
1350060 2704.7
1350070 2694.4
1350080 2694.4
1350090 2685.3
1350100 2675.4
1350110 2675.4
1350120 2668.0
1350130 2661.6
1350140 2655.6
1350150 2655.6
1350160 2649.4
1350170 2643.5
1350180 2643.5
1350190 2637.5
1350200 2630.8
1350210 2630.8
1350220 2623.4
1350230 2614.8
1350240 2614.8
1350250 2605.6
1350260 2596.5
1350270 2596.5
1350280 2587.1
1350290 2578.5
1350300 2578.5
1350310 2570.5
1350320 2560.8
1350330 2560.8
1350340 2551.7
1350350 2544.1
1350360 2537.8
1350370 2537.1
1350380 2530.6
1350390 2524.1
1350400 2524.1
1350410 2517.4
1350420 2510.4
1350430 2510.4
1350440 2500.6
1350450 2492.1
1350460 2492.1
1350470 2484.6
1350480 2478.1
1350490 2478.1
1350500 2472.2
1350510 2465.8
1350520 2465.8
1350530 2458.6
1350540 2450.7
1350550 2443.3
1350560 2443.3
1350570 2437.0
1350580 2430.8
1350590 2430.8
1350600 2424.8
1350610 2418.9
1350620 2418.9
1350630 2413.1
1350640 2406.8
1350650 2406.8
1350660 2400.1
1350670 2392.0
1350680 2392.0
1350690 2382.2
1350700 2371.6
1350710 2371.6
1350720 2364.4
1350730 2358.4
1350740 2358.4
1350750 2350.6
1350760 2342.7
1350770 2334.7
1350780 2334.7
1350790 2328.4
1350800 2321.6
1350810 2321.6
1350820 2313.4
1350830 2305.8
1350840 2305.8
1350850 2297.8
1350860 2290.3
1350870 2290.3
1350880 2283.5
1350890 2278.3
1350900 2278.3
1350910 2273.6
1350920 2268.2
1350930 2268.2
1350940 2264.0
1350950 2260.9
1350960 2258.0
1350970 2258.0
1350980 2254.9
1350990 2252.3
1351000 2252.3
1351010 2249.6
1351020 2247.1
1351030 2247.1
1351040 2244.9
1351050 2242.7
1351060 2242.7
1351070 2240.5
1351080 2238.3
1351090 2238.3
1351100 2235.7
1351110 2233.1
1351120 2233.1
1351130 2229.8
1351140 2225.5
1351150 2225.5
1351160 2219.1
1351170 2213.8
1351180 2213.8
1351190 2213.8
1351200 2217.1
1351210 2220.9
1351220 2220.9
1351230 2224.2
1351240 2226.7
1351250 2226.7
1351260 2230.1
1351270 2234.5
1351280 2234.5
1351290 2239.6
1351300 2245.3
1351310 2245.3
1351320 2252.5
1351330 2257.9
1351340 2257.9
1351350 2263.3
1351360 2269.3
1351370 2276.0
1351380 2276.0
1351390 2283.7
1351400 2291.5
1351410 2291.5
1351420 2297.9
1351430 2303.2
1351440 2303.2
1351450 2308.9
1351460 2315.2
1351470 2315.2
1351480 2322.2
1351490 2328.8
1351500 2328.8
1351510 2335.8
1351520 2344.4
1351530 2344.4
1351540 2352.5
1351550 2360.5
1351560 2360.5
1351570 2367.6
1351580 2375.4
1351590 2383.2
1351600 2383.2
1351610 2390.1
1351620 2397.1
1351630 2397.1
1351640 2403.6
1351650 2406.9
1351660 2406.9
1351670 2410.2
1351680 2416.2
1351690 2416.2
1351700 2422.7
1351710 2428.8
1351720 2428.8
1351730 2436.0
1351740 2442.2
1351750 2442.2
1351760 2447.4
1351770 2452.6
1351780 2459.5
1351790 2459.5
1351800 2463.8
1351810 2467.4
1351820 2467.4
1351830 2471.4
1351840 2476.0
1351850 2476.0
1351860 2481.2
1351870 2486.7
1351880 2486.7
1351890 2492.2
1351900 2497.4
1351910 2497.4
1351920 2502.9
1351930 2507.9
1351940 2507.9
1351950 2512.9
1351960 2517.3
1351970 2517.3
1351980 2521.6
1351990 2524.9
1352000 2526.9
1352010 2526.9
1352020 2529.2
1352030 2532.0
1352040 2532.0
1352050 2535.2
1352060 2539.0
1352070 2539.0
1352080 2543.5
1352090 2545.4
1352100 2545.4
1352110 2546.8
1352120 2549.8
1352130 2549.8
1352140 2553.3
1352150 2558.0
1352160 2558.0
1352170 2563.4
1352180 2567.3
1352190 2571.2
1352200 2571.2
1352210 2575.5
1352220 2578.8
1352230 2578.8
1352240 2581.5
1352250 2584.7
1352260 2584.7
1352270 2587.8
1352280 2586.8
1352290 2586.8
1352300 2588.3
1352310 2590.6
1352320 2590.6
1352330 2594.1
1352340 2597.8
1352350 2597.8
1352360 2601.8
1352370 2605.7
1352380 2605.7
1352390 2608.4
1352400 2611.6
1352410 2614.6
1352420 2614.6
1352430 2617.7
1352440 2620.4
1352450 2620.4
1352460 2624.1
1352470 2628.0
1352480 2628.0
1352490 2630.9
1352500 2634.0
1352510 2634.0
1352520 2637.6
1352530 2641.2
1352540 2641.2
1352550 2644.5
1352560 2647.6
1352570 2647.6
1352580 2650.7
1352590 2654.3
1352600 2657.6
1352610 2657.6
1352620 2660.9
1352630 2664.9
1352640 2664.9
1352650 2669.6
1352660 2674.4
1352670 2674.4
1352680 2680.1
1352690 2685.8
1352700 2685.8
1352710 2690.0
1352720 2693.6
1352730 2693.6
1352740 2697.5
1352750 2700.9
1352760 2700.9
1352770 2703.5
1352780 2705.9
1352790 2705.9
1352800 2709.0
1352810 2712.2
1352820 2716.0
1352830 2716.0
1352840 2719.7
1352850 2723.2
1352860 2723.2
1352870 2726.8
1352880 2731.1
1352890 2731.1
1352900 2735.5
1352910 2739.1
1352920 2739.1
1352930 2742.6
1352940 2747.5
1352950 2747.5
1352960 2752.0
1352970 2756.2
1352980 2756.2
1352990 2760.6
1353000 2765.1
1353010 2770.3
1353020 2770.3
1353030 2776.9
1353040 2784.0
1353050 2784.0
1353060 2789.6
1353070 2794.1
1353080 2794.1
1353090 2800.0
1353100 2807.7
1353110 2807.7
1353120 2814.8
1353130 2819.7
1353140 2819.7
1353150 2825.8
1353160 2831.5
1353170 2831.5
1353180 2835.2
1353190 2839.4
1353200 2839.4
1353210 2843.6
1353220 2847.0
1353230 2850.0
1353240 2846.6
1353250 2847.8
1353260 2849.6
1353270 2849.6
1353280 2852.9
1353290 2856.3
1353300 2856.3
1353310 2858.5
1353320 2860.2
1353330 2860.2
1353340 2861.6
1353350 2863.3
1353360 2863.3
1353370 2864.1
1353380 2865.2
1353390 2865.2
1353400 2866.0
1353410 2866.6
1353420 2867.8
1353430 2867.8
1353440 2868.8
1353450 2869.1
1353460 2869.1
1353470 2870.2
1353480 2871.8
1353490 2871.8
1353500 2873.4
1353510 2875.6
1353520 2875.6
1353530 2878.1
1353540 2880.9
1353550 2880.9
1353560 2882.9
1353570 2885.4
1353580 2885.4
1353590 2888.9
1353600 2894.3
1353610 2894.3
1353620 2897.5
1353630 2897.2
1353640 2896.8
1353650 2896.8
1353660 2895.1
1353670 2892.5
1353680 2892.5
1353690 2887.8
1353700 2879.2
1353710 2879.2
1353720 2866.7
1353730 2853.3
1353740 2853.3
1353750 2836.8
1353760 2813.4
1353770 2813.4
1353780 2804.8
1353790 2798.4
1353800 2798.4
1353810 2792.5
1353820 2787.1
1353830 2782.1
1353840 2782.1
1353850 2777.6
1353860 2773.3
1353870 2773.3
1353880 2769.1
1353890 2765.1
1353900 2765.1
1353910 2762.1
1353920 2759.7
1353930 2759.7
1353940 2757.7
1353950 2756.2
1353960 2756.2
1353970 2754.3
1353980 2751.6
1353990 2751.6
1354000 2749.0
1354010 2746.6
1354020 2746.6
1354030 2744.6
1354040 2743.1
1354050 2742.1
1354060 2742.1
1354070 2742.1
1354080 2739.6
1354090 2739.6
1354100 2734.5
1354110 2728.8
1354120 2728.8
1354130 2724.1
1354140 2721.0
1354150 2721.0
1354160 2719.7
1354170 2718.7
1354180 2718.7
1354190 2717.4
1354200 2714.2
1354210 2714.2
1354220 2712.8
1354230 2711.3
1354240 2709.7
1354250 2709.7
1354260 2708.1
1354270 2706.9
1354280 2706.9
1354290 2705.8
1354300 2704.8
1354310 2704.8
1354320 2703.9
1354330 2700.7
1354340 2700.7
1354350 2697.5
1354360 2694.4
1354370 2694.4
1354380 2691.5
1354390 2690.9
1354400 2690.9
1354410 2689.0
1354420 2682.4
1354430 2682.4
1354440 2667.3
1354450 2655.6
1354460 2647.9
1354470 2647.9
1354480 2643.3
1354490 2638.6
1354500 2638.6
1354510 2630.0
1354520 2621.0
1354530 2621.0
1354540 2615.6
1354550 2611.4
1354560 2611.4
1354570 2606.3
1354580 2601.7
1354590 2601.7
1354600 2596.1
1354610 2590.0
1354620 2590.0
1354630 2584.9
1354640 2581.8
1354650 2577.6
1354660 2577.6
1354670 2568.9
1354680 2560.3
1354690 2560.3
1354700 2554.5
1354710 2548.3
1354720 2548.3
1354730 2541.7
1354740 2535.0
1354750 2535.0
1354760 2529.5
1354770 2525.2
1354780 2525.2
1354790 2519.9
1354800 2513.1
1354810 2513.1
1354820 2508.4
1354830 2505.5
1354840 2505.5
1354850 2500.4
1354860 2483.3
1354870 2471.5
1354880 2471.5
1354890 2459.3
1354900 2449.7
1354910 2449.7
1354920 2441.7
1354930 2434.6
1354940 2434.6
1354950 2428.2
1354960 2422.1
1354970 2422.1
1354980 2416.7
1354990 2411.4
1355000 2411.4
1355010 2407.4
1355020 2403.6
1355030 2403.6
1355040 2396.8
1355050 2390.6
1355060 2384.5
1355070 2384.5
1355080 2378.6
1355090 2372.9
1355100 2372.9
1355110 2360.2
1355120 2344.2
1355130 2344.2
1355140 2334.5
1355150 2326.1
1355160 2326.1
1355170 2320.2
1355180 2305.3
1355190 2305.3
1355200 2298.7
1355210 2289.1
1355220 2289.1
1355230 2279.8
1355240 2272.1
1355250 2272.1
1355260 2263.6
1355270 2251.4
1355280 2239.8
1355290 2239.8
1355300 2231.6
1355310 2224.0
1355320 2224.0
1355330 2217.0
1355340 2210.0
1355350 2210.0
1355360 2202.0
1355370 2186.6
1355380 2186.6
1355390 2174.0
1355400 2165.2
1355410 2165.2
1355420 2157.3
1355430 2149.8
1355440 2149.8
1355450 2142.0
1355460 2134.4
1355470 2128.2
1355480 2128.2
1355490 2122.6
1355500 2117.2
1355510 2117.2
1355520 2112.7
1355530 2110.0
1355540 2110.0
1355550 2107.9
1355560 2105.6
1355570 2105.6
1355580 2103.6
1355590 2101.6
1355600 2101.6
1355610 2099.8
1355620 2098.1
1355630 2098.1
1355640 2096.5
1355650 2094.6
1355660 2094.6
1355670 2091.3
1355680 2091.4
1355690 2091.4
1355700 2091.4
1355710 2090.8
1355720 2091.5
1355730 2091.5
1355740 2091.9
1355750 2093.7
1355760 2093.7
1355770 2096.6
1355780 2099.9
1355790 2099.9
1355800 2103.3
1355810 2107.0
1355820 2107.0
1355830 2111.0
1355840 2115.2
1355850 2115.2
1355860 2119.6
1355870 2124.3
1355880 2128.7
1355890 2128.7
1355900 2133.2
1355910 2137.8
1355920 2137.8
1355930 2143.6
1355940 2150.0
1355950 2150.0
1355960 2156.4
1355970 2162.1
1355980 2162.1
1355990 2168.2
1356000 2174.8
1356010 2174.8
1356020 2181.4
1356030 2188.5
1356040 2188.5
1356050 2195.7
1356060 2201.2
1356070 2201.2
1356080 2208.6
1356090 2218.1
1356100 2225.0
1356110 2225.0
1356120 2230.3
1356130 2235.4
1356140 2235.4
1356150 2241.3
1356160 2241.9
1356170 2241.9
1356180 2248.2
1356190 2254.8
1356200 2254.8
1356210 2261.8
1356220 2268.5
1356230 2268.5
1356240 2275.5
1356250 2283.5
1356260 2283.5
1356270 2291.8
1356280 2301.2
1356290 2310.7
1356300 2310.7
1356310 2318.7
1356320 2326.9
1356330 2326.9
1356340 2335.4
1356350 2342.8
1356360 2342.8
1356370 2348.3
1356380 2353.6
1356390 2353.6
1356400 2358.8
1356410 2364.6
1356420 2364.6
1356430 2374.1
1356440 2384.1
1356450 2384.1
1356460 2392.4
1356470 2399.5
1356480 2399.5
1356490 2406.7
1356500 2415.3
1356510 2423.8
1356520 2423.8
1356530 2431.0
1356540 2436.2
1356550 2436.2
1356560 2440.7
1356570 2445.5
1356580 2445.5
1356590 2451.0
1356600 2457.7
1356610 2457.7
1356620 2465.7
1356630 2474.1
1356640 2474.1
1356650 2482.1
1356660 2487.8
1356670 2487.8
1356680 2492.0
1356690 2496.8
1356700 2503.5
1356710 2503.5
1356720 2508.2
1356730 2511.4
1356740 2511.4
1356750 2514.3
1356760 2517.3
1356770 2517.3
1356780 2520.2
1356790 2523.3
1356800 2523.3
1356810 2526.7
1356820 2531.3
1356830 2531.3
1356840 2537.0
1356850 2543.4
1356860 2543.4
1356870 2550.6
1356880 2557.6
1356890 2557.6
1356900 2564.2
1356910 2571.7
1356920 2577.1
1356930 2577.1
1356940 2582.6
1356950 2588.5
1356960 2588.5
1356970 2594.5
1356980 2601.4
1356990 2601.4
1357000 2610.9
1357010 2618.6
1357020 2618.6
1357030 2623.5
1357040 2627.8
1357050 2627.8
1357060 2632.1
1357070 2636.2
1357080 2636.2
1357090 2639.1
1357100 2640.4
1357110 2641.6
1357120 2641.6
1357130 2642.7
1357140 2644.5
1357150 2643.0
1357160 2644.4
1357170 2645.7
1357180 2645.7
1357190 2647.4
1357200 2648.7
1357210 2648.7
1357220 2650.1
1357230 2651.9
1357240 2651.9
1357250 2655.3
1357260 2659.3
1357270 2659.3
1357280 2662.9
1357290 2666.4
1357300 2666.4
1357310 2669.9
1357320 2673.4
1357330 2677.3
1357340 2677.3
1357350 2681.4
1357360 2685.6
1357370 2685.6
1357380 2690.1
1357390 2692.8
1357400 2692.8
1357410 2694.9
1357420 2697.0
1357430 2697.0
1357440 2699.3
1357450 2702.6
1357460 2702.6
1357470 2706.7
1357480 2710.6
1357490 2710.6
1357500 2713.4
1357510 2715.4
1357520 2717.9
1357530 2717.9
1357540 2720.4
1357550 2723.4
1357560 2723.4
1357570 2727.4
1357580 2730.4
1357590 2730.4
1357600 2733.1
1357610 2736.6
1357620 2736.6
1357630 2740.4
1357640 2743.8
1357650 2743.8
1357660 2747.2
1357670 2751.6
1357680 2751.6
1357690 2756.2
1357700 2760.8
1357710 2760.8
1357720 2765.1
1357730 2770.4
1357740 2775.5
1357750 2775.5
1357760 2780.4
1357770 2785.5
1357780 2785.5
1357790 2790.6
1357800 2795.7
1357810 2795.7
1357820 2800.9
1357830 2806.3
1357840 2806.3
1357850 2811.7
1357860 2816.4
1357870 2816.4
1357880 2821.6
1357890 2826.8
1357900 2826.8
1357910 2832.4
1357920 2839.6
1357930 2849.4
1357940 2849.4
1357950 2859.4
1357960 2868.3
1357970 2868.3
1357980 2875.5
1357990 2881.1
1358000 2881.1
1358010 2886.8
1358020 2893.0
1358030 2893.0
1358040 2900.6
1358050 2907.7
1358060 2907.7
1358070 2914.5
1358080 2920.7
1358090 2920.7
1358100 2924.9
1358110 2921.7
1358120 2921.7
1358130 2913.6
1358140 2907.9
1358150 2896.7
1358160 2896.7
1358170 2885.3
1358180 2868.7
1358190 2868.7
1358200 2857.9
1358210 2852.4
1358220 2852.4
1358230 2847.2
1358240 2841.8
1358250 2841.8
1358260 2836.4
1358270 2830.7
1358280 2830.7
1358290 2825.1
1358300 2819.9
1358310 2819.9
1358320 2815.2
1358330 2811.3
1358340 2807.4
1358350 2807.4
1358360 2804.1
1358370 2801.4
1358380 2801.4
1358390 2801.3
1358400 2802.2
1358410 2802.2
1358420 2800.4
1358430 2796.5
1358440 2796.5
1358450 2794.4
1358460 2791.4
1358470 2791.4
1358480 2791.1
1358490 2787.5
1358500 2787.5
1358510 2780.6
1358520 2779.8
1358530 2779.8
1358540 2782.0
1358550 2785.6
1358560 2789.4
1358570 2789.4
1358580 2790.3
1358590 2789.9
1358600 2789.9
1358610 2788.5
1358620 2788.1
1358630 2788.1
1358640 2787.9
1358650 2786.5
1358660 2786.5
1358670 2784.5
1358680 2783.9
1358690 2783.9
1358700 2782.3
1358710 2781.6
1358720 2781.6
1358730 2781.4
1358740 2778.8
1358750 2777.7
1358760 2777.7
1358770 2776.4
1358780 2774.2
1358790 2774.2
1358800 2777.2
1358810 2781.1
1358820 2781.1
1358830 2782.7
1358840 2784.2
1358850 2784.2
1358860 2785.8
1358870 2786.2
1358880 2786.2
1358890 2774.4
1358900 2754.4
1358910 2754.4
1358920 2743.1
1358930 2730.9
1358940 2730.9
1358950 2719.4
1358960 2705.8
1358970 2696.6
1358980 2696.6
1358990 2690.0
1359000 2680.1
1359010 2680.1
1359020 2671.7
1359030 2663.9
1359040 2663.9
1359050 2654.7
1359060 2645.9
1359070 2645.9
1359080 2638.4
1359090 2631.7
1359100 2631.7
1359110 2625.2
1359120 2619.0
1359130 2619.0
1359140 2612.9
1359150 2607.6
1359160 2600.2
1359170 2600.2
1359180 2595.1
1359190 2589.8
1359200 2589.8
1359210 2584.0
1359220 2577.9
1359230 2577.9
1359240 2571.4
1359250 2565.8
1359260 2565.8
1359270 2562.0
1359280 2558.4
1359290 2558.4
1359300 2554.7
1359310 2551.8
1359320 2551.8
1359330 2548.8
1359340 2545.5
1359350 2545.5
1359360 2542.7
1359370 2539.3
1359380 2538.7
1359390 2538.7
1359400 2543.0
1359410 2547.2
1359420 2547.2
1359430 2550.8
1359440 2554.9
1359450 2554.9
1359460 2558.9
1359470 2562.5
1359480 2562.5
1359490 2566.8
1359500 2570.8
1359510 2570.8
1359520 2575.2
1359530 2579.5
1359540 2579.5
1359550 2584.1
1359560 2588.7
1359570 2592.9
1359580 2592.9
1359590 2596.6
1359600 2600.1
1359610 2600.1
1359620 2604.1
1359630 2608.5
1359640 2608.5
1359650 2613.2
1359660 2618.1
1359670 2618.1
1359680 2622.5
1359690 2627.1
1359700 2627.1
1359710 2631.7
1359720 2635.9
1359730 2635.9
1359740 2640.1
1359750 2644.2
1359760 2644.2
1359770 2648.4
1359780 2652.6
1359790 2656.6
1359800 2656.6
1359810 2661.2
1359820 2665.3
1359830 2665.3
1359840 2668.9
1359850 2673.0
1359860 2673.0
1359870 2676.6
1359880 2679.8
1359890 2679.8
1359900 2681.9
1359910 2685.3
1359920 2685.3
1359930 2690.6
1359940 2694.4
1359950 2694.4
1359960 2697.0
1359970 2699.6
1359980 2702.4
1359990 2702.4
