1348620 2653.9
1348630 2653.9
1348640 2657.2
1348650 2661.2
1348660 2661.2
1348670 2665.4
1348680 2670.2
1348690 2670.2
1348700 2675.3
1348710 2680.8
1348720 2680.8
1348730 2686.4
1348740 2692.1
1348750 2692.1
1348760 2697.8
1348770 2703.7
1348780 2703.7
1348790 2709.8
1348800 2715.9
1348810 2722.2
1348820 2722.2
1348830 2728.6
1348840 2735.1
1348850 2735.1
1348860 2742.1
1348870 2749.3
1348880 2749.3
1348890 2756.2
1348900 2762.8
1348910 2762.8
1348920 2769.9
1348930 2772.7
1348940 2772.7
1348950 2778.7
1348960 2788.6
1348970 2788.6
1348980 2799.2
1348990 2806.6
1349000 2815.3
1349010 2815.3
1349020 2825.3
1349030 2839.9
1349040 2839.9
1349050 2853.8
1349060 2864.2
1349070 2864.2
1349080 2874.8
1349090 2885.0
1349100 2885.0
1349110 2894.8
1349120 2903.7
1349130 2903.7
1349140 2913.3
1349150 2922.1
1349160 2922.1
1349170 2930.5
1349180 2936.0
1349190 2936.0
1349200 2937.4
1349210 2941.3
1349220 2946.8
1349230 2946.8
1349240 2953.9
1349250 2960.4
1349260 2960.4
1349270 2972.6
1349280 2991.9
1349290 2991.9
1349300 2992.9
1349310 2977.6
1349320 2977.6
1349330 2976.2
1349340 2978.7
1349350 2978.7
1349360 2982.5
1349370 2986.6
1349380 2986.6
1349390 2990.0
1349400 2995.9
1349410 2998.9
1349420 2998.9
1349430 2997.2
1349440 2986.9
1349450 2986.9
1349460 2974.4
1349470 2966.0
1349480 2966.0
1349490 2954.8
1349500 2933.3
1349510 2933.3
1349520 2911.7
1349530 2889.8
1349540 2889.8
1349550 2873.4
1349560 2866.3
1349570 2866.3
1349580 2860.6
1349590 2855.6
1349600 2855.6
1349610 2850.8
1349620 2846.2
1349630 2841.9
1349640 2841.9
1349650 2837.7
1349660 2832.9
1349670 2832.9
1349680 2828.2
1349690 2822.6
1349700 2822.6
1349710 2816.8
1349720 2810.3
1349730 2810.3
1349740 2804.3
1349750 2799.0
1349760 2799.0
1349770 2794.6
1349780 2790.3
1349790 2790.3
1349800 2786.1
1349810 2781.8
1349820 2777.8
1349830 2777.8
1349840 2773.8
1349850 2769.7
1349860 2768.9
1349870 2764.3
1349880 2758.6
1349890 2758.6
1349900 2753.6
1349910 2749.8
1349920 2749.8
1349930 2745.6
1349940 2740.7
1349950 2740.7
1349960 2735.3
1349970 2729.8
1349980 2729.8
1349990 2726.1
1350000 2725.2
1350010 2725.2
1350020 2725.4
1350030 2724.9
1350040 2724.3
1350050 2724.3
1350060 2723.6
1350070 2722.0
1350080 2722.0
1350090 2719.8
1350100 2717.4
1350110 2717.4
1350120 2717.2
1350130 2721.0
1350140 2721.0
1350150 2722.9
1350160 2718.1
1350170 2718.1
1350180 2710.3
1350190 2701.5
1350200 2701.5
1350210 2682.1
1350220 2665.3
1350230 2654.3
1350240 2654.3
1350250 2644.1
1350260 2634.1
1350270 2634.1
1350280 2624.5
1350290 2614.4
1350300 2614.4
1350310 2604.6
1350320 2597.1
1350330 2597.1
1350340 2589.4
1350350 2581.6
1350360 2581.6
1350370 2575.1
1350380 2570.0
1350390 2570.0
1350400 2565.8
1350410 2561.5
1350420 2561.5
1350430 2558.0
1350440 2554.8
1350450 2551.0
1350460 2551.0
1350470 2546.7
1350480 2542.2
1350490 2542.2
1350500 2538.5
1350510 2535.7
1350520 2535.7
1350530 2531.6
1350540 2526.5
1350550 2526.5
1350560 2521.1
1350570 2516.3
1350580 2516.3
1350590 2512.0
1350600 2507.1
1350610 2507.1
1350620 2502.4
1350630 2498.1
1350640 2498.1
1350650 2494.7
1350660 2491.6
1350670 2488.1
1350680 2488.1
1350690 2485.9
1350700 2483.8
1350710 2483.8
1350720 2481.8
1350730 2480.2
1350740 2480.2
1350750 2478.1
1350760 2475.5
1350770 2475.5
1350780 2472.3
1350790 2468.1
1350800 2468.1
1350810 2460.3
1350820 2456.0
1350830 2456.0
1350840 2453.3
1350850 2452.9
1350860 2450.3
1350870 2450.3
1350880 2446.3
1350890 2441.2
1350900 2441.2
1350910 2436.0
1350920 2432.1
1350930 2432.1
1350940 2427.9
1350950 2422.2
1350960 2422.2
1350970 2415.5
1350980 2407.4
1350990 2407.4
1351000 2400.0
1351010 2393.7
1351020 2393.7
1351030 2387.4
1351040 2380.6
1351050 2380.6
1351060 2373.4
1351070 2366.5
1351080 2360.3
1351090 2360.3
1351100 2353.8
1351110 2348.4
1351120 2348.4
1351130 2343.8
1351140 2337.9
1351150 2337.9
1351160 2331.5
1351170 2325.0
1351180 2325.0
1351190 2318.5
1351200 2311.0
1351210 2311.0
1351220 2303.5
1351230 2297.1
1351240 2297.1
1351250 2292.5
1351260 2287.9
1351270 2282.5
1351280 2282.5
1351290 2278.3
1351300 2274.8
1351310 2274.8
1351320 2271.5
1351330 2268.3
1351340 2268.3
1351350 2265.8
1351360 2263.5
1351370 2263.5
1351380 2261.4
1351390 2260.3
1351400 2260.3
1351410 2259.5
1351420 2257.6
1351430 2257.6
1351440 2254.7
1351450 2254.5
1351460 2254.5
1351470 2254.8
1351480 2255.3
1351490 2259.6
1351500 2259.6
1351510 2264.3
1351520 2268.2
1351530 2268.2
1351540 2272.6
1351550 2276.9
1351560 2276.9
1351570 2281.8
1351580 2287.3
1351590 2287.3
1351600 2292.1
1351610 2294.6
1351620 2294.6
1351630 2298.3
1351640 2304.3
1351650 2304.3
1351660 2310.8
1351670 2317.2
1351680 2323.3
1351690 2323.3
1351700 2329.1
1351710 2334.7
1351720 2334.7
1351730 2340.8
1351740 2347.0
1351750 2347.0
1351760 2355.6
1351770 2361.5
1351780 2361.5
1351790 2367.7
1351800 2373.5
1351810 2373.5
1351820 2379.3
1351830 2384.6
1351840 2384.6
1351850 2389.7
1351860 2395.3
1351870 2395.3
1351880 2401.3
1351890 2407.2
1351900 2413.0
1351910 2413.0
1351920 2419.3
1351930 2425.7
1351940 2425.7
1351950 2432.1
1351960 2439.3
1351970 2439.3
1351980 2446.5
1351990 2453.3
1352000 2453.3
1352010 2460.1
1352020 2466.8
1352030 2466.8
1352040 2473.6
1352050 2480.9
1352060 2480.9
1352070 2488.7
1352080 2496.2
1352090 2503.5
1352100 2503.5
1352110 2510.6
1352120 2518.1
1352130 2518.1
1352140 2525.9
1352150 2533.5
1352160 2533.5
1352170 2540.7
1352180 2547.5
1352190 2547.5
1352200 2554.0
1352210 2560.1
1352220 2560.1
1352230 2565.5
1352240 2571.2
1352250 2571.2
1352260 2576.6
1352270 2581.6
1352280 2581.6
1352290 2586.0
1352300 2590.7
1352310 2595.1
1352320 2595.1
1352330 2598.9
1352340 2603.1
1352350 2603.1
1352360 2606.9
1352370 2611.4
1352380 2611.4
1352390 2616.1
1352400 2621.3
1352410 2621.3
1352420 2626.3
1352430 2630.7
1352440 2630.7
1352450 2634.7
1352460 2638.2
1352470 2638.2
1352480 2641.6
1352490 2645.4
1352500 2649.8
1352510 2649.8
1352520 2655.0
1352530 2660.4
1352540 2660.4
1352550 2666.3
1352560 2671.6
1352570 2671.6
1352580 2675.4
1352590 2678.2
1352600 2678.2
1352610 2681.4
1352620 2684.0
1352630 2684.0
1352640 2687.3
1352650 2690.1
1352660 2690.1
1352670 2692.6
1352680 2695.1
1352690 2695.1
1352700 2697.0
1352710 2698.0
1352720 2697.5
1352730 2697.5
1352740 2698.7
1352750 2701.0
1352760 2701.0
1352770 2704.7
1352780 2708.3
1352790 2708.3
1352800 2713.3
1352810 2719.5
1352820 2719.5
1352830 2725.7
1352840 2729.9
1352850 2729.9
1352860 2732.2
1352870 2734.4
1352880 2734.4
1352890 2737.1
1352900 2739.4
1352910 2742.2
1352920 2742.2
1352930 2745.5
1352940 2747.5
1352950 2747.5
1352960 2749.2
1352970 2753.2
1352980 2753.2
1352990 2758.0
1353000 2762.7
1353010 2762.7
1353020 2767.2
1353030 2771.4
1353040 2771.4
1353050 2775.2
1353060 2780.3
1353070 2780.3
1353080 2785.4
1353090 2788.3
1353100 2788.3
1353110 2791.2
1353120 2794.7
1353130 2798.9
1353140 2798.9
1353150 2803.9
1353160 2808.8
1353170 2808.8
1353180 2812.8
1353190 2816.6
1353200 2816.6
1353210 2820.9
1353220 2824.8
1353230 2824.8
1353240 2828.1
1353250 2831.4
1353260 2831.4
1353270 2834.7
1353280 2838.1
1353290 2838.1
1353300 2841.8
1353310 2845.2
1353320 2848.2
1353330 2848.2
1353340 2852.3
1353350 2856.6
1353360 2856.6
1353370 2860.4
1353380 2864.2
1353390 2864.2
1353400 2868.1
1353410 2872.1
1353420 2872.1
1353430 2876.3
1353440 2880.6
1353450 2880.6
1353460 2884.4
1353470 2888.6
1353480 2888.6
1353490 2892.8
1353500 2896.6
1353510 2896.6
1353520 2900.1
1353530 2903.5
1353540 2907.8
1353550 2907.8
1353560 2911.6
1353570 2914.7
1353580 2914.7
1353590 2918.3
1353600 2922.5
1353610 2922.5
1353620 2926.8
1353630 2931.7
1353640 2931.7
1353650 2937.8
1353660 2943.4
1353670 2943.4
1353680 2949.4
1353690 2956.7
1353700 2956.7
1353710 2963.3
1353720 2969.6
1353730 2978.5
1353740 2978.5
1353750 2990.1
1353760 3003.2
1353770 3003.2
1353780 3016.6
1353790 3024.3
1353800 3024.3
1353810 3008.0
1353820 2974.6
1353830 2974.6
1353840 2958.3
1353850 2945.8
1353860 2945.8
1353870 2935.4
1353880 2928.2
1353890 2928.2
1353900 2923.0
1353910 2918.6
1353920 2918.6
1353930 2914.3
1353940 2910.5
1353950 2907.6
1353960 2907.6
1353970 2904.9
1353980 2902.8
1353990 2902.8
1354000 2901.0
1354010 2899.0
1354020 2899.0
1354030 2896.6
1354040 2894.2
1354050 2894.2
1354060 2893.2
1354070 2893.8
1354080 2893.8
1354090 2894.6
1354100 2896.1
1354110 2896.1
1354120 2897.9
1354130 2899.6
1354140 2900.3
1354150 2900.3
1354160 2900.4
1354170 2896.9
1354180 2896.9
1354190 2888.1
1354200 2876.8
1354210 2876.8
1354220 2867.6
1354230 2857.6
1354240 2857.6
1354250 2850.7
1354260 2844.2
1354270 2844.2
1354280 2837.4
1354290 2830.8
1354300 2830.8
1354310 2824.8
1354320 2819.6
1354330 2819.6
1354340 2814.8
1354350 2810.6
1354360 2806.1
1354370 2806.1
1354380 2801.4
1354390 2796.5
1354400 2796.5
1354410 2791.7
1354420 2787.2
1354430 2787.2
1354440 2783.5
1354450 2779.6
1354460 2779.6
1354470 2774.5
1354480 2768.7
1354490 2768.7
1354500 2763.1
1354510 2758.1
1354520 2758.1
1354530 2752.9
1354540 2747.8
1354550 2742.8
1354560 2742.8
1354570 2737.8
1354580 2733.5
1354590 2733.5
1354600 2729.7
1354610 2726.1
1354620 2726.1
1354630 2721.7
1354640 2716.8
1354650 2713.2
1354660 2709.1
1354670 2705.6
1354680 2705.6
1354690 2701.6
1354700 2696.7
1354710 2696.7
1354720 2693.3
1354730 2692.8
1354740 2692.8
1354750 2692.3
1354760 2688.1
1354770 2684.5
1354780 2684.5
1354790 2677.3
1354800 2666.5
1354810 2666.5
1354820 2658.3
1354830 2653.0
1354840 2653.0
1354850 2648.1
1354860 2640.1
1354870 2640.1
1354880 2624.4
1354890 2608.3
1354900 2608.3
1354910 2589.6
1354920 2562.4
1354930 2562.4
1354940 2550.8
1354950 2534.7
1354960 2534.7
1354970 2517.4
1354980 2507.6
1354990 2494.8
1355000 2494.8
1355010 2484.3
1355020 2476.2
1355030 2476.2
1355040 2469.4
1355050 2463.5
1355060 2463.5
1355070 2459.4
1355080 2458.3
1355090 2458.3
1355100 2457.5
1355110 2455.7
1355120 2455.7
1355130 2448.9
1355140 2438.2
1355150 2438.2
1355160 2428.5
1355170 2420.7
1355180 2410.3
1355190 2410.3
1355200 2392.6
1355210 2378.3
1355220 2378.3
1355230 2371.0
1355240 2364.7
1355250 2364.7
1355260 2355.8
1355270 2346.8
1355280 2346.8
1355290 2338.9
1355300 2334.5
1355310 2334.5
1355320 2329.0
1355330 2323.7
1355340 2323.7
1355350 2317.9
1355360 2311.4
1355370 2311.4
1355380 2305.0
1355390 2296.5
1355400 2285.4
1355410 2285.4
1355420 2267.6
1355430 2248.5
1355440 2248.5
1355450 2241.7
1355460 2237.3
1355470 2237.3
1355480 2231.5
1355490 2225.9
1355500 2225.9
1355510 2218.4
1355520 2206.3
1355530 2206.3
1355540 2199.5
1355550 2194.1
1355560 2194.1
1355570 2189.5
1355580 2186.0
1355590 2183.0
1355600 2183.0
1355610 2180.6
1355620 2178.6
1355630 2177.9
1355640 2175.3
1355650 2172.9
1355660 2172.9
1355670 2172.2
1355680 2171.3
1355690 2171.3
1355700 2170.1
1355710 2168.8
1355720 2168.8
1355730 2167.4
1355740 2165.9
1355750 2165.9
1355760 2164.6
1355770 2163.1
1355780 2163.1
1355790 2162.1
1355800 2161.4
1355810 2160.0
1355820 2160.0
1355830 2158.3
1355840 2157.1
1355850 2157.1
1355860 2155.8
1355870 2153.7
1355880 2153.7
1355890 2151.8
1355900 2150.7
1355910 2150.7
1355920 2148.6
1355930 2143.9
1355940 2143.9
1355950 2140.3
1355960 2142.1
1355970 2142.1
1355980 2148.2
1355990 2155.3
1356000 2162.6
1356010 2162.6
1356020 2171.2
1356030 2182.1
1356040 2182.1
1356050 2192.8
1356060 2202.0
1356070 2202.0
1356080 2210.7
1356090 2218.4
1356100 2218.4
1356110 2226.7
1356120 2243.9
1356130 2243.9
1356140 2256.5
1356150 2264.4
1356160 2264.4
1356170 2275.4
1356180 2287.3
1356190 2287.3
1356200 2299.4
1356210 2312.4
1356220 2323.7
1356230 2323.7
1356240 2330.9
1356250 2336.6
1356260 2336.6
1356270 2343.0
1356280 2350.9
1356290 2350.9
1356300 2359.4
1356310 2367.9
1356320 2367.9
1356330 2376.3
1356340 2385.1
1356350 2385.1
1356360 2394.1
1356370 2403.1
1356380 2403.1
1356390 2411.4
1356400 2418.4
1356410 2424.2
1356420 2424.2
1356430 2428.7
1356440 2435.7
1356450 2435.7
1356460 2446.2
1356470 2456.2
1356480 2456.2
1356490 2466.6
1356500 2476.5
1356510 2476.5
1356520 2486.1
1356530 2494.4
1356540 2494.4
1356550 2501.9
1356560 2509.5
1356570 2509.5
1356580 2517.7
1356590 2525.0
1356600 2525.0
1356610 2532.1
1356620 2539.1
1356630 2546.3
1356640 2546.3
1356650 2552.8
1356660 2558.6
1356670 2558.6
1356680 2565.9
1356690 2573.1
1356700 2573.1
1356710 2579.9
1356720 2587.1
1356730 2587.1
1356740 2594.3
1356750 2601.1
1356760 2601.1
1356770 2607.7
1356780 2613.6
1356790 2613.6
1356800 2619.3
1356810 2624.6
1356820 2628.7
1356830 2628.7
1356840 2630.0
1356850 2630.9
1356860 2630.9
1356870 2631.9
1356880 2634.9
1356890 2634.9
1356900 2638.3
1356910 2640.5
1356920 2640.5
1356930 2642.5
1356940 2646.0
1356950 2646.0
1356960 2648.3
1356970 2650.0
1356980 2650.0
1356990 2652.4
1357000 2655.8
1357010 2655.8
1357020 2659.4
1357030 2663.4
1357040 2667.6
1357050 2667.6
1357060 2671.3
1357070 2675.7
1357080 2675.7
1357090 2680.4
1357100 2685.4
1357110 2685.4
1357120 2689.0
1357130 2693.8
1357140 2693.8
1357150 2698.1
1357160 2700.5
1357170 2700.5
1357180 2703.3
1357190 2707.5
1357200 2707.5
1357210 2710.0
1357220 2712.2
1357230 2715.2
1357240 2715.2
1357250 2719.1
1357260 2721.6
1357270 2721.6
1357280 2724.6
1357290 2727.9
1357300 2727.9
1357310 2731.9
1357320 2735.6
1357330 2735.6
1357340 2738.9
1357350 2741.4
1357360 2741.4
1357370 2743.5
1357380 2746.5
1357390 2746.5
1357400 2749.4
1357410 2752.2
1357420 2752.2
1357430 2756.3
1357440 2760.8
1357450 2765.3
1357460 2765.3
1357470 2769.4
1357480 2773.8
1357490 2773.8
1357500 2779.1
1357510 2781.4
1357520 2781.4
1357530 2784.4
1357540 2788.8
1357550 2788.8
1357560 2793.3
1357570 2798.5
1357580 2798.5
1357590 2806.5
1357600 2813.6
1357610 2821.9
1357620 2828.6
1357630 2835.1
1357640 2843.5
1357650 2843.5
1357660 2848.0
1357670 2852.0
1357680 2852.0
1357690 2858.0
1357700 2864.7
1357710 2864.7
1357720 2871.2
1357730 2877.7
1357740 2877.7
1357750 2884.3
1357760 2890.8
1357770 2890.8
1357780 2896.9
1357790 2903.6
1357800 2903.6
1357810 2910.4
1357820 2921.2
1357830 2921.2
1357840 2935.8
1357850 2944.3
1357860 2947.9
1357870 2947.9
1357880 2952.5
1357890 2955.2
1357900 2955.2
1357910 2959.0
1357920 2965.7
1357930 2965.7
1357940 2972.0
1357950 2976.2
1357960 2976.2
1357970 2981.6
1357980 2990.9
1357990 2990.9
1358000 2999.9
1358010 3009.1
1358020 3009.1
1358030 3020.5
1358040 3031.8
1358050 3040.6
1358060 3040.6
1358070 3046.6
1358080 3057.0
1358090 3057.0
1358100 3072.2
1358110 3083.8
1358120 3083.8
1358130 3090.7
1358140 3094.4
1358150 3094.4
1358160 3093.9
1358170 3087.9
1358180 3087.9
1358190 3084.5
1358200 3083.6
1358210 3083.6
1358220 3081.7
1358230 3071.7
1358240 3071.7
1358250 3062.5
1358260 3056.4
1358270 3048.2
1358280 3048.2
1358290 3041.1
1358300 3028.0
1358310 3028.0
1358320 3018.2
1358330 3012.6
1358340 3012.6
1358350 3007.3
1358360 3001.7
1358370 3001.7
1358380 2997.9
1358390 2993.8
1358400 2993.8
1358410 2989.5
1358420 2985.4
1358430 2985.4
1358440 2980.3
1358450 2976.1
1358460 2973.1
1358470 2973.1
1358480 2969.8
1358490 2965.4
1358500 2965.4
1358510 2960.5
1358520 2956.2
1358530 2956.2
1358540 2952.6
1358550 2949.7
1358560 2949.7
1358570 2947.2
1358580 2945.0
1358590 2945.0
1358600 2942.7
1358610 2941.5
1358620 2938.0
1358630 2936.7
1358640 2936.1
1358650 2936.1
1358660 2936.5
1358670 2936.7
1358680 2936.8
1358690 2936.8
1358700 2938.0
1358710 2939.2
1358720 2939.2
1358730 2940.6
1358740 2942.3
1358750 2942.3
1358760 2944.2
1358770 2946.9
1358780 2946.9
1358790 2951.3
1358800 2959.5
1358810 2959.5
1358820 2976.0
1358830 2988.3
1358840 2988.3
1358850 2991.9
1358860 2972.5
1358870 2937.0
1358880 2937.0
1358890 2911.9
1358900 2901.4
1358910 2901.4
1358920 2893.6
1358930 2887.4
1358940 2887.4
1358950 2883.5
1358960 2885.5
1358970 2885.5
1358980 2884.3
1358990 2879.3
1359000 2879.3
1359010 2874.5
1359020 2871.5
1359030 2871.5
1359040 2867.8
1359050 2860.3
1359060 2860.3
1359070 2847.2
1359080 2838.0
1359090 2828.1
1359100 2828.1
1359110 2817.1
1359120 2808.8
1359130 2808.8
1359140 2800.9
1359150 2792.8
1359160 2792.8
1359170 2788.8
1359180 2783.1
1359190 2783.1
1359200 2764.4
1359210 2745.1
1359220 2745.1
1359230 2736.1
1359240 2727.8
1359250 2727.8
1359260 2718.9
1359270 2710.9
1359280 2704.2
1359290 2704.2
1359300 2698.1
1359310 2690.8
1359320 2690.8
1359330 2683.8
1359340 2678.2
1359350 2678.2
1359360 2672.7
1359370 2667.0
1359380 2667.0
1359390 2661.4
1359400 2655.9
1359410 2655.9
1359420 2651.0
1359430 2646.5
1359440 2646.5
1359450 2642.2
1359460 2638.2
1359470 2638.2
1359480 2634.4
1359490 2631.5
1359500 2629.0
1359510 2629.0
1359520 2625.8
1359530 2620.6
1359540 2620.6
1359550 2616.8
1359560 2617.4
1359570 2617.4
1359580 2619.4
1359590 2621.8
1359600 2621.8
1359610 2625.0
1359620 2628.6
1359630 2628.4
1359640 2631.2
1359650 2635.6
1359660 2635.6
1359670 2640.3
1359680 2644.5
1359690 2649.3
1359700 2649.3
1359710 2652.8
1359720 2655.9
1359730 2655.9
1359740 2659.0
1359750 2662.0
1359760 2662.0
1359770 2665.1
1359780 2668.4
1359790 2668.4
1359800 2673.0
1359810 2679.0
1359820 2679.0
1359830 2683.9
1359840 2686.8
1359850 2686.8
1359860 2689.3
1359870 2692.7
1359880 2692.7
1359890 2696.7
1359900 2700.9
1359910 2705.4
1359920 2705.4
1359930 2709.1
1359940 2712.0
1359950 2712.0
1359960 2714.6
1359970 2717.6
1359980 2717.6
1359990 2721.3
