1348830 2705.3
1348840 2706.5
1348850 2706.5
1348860 2709.1
1348870 2713.0
1348880 2713.0
1348890 2718.0
1348900 2723.8
1348910 2723.8
1348920 2728.9
1348930 2733.6
1348940 2733.6
1348950 2738.6
1348960 2743.3
1348970 2743.3
1348980 2748.3
1348990 2753.3
1349000 2757.9
1349010 2757.9
1349020 2763.0
1349030 2768.0
1349040 2768.0
1349050 2773.0
1349060 2778.4
1349070 2778.4
1349080 2784.2
1349090 2789.7
1349100 2789.7
1349110 2795.9
1349120 2802.7
1349130 2802.7
1349140 2809.0
1349150 2815.0
1349160 2815.0
1349170 2821.0
1349180 2826.8
1349190 2826.8
1349200 2832.4
1349210 2838.5
1349220 2844.4
1349230 2844.4
1349240 2850.3
1349250 2856.6
1349260 2856.6
1349270 2863.0
1349280 2869.6
1349290 2869.6
1349300 2876.7
1349310 2884.6
1349320 2884.6
1349330 2892.8
1349340 2900.7
1349350 2900.7
1349360 2908.7
1349370 2916.7
1349380 2916.7
1349390 2923.0
1349400 2927.4
1349410 2932.1
1349420 2932.1
1349430 2937.2
1349440 2942.2
1349450 2942.2
1349460 2947.1
1349470 2953.3
1349480 2953.3
1349490 2960.1
1349500 2965.6
1349510 2965.6
1349520 2971.8
1349530 2978.4
1349540 2978.4
1349550 2993.4
1349560 3000.8
1349570 3000.8
1349580 3007.1
1349590 3013.4
1349600 3013.4
1349610 3020.1
1349620 3022.1
1349630 3006.8
1349640 3006.8
1349650 2991.3
1349660 2985.4
1349670 2985.4
1349680 2983.1
1349690 2981.2
1349700 2981.2
1349710 2978.8
1349720 2977.5
1349730 2977.5
1349740 2978.2
1349750 2977.9
1349760 2977.9
1349770 2975.2
1349780 2965.0
1349790 2965.0
1349800 2952.5
1349810 2940.4
1349820 2921.8
1349830 2921.8
1349840 2901.9
1349850 2873.5
1349860 2873.5
1349870 2849.6
1349880 2840.3
1349890 2840.3
1349900 2835.7
1349910 2831.3
1349920 2831.3
1349930 2826.0
1349940 2820.3
1349950 2820.3
1349960 2814.8
1349970 2809.0
1349980 2809.0
1349990 2803.7
1350000 2798.7
1350010 2798.7
1350020 2793.3
1350030 2787.5
1350040 2781.7
1350050 2781.7
1350060 2776.7
1350070 2772.2
1350080 2772.2
1350090 2767.8
1350100 2763.7
1350110 2763.7
1350120 2761.1
1350130 2758.9
1350140 2758.9
1350150 2756.5
1350160 2753.9
1350170 2753.9
1350180 2753.8
1350190 2755.2
1350200 2755.2
1350210 2757.3
1350220 2759.6
1350230 2762.5
1350240 2762.5
1350250 2765.7
1350260 2770.0
1350270 2770.0
1350280 2775.0
1350290 2780.8
1350300 2780.8
1350310 2787.3
1350320 2795.1
1350330 2795.1
1350340 2802.1
1350350 2805.0
1350360 2805.0
1350370 2800.3
1350380 2795.5
1350390 2795.5
1350400 2791.8
1350410 2788.7
1350420 2788.7
1350430 2785.0
1350440 2781.1
1350450 2777.6
1350460 2777.6
1350470 2774.2
1350480 2770.9
1350490 2769.4
1350500 2764.6
1350510 2761.2
1350520 2761.2
1350530 2755.2
1350540 2745.5
1350550 2745.5
1350560 2738.9
1350570 2735.1
1350580 2735.1
1350590 2727.1
1350600 2716.1
1350610 2716.1
1350620 2708.8
1350630 2704.9
1350640 2704.9
1350650 2702.4
1350660 2700.2
1350670 2698.2
1350680 2698.2
1350690 2696.6
1350700 2695.4
1350710 2695.4
1350720 2694.2
1350730 2692.4
1350740 2692.4
1350750 2691.3
1350760 2686.7
1350770 2686.7
1350780 2681.5
1350790 2677.9
1350800 2677.9
1350810 2672.2
1350820 2664.6
1350830 2664.6
1350840 2659.8
1350850 2655.2
1350860 2648.2
1350870 2648.2
1350880 2639.6
1350890 2629.1
1350900 2629.1
1350910 2621.2
1350920 2616.2
1350930 2616.2
1350940 2612.7
1350950 2610.0
1350960 2610.0
1350970 2605.3
1350980 2598.3
1350990 2598.3
1351000 2593.3
1351010 2589.5
1351020 2589.5
1351030 2584.4
1351040 2578.8
1351050 2578.8
1351060 2571.9
1351070 2562.3
1351080 2555.4
1351090 2555.4
1351100 2551.4
1351110 2547.6
1351120 2547.6
1351130 2543.7
1351140 2541.0
1351150 2541.0
1351160 2539.4
1351170 2535.9
1351180 2535.9
1351190 2531.8
1351200 2530.1
1351210 2530.1
1351220 2529.0
1351230 2526.2
1351240 2526.2
1351250 2522.2
1351260 2518.1
1351270 2513.8
1351280 2513.8
1351290 2508.2
1351300 2503.0
1351310 2503.0
1351320 2498.1
1351330 2492.7
1351340 2492.7
1351350 2488.3
1351360 2484.4
1351370 2484.4
1351380 2479.4
1351390 2474.6
1351400 2474.6
1351410 2470.1
1351420 2465.6
1351430 2465.6
1351440 2458.5
1351450 2450.8
1351460 2450.8
1351470 2443.4
1351480 2436.8
1351490 2431.2
1351500 2431.2
1351510 2425.1
1351520 2418.3
1351530 2418.3
1351540 2411.1
1351550 2404.1
1351560 2404.1
1351570 2397.2
1351580 2390.3
1351590 2390.3
1351600 2384.4
1351610 2380.6
1351620 2380.6
1351630 2378.0
1351640 2378.7
1351650 2378.7
1351660 2381.7
1351670 2380.4
1351680 2377.3
1351690 2377.3
1351700 2376.3
1351710 2374.8
1351720 2374.8
1351730 2372.4
1351740 2369.5
1351750 2369.5
1351760 2366.4
1351770 2364.2
1351780 2364.2
1351790 2361.5
1351800 2358.1
1351810 2358.1
1351820 2353.9
1351830 2350.6
1351840 2350.6
1351850 2346.3
1351860 2346.2
1351870 2346.2
1351880 2350.6
1351890 2355.0
1351900 2358.6
1351910 2358.6
1351920 2361.4
1351930 2364.1
1351940 2364.1
1351950 2368.4
1351960 2375.1
1351970 2375.1
1351980 2381.4
1351990 2386.1
1352000 2386.1
1352010 2390.6
1352020 2394.6
1352030 2394.6
1352040 2398.5
1352050 2401.7
1352060 2401.7
1352070 2404.6
1352080 2407.8
1352090 2411.2
1352100 2411.2
1352110 2414.6
1352120 2418.3
1352130 2418.3
1352140 2424.7
1352150 2432.1
1352160 2432.1
1352170 2440.4
1352180 2447.6
1352190 2447.6
1352200 2454.2
1352210 2459.9
1352220 2459.9
1352230 2468.3
1352240 2479.1
1352250 2479.1
1352260 2487.4
1352270 2492.8
1352280 2492.8
1352290 2498.0
1352300 2502.7
1352310 2506.6
1352320 2506.6
1352330 2511.3
1352340 2516.5
1352350 2516.5
1352360 2521.7
1352370 2527.3
1352380 2527.3
1352390 2532.1
1352400 2533.3
1352410 2533.3
1352420 2537.0
1352430 2540.0
1352440 2540.0
1352450 2542.0
1352460 2544.6
1352470 2544.6
1352480 2549.1
1352490 2554.7
1352500 2554.7
1352510 2560.9
1352520 2567.6
1352530 2574.5
1352540 2574.5
1352550 2581.3
1352560 2587.6
1352570 2587.6
1352580 2593.5
1352590 2599.2
1352600 2599.2
1352610 2604.8
1352620 2610.5
1352630 2610.5
1352640 2616.4
1352650 2622.3
1352660 2622.3
1352670 2628.5
1352680 2634.6
1352690 2634.6
1352700 2640.9
1352710 2647.0
1352720 2653.6
1352730 2653.6
1352740 2660.0
1352750 2665.4
1352760 2665.4
1352770 2668.4
1352780 2668.3
1352790 2668.3
1352800 2667.7
1352810 2666.9
1352820 2666.9
1352830 2667.0
1352840 2667.8
1352850 2667.8
1352860 2669.2
1352870 2671.4
1352880 2671.4
1352890 2674.1
1352900 2677.5
1352910 2677.5
1352920 2681.1
1352930 2685.0
1352940 2689.4
1352950 2689.4
1352960 2693.9
1352970 2698.7
1352980 2698.7
1352990 2703.1
1353000 2706.6
1353010 2706.6
1353020 2709.6
1353030 2712.5
1353040 2712.5
1353050 2715.2
1353060 2718.0
1353070 2718.0
1353080 2720.5
1353090 2723.7
1353100 2723.7
1353110 2726.4
1353120 2728.7
1353130 2731.2
1353140 2731.2
1353150 2733.1
1353160 2734.9
1353170 2734.9
1353180 2736.9
1353190 2738.5
1353200 2738.5
1353210 2740.0
1353220 2741.5
1353230 2741.5
1353240 2743.1
1353250 2745.3
1353260 2745.3
1353270 2747.0
1353280 2748.5
1353290 2748.5
1353300 2750.4
1353310 2752.7
1353320 2752.7
1353330 2755.0
1353340 2756.9
1353350 2759.1
1353360 2760.6
1353370 2762.9
1353380 2765.1
1353390 2765.1
1353400 2767.1
1353410 2769.2
1353420 2769.2
1353430 2771.3
1353440 2773.6
1353450 2773.6
1353460 2776.0
1353470 2778.9
1353480 2778.9
1353490 2783.7
1353500 2789.4
1353510 2789.4
1353520 2794.6
1353530 2798.0
1353540 2800.5
1353550 2800.5
1353560 2802.6
1353570 2804.9
1353580 2804.9
1353590 2808.0
1353600 2811.8
1353610 2811.8
1353620 2816.2
1353630 2822.3
1353640 2822.3
1353650 2831.1
1353660 2840.7
1353670 2840.7
1353680 2852.7
1353690 2865.3
1353700 2865.3
1353710 2873.2
1353720 2878.3
1353730 2878.3
1353740 2884.1
1353750 2893.4
1353760 2905.8
1353770 2905.8
1353780 2914.8
1353790 2922.2
1353800 2922.2
1353810 2927.9
1353820 2932.0
1353830 2932.0
1353840 2936.5
1353850 2941.9
1353860 2941.9
1353870 2948.4
1353880 2955.5
1353890 2955.5
1353900 2963.5
1353910 2973.8
1353920 2973.8
1353930 2988.6
1353940 3003.7
1353950 3014.9
1353960 3014.9
1353970 3022.5
1353980 3015.4
1353990 3015.4
1354000 2998.6
1354010 2979.0
1354020 2979.0
1354030 2963.0
1354040 2956.8
1354050 2956.8
1354060 2954.3
1354070 2952.9
1354080 2952.9
1354090 2952.4
1354100 2945.4
1354110 2945.4
1354120 2926.1
1354130 2908.7
1354140 2908.7
1354150 2893.5
1354160 2876.6
1354170 2859.4
1354180 2859.4
1354190 2848.9
1354200 2840.4
1354210 2840.4
1354220 2833.7
1354230 2827.2
1354240 2827.2
1354250 2820.7
1354260 2814.2
1354270 2814.2
1354280 2807.8
1354290 2801.9
1354300 2801.9
1354310 2795.9
1354320 2790.0
1354330 2785.8
1354340 2779.8
1354350 2773.9
1354360 2768.6
1354370 2768.6
1354380 2763.8
1354390 2759.6
1354400 2759.6
1354410 2754.8
1354420 2750.5
1354430 2750.5
1354440 2746.6
1354450 2743.2
1354460 2743.2
1354470 2739.6
1354480 2734.7
1354490 2734.7
1354500 2730.2
1354510 2727.1
1354520 2727.1
1354530 2724.4
1354540 2722.6
1354550 2722.6
1354560 2719.9
1354570 2716.6
1354580 2713.3
1354590 2713.3
1354600 2709.6
1354610 2705.7
1354620 2705.7
1354630 2702.2
1354640 2697.8
1354650 2697.8
1354660 2693.1
1354670 2687.3
1354680 2687.3
1354690 2681.1
1354700 2677.2
1354710 2677.2
1354720 2673.5
1354730 2669.0
1354740 2669.0
1354750 2664.5
1354760 2660.4
1354770 2660.4
1354780 2657.3
1354790 2652.9
1354800 2647.4
1354810 2647.4
1354820 2641.8
1354830 2636.8
1354840 2636.8
1354850 2630.0
1354860 2616.5
1354870 2616.5
1354880 2603.0
1354890 2593.6
1354900 2593.6
1354910 2587.1
1354920 2581.4
1354930 2581.4
1354940 2575.6
1354950 2570.1
1354960 2570.1
1354970 2564.7
1354980 2559.3
1354990 2555.1
1355000 2555.1
1355010 2550.8
1355020 2546.8
1355030 2546.8
1355040 2543.3
1355050 2539.6
1355060 2539.6
1355070 2537.4
1355080 2534.9
1355090 2534.9
1355100 2532.0
1355110 2531.6
1355120 2531.6
1355130 2528.5
1355140 2524.0
1355150 2524.0
1355160 2520.4
1355170 2517.3
1355180 2517.3
1355190 2513.2
1355200 2507.7
1355210 2502.6
1355220 2502.6
1355230 2497.7
1355240 2492.3
1355250 2492.3
1355260 2487.8
1355270 2484.6
1355280 2484.6
1355290 2481.8
1355300 2480.8
1355310 2475.0
1355320 2471.4
1355330 2465.2
1355340 2465.2
1355350 2463.9
1355360 2462.3
1355370 2462.3
1355380 2459.4
1355390 2454.8
1355400 2449.3
1355410 2449.3
1355420 2444.1
1355430 2438.0
1355440 2438.0
1355450 2433.0
1355460 2428.6
1355470 2428.6
1355480 2422.8
1355490 2417.4
1355500 2417.4
1355510 2411.5
1355520 2407.4
1355530 2407.4
1355540 2406.6
1355550 2407.3
1355560 2407.3
1355570 2405.6
1355580 2402.4
1355590 2402.4
1355600 2397.3
1355610 2391.6
1355620 2387.9
1355630 2387.9
1355640 2382.8
1355650 2375.5
1355660 2375.5
1355670 2368.1
1355680 2362.0
1355690 2362.0
1355700 2355.0
1355710 2347.4
1355720 2347.4
1355730 2339.6
1355740 2332.5
1355750 2332.5
1355760 2325.5
1355770 2318.6
1355780 2318.6
1355790 2312.8
1355800 2307.9
1355810 2303.2
1355820 2303.2
1355830 2296.3
1355840 2287.4
1355850 2287.4
1355860 2280.0
1355870 2277.4
1355880 2277.4
1355890 2272.9
1355900 2267.2
1355910 2267.2
1355920 2265.9
1355930 2262.6
1355940 2262.6
1355950 2259.4
1355960 2255.6
1355970 2255.6
1355980 2252.8
1355990 2252.9
1356000 2252.9
1356010 2252.5
1356020 2254.2
1356030 2255.5
1356040 2255.5
1356050 2258.2
1356060 2263.3
1356070 2263.3
1356080 2265.9
1356090 2267.6
1356100 2267.6
1356110 2271.1
1356120 2270.4
1356130 2270.4
1356140 2270.6
1356150 2276.9
1356160 2276.9
1356170 2279.7
1356180 2282.5
1356190 2282.5
1356200 2285.6
1356210 2290.0
1356220 2296.2
1356230 2296.2
1356240 2301.8
1356250 2306.2
1356260 2306.2
1356270 2310.6
1356280 2314.0
1356290 2312.8
1356300 2317.7
1356310 2323.8
1356320 2323.8
1356330 2331.3
1356340 2340.5
1356350 2340.5
1356360 2350.1
1356370 2360.7
1356380 2360.7
1356390 2367.1
1356400 2372.9
1356410 2372.9
1356420 2378.9
1356430 2384.9
1356440 2390.4
1356450 2390.4
1356460 2394.7
1356470 2399.5
1356480 2399.5
1356490 2404.1
1356500 2410.0
1356510 2410.0
1356520 2418.3
1356530 2424.2
1356540 2424.2
1356550 2427.6
1356560 2431.8
1356570 2431.8
1356580 2437.2
1356590 2442.3
1356600 2442.3
1356610 2444.8
1356620 2445.1
1356630 2445.1
1356640 2446.7
1356650 2449.1
1356660 2450.5
1356670 2450.5
1356680 2450.4
1356690 2450.3
1356700 2450.3
1356710 2450.6
1356720 2450.3
1356730 2450.3
1356740 2451.3
1356750 2454.8
1356760 2454.8
1356770 2459.1
1356780 2463.6
1356790 2463.6
1356800 2469.6
1356810 2476.9
1356820 2476.9
1356830 2484.9
1356840 2490.8
1356850 2496.2
1356860 2496.2
1356870 2502.3
1356880 2507.9
1356890 2507.9
1356900 2513.0
1356910 2517.6
1356920 2517.6
1356930 2522.2
1356940 2527.4
1356950 2527.4
1356960 2532.1
1356970 2535.8
1356980 2535.8
1356990 2540.3
1357000 2546.4
1357010 2546.4
1357020 2551.7
1357030 2557.0
1357040 2557.0
1357050 2561.8
1357060 2564.9
1357070 2567.9
1357080 2567.9
1357090 2572.7
1357100 2577.1
1357110 2577.1
1357120 2580.9
1357130 2584.4
1357140 2584.4
1357150 2588.5
1357160 2593.1
1357170 2593.1
1357180 2597.6
1357190 2601.9
1357200 2601.9
1357210 2606.0
1357220 2609.3
1357230 2609.3
1357240 2611.8
1357250 2614.8
1357260 2617.8
1357270 2617.8
1357280 2617.9
1357290 2621.4
1357300 2621.4
1357310 2625.3
1357320 2628.9
1357330 2628.9
1357340 2633.1
1357350 2637.9
1357360 2637.9
1357370 2643.2
1357380 2648.6
1357390 2648.6
1357400 2654.3
1357410 2660.3
1357420 2660.3
1357430 2666.4
1357440 2672.5
1357450 2672.5
1357460 2676.8
1357470 2678.8
1357480 2681.3
1357490 2681.3
1357500 2684.5
1357510 2687.7
1357520 2687.7
1357530 2691.6
1357540 2696.6
1357550 2696.6
1357560 2701.0
1357570 2704.9
1357580 2704.9
1357590 2708.7
1357600 2712.3
1357610 2712.3
1357620 2715.9
1357630 2719.8
1357640 2719.8
1357650 2724.2
1357660 2729.2
1357670 2734.3
1357680 2734.3
1357690 2739.0
1357700 2743.9
1357710 2743.9
1357720 2747.8
1357730 2751.0
1357740 2751.0
1357750 2754.4
1357760 2757.9
1357770 2757.9
1357780 2760.8
1357790 2763.2
1357800 2763.2
1357810 2765.7
1357820 2768.5
1357830 2768.5
1357840 2771.2
1357850 2774.8
1357860 2774.8
1357870 2780.2
1357880 2786.0
1357890 2792.4
1357900 2792.4
1357910 2797.4
1357920 2800.2
1357930 2800.2
1357940 2802.4
1357950 2805.8
1357960 2805.8
1357970 2808.1
1357980 2811.2
1357990 2811.2
1358000 2815.4
1358010 2820.0
1358020 2820.0
1358030 2824.7
1358040 2829.4
1358050 2829.4
1358060 2832.5
1358070 2835.1
1358080 2838.8
1358090 2838.8
1358100 2843.5
1358110 2849.1
1358120 2849.1
1358130 2854.5
1358140 2859.2
1358150 2859.2
1358160 2864.3
1358170 2870.1
1358180 2870.1
1358190 2878.8
1358200 2890.3
1358210 2890.3
1358220 2902.2
1358230 2914.3
1358240 2914.3
1358250 2930.2
1358260 2947.9
1358270 2947.9
1358280 2969.2
1358290 2978.4
1358300 2978.6
1358310 2978.6
1358320 2975.2
1358330 2972.3
1358340 2972.3
1358350 2971.7
1358360 2973.0
1358370 2973.0
1358380 2976.1
1358390 2979.6
1358400 2979.6
1358410 2983.9
1358420 2988.9
1358430 2988.9
1358440 2994.5
1358450 3000.7
1358460 3000.7
1358470 3007.8
1358480 3016.2
1358490 3016.2
1358500 3027.6
1358510 3036.6
1358520 3046.1
1358530 3046.1
1358540 3055.8
1358550 3062.4
1358560 3062.4
1358570 3067.9
1358580 3074.3
1358590 3074.3
1358600 3081.5
1358610 3089.9
1358620 3089.9
1358630 3101.2
1358640 3114.2
1358650 3114.2
1358660 3129.1
1358670 3146.3
1358680 3146.3
1358690 3165.4
1358700 3179.0
1358710 3183.7
1358720 3183.7
1358730 3172.5
1358740 3151.3
1358750 3151.3
1358760 3134.6
1358770 3116.8
1358780 3116.8
1358790 3102.9
1358800 3097.0
1358810 3097.0
1358820 3091.1
1358830 3083.8
1358840 3083.8
1358850 3078.5
1358860 3075.0
1358870 3075.0
1358880 3072.6
1358890 3069.8
1358900 3069.8
1358910 3067.9
1358920 3065.8
1358930 3062.4
1358940 3062.4
1358950 3057.3
1358960 3051.2
1358970 3051.2
1358980 3046.1
1358990 3039.8
1359000 3039.8
1359010 3038.5
1359020 3031.3
1359030 3031.3
1359040 3022.3
1359050 3012.7
1359060 3012.7
1359070 3003.4
1359080 2994.4
1359090 2994.4
1359100 2981.3
1359110 2967.9
1359120 2955.2
1359130 2955.2
1359140 2947.2
1359150 2941.2
1359160 2941.2
1359170 2935.4
1359180 2930.5
1359190 2930.5
1359200 2926.3
1359210 2922.6
1359220 2922.6
1359230 2919.5
1359240 2916.3
1359250 2916.3
1359260 2910.2
1359270 2902.2
1359280 2902.2
1359290 2892.9
1359300 2883.2
1359310 2883.2
1359320 2872.7
1359330 2864.3
1359340 2860.8
1359350 2860.8
1359360 2857.5
1359370 2852.4
1359380 2852.4
1359390 2847.7
1359400 2842.0
1359410 2842.0
1359420 2835.0
1359430 2829.6
1359440 2829.6
1359450 2824.9
1359460 2816.5
1359470 2816.5
1359480 2810.6
1359490 2807.8
1359500 2807.8
1359510 2805.9
1359520 2804.6
1359530 2803.0
1359540 2803.0
1359550 2801.4
1359560 2798.5
1359570 2798.5
1359580 2796.2
1359590 2795.6
1359600 2795.6
1359610 2795.2
1359620 2795.1
1359630 2795.1
1359640 2794.9
1359650 2794.9
1359660 2794.9
1359670 2793.7
1359680 2790.9
1359690 2790.9
1359700 2788.5
1359710 2786.6
1359720 2786.6
1359730 2785.2
1359740 2784.8
1359750 2785.5
1359760 2785.5
1359770 2784.0
1359780 2780.7
1359790 2780.7
1359800 2777.8
1359810 2777.2
1359820 2777.2
1359830 2778.4
1359840 2781.9
1359850 2781.9
1359860 2786.4
1359870 2787.8
1359880 2787.8
1359890 2788.6
1359900 2791.5
1359910 2791.5
1359920 2794.9
1359930 2799.6
1359940 2803.2
1359950 2803.2
1359960 2806.0
1359970 2808.5
1359980 2808.5
1359990 2811.3
