1349570 2723.3
1349580 2723.3
1349590 2727.1
1349600 2732.6
1349610 2732.6
1349620 2738.5
1349630 2744.2
1349640 2744.2
1349650 2749.5
1349660 2754.9
1349670 2754.9
1349680 2760.2
1349690 2767.1
1349700 2767.1
1349710 2776.5
1349720 2787.8
1349730 2797.9
1349740 2797.9
1349750 2807.4
1349760 2818.5
1349770 2818.5
1349780 2827.1
1349790 2833.4
1349800 2833.4
1349810 2839.1
1349820 2843.5
1349830 2843.5
1349840 2847.3
1349850 2851.6
1349860 2851.6
1349870 2856.4
1349880 2862.3
1349890 2862.3
1349900 2869.4
1349910 2878.9
1349920 2878.9
1349930 2888.6
1349940 2899.1
1349950 2909.3
1349960 2909.3
1349970 2918.1
1349980 2926.1
1349990 2926.1
1350000 2935.0
1350010 2943.4
1350020 2943.4
1350030 2960.2
1350040 2968.8
1350050 2968.8
1350060 2975.7
1350070 2982.8
1350080 2982.8
1350090 2990.6
1350100 2997.9
1350110 2997.9
1350120 3006.1
1350130 3013.7
1350140 3020.6
1350150 3020.6
1350160 3028.5
1350170 3036.6
1350180 3036.6
1350190 3041.9
1350200 3035.7
1350210 3035.7
1350220 3027.0
1350230 3016.7
1350240 3016.7
1350250 3004.1
1350260 2989.5
1350270 2989.5
1350280 2972.3
1350290 2956.4
1350300 2956.4
1350310 2942.8
1350320 2931.5
1350330 2931.5
1350340 2922.6
1350350 2915.5
1350360 2909.9
1350370 2909.9
1350380 2903.0
1350390 2897.0
1350400 2897.0
1350410 2892.5
1350420 2887.5
1350430 2887.5
1350440 2882.6
1350450 2879.8
1350460 2879.8
1350470 2876.8
1350480 2875.5
1350490 2875.5
1350500 2873.2
1350510 2871.0
1350520 2871.0
1350530 2868.3
1350540 2867.8
1350550 2867.8
1350560 2872.7
1350570 2880.4
1350580 2888.4
1350590 2888.4
1350600 2891.3
1350610 2891.0
1350620 2891.0
1350630 2888.1
1350640 2884.5
1350650 2884.5
1350660 2880.7
1350670 2876.3
1350680 2876.3
1350690 2872.7
1350700 2868.8
1350710 2868.8
1350720 2866.4
1350730 2865.3
1350740 2865.3
1350750 2861.8
1350760 2859.3
1350770 2857.2
1350780 2857.2
1350790 2856.5
1350800 2855.5
1350810 2855.5
1350820 2854.7
1350830 2854.7
1350840 2854.7
1350850 2855.9
1350860 2856.5
1350870 2856.5
1350880 2857.8
1350890 2859.9
1350900 2859.9
1350910 2861.8
1350920 2863.6
1350930 2863.6
1350940 2863.8
1350950 2861.6
1350960 2861.6
1350970 2856.8
1350980 2854.3
1350990 2851.8
1351000 2851.8
1351010 2849.4
1351020 2846.3
1351030 2846.3
1351040 2841.7
1351050 2835.6
1351060 2835.6
1351070 2828.1
1351080 2819.6
1351090 2819.6
1351100 2811.1
1351110 2804.7
1351120 2804.7
1351130 2800.4
1351140 2797.4
1351150 2797.4
1351160 2795.1
1351170 2791.9
1351180 2783.9
1351190 2783.9
1351200 2777.9
1351210 2775.3
1351220 2775.3
1351230 2774.4
1351240 2774.5
1351250 2774.5
1351260 2775.7
1351270 2776.8
1351280 2776.8
1351290 2777.9
1351300 2778.5
1351310 2778.5
1351320 2779.3
1351330 2782.4
1351340 2782.4
1351350 2788.9
1351360 2789.6
1351370 2789.6
1351380 2764.4
1351390 2743.4
1351400 2735.9
1351410 2735.9
1351420 2730.0
1351430 2724.0
1351440 2724.0
1351450 2718.1
1351460 2712.3
1351470 2712.3
1351480 2706.4
1351490 2700.7
1351500 2700.7
1351510 2695.4
1351520 2690.1
1351530 2690.1
1351540 2685.0
1351550 2680.2
1351560 2680.2
1351570 2675.4
1351580 2670.6
1351590 2670.6
1351600 2665.8
1351610 2662.8
1351620 2660.4
1351630 2660.4
1351640 2657.4
1351650 2653.9
1351660 2653.9
1351670 2650.1
1351680 2646.1
1351690 2646.1
1351700 2641.8
1351710 2638.1
1351720 2638.1
1351730 2634.5
1351740 2630.8
1351750 2630.8
1351760 2627.7
1351770 2624.8
1351780 2624.8
1351790 2621.8
1351800 2618.6
1351810 2615.2
1351820 2615.2
1351830 2613.1
1351840 2612.2
1351850 2612.2
1351860 2612.3
1351870 2613.8
1351880 2613.8
1351890 2615.1
1351900 2614.6
1351910 2614.6
1351920 2614.1
1351930 2610.0
1351940 2610.0
1351950 2609.0
1351960 2606.7
1351970 2606.7
1351980 2604.0
1351990 2602.2
1352000 2602.2
1352010 2599.5
1352020 2596.1
1352030 2590.9
1352040 2590.9
1352050 2585.7
1352060 2580.8
1352070 2580.8
1352080 2578.5
1352090 2576.4
1352100 2576.4
1352110 2573.4
1352120 2570.9
1352130 2570.9
1352140 2568.2
1352150 2563.9
1352160 2563.9
1352170 2559.7
1352180 2555.5
1352190 2555.5
1352200 2551.4
1352210 2548.4
1352220 2545.0
1352230 2545.0
1352240 2542.4
1352250 2540.1
1352260 2540.1
1352270 2538.6
1352280 2537.2
1352290 2537.2
1352300 2535.8
1352310 2534.9
1352320 2534.9
1352330 2533.4
1352340 2533.3
1352350 2533.3
1352360 2534.0
1352370 2534.9
1352380 2534.9
1352390 2536.4
1352400 2538.8
1352410 2538.8
1352420 2541.9
1352430 2546.9
1352440 2550.9
1352450 2550.9
1352460 2553.3
1352470 2555.2
1352480 2555.2
1352490 2556.4
1352500 2557.7
1352510 2557.7
1352520 2559.1
1352530 2560.5
1352540 2560.5
1352550 2562.0
1352560 2563.5
1352570 2563.5
1352580 2565.2
1352590 2567.5
1352600 2567.5
1352610 2570.1
1352620 2573.1
1352630 2573.1
1352640 2576.0
1352650 2579.3
1352660 2584.4
1352670 2584.4
1352680 2590.9
1352690 2597.2
1352700 2597.2
1352710 2603.6
1352720 2609.6
1352730 2609.6
1352740 2615.2
1352750 2621.5
1352760 2621.5
1352770 2627.9
1352780 2634.2
1352790 2634.2
1352800 2640.0
1352810 2644.9
1352820 2644.9
1352830 2649.8
1352840 2654.6
1352850 2659.5
1352860 2659.5
1352870 2664.0
1352880 2668.4
1352890 2671.6
1352900 2676.3
1352910 2681.4
1352920 2681.4
1352930 2686.6
1352940 2692.5
1352950 2692.5
1352960 2698.6
1352970 2705.4
1352980 2705.4
1352990 2711.9
1353000 2718.1
1353010 2718.1
1353020 2724.4
1353030 2730.7
1353040 2730.7
1353050 2737.3
1353060 2743.9
1353070 2749.9
1353080 2749.9
1353090 2755.9
1353100 2761.6
1353110 2761.6
1353120 2767.2
1353130 2772.4
1353140 2772.4
1353150 2777.0
1353160 2781.1
1353170 2781.1
1353180 2784.5
1353190 2788.5
1353200 2788.5
1353210 2792.1
1353220 2795.3
1353230 2795.3
1353240 2798.3
1353250 2801.0
1353260 2804.1
1353270 2804.1
1353280 2807.9
1353290 2812.7
1353300 2812.7
1353310 2817.8
1353320 2822.4
1353330 2822.4
1353340 2826.8
1353350 2831.5
1353360 2831.5
1353370 2836.1
1353380 2840.5
1353390 2840.5
1353400 2844.5
1353410 2848.3
1353420 2848.3
1353430 2852.0
1353440 2856.1
1353450 2856.1
1353460 2860.6
1353470 2865.1
1353480 2870.1
1353490 2870.1
1353500 2874.8
1353510 2879.1
1353520 2879.1
1353530 2882.8
1353540 2886.0
1353550 2886.0
1353560 2887.6
1353570 2889.3
1353580 2889.3
1353590 2890.1
1353600 2890.6
1353610 2890.6
1353620 2892.8
1353630 2896.0
1353640 2896.0
1353650 2901.0
1353660 2905.8
1353670 2905.8
1353680 2908.8
1353690 2913.5
1353700 2918.3
1353710 2918.3
1353720 2922.5
1353730 2927.3
1353740 2927.3
1353750 2932.5
1353760 2938.7
1353770 2938.7
1353780 2945.4
1353790 2952.4
1353800 2952.4
1353810 2959.7
1353820 2966.9
1353830 2966.9
1353840 2974.0
1353850 2982.9
1353860 2982.9
1353870 2994.3
1353880 3004.1
1353890 3014.0
1353900 3014.0
1353910 3024.2
1353920 3034.6
1353930 3034.6
1353940 3045.5
1353950 3057.6
1353960 3057.6
1353970 3068.1
1353980 3079.2
1353990 3079.2
1354000 3090.7
1354010 3102.4
1354020 3102.4
1354030 3115.2
1354040 3132.5
1354050 3132.5
1354060 3154.5
1354070 3167.5
1354080 3167.5
1354090 3173.6
1354100 3178.5
1354110 3175.4
1354120 3175.4
1354130 3166.9
1354140 3151.7
1354150 3151.7
1354160 3136.0
1354170 3123.5
1354180 3123.5
1354190 3114.5
1354200 3106.5
1354210 3106.5
1354220 3099.9
1354230 3094.2
1354240 3094.2
1354250 3089.4
1354260 3083.4
1354270 3083.4
1354280 3071.9
1354290 3055.7
1354300 3041.9
1354310 3041.9
1354320 3026.5
1354330 3014.1
1354340 3014.1
1354350 2991.7
1354360 2968.0
1354370 2968.0
1354380 2951.0
1354390 2945.9
1354400 2945.9
1354410 2942.7
1354420 2940.6
1354430 2940.6
1354440 2938.1
1354450 2934.7
1354460 2934.7
1354470 2930.5
1354480 2926.0
1354490 2926.0
1354500 2921.9
1354510 2918.4
1354520 2915.5
1354530 2915.5
1354540 2913.2
1354550 2910.6
1354560 2910.6
1354570 2907.2
1354580 2903.7
1354590 2903.7
1354600 2899.5
1354610 2892.0
1354620 2892.0
1354630 2882.2
1354640 2872.1
1354650 2872.1
1354660 2860.1
1354670 2847.9
1354680 2847.9
1354690 2839.3
1354700 2829.8
1354710 2819.1
1354720 2819.1
1354730 2812.9
1354740 2809.7
1354750 2809.7
1354760 2807.4
1354770 2806.2
1354780 2806.2
1354790 2804.9
1354800 2803.4
1354810 2803.4
1354820 2801.8
1354830 2799.0
1354840 2799.0
1354850 2797.0
1354860 2795.6
1354870 2795.6
1354880 2795.5
1354890 2795.1
1354900 2795.1
1354910 2794.2
1354920 2792.1
1354930 2789.4
1354940 2789.4
1354950 2787.2
1354960 2785.2
1354970 2785.2
1354980 2783.2
1354990 2781.8
1355000 2781.8
1355010 2779.8
1355020 2777.6
1355030 2777.6
1355040 2775.0
1355050 2772.3
1355060 2772.3
1355070 2769.6
1355080 2767.2
1355090 2767.2
1355100 2765.1
1355110 2764.1
1355120 2764.1
1355130 2764.7
1355140 2764.5
1355150 2763.7
1355160 2763.7
1355170 2762.7
1355180 2762.7
1355190 2762.7
1355200 2763.8
1355210 2766.0
1355220 2766.0
1355230 2767.5
1355240 2767.2
1355250 2767.2
1355260 2766.4
1355270 2764.7
1355280 2764.7
1355290 2760.6
1355300 2755.2
1355310 2755.2
1355320 2749.9
1355330 2744.2
1355340 2738.2
1355350 2738.2
1355360 2732.9
1355370 2728.3
1355380 2728.3
1355390 2723.8
1355400 2719.7
1355410 2719.7
1355420 2715.9
1355430 2712.5
1355440 2712.5
1355450 2709.7
1355460 2707.3
1355470 2707.3
1355480 2705.7
1355490 2704.6
1355500 2704.6
1355510 2703.6
1355520 2701.8
1355530 2701.8
1355540 2700.0
1355550 2698.1
1355560 2695.9
1355570 2695.9
1355580 2693.4
1355590 2690.2
1355600 2690.2
1355610 2685.8
1355620 2681.7
1355630 2681.7
1355640 2678.9
1355650 2675.3
1355660 2675.3
1355670 2672.6
1355680 2670.2
1355690 2670.2
1355700 2667.7
1355710 2665.2
1355720 2665.2
1355730 2662.8
1355740 2660.4
1355750 2658.7
1355760 2658.7
1355770 2655.8
1355780 2651.5
1355790 2651.5
1355800 2646.5
1355810 2634.4
1355820 2634.4
1355830 2630.7
1355840 2625.6
1355850 2625.6
1355860 2619.1
1355870 2612.6
1355880 2612.6
1355890 2607.7
1355900 2604.8
1355910 2604.8
1355920 2601.3
1355930 2596.7
1355940 2596.7
1355950 2589.7
1355960 2581.4
1355970 2571.3
1355980 2571.3
1355990 2565.1
1356000 2559.9
1356010 2559.9
1356020 2554.9
1356030 2549.9
1356040 2549.9
1356050 2544.0
1356060 2537.2
1356070 2537.2
1356080 2531.0
1356090 2527.6
1356100 2527.6
1356110 2523.8
1356120 2517.6
1356130 2517.6
1356140 2511.3
1356150 2504.8
1356160 2504.8
1356170 2498.2
1356180 2493.3
1356190 2489.1
1356200 2489.1
1356210 2486.4
1356220 2482.9
1356230 2482.9
1356240 2478.7
1356250 2475.9
1356260 2475.9
1356270 2473.9
1356280 2469.8
1356290 2469.8
1356300 2464.0
1356310 2459.1
1356320 2459.1
1356330 2456.4
1356340 2454.3
1356350 2454.3
1356360 2452.0
1356370 2450.5
1356380 2451.7
1356390 2451.7
1356400 2456.2
1356410 2459.5
1356420 2459.5
1356430 2462.7
1356440 2466.4
1356450 2466.4
1356460 2470.6
1356470 2475.6
1356480 2475.6
1356490 2481.1
1356500 2487.5
1356510 2487.5
1356520 2494.7
1356530 2501.7
1356540 2501.7
1356550 2507.9
1356560 2513.7
1356570 2513.7
1356580 2519.4
1356590 2525.5
1356600 2531.5
1356610 2531.5
1356620 2535.4
1356630 2538.0
1356640 2538.0
1356650 2540.5
1356660 2545.0
1356670 2545.0
1356680 2550.2
1356690 2555.6
1356700 2555.6
1356710 2561.4
1356720 2566.2
1356730 2566.2
1356740 2570.1
1356750 2574.9
1356760 2574.9
1356770 2580.0
1356780 2584.8
1356790 2589.7
1356800 2589.7
1356810 2594.7
1356820 2598.9
1356830 2598.9
1356840 2602.8
1356850 2606.8
1356860 2606.8
1356870 2611.5
1356880 2616.3
1356890 2616.3
1356900 2620.6
1356910 2625.4
1356920 2625.4
1356930 2631.3
1356940 2637.1
1356950 2637.1
1356960 2642.3
1356970 2646.6
1356980 2646.6
1356990 2649.6
1357000 2651.5
1357010 2653.3
1357020 2653.3
1357030 2655.4
1357040 2658.3
1357050 2658.3
1357060 2661.0
1357070 2663.1
1357080 2663.1
1357090 2665.1
1357100 2667.4
1357110 2667.4
1357120 2670.9
1357130 2674.5
1357140 2674.5
1357150 2678.4
1357160 2682.4
1357170 2682.4
1357180 2686.5
1357190 2691.2
1357200 2691.2
1357210 2696.4
1357220 2700.9
1357230 2705.2
1357240 2705.2
1357250 2709.8
1357260 2714.6
1357270 2714.6
1357280 2719.8
1357290 2725.0
1357300 2725.0
1357310 2729.6
1357320 2733.8
1357330 2733.8
1357340 2738.2
1357350 2742.2
1357360 2742.2
1357370 2745.0
1357380 2748.0
1357390 2748.0
1357400 2750.9
1357410 2753.7
1357420 2756.3
1357430 2756.3
1357440 2758.5
1357450 2760.0
1357460 2760.0
1357470 2761.0
1357480 2762.9
1357490 2762.9
1357500 2765.8
1357510 2769.4
1357520 2769.4
1357530 2774.2
1357540 2779.6
1357550 2779.6
1357560 2783.8
1357570 2787.5
1357580 2787.5
1357590 2791.2
1357600 2794.1
1357610 2794.1
1357620 2796.5
1357630 2799.4
1357640 2802.5
1357650 2802.5
1357660 2805.5
1357670 2808.6
1357680 2808.6
1357690 2811.1
1357700 2813.5
1357710 2813.5
1357720 2815.6
1357730 2817.3
1357740 2817.3
1357750 2819.0
1357760 2820.7
1357770 2820.7
1357780 2822.5
1357790 2824.0
1357800 2824.0
1357810 2826.0
1357820 2828.4
1357830 2831.0
1357840 2831.0
1357850 2833.9
1357860 2837.0
1357870 2837.0
1357880 2840.3
1357890 2843.9
1357900 2843.9
1357910 2847.8
1357920 2851.9
1357930 2851.9
1357940 2856.3
1357950 2860.7
1357960 2860.7
1357970 2865.7
1357980 2870.7
1357990 2870.7
1358000 2877.1
1358010 2887.6
1358020 2887.6
1358030 2901.7
1358040 2912.5
1358050 2922.3
1358060 2922.3
1358070 2931.4
1358080 2940.7
1358090 2940.7
1358100 2949.9
1358110 2958.7
1358120 2958.7
1358130 2967.8
1358140 2976.5
1358150 2976.5
1358160 2983.7
1358170 2989.4
1358180 2989.4
1358190 2996.0
1358200 3002.1
1358210 3002.1
1358220 3006.5
1358230 3011.2
1358240 3015.6
1358250 3015.6
1358260 3020.3
1358270 3024.2
1358280 3024.2
1358290 3028.0
1358300 3032.2
1358310 3032.2
1358320 3036.1
1358330 3039.8
1358340 3039.8
1358350 3043.1
1358360 3046.9
1358370 3046.9
1358380 3050.5
1358390 3053.7
1358400 3053.7
1358410 3057.4
1358420 3062.2
1358430 3062.2
1358440 3067.5
1358450 3073.1
1358460 3078.1
1358470 3078.1
1358480 3082.7
1358490 3087.5
1358500 3087.5
1358510 3092.5
1358520 3097.0
1358530 3097.0
1358540 3100.0
1358550 3102.5
1358560 3102.5
1358570 3106.0
1358580 3109.8
1358590 3109.8
1358600 3114.4
1358610 3118.1
1358620 3118.1
1358630 3121.9
1358640 3127.1
1358650 3127.1
1358660 3131.8
1358670 3137.9
1358680 3144.2
1358690 3144.2
1358700 3151.1
1358710 3158.9
1358720 3158.9
1358730 3165.7
1358740 3172.0
1358750 3172.0
1358760 3179.2
1358770 3185.2
1358780 3185.2
1358790 3198.1
1358800 3203.9
1358810 3203.9
1358820 3211.2
1358830 3218.9
1358840 3218.9
1358850 3227.0
1358860 3234.6
1358870 3242.9
1358880 3242.9
1358890 3252.2
1358900 3262.0
1358910 3262.0
1358920 3271.5
1358930 3281.5
1358940 3281.5
1358950 3293.6
1358960 3304.3
1358970 3304.3
1358980 3315.5
1358990 3316.6
1359000 3316.6
1359010 3294.5
1359020 3267.6
1359030 3267.6
1359040 3253.6
1359050 3242.2
1359060 3242.2
1359070 3231.5
1359080 3220.9
1359090 3213.5
1359100 3213.5
1359110 3205.0
1359120 3200.6
1359130 3200.6
1359140 3194.4
1359150 3183.5
1359160 3183.5
1359170 3165.8
1359180 3152.4
1359190 3152.4
1359200 3146.9
1359210 3142.0
1359220 3142.0
1359230 3137.8
1359240 3134.0
1359250 3134.0
1359260 3130.8
1359270 3127.9
1359280 3125.1
1359290 3125.1
1359300 3122.4
1359310 3120.2
1359320 3120.2
1359330 3118.8
1359340 3117.8
1359350 3117.8
1359360 3117.6
1359370 3117.8
1359380 3117.8
1359390 3118.5
1359400 3119.5
1359410 3119.5
1359420 3120.9
1359430 3122.4
1359440 3122.4
1359450 3124.0
1359460 3125.6
1359470 3125.6
1359480 3126.8
1359490 3127.3
1359500 3126.5
1359510 3126.5
1359520 3124.2
1359530 3126.0
1359540 3126.0
1359550 3132.2
1359560 3135.0
1359570 3135.0
1359580 3135.4
1359590 3129.1
1359600 3129.1
1359610 3116.9
1359620 3103.2
1359630 3103.2
1359640 3090.9
1359650 3076.7
1359660 3076.7
1359670 3065.9
1359680 3055.1
1359690 3055.1
1359700 3046.7
1359710 3040.7
1359720 3035.5
1359730 3035.5
1359740 3030.3
1359750 3025.4
1359760 3025.4
1359770 3018.7
1359780 3012.4
1359790 3012.4
1359800 3007.2
1359810 3009.5
1359820 3009.5
1359830 2999.9
1359840 2993.0
1359850 2993.0
1359860 2982.3
1359870 2966.2
1359880 2966.2
1359890 2951.3
1359900 2937.7
1359910 2927.5
1359920 2927.5
1359930 2915.7
1359940 2907.1
1359950 2907.1
1359960 2899.9
1359970 2893.4
1359980 2893.4
1359990 2887.3
