1349140 2622.1
1349150 2622.1
1349160 2626.8
1349170 2633.2
1349180 2633.2
1349190 2639.7
1349200 2646.8
1349210 2653.7
1349220 2653.7
1349230 2660.2
1349240 2666.0
1349250 2666.0
1349260 2671.9
1349270 2678.1
1349280 2678.1
1349290 2684.5
1349300 2690.8
1349310 2690.8
1349320 2696.7
1349330 2702.3
1349340 2702.3
1349350 2706.8
1349360 2710.2
1349370 2710.2
1349380 2712.8
1349390 2716.7
1349400 2721.0
1349410 2721.0
1349420 2724.5
1349430 2727.2
1349440 2728.0
1349450 2730.7
1349460 2733.7
1349470 2733.7
1349480 2736.4
1349490 2739.1
1349500 2739.1
1349510 2741.7
1349520 2744.4
1349530 2744.4
1349540 2747.2
1349550 2750.3
1349560 2750.3
1349570 2754.9
1349580 2760.4
1349590 2760.4
1349600 2765.9
1349610 2771.5
1349620 2776.4
1349630 2776.4
1349640 2781.5
1349650 2785.9
1349660 2785.9
1349670 2790.1
1349680 2795.0
1349690 2795.0
1349700 2799.5
1349710 2803.4
1349720 2803.4
1349730 2807.9
1349740 2813.2
1349750 2813.2
1349760 2817.9
1349770 2823.0
1349780 2823.0
1349790 2827.8
1349800 2832.2
1349810 2832.2
1349820 2836.8
1349830 2841.9
1349840 2847.2
1349850 2847.2
1349860 2853.1
1349870 2859.6
1349880 2859.6
1349890 2866.6
1349900 2872.6
1349910 2872.6
1349920 2879.8
1349930 2888.5
1349940 2888.5
1349950 2897.0
1349960 2903.4
1349970 2903.4
1349980 2909.5
1349990 2916.6
1350000 2916.6
1350010 2922.8
1350020 2928.5
1350030 2933.4
1350040 2933.4
1350050 2938.0
1350060 2942.1
1350070 2942.1
1350080 2946.8
1350090 2951.7
1350100 2951.7
1350110 2958.3
1350120 2965.6
1350130 2965.6
1350140 2972.4
1350150 2978.6
1350160 2978.6
1350170 2984.1
1350180 2989.6
1350190 2989.6
1350200 2995.9
1350210 3002.1
1350220 3002.1
1350230 3009.0
1350240 3016.3
1350250 3024.4
1350260 3024.4
1350270 3032.8
1350280 3041.2
1350290 3041.2
1350300 3048.9
1350310 3055.5
1350320 3055.5
1350330 3057.2
1350340 3055.1
1350350 3055.1
1350360 3050.0
1350370 3045.0
1350380 3037.3
1350390 3031.1
1350400 3026.6
1350410 3026.6
1350420 3024.8
1350430 3022.4
1350440 3018.1
1350450 3018.1
1350460 3012.3
1350470 3005.2
1350480 3005.2
1350490 2993.0
1350500 2985.5
1350510 2985.5
1350520 2984.6
1350530 2983.8
1350540 2983.8
1350550 2984.2
1350560 2981.5
1350570 2981.5
1350580 2970.2
1350590 2962.9
1350600 2962.9
1350610 2960.8
1350620 2963.5
1350630 2963.5
1350640 2962.3
1350650 2953.2
1350660 2939.6
1350670 2939.6
1350680 2925.1
1350690 2907.7
1350700 2907.7
1350710 2892.6
1350720 2870.6
1350730 2870.6
1350740 2851.2
1350750 2841.7
1350760 2841.7
1350770 2836.5
1350780 2823.6
1350790 2823.6
1350800 2813.2
1350810 2807.5
1350820 2807.5
1350830 2801.6
1350840 2795.7
1350850 2795.7
1350860 2789.6
1350870 2783.1
1350880 2776.7
1350890 2776.7
1350900 2770.3
1350910 2764.2
1350920 2764.2
1350930 2758.4
1350940 2752.9
1350950 2752.9
1350960 2748.1
1350970 2744.1
1350980 2744.1
1350990 2740.7
1351000 2737.4
1351010 2737.4
1351020 2735.7
1351030 2736.2
1351040 2736.2
1351050 2734.4
1351060 2732.0
1351070 2728.7
1351080 2728.7
1351090 2725.8
1351100 2722.5
1351110 2722.5
1351120 2718.8
1351130 2716.5
1351140 2716.5
1351150 2714.3
1351160 2711.1
1351170 2711.1
1351180 2706.7
1351190 2704.6
1351200 2704.6
1351210 2703.6
1351220 2698.3
1351230 2698.3
1351240 2691.6
1351250 2686.1
1351260 2686.1
1351270 2681.1
1351280 2678.0
1351290 2675.4
1351300 2675.4
1351310 2671.6
1351320 2668.4
1351330 2664.6
1351340 2662.1
1351350 2659.1
1351360 2659.1
1351370 2653.8
1351380 2650.4
1351390 2650.4
1351400 2645.8
1351410 2640.4
1351420 2640.4
1351430 2634.1
1351440 2627.7
1351450 2627.7
1351460 2620.6
1351470 2613.5
1351480 2608.9
1351490 2608.9
1351500 2604.4
1351510 2598.6
1351520 2598.6
1351530 2592.5
1351540 2588.6
1351550 2588.6
1351560 2584.1
1351570 2579.8
1351580 2579.8
1351590 2575.9
1351600 2573.3
1351610 2573.3
1351620 2571.7
1351630 2569.7
1351640 2569.7
1351650 2566.1
1351660 2563.1
1351670 2563.1
1351680 2562.1
1351690 2560.5
1351700 2558.8
1351710 2558.8
1351720 2556.1
1351730 2552.8
1351740 2552.8
1351750 2550.0
1351760 2547.2
1351770 2547.2
1351780 2545.8
1351790 2544.8
1351800 2544.8
1351810 2541.9
1351820 2537.1
1351830 2537.1
1351840 2531.0
1351850 2525.1
1351860 2525.1
1351870 2519.6
1351880 2513.6
1351890 2508.9
1351900 2508.9
1351910 2505.3
1351920 2501.9
1351930 2501.9
1351940 2498.9
1351950 2495.5
1351960 2495.5
1351970 2491.7
1351980 2487.3
1351990 2487.3
1352000 2482.8
1352010 2478.0
1352020 2478.0
1352030 2474.0
1352040 2471.5
1352050 2471.5
1352060 2469.8
1352070 2468.8
1352080 2468.8
1352090 2467.4
1352100 2467.0
1352110 2468.5
1352120 2468.5
1352130 2466.8
1352140 2463.4
1352150 2463.4
1352160 2463.2
1352170 2465.8
1352180 2465.8
1352190 2470.0
1352200 2473.0
1352210 2473.0
1352220 2474.4
1352230 2478.6
1352240 2478.6
1352250 2484.4
1352260 2492.2
1352270 2492.2
1352280 2496.8
1352290 2500.6
1352300 2500.6
1352310 2504.3
1352320 2508.4
1352330 2512.3
1352340 2512.3
1352350 2516.6
1352360 2521.5
1352370 2521.5
1352380 2525.8
1352390 2530.4
1352400 2530.4
1352410 2535.3
1352420 2540.6
1352430 2540.6
1352440 2546.9
1352450 2553.5
1352460 2553.5
1352470 2559.6
1352480 2564.3
1352490 2564.3
1352500 2569.1
1352510 2574.3
1352520 2579.0
1352530 2579.0
1352540 2583.6
1352550 2589.0
1352560 2589.0
1352570 2595.1
1352580 2602.1
1352590 2602.1
1352600 2608.9
1352610 2617.5
1352620 2617.5
1352630 2626.4
1352640 2634.4
1352650 2634.4
1352660 2641.1
1352670 2646.7
1352680 2646.7
1352690 2653.0
1352700 2660.5
1352710 2660.5
1352720 2667.8
1352730 2675.5
1352740 2682.3
1352750 2682.3
1352760 2689.3
1352770 2697.0
1352780 2697.0
1352790 2703.2
1352800 2707.6
1352810 2707.6
1352820 2713.0
1352830 2717.8
1352840 2717.8
1352850 2723.6
1352860 2728.9
1352870 2728.9
1352880 2733.1
1352890 2736.6
1352900 2736.6
1352910 2740.9
1352920 2745.6
1352930 2750.5
1352940 2750.5
1352950 2755.0
1352960 2759.8
1352970 2759.8
1352980 2765.3
1352990 2772.0
1353000 2772.0
1353010 2778.5
1353020 2782.7
1353030 2782.7
1353040 2785.6
1353050 2787.4
1353060 2787.4
1353070 2789.1
1353080 2791.8
1353090 2791.8
1353100 2795.0
1353110 2799.1
1353120 2799.1
1353130 2804.4
1353140 2809.5
1353150 2813.6
1353160 2813.6
1353170 2816.6
1353180 2818.5
1353190 2818.5
1353200 2818.2
1353210 2816.0
1353220 2816.0
1353230 2814.7
1353240 2814.6
1353250 2814.0
1353260 2814.3
1353270 2816.3
1353280 2816.3
1353290 2819.3
1353300 2823.7
1353310 2823.7
1353320 2828.4
1353330 2832.6
1353340 2835.9
1353350 2835.9
1353360 2839.2
1353370 2842.7
1353380 2842.7
1353390 2845.1
1353400 2847.1
1353410 2847.1
1353420 2848.1
1353430 2850.3
1353440 2850.3
1353450 2852.1
1353460 2852.4
1353470 2852.4
1353480 2853.5
1353490 2854.5
1353500 2854.5
1353510 2855.9
1353520 2857.5
1353530 2857.5
1353540 2859.9
1353550 2863.4
1353560 2868.1
1353570 2868.1
1353580 2871.0
1353590 2872.9
1353600 2872.9
1353610 2874.8
1353620 2876.8
1353630 2876.8
1353640 2878.7
1353650 2880.8
1353660 2880.8
1353670 2882.5
1353680 2883.8
1353690 2883.8
1353700 2885.6
1353710 2888.5
1353720 2888.5
1353730 2890.6
1353740 2892.3
1353750 2892.3
1353760 2894.4
1353770 2896.4
1353780 2898.2
1353790 2898.2
1353800 2900.3
1353810 2903.4
1353820 2903.4
1353830 2907.3
1353840 2911.6
1353850 2911.6
1353860 2916.5
1353870 2921.2
1353880 2921.2
1353890 2926.2
1353900 2932.2
1353910 2932.2
1353920 2938.4
1353930 2944.6
1353940 2944.6
1353950 2950.9
1353960 2957.1
1353970 2967.6
1353980 2967.6
1353990 2979.8
1354000 2988.0
1354010 2988.0
1354020 2996.0
1354030 3004.9
1354040 3004.9
1354050 3013.8
1354060 3022.4
1354070 3022.4
1354080 3029.7
1354090 3036.8
1354100 3036.8
1354110 3044.1
1354120 3051.7
1354130 3051.7
1354140 3058.8
1354150 3057.6
1354160 3057.6
1354170 3054.0
1354180 3051.1
1354190 3048.0
1354200 3048.0
1354210 3038.3
1354220 3033.8
1354230 3033.8
1354240 3027.5
1354250 3020.0
1354260 3020.0
1354270 3010.7
1354280 2997.7
1354290 2997.7
1354300 2983.2
1354310 2970.0
1354320 2970.0
1354330 2953.9
1354340 2937.9
1354350 2937.9
1354360 2921.8
1354370 2908.2
1354380 2899.5
1354390 2899.5
1354400 2892.5
1354410 2885.9
1354420 2885.9
1354430 2879.6
1354440 2873.9
1354450 2873.9
1354460 2868.8
1354470 2864.7
1354480 2864.7
1354490 2858.3
1354500 2836.9
1354510 2836.9
1354520 2827.3
1354530 2824.3
1354540 2824.3
1354550 2817.8
1354560 2808.9
1354570 2808.9
1354580 2807.6
1354590 2808.2
1354600 2807.7
1354610 2807.7
1354620 2805.6
1354630 2803.3
1354640 2803.3
1354650 2800.6
1354660 2798.7
1354670 2798.7
1354680 2798.8
1354690 2798.5
1354700 2798.5
1354710 2797.3
1354720 2795.3
1354730 2795.3
1354740 2792.3
1354750 2788.0
1354760 2788.0
1354770 2783.8
1354780 2782.3
1354790 2782.5
1354800 2782.5
1354810 2784.2
1354820 2784.8
1354830 2784.8
1354840 2789.0
1354850 2784.1
1354860 2784.1
1354870 2766.4
1354880 2750.3
1354890 2750.3
1354900 2739.8
1354910 2731.8
1354920 2731.8
1354930 2724.9
1354940 2720.8
1354950 2720.8
1354960 2718.0
1354970 2715.5
1354980 2715.5
1354990 2713.6
1355000 2710.9
1355010 2706.7
1355020 2706.7
1355030 2702.1
1355040 2696.8
1355050 2696.8
1355060 2691.5
1355070 2686.3
1355080 2686.3
1355090 2685.0
1355100 2683.9
1355110 2683.9
1355120 2680.9
1355130 2678.1
1355140 2678.1
1355150 2675.6
1355160 2673.8
1355170 2673.8
1355180 2671.8
1355190 2663.9
1355200 2663.9
1355210 2660.9
1355220 2659.2
1355230 2656.0
1355240 2656.0
1355250 2653.2
1355260 2650.8
1355270 2650.8
1355280 2648.3
1355290 2645.1
1355300 2645.1
1355310 2642.0
1355320 2638.8
1355330 2638.8
1355340 2636.2
1355350 2634.3
1355360 2634.3
1355370 2631.6
1355380 2629.0
1355390 2629.0
1355400 2626.7
1355410 2625.5
1355420 2624.3
1355430 2624.3
1355440 2620.6
1355450 2617.0
1355460 2617.0
1355470 2615.2
1355480 2612.5
1355490 2612.5
1355500 2607.8
1355510 2604.2
1355520 2604.2
1355530 2601.8
1355540 2599.2
1355550 2599.2
1355560 2596.1
1355570 2593.4
1355580 2593.4
1355590 2590.3
1355600 2585.1
1355610 2585.1
1355620 2580.6
1355630 2580.1
1355640 2577.4
1355650 2577.4
1355660 2572.3
1355670 2566.6
1355680 2566.6
1355690 2559.0
1355700 2552.1
1355710 2552.1
1355720 2546.5
1355730 2541.4
1355740 2541.4
1355750 2537.7
1355760 2534.1
1355770 2534.1
1355780 2532.9
1355790 2532.1
1355800 2532.1
1355810 2530.1
1355820 2529.7
1355830 2528.2
1355840 2528.2
1355850 2526.1
1355860 2525.2
1355870 2525.2
1355880 2523.7
1355890 2519.8
1355900 2519.8
1355910 2511.2
1355920 2502.7
1355930 2502.7
1355940 2494.4
1355950 2483.7
1355960 2483.7
1355970 2470.2
1355980 2458.0
1355990 2458.0
1356000 2449.4
1356010 2444.1
1356020 2444.1
1356030 2439.8
1356040 2436.2
1356050 2433.7
1356060 2433.7
1356070 2431.1
1356080 2428.4
1356090 2428.4
1356100 2425.1
1356110 2420.8
1356120 2420.8
1356130 2415.4
1356140 2412.3
1356150 2412.3
1356160 2410.8
1356170 2406.3
1356180 2406.3
1356190 2402.5
1356200 2399.3
1356210 2399.3
1356220 2396.0
1356230 2393.3
1356240 2390.0
1356250 2390.0
1356260 2386.9
1356270 2388.0
1356280 2388.0
1356290 2393.3
1356300 2395.7
1356310 2395.7
1356320 2397.7
1356330 2400.4
1356340 2400.4
1356350 2403.0
1356360 2405.7
1356370 2405.7
1356380 2408.6
1356390 2411.5
1356400 2411.5
1356410 2414.3
1356420 2417.2
1356430 2417.2
1356440 2420.1
1356450 2427.3
1356460 2436.7
1356470 2436.7
1356480 2444.9
1356490 2452.3
1356500 2452.3
1356510 2460.5
1356520 2467.4
1356530 2467.4
1356540 2473.2
1356550 2477.3
1356560 2477.3
1356570 2482.2
1356580 2487.3
1356590 2487.3
1356600 2492.9
1356610 2498.4
1356620 2498.4
1356630 2504.9
1356640 2514.8
1356650 2514.8
1356660 2528.2
1356670 2539.7
1356680 2549.1
1356690 2549.1
1356700 2557.4
1356710 2566.1
1356720 2566.1
1356730 2575.9
1356740 2585.3
1356750 2585.3
1356760 2592.7
1356770 2600.0
1356780 2600.0
1356790 2607.0
1356800 2613.3
1356810 2613.3
1356820 2620.0
1356830 2627.3
1356840 2627.3
1356850 2634.8
1356860 2643.9
1356870 2653.2
1356880 2653.2
1356890 2662.4
1356900 2670.6
1356910 2670.6
1356920 2678.6
1356930 2684.8
1356940 2684.8
1356950 2688.2
1356960 2690.4
1356970 2690.4
1356980 2692.8
1356990 2695.6
1357000 2695.6
1357010 2697.5
1357020 2699.7
1357030 2699.7
1357040 2702.0
1357050 2704.5
1357060 2704.5
1357070 2707.3
1357080 2710.1
1357090 2713.4
1357100 2713.4
1357110 2715.6
1357120 2716.2
1357130 2716.2
1357140 2716.2
1357150 2717.9
1357160 2716.2
1357170 2719.3
1357180 2722.4
1357190 2722.4
1357200 2726.0
1357210 2730.3
1357220 2730.3
1357230 2734.2
1357240 2736.1
1357250 2736.1
1357260 2736.9
1357270 2737.8
1357280 2739.4
1357290 2739.4
1357300 2741.9
1357310 2745.1
1357320 2745.1
1357330 2747.6
1357340 2750.0
1357350 2750.0
1357360 2751.8
1357370 2753.1
1357380 2753.1
1357390 2754.1
1357400 2755.8
1357410 2755.8
1357420 2758.6
1357430 2760.0
1357440 2760.0
1357450 2762.3
1357460 2765.5
1357470 2765.5
1357480 2767.8
1357490 2770.4
1357500 2774.5
1357510 2774.5
1357520 2777.3
1357530 2780.5
1357540 2780.5
1357550 2785.0
1357560 2789.8
1357570 2789.8
1357580 2794.2
1357590 2797.9
1357600 2797.9
1357610 2800.7
1357620 2802.5
1357630 2802.5
1357640 2803.8
1357650 2805.6
1357660 2805.6
1357670 2808.8
1357680 2812.4
1357690 2815.4
1357700 2815.4
1357710 2818.8
1357720 2822.3
1357730 2822.3
1357740 2825.4
1357750 2829.1
1357760 2829.1
1357770 2832.8
1357780 2837.0
1357790 2837.0
1357800 2841.0
1357810 2844.6
1357820 2844.6
1357830 2847.2
1357840 2849.3
1357850 2849.3
1357860 2851.6
1357870 2854.3
1357880 2854.3
1357890 2857.5
1357900 2861.8
1357910 2866.5
1357920 2866.5
1357930 2871.6
1357940 2876.1
1357950 2876.1
1357960 2881.3
1357970 2887.3
1357980 2887.3
1357990 2893.6
1358000 2899.3
1358010 2899.3
1358020 2905.4
1358030 2912.0
1358040 2912.0
1358050 2919.1
1358060 2927.0
1358070 2927.0
1358080 2934.4
1358090 2943.0
1358100 2943.0
1358110 2953.4
1358120 2966.3
1358130 2987.0
1358140 2987.0
1358150 3008.2
1358160 3031.0
1358170 3031.0
1358180 3046.1
1358190 3055.5
1358200 3055.5
1358210 3064.1
1358220 3072.6
1358230 3072.6
1358240 3080.5
1358250 3087.6
1358260 3087.6
1358270 3093.3
1358280 3094.1
1358290 3094.1
1358300 3088.1
1358310 3082.8
1358320 3076.9
1358330 3076.9
1358340 3070.3
1358350 3066.5
1358360 3066.5
1358370 3064.5
1358380 3063.2
1358390 3063.2
1358400 3062.1
1358410 3061.5
1358420 3061.5
1358430 3061.6
1358440 3062.7
1358450 3062.7
1358460 3064.3
1358470 3066.0
1358480 3066.0
1358490 3067.6
1358500 3069.8
1358510 3069.8
1358520 3073.1
1358530 3077.4
1358540 3082.5
1358550 3082.5
1358560 3088.3
1358570 3094.8
1358580 3094.8
1358590 3105.6
1358600 3117.3
1358610 3117.3
1358620 3129.0
1358630 3142.4
1358640 3142.4
1358650 3157.0
1358660 3169.1
1358670 3169.1
1358680 3179.5
1358690 3190.6
1358700 3190.6
1358710 3205.3
1358720 3220.6
1358730 3234.5
1358740 3234.5
1358750 3245.7
1358760 3256.1
1358770 3256.1
1358780 3266.8
1358790 3278.0
1358800 3278.0
1358810 3290.6
1358820 3303.7
1358830 3303.7
1358840 3317.5
1358850 3321.5
1358860 3321.5
1358870 3310.7
1358880 3298.4
1358890 3298.4
1358900 3285.5
1358910 3275.0
1358920 3275.0
1358930 3266.0
1358940 3256.3
1358950 3247.0
1358960 3247.0
1358970 3237.1
1358980 3225.8
1358990 3225.8
1359000 3214.2
1359010 3204.3
1359020 3204.3
1359030 3193.8
1359040 3182.9
1359050 3182.9
1359060 3170.7
1359070 3145.1
1359080 3145.1
1359090 3124.2
1359100 3113.6
1359110 3113.6
1359120 3103.5
1359130 3092.0
1359140 3083.4
1359150 3083.4
1359160 3076.7
1359170 3067.1
1359180 3067.1
1359190 3062.2
1359200 3057.8
1359210 3057.8
1359220 3053.5
1359230 3049.6
1359240 3049.6
1359250 3045.6
1359260 3041.9
1359270 3041.9
1359280 3038.7
1359290 3035.3
1359300 3035.3
1359310 3032.1
1359320 3029.6
1359330 3029.6
1359340 3026.8
1359350 3024.6
1359360 3022.8
1359370 3022.8
1359380 3021.3
1359390 3019.8
1359400 3019.8
1359410 3019.2
1359420 3018.7
1359430 3018.7
1359440 3017.5
1359450 3018.1
1359460 3018.1
1359470 3017.5
1359480 3014.1
1359490 3014.1
1359500 3012.9
1359510 3012.7
1359520 3012.7
1359530 3012.8
1359540 3013.3
1359550 3013.3
1359560 3014.4
1359570 3015.7
1359580 3017.4
1359590 3017.4
1359600 3019.2
1359610 3021.1
1359620 3021.1
1359630 3023.1
1359640 3025.1
1359650 3025.1
1359660 3026.9
1359670 3028.7
1359680 3028.7
1359690 3030.3
1359700 3031.9
1359710 3031.9
1359720 3034.1
1359730 3036.7
1359740 3036.7
1359750 3040.3
1359760 3045.6
1359770 3055.4
1359780 3055.4
1359790 3072.3
1359800 3082.8
1359810 3082.8
1359820 3089.0
1359830 3084.6
1359840 3084.6
1359850 3078.1
1359860 3073.3
1359870 3073.3
1359880 3074.0
1359890 3073.1
1359900 3073.1
1359910 3068.1
1359920 3062.4
1359930 3062.4
1359940 3057.4
1359950 3053.0
1359960 3053.0
1359970 3050.3
1359980 3046.8
1359990 3043.1
