1350880 2525.0
1350890 2526.1
1350900 2526.1
1350910 2533.6
1350920 2536.5
1350930 2536.5
1350940 2540.2
1350950 2543.8
1350960 2543.8
1350970 2547.6
1350980 2551.4
1350990 2551.4
1351000 2555.7
1351010 2560.7
1351020 2566.0
1351030 2566.0
1351040 2571.5
1351050 2577.0
1351060 2577.0
1351070 2582.6
1351080 2588.2
1351090 2588.2
1351100 2593.8
1351110 2599.4
1351120 2599.4
1351130 2605.2
1351140 2611.5
1351150 2611.5
1351160 2618.4
1351170 2625.3
1351180 2625.3
1351190 2632.1
1351200 2638.7
1351210 2645.2
1351220 2645.2
1351230 2651.8
1351240 2658.5
1351250 2658.5
1351260 2665.4
1351270 2672.1
1351280 2672.1
1351290 2679.0
1351300 2685.9
1351310 2685.9
1351320 2693.2
1351330 2700.4
1351340 2700.4
1351350 2707.9
1351360 2716.3
1351370 2716.3
1351380 2726.0
1351390 2736.8
1351400 2736.8
1351410 2747.5
1351420 2758.5
1351430 2769.7
1351440 2769.7
1351450 2779.4
1351460 2786.4
1351470 2786.4
1351480 2796.3
1351490 2806.0
1351500 2806.0
1351510 2810.5
1351520 2814.1
1351530 2814.1
1351540 2818.9
1351550 2824.1
1351560 2824.1
1351570 2831.1
1351580 2839.7
1351590 2839.7
1351600 2847.4
1351610 2851.7
1351620 2851.7
1351630 2855.5
1351640 2863.7
1351650 2874.0
1351660 2874.0
1351670 2882.0
1351680 2890.2
1351690 2890.2
1351700 2899.3
1351710 2909.4
1351720 2909.4
1351730 2915.7
1351740 2914.3
1351750 2914.3
1351760 2915.2
1351770 2915.2
1351780 2915.2
1351790 2915.1
1351800 2914.9
1351810 2914.9
1351820 2915.1
1351830 2914.5
1351840 2914.5
1351850 2914.5
1351860 2926.1
1351870 2928.5
1351880 2928.5
1351890 2929.9
1351900 2921.9
1351910 2921.9
1351920 2917.7
1351930 2912.3
1351940 2912.3
1351950 2902.4
1351960 2894.2
1351970 2894.2
1351980 2888.9
1351990 2885.5
1352000 2885.5
1352010 2881.8
1352020 2877.4
1352030 2877.4
1352040 2871.8
1352050 2868.0
1352060 2865.6
1352070 2865.6
1352080 2865.3
1352090 2864.7
1352100 2864.7
1352110 2865.4
1352120 2867.2
1352130 2867.2
1352140 2869.0
1352150 2869.2
1352160 2869.2
1352170 2870.1
1352180 2871.6
1352190 2871.6
1352200 2874.4
1352210 2875.9
1352220 2875.9
1352230 2876.8
1352240 2880.0
1352250 2884.7
1352260 2884.7
1352270 2891.0
1352280 2897.4
1352290 2897.4
1352300 2900.4
1352310 2902.3
1352320 2902.3
1352330 2902.2
1352340 2905.2
1352350 2905.2
1352360 2911.4
1352370 2916.3
1352380 2916.3
1352390 2920.6
1352400 2926.6
1352410 2926.6
1352420 2933.7
1352430 2939.1
1352440 2939.1
1352450 2944.1
1352460 2945.0
1352470 2938.6
1352480 2938.6
1352490 2923.5
1352500 2897.9
1352510 2897.9
1352520 2879.3
1352530 2875.4
1352540 2875.4
1352550 2875.1
1352560 2873.2
1352570 2873.2
1352580 2872.6
1352590 2858.0
1352600 2858.0
1352610 2842.2
1352620 2832.2
1352630 2832.2
1352640 2823.0
1352650 2816.4
1352660 2816.4
1352670 2812.4
1352680 2810.2
1352690 2806.8
1352700 2806.8
1352710 2800.5
1352720 2795.0
1352730 2795.0
1352740 2793.0
1352750 2791.6
1352760 2791.6
1352770 2789.9
1352780 2787.4
1352790 2787.4
1352800 2786.4
1352810 2785.9
1352820 2779.9
1352830 2780.3
1352840 2782.2
1352850 2782.2
1352860 2783.9
1352870 2788.0
1352880 2794.2
1352890 2794.2
1352900 2801.7
1352910 2809.0
1352920 2809.0
1352930 2815.7
1352940 2822.0
1352950 2822.0
1352960 2827.1
1352970 2832.6
1352980 2832.6
1352990 2838.0
1353000 2842.9
1353010 2842.9
1353020 2847.7
1353030 2852.5
1353040 2852.5
1353050 2859.7
1353060 2864.0
1353070 2864.0
1353080 2863.9
1353090 2858.9
1353100 2853.2
1353110 2853.2
1353120 2847.3
1353130 2840.2
1353140 2840.2
1353150 2836.0
1353160 2830.7
1353170 2830.7
1353180 2827.7
1353190 2828.8
1353200 2828.8
1353210 2820.8
1353220 2810.9
1353230 2810.9
1353240 2805.8
1353250 2801.5
1353260 2801.5
1353270 2800.0
1353280 2796.1
1353290 2796.1
1353300 2792.2
1353310 2788.7
1353320 2784.1
1353330 2784.1
1353340 2778.7
1353350 2773.6
1353360 2773.6
1353370 2769.3
1353380 2768.3
1353390 2768.3
1353400 2767.8
1353410 2766.2
1353420 2766.2
1353430 2763.9
1353440 2763.1
1353450 2763.1
1353460 2763.8
1353470 2766.5
1353480 2766.5
1353490 2773.7
1353500 2778.0
1353510 2778.4
1353520 2778.4
1353530 2778.8
1353540 2779.6
1353550 2779.6
1353560 2780.7
1353570 2782.2
1353580 2782.2
1353590 2784.4
1353600 2787.1
1353610 2787.1
1353620 2789.6
1353630 2791.9
1353640 2791.9
1353650 2793.9
1353660 2795.6
1353670 2795.6
1353680 2796.7
1353690 2797.4
1353700 2797.4
1353710 2797.6
1353720 2797.5
1353730 2797.3
1353740 2797.3
1353750 2797.1
1353760 2796.6
1353770 2796.6
1353780 2801.5
1353790 2800.4
1353800 2800.4
1353810 2799.2
1353820 2797.9
1353830 2797.9
1353840 2796.8
1353850 2795.9
1353860 2795.9
1353870 2795.6
1353880 2796.1
1353890 2796.1
1353900 2797.1
1353910 2799.0
1353920 2802.1
1353930 2802.1
1353940 2806.1
1353950 2812.5
1353960 2812.5
1353970 2818.5
1353980 2816.9
1353990 2816.9
1354000 2812.6
1354010 2809.7
1354020 2809.7
1354030 2806.7
1354040 2804.6
1354050 2804.6
1354060 2798.2
1354070 2784.2
1354080 2784.2
1354090 2776.7
1354100 2774.7
1354110 2774.7
1354120 2773.1
1354130 2772.1
1354140 2771.5
1354150 2771.5
1354160 2771.4
1354170 2772.1
1354180 2772.1
1354190 2772.7
1354200 2773.6
1354210 2773.6
1354220 2774.5
1354230 2775.2
1354240 2775.2
1354250 2776.4
1354260 2778.4
1354270 2778.4
1354280 2780.9
1354290 2782.8
1354300 2782.8
1354310 2784.3
1354320 2786.5
1354330 2786.5
1354340 2788.7
1354350 2791.1
1354360 2793.7
1354370 2793.7
1354380 2796.2
1354390 2799.1
1354400 2799.1
1354410 2801.9
1354420 2805.1
1354430 2805.1
1354440 2808.2
1354450 2811.5
1354460 2811.5
1354470 2814.9
1354480 2818.5
1354490 2818.5
1354500 2822.3
1354510 2826.2
1354520 2826.2
1354530 2830.3
1354540 2834.3
1354550 2838.4
1354560 2838.4
1354570 2842.5
1354580 2846.7
1354590 2846.7
1354600 2850.9
1354610 2855.1
1354620 2855.1
1354630 2859.3
1354640 2863.4
1354650 2863.4
1354660 2867.6
1354670 2871.8
1354680 2871.8
1354690 2876.0
1354700 2880.2
1354710 2880.2
1354720 2884.4
1354730 2888.7
1354740 2888.7
1354750 2893.0
1354760 2896.7
1354770 2894.3
1354780 2894.3
1354790 2893.4
1354800 2895.2
1354810 2895.2
1354820 2899.5
1354830 2917.1
1354840 2917.1
1354850 2939.0
1354860 2954.1
1354870 2954.1
1354880 2968.8
1354890 2982.4
1354900 2982.4
1354910 2993.6
1354920 2995.2
1354930 2995.2
1354940 2995.2
1354950 2994.6
1354960 2994.6
1354970 2994.9
1354980 2997.1
1354990 2999.2
1355000 2999.2
1355010 3000.7
1355020 3000.1
1355030 3000.1
1355040 2999.5
1355050 2996.5
1355060 2996.5
1355070 2989.5
1355080 2982.7
1355090 2982.7
1355100 2970.9
1355110 2966.3
1355120 2966.3
1355130 2958.4
1355140 2951.1
1355150 2951.1
1355160 2946.5
1355170 2942.9
1355180 2939.8
1355190 2939.8
1355200 2937.5
1355210 2935.7
1355220 2935.7
1355230 2934.0
1355240 2932.9
1355250 2932.9
1355260 2932.4
1355270 2932.9
1355280 2932.9
1355290 2934.8
1355300 2936.2
1355310 2936.2
1355320 2936.2
1355330 2935.9
1355340 2935.9
1355350 2934.4
1355360 2932.2
1355370 2932.2
1355380 2930.2
1355390 2927.7
1355400 2923.8
1355410 2923.8
1355420 2918.7
1355430 2912.8
1355440 2912.8
1355450 2906.8
1355460 2902.3
1355470 2902.3
1355480 2899.6
1355490 2897.4
1355500 2897.4
1355510 2894.0
1355520 2890.7
1355530 2890.7
1355540 2888.0
1355550 2885.1
1355560 2885.1
1355570 2882.3
1355580 2879.5
1355590 2877.3
1355600 2877.3
1355610 2875.5
1355620 2873.7
1355630 2873.7
1355640 2871.2
1355650 2869.5
1355660 2869.5
1355670 2867.6
1355680 2865.1
1355690 2865.1
1355700 2861.2
1355710 2856.2
1355720 2856.2
1355730 2849.7
1355740 2840.0
1355750 2840.0
1355760 2833.4
1355770 2827.2
1355780 2827.2
1355790 2822.9
1355800 2820.9
1355810 2819.2
1355820 2819.2
1355830 2816.2
1355840 2813.2
1355850 2813.2
1355860 2811.3
1355870 2810.5
1355880 2810.5
1355890 2809.6
1355900 2806.9
1355910 2806.9
1355920 2801.4
1355930 2796.4
1355940 2796.4
1355950 2792.5
1355960 2786.8
1355970 2786.8
1355980 2780.2
1355990 2776.6
1356000 2776.6
1356010 2773.4
1356020 2769.2
1356030 2763.6
1356040 2763.6
1356050 2760.8
1356060 2758.8
1356070 2758.8
1356080 2757.3
1356090 2756.7
1356100 2756.7
1356110 2756.3
1356120 2756.2
1356130 2756.2
1356140 2756.5
1356150 2757.7
1356160 2757.7
1356170 2758.3
1356180 2758.3
1356190 2758.3
1356200 2757.5
1356210 2757.2
1356220 2756.5
1356230 2756.5
1356240 2756.5
1356250 2756.1
1356260 2756.1
1356270 2754.1
1356280 2751.8
1356290 2751.8
1356300 2750.8
1356310 2748.5
1356320 2748.5
1356330 2745.4
1356340 2742.6
1356350 2742.6
1356360 2738.7
1356370 2734.5
1356380 2734.5
1356390 2731.9
1356400 2728.0
1356410 2728.0
1356420 2724.2
1356430 2722.0
1356440 2719.4
1356450 2719.4
1356460 2716.8
1356470 2713.9
1356480 2713.9
1356490 2712.0
1356500 2712.3
1356510 2712.3
1356520 2712.7
1356530 2713.6
1356540 2713.6
1356550 2715.3
1356560 2715.3
1356570 2715.3
1356580 2713.4
1356590 2714.7
1356600 2714.7
1356610 2717.7
1356620 2719.3
1356630 2719.3
1356640 2720.6
1356650 2720.7
1356660 2720.9
1356670 2720.9
1356680 2720.8
1356690 2722.4
1356700 2722.4
1356710 2725.6
1356720 2722.4
1356730 2722.4
1356740 2725.1
1356750 2729.1
1356760 2729.1
1356770 2732.2
1356780 2734.3
1356790 2734.3
1356800 2735.0
1356810 2737.1
1356820 2737.1
1356830 2740.2
1356840 2740.3
1356850 2738.6
1356860 2738.6
1356870 2737.8
1356880 2740.2
1356890 2740.2
1356900 2741.7
1356910 2740.7
1356920 2740.7
1356930 2739.8
1356940 2739.4
1356950 2739.4
1356960 2739.5
1356970 2740.0
1356980 2740.0
1356990 2742.3
1357000 2745.8
1357010 2745.8
1357020 2749.6
1357030 2753.5
1357040 2753.5
1357050 2757.5
1357060 2761.3
1357070 2764.9
1357080 2764.9
1357090 2768.7
1357100 2772.3
1357110 2772.3
1357120 2776.5
1357130 2781.0
1357140 2781.0
1357150 2784.8
1357160 2788.3
1357170 2788.3
1357180 2791.5
1357190 2794.4
1357200 2794.4
1357210 2797.4
1357220 2800.3
1357230 2800.3
1357240 2803.4
1357250 2806.3
1357260 2809.5
1357270 2809.5
1357280 2812.6
1357290 2814.9
1357300 2814.9
1357310 2816.3
1357320 2818.4
1357330 2818.4
1357340 2821.3
1357350 2824.2
1357360 2824.2
1357370 2827.3
1357380 2830.4
1357390 2830.4
1357400 2833.3
1357410 2836.2
1357420 2836.2
1357430 2838.5
1357440 2840.5
1357450 2840.5
1357460 2841.8
1357470 2843.4
1357480 2845.3
1357490 2845.3
1357500 2847.2
1357510 2849.3
1357520 2849.3
1357530 2851.5
1357540 2853.4
1357550 2853.4
1357560 2855.6
1357570 2859.0
1357580 2859.0
1357590 2862.6
1357600 2866.3
1357610 2866.3
1357620 2869.8
1357630 2873.6
1357640 2873.6
1357650 2877.8
1357660 2882.3
1357670 2882.3
1357680 2887.1
1357690 2892.3
1357700 2898.1
1357710 2898.1
1357720 2904.3
1357730 2913.1
1357740 2913.1
1357750 2926.0
1357760 2939.4
1357770 2939.4
1357780 2948.2
1357790 2956.3
1357800 2956.3
1357810 2963.7
1357820 2971.2
1357830 2971.2
1357840 2980.0
1357850 2990.4
1357860 2990.4
1357870 3003.2
1357880 3017.1
1357890 3031.9
1357900 3031.9
1357910 3044.9
1357920 3056.4
1357930 3056.4
1357940 3067.5
1357950 3077.8
1357960 3077.8
1357970 3087.5
1357980 3095.1
1357990 3095.1
1358000 3101.1
1358010 3106.3
1358020 3106.3
1358030 3111.6
1358040 3116.9
1358050 3116.9
1358060 3122.0
1358070 3126.9
1358080 3126.9
1358090 3131.2
1358100 3135.1
1358110 3138.6
1358120 3138.6
1358130 3141.5
1358140 3138.8
1358150 3138.8
1358160 3129.1
1358170 3119.7
1358180 3119.7
1358190 3107.2
1358200 3099.9
1358210 3099.9
1358220 3096.6
1358230 3095.6
1358240 3095.6
1358250 3096.4
1358260 3098.6
1358270 3098.6
1358280 3101.8
1358290 3105.2
1358300 3108.5
1358310 3108.5
1358320 3111.6
1358330 3115.2
1358340 3115.2
1358350 3125.6
1358360 3135.0
1358370 3135.0
1358380 3141.5
1358390 3145.6
1358400 3145.6
1358410 3150.2
1358420 3153.6
1358430 3153.6
1358440 3156.8
1358450 3160.2
1358460 3160.2
1358470 3163.2
1358480 3166.4
1358490 3166.4
1358500 3170.2
1358510 3173.2
1358520 3175.9
1358530 3175.9
1358540 3179.8
1358550 3184.2
1358560 3184.2
1358570 3186.6
1358580 3187.7
1358590 3187.7
1358600 3191.5
1358610 3200.2
1358620 3200.2
1358630 3210.8
1358640 3221.1
1358650 3221.1
1358660 3231.2
1358670 3237.6
1358680 3237.6
1358690 3243.4
1358700 3249.1
1358710 3249.1
1358720 3244.4
1358730 3250.1
1358740 3256.6
1358750 3256.6
1358760 3262.4
1358770 3267.3
1358780 3267.3
1358790 3272.4
1358800 3277.5
1358810 3277.5
1358820 3282.9
1358830 3287.9
1358840 3287.9
1358850 3292.4
1358860 3294.9
1358870 3294.9
1358880 3290.4
1358890 3282.6
1358900 3282.6
1358910 3274.3
1358920 3264.8
1358930 3250.8
1358940 3250.8
1358950 3229.9
1358960 3208.6
1358970 3208.6
1358980 3200.6
1358990 3196.8
1359000 3196.8
1359010 3194.1
1359020 3192.1
1359030 3192.1
1359040 3190.6
1359050 3189.0
1359060 3189.0
1359070 3186.9
1359080 3184.3
1359090 3184.3
1359100 3181.8
1359110 3179.3
1359120 3179.3
1359130 3177.2
1359140 3175.7
1359150 3177.6
1359160 3177.6
1359170 3178.8
1359180 3173.7
1359190 3173.7
1359200 3167.3
1359210 3160.1
1359220 3160.1
1359230 3152.9
1359240 3145.3
1359250 3145.3
1359260 3137.0
1359270 3127.4
1359280 3127.4
1359290 3114.9
1359300 3101.2
1359310 3101.2
1359320 3092.6
1359330 3080.7
1359340 3080.7
1359350 3070.1
1359360 3064.5
1359370 3059.6
1359380 3059.6
1359390 3055.5
1359400 3052.4
1359410 3052.4
1359420 3049.8
1359430 3047.7
1359440 3047.7
1359450 3045.9
1359460 3044.1
1359470 3044.1
1359480 3042.1
1359490 3040.1
1359500 3040.1
1359510 3038.3
1359520 3036.7
1359530 3036.7
1359540 3035.2
1359550 3033.5
1359560 3031.5
1359570 3031.5
1359580 3029.2
1359590 3026.7
1359600 3026.7
1359610 3024.1
1359620 3021.5
1359630 3021.5
1359640 3019.0
1359650 3016.4
1359660 3016.4
1359670 3013.8
1359680 3011.1
1359690 3011.1
1359700 3008.4
1359710 3005.7
1359720 3005.7
1359730 2998.3
1359740 2996.0
1359750 2996.0
1359760 2993.8
1359770 2991.6
1359780 2989.5
1359790 2989.5
1359800 2987.5
1359810 2985.4
1359820 2985.4
1359830 2983.5
1359840 2981.3
1359850 2981.3
1359860 2977.9
1359870 2975.0
1359880 2975.0
1359890 2971.1
1359900 2966.6
1359910 2966.6
1359920 2961.7
1359930 2956.7
1359940 2956.7
1359950 2951.5
1359960 2946.2
1359970 2941.1
1359980 2941.1
1359990 2936.4
