1349990 2845.4
1350000 2845.4
1350010 2847.0
1350020 2852.3
1350030 2852.3
1350040 2859.4
1350050 2868.0
1350060 2868.0
1350070 2869.5
1350080 2854.4
1350090 2854.4
1350100 2827.0
1350110 2785.0
1350120 2785.0
1350130 2773.9
1350140 2770.0
1350150 2763.2
1350160 2776.3
1350170 2771.6
1350180 2761.4
1350190 2761.4
1350200 2744.7
1350210 2732.6
1350220 2732.6
1350230 2725.0
1350240 2717.9
1350250 2717.9
1350260 2707.1
1350270 2699.3
1350280 2699.3
1350290 2694.0
1350300 2689.6
1350310 2689.6
1350320 2687.5
1350330 2686.8
1350340 2685.0
1350350 2685.0
1350360 2684.0
1350370 2683.1
1350380 2683.1
1350390 2683.2
1350400 2683.2
1350410 2683.2
1350420 2682.8
1350430 2683.1
1350440 2683.1
1350450 2683.5
1350460 2683.3
1350470 2683.3
1350480 2683.1
1350490 2683.0
1350500 2683.0
1350510 2683.1
1350520 2682.9
1350530 2682.9
1350540 2682.4
1350550 2682.4
1350560 2683.3
1350570 2683.3
1350580 2684.4
1350590 2685.5
1350600 2685.5
1350610 2686.7
1350620 2688.2
1350630 2688.2
1350640 2690.9
1350650 2694.4
1350660 2694.4
1350670 2697.0
1350680 2698.1
1350690 2698.1
1350700 2699.1
1350710 2698.8
1350720 2698.8
1350730 2698.0
1350740 2697.6
1350750 2697.9
1350760 2697.9
1350770 2698.8
1350780 2699.4
1350790 2699.4
1350800 2700.3
1350810 2702.5
1350820 2702.5
1350830 2702.7
1350840 2702.2
1350850 2702.2
1350860 2700.7
1350870 2699.2
1350880 2699.2
1350890 2698.0
1350900 2699.6
1350910 2699.6
1350920 2702.9
1350930 2707.4
1350940 2707.4
1350950 2711.3
1350960 2713.2
1350970 2715.3
1350980 2715.3
1350990 2718.4
1351000 2720.9
1351010 2720.9
1351020 2722.1
1351030 2724.4
1351040 2724.4
1351050 2726.9
1351060 2730.0
1351070 2730.0
1351080 2733.6
1351090 2737.7
1351100 2737.7
1351110 2743.8
1351120 2747.8
1351130 2747.8
1351140 2752.1
1351150 2756.5
1351160 2756.5
1351170 2760.7
1351180 2764.2
1351190 2767.8
1351200 2767.8
1351210 2771.8
1351220 2775.9
1351230 2775.9
1351240 2780.4
1351250 2786.6
1351260 2786.6
1351270 2794.8
1351280 2802.2
1351290 2802.2
1351300 2808.6
1351310 2816.0
1351320 2816.0
1351330 2822.9
1351340 2829.9
1351350 2829.9
1351360 2838.0
1351370 2847.5
1351380 2857.5
1351390 2857.5
1351400 2868.3
1351410 2879.3
1351420 2879.3
1351430 2890.3
1351440 2889.4
1351450 2889.4
1351460 2862.9
1351470 2832.0
1351480 2832.0
1351490 2810.4
1351500 2802.4
1351510 2802.4
1351520 2802.3
1351530 2789.7
1351540 2789.7
1351550 2778.9
1351560 2770.0
1351570 2770.0
1351580 2764.5
1351590 2759.6
1351600 2757.0
1351610 2757.0
1351620 2752.9
1351630 2748.7
1351640 2748.7
1351650 2745.1
1351660 2741.5
1351670 2741.5
1351680 2738.0
1351690 2733.5
1351700 2733.5
1351710 2729.4
1351720 2726.1
1351730 2726.1
1351740 2722.9
1351750 2720.7
1351760 2720.7
1351770 2719.0
1351780 2717.2
1351790 2715.4
1351800 2715.4
1351810 2713.6
1351820 2711.9
1351830 2711.9
1351840 2711.3
1351850 2709.0
1351860 2709.0
1351870 2705.2
1351880 2702.2
1351890 2702.2
1351900 2698.3
1351910 2694.9
1351920 2694.9
1351930 2691.6
1351940 2689.1
1351950 2689.1
1351960 2687.2
1351970 2685.5
1351980 2685.5
1351990 2685.3
1352000 2685.0
1352010 2683.9
1352020 2683.9
1352030 2684.3
1352040 2684.3
1352050 2684.3
1352060 2681.9
1352070 2683.1
1352080 2683.1
1352090 2684.7
1352100 2684.3
1352110 2684.3
1352120 2680.4
1352130 2676.3
1352140 2676.3
1352150 2671.5
1352160 2665.6
1352170 2665.6
1352180 2657.6
1352190 2649.3
1352200 2649.3
1352210 2641.9
1352220 2634.6
1352230 2628.9
1352240 2628.9
1352250 2623.1
1352260 2618.1
1352270 2618.1
1352280 2615.5
1352290 2615.0
1352300 2615.0
1352310 2614.4
1352320 2614.0
1352330 2614.0
1352340 2612.7
1352350 2611.3
1352360 2611.3
1352370 2609.7
1352380 2606.8
1352390 2606.8
1352400 2605.0
1352410 2603.2
1352420 2603.0
1352430 2603.0
1352440 2603.0
1352450 2603.5
1352460 2603.5
1352470 2605.2
1352480 2606.9
1352490 2606.9
1352500 2608.3
1352510 2608.4
1352520 2608.4
1352530 2606.6
1352540 2602.1
1352550 2602.1
1352560 2596.2
1352570 2592.6
1352580 2592.6
1352590 2589.6
1352600 2587.9
1352610 2587.9
1352620 2589.8
1352630 2591.0
1352640 2589.8
1352650 2589.8
1352660 2591.2
1352670 2596.8
1352680 2596.8
1352690 2603.3
1352700 2607.7
1352710 2607.7
1352720 2610.1
1352730 2610.7
1352740 2610.7
1352750 2611.2
1352760 2613.3
1352770 2613.3
1352780 2616.9
1352790 2618.1
1352800 2618.1
1352810 2618.7
1352820 2620.8
1352830 2623.5
1352840 2623.5
1352850 2626.8
1352860 2629.8
1352870 2629.8
1352880 2632.7
1352890 2635.9
1352900 2635.9
1352910 2640.1
1352920 2645.4
1352930 2645.4
1352940 2651.8
1352950 2661.4
1352960 2661.4
1352970 2669.0
1352980 2676.9
1352990 2676.9
1353000 2686.0
1353010 2694.6
1353020 2694.1
1353030 2701.1
1353040 2707.0
1353050 2711.5
1353060 2711.5
1353070 2715.4
1353080 2719.7
1353090 2719.7
1353100 2725.0
1353110 2730.6
1353120 2730.6
1353130 2735.4
1353140 2740.1
1353150 2740.1
1353160 2744.7
1353170 2748.9
1353180 2748.9
1353190 2752.7
1353200 2757.0
1353210 2757.0
1353220 2761.8
1353230 2767.3
1353240 2767.3
1353250 2773.3
1353260 2779.3
1353270 2785.4
1353280 2785.4
1353290 2792.0
1353300 2798.0
1353310 2798.0
1353320 2802.6
1353330 2807.2
1353340 2807.2
1353350 2811.9
1353360 2816.3
1353370 2816.3
1353380 2821.5
1353390 2828.1
1353400 2828.1
1353410 2834.1
1353420 2839.7
1353430 2839.7
1353440 2845.7
1353450 2851.2
1353460 2856.7
1353470 2856.7
1353480 2863.0
1353490 2870.0
1353500 2870.0
1353510 2877.8
1353520 2886.3
1353530 2886.3
1353540 2894.8
1353550 2904.3
1353560 2904.3
1353570 2912.0
1353580 2919.1
1353590 2919.1
1353600 2927.5
1353610 2934.1
1353620 2934.1
1353630 2940.7
1353640 2946.5
1353650 2946.5
1353660 2952.3
1353670 2958.5
1353680 2964.9
1353690 2964.9
1353700 2969.8
1353710 2976.3
1353720 2976.3
1353730 2982.3
1353740 2987.2
1353750 2987.2
1353760 2992.3
1353770 2999.0
1353780 2999.0
1353790 3004.8
1353800 3010.3
1353810 3010.3
1353820 3017.6
1353830 3025.8
1353840 3025.8
1353850 3032.9
1353860 3038.6
1353870 3043.8
1353880 3043.8
1353890 3049.0
1353900 3055.9
1353910 3055.9
1353920 3064.1
1353930 3069.2
1353940 3069.2
1353950 3069.9
1353960 3068.1
1353970 3068.1
1353980 3066.6
1353990 3077.9
1354000 3077.9
1354010 3078.3
1354020 3078.0
1354030 3078.0
1354040 3076.8
1354050 3074.4
1354060 3074.4
1354070 3073.3
1354080 3072.9
1354090 3073.5
1354100 3073.5
1354110 3073.0
1354120 3073.0
1354130 3073.0
1354140 3073.3
1354150 3075.3
1354160 3075.3
1354170 3076.7
1354180 3079.3
1354190 3079.3
1354200 3083.0
1354210 3086.9
1354220 3086.9
1354230 3092.4
1354240 3097.7
1354250 3097.7
1354260 3103.0
1354270 3110.4
1354280 3110.4
1354290 3118.4
1354300 3121.0
1354310 3116.4
1354320 3116.4
1354330 3109.0
1354340 3099.0
1354350 3099.0
1354360 3093.7
1354370 3086.5
1354380 3086.5
1354390 3073.9
1354400 3060.6
1354410 3060.6
1354420 3050.7
1354430 3040.9
1354440 3040.9
1354450 3030.2
1354460 3019.1
1354470 3019.1
1354480 3008.6
1354490 2997.1
1354500 2986.5
1354510 2986.5
1354520 2976.3
1354530 2967.2
1354540 2967.2
1354550 2959.0
1354560 2951.7
1354570 2951.7
1354580 2943.0
1354590 2932.1
1354600 2932.1
1354610 2919.8
1354620 2908.7
1354630 2908.7
1354640 2900.2
1354650 2892.6
1354660 2892.6
1354670 2886.1
1354680 2880.8
1354690 2880.8
1354700 2876.4
1354710 2872.8
1354720 2869.6
1354730 2869.6
1354740 2866.3
1354750 2861.8
1354760 2861.8
1354770 2857.1
1354780 2853.0
1354790 2853.0
1354800 2849.0
1354810 2845.1
1354820 2845.1
1354830 2842.8
1354840 2841.2
1354850 2841.2
1354860 2839.1
1354870 2836.4
1354880 2836.4
1354890 2834.4
1354900 2833.1
1354910 2832.4
1354920 2832.4
1354930 2832.7
1354940 2833.2
1354950 2833.2
1354960 2830.1
1354970 2830.5
1354980 2830.5
1354990 2830.3
1355000 2830.2
1355010 2830.2
1355020 2830.9
1355030 2831.9
1355040 2831.9
1355050 2833.3
1355060 2834.3
1355070 2834.3
1355080 2836.2
1355090 2837.9
1355100 2837.9
1355110 2838.0
1355120 2837.6
1355130 2839.8
1355140 2839.8
1355150 2843.9
1355160 2848.0
1355170 2848.0
1355180 2846.5
1355190 2840.6
1355200 2840.6
1355210 2834.1
1355220 2828.2
1355230 2828.2
1355240 2822.9
1355250 2817.5
1355260 2817.5
1355270 2810.9
1355280 2803.8
1355290 2803.8
1355300 2797.5
1355310 2792.0
1355320 2792.0
1355330 2787.6
1355340 2784.5
1355350 2781.3
1355360 2781.3
1355370 2777.9
1355380 2775.2
1355390 2775.2
1355400 2773.3
1355410 2771.1
1355420 2771.1
1355430 2769.1
1355440 2767.2
1355450 2767.2
1355460 2765.6
1355470 2763.3
1355480 2763.3
1355490 2761.2
1355500 2759.9
1355510 2759.9
1355520 2758.5
1355530 2756.7
1355540 2755.4
1355550 2755.4
1355560 2754.5
1355570 2752.3
1355580 2752.3
1355590 2748.4
1355600 2741.5
1355610 2741.5
1355620 2733.0
1355630 2726.4
1355640 2726.4
1355650 2722.3
1355660 2718.5
1355670 2718.5
1355680 2715.2
1355690 2712.0
1355700 2712.0
1355710 2708.3
1355720 2707.0
1355730 2707.0
1355740 2706.6
1355750 2704.9
1355760 2700.8
1355770 2700.8
1355780 2695.7
1355790 2690.4
1355800 2690.4
1355810 2686.6
1355820 2684.6
1355830 2684.6
1355840 2682.9
1355850 2678.3
1355860 2678.3
1355870 2672.8
1355880 2667.1
1355890 2667.1
1355900 2663.0
1355910 2659.5
1355920 2659.5
1355930 2655.0
1355940 2645.3
1355950 2639.0
1355960 2639.0
1355970 2633.4
1355980 2629.0
1355990 2629.0
1356000 2625.5
1356010 2622.5
1356020 2622.5
1356030 2618.2
1356040 2615.4
1356050 2615.4
1356060 2613.4
1356070 2611.0
1356080 2611.0
1356090 2607.1
1356100 2602.7
1356110 2602.7
1356120 2598.2
1356130 2594.4
1356140 2594.4
1356150 2590.6
1356160 2587.1
1356170 2583.1
1356180 2583.1
1356190 2577.1
1356200 2569.5
1356210 2569.5
1356220 2562.6
1356230 2556.8
1356240 2556.8
1356250 2551.3
1356260 2546.8
1356270 2546.8
1356280 2542.6
1356290 2539.1
1356300 2539.1
1356310 2536.6
1356320 2534.1
1356330 2534.1
1356340 2533.9
1356350 2533.4
1356360 2533.4
1356370 2530.7
1356380 2526.6
1356390 2521.8
1356400 2521.8
1356410 2519.0
1356420 2514.1
1356430 2514.1
1356440 2508.1
1356450 2503.1
1356460 2503.1
1356470 2500.2
1356480 2496.1
1356490 2496.1
1356500 2493.2
1356510 2493.8
1356520 2493.8
1356530 2496.1
1356540 2498.7
1356550 2498.7
1356560 2501.5
1356570 2504.6
1356580 2507.9
1356590 2507.9
1356600 2511.3
1356610 2514.9
1356620 2514.9
1356630 2518.3
1356640 2522.1
1356650 2522.1
1356660 2525.8
1356670 2529.2
1356680 2529.2
1356690 2532.6
1356700 2536.3
1356710 2536.3
1356720 2540.3
1356730 2543.7
1356740 2543.7
1356750 2547.3
1356760 2551.3
1356770 2551.3
1356780 2555.4
1356790 2559.7
1356800 2563.9
1356810 2563.9
1356820 2568.0
1356830 2571.8
1356840 2571.8
1356850 2576.0
1356860 2580.3
1356870 2580.3
1356880 2584.6
1356890 2588.6
1356900 2588.6
1356910 2592.7
1356920 2596.9
1356930 2596.3
1356940 2600.6
1356950 2604.6
1356960 2604.6
1356970 2608.1
1356980 2611.4
1356990 2615.3
1357000 2615.3
1357010 2619.5
1357020 2624.2
1357030 2624.2
1357040 2629.4
1357050 2634.9
1357060 2634.9
1357070 2640.9
1357080 2647.0
1357090 2647.0
1357100 2653.0
1357110 2659.1
1357120 2659.1
1357130 2664.7
1357140 2670.0
1357150 2670.0
1357160 2675.6
1357170 2681.1
1357180 2681.1
1357190 2686.1
1357200 2691.5
1357210 2696.3
1357220 2696.3
1357230 2701.4
1357240 2707.3
1357250 2707.3
1357260 2712.9
1357270 2718.1
1357280 2718.1
1357290 2722.5
1357300 2726.6
1357310 2726.6
1357320 2731.0
1357330 2735.0
1357340 2735.0
1357350 2738.5
1357360 2741.6
1357370 2741.6
1357380 2745.8
1357390 2748.9
1357400 2748.9
1357410 2751.9
1357420 2755.2
1357430 2758.2
1357440 2758.2
1357450 2762.0
1357460 2766.3
1357470 2766.3
1357480 2770.9
1357490 2776.0
1357500 2776.0
1357510 2781.8
1357520 2788.0
1357530 2788.0
1357540 2792.2
1357550 2794.4
1357560 2794.4
1357570 2796.7
1357580 2797.9
1357590 2797.9
1357600 2800.9
1357610 2804.8
1357620 2808.0
1357630 2808.0
1357640 2811.3
1357650 2814.5
1357660 2814.5
1357670 2817.5
1357680 2820.6
1357690 2820.6
1357700 2823.7
1357710 2827.1
1357720 2827.1
1357730 2830.3
1357740 2833.2
1357750 2833.2
1357760 2835.8
1357770 2838.6
1357780 2838.6
1357790 2841.4
1357800 2844.2
1357810 2844.2
1357820 2847.1
1357830 2850.0
1357840 2853.0
1357850 2853.0
1357860 2856.1
1357870 2859.2
1357880 2859.2
1357890 2862.3
1357900 2865.5
1357910 2865.5
1357920 2869.0
1357930 2872.5
1357940 2872.5
1357950 2876.3
1357960 2880.2
1357970 2880.2
1357980 2884.0
1357990 2887.6
1358000 2887.6
1358010 2891.3
1358020 2895.0
1358030 2898.7
1358040 2898.7
1358050 2902.1
1358060 2905.1
1358070 2905.1
1358080 2907.9
1358090 2910.6
1358100 2910.6
1358110 2913.3
1358120 2915.9
1358130 2915.9
1358140 2918.3
1358150 2920.6
1358160 2920.6
1358170 2922.7
1358180 2924.6
1358190 2924.6
1358200 2926.3
1358210 2928.1
1358220 2928.1
1358230 2930.1
1358240 2932.2
1358250 2934.7
1358260 2934.7
1358270 2937.2
1358280 2939.9
1358290 2939.9
1358300 2942.9
1358310 2946.1
1358320 2946.1
1358330 2949.2
1358340 2952.3
1358350 2952.3
1358360 2955.5
1358370 2958.6
1358380 2958.6
1358390 2961.8
1358400 2965.0
1358410 2965.0
1358420 2968.2
1358430 2971.3
1358440 2971.3
1358450 2974.2
1358460 2976.9
1358470 2979.8
1358480 2979.8
1358490 2982.8
1358500 2986.0
1358510 2986.0
1358520 2989.4
1358530 2992.9
1358540 2992.9
1358550 2996.6
1358560 3000.4
1358570 3000.4
1358580 3004.3
1358590 3008.0
1358600 3008.0
1358610 3011.7
1358620 3015.5
1358630 3015.5
1358640 3019.3
1358650 3023.1
1358660 3026.8
1358670 3026.8
1358680 3030.4
1358690 3034.1
1358700 3034.1
1358710 3037.8
1358720 3041.6
1358730 3041.6
1358740 3045.4
1358750 3049.3
1358760 3049.3
1358770 3053.2
1358780 3056.9
1358790 3056.9
1358800 3060.3
1358810 3063.4
1358820 3063.4
1358830 3067.1
1358840 3072.7
1358850 3072.7
1358860 3083.1
1358870 3095.1
1358880 3106.1
1358890 3106.1
1358900 3115.2
1358910 3125.7
1358920 3125.7
1358930 3137.8
1358940 3154.3
1358950 3154.3
1358960 3182.5
1358970 3210.8
1358980 3210.8
1358990 3230.7
1359000 3241.9
1359010 3241.9
1359020 3249.6
1359030 3248.1
1359040 3248.1
1359050 3240.1
1359060 3232.4
1359070 3221.6
1359080 3221.6
1359090 3209.0
1359100 3200.2
1359110 3200.2
1359120 3191.3
1359130 3182.5
1359140 3182.5
1359150 3174.0
1359160 3164.4
1359170 3164.4
1359180 3157.1
1359190 3153.2
1359200 3153.2
1359210 3146.9
1359220 3139.8
1359230 3139.8
1359240 3129.9
1359250 3117.3
1359260 3117.3
1359270 3104.7
1359280 3088.8
1359290 3073.6
1359300 3073.6
1359310 3065.1
1359320 3059.0
1359330 3059.0
1359340 3054.4
1359350 3051.1
1359360 3051.1
1359370 3048.1
1359380 3044.9
1359390 3044.9
1359400 3041.3
1359410 3038.0
1359420 3038.0
1359430 3034.2
1359440 3030.2
1359450 3030.2
1359460 3025.7
1359470 3020.8
1359480 3020.8
1359490 3016.5
1359500 3012.2
1359510 3007.8
1359520 3007.8
1359530 3003.4
1359540 2998.6
1359550 2998.6
1359560 2992.9
1359570 2987.2
1359580 2987.2
1359590 2981.8
1359600 2977.2
1359610 2977.2
1359620 2973.3
1359630 2969.7
1359640 2969.7
1359650 2966.1
1359660 2962.2
1359670 2962.2
1359680 2957.8
1359690 2952.8
1359700 2947.5
1359710 2947.5
1359720 2942.1
1359730 2936.7
1359740 2936.7
1359750 2931.5
1359760 2926.5
1359770 2926.5
1359780 2921.6
1359790 2917.0
1359800 2917.0
1359810 2912.5
1359820 2907.9
1359830 2907.9
1359840 2902.8
1359850 2897.2
1359860 2897.2
1359870 2891.3
1359880 2885.5
1359890 2885.5
1359900 2879.7
1359910 2874.0
1359920 2868.7
1359930 2868.7
1359940 2864.3
1359950 2861.8
1359960 2861.8
1359970 2858.6
1359980 2855.9
1359990 2855.9
