1350230 2674.8
1350240 2666.9
1350250 2666.9
1350260 2659.5
1350270 2653.1
1350280 2647.8
1350290 2647.8
1350300 2644.1
1350310 2641.1
1350320 2647.4
1350330 2644.8
1350340 2642.4
1350350 2642.4
1350360 2639.4
1350370 2637.3
1350380 2637.3
1350390 2635.8
1350400 2635.8
1350410 2635.8
1350420 2636.5
1350430 2637.5
1350440 2637.5
1350450 2637.4
1350460 2637.5
1350470 2638.3
1350480 2638.3
1350490 2639.4
1350500 2640.6
1350510 2640.6
1350520 2642.3
1350530 2644.3
1350540 2644.3
1350550 2646.3
1350560 2647.7
1350570 2647.7
1350580 2649.2
1350590 2650.8
1350600 2650.8
1350610 2651.6
1350620 2650.7
1350630 2650.7
1350640 2649.6
1350650 2648.3
1350660 2648.3
1350670 2648.8
1350680 2650.4
1350690 2650.8
1350700 2650.8
1350710 2651.1
1350720 2652.7
1350730 2652.7
1350740 2654.3
1350750 2658.9
1350760 2658.9
1350770 2662.2
1350780 2663.1
1350790 2663.1
1350800 2664.0
1350810 2664.9
1350820 2664.9
1350830 2666.1
1350840 2667.8
1350850 2667.8
1350860 2670.1
1350870 2672.3
1350880 2673.9
1350890 2673.9
1350900 2675.6
1350910 2677.2
1350920 2677.2
1350930 2678.8
1350940 2680.9
1350950 2680.9
1350960 2683.4
1350970 2686.7
1350980 2686.7
1350990 2690.9
1351000 2696.0
1351010 2696.0
1351020 2701.8
1351030 2707.5
1351040 2707.5
1351050 2712.4
1351060 2717.7
1351070 2717.7
1351080 2723.3
1351090 2727.6
1351100 2730.7
1351110 2730.7
1351120 2733.5
1351130 2736.3
1351140 2736.3
1351150 2738.5
1351160 2740.9
1351170 2740.9
1351180 2743.5
1351190 2746.4
1351200 2746.4
1351210 2749.9
1351220 2754.3
1351230 2754.3
1351240 2758.6
1351250 2762.6
1351260 2764.8
1351270 2769.6
1351280 2773.7
1351290 2773.7
1351300 2777.9
1351310 2783.2
1351320 2790.0
1351330 2790.0
1351340 2799.0
1351350 2811.1
1351360 2811.1
1351370 2821.8
1351380 2834.0
1351390 2834.0
1351400 2848.6
1351410 2855.2
1351420 2855.2
1351430 2864.5
1351440 2872.8
1351450 2872.8
1351460 2878.2
1351470 2882.5
1351480 2882.5
1351490 2883.2
1351500 2885.8
1351510 2886.1
1351520 2886.1
1351530 2878.5
1351540 2862.5
1351550 2862.5
1351560 2831.6
1351570 2815.5
1351580 2815.5
1351590 2812.4
1351600 2805.6
1351610 2805.6
1351620 2798.8
1351630 2788.2
1351640 2788.2
1351650 2778.3
1351660 2772.9
1351670 2772.9
1351680 2768.0
1351690 2764.1
1351700 2764.1
1351710 2760.8
1351720 2757.5
1351730 2754.2
1351740 2754.2
1351750 2751.9
1351760 2751.0
1351770 2751.0
1351780 2749.5
1351790 2745.6
1351800 2745.6
1351810 2742.8
1351820 2740.6
1351830 2740.6
1351840 2737.4
1351850 2734.2
1351860 2734.2
1351870 2731.0
1351880 2727.1
1351890 2727.1
1351900 2722.0
1351910 2717.7
1351920 2714.8
1351930 2714.8
1351940 2712.9
1351950 2711.3
1351960 2711.3
1351970 2709.8
1351980 2708.9
1351990 2708.9
1352000 2708.9
1352010 2710.6
1352020 2710.6
1352030 2712.3
1352040 2711.2
1352050 2711.2
1352060 2709.6
1352070 2710.1
1352080 2710.1
1352090 2711.3
1352100 2710.2
1352110 2710.2
1352120 2709.7
1352130 2708.2
1352140 2705.5
1352150 2705.5
1352160 2702.4
1352170 2698.7
1352180 2698.7
1352190 2694.6
1352200 2691.1
1352210 2691.1
1352220 2682.3
1352230 2675.9
1352240 2675.9
1352250 2666.2
1352260 2657.1
1352270 2657.1
1352280 2654.1
1352290 2653.1
1352300 2653.1
1352310 2651.9
1352320 2649.5
1352330 2649.5
1352340 2645.8
1352350 2644.4
1352360 2642.9
1352370 2642.9
1352380 2641.5
1352390 2639.7
1352400 2639.7
1352410 2638.3
1352420 2637.2
1352430 2637.2
1352440 2635.8
1352450 2635.1
1352460 2635.1
1352470 2634.3
1352480 2634.5
1352490 2634.5
1352500 2636.0
1352510 2638.4
1352520 2638.4
1352530 2639.6
1352540 2640.3
1352550 2639.1
1352560 2639.1
1352570 2636.0
1352580 2631.2
1352590 2631.2
1352600 2627.2
1352610 2624.6
1352620 2624.6
1352630 2623.3
1352640 2622.4
1352650 2622.4
1352660 2622.1
1352670 2624.1
1352680 2624.1
1352690 2629.3
1352700 2634.9
1352710 2634.9
1352720 2638.6
1352730 2641.0
1352740 2641.0
1352750 2643.7
1352760 2646.7
1352770 2649.5
1352780 2649.5
1352790 2652.0
1352800 2654.5
1352810 2654.5
1352820 2655.9
1352830 2655.8
1352840 2655.8
1352850 2657.8
1352860 2660.6
1352870 2660.6
1352880 2661.7
1352890 2662.1
1352900 2662.1
1352910 2664.7
1352920 2669.3
1352930 2669.3
1352940 2674.2
1352950 2680.2
1352960 2685.7
1352970 2685.7
1352980 2690.5
1352990 2695.9
1353000 2695.9
1353010 2700.9
1353020 2705.7
1353030 2705.7
1353040 2710.9
1353050 2715.6
1353060 2715.6
1353070 2720.9
1353080 2726.1
1353090 2726.1
1353100 2730.5
1353110 2735.2
1353120 2735.2
1353130 2740.4
1353140 2745.2
1353150 2745.2
1353160 2748.4
1353170 2751.0
1353180 2755.1
1353190 2755.1
1353200 2758.9
1353210 2763.4
1353220 2763.4
1353230 2768.4
1353240 2772.9
1353250 2772.9
1353260 2777.8
1353270 2782.5
1353280 2782.5
1353290 2787.3
1353300 2792.6
1353310 2792.6
1353320 2797.8
1353330 2803.0
1353340 2803.0
1353350 2808.2
1353360 2813.9
1353370 2813.9
1353380 2820.0
1353390 2826.7
1353400 2834.4
1353410 2834.4
1353420 2843.5
1353430 2851.2
1353440 2851.2
1353450 2859.1
1353460 2867.5
1353470 2867.5
1353480 2875.5
1353490 2885.1
1353500 2885.1
1353510 2892.9
1353520 2899.4
1353530 2899.4
1353540 2907.1
1353550 2915.2
1353560 2915.2
1353570 2923.6
1353580 2931.6
1353590 2939.9
1353600 2939.9
1353610 2948.2
1353620 2952.1
1353630 2952.1
1353640 2956.3
1353650 2962.0
1353660 2962.0
1353670 2968.3
1353680 2975.0
1353690 2975.0
1353700 2982.3
1353710 2989.7
1353720 2989.7
1353730 2998.2
1353740 3005.3
1353750 3005.3
1353760 3006.5
1353770 3000.7
1353780 3000.7
1353790 2995.4
1353800 2994.0
1353810 2993.3
1353820 2993.3
1353830 2993.2
1353840 2993.2
1353850 2993.2
1353860 2995.2
1353870 2996.9
1353880 2996.9
1353890 2993.8
1353900 2990.8
1353910 2990.8
1353920 2989.0
1353930 2989.2
1353940 2989.2
1353950 2991.0
1353960 2992.3
1353970 2992.3
1353980 2995.7
1353990 2997.4
1354000 2998.1
1354010 2998.1
1354020 3000.5
1354030 3003.4
1354040 3003.4
1354050 3004.8
1354060 3004.3
1354070 3004.3
1354080 3002.4
1354090 3001.1
1354100 3001.1
1354110 3001.3
1354120 3002.2
1354130 3002.2
1354140 3004.0
1354150 3012.5
1354160 3012.5
1354170 3015.6
1354180 3019.3
1354190 3019.3
1354200 3023.2
1354210 3028.4
1354220 3034.8
1354230 3034.8
1354240 3040.8
1354250 3046.7
1354260 3046.7
1354270 3052.9
1354280 3059.5
1354290 3059.5
1354300 3066.1
1354310 3073.4
1354320 3073.4
1354330 3082.2
1354340 3093.5
1354350 3093.5
1354360 3100.1
1354370 3092.7
1354380 3092.7
1354390 3077.0
1354400 3060.5
1354410 3060.5
1354420 3047.5
1354430 3037.8
1354440 3027.0
1354450 3027.0
1354460 3017.5
1354470 3010.6
1354480 3010.6
1354490 3005.2
1354500 2997.3
1354510 2997.3
1354520 2988.8
1354530 2981.7
1354540 2981.7
1354550 2970.6
1354560 2956.1
1354570 2956.1
1354580 2944.6
1354590 2936.3
1354600 2936.3
1354610 2928.7
1354620 2921.7
1354630 2915.3
1354640 2915.3
1354650 2909.5
1354660 2904.0
1354670 2904.0
1354680 2899.3
1354690 2895.1
1354700 2895.1
1354710 2891.4
1354720 2888.3
1354730 2888.3
1354740 2886.3
1354750 2884.0
1354760 2884.0
1354770 2881.1
1354780 2877.9
1354790 2877.9
1354800 2874.7
1354810 2871.2
1354820 2871.2
1354830 2867.7
1354840 2864.2
1354850 2860.8
1354860 2860.8
1354870 2857.7
1354880 2855.1
1354890 2855.1
1354900 2853.6
1354910 2853.5
1354920 2853.5
1354930 2854.2
1354940 2855.6
1354950 2855.6
1354960 2857.0
1354970 2858.3
1354980 2858.3
1354990 2859.2
1355000 2860.0
1355010 2860.0
1355020 2860.9
1355030 2861.2
1355040 2861.2
1355050 2861.5
1355060 2862.1
1355070 2863.9
1355080 2863.9
1355090 2866.3
1355100 2868.7
1355110 2868.7
1355120 2869.7
1355130 2870.8
1355140 2870.8
1355150 2871.1
1355160 2870.4
1355170 2870.4
1355180 2867.3
1355190 2863.8
1355200 2863.8
1355210 2858.2
1355220 2852.3
1355230 2852.3
1355240 2845.4
1355250 2838.4
1355260 2831.3
1355270 2831.3
1355280 2823.1
1355290 2816.8
1355300 2816.8
1355310 2812.8
1355320 2811.0
1355330 2811.0
1355340 2810.5
1355350 2809.8
1355360 2809.8
1355370 2808.8
1355380 2808.0
1355390 2808.0
1355400 2806.0
1355410 2803.4
1355420 2803.4
1355430 2801.0
1355440 2798.8
1355450 2798.8
1355460 2794.5
1355470 2789.9
1355480 2785.4
1355490 2785.4
1355500 2780.3
1355510 2776.5
1355520 2776.5
1355530 2773.9
1355540 2771.2
1355550 2771.2
1355560 2768.5
1355570 2765.1
1355580 2765.1
1355590 2762.1
1355600 2759.1
1355610 2759.1
1355620 2754.3
1355630 2748.0
1355640 2748.0
1355650 2742.9
1355660 2737.9
1355670 2733.9
1355680 2733.9
1355690 2731.2
1355700 2729.3
1355710 2729.3
1355720 2728.1
1355730 2727.1
1355740 2727.1
1355750 2726.2
1355760 2724.8
1355770 2724.8
1355780 2723.5
1355790 2722.4
1355800 2722.4
1355810 2722.6
1355820 2722.4
1355830 2722.4
1355840 2721.5
1355850 2718.0
1355860 2718.0
1355870 2714.2
1355880 2711.2
1355890 2708.6
1355900 2708.6
1355910 2702.9
1355920 2695.9
1355930 2695.9
1355940 2691.3
1355950 2687.1
1355960 2687.1
1355970 2681.9
1355980 2677.9
1355990 2677.9
1356000 2673.2
1356010 2664.0
1356020 2664.0
1356030 2655.6
1356040 2649.7
1356050 2649.7
1356060 2645.1
1356070 2641.1
1356080 2641.1
1356090 2637.0
1356100 2632.5
1356110 2622.9
1356120 2622.9
1356130 2617.9
1356140 2611.2
1356150 2611.2
1356160 2606.0
1356170 2601.3
1356180 2601.3
1356190 2596.7
1356200 2592.3
1356210 2592.3
1356220 2587.9
1356230 2583.2
1356240 2583.2
1356250 2578.3
1356260 2573.4
1356270 2573.4
1356280 2569.1
1356290 2565.9
1356300 2562.5
1356310 2562.5
1356320 2558.6
1356330 2554.8
1356340 2554.8
1356350 2553.9
1356360 2552.7
1356370 2552.7
1356380 2553.4
1356390 2551.0
1356400 2551.0
1356410 2546.8
1356420 2543.5
1356430 2543.5
1356440 2542.5
1356450 2540.6
1356460 2540.6
1356470 2539.6
1356480 2537.5
1356490 2537.5
1356500 2533.5
1356510 2529.2
1356520 2524.2
1356530 2524.2
1356540 2519.2
1356550 2515.0
1356560 2515.0
1356570 2514.0
1356580 2513.5
1356590 2513.5
1356600 2514.2
1356610 2517.7
1356620 2517.7
1356630 2521.9
1356640 2525.5
1356650 2525.5
1356660 2529.7
1356670 2534.4
1356680 2534.4
1356690 2539.8
1356700 2545.4
1356710 2550.9
1356720 2550.9
1356730 2555.5
1356740 2560.2
1356750 2560.2
1356760 2565.2
1356770 2570.3
1356780 2570.3
1356790 2576.7
1356800 2582.8
1356810 2582.8
1356820 2588.7
1356830 2594.7
1356840 2594.7
1356850 2599.2
1356860 2604.6
1356870 2604.6
1356880 2609.8
1356890 2614.9
1356900 2614.9
1356910 2620.4
1356920 2625.9
1356930 2631.3
1356940 2631.3
1356950 2636.1
1356960 2639.4
1356970 2639.4
1356980 2643.4
1356990 2646.9
1357000 2646.9
1357010 2650.5
1357020 2654.5
1357030 2654.5
1357040 2659.3
1357050 2664.6
1357060 2664.6
1357070 2669.9
1357080 2675.0
1357090 2675.0
1357100 2673.2
1357110 2676.8
1357120 2676.8
1357130 2680.7
1357140 2683.9
1357150 2687.9
1357160 2687.9
1357170 2692.3
1357180 2696.2
1357190 2696.2
1357200 2700.2
1357210 2704.6
1357220 2704.6
1357230 2709.4
1357240 2713.5
1357250 2713.5
1357260 2717.8
1357270 2721.8
1357280 2721.8
1357290 2725.5
1357300 2729.9
1357310 2729.9
1357320 2734.3
1357330 2738.1
1357340 2742.1
1357350 2742.1
1357360 2745.4
1357370 2749.5
1357380 2749.5
1357390 2754.5
1357400 2760.0
1357410 2760.0
1357420 2765.2
1357430 2770.2
1357440 2770.2
1357450 2774.7
1357460 2778.6
1357470 2778.6
1357480 2783.1
1357490 2787.9
1357500 2787.9
1357510 2792.3
1357520 2796.9
1357530 2796.9
1357540 2801.2
1357550 2805.2
1357560 2808.8
1357570 2808.8
1357580 2812.5
1357590 2816.8
1357600 2816.8
1357610 2820.7
1357620 2824.2
1357630 2824.2
1357640 2827.7
1357650 2830.8
1357660 2830.8
1357670 2834.1
1357680 2837.9
1357690 2837.9
1357700 2841.4
1357710 2845.3
1357720 2845.3
1357730 2849.0
1357740 2851.2
1357750 2854.4
1357760 2854.4
1357770 2857.4
1357780 2860.2
1357790 2860.2
1357800 2863.2
1357810 2866.3
1357820 2866.3
1357830 2868.9
1357840 2871.2
1357850 2871.2
1357860 2874.1
1357870 2876.4
1357880 2876.4
1357890 2877.7
1357900 2879.8
1357910 2879.8
1357920 2882.0
1357930 2883.7
1357940 2883.7
1357950 2886.3
1357960 2889.8
1357970 2893.5
1357980 2893.5
1357990 2896.9
1358000 2901.5
1358010 2901.5
1358020 2905.0
1358030 2908.8
1358040 2908.8
1358050 2912.7
1358060 2916.3
1358070 2916.3
1358080 2919.6
1358090 2922.8
1358100 2921.3
1358110 2924.5
1358120 2927.6
1358130 2927.6
1358140 2930.3
1358150 2932.6
1358160 2932.6
1358170 2934.6
1358180 2936.4
1358190 2938.1
1358200 2938.1
1358210 2939.6
1358220 2941.0
1358230 2941.0
1358240 2942.3
1358250 2943.5
1358260 2943.5
1358270 2944.6
1358280 2945.8
1358290 2945.8
1358300 2947.2
1358310 2948.8
1358320 2948.8
1358330 2950.5
1358340 2952.4
1358350 2952.4
1358360 2954.6
1358370 2956.7
1358380 2959.0
1358390 2959.0
1358400 2961.2
1358410 2963.6
1358420 2963.6
1358430 2966.1
1358440 2968.8
1358450 2968.8
1358460 2972.0
1358470 2975.5
1358480 2975.5
1358490 2978.9
1358500 2982.4
1358510 2982.4
1358520 2986.1
1358530 2989.8
1358540 2989.8
1358550 2993.8
1358560 2997.8
1358570 2997.8
1358580 3001.8
1358590 3006.0
1358600 3010.1
1358610 3010.1
1358620 3014.4
1358630 3018.7
1358640 3018.7
1358650 3022.8
1358660 3027.1
1358670 3027.1
1358680 3031.3
1358690 3035.4
1358700 3035.4
1358710 3039.4
1358720 3043.2
1358730 3043.2
1358740 3046.9
1358750 3050.5
1358760 3050.5
1358770 3054.0
1358780 3057.5
1358790 3061.4
1358800 3061.4
1358810 3065.9
1358820 3070.8
1358830 3070.8
1358840 3076.5
1358850 3082.9
1358860 3082.9
1358870 3090.1
1358880 3101.2
1358890 3101.2
1358900 3120.3
1358910 3137.4
1358920 3137.4
1358930 3150.6
1358940 3159.2
1358950 3159.2
1358960 3161.3
1358970 3164.8
1358980 3164.8
1358990 3169.7
1359000 3175.5
1359010 3176.9
1359020 3176.9
1359030 3167.4
1359040 3155.5
1359050 3155.5
1359060 3143.0
1359070 3131.5
1359080 3131.5
1359090 3125.7
1359100 3124.6
1359110 3124.6
1359120 3120.9
1359130 3116.0
1359140 3116.0
1359150 3111.3
1359160 3106.1
1359170 3106.1
1359180 3101.7
1359190 3097.4
1359200 3097.4
1359210 3092.9
1359220 3089.2
1359230 3085.9
1359240 3085.9
1359250 3082.6
1359260 3079.4
1359270 3079.4
1359280 3076.6
1359290 3074.1
1359300 3074.1
1359310 3071.4
1359320 3068.4
1359330 3068.4
1359340 3065.2
1359350 3061.5
1359360 3061.5
1359370 3057.2
1359380 3053.9
1359390 3053.9
1359400 3050.4
1359410 3046.3
1359420 3041.9
1359430 3041.9
1359440 3036.9
1359450 3032.2
1359460 3032.2
1359470 3027.5
1359480 3022.5
1359490 3022.5
1359500 3017.2
1359510 3011.9
1359520 3011.9
1359530 3006.7
1359540 3001.7
1359550 3001.7
1359560 2996.6
1359570 2991.1
1359580 2991.1
1359590 2985.4
1359600 2979.9
1359610 2979.9
1359620 2974.5
1359630 2969.1
1359640 2963.2
1359650 2963.2
1359660 2956.9
1359670 2950.6
1359680 2950.6
1359690 2944.4
1359700 2938.6
1359710 2938.6
1359720 2933.3
1359730 2928.5
1359740 2928.5
1359750 2924.3
1359760 2920.3
1359770 2920.3
1359780 2915.9
1359790 2911.1
1359800 2911.1
1359810 2906.1
1359820 2901.0
1359830 2895.8
1359840 2895.8
1359850 2890.9
1359860 2886.9
1359870 2886.9
1359880 2883.6
1359890 2881.0
1359900 2881.0
1359910 2879.0
1359920 2877.5
1359930 2877.5
1359940 2876.3
1359950 2875.2
1359960 2875.2
1359970 2874.1
1359980 2872.9
1359990 2872.9
