1358280 2926.1
1358290 2930.5
1358300 2930.5
1358310 2935.5
1358320 2940.6
1358330 2940.6
1358340 2945.8
1358350 2950.9
1358360 2950.9
1358370 2955.9
1358380 2960.7
1358390 2960.7
1358400 2965.3
1358410 2969.9
1358420 2969.9
1358430 2974.5
1358440 2979.1
1358450 2979.1
1358460 2983.7
1358470 2988.2
1358480 2988.2
1358490 2992.6
1358500 2996.8
1358510 3000.7
1358520 3000.7
1358530 3004.5
1358540 3008.4
1358550 3008.4
1358560 3012.4
1358570 3016.6
1358580 3016.6
1358590 3020.8
1358600 3025.1
1358610 3025.1
1358620 3029.4
1358630 3033.8
1358640 3033.8
1358650 3038.5
1358660 3043.5
1358670 3043.5
1358680 3048.8
1358690 3054.3
1358700 3059.9
1358710 3059.9
1358720 3065.6
1358730 3071.3
1358740 3071.3
1358750 3076.8
1358760 3082.0
1358770 3082.0
1358780 3087.6
1358790 3093.3
1358800 3093.3
1358810 3099.1
1358820 3104.9
1358830 3104.9
1358840 3111.1
1358850 3117.2
1358860 3117.2
1358870 3123.5
1358880 3130.0
1358890 3130.0
1358900 3136.5
1358910 3143.7
1358920 3150.5
1358930 3150.5
1358940 3156.9
1358950 3163.5
1358960 3163.5
1358970 3170.3
1358980 3176.7
1358990 3176.7
1359000 3182.9
1359010 3188.9
1359020 3188.9
1359030 3195.1
1359040 3201.6
1359050 3201.6
1359060 3208.1
1359070 3214.7
1359080 3214.7
1359090 3221.4
1359100 3227.9
1359110 3227.9
1359120 3234.2
1359130 3241.0
1359140 3248.5
1359150 3248.5
1359160 3247.3
1359170 3237.0
1359180 3237.0
1359190 3225.0
1359200 3215.4
1359210 3215.4
1359220 3204.4
1359230 3193.4
1359240 3193.4
1359250 3181.7
1359260 3169.2
1359270 3169.2
1359280 3162.4
1359290 3155.4
1359300 3155.4
1359310 3148.9
1359320 3142.6
1359330 3136.6
1359340 3136.6
1359350 3130.8
1359360 3125.1
1359370 3125.1
1359380 3119.5
1359390 3113.5
1359400 3113.5
1359410 3107.3
1359420 3100.5
1359430 3100.5
1359440 3093.0
1359450 3085.2
1359460 3085.2
1359470 3077.1
1359480 3068.8
1359490 3068.8
1359500 3060.2
1359510 3051.0
1359520 3051.0
1359530 3041.8
1359540 3032.2
1359550 3022.9
1359560 3022.9
1359570 3014.7
1359580 3006.8
1359590 3006.8
1359600 2999.1
1359610 2991.7
1359620 2991.7
1359630 2985.1
1359640 2979.0
1359650 2979.0
1359660 2973.2
1359670 2967.8
1359680 2967.8
1359690 2963.2
1359700 2958.2
1359710 2958.2
1359720 2953.2
1359730 2947.5
1359740 2947.5
1359750 2940.5
1359760 2934.1
1359770 2927.0
1359780 2927.0
1359790 2920.1
1359800 2911.0
1359810 2911.0
1359820 2903.6
1359830 2899.9
1359840 2899.9
1359850 2896.1
1359860 2889.0
1359870 2889.0
1359880 2882.8
1359890 2877.4
1359900 2877.4
1359910 2872.2
1359920 2866.7
1359930 2866.7
1359940 2862.0
1359950 2857.5
1359960 2853.1
1359970 2853.1
1359980 2848.8
1359990 2844.5
