1358210 2907.1
1358220 2910.9
1358230 2910.9
1358240 2916.7
1358250 2922.6
1358260 2922.6
1358270 2928.6
1358280 2933.2
1358290 2933.2
1358300 2938.4
1358310 2943.8
1358320 2943.8
1358330 2948.1
1358340 2952.0
1358350 2952.0
1358360 2955.5
1358370 2958.4
1358380 2960.5
1358390 2960.5
1358400 2962.4
1358410 2964.8
1358420 2964.8
1358430 2968.1
1358440 2972.1
1358450 2972.1
1358460 2976.9
1358470 2982.5
1358480 2982.5
1358490 2988.5
1358500 2994.6
1358510 2994.6
1358520 3000.6
1358530 3006.4
1358540 3006.4
1358550 3011.2
1358560 3015.8
1358570 3015.8
1358580 3020.0
1358590 3024.0
1358600 3027.9
1358610 3027.9
1358620 3031.5
1358630 3035.2
1358640 3035.2
1358650 3039.2
1358660 3043.6
1358670 3043.6
1358680 3048.4
1358690 3054.1
1358700 3054.1
1358710 3060.5
1358720 3067.6
1358730 3067.6
1358740 3075.1
1358750 3082.7
1358760 3082.7
1358770 3090.2
1358780 3097.7
1358790 3097.7
1358800 3111.5
1358810 3127.5
1358820 3136.0
1358830 3136.0
1358840 3142.1
1358850 3149.0
1358860 3149.0
1358870 3155.7
1358880 3167.1
1358890 3167.1
1358900 3175.0
1358910 3183.0
1358920 3183.0
1358930 3190.7
1358940 3197.6
1358950 3197.6
1358960 3205.1
1358970 3213.1
1358980 3213.1
1358990 3219.6
1359000 3227.3
1359010 3234.9
1359020 3234.9
1359030 3241.8
1359040 3248.0
1359050 3248.0
1359060 3254.3
1359070 3260.6
1359080 3260.6
1359090 3267.3
1359100 3273.7
1359110 3273.7
1359120 3278.7
1359130 3276.6
1359140 3276.6
1359150 3269.4
1359160 3264.2
1359170 3264.2
1359180 3259.5
1359190 3253.3
1359200 3253.3
1359210 3247.3
1359220 3240.4
1359230 3234.9
1359240 3234.9
1359250 3230.4
1359260 3222.2
1359270 3222.2
1359280 3218.1
1359290 3213.5
1359300 3213.5
1359310 3207.9
1359320 3198.9
1359330 3198.9
1359340 3189.5
1359350 3179.2
1359360 3179.2
1359370 3168.3
1359380 3157.6
1359390 3157.6
1359400 3147.6
1359410 3138.2
1359420 3138.2
1359430 3128.8
1359440 3117.3
1359450 3106.7
1359460 3106.7
1359470 3097.8
1359480 3085.7
1359490 3085.7
1359500 3074.8
1359510 3066.5
1359520 3066.5
1359530 3059.0
1359540 3051.8
1359550 3051.8
1359560 3044.5
1359570 3037.0
1359580 3037.0
1359590 3029.3
1359600 3021.4
1359610 3021.4
1359620 3013.6
1359630 3006.0
1359640 2998.6
1359650 2998.6
1359660 2992.0
1359670 2986.2
1359680 2986.2
1359690 2980.6
1359700 2974.6
1359710 2974.6
1359720 2970.1
1359730 2967.2
1359740 2967.2
1359750 2963.2
1359760 2961.9
1359770 2961.9
1359780 2961.9
1359790 2964.3
1359800 2964.3
1359810 2964.1
1359820 2961.6
1359830 2961.6
1359840 2957.6
1359850 2954.7
1359860 2954.9
1359870 2954.9
1359880 2953.6
1359890 2936.6
1359900 2936.6
1359910 2927.0
1359920 2919.1
1359930 2919.1
1359940 2910.2
1359950 2902.2
1359960 2902.2
1359970 2894.8
1359980 2888.8
1359990 2888.8
