1358690 2742.1
1358700 2742.1
1358710 2743.7
1358720 2745.2
1358730 2745.2
1358740 2746.7
1358750 2747.2
1358760 2747.2
1358770 2748.5
1358780 2751.8
1358790 2751.8
1358800 2756.2
1358810 2761.2
1358820 2766.2
1358830 2766.2
1358840 2770.6
1358850 2775.1
1358860 2775.1
1358870 2779.3
1358880 2783.0
1358890 2783.0
1358900 2786.1
1358910 2789.0
1358920 2789.0
1358930 2791.7
1358940 2794.6
1358950 2794.6
1358960 2797.3
1358970 2799.8
1358980 2799.8
1358990 2801.9
1359000 2804.5
1359010 2804.5
1359020 2807.5
1359030 2810.2
1359040 2814.0
1359050 2814.0
1359060 2818.1
1359070 2822.5
1359080 2822.5
1359090 2827.4
1359100 2832.7
1359110 2832.7
1359120 2838.2
1359130 2844.0
1359140 2844.0
1359150 2850.2
1359160 2856.8
1359170 2856.8
1359180 2864.6
1359190 2876.6
1359200 2876.6
1359210 2892.6
1359220 2906.8
1359230 2917.1
1359240 2921.8
1359250 2933.2
1359260 2946.9
1359270 2946.9
1359280 2961.6
1359290 2976.5
1359300 2976.5
1359310 2990.3
1359320 3003.0
1359330 3003.0
1359340 3015.7
1359350 3028.4
1359360 3028.4
1359370 3036.8
1359380 3045.5
1359390 3045.5
1359400 3053.8
1359410 3062.6
1359420 3062.6
1359430 3057.4
1359440 3049.0
1359450 3042.8
1359460 3042.8
1359470 3036.8
1359480 3030.9
1359490 3030.9
1359500 3024.6
1359510 3017.9
1359520 3017.9
1359530 3011.3
1359540 3005.8
1359550 3005.8
1359560 3001.7
1359570 2998.1
1359580 2998.1
1359590 2994.2
1359600 2989.2
1359610 2989.2
1359620 2983.3
1359630 2977.9
1359640 2977.9
1359650 2969.6
1359660 2960.9
1359670 2952.1
1359680 2952.1
1359690 2943.1
1359700 2934.6
1359710 2934.6
1359720 2927.2
1359730 2919.9
1359740 2919.9
1359750 2913.7
1359760 2908.1
1359770 2908.1
1359780 2903.1
1359790 2897.5
1359800 2897.5
1359810 2891.7
1359820 2885.8
1359830 2885.8
1359840 2879.5
1359850 2873.4
1359860 2873.4
1359870 2867.6
1359880 2860.9
1359890 2854.6
1359900 2854.6
1359910 2848.6
1359920 2842.9
1359930 2842.9
1359940 2837.9
1359950 2832.6
1359960 2832.6
1359970 2827.2
1359980 2821.0
1359990 2821.0
