1359000 2668.6
1359010 2670.7
1359020 2670.7
1359030 2673.3
1359040 2675.1
1359050 2675.1
1359060 2670.0
1359070 2670.9
1359080 2670.9
1359090 2672.1
1359100 2674.0
1359110 2674.0
1359120 2676.3
1359130 2678.7
1359140 2678.7
1359150 2681.3
1359160 2683.9
1359170 2683.9
1359180 2686.3
1359190 2688.5
1359200 2690.7
1359210 2690.7
1359220 2693.0
1359230 2695.8
1359240 2695.8
1359250 2699.0
1359260 2702.6
1359270 2702.6
1359280 2706.0
1359290 2709.8
1359300 2709.8
1359310 2713.9
1359320 2718.3
1359330 2718.3
1359340 2723.2
1359350 2727.7
1359360 2727.7
1359370 2733.3
1359380 2739.3
1359390 2744.7
1359400 2744.7
1359410 2750.2
1359420 2756.2
1359430 2756.2
1359440 2762.3
1359450 2769.2
1359460 2769.2
1359470 2775.9
1359480 2782.7
1359490 2782.7
1359500 2789.5
1359510 2796.3
1359520 2796.3
1359530 2803.3
1359540 2810.0
1359550 2810.0
1359560 2816.2
1359570 2822.5
1359580 2822.5
1359590 2828.8
1359600 2834.4
1359610 2840.8
1359620 2840.8
1359630 2847.5
1359640 2854.6
1359650 2854.6
1359660 2861.5
1359670 2867.4
1359680 2867.4
1359690 2874.1
1359700 2880.7
1359710 2880.7
1359720 2888.4
1359730 2894.8
1359740 2894.8
1359750 2900.7
1359760 2906.0
1359770 2906.0
1359780 2911.2
1359790 2917.1
1359800 2917.1
1359810 2922.9
1359820 2928.6
1359830 2934.9
1359840 2934.9
1359850 2941.7
1359860 2948.7
1359870 2948.7
1359880 2955.0
1359890 2960.9
1359900 2960.9
1359910 2965.7
1359920 2970.3
1359930 2970.3
1359940 2973.9
1359950 2971.7
1359960 2971.7
1359970 2964.5
1359980 2955.0
1359990 2955.0
