1359260 2732.1
1359270 2733.9
1359280 2735.9
1359290 2735.9
1359300 2739.1
1359310 2743.4
1359320 2743.4
1359330 2747.3
1359340 2751.3
1359350 2751.3
1359360 2753.8
1359370 2755.4
1359380 2755.4
1359390 2758.3
1359400 2761.4
1359410 2761.4
1359420 2763.6
1359430 2766.0
1359440 2766.0
1359450 2768.4
1359460 2770.5
1359470 2772.6
1359480 2775.0
1359490 2777.3
1359500 2780.3
1359510 2780.3
1359520 2784.0
1359530 2788.4
1359540 2788.4
1359550 2792.4
1359560 2796.5
1359570 2796.5
1359580 2800.9
1359590 2805.7
1359600 2805.7
1359610 2810.8
1359620 2816.3
1359630 2816.3
1359640 2822.3
1359650 2828.5
1359660 2828.5
1359670 2836.7
1359680 2849.2
1359690 2859.9
1359700 2859.9
1359710 2867.6
1359720 2874.3
1359730 2874.3
1359740 2878.6
1359750 2882.1
1359760 2882.1
1359770 2885.6
1359780 2889.9
1359790 2889.9
1359800 2894.5
1359810 2899.4
1359820 2899.4
1359830 2905.5
1359840 2913.2
1359850 2913.2
1359860 2919.7
1359870 2925.9
1359880 2925.9
1359890 2932.5
1359900 2939.5
1359910 2947.1
1359920 2947.1
1359930 2955.2
1359940 2963.8
1359950 2963.8
1359960 2974.1
1359970 2984.5
1359980 2984.5
1359990 2986.6
