1359240 2701.0
1359250 2704.2
1359260 2704.2
1359270 2708.6
1359280 2712.8
1359290 2712.8
1359300 2716.6
1359310 2720.3
1359320 2720.3
1359330 2724.2
1359340 2728.3
1359350 2728.3
1359360 2732.7
1359370 2736.4
1359380 2736.4
1359390 2739.4
1359400 2742.2
1359410 2742.2
1359420 2745.2
1359430 2748.8
1359440 2752.2
1359450 2752.2
1359460 2755.6
1359470 2758.8
1359480 2758.8
1359490 2762.0
1359500 2765.0
1359510 2765.0
1359520 2768.4
1359530 2772.2
1359540 2772.2
1359550 2776.6
1359560 2781.4
1359570 2781.4
1359580 2786.5
1359590 2792.1
1359600 2792.1
1359610 2799.2
1359620 2805.2
1359630 2812.4
1359640 2812.4
1359650 2822.6
1359660 2830.8
1359670 2830.8
1359680 2840.2
1359690 2848.3
1359700 2848.3
1359710 2853.7
1359720 2856.5
1359730 2856.5
1359740 2859.4
1359750 2862.7
1359760 2862.7
1359770 2865.9
1359780 2869.2
1359790 2869.2
1359800 2872.5
1359810 2876.5
1359820 2876.5
1359830 2880.9
1359840 2885.7
1359850 2891.2
1359860 2891.2
1359870 2897.1
1359880 2907.0
1359890 2907.0
1359900 2919.0
1359910 2929.9
1359920 2929.9
1359930 2939.7
1359940 2946.0
1359950 2946.0
1359960 2951.4
1359970 2947.5
1359980 2947.5
1359990 2938.2
