1340000 3033.4
1340010 3041.0
1340020 3048.0
1340030 3048.0
1340040 3055.3
1340050 3062.7
1340060 3062.7
1340070 3071.1
1340080 3087.5
1340090 3087.5
1340100 3099.5
1340110 3109.2
1340120 3105.8
1340130 3105.8
1340140 3094.9
1340150 3083.9
1340160 3083.9
1340170 3075.4
1340180 3068.4
1340190 3068.4
1340200 3062.5
1340210 3057.7
1340220 3057.7
1340230 3053.1
1340240 3048.6
1340250 3048.6
1340260 3045.1
1340270 3042.0
1340280 3042.0
1340290 3039.1
1340300 3037.7
1340310 3037.7
1340320 3035.4
1340330 3032.1
1340340 3029.4
1340350 3029.4
1340360 3027.9
1340370 3027.3
1340380 3027.3
1340390 3027.2
1340400 3027.6
1340410 3027.6
1340420 3028.2
1340430 3028.2
1340440 3028.2
1340450 3026.7
1340460 3023.8
1340470 3023.8
1340480 3021.2
1340490 3019.2
1340500 3019.2
1340510 3017.6
1340520 3016.7
1340530 3016.7
1340540 3014.4
1340550 3007.4
1340560 2998.4
1340570 2998.4
1340580 2988.9
1340590 2981.1
1340600 2981.1
1340610 2973.5
1340620 2964.7
1340630 2964.7
1340640 2956.6
1340650 2946.2
1340660 2946.2
1340670 2937.4
1340680 2929.9
1340690 2929.9
1340700 2922.8
1340710 2916.2
1340720 2916.2
1340730 2909.9
1340740 2906.4
1340750 2904.9
1340760 2904.9
1340770 2903.6
1340780 2903.6
1340790 2903.6
1340800 2902.4
1340810 2899.6
1340820 2899.6
1340830 2897.1
1340840 2895.7
1340850 2895.7
1340860 2894.8
1340870 2894.5
1340880 2894.5
1340890 2894.0
1340900 2893.2
1340910 2893.2
1340920 2892.7
1340930 2892.8
1340940 2892.8
1340950 2893.2
1340960 2885.1
1340970 2886.8
1340980 2886.8
1340990 2889.7
1341000 2894.4
1341010 2894.4
1341020 2899.0
1341030 2901.9
1341040 2901.9
1341050 2903.6
1341060 2903.9
1341070 2903.9
1341080 2902.4
1341090 2900.2
1341100 2900.2
1341110 2899.3
1341120 2900.4
1341130 2900.4
1341140 2901.9
1341150 2903.9
1341160 2903.9
1341170 2906.6
1341180 2908.3
1341190 2910.9
1341200 2910.9
1341210 2915.4
1341220 2919.6
1341230 2919.6
1341240 2924.1
1341250 2927.6
1341260 2927.6
1341270 2930.7
1341280 2932.7
1341290 2932.7
1341300 2933.2
1341310 2933.1
1341320 2933.1
1341330 2929.0
1341340 2924.8
1341350 2924.8
1341360 2919.9
1341370 2914.9
1341380 2914.9
1341390 2911.4
1341400 2908.1
1341410 2905.9
1341420 2905.9
1341430 2904.6
1341440 2904.1
1341450 2904.1
1341460 2904.3
1341470 2906.2
1341480 2906.2
1341490 2908.5
1341500 2910.0
1341510 2910.0
1341520 2911.0
1341530 2914.1
1341540 2914.1
1341550 2921.5
1341560 2926.9
1341570 2926.9
1341580 2929.9
1341590 2932.3
1341600 2932.3
1341610 2936.3
1341620 2941.6
1341630 2944.1
1341640 2944.1
1341650 2947.8
1341660 2953.0
1341670 2953.0
1341680 2954.6
1341690 2954.1
1341700 2954.1
1341710 2955.2
1341720 2957.9
1341730 2957.9
1341740 2961.7
1341750 2963.8
1341760 2963.8
1341770 2966.1
1341780 2968.4
1341790 2968.4
1341800 2970.5
1341810 2972.8
1341820 2972.8
1341830 2975.2
1341840 2986.0
1341850 2988.8
1341860 2988.8
1341870 2992.8
1341880 2997.0
1341890 2997.0
1341900 3000.0
1341910 3001.9
1341920 3001.9
1341930 3004.1
1341940 3006.6
1341950 3006.6
1341960 3006.5
1341970 3005.2
1341980 3005.2
1341990 3002.1
1342000 2997.9
1342010 2997.9
1342020 2995.5
1342030 2993.7
1342040 2993.1
1342050 2993.1
1342060 2993.3
1342070 2993.5
1342080 2993.5
1342090 2989.1
1342100 2979.3
1342110 2979.3
1342120 2968.5
1342130 2958.6
1342140 2958.6
1342150 2949.0
1342160 2940.5
1342170 2940.5
1342180 2932.1
1342190 2923.9
1342200 2923.9
1342210 2916.4
1342220 2909.6
1342230 2909.6
1342240 2902.7
1342250 2896.1
1342260 2890.5
1342270 2890.5
1342280 2885.1
1342290 2879.1
1342300 2879.1
1342310 2874.0
1342320 2871.9
1342330 2871.9
1342340 2873.0
1342350 2873.6
1342360 2873.6
1342370 2874.2
1342380 2870.8
1342390 2870.8
1342400 2864.8
1342410 2855.4
1342420 2855.4
1342430 2845.3
1342440 2836.0
1342450 2836.0
1342460 2827.5
1342470 2819.6
1342480 2813.5
1342490 2813.5
1342500 2808.4
1342510 2803.1
1342520 2803.1
1342530 2800.2
1342540 2797.3
1342550 2797.3
1342560 2795.0
1342570 2791.7
1342580 2791.7
1342590 2788.8
1342600 2784.5
1342610 2784.5
1342620 2780.4
1342630 2778.4
1342640 2778.4
1342650 2774.8
1342660 2768.6
1342670 2768.6
1342680 2763.5
1342690 2760.8
1342700 2758.8
1342710 2758.8
1342720 2754.7
1342730 2753.9
1342740 2753.9
1342750 2748.8
1342760 2743.7
1342770 2743.7
1342780 2738.9
1342790 2733.5
1342800 2733.5
1342810 2725.9
1342820 2718.0
1342830 2718.0
1342840 2709.4
1342850 2698.9
1342860 2698.9
1342870 2692.6
1342880 2686.0
1342890 2686.0
1342900 2680.4
1342910 2676.7
1342920 2673.5
1342930 2673.5
1342940 2670.5
1342950 2669.8
1342960 2669.8
1342970 2669.0
1342980 2666.1
1342990 2666.1
1343000 2661.8
1343010 2658.1
1343020 2658.1
1343030 2650.2
1343040 2642.0
1343050 2642.0
1343060 2640.4
1343070 2637.9
1343080 2637.9
1343090 2635.4
1343100 2630.6
1343110 2630.6
1343120 2624.3
1343130 2621.3
1343140 2616.9
1343150 2616.9
1343160 2611.6
1343170 2608.1
1343180 2608.1
1343190 2607.4
1343200 2605.6
1343210 2605.6
1343220 2605.0
1343230 2602.6
1343240 2602.6
1343250 2599.1
1343260 2597.4
1343270 2597.4
1343280 2595.2
1343290 2592.0
1343300 2592.0
1343310 2590.4
1343320 2586.6
1343330 2586.6
1343340 2583.4
1343350 2580.5
1343360 2581.3
1343370 2581.3
1343380 2579.0
1343390 2577.8
1343400 2577.8
1343410 2575.3
1343420 2572.7
1343430 2572.7
1343440 2571.0
1343450 2571.9
1343460 2571.9
1343470 2570.1
1343480 2567.1
1343490 2567.1
1343500 2565.4
1343510 2562.9
1343520 2562.9
1343530 2558.8
1343540 2556.7
1343550 2555.4
1343560 2555.4
1343570 2553.3
1343580 2550.0
1343590 2550.0
1343600 2546.6
1343610 2544.2
1343620 2544.2
1343630 2542.6
1343640 2539.6
1343650 2539.6
1343660 2535.4
1343670 2529.1
1343680 2529.1
1343690 2527.9
1343700 2524.4
1343710 2524.4
1343720 2522.0
1343730 2520.5
1343740 2520.5
1343750 2520.4
1343760 2522.0
1343770 2522.2
1343780 2522.2
1343790 2521.2
1343800 2522.8
1343810 2522.8
1343820 2523.6
1343830 2524.2
1343840 2524.2
1343850 2523.8
1343860 2522.4
1343870 2522.4
1343880 2521.4
1343890 2518.8
1343900 2518.8
1343910 2514.7
1343920 2511.1
1343930 2511.1
1343940 2507.7
1343950 2503.8
1343960 2503.8
1343970 2501.8
1343980 2501.2
1343990 2501.0
1344000 2501.0
1344010 2502.0
1344020 2504.2
1344030 2504.2
1344040 2506.0
1344050 2507.9
1344060 2507.9
1344070 2510.1
1344080 2511.9
1344090 2511.9
1344100 2514.6
1344110 2517.4
1344120 2517.4
1344130 2520.0
1344140 2522.3
1344150 2522.3
1344160 2524.0
1344170 2526.1
1344180 2526.1
1344190 2528.5
1344200 2530.4
1344210 2531.4
1344220 2531.4
1344230 2533.4
1344240 2535.1
1344250 2535.1
1344260 2535.7
1344270 2536.3
1344280 2536.3
1344290 2538.0
1344300 2540.4
1344310 2540.4
1344320 2542.9
1344330 2544.8
1344340 2544.8
1344350 2549.1
1344360 2553.4
1344370 2553.4
1344380 2558.3
1344390 2564.0
1344400 2564.0
1344410 2570.0
1344420 2574.1
1344430 2577.3
1344440 2577.3
1344450 2579.7
1344460 2578.0
1344470 2578.0
1344480 2570.0
1344490 2558.9
1344500 2558.9
1344510 2546.4
1344520 2532.7
1344530 2534.7
1344540 2525.2
1344550 2514.8
1344560 2514.8
1344570 2498.7
1344580 2486.8
1344590 2486.8
1344600 2477.3
1344610 2468.0
1344620 2468.0
1344630 2459.5
1344640 2452.3
1344650 2445.7
1344660 2445.7
1344670 2439.0
1344680 2432.0
1344690 2432.0
1344700 2425.0
1344710 2418.0
1344720 2418.0
1344730 2411.4
1344740 2405.2
1344750 2405.2
1344760 2399.0
1344770 2393.5
1344780 2393.5
1344790 2388.1
1344800 2383.2
1344810 2383.2
1359310 2914.4
1359320 2914.4
1359330 2914.3
1359340 2915.6
1359350 2915.6
1359360 2917.4
1359370 2919.2
1359380 2919.2
1359390 2921.4
1359400 2923.6
1359410 2923.6
1359420 2925.5
1359430 2927.5
1359440 2927.5
1359450 2929.7
1359460 2931.9
1359470 2931.9
1359480 2934.4
1359490 2936.9
1359500 2939.7
1359510 2939.7
1359520 2942.9
1359530 2946.2
1359540 2946.2
1359550 2950.7
1359560 2957.9
1359570 2957.9
1359580 2967.3
1359590 2981.8
1359600 2981.8
1359610 2982.7
1359620 2965.7
1359630 2965.7
1359640 2954.4
1359650 2943.1
1359660 2943.1
1359670 2924.3
1359680 2906.7
1359690 2906.7
1359700 2890.1
1359710 2876.7
1359720 2870.9
1359730 2870.9
1359740 2866.0
1359750 2863.9
1359760 2863.9
1359770 2859.7
1359780 2857.9
1359790 2857.9
1359800 2858.1
1359810 2858.6
1359820 2858.6
1359830 2859.9
1359840 2861.1
1359850 2861.1
1359860 2862.5
1359870 2871.1
1359880 2871.1
1359890 2872.0
1359900 2872.7
1359910 2873.2
1359920 2873.2
1359930 2874.5
1359940 2873.6
1359950 2873.6
1359960 2876.7
1359970 2879.0
1359980 2879.0
1359990 2882.1
