1340000 3090.6
1340010 3094.6
1340020 3083.3
1340030 3083.3
1340040 3072.0
1340050 3062.4
1340060 3052.5
1340070 3052.5
1340080 3043.7
1340090 3035.9
1340100 3035.9
1340110 3027.5
1340120 3018.7
1340130 3018.7
1340140 3008.5
1340150 2998.5
1340160 2998.5
1340170 2989.1
1340180 2981.3
1340190 2981.3
1340200 2974.6
1340210 2967.8
1340220 2967.8
1340230 2961.1
1340240 2955.0
1340250 2955.0
1340260 2949.5
1340270 2944.3
1340280 2939.1
1340290 2939.1
1340300 2934.6
1340310 2930.2
1340320 2929.7
1340330 2926.0
1340340 2922.4
1340350 2922.4
1340360 2917.6
1340370 2911.6
1340380 2911.6
1340390 2906.3
1340400 2901.6
1340410 2901.6
1340420 2897.0
1340430 2892.6
1340440 2892.6
1340450 2887.7
1340460 2881.2
1340470 2881.2
1340480 2872.7
1340490 2865.0
1340500 2859.5
1340510 2859.5
1340520 2854.8
1340530 2849.7
1340540 2849.7
1340550 2844.8
1340560 2839.9
1340570 2839.9
1340580 2835.1
1340590 2829.5
1340600 2829.5
1340610 2822.6
1340620 2816.2
1340630 2816.2
1340640 2811.7
1340650 2808.5
1340660 2808.5
1340670 2804.7
1340680 2800.9
1340690 2800.9
1340700 2797.6
1340710 2794.2
1340720 2790.3
1340730 2790.3
1340740 2786.4
1340750 2782.6
1340760 2782.6
1340770 2779.0
1340780 2775.1
1340790 2775.1
1340800 2771.1
1340810 2767.4
1340820 2767.4
1340830 2764.2
1340840 2761.5
1340850 2761.5
1340860 2759.3
1340870 2757.3
1340880 2757.3
1340890 2755.3
1340900 2753.5
1340910 2751.5
1340920 2751.5
1340930 2749.4
1340940 2747.2
1340950 2747.2
1340960 2745.3
1340970 2743.7
1340980 2743.7
1340990 2742.5
1341000 2741.8
1341010 2741.8
1341020 2742.6
1341030 2743.2
1341040 2743.2
1341050 2742.4
1341060 2742.4
1341070 2742.4
1341080 2744.4
1341090 2747.9
1341100 2747.9
1341110 2751.7
1341120 2752.8
1341130 2752.2
1341140 2752.2
1341150 2750.8
1341160 2748.9
1341170 2748.9
1341180 2746.6
1341190 2744.6
1341200 2751.3
1341210 2750.1
1341220 2751.0
1341230 2751.0
1341240 2753.0
1341250 2749.5
1341260 2749.5
1341270 2746.5
1341280 2744.7
1341290 2744.7
1341300 2744.4
1341310 2744.5
1341320 2744.5
1341330 2742.2
1341340 2735.5
1341350 2723.7
1341360 2723.7
1341370 2715.2
1341380 2708.8
1341390 2708.8
1341400 2703.3
1341410 2698.6
1341420 2698.6
1341430 2694.0
1341440 2690.1
1341450 2690.1
1341460 2686.1
1341470 2682.9
1341480 2682.9
1341490 2680.1
1341500 2677.0
1341510 2677.0
1341520 2673.9
1341530 2670.3
1341540 2670.3
1341550 2666.5
1341560 2662.5
1341570 2658.9
1341580 2658.9
1341590 2656.3
1341600 2654.0
1341610 2654.0
1341620 2651.8
1341630 2649.1
1341640 2649.1
1341650 2646.0
1341660 2642.4
1341670 2642.4
1341680 2638.5
1341690 2634.0
1341700 2634.0
1341710 2628.9
1341720 2623.9
1341730 2623.9
1341740 2619.3
1341750 2615.2
1341760 2615.2
1341770 2611.7
1341780 2606.8
1341790 2603.5
1341800 2603.5
1341810 2599.3
1341820 2594.2
1341830 2594.2
1341840 2590.6
1341850 2588.5
1341860 2588.5
1341870 2587.6
1341880 2586.4
1341890 2586.4
1341900 2584.9
1341910 2580.6
1341920 2580.6
1341930 2575.6
1341940 2570.9
1341950 2570.9
1341960 2566.8
1341970 2562.8
1341980 2562.8
1341990 2559.8
1342000 2557.3
1342010 2555.2
1342020 2555.2
1342030 2553.3
1342040 2553.4
1342050 2553.4
1342060 2551.7
1342070 2548.8
1342080 2548.8
1342090 2550.5
1342100 2548.4
1342110 2548.4
1342120 2546.7
1342130 2545.6
1342140 2545.6
1342150 2544.1
1342160 2543.2
1342170 2543.2
1342180 2542.4
1342190 2541.4
1342200 2541.4
1342210 2539.5
1342220 2535.3
1342230 2530.4
1342240 2530.4
1342250 2525.3
1342260 2520.9
1342270 2520.9
1342280 2516.8
1342290 2512.2
1342300 2512.2
1342310 2507.6
1342320 2503.5
1342330 2503.5
1342340 2500.1
1342350 2497.1
1342360 2497.1
1342370 2494.6
1342380 2492.0
1342390 2492.0
1342400 2489.3
1342410 2486.8
1342420 2486.8
1342430 2484.8
1342440 2482.8
1342450 2479.7
1342460 2479.7
1342470 2475.9
1342480 2472.1
1342490 2472.1
1342500 2467.2
1342510 2467.7
1342520 2467.7
1342530 2468.1
1342540 2466.2
1342550 2466.2
1342560 2464.5
1342570 2463.0
1342580 2463.0
1342590 2460.7
1342600 2457.9
1342610 2457.9
1342620 2457.0
1342630 2456.1
1342640 2456.3
1342650 2456.3
1342660 2455.7
1342670 2455.9
1342680 2455.9
1342690 2455.4
1342700 2454.4
1342710 2454.4
1342720 2454.9
1342730 2455.1
1342740 2455.1
1342750 2454.4
1342760 2454.2
1342770 2454.2
1342780 2453.1
1342790 2453.7
1342800 2453.7
1342810 2454.3
1342820 2453.6
1342830 2453.6
1342840 2451.5
1342850 2449.8
1342860 2447.7
1342870 2447.7
1342880 2444.7
1342890 2440.4
1342900 2440.4
1342910 2435.9
1342920 2433.6
1342930 2433.6
1342940 2430.9
1342950 2427.7
1342960 2427.7
1342970 2423.5
1342980 2426.2
1342990 2426.2
1343000 2420.1
1343010 2411.5
1343020 2411.5
1343030 2399.0
1343040 2396.3
1343050 2396.3
1343060 2389.7
1343070 2378.6
1343080 2372.2
1343090 2372.2
1343100 2367.6
1343110 2360.6
1343120 2360.6
1343130 2351.9
1343140 2342.2
1343150 2342.2
1343160 2340.0
1343170 2333.9
1343180 2333.9
1343190 2324.1
1343200 2319.0
1343210 2319.0
1343220 2315.5
1343230 2314.1
1343240 2314.1
1343250 2313.3
1343260 2311.8
1343270 2311.8
1343280 2309.6
1343290 2306.0
1343300 2302.2
1343310 2302.2
1343320 2298.7
1343330 2296.0
1343340 2296.0
1343350 2292.8
1343360 2289.1
1343370 2289.1
1343380 2286.3
1343390 2284.5
1343400 2284.5
1343410 2283.9
1343420 2283.9
1343430 2283.9
1343440 2282.0
1343450 2280.8
1343460 2280.8
1343470 2279.1
1343480 2278.1
1343490 2278.1
1343500 2277.6
1343510 2277.1
1343520 2276.5
1343530 2276.5
1343540 2275.4
1343550 2275.5
1343560 2275.5
1343570 2276.1
1343580 2276.7
1343590 2276.7
1343600 2278.3
1343610 2279.8
1343620 2279.8
1343630 2281.6
1343640 2283.6
1343650 2283.6
1343660 2285.7
1343670 2288.1
1343680 2288.1
1343690 2290.9
1343700 2294.5
1343710 2294.5
1343720 2297.4
1343730 2299.4
1343740 2300.5
1343750 2300.5
1343760 2301.1
1343770 2302.1
1343780 2302.1
1343790 2303.2
1343800 2303.9
1343810 2303.9
1343820 2305.4
1343830 2307.2
1343840 2307.2
1343850 2309.1
1343860 2311.3
1343870 2311.3
1343880 2315.1
1343890 2318.0
1343900 2318.0
1343910 2321.4
1343920 2325.0
1343930 2325.0
1343940 2329.4
1343950 2334.6
1343960 2340.3
1343970 2340.3
1343980 2346.6
1343990 2352.8
1344000 2352.8
1344010 2358.5
1344020 2364.6
1344030 2364.6
1344040 2372.2
1344050 2381.5
1344060 2381.5
1344070 2390.2
1344080 2398.1
1344090 2398.1
1344100 2403.9
1344110 2405.5
1344120 2405.5
1344130 2406.2
1344140 2407.4
1344150 2407.4
1344160 2409.0
1344170 2409.6
1344180 2411.6
1344190 2411.6
1344200 2415.0
1344210 2418.2
1344220 2418.2
1344230 2422.1
1344240 2426.5
1344250 2426.5
1344260 2430.6
1344270 2434.9
1344280 2434.9
1344290 2440.5
1344300 2446.2
1344310 2446.2
1344320 2453.2
1344330 2461.0
1344340 2461.0
1344350 2469.4
1344360 2481.3
1344370 2481.3
1344380 2492.1
1344390 2501.8
1344400 2510.2
1344410 2510.2
1344420 2515.2
1344430 2519.1
1344440 2519.1
1344450 2523.3
1344460 2528.5
1344470 2528.5
1344480 2534.3
1344490 2538.6
1344500 2538.6
1344510 2542.5
1344520 2545.0
1344530 2545.0
1344540 2548.0
1344550 2550.7
1344560 2550.7
1344570 2553.5
1344580 2555.3
1344590 2559.5
1344600 2559.5
1344610 2563.7
1344620 2568.6
1344630 2568.6
1344640 2573.5
1344650 2578.1
1344660 2578.1
1344670 2583.2
1344680 2589.4
1344690 2589.4
1344700 2595.2
1344710 2600.7
1344720 2600.7
1344730 2605.3
1344740 2606.5
1344750 2606.5
1344760 2600.3
1344770 2594.0
1344780 2594.0
1344790 2581.5
1344800 2574.8
1344810 2569.8
1344820 2569.8
1344830 2567.0
1344840 2566.3
1344850 2566.3
1344860 2565.9
1344870 2565.4
1344880 2565.4
1344890 2564.5
1344900 2563.7
1344910 2563.7
1344920 2563.1
1344930 2562.3
1344940 2562.3
1344950 2562.0
1344960 2564.1
1344970 2564.1
1344980 2566.4
1344990 2568.2
1345000 2568.2
1345010 2572.5
1345020 2576.1
1345030 2579.4
1345040 2579.4
1345050 2582.1
1345060 2584.6
1345070 2584.6
1345080 2587.6
1345090 2589.7
1345100 2589.7
1345110 2590.2
1345120 2590.7
1345130 2590.7
