1340000 2980.0
1340010 2980.0
1340020 2968.2
1340030 2962.5
1340040 2959.0
1340050 2959.0
1340060 2955.6
1340070 2952.0
1340080 2952.0
1340090 2950.2
1340100 2948.8
1340110 2948.8
1340120 2947.3
1340130 2944.8
1340140 2944.8
1340150 2943.5
1340160 2944.1
1340170 2944.1
1340180 2938.8
1340190 2930.6
1340200 2930.6
1340210 2924.9
1340220 2919.5
1340230 2919.5
1340240 2914.8
1340250 2910.3
1340260 2906.4
1340270 2906.4
1340280 2903.1
1340290 2899.9
1340300 2899.9
1340310 2896.9
1340320 2893.6
1340330 2893.6
1340340 2889.8
1340350 2885.3
1340360 2885.3
1340370 2880.5
1340380 2876.0
1340390 2876.0
1340400 2871.9
1340410 2867.8
1340420 2867.8
1340430 2863.4
1340440 2858.3
1340450 2852.5
1340460 2852.5
1340470 2846.4
1340480 2840.6
1340490 2840.6
1340500 2835.4
1340510 2829.8
1340520 2829.8
1340530 2824.3
1340540 2819.2
1340550 2819.2
1340560 2813.1
1340570 2807.1
1340580 2807.1
1340590 2801.5
1340600 2797.2
1340610 2797.2
1340620 2793.0
1340630 2789.7
1340640 2789.7
1340650 2786.6
1340660 2779.4
1340670 2771.4
1340680 2771.4
1340690 2763.7
1340700 2751.3
1340710 2753.8
1340720 2739.8
1340730 2733.5
1340740 2733.5
1340750 2729.3
1340760 2726.2
1340770 2726.2
1340780 2722.8
1340790 2719.1
1340800 2719.1
1340810 2715.7
1340820 2714.4
1340830 2714.4
1340840 2712.2
1340850 2708.9
1340860 2708.9
1340870 2705.9
1340880 2703.3
1340890 2700.6
1340900 2700.6
1340910 2698.8
1340920 2698.0
1340930 2698.0
1340940 2697.4
1340950 2695.5
1340960 2695.5
1340970 2693.7
1340980 2692.1
1340990 2692.1
1341000 2689.8
1341010 2687.4
1341020 2687.4
1341030 2684.8
1341040 2682.2
1341050 2682.2
1341060 2679.6
1341070 2677.7
1341080 2677.7
1341090 2677.4
1341100 2677.8
1341110 2677.6
1341120 2677.6
1341130 2676.8
1341140 2675.5
1341150 2675.5
1341160 2673.8
1341170 2672.1
1341180 2672.1
1341190 2670.2
1341200 2669.3
1341210 2669.3
1341220 2668.4
1341230 2667.4
1341240 2667.4
1341250 2665.4
1341260 2663.0
1341270 2663.0
1341280 2660.6
1341290 2658.5
1341300 2658.5
1341310 2656.1
1341320 2653.5
1341330 2650.0
1341340 2650.0
1341350 2646.4
1341360 2643.1
1341370 2643.1
1341380 2640.8
1341390 2639.5
1341400 2639.5
1341410 2638.0
1341420 2637.0
1341430 2637.0
1341440 2636.6
1341450 2635.0
1341460 2635.0
1341470 2631.9
1341480 2627.9
1341490 2627.9
1341500 2623.9
1341510 2620.1
1341520 2620.1
1341530 2616.5
1341540 2613.1
1341550 2609.6
1341560 2609.6
1341570 2606.0
1341580 2602.7
1341590 2607.0
1341600 2602.6
1341610 2598.3
1341620 2598.3
1341630 2594.5
1341640 2591.0
1341650 2591.0
1341660 2588.1
1341670 2585.5
1341680 2585.5
1341690 2582.0
1341700 2576.6
1341710 2576.6
1341720 2569.3
1341730 2564.5
1341740 2564.5
1341750 2562.7
1341760 2561.0
1341770 2558.4
1341780 2558.4
1341790 2554.4
1341800 2547.8
1341810 2547.8
1341820 2540.9
1341830 2534.2
1341840 2534.2
1341850 2528.4
1341860 2523.6
1341870 2523.6
1341880 2520.3
1341890 2516.4
1341900 2516.4
1341910 2512.6
1341920 2509.6
1341930 2509.6
1341940 2506.7
1341950 2503.9
1341960 2503.9
1341970 2499.8
1341980 2495.0
1341990 2489.4
1342000 2489.4
1342010 2482.6
1342020 2476.5
1342030 2476.5
1342040 2472.1
1342050 2469.2
1342060 2469.2
1342070 2465.0
1342080 2459.3
1342090 2459.3
1342100 2454.4
1342110 2450.9
1342120 2450.9
1342130 2449.0
1342140 2448.1
1342150 2448.1
1342160 2447.2
1342170 2444.1
1342180 2444.1
1342190 2438.1
1342200 2430.9
1342210 2428.4
1342220 2428.4
1342230 2431.4
1342240 2431.1
1342250 2431.1
1342260 2425.4
1342270 2415.7
1342280 2415.7
1342290 2408.5
1342300 2406.3
1342310 2406.3
1342320 2405.7
1342330 2404.3
1342340 2404.3
1342350 2400.4
1342360 2393.7
1342370 2393.7
1342380 2380.9
1342390 2374.8
1342400 2374.8
1342410 2374.4
1342420 2372.7
1342430 2369.3
1342440 2369.3
1342450 2368.9
1342460 2368.1
1342470 2368.1
1342480 2371.1
1342490 2365.7
1342500 2365.7
1342510 2363.6
1342520 2361.8
1342530 2361.8
1342540 2358.1
1342550 2353.8
1342560 2353.8
1342570 2347.7
1342580 2344.1
1342590 2344.1
1342600 2340.4
1342610 2335.9
1342620 2331.5
1342630 2331.5
1342640 2328.2
1342650 2325.6
1342660 2325.6
1342670 2322.8
1342680 2320.5
1342690 2320.5
1342700 2319.2
1342710 2316.6
1342720 2316.6
1342730 2313.4
1342740 2308.7
1342750 2308.7
1342760 2295.4
1342770 2282.6
1342780 2282.6
1342790 2277.4
1342800 2281.0
1342810 2281.0
1342820 2287.7
1342830 2282.7
1342840 2276.3
1342850 2276.3
1342860 2271.1
1342870 2266.8
1342880 2266.8
1342890 2264.4
1342900 2262.9
1342910 2262.9
1342920 2261.1
1342930 2260.0
1342940 2260.0
1342950 2258.6
1342960 2256.0
1342970 2256.0
1342980 2252.9
1342990 2250.0
1343000 2250.0
1343010 2248.6
1343020 2247.1
1343030 2247.1
1343040 2246.1
1343050 2243.9
1343060 2241.2
1343070 2241.2
1343080 2238.5
1343090 2235.4
1343100 2235.4
1343110 2232.0
1343120 2228.4
1343130 2228.4
1343140 2225.4
1343150 2222.4
1343160 2222.4
1343170 2220.6
1343180 2219.2
1343190 2219.2
1343200 2217.7
1343210 2217.1
1343220 2217.1
1343230 2216.9
1343240 2216.3
1343250 2216.3
1343260 2216.4
1343270 2216.8
1343280 2217.1
1343290 2217.1
1343300 2217.3
1343310 2217.0
1343320 2217.0
1343330 2217.8
1343340 2219.0
1343350 2219.0
1343360 2220.6
1343370 2224.3
1343380 2224.5
1343390 2227.7
1343400 2230.4
1343410 2230.4
1343420 2233.3
1343430 2236.6
1343440 2236.6
1343450 2239.5
1343460 2241.6
1343470 2241.6
1343480 2242.6
1343490 2243.6
1343500 2246.0
1343510 2246.0
1343520 2248.9
1343530 2251.4
1343540 2251.4
1343550 2253.3
1343560 2254.8
1343570 2254.8
1343580 2256.3
1343590 2258.3
1343600 2258.3
1343610 2260.7
1343620 2262.9
1343630 2262.9
1343640 2265.7
1343650 2268.8
1343660 2268.8
1343670 2273.2
1343680 2278.1
1343690 2278.1
1343700 2283.8
1343710 2289.0
1343720 2293.9
1343730 2293.9
1343740 2299.3
1343750 2305.2
1343760 2305.2
1343770 2311.0
1343780 2316.7
1343790 2316.7
1343800 2322.6
1343810 2329.5
1343820 2329.5
1343830 2336.0
1343840 2343.2
1343850 2343.2
1343860 2351.9
1343870 2363.6
1343880 2363.6
1343890 2379.3
1343900 2396.1
1343910 2396.1
1343920 2409.6
1343930 2417.4
1343940 2422.3
1343950 2422.3
1343960 2426.4
1343970 2430.1
1343980 2430.1
1343990 2433.2
1344000 2437.2
1344010 2437.2
1344020 2441.3
1344030 2444.3
1344040 2444.3
1344050 2447.4
1344060 2450.2
1344070 2450.2
1344080 2452.8
1344090 2455.7
1344100 2455.7
1344110 2458.5
1344120 2461.9
1344130 2461.9
1344140 2465.9
1344150 2469.2
1344160 2472.3
1344170 2472.3
1344180 2476.3
1344190 2481.2
1344200 2481.2
1344210 2485.8
1344220 2490.1
1344230 2490.1
1344240 2494.8
1344250 2499.4
1344260 2499.4
1344270 2504.0
1344280 2508.6
1344290 2508.6
1344300 2513.4
1344310 2517.1
1344320 2517.1
1344330 2521.2
1344340 2525.1
1344350 2525.1
1344360 2529.8
1344370 2533.7
1344380 2537.1
1344390 2537.1
1344400 2539.6
1344410 2541.6
1344420 2541.6
1344430 2545.0
1344440 2548.6
1344450 2548.6
1344460 2552.7
1344470 2556.5
1344480 2556.5
1344490 2559.4
1344500 2562.7
1344510 2562.7
1344520 2566.1
1344530 2570.5
1344540 2570.5
1344550 2575.7
1344560 2580.1
1344570 2585.6
1344580 2585.6
1344590 2589.9
1344600 2592.2
1344610 2592.2
1344620 2594.5
1344630 2598.6
1344640 2598.6
1344650 2602.5
1344660 2603.5
1344670 2603.5
1344680 2603.2
1344690 2603.5
1344700 2603.5
1344710 2604.7
1344720 2608.0
1344730 2608.0
1344740 2612.6
1344750 2618.2
1344760 2618.2
1344770 2624.0
1344780 2629.8
1344790 2634.6
1344800 2634.6
1344810 2639.9
1344820 2644.1
1344830 2644.1
1344840 2648.6
1344850 2654.7
1344860 2654.7
1344870 2663.4
1344880 2672.7
1344890 2672.7
1344900 2680.2
1344910 2686.6
1344920 2686.6
1344930 2691.6
1344940 2694.5
1344950 2694.5
1344960 2692.3
1344970 2685.9
1344980 2685.9
1344990 2681.9
1345000 2677.9
1345010 2676.1
1345020 2676.1
1345030 2675.2
1345040 2675.5
1345050 2675.5
1345060 2677.0
1345070 2679.5
1345080 2679.5
1345090 2681.7
1345100 2684.0
1345110 2684.0
1345120 2686.8
1345130 2690.1
1345140 2690.1
1345150 2692.9
1345160 2695.6
1345170 2695.6
1345180 2697.8
1345190 2699.2
1345200 2699.2
1345210 2705.7
1345220 2710.7
1345230 2713.8
1345240 2713.8
1345250 2715.9
1345260 2718.4
1345270 2718.4
1345280 2721.8
1345290 2724.2
1345300 2724.2
1345310 2726.2
1345320 2727.7
1345330 2727.7
1345340 2727.8
1345350 2726.4
1345360 2726.4
1345370 2725.6
1345380 2725.0
1345390 2725.0
