1340000 2343.7
1340010 2343.7
1340020 2339.2
1340030 2335.1
1340040 2335.1
1340050 2330.0
1340060 2324.9
1340070 2324.9
1340080 2319.4
1340090 2313.2
1340100 2313.2
1340110 2303.6
1340120 2298.8
1340130 2298.8
1340140 2291.8
1340150 2283.3
1340160 2283.3
1340170 2283.2
1340180 2287.5
1340190 2290.5
1340200 2290.5
1340210 2292.3
1340220 2293.3
1340230 2293.3
1340240 2291.1
1340250 2285.7
1340260 2285.7
1340270 2284.7
1340280 2283.4
1340290 2283.4
1340300 2279.8
1340310 2273.1
1340320 2273.1
1340330 2268.9
1340340 2267.1
1340350 2267.1
1340360 2265.1
1340370 2262.8
1340380 2262.8
1340390 2260.8
1340400 2259.2
1340410 2258.5
1340420 2258.5
1340430 2257.5
1340440 2255.6
1340450 2255.6
1340460 2254.6
1340470 2253.5
1340480 2253.5
1340490 2251.2
1340500 2249.8
1340510 2249.8
1340520 2250.5
1340530 2253.3
1340540 2253.3
1340550 2254.9
1340560 2255.6
1340570 2255.6
1340580 2256.2
1340590 2255.0
1340600 2255.0
1340610 2252.8
1340620 2249.7
1340630 2249.7
1340640 2249.7
1340650 2248.4
1340660 2244.6
1340670 2244.6
1340680 2243.9
1340690 2242.1
1340700 2242.1
1340710 2241.3
1340720 2238.1
1340730 2238.1
1340740 2231.5
1340750 2225.7
1340760 2225.7
1340770 2218.8
1340780 2210.1
1340790 2210.1
1340800 2201.7
1340810 2193.3
1340820 2193.3
1340830 2185.7
1340840 2177.7
1340850 2165.9
1340860 2165.9
1340870 2159.8
1340880 2154.0
1340890 2154.0
1340900 2145.1
1340910 2137.9
1340920 2137.9
1340930 2129.1
1340940 2121.5
1340950 2121.5
1340960 2110.5
1340970 2087.7
1340980 2087.7
1340990 2072.3
1341000 2058.6
1341010 2058.6
1341020 2050.8
1341030 2041.0
1341040 2041.0
1341050 2030.3
1341060 2018.9
1341070 2008.3
1341080 2008.3
1341090 2000.6
1341100 1993.1
1341110 1993.1
1341120 1983.0
1341130 1973.5
1341140 1973.5
1341150 1962.4
1341160 1950.4
1341170 1950.4
1341180 1939.2
1341190 1933.9
1341200 1933.9
1341210 1928.5
1341220 1922.3
1341230 1922.3
1341240 1916.1
1341250 1909.8
1341260 1909.8
1341270 1903.4
1341280 1896.8
1341290 1890.1
1341300 1890.1
1341310 1883.2
1341320 1876.5
1341330 1876.5
1341340 1870.3
1341350 1866.1
1341360 1866.1
1341370 1864.9
1341380 1864.7
1341390 1864.7
1341400 1864.1
1341410 1863.4
1341420 1863.4
1341430 1862.7
1341440 1862.6
1341450 1862.6
1341460 1862.6
1341470 1862.7
1341480 1862.7
1341490 1862.8
1341500 1862.8
1341510 1862.9
1341520 1862.9
1341530 1862.9
1341540 1863.3
1341550 1863.3
1341560 1863.8
1341570 1864.6
1341580 1864.6
1341590 1865.7
1341600 1866.9
1341610 1866.9
1341620 1868.4
1341630 1869.6
1341640 1869.6
1341650 1870.9
1341660 1872.3
1341670 1872.3
1341680 1873.6
1341690 1875.5
1341700 1875.5
1341710 1877.3
1341720 1879.2
1341730 1882.0
1341740 1882.0
1341750 1885.9
1341760 1890.7
1341770 1890.7
1341780 1895.8
1341790 1900.8
1341800 1900.8
1341810 1906.1
1341820 1912.2
1341830 1912.2
1341840 1918.8
1341850 1925.8
1341860 1925.8
1341870 1932.7
1341880 1937.1
1341890 1937.1
1341900 1944.5
1341910 1955.2
1341920 1955.2
1341930 1967.8
1341940 1976.5
1341950 1983.0
1341960 1983.0
1341970 1988.3
1341980 1996.2
1341990 1996.2
1342000 2003.8
1342010 2013.6
1342020 2013.6
1342030 2023.2
1342040 2031.1
1342050 2031.1
1342060 2037.1
1342070 2044.6
1342080 2044.6
1342090 2052.8
1342100 2062.9
1342110 2062.9
1342120 2072.5
1342130 2083.3
1342140 2083.3
1342150 2092.8
1342160 2100.3
1342170 2107.6
1342180 2107.6
1342190 2115.4
1342200 2123.0
1342210 2123.0
1342220 2130.6
1342230 2138.2
1342240 2138.2
1342250 2145.4
1342260 2153.4
1342270 2153.4
1342280 2165.0
1342290 2172.6
1342300 2172.6
1342310 2179.2
1342320 2187.1
1342330 2187.1
1342340 2202.4
1342350 2215.7
1342360 2215.7
1342370 2225.3
1342380 2234.7
1342390 2241.8
1342400 2241.8
1342410 2248.2
1342420 2255.0
1342430 2255.0
1342440 2263.1
1342450 2271.5
1342460 2271.5
1342470 2282.1
1342480 2290.4
1342490 2290.4
1342500 2297.7
1342510 2301.0
1342520 2301.0
1342530 2303.2
1342540 2306.0
1342550 2306.0
1342560 2307.6
1342570 2309.7
1342580 2309.7
1342590 2312.5
1342600 2314.9
1342610 2317.9
1342620 2317.9
1342630 2320.6
1342640 2323.1
1342650 2323.1
1342660 2326.2
1342670 2328.8
1342680 2328.8
1342690 2332.4
1342700 2336.1
1342710 2336.1
1342720 2340.3
1342730 2344.3
1342740 2344.3
1342750 2348.3
1342760 2351.8
1342770 2349.2
1342780 2353.1
1342790 2356.7
1342800 2356.7
1342810 2361.1
1342820 2365.4
1342830 2369.6
1342840 2369.6
1342850 2373.6
1342860 2377.7
1342870 2377.7
1342880 2381.9
1342890 2386.0
1342900 2386.0
1342910 2390.2
1342920 2394.4
1342930 2394.4
1342940 2398.0
1342950 2401.5
1342960 2401.5
1342970 2404.7
1342980 2407.6
1342990 2407.6
1343000 2411.6
1343010 2416.4
1343020 2416.4
1343030 2422.7
1343040 2430.2
1343050 2433.7
1343060 2433.7
1343070 2436.5
1343080 2439.2
1343090 2439.2
1343100 2442.1
1343110 2444.2
1343120 2444.2
1343130 2446.9
1343140 2450.1
1343150 2450.1
1343160 2453.0
1343170 2457.2
1343180 2457.2
1343190 2461.1
1343200 2463.6
1343210 2463.6
1343220 2465.6
1343230 2468.0
1343240 2468.0
1343250 2470.2
1343260 2472.9
1343270 2472.9
1343280 2475.9
1343290 2478.6
1343300 2481.8
1343310 2481.8
1343320 2484.9
1343330 2488.6
1343340 2488.6
1343350 2492.5
1343360 2496.3
1343370 2496.3
1343380 2500.3
1343390 2504.4
1343400 2504.4
1343410 2508.8
1343420 2513.0
1343430 2513.0
1343440 2517.2
1343450 2521.4
1343460 2521.4
1343470 2525.9
1343480 2530.6
1343490 2530.6
1343500 2534.9
1343510 2539.7
1343520 2544.8
1343530 2544.8
1343540 2550.1
1343550 2555.4
1343560 2555.4
1343570 2560.8
1343580 2566.3
1343590 2566.3
1343600 2571.9
1343610 2577.9
1343620 2577.9
1343630 2584.2
1343640 2590.6
1343650 2590.6
1343660 2597.1
1343670 2603.4
1343680 2603.4
1343690 2610.1
1343700 2617.0
1343710 2617.0
1343720 2623.5
1343730 2630.3
1343740 2637.2
1343750 2637.2
1343760 2644.1
1343770 2651.1
1343780 2651.1
1343790 2657.9
1343800 2666.3
1343810 2666.3
1343820 2675.7
1343830 2684.0
1343840 2684.0
1343850 2690.6
1343860 2695.4
1343870 2695.4
1343880 2698.6
1343890 2701.3
1343900 2701.3
1343910 2704.6
1343920 2707.6
1343930 2707.6
1343940 2709.7
1343950 2710.0
1343960 2709.3
1343970 2709.3
1343980 2709.9
1343990 2710.7
1344000 2710.7
1344010 2710.9
1344020 2712.0
1344030 2712.0
1344040 2714.6
1344050 2718.7
1344060 2718.7
1344070 2723.1
1344080 2727.1
1344090 2727.1
1344100 2730.7
1344110 2734.7
1344120 2734.7
1344130 2739.5
1344140 2744.6
1344150 2744.6
1344160 2747.5
1344170 2750.9
1344180 2755.1
1344190 2755.1
1344200 2759.7
1344210 2765.3
1344220 2765.3
1344230 2770.2
1344240 2775.2
1344250 2775.2
1344260 2780.6
1344270 2786.2
1344280 2786.2
1344290 2791.8
1344300 2797.5
1344310 2797.5
1344320 2803.4
1344330 2809.7
1344340 2809.7
1344350 2816.4
1344360 2823.0
1344370 2823.0
1344380 2829.9
1344390 2837.7
1344400 2846.1
1344410 2846.1
1344420 2855.0
1344430 2864.1
1344440 2864.1
1344450 2873.0
1344460 2890.2
1344470 2890.2
1344480 2911.7
1344490 2924.0
1344500 2924.0
1344510 2934.3
1344520 2942.2
1344530 2942.2
1344540 2948.7
1344550 2959.6
1344560 2959.6
1344570 2974.6
1344580 2993.0
1344590 2993.0
1344600 3003.3
1344610 3013.8
1344620 3026.1
1344630 3026.1
1344640 3037.0
1344650 3045.5
1344660 3045.5
1344670 3052.4
1344680 3062.0
1344690 3062.0
1344700 3077.0
1344710 3090.2
1344720 3090.2
1344730 3101.1
1344740 3111.3
1344750 3111.3
1344760 3121.8
1344770 3132.0
1344780 3132.0
1344790 3143.2
1344800 3148.5
1344810 3148.5
1344820 3136.4
1344830 3114.6
1344840 3094.6
1344850 3094.6
1344860 3079.2
1344870 3067.3
1344880 3067.3
1344890 3060.2
1344900 3047.8
1344910 3047.8
1344920 3033.9
1344930 3021.1
1344940 3021.1
1344950 3008.0
1344960 2995.0
1344970 2995.0
1344980 2982.8
1344990 2969.1
1345000 2969.1
1345010 2956.7
1345020 2948.3
1345030 2948.3
1345040 2938.0
1345050 2925.1
1345060 2909.1
1345070 2909.1
1345080 2895.2
1345090 2885.5
1345100 2885.5
1345110 2874.1
1345120 2856.0
1345130 2856.0
1345140 2836.1
1345150 2818.8
1345160 2818.8
1345170 2800.0
1345180 2782.7
1345190 2782.7
1345200 2771.5
1345210 2764.0
1345220 2764.0
1345230 2756.3
1345240 2750.7
1345250 2750.7
1345260 2745.4
1345270 2740.5
1345280 2736.4
1345290 2736.4
1345300 2732.6
1345310 2728.5
1345320 2728.5
1345330 2723.7
1345340 2718.4
1345350 2718.4
1345360 2712.7
1345370 2706.5
1345380 2706.5
1345390 2699.2
1345400 2691.1
1345410 2691.1
1345420 2684.2
1345430 2679.2
1345440 2679.2
1345450 2674.4
1345460 2670.1
1345470 2670.1
1345480 2666.2
1345490 2663.2
1345500 2658.4
1345510 2658.4
1345520 2655.1
1345530 2653.2
1345540 2653.2
1345550 2650.2
1345560 2646.3
1345570 2646.3
1345580 2642.2
1345590 2639.8
1345600 2639.8
1345610 2638.0
1345620 2636.6
1345630 2636.6
1345640 2634.9
1345650 2634.9
1345660 2634.9
1345670 2634.3
1345680 2631.5
1345690 2631.5
1345700 2624.1
1345710 2616.9
1345720 2610.6
1345730 2610.6
1345740 2606.2
1345750 2600.2
1345760 2600.2
1345770 2594.0
1345780 2590.3
1345790 2590.3
1345800 2590.0
1345810 2590.9
1345820 2590.9
1345830 2591.8
1345840 2592.8
1345850 2592.8
1345860 2593.4
1345870 2594.6
1345880 2594.6
1345890 2596.0
1345900 2596.8
1345910 2596.8
1345920 2597.2
1345930 2597.5
1345940 2598.0
1345950 2598.0
1345960 2598.7
1345970 2598.6
1345980 2598.6
1345990 2598.0
1346000 2597.7
1346010 2597.7
1346020 2597.3
1346030 2597.0
1346040 2597.0
1346050 2596.1
1346060 2592.1
1346070 2592.1
1346080 2586.2
1346090 2580.2
1346100 2580.2
1346110 2575.7
1346120 2573.0
1346130 2573.0
1346140 2572.2
1346150 2569.8
1346160 2564.1
1346170 2564.1
1346180 2557.6
1346190 2551.1
1346200 2551.1
1346210 2544.5
1346220 2537.9
1346230 2537.9
1346240 2531.6
1346250 2525.4
1346260 2525.4
1346270 2518.9
1346280 2512.7
1346290 2512.7
1346300 2507.1
1346310 2501.0
1346320 2501.0
1346330 2494.9
1346340 2489.4
1346350 2489.4
1346360 2484.8
1346370 2480.2
1346380 2474.6
1346390 2474.6
1346400 2476.9
1346410 2477.1
1346420 2477.1
1346430 2475.3
1346440 2473.8
1346450 2473.8
1346460 2472.2
1346470 2470.2
1346480 2470.2
1346490 2466.3
1346500 2461.0
1346510 2461.0
1346520 2455.4
1346530 2449.4
1346540 2449.4
1346550 2443.5
1346560 2437.7
1346570 2437.7
1346580 2431.2
1346590 2423.0
1346600 2414.5
1346610 2414.5
1346620 2406.7
1346630 2399.5
1346640 2399.5
1346650 2393.2
1346660 2387.3
1346670 2387.3
1346680 2383.2
1346690 2383.3
1346700 2383.3
1346710 2384.4
1346720 2384.2
1346730 2384.2
1346740 2382.6
1346750 2376.6
1346760 2376.6
1346770 2369.2
1346780 2363.8
1346790 2363.8
1346800 2359.2
1346810 2354.6
1346820 2350.0
1346830 2350.0
1346840 2346.2
1346850 2341.8
1346860 2341.8
1346870 2335.8
1346880 2328.3
1346890 2328.3
1346900 2321.0
1346910 2312.3
1346920 2312.3
1346930 2303.1
1346940 2293.6
1346950 2293.6
1346960 2287.9
1346970 2290.9
1346980 2290.9
1346990 2299.9
1347000 2298.4
1347010 2298.4
1347020 2299.5
1347030 2299.8
1347040 2295.6
1347050 2295.6
1347060 2291.3
1347070 2286.5
1347080 2286.5
1347090 2280.2
1347100 2272.6
1347110 2272.6
1347120 2267.2
1347130 2260.0
1347140 2260.0
1347150 2257.8
1347160 2258.6
1347170 2258.6
1347180 2250.0
1347190 2240.4
1347200 2240.4
1347210 2227.9
1347220 2219.3
1347230 2219.3
1347240 2208.7
1347250 2202.3
1347260 2199.2
1347270 2199.2
1347280 2196.7
1347290 2190.9
1347300 2190.9
1347310 2181.7
1347320 2187.2
1347330 2187.2
1347340 2186.7
1347350 2185.6
1347360 2185.6
1347370 2184.5
1347380 2183.6
1347390 2183.6
1347400 2179.8
1347410 2175.5
1347420 2175.5
1347430 2177.3
1347440 2175.9
1347450 2175.9
1347460 2173.6
1347470 2171.5
1347480 2169.2
1347490 2169.2
1347500 2166.3
1347510 2165.6
1347520 2165.6
1347530 2164.1
1347540 2162.6
1347550 2162.6
1347560 2161.3
1347570 2159.7
1347580 2159.7
1347590 2157.7
1347600 2155.4
1347610 2155.4
1347620 2152.2
1347630 2149.6
1347640 2149.6
1347650 2147.1
1347660 2145.3
1347670 2145.3
1347680 2144.5
1347690 2142.5
1347700 2141.0
1347710 2141.0
1347720 2140.3
1347730 2138.9
1347740 2138.9
1347750 2137.9
1347760 2137.3
1347770 2137.3
1347780 2137.4
1347790 2137.6
1347800 2137.6
1347810 2137.9
1347820 2138.2
1347830 2138.2
1347840 2137.9
1347850 2137.3
1347860 2137.3
1347870 2136.7
1347880 2135.4
1347890 2135.4
1347900 2133.7
1347910 2132.1
1347920 2131.8
1347930 2131.8
1347940 2133.1
1347950 2134.7
1347960 2134.7
1347970 2136.9
1347980 2138.8
1347990 2138.8
1348000 2140.7
1348010 2142.1
1348020 2142.1
1348030 2143.8
1348040 2145.6
1348050 2145.6
1348060 2148.6
1348070 2151.5
1348080 2151.5
1348090 2154.3
1348100 2156.9
1348110 2156.9
1348120 2159.4
1348130 2161.8
1348140 2164.3
1348150 2164.3
1348160 2167.1
1348170 2169.9
1348180 2169.9
1348190 2172.6
1348200 2175.1
1348210 2175.1
1348220 2177.9
1348230 2181.0
1348240 2181.0
1348250 2182.6
1348260 2185.8
1348270 2185.8
1348280 2189.8
1348290 2194.7
1348300 2194.7
1348310 2199.3
1348320 2203.2
1348330 2203.2
1348340 2207.2
1348350 2212.0
1348360 2217.4
1348370 2217.4
1348380 2223.3
1348390 2229.7
1348400 2229.7
1348410 2236.2
1348420 2242.8
1348430 2242.8
1348440 2248.8
1348450 2254.8
1348460 2254.8
1348470 2264.0
1348480 2276.2
1348490 2276.2
1348500 2287.4
1348510 2300.0
1348520 2300.0
1348530 2307.2
1348540 2310.1
1348550 2310.1
1348560 2312.5
1348570 2315.1
1348580 2317.5
1348590 2317.5
1348600 2321.2
1348610 2325.1
1348620 2325.1
1348630 2328.2
1348640 2331.2
1348650 2331.2
1348660 2333.5
1348670 2335.0
1348680 2335.0
1348690 2335.5
1348700 2336.8
1348710 2336.8
1348720 2338.4
1348730 2340.3
1348740 2340.3
1348750 2342.9
1348760 2346.2
1348770 2346.2
1348780 2350.6
1348790 2355.5
1348800 2360.2
1348810 2360.2
1348820 2364.9
1348830 2369.7
1348840 2369.7
1348850 2374.6
1348860 2380.0
1348870 2380.0
1348880 2384.8
1348890 2390.6
1348900 2390.6
1348910 2396.8
1348920 2404.0
1348930 2404.0
1348940 2412.9
1348950 2423.5
1348960 2423.5
1348970 2432.5
1348980 2439.2
1348990 2439.2
1349000 2446.2
1349010 2451.7
1349020 2458.5
1349030 2458.5
1349040 2463.5
1349050 2469.0
1349060 2469.0
1349070 2475.2
1349080 2482.0
1349090 2482.0
1349100 2488.3
1349110 2493.8
1349120 2493.8
1349130 2499.2
1349140 2504.8
1349150 2504.8
1349160 2508.6
1349170 2510.5
1349180 2510.5
1349190 2512.8
1349200 2516.6
1349210 2516.6
1349220 2521.2
1349230 2526.3
1349240 2531.4
1349250 2531.4
1349260 2535.3
1349270 2537.1
1349280 2537.1
1349290 2538.8
1349300 2541.7
1349310 2541.7
1349320 2544.7
1349330 2546.7
1349340 2546.7
1349350 2549.6
1349360 2552.9
1349370 2552.9
1349380 2556.3
1349390 2559.6
1349400 2559.6
1349410 2562.9
1349420 2565.3
1349430 2565.3
1349440 2565.9
1349450 2568.2
1349460 2571.0
1349470 2571.0
1349480 2573.3
1349490 2574.9
1349500 2574.9
1349510 2576.9
1349520 2578.2
1349530 2578.2
1349540 2578.7
1349550 2579.5
1349560 2579.5
1349570 2582.2
1349580 2585.7
1349590 2585.7
1349600 2589.7
1349610 2593.7
1349620 2593.7
1349630 2598.9
1349640 2604.4
1349650 2604.4
1349660 2609.9
1349670 2613.8
1349680 2618.2
1349690 2618.2
1349700 2623.2
1349710 2628.3
1349720 2628.3
1349730 2633.6
1349740 2638.8
1349750 2638.8
1349760 2644.4
1349770 2650.7
1349780 2650.7
1349790 2658.9
1349800 2674.9
1349810 2674.9
1349820 2686.3
1349830 2693.8
1349840 2693.8
1349850 2703.0
1349860 2713.8
1349870 2713.8
1349880 2726.8
1349890 2736.6
1349900 2741.1
1349910 2741.1
1349920 2745.4
1349930 2748.7
1349940 2748.7
1349950 2752.7
1349960 2756.2
1349970 2756.2
1349980 2759.0
1349990 2761.3
1350000 2761.3
1350010 2763.3
1350020 2765.4
1350030 2765.4
1350040 2767.2
1350050 2770.0
1350060 2770.0
1350070 2773.4
1350080 2775.9
1350090 2775.9
1350100 2776.8
1350110 2776.4
1350120 2775.7
1350130 2769.5
1350140 2770.2
1350150 2770.3
1350160 2770.3
1350170 2770.1
1350180 2770.6
1350190 2770.6
1350200 2771.7
1350210 2773.4
1350220 2773.4
1350230 2775.6
1350240 2776.3
1350250 2776.3
1350260 2777.9
1350270 2780.9
1350280 2780.9
1350290 2785.0
1350300 2790.5
1350310 2790.5
1350320 2790.4
1350330 2769.8
1350340 2757.6
1350350 2757.6
1350360 2748.0
1350370 2740.6
1350380 2740.6
1350390 2735.7
1350400 2731.3
1350410 2731.3
1350420 2727.0
1350430 2722.7
1350440 2722.7
1350450 2718.3
1350460 2714.3
1350470 2714.3
1350480 2711.0
1350490 2708.7
1350500 2708.7
1350510 2706.3
1350520 2704.0
1350530 2704.0
1350540 2701.9
1350550 2700.2
1350560 2698.2
1350570 2698.2
1350580 2695.7
1350590 2692.8
1350600 2692.8
1350610 2689.3
1350620 2687.0
1350630 2687.0
1350640 2684.3
1350650 2681.2
1350660 2681.2
1350670 2678.6
1350680 2676.9
1350690 2676.9
1350700 2675.5
1350710 2676.2
1350720 2676.2
1350730 2674.9
1350740 2673.2
1350750 2673.2
1350760 2675.2
1350770 2679.8
1350780 2681.1
1350790 2681.1
1350800 2681.3
1350810 2682.0
1350820 2682.0
1350830 2678.0
1350840 2672.2
1350850 2672.2
1350860 2669.3
1350870 2666.3
1350880 2666.3
1350890 2662.7
1350900 2659.7
1350910 2659.7
1350920 2656.6
1350930 2653.5
1350940 2653.5
1350950 2650.6
1350960 2647.5
1350970 2647.5
1350980 2644.3
1350990 2641.4
1351000 2638.9
1351010 2638.9
1351020 2636.0
1351030 2633.6
1351040 2633.6
1351050 2631.9
1351060 2630.0
1351070 2630.8
1351080 2626.9
1351090 2622.3
1351100 2622.3
1351110 2617.6
1351120 2614.3
1351130 2614.3
1351140 2613.4
1351150 2611.1
1351160 2611.1
1351170 2607.2
1351180 2603.1
1351190 2603.1
1351200 2600.7
1351210 2599.9
1351220 2595.6
1351230 2595.6
1351240 2591.0
1351250 2587.1
1351260 2587.1
1351270 2583.0
1351280 2578.7
1351290 2578.7
1351300 2574.6
1351310 2571.4
1351320 2571.4
1351330 2568.0
1351340 2565.6
1351350 2565.6
1351360 2561.8
1351370 2557.3
1351380 2557.3
1351390 2552.9
1351400 2549.4
1351410 2549.4
1351420 2545.7
1351430 2542.3
1351440 2537.3
1351450 2537.3
1351460 2533.0
1351470 2527.7
1351480 2527.7
1351490 2521.8
1351500 2516.2
1351510 2516.2
1351520 2510.9
1351530 2506.5
1351540 2506.5
1351550 2502.6
1351560 2498.8
1351570 2498.8
1351580 2494.7
1351590 2487.8
1351600 2487.8
1351610 2482.1
1351620 2476.2
1351630 2476.2
1351640 2470.1
1351650 2464.3
1351660 2459.3
1351670 2459.3
1351680 2454.4
1351690 2450.6
1351700 2450.6
1351710 2447.5
1351720 2444.2
1351730 2444.2
1351740 2442.1
1351750 2438.9
1351760 2438.9
1351770 2435.6
1351780 2433.7
1351790 2433.7
1351800 2431.4
1351810 2429.4
1351820 2429.4
1351830 2427.6
1351840 2424.8
1351850 2424.8
1351860 2422.2
1351870 2419.3
1351880 2416.3
1351890 2416.3
1351900 2413.2
1351910 2409.5
1351920 2409.5
1351930 2405.3
1351940 2401.2
1351950 2401.2
1351960 2396.8
1351970 2392.7
1351980 2392.7
1351990 2388.6
1352000 2384.4
1352010 2384.4
1352020 2381.4
1352030 2375.2
1352040 2375.2
1352050 2371.0
1352060 2367.6
1352070 2367.6
1352080 2363.6
1352090 2358.8
1352100 2352.9
1352110 2352.9
1352120 2347.7
1352130 2342.4
1352140 2342.4
1352150 2336.1
1352160 2330.3
1352170 2330.3
1352180 2326.0
1352190 2323.2
1352200 2323.2
1352210 2316.5
1352220 2309.0
1352230 2309.0
1352240 2301.1
1352250 2293.2
1352260 2293.2
1352270 2285.6
1352280 2278.4
1352290 2278.4
1352300 2271.7
1352310 2265.8
1352320 2261.4
1352330 2261.4
1352340 2257.6
1352350 2252.3
1352360 2252.3
1352370 2248.5
1352380 2243.8
1352390 2243.8
1352400 2240.2
1352410 2237.3
1352420 2237.3
1352430 2234.3
1352440 2231.8
1352450 2231.8
1352460 2228.9
1352470 2225.8
1352480 2225.8
1352490 2222.9
1352500 2220.4
1352510 2220.4
1352520 2218.4
1352530 2216.7
1352540 2216.1
1352550 2216.1
1352560 2215.4
1352570 2215.2
1352580 2215.2
1352590 2215.6
1352600 2216.7
1352610 2216.7
1352620 2218.4
1352630 2220.4
1352640 2220.4
1352650 2222.6
1352660 2225.1
1352670 2225.1
1352680 2228.4
1352690 2232.0
1352700 2232.0
1352710 2235.6
1352720 2239.3
1352730 2239.3
1352740 2242.5
1352750 2245.6
1352760 2248.8
1352770 2248.8
1352780 2251.5
1352790 2254.0
1352800 2254.0
1352810 2256.0
1352820 2256.9
1352830 2256.9
1352840 2258.6
1352850 2262.2
1352860 2262.2
1352870 2265.6
1352880 2269.4
1352890 2269.4
1352900 2275.1
1352910 2278.6
1352920 2278.6
1352930 2282.0
1352940 2284.3
1352950 2284.3
1352960 2286.3
1352970 2288.9
1352980 2291.4
1352990 2294.0
1353000 2297.1
1353010 2300.7
1353020 2300.7
1353030 2304.9
1353040 2309.1
1353050 2309.1
1353060 2313.4
1353070 2317.6
1353080 2317.6
1353090 2322.1
1353100 2326.0
1353110 2326.0
1353120 2329.2
1353130 2331.9
1353140 2331.9
1353150 2335.4
1353160 2339.2
1353170 2339.2
1353180 2342.6
1353190 2346.8
1353200 2351.7
1353210 2351.7
1353220 2356.2
1353230 2360.8
1353240 2360.8
1353250 2366.3
1353260 2371.6
1353270 2371.6
1353280 2375.4
1353290 2378.5
1353300 2378.5
1353310 2381.2
1353320 2383.5
1353330 2383.5
1353340 2384.6
1353350 2385.1
1353360 2385.1
1353370 2387.0
1353380 2389.9
1353390 2389.9
1353400 2392.5
1353410 2394.4
1353420 2396.2
1353430 2396.2
1353440 2398.6
1353450 2400.1
1353460 2400.1
1353470 2401.5
1353480 2402.5
1353490 2402.5
1353500 2402.6
1353510 2403.4
1353520 2403.4
1353530 2404.4
1353540 2406.7
1353550 2406.7
1353560 2408.6
1353570 2410.1
1353580 2410.1
1353590 2412.7
1353600 2416.4
1353610 2416.4
1353620 2419.3
1353630 2422.8
1353640 2428.4
1353650 2428.4
1353660 2433.7
1353670 2439.4
1353680 2439.4
1353690 2443.1
1353700 2447.7
1353710 2447.7
1353720 2453.8
1353730 2459.5
1353740 2459.5
1353750 2465.5
1353760 2472.3
1353770 2472.3
1353780 2478.0
1353790 2484.4
1353800 2484.4
1353810 2491.7
1353820 2502.1
1353830 2502.1
1353840 2513.5
1353850 2523.1
1353860 2532.1
1353870 2532.1
1353880 2540.6
1353890 2548.3
1353900 2548.3
1353910 2555.1
1353920 2560.0
1353930 2560.0
1353940 2564.0
1353950 2566.6
1353960 2566.5
1353970 2570.4
1353980 2575.2
1353990 2575.2
1354000 2581.2
1354010 2585.7
1354020 2585.7
1354030 2587.1
1354040 2589.5
1354050 2589.5
1354060 2593.4
1354070 2598.0
1354080 2601.4
1354090 2601.4
1354100 2604.8
1354110 2610.8
1354120 2610.8
1354130 2617.1
1354140 2622.8
1354150 2622.8
1354160 2630.1
1354170 2636.5
1354180 2636.5
1354190 2642.9
1354200 2648.8
1354210 2648.8
1354220 2654.2
1354230 2659.4
1354240 2659.4
1354250 2664.8
1354260 2669.9
1354270 2669.9
1354280 2679.3
1354290 2689.5
1354300 2696.6
1354310 2696.6
1354320 2703.3
1354330 2711.0
1354340 2711.0
1354350 2717.6
1354360 2719.8
1354370 2719.8
1354380 2721.8
1354390 2722.3
1354400 2722.3
1354410 2722.1
1354420 2720.6
1354430 2720.6
1354440 2719.6
1354450 2717.9
1354460 2717.9
1354470 2715.7
1354480 2714.1
1354490 2714.1
1354500 2712.7
1354510 2711.4
1354520 2711.4
1354530 2711.4
1354540 2712.9
1354550 2712.9
1354560 2712.9
1354570 2713.7
1354580 2715.5
1354590 2715.5
1354600 2717.0
1354610 2718.2
1354620 2718.2
1354630 2718.6
1354640 2717.5
1354650 2717.5
1354660 2714.8
1354670 2713.4
1354680 2713.4
1354690 2713.1
1354700 2712.9
1354710 2712.9
1354720 2710.6
1354730 2708.3
1354740 2705.3
1354750 2705.3
1354760 2703.3
1354770 2700.9
1354780 2700.9
1354790 2699.3
1354800 2697.7
1354810 2697.7
1354820 2696.2
1354830 2693.6
1354840 2693.6
1354850 2690.7
1354860 2688.7
1354870 2688.7
1354880 2686.4
1354890 2684.6
1354900 2684.6
1354910 2683.7
1354920 2683.3
1354930 2683.3
1354940 2685.5
1354950 2683.3
1354960 2681.6
1354970 2681.6
1354980 2679.4
1354990 2677.0
1355000 2677.0
1355010 2675.3
1355020 2673.2
1355030 2673.2
1355040 2672.0
1355050 2672.8
1355060 2672.8
1355070 2673.6
1355080 2675.1
1355090 2675.1
1355100 2674.5
1355110 2675.6
1355120 2675.6
1355130 2678.5
1355140 2681.4
1355150 2681.4
1355160 2686.7
1355170 2692.4
1355180 2696.7
1355190 2696.7
1355200 2702.6
1355210 2710.5
1355220 2710.5
1355230 2718.0
1355240 2725.8
1355250 2725.8
1355260 2733.3
1355270 2739.8
1355280 2739.8
1355290 2745.1
1355300 2751.2
1355310 2751.2
1355320 2758.5
1355330 2764.0
1355340 2764.0
1355350 2768.2
1355360 2771.6
1355370 2771.6
1355380 2775.6
1355390 2778.8
1355400 2783.5
1355410 2783.5
1355420 2789.0
1355430 2796.3
1355440 2796.3
1355450 2802.5
1355460 2808.1
1355470 2808.1
1355480 2812.0
1355490 2817.6
1355500 2817.6
1355510 2827.5
1355520 2836.3
1355530 2836.3
1355540 2843.5
1355550 2851.1
1355560 2851.1
1355570 2858.8
1355580 2867.5
1355590 2867.5
1355600 2875.0
1355610 2881.0
1355620 2886.1
1355630 2886.1
1355640 2890.4
1355650 2894.6
1355660 2894.6
1355670 2897.4
1355680 2895.1
1355690 2895.1
1355700 2885.0
1355710 2868.5
1355720 2868.5
1355730 2853.8
1355740 2844.3
1355750 2844.3
1355760 2833.4
1355770 2822.7
1355780 2822.7
1355790 2812.5
1355800 2802.0
1355810 2802.0
1355820 2792.5
1355830 2785.6
1355840 2779.8
1355850 2779.8
1355860 2773.1
1355870 2765.8
1355880 2765.8
1355890 2760.2
1355900 2757.5
1355910 2757.5
1355920 2741.9
1355930 2734.2
1355940 2734.2
1355950 2726.7
1355960 2720.2
1355970 2720.2
1355980 2714.0
1355990 2708.5
1356000 2708.5
1356010 2703.6
1356020 2700.1
1356030 2700.1
1356040 2698.0
1356860 2590.0
1356870 2589.7
1356880 2589.7
1356890 2590.3
1356900 2592.1
1356910 2587.2
1356920 2589.3
1356930 2592.4
1356940 2594.6
1356950 2594.6
1356960 2596.5
1356970 2598.8
1356980 2598.8
1356990 2601.0
1357000 2602.8
1357010 2602.8
1357020 2605.1
1357030 2607.6
1357040 2607.6
1357050 2610.4
1357060 2614.3
1357070 2614.3
1357080 2617.8
1357090 2621.2
1357100 2621.2
1357110 2625.1
1357120 2628.5
1357130 2628.5
1357140 2631.3
1357150 2634.7
1357160 2637.9
1357170 2637.9
1357180 2641.0
1357190 2644.4
1357200 2644.4
1357210 2648.0
1357220 2652.6
1357230 2652.6
1357240 2656.6
1357250 2661.2
1357260 2661.2
1357270 2664.3
1357280 2669.1
1357290 2669.1
1357300 2673.0
1357310 2677.1
1357320 2677.1
1357330 2681.4
1357340 2685.0
1357350 2685.0
1357360 2688.6
1357370 2693.2
1357380 2697.9
1357390 2697.9
1357400 2702.3
1357410 2716.0
1357420 2716.0
1357430 2737.3
1357440 2755.1
1357450 2755.1
1357460 2768.0
1357470 2774.5
1357480 2774.5
1357490 2773.4
1357500 2772.6
1357510 2772.6
1357520 2771.9
1357530 2770.6
1357540 2770.6
1357550 2770.2
1357560 2769.2
1357570 2769.2
1357580 2768.1
1357590 2766.7
1357600 2769.1
1357610 2769.1
1357620 2773.5
1357630 2778.3
1357640 2778.3
1357650 2778.1
1357660 2775.9
1357670 2775.9
1357680 2777.8
1357690 2780.0
1357700 2780.0
1357710 2779.3
1357720 2779.3
1357730 2779.3
1357740 2779.6
1357750 2780.1
1357760 2780.1
1357770 2782.8
1357780 2786.7
1357790 2786.7
1357800 2791.8
1357810 2797.3
1357820 2801.5
1357830 2801.5
1357840 2801.8
1357850 2799.0
1357860 2799.0
1357870 2793.9
1357880 2783.4
1357890 2783.4
1357900 2770.5
1357910 2775.1
1357920 2775.1
1357930 2767.5
1357940 2765.2
1357950 2765.2
1357960 2765.1
1357970 2770.2
1357980 2770.2
1357990 2768.0
1358000 2757.2
1358010 2757.2
1358020 2741.8
1358030 2711.9
1358040 2688.3
1358050 2688.3
1358060 2671.5
1358070 2658.3
1358080 2658.3
1358090 2651.1
1358100 2644.6
1358110 2644.6
1358120 2639.8
1358130 2636.1
1358140 2636.1
1358150 2633.1
1358160 2631.1
1358170 2631.1
1358180 2629.8
1358190 2627.6
1358200 2627.6
1358210 2626.0
1358220 2624.6
1358230 2624.6
1358240 2623.6
1358250 2621.2
1358260 2618.0
1358270 2618.0
1358280 2614.9
1358290 2613.0
1358300 2613.0
1358310 2611.9
1358320 2610.1
1358330 2610.1
1358340 2608.5
1358350 2606.7
1358360 2606.7
1358370 2605.6
1358380 2602.0
1358390 2602.0
1358400 2599.6
1358410 2598.4
1358420 2598.4
1358430 2596.4
1358440 2593.5
1358450 2593.5
1358460 2591.2
1358470 2591.7
1358480 2591.5
1358490 2591.5
1358500 2588.9
1358510 2586.4
1358520 2586.4
1358530 2584.9
1358540 2583.3
1358550 2583.3
1358560 2582.3
1358570 2579.8
1358580 2579.8
1358590 2578.6
1358600 2578.1
1358610 2578.1
1358620 2576.5
1358630 2574.9
1358640 2574.9
1358650 2574.2
1358660 2574.3
1358670 2574.3
1358680 2573.1
1358690 2570.7
1358700 2568.5
1358710 2568.5
1358720 2567.8
1358730 2567.5
1358740 2567.5
1358750 2568.0
1358760 2568.9
1358770 2568.9
1358780 2570.9
1358790 2575.4
1358800 2575.4
1358810 2579.1
1358820 2580.1
1358830 2580.1
1358840 2581.8
1358850 2584.8
1358860 2584.8
1358870 2587.3
1358880 2588.4
1358890 2588.4
1358900 2588.5
1358910 2588.7
1358920 2590.2
1358930 2590.2
1358940 2587.6
1358950 2584.9
1358960 2584.9
1358970 2583.7
1358980 2581.2
1358990 2581.2
1359000 2574.6
1359010 2567.7
1359020 2567.7
1359030 2561.8
1359040 2555.3
1359050 2555.3
1359060 2551.7
1359070 2551.6
1359080 2551.6
1359090 2547.8
1359100 2543.5
1359110 2543.5
1359120 2540.3
1359130 2537.7
1359140 2537.7
1359150 2536.0
1359160 2533.2
1359170 2529.0
1359180 2529.0
1359190 2524.4
1359200 2521.0
1359210 2521.0
1359220 2518.9
1359230 2517.1
1359240 2517.1
1359250 2515.8
1359260 2514.9
1359270 2514.9
1359280 2513.1
1359290 2512.2
1359300 2512.2
1359310 2511.5
1359320 2511.4
1359330 2511.4
1359340 2511.3
1359350 2512.5
1359360 2512.5
1359370 2513.3
1359380 2513.6
1359390 2513.7
1359400 2513.7
1359410 2514.2
1359420 2515.2
1359430 2515.2
1359440 2516.2
1359450 2516.0
1359460 2516.0
1359470 2516.2
1359480 2516.2
1359490 2516.2
1359500 2516.3
1359510 2517.6
1359520 2517.6
1359530 2521.2
1359540 2523.8
1359550 2523.8
1359560 2526.3
1359570 2527.9
1359580 2527.9
1359590 2528.1
1359600 2526.9
1359610 2524.9
1359620 2524.9
1359630 2522.9
1359640 2522.0
1359650 2522.0
1359660 2520.0
1359670 2516.1
1359680 2516.1
1359690 2511.9
1359700 2509.9
1359710 2509.9
1359720 2508.9
1359730 2508.7
1359740 2508.7
1359750 2508.9
1359760 2508.1
1359770 2508.1
1359780 2506.7
1359790 2505.9
1359800 2505.9
1359810 2505.5
1359820 2504.9
1359830 2504.5
1359840 2504.5
1359850 2504.8
1359860 2505.6
1359870 2505.6
1359880 2507.2
1359890 2508.3
1359900 2508.3
1359910 2508.1
1359920 2508.6
1359930 2514.0
1359940 2513.4
1359950 2512.8
1359960 2512.8
1359970 2513.3
1359980 2516.2
1359990 2516.2
