1340000 2194.8
1340010 2194.8
1340020 2192.2
1340030 2190.2
1340040 2187.8
1340050 2187.8
1340060 2185.1
1340070 2184.4
1340080 2184.4
1340090 2184.6
1340100 2183.4
1340110 2183.4
1340120 2181.0
1340130 2176.2
1340140 2176.2
1340150 2171.2
1340160 2167.9
1340170 2167.9
1340180 2165.1
1340190 2163.0
1340200 2163.0
1340210 2161.5
1340220 2158.5
1340230 2158.5
1340240 2155.9
1340250 2153.0
1340260 2150.5
1340270 2150.5
1340280 2151.5
1340290 2151.4
1340300 2151.4
1340310 2150.3
1340320 2147.1
1340330 2147.1
1340340 2146.8
1340350 2143.8
1340360 2143.8
1340370 2139.0
1340380 2132.4
1340390 2132.4
1340400 2125.6
1340410 2117.7
1340420 2117.7
1340430 2110.2
1340440 2103.3
1340450 2103.3
1340460 2096.5
1340470 2089.3
1340480 2081.3
1340490 2081.3
1340500 2072.6
1340510 2064.3
1340520 2064.3
1340530 2057.7
1340540 2049.0
1340550 2049.0
1340560 2039.6
1340570 2028.8
1340580 2028.8
1340590 2019.3
1340600 2008.3
1340610 2008.3
1340620 1996.5
1340630 1989.5
1340640 1989.5
1340650 1981.9
1340660 1972.8
1340670 1972.8
1340680 1963.7
1340690 1954.1
1340700 1942.3
1340710 1942.3
1340720 1930.4
1340730 1918.9
1340740 1918.9
1340750 1907.3
1340760 1896.6
1340770 1896.6
1340780 1885.7
1340790 1874.1
1340800 1874.1
1340810 1864.2
1340820 1854.0
1340830 1854.0
1340840 1847.1
1340850 1841.4
1340860 1841.4
1340870 1836.0
1340880 1830.2
1340890 1830.2
1340900 1824.3
1340910 1820.3
1340920 1817.2
1340930 1817.2
1340940 1813.7
1340950 1809.1
1340960 1809.1
1340970 1804.9
1340980 1802.1
1340990 1802.1
1341000 1799.4
1341010 1794.8
1341020 1794.8
1341030 1790.0
1341040 1786.8
1341050 1786.8
1341060 1785.2
1341070 1784.7
1341080 1784.7
1341090 1783.9
1341100 1787.8
1341110 1787.8
1341120 1790.5
1341130 1793.2
1341140 1796.6
1341150 1796.6
1341160 1800.2
1341170 1804.2
1341180 1804.2
1341190 1808.4
1341200 1812.6
1341210 1812.6
1341220 1816.4
1341230 1820.0
1341240 1820.0
1341250 1824.1
1341260 1828.2
1341270 1828.2
1341280 1832.1
1341290 1836.1
1341300 1836.1
1341310 1840.5
1341320 1844.7
1341330 1844.7
1341340 1848.2
1341350 1850.8
1341360 1855.1
1341370 1855.1
1341380 1860.2
1341390 1867.0
1341400 1867.0
1341410 1877.1
1341420 1886.4
1341430 1886.4
1341440 1894.8
1341450 1903.5
1341460 1903.5
1341470 1913.8
1341480 1925.4
1341490 1925.4
1341500 1937.4
1341510 1944.3
1341520 1944.3
1341530 1949.5
1341540 1955.2
1341550 1955.2
1341560 1961.9
1341570 1968.3
1341580 1975.7
1341590 1975.7
1341600 1983.3
1341610 1991.3
1341620 1991.3
1341630 1999.5
1341640 2004.3
1341650 2004.3
1341660 2015.4
1341670 2012.2
1341680 2012.2
1341690 2019.5
1341700 2028.8
1341710 2028.8
1341720 2029.7
1341730 2033.2
1341740 2033.2
1341750 2041.4
1341760 2052.4
1341770 2052.4
1341780 2062.9
1341790 2076.6
1341800 2087.6
1341810 2087.6
1341820 2094.2
1341830 2101.9
1341840 2101.9
1341850 2111.5
1341860 2120.4
1341870 2120.4
1341880 2129.0
1341890 2137.7
1341900 2137.7
1341910 2146.2
1341920 2154.8
1341930 2154.8
1341940 2163.4
1341950 2172.2
1341960 2172.2
1341970 2180.7
1341980 2187.9
1341990 2187.9
1342000 2192.8
1342010 2196.0
1342020 2198.9
1342030 2198.9
1342040 2200.5
1342050 2201.4
1342060 2201.4
1342070 2201.6
1342080 2200.8
1342090 2200.8
1342100 2202.8
1342110 2206.7
1342120 2206.7
1342130 2209.3
1342140 2212.6
1342150 2212.6
1342160 2217.5
1342170 2222.8
1342180 2222.8
1342190 2227.6
1342200 2232.6
1342210 2232.6
1342220 2238.3
1342230 2245.1
1342240 2253.5
1342250 2253.5
1342260 2262.1
1342270 2269.5
1342280 2269.5
1342290 2276.6
1342300 2285.1
1342310 2285.1
1342320 2292.2
1342330 2299.1
1342340 2299.1
1342350 2306.0
1342360 2312.4
1342370 2312.4
1342380 2318.4
1342390 2324.0
1342400 2324.0
1342410 2329.4
1342420 2334.5
1342430 2334.5
1342440 2339.5
1342450 2344.0
1342460 2348.9
1342470 2348.9
1342480 2353.8
1342490 2358.5
1342500 2358.5
1342510 2363.5
1342520 2368.0
1342530 2368.0
1342540 2371.7
1342550 2375.9
1342560 2375.5
1342570 2379.4
1342580 2382.7
1342590 2382.7
1342600 2384.7
1342610 2386.9
1342620 2386.9
1342630 2389.2
1342640 2394.3
1342650 2394.3
1342660 2400.4
1342670 2405.9
1342680 2409.5
1342690 2409.5
1342700 2412.5
1342710 2416.3
1342720 2416.3
1342730 2419.7
1342740 2422.0
1342750 2422.0
1342760 2423.6
1342770 2425.5
1342780 2425.5
1342790 2427.6
1342800 2429.6
1342810 2429.6
1342820 2432.7
1342830 2435.7
1342840 2435.7
1342850 2438.6
1342860 2441.9
1342870 2441.9
1342880 2445.8
1342890 2448.2
1342900 2448.2
1342910 2449.7
1342920 2452.4
1342930 2455.6
1342940 2455.6
1342950 2457.5
1342960 2459.6
1342970 2459.6
1342980 2462.4
1342990 2465.3
1343000 2465.3
1343010 2467.8
1343020 2470.8
1343030 2470.8
1343040 2472.8
1343050 2474.3
1343060 2474.3
1343070 2476.4
1343080 2479.0
1343090 2479.0
1343100 2481.4
1343110 2483.5
1343120 2483.5
1343130 2485.2
1343140 2486.9
1343150 2487.8
1343160 2487.8
1343170 2488.6
1343180 2489.7
1343190 2489.7
1343200 2491.3
1343210 2493.4
1343220 2493.4
1343230 2495.5
1343240 2497.8
1343250 2497.8
1343260 2499.9
1343270 2502.0
1343280 2502.0
1343290 2504.1
1343300 2506.3
1343310 2506.3
1343320 2508.7
1343330 2511.4
1343340 2511.4
1343350 2514.1
1343360 2516.7
1343370 2519.3
1343380 2519.3
1343390 2521.8
1343400 2523.7
1343410 2523.7
1343420 2525.3
1343430 2526.7
1343440 2526.7
1343450 2525.8
1343460 2527.7
1343470 2527.7
1343480 2529.2
1343490 2531.1
1343500 2531.1
1343510 2533.7
1343520 2536.5
1343530 2536.5
1343540 2539.0
1343550 2541.2
1343560 2541.2
1343570 2543.3
1343580 2545.7
1343590 2548.9
1343600 2548.9
1343610 2553.9
1343620 2559.5
1343630 2559.5
1343640 2566.7
1343650 2575.6
1343660 2575.6
1343670 2585.0
1343680 2591.9
1343690 2591.9
1343700 2595.7
1343710 2598.6
1343720 2598.6
1343730 2601.2
1343740 2603.8
1343750 2603.8
1343760 2607.1
1343770 2611.1
1343780 2611.1
1343790 2615.3
1343800 2620.5
1343810 2627.8
1343820 2627.8
1343830 2634.6
1343840 2639.1
1343850 2639.1
1343860 2643.7
1343870 2648.3
1343880 2648.3
1343890 2652.3
1343900 2656.6
1343910 2656.6
1343920 2661.7
1343930 2667.2
1343940 2667.2
1343950 2673.0
1343960 2679.7
1343970 2679.7
1343980 2686.1
1343990 2693.0
1344000 2693.0
1344010 2699.6
1344020 2706.0
1344030 2712.6
1344040 2712.6
1344050 2718.5
1344060 2724.2
1344070 2724.2
1344080 2730.5
1344090 2737.6
1344100 2737.6
1344110 2745.8
1344120 2757.6
1344130 2757.6
1344140 2773.0
1344150 2790.2
1344160 2790.2
1344170 2807.4
1344180 2820.8
1344190 2820.8
1344200 2832.4
1344210 2842.4
1344220 2842.4
1344230 2852.6
1344240 2862.7
1344250 2873.4
1344260 2873.4
1344270 2888.6
1344280 2906.1
1344290 2906.1
1344300 2922.9
1344310 2921.0
1344320 2921.0
1344330 2906.2
1344340 2890.5
1344350 2890.5
1344360 2883.8
1344370 2873.0
1344380 2873.0
1344390 2858.6
1344400 2845.5
1344410 2845.5
1344420 2832.3
1344430 2816.4
1344440 2816.4
1344450 2798.0
1344460 2791.8
1344470 2780.6
1344480 2780.6
1344490 2764.8
1344500 2741.3
1344510 2741.3
1344520 2717.0
1344530 2697.4
1344540 2697.4
1344550 2682.9
1344560 2671.1
1344570 2671.1
1344580 2660.4
1344590 2649.8
1344600 2649.8
1344610 2641.4
1344620 2636.5
1344630 2636.5
1344640 2632.2
1344650 2628.6
1344660 2628.6
1344670 2626.6
1344680 2625.9
1344690 2625.2
1344700 2625.2
1344710 2623.9
1344720 2622.6
1344730 2622.6
1344740 2620.3
1344750 2619.2
1344760 2619.2
1344770 2616.9
1344780 2615.1
1344790 2615.1
1344800 2613.9
1344810 2612.5
1344820 2612.5
1344830 2610.7
1344840 2609.6
1344850 2609.6
1344860 2608.2
1344870 2604.9
1344880 2604.9
1344890 2603.4
1344900 2602.6
1344910 2602.0
1344920 2602.0
1344930 2602.6
1344940 2603.4
1344950 2603.4
1344960 2603.4
1344970 2602.8
1344980 2602.8
1344990 2602.6
1345000 2602.2
1345010 2602.2
1345020 2601.8
1345030 2601.4
1345040 2601.4
1345050 2600.6
1345060 2598.9
1345070 2598.9
1345080 2593.5
1345090 2586.7
1345100 2586.7
1345110 2580.4
1345120 2574.4
1345130 2569.4
1345140 2569.4
1345150 2566.6
1345160 2564.8
1345170 2564.8
1345180 2563.6
1345190 2561.7
1345200 2561.7
1345210 2560.3
1345220 2559.6
1345230 2559.6
1345240 2557.8
1345250 2555.5
1345260 2560.4
1345270 2558.2
1345280 2556.1
1345290 2556.1
1345300 2553.9
1345310 2551.8
1345320 2551.8
1345330 2549.9
1345340 2548.0
1345350 2545.6
1345360 2545.6
1345370 2542.6
1345380 2539.5
1345390 2539.5
1345400 2537.2
1345410 2533.6
1345420 2533.6
1345430 2532.0
1345440 2530.9
1345450 2530.9
1345460 2523.2
1345470 2518.3
1345480 2518.3
1345490 2514.3
1345500 2510.5
1345510 2510.5
1345520 2508.1
1345530 2505.8
1345540 2505.8
1345550 2503.6
1345560 2501.9
1345570 2500.6
1345580 2500.6
1345590 2499.2
1345600 2495.8
1345610 2495.8
1345620 2494.0
1345630 2491.8
1345640 2491.8
1345650 2489.1
1345660 2486.7
1345670 2486.7
1345680 2482.7
1345690 2478.9
1345700 2478.9
1345710 2475.8
1345720 2472.8
1345730 2472.8
1345740 2470.1
1345750 2467.1
1345760 2467.1
1345770 2462.8
1345780 2458.3
1345790 2454.8
1345800 2454.8
1345810 2452.6
1345820 2450.4
1345830 2450.4
1345840 2447.7
1345850 2444.4
1345860 2444.4
1345870 2441.3
1345880 2437.3
1345890 2437.3
1345900 2433.2
1345910 2429.5
1345920 2429.5
1345930 2427.0
1345940 2425.0
1345950 2425.0
1345960 2422.9
1345970 2420.5
1345980 2420.5
1345990 2417.7
1346000 2414.0
1346010 2410.8
1346020 2410.8
1346030 2407.5
1346040 2404.0
1346050 2404.0
1346060 2400.6
1346070 2398.0
1346080 2398.0
1346090 2394.8
1346100 2391.8
1346110 2391.8
1346120 2389.3
1346130 2386.8
1346140 2386.8
1346150 2384.8
1346160 2381.5
1346170 2381.5
1346180 2383.3
1346190 2383.7
1346200 2383.7
1346210 2385.4
1346220 2386.2
1346230 2384.2
1346240 2384.2
1346250 2378.3
1346260 2372.3
1346270 2372.3
1346280 2367.9
1346290 2365.7
1346300 2365.7
1346310 2364.2
1346320 2361.0
1346330 2361.0
1346340 2357.1
1346350 2355.0
1346360 2355.0
1346370 2352.8
1346380 2349.4
1346390 2349.4
1346400 2344.7
1346410 2334.5
1346420 2334.5
1346430 2295.2
1346440 2284.7
1346450 2285.5
1346460 2285.5
1346470 2287.9
1346480 2292.1
1346490 2292.1
1346500 2285.5
1346510 2277.0
1346520 2277.0
1346530 2268.8
1346540 2260.9
1346550 2260.9
1346560 2249.9
1346570 2237.5
1346580 2237.5
1346590 2226.8
1346600 2214.0
1346610 2214.0
1346620 2191.1
1346630 2174.0
1346640 2174.0
1346650 2175.2
1346660 2168.4
1346670 2168.4
1346680 2152.6
1346690 2140.8
1346700 2131.8
1346710 2131.8
1346720 2122.3
1346730 2115.4
1346740 2115.4
1346750 2111.3
1346760 2100.1
1346770 2100.1
1346780 2087.3
1346790 2077.7
1346800 2077.7
1346810 2063.7
1346820 2055.3
1346830 2055.3
1346840 2047.6
1346850 2040.2
1346860 2040.2
1346870 2033.3
1346880 2026.9
1346890 2026.9
1346900 2020.8
1346910 2014.9
1346920 2009.1
1346930 2009.1
1346940 2003.7
1346950 1997.7
1346960 1997.7
1346970 1992.5
1346980 1989.6
1346990 1989.6
1347000 1986.8
1347010 1983.1
1347020 1983.1
1347030 1979.4
1347040 1975.7
1347050 1975.7
1347060 1972.9
1347070 1970.7
1347080 1970.7
1347090 1968.2
1347100 1968.1
1347110 1968.1
1347120 1966.7
1347130 1965.9
1347140 1964.2
1347150 1964.2
1347160 1963.7
1347170 1964.0
1347180 1964.0
1347190 1965.2
1347200 1965.8
1347210 1965.8
1347220 1966.3
1347230 1966.9
1347240 1966.9
1347250 1966.1
1347260 1964.9
1347270 1964.9
1347280 1964.6
1347290 1965.1
1347300 1965.1
1347310 1966.4
1347320 1969.0
1347330 1969.0
1347340 1971.7
1347350 1974.9
1347360 1978.8
1347370 1978.8
1347380 1982.0
1347390 1985.3
1347400 1985.3
1347410 1989.5
1347420 1993.6
1347430 1993.6
1347440 1997.6
1347450 2001.9
1347460 2001.9
1347470 2006.5
1347480 2011.5
1347490 2011.5
1347500 2016.4
1347510 2021.4
1347520 2021.4
1347530 2026.6
1347540 2031.5
1347550 2031.5
1347560 2036.8
1347570 2042.9
1347580 2049.1
1347590 2049.1
1347600 2055.2
1347610 2060.9
1347620 2060.9
1347630 2066.6
1347640 2072.3
1347650 2072.3
1347660 2077.6
1347670 2082.6
1347680 2082.6
1347690 2087.7
1347700 2094.3
1347710 2094.3
1347720 2103.1
1347730 2112.3
1347740 2112.3
1347750 2121.5
1347760 2129.9
1347770 2129.9
1347780 2139.1
1347790 2146.4
1347800 2153.5
1347810 2153.5
1347820 2162.2
1347830 2170.7
1347840 2170.7
1347850 2179.5
1347860 2190.2
1347870 2190.2
1347880 2200.7
1347890 2210.7
1347900 2210.7
1347910 2220.4
1347920 2229.4
1347930 2229.4
1347940 2239.8
1347950 2250.3
1347960 2250.3
1347970 2260.7
1347980 2270.3
1347990 2270.3
1348000 2279.7
1348010 2288.7
1348020 2298.2
1348030 2299.6
1348040 2308.7
1348050 2316.3
1348060 2316.3
1348070 2322.7
1348080 2328.2
1348090 2328.2
1348100 2333.8
1348110 2339.9
1348120 2339.9
1348130 2346.5
1348140 2352.5
1348150 2352.5
1348160 2357.5
1348170 2362.4
1348180 2362.4
1348190 2367.3
1348200 2371.9
1348210 2371.9
1348220 2376.6
1348230 2381.9
1348240 2386.7
1348250 2386.7
1348260 2390.5
1348270 2393.7
1348280 2393.7
1348290 2396.9
1348300 2400.9
1348310 2400.9
1348320 2405.2
1348330 2409.2
1348340 2409.2
1348350 2412.7
1348360 2415.1
1348370 2415.1
1348380 2417.6
1348390 2421.5
1348400 2421.5
1348410 2425.7
1348420 2430.4
1348430 2430.4
1348440 2435.3
1348450 2439.9
1348460 2443.3
1348470 2443.3
1348480 2445.7
1348490 2449.4
1348500 2449.4
1348510 2454.3
1348520 2459.5
1348530 2459.5
1348540 2465.1
1348550 2470.7
1348560 2470.7
1348570 2475.7
1348580 2480.9
1348590 2480.9
1348600 2485.9
1348610 2489.8
1348620 2489.8
1348630 2493.4
1348640 2497.0
1348650 2497.0
1348660 2500.1
1348670 2502.7
1348680 2504.4
1348690 2504.4
1348700 2506.2
1348710 2509.8
1348720 2509.8
1348730 2514.3
1348740 2517.4
1348750 2517.4
1348760 2520.2
1348770 2523.0
1348780 2523.0
1348790 2526.8
1348800 2531.6
1348810 2531.6
1348820 2535.5
1348830 2538.6
1348840 2538.6
1348850 2542.5
1348860 2546.9
1348870 2546.9
1348880 2550.5
1348890 2552.3
1348900 2552.9
1348910 2552.9
1348920 2554.2
1348930 2557.3
1348940 2557.3
1348950 2560.4
1348960 2566.2
1348970 2566.2
1348980 2571.0
1348990 2576.1
1349000 2576.1
1349010 2580.5
1349020 2584.0
1349030 2584.0
1349040 2586.9
1349050 2589.8
1349060 2589.8
1349070 2593.0
1349080 2596.4
1349090 2596.4
1349100 2599.5
1349110 2602.3
1349120 2604.9
1349130 2604.9
1349140 2608.1
1349150 2611.7
1349160 2611.7
1349170 2614.1
1349180 2615.7
1349190 2615.7
1349200 2617.8
1349210 2620.6
1349220 2620.6
1349230 2624.3
1349240 2627.9
1349250 2627.9
1349260 2631.3
1349270 2635.6
1349280 2635.6
1349290 2639.7
1349300 2643.3
1349310 2643.3
1349320 2646.7
1349330 2650.1
1349340 2653.7
1349350 2653.7
1349360 2656.8
1349370 2659.2
1349380 2659.2
1349390 2661.6
1349400 2663.7
1349410 2663.7
1349420 2664.1
1349430 2665.1
1349440 2665.1
1349450 2667.7
1349460 2670.4
1349470 2670.4
1349480 2672.9
1349490 2675.1
1349500 2675.1
1349510 2676.5
1349520 2678.4
1349530 2678.4
1349540 2681.0
1349550 2684.8
1349560 2689.7
1349570 2689.7
1349580 2695.3
1349590 2702.0
1349600 2702.0
1349610 2709.2
1349620 2716.9
1349630 2716.9
1349640 2728.7
1349650 2746.8
1349660 2746.8
1349670 2758.1
1349680 2764.0
1349690 2764.0
1349700 2769.1
1349710 2774.8
1349720 2774.8
1349730 2780.6
1349740 2786.3
1349750 2786.3
1349760 2792.0
1349770 2797.3
1349780 2803.2
1349790 2803.2
1349800 2810.4
1349810 2822.0
1349820 2822.0
1349830 2839.7
1349840 2854.7
1349850 2854.7
1349860 2851.6
1349870 2834.3
1349880 2834.3
1349890 2808.9
1349900 2795.8
1349910 2795.8
1349920 2783.3
1349930 2776.0
1349940 2776.0
1349950 2770.1
1349960 2765.4
1349970 2765.4
1349980 2761.3
1349990 2757.4
1350000 2753.8
1350010 2753.8
1350020 2750.7
1350030 2747.9
1350040 2747.9
1350050 2744.1
1350060 2740.3
1350070 2740.3
1350080 2736.4
1350090 2731.9
1350100 2731.9
1350110 2726.4
1350120 2721.0
1350130 2721.0
1350140 2716.1
1350150 2713.4
1350160 2713.4
1350170 2707.7
1350180 2699.6
1350190 2699.6
1350200 2691.4
1350210 2683.6
1350220 2676.3
1350230 2676.3
1350240 2668.7
1350250 2659.7
1350260 2659.7
1350270 2650.8
1350280 2643.7
1350290 2643.7
1350300 2636.8
1350310 2630.4
1350320 2630.4
1350330 2624.2
1350340 2619.3
1350350 2619.3
1350360 2614.3
1350370 2609.5
1350380 2609.5
1350390 2605.1
1350400 2599.4
1350410 2599.4
1350420 2594.9
1350430 2591.8
1350440 2591.8
1350450 2588.6
1350460 2586.9
1350470 2585.9
1350480 2585.9
1350490 2585.2
1350500 2585.8
1350510 2585.8
1350520 2585.9
1350530 2585.1
1350540 2585.1
1350550 2584.6
1350560 2584.6
1350570 2584.6
1350580 2584.4
1350590 2584.4
1350600 2584.4
1350610 2584.6
1350620 2585.3
1350630 2585.3
1350640 2587.7
1350650 2589.9
1350660 2589.9
1350670 2590.6
1350680 2592.4
1350690 2594.2
1350700 2594.2
1350710 2594.7
1350720 2594.5
1350730 2594.5
1350740 2595.2
1350750 2594.2
1350760 2594.2
1350770 2594.9
1350780 2594.3
1350790 2594.3
1350800 2592.7
1350810 2591.6
1350820 2591.6
1350830 2591.7
1350840 2590.4
1350850 2583.9
1350860 2579.9
1350870 2576.1
1350880 2576.1
1350890 2574.1
1350900 2573.8
1350910 2574.4
1350920 2574.4
1350930 2575.5
1350940 2576.1
1350950 2576.1
1350960 2576.0
1350970 2577.0
1350980 2577.0
1350990 2578.1
1351000 2579.2
1351010 2579.2
1351020 2580.9
1351030 2582.9
1351040 2582.9
1351050 2584.7
1351060 2586.7
1351070 2586.7
1351080 2589.1
1351090 2592.8
1351100 2592.8
1351110 2596.2
1351120 2597.7
1351130 2599.5
1351140 2599.5
1351150 2602.4
1351160 2604.5
1351170 2604.5
1351180 2605.0
1351190 2603.5
1351200 2603.5
1351210 2603.1
1351220 2598.2
1351230 2598.2
1351240 2593.9
1351250 2591.0
1351260 2591.0
1351270 2588.0
1351280 2584.6
1351290 2584.6
1351300 2581.2
1351310 2577.3
1351320 2577.3
1351330 2573.9
1351340 2572.8
1351350 2569.3
1351360 2569.3
1351370 2566.9
1351380 2565.7
1351390 2565.7
1351400 2562.5
1351410 2559.5
1351420 2559.5
1351430 2555.2
1351440 2550.8
1351450 2550.8
1351460 2547.1
1351470 2544.3
1351480 2544.3
1351490 2540.5
1351500 2536.0
1351510 2536.0
1351520 2531.1
1351530 2527.3
1351540 2527.3
1351550 2520.9
1351560 2513.8
1351570 2509.6
1351580 2509.6
1351590 2506.9
1351600 2505.1
1351610 2505.1
1351620 2500.5
1351630 2494.1
1351640 2494.1
1351650 2490.5
1351660 2486.1
1351670 2486.1
1351680 2482.0
1351690 2477.9
1351700 2477.9
1351710 2473.0
1351720 2469.2
1351730 2469.2
1351740 2464.1
1351750 2458.5
1351760 2458.5
1351770 2454.6
1351780 2451.1
1351790 2441.9
1351800 2437.4
1351810 2429.6
1351820 2421.3
1351830 2421.3
1351840 2411.3
1351850 2403.0
1351860 2403.0
1351870 2395.6
1351880 2390.2
1351890 2390.2
1351900 2383.5
1351910 2376.5
1351920 2376.5
1351930 2368.4
1351940 2361.0
1351950 2361.0
1351960 2355.6
1351970 2350.0
1351980 2350.0
1351990 2344.1
1352000 2337.5
1352010 2331.7
1352020 2331.7
1352030 2324.8
1352040 2315.4
1352050 2315.4
1352060 2303.7
1352070 2293.9
1352080 2293.9
1352090 2285.2
1352100 2276.3
1352110 2276.3
1352120 2267.0
1352130 2256.5
1352140 2256.5
1352150 2241.5
1352160 2226.3
1352170 2226.3
1352180 2222.2
1352190 2215.1
1352200 2215.1
1352210 2209.2
1352220 2203.8
1352230 2198.0
1352240 2198.0
1352250 2192.0
1352260 2186.6
1352270 2186.6
1352280 2180.5
1352290 2175.3
1352300 2175.3
1352310 2170.7
1352320 2164.6
1352330 2164.6
1352340 2158.9
1352350 2153.7
1352360 2153.7
1352370 2149.6
1352380 2142.8
1352390 2142.8
1352400 2137.1
1352410 2132.0
1352420 2132.0
1352430 2126.6
1352440 2121.1
1352450 2115.1
1352460 2115.1
1352470 2109.3
1352480 2103.8
1352490 2103.8
1352500 2099.0
1352510 2092.3
1352520 2092.3
1352530 2086.6
1352540 2080.3
1352550 2080.3
1352560 2075.3
1352570 2071.5
1352580 2071.5
1352590 2068.9
1352600 2070.1
1352610 2070.1
1352620 2070.1
1352630 2069.6
1352640 2069.6
1352650 2069.8
1352660 2068.6
1352670 2067.2
1352680 2067.2
1352690 2066.8
1352700 2066.4
1352710 2066.4
1352720 2064.4
1352730 2062.6
1352740 2062.6
1352750 2062.2
1352760 2062.1
1352770 2062.1
1352780 2062.5
1352790 2062.8
1352800 2062.8
1352810 2062.5
1352820 2062.1
1352830 2062.1
1352840 2063.1
1352850 2063.7
1352860 2063.7
1352870 2064.5
1352880 2065.7
1352890 2067.3
1352900 2067.3
1352910 2068.8
1352920 2071.6
1352930 2071.6
1352940 2075.0
1352950 2079.4
1352960 2079.4
1352970 2085.8
1352980 2091.2
1352990 2091.2
1353000 2096.4
1353010 2103.3
1353020 2103.3
1353030 2111.5
1353040 2119.6
1353050 2119.6
1353060 2126.4
1353070 2133.9
1353080 2133.9
1353090 2142.2
1353100 2150.1
1353110 2158.4
1353120 2158.4
1353130 2167.8
1353140 2178.2
1353150 2178.2
1353160 2186.7
1353170 2194.7
1353180 2194.7
1353190 2201.8
1353200 2209.7
1353210 2209.7
1353220 2217.8
1353230 2224.8
1353240 2224.8
1353250 2231.4
1353260 2237.5
1353270 2237.5
1353280 2242.3
1353290 2247.0
1353300 2247.0
1353310 2252.1
1353320 2258.6
1353330 2264.7
1353340 2264.7
1353350 2269.6
1353360 2274.6
1353370 2274.6
1353380 2279.3
1353390 2284.6
1353400 2284.6
1353410 2290.3
1353420 2295.9
1353430 2295.9
1353440 2302.3
1353450 2308.3
1353460 2308.3
1353470 2311.9
1353480 2315.0
1353490 2315.0
1353500 2318.4
1353510 2322.5
1353520 2322.5
1353530 2326.2
1353540 2330.3
1353550 2335.6
1353560 2335.6
1353570 2340.9
1353580 2345.4
1353590 2345.4
1353600 2349.4
1353610 2354.1
1353620 2354.1
1353630 2358.8
1353640 2363.9
1353650 2363.9
1353660 2369.6
1353670 2375.2
1353680 2375.2
1353690 2380.6
1353700 2386.3
1353710 2386.3
1353720 2394.2
1353730 2400.5
1353740 2400.5
1353750 2406.1
1353760 2412.2
1353770 2418.3
1353780 2418.3
1353790 2422.5
1353800 2427.1
1353810 2427.1
1353820 2431.2
1353830 2435.4
1353840 2435.4
1353850 2440.5
1353860 2442.9
1353870 2442.9
1353880 2445.3
1353890 2446.6
1353900 2446.6
1353910 2447.6
1353920 2449.0
1353930 2449.0
1353940 2451.0
1353950 2451.3
1353960 2451.3
1353970 2452.3
1353980 2454.7
1353990 2457.1
1354000 2457.1
1354010 2457.3
1354020 2457.8
1354030 2457.8
1354040 2458.8
1354050 2460.2
1354060 2460.2
1354070 2462.3
1354080 2463.9
1354090 2463.9
1354100 2466.0
1354110 2471.6
1354120 2471.6
1354130 2479.5
1354140 2487.3
1354150 2487.3
1354160 2493.6
1354170 2499.4
1354180 2499.4
1354190 2503.6
1354200 2507.2
1354210 2510.5
1354220 2510.5
1354230 2515.5
1354240 2519.5
1354250 2519.5
1354260 2523.5
1354270 2526.3
1354280 2526.3
1354290 2529.8
1354300 2535.5
1354310 2535.5
1354320 2544.4
1354330 2549.4
1354340 2549.4
1354350 2552.7
1354360 2554.8
1354370 2554.8
1354380 2556.4
1354390 2557.2
1354400 2557.2
1354410 2558.2
1354420 2559.6
1354430 2559.6
1354440 2562.8
1354450 2565.0
1354460 2567.3
1354470 2567.3
1354480 2571.4
1354490 2574.2
1354500 2574.2
1354510 2575.0
1354520 2577.5
1354530 2577.5
1354540 2580.0
1354550 2582.7
1354560 2582.7
1354570 2586.5
1354580 2589.3
1354590 2589.3
1354600 2594.8
1354610 2601.8
1354620 2601.8
1354630 2605.7
1354640 2609.1
1354650 2609.1
1354660 2611.3
1354670 2611.9
1354680 2612.5
1354690 2612.5
1354700 2615.7
1354710 2617.9
1354720 2617.9
1354730 2618.6
1354740 2621.0
1354750 2621.0
1354760 2623.0
1354770 2625.1
1354780 2625.1
1354790 2627.8
1354800 2630.0
1354810 2630.0
1354820 2630.8
1354830 2632.8
1354840 2632.8
1354850 2635.7
1354860 2637.4
1354870 2637.4
1354880 2640.9
1354890 2644.9
1354900 2649.5
1354910 2649.5
1354920 2653.0
1354930 2656.9
1354940 2656.9
1354950 2661.1
1354960 2665.4
1354970 2665.4
1354980 2668.7
1354990 2674.3
1355000 2674.3
1355010 2679.7
1355020 2683.4
1355030 2683.4
1355040 2688.6
1355050 2690.4
1355060 2690.4
1355070 2692.1
1355080 2695.1
1355090 2695.1
1355100 2699.8
1355110 2703.5
1355120 2707.5
1355130 2707.5
1355140 2711.9
1355150 2714.1
1355160 2714.1
1355170 2717.3
1355180 2719.6
1355190 2719.6
1355200 2722.6
1355210 2726.5
1355220 2726.5
1355230 2730.7
1355240 2734.8
1355250 2734.8
1355260 2739.7
1355270 2743.1
1355280 2743.1
1355290 2747.4
1355300 2754.4
1355310 2754.4
1355320 2761.2
1355330 2766.6
1355340 2772.1
1355350 2772.1
1355360 2777.1
1355370 2783.6
1355380 2783.6
1355390 2793.9
1355400 2800.9
1355410 2800.9
1355420 2805.1
1355430 2811.5
1355440 2811.5
1355450 2819.9
1355460 2829.8
1355470 2829.8
1355480 2825.6
1355490 2814.9
1355500 2814.9
1355510 2804.6
1355520 2794.8
1355530 2794.8
1355540 2783.8
1355550 2774.6
1355560 2765.3
1355570 2765.3
1355580 2754.1
1355590 2745.3
1355600 2745.3
1355610 2737.1
1355620 2724.4
1355630 2724.4
1355640 2699.0
1355650 2682.8
1355660 2682.8
1355670 2670.4
1355680 2664.0
1355690 2664.0
1355700 2649.6
1355710 2641.1
1355720 2641.1
1355730 2635.2
1355740 2630.3
1355750 2630.3
1355760 2625.4
1355770 2620.5
1355780 2616.3
1355790 2616.3
1355800 2612.7
1355810 2610.5
1355820 2610.5
1355830 2608.1
1355840 2604.5
1355850 2604.5
1355860 2601.3
1355870 2599.0
1355880 2599.0
1355890 2595.8
1355900 2592.1
1355910 2592.1
1355920 2588.2
1355930 2584.6
1355940 2584.6
1355950 2581.5
1355960 2577.9
1355970 2577.9
1355980 2573.3
1355990 2569.5
1356000 2567.5
1356010 2567.5
1356020 2567.3
1356030 2567.3
1356040 2567.3
1356050 2567.6
1356060 2567.4
1356070 2567.4
1356080 2568.0
1356090 2569.3
1356100 2569.3
1356110 2570.7
1356120 2571.0
1356130 2571.0
1356140 2571.4
1356150 2571.6
1356160 2571.6
1356170 2571.4
1356180 2571.4
1356190 2571.4
1356200 2571.5
1356210 2571.8
1356220 2573.4
1356230 2573.4
1356240 2575.8
1356250 2577.1
1356260 2577.1
1356270 2577.9
1356280 2577.5
1356290 2577.5
1356300 2578.4
1356310 2578.5
1356320 2578.5
1356330 2577.8
1356340 2576.4
1356350 2576.4
1356360 2574.5
1356370 2572.0
1356380 2572.0
1356390 2569.4
1356400 2567.3
1356410 2567.3
1356420 2564.8
1356430 2561.7
1356440 2558.8
1356450 2558.8
1356460 2555.5
1356470 2553.2
1356480 2553.2
1356490 2551.9
1356500 2551.0
1356510 2551.0
1356520 2551.2
1356530 2549.4
1356540 2549.4
1356550 2547.8
1356560 2546.6
1356570 2546.6
1356580 2545.5
1356590 2544.1
1356600 2544.1
1356610 2542.5
1356620 2540.1
1356630 2540.1
1356640 2537.1
1356650 2534.6
1356660 2533.7
1356670 2538.1
1356680 2539.0
1356690 2540.4
1356700 2540.4
1356710 2541.3
1356720 2543.2
1356730 2543.2
1356740 2544.1
1356750 2544.5
1356760 2544.5
1356770 2543.0
1356780 2542.6
1356790 2542.6
1356800 2545.1
1356810 2547.4
1356820 2547.4
1356830 2547.5
1356840 2549.0
1356850 2549.0
1356860 2549.0
1356870 2551.7
1356880 2553.7
1356890 2553.7
1356900 2553.9
1356910 2555.7
1356920 2555.7
1356930 2556.7
1356940 2556.6
1356950 2556.6
1356960 2557.0
1356970 2557.7
1356980 2557.7
1356990 2557.2
1357000 2557.0
1357010 2557.0
1357020 2556.8
1357030 2555.7
1357040 2555.7
1357050 2555.8
1357060 2556.1
1357070 2556.1
1357080 2554.8
1357090 2553.1
1357100 2551.3
1357110 2551.3
1357120 2552.1
1357130 2553.0
1357140 2553.0
1357150 2552.5
1357160 2551.4
1357170 2551.4
1357180 2552.0
1357190 2553.8
1357200 2553.8
1357210 2554.0
1357220 2552.5
1357230 2552.5
1357240 2550.1
1357250 2548.8
1357260 2548.8
1357270 2547.5
1357280 2548.0
1357290 2548.0
1357300 2550.5
1357310 2554.9
1357320 2561.2
1357330 2561.2
1357340 2573.2
1357350 2608.4
1357360 2608.4
1357370 2620.8
1357380 2606.5
1357390 2606.5
1357400 2584.4
1357410 2560.2
1357420 2560.2
1357430 2550.0
1357440 2543.5
1357450 2543.5
1357460 2538.2
1357470 2534.5
1357480 2534.5
1357490 2531.1
1357500 2527.9
1357510 2527.9
1357520 2524.2
1357530 2520.1
1357540 2516.4
1357550 2516.4
1357560 2512.5
1357570 2509.0
1357580 2509.0
1357590 2506.8
1357600 2504.3
1357610 2504.3
1357620 2502.2
1357630 2499.8
1357640 2499.8
1357650 2496.7
1357660 2492.3
1357670 2493.2
1357680 2490.4
1357690 2487.9
1357700 2487.9
1357710 2486.5
1357720 2488.7
1357730 2488.7
1357740 2489.9
1357750 2485.7
1357760 2479.1
1357770 2479.1
1357780 2473.7
1357790 2469.4
1357800 2469.4
1357810 2466.0
1357820 2463.1
1357830 2463.1
1357840 2459.5
1357850 2456.2
1357860 2456.2
1357870 2453.0
1357880 2449.3
1357890 2449.3
1357900 2444.2
1357910 2440.3
1357920 2440.3
1357930 2437.1
1357940 2432.7
1357950 2432.7
1357960 2427.6
1357970 2420.1
1357980 2414.8
1357990 2414.8
1358000 2410.5
1358010 2406.6
1358020 2406.6
1358030 2402.5
1358040 2399.2
1358050 2399.2
1358060 2396.0
1358070 2392.8
1358080 2392.8
1358090 2389.9
1358100 2387.4
1358110 2387.4
1358120 2382.0
1358130 2377.4
1358140 2377.4
1358150 2375.0
1358160 2372.9
1358170 2372.9
1358180 2371.0
1358190 2368.1
1358200 2364.8
1358210 2364.8
1358220 2361.3
1358230 2359.4
1358240 2359.4
1358250 2356.4
1358260 2353.2
1358270 2353.2
1358280 2349.5
1358290 2348.0
1358300 2348.0
1358310 2345.8
1358320 2342.9
1358330 2342.9
1358340 2340.7
1358350 2339.6
1358360 2339.6
1358370 2338.0
1358380 2337.0
1358390 2337.0
1358400 2338.3
1358410 2338.7
1358420 2338.7
1358430 2336.4
1358440 2336.6
1358450 2336.4
1358460 2336.4
1358470 2334.7
1358480 2332.4
1358490 2332.4
1358500 2329.1
1358510 2326.8
1358520 2326.8
1358530 2323.6
1358540 2320.2
1358550 2320.2
1358560 2317.7
1358570 2316.0
1358580 2316.0
1358590 2315.2
1358600 2314.0
1358610 2314.0
1358620 2313.0
1358630 2312.2
1358640 2312.2
1358650 2309.5
1358660 2305.2
1358670 2300.9
1358680 2302.9
1358690 2300.8
1358700 2298.6
1358710 2298.6
1358720 2297.9
1358730 2295.5
1358740 2295.5
1358750 2293.7
1358760 2292.1
1358770 2292.1
1358780 2289.5
1358790 2289.0
1358800 2289.0
1358810 2289.1
1358820 2289.3
1358830 2289.3
1358840 2289.1
1358850 2289.6
1358860 2289.6
1358870 2286.9
1358880 2285.7
1358890 2284.4
1358900 2284.4
1358910 2283.0
1358920 2280.8
1358930 2280.8
1358940 2278.9
1358950 2277.7
1358960 2277.7
1358970 2276.6
1358980 2276.4
1358990 2276.4
1359000 2274.9
1359010 2271.6
1359020 2271.6
1359030 2268.8
1359040 2265.5
1359050 2265.5
1359060 2261.8
1359070 2259.1
1359080 2259.1
1359090 2256.9
1359100 2255.4
1359110 2254.1
1359120 2254.1
1359130 2252.0
1359140 2249.2
1359150 2249.2
1359160 2245.9
1359170 2241.4
1359180 2241.4
1359190 2235.3
1359200 2231.6
1359210 2231.6
1359220 2230.9
1359230 2229.3
1359240 2229.3
1359250 2226.3
1359260 2223.4
1359270 2223.4
1359280 2220.9
1359290 2219.8
1359300 2219.8
1359310 2216.8
1359320 2213.7
1359330 2210.7
1359340 2210.7
1359350 2208.3
1359360 2206.2
1359370 2206.2
1359380 2204.1
1359390 2203.0
1359400 2203.0
1359410 2201.1
1359420 2199.6
1359430 2199.6
1359440 2197.8
1359450 2194.8
1359460 2194.8
1359470 2188.7
1359480 2179.9
1359490 2179.9
1359500 2173.8
1359510 2166.7
1359520 2166.7
1359530 2155.1
1359540 2139.7
1359550 2126.9
1359560 2126.9
1359570 2115.4
1359580 2082.1
1359590 2082.1
1359600 2058.7
1359610 2046.8
1359620 2046.8
1359630 2039.0
1359640 2040.9
1359650 2040.9
1359660 2061.0
1359670 2075.1
1359680 2075.1
1359690 2091.7
1359700 2094.1
1359710 2094.1
1359720 2099.5
1359730 2101.5
1359740 2101.5
1359750 2100.8
1359760 2098.4
1359770 2097.6
1359780 2097.6
1359790 2099.8
1359800 2100.4
1359810 2100.4
1359820 2097.2
1359830 2088.1
1359840 2088.1
1359850 2069.8
1359860 2053.6
1359870 2053.6
1359880 2055.3
1359890 2057.4
1359900 2057.4
1359910 2043.6
1359920 2018.4
1359930 2018.4
1359940 2000.8
1359950 1988.5
1359960 1988.5
1359970 1980.7
1359980 1976.7
1359990 1976.8
