1340000 2149.0
1340010 2143.3
1340020 2143.3
1340030 2139.4
1340040 2134.9
1340050 2134.9
1340060 2126.7
1340070 2120.0
1340080 2114.6
1340090 2114.6
1340100 2109.9
1340110 2105.5
1340120 2105.5
1340130 2100.3
1340140 2094.8
1340150 2094.8
1340160 2089.3
1340170 2083.2
1340180 2083.2
1340190 2076.5
1340200 2070.5
1340210 2070.5
1340220 2065.4
1340230 2060.3
1340240 2060.3
1340250 2056.3
1340260 2050.8
1340270 2050.8
1340280 2046.6
1340290 2043.2
1340300 2042.1
1340310 2042.1
1340320 2038.4
1340330 2034.1
1340340 2034.1
1340350 2031.0
1340360 2027.9
1340370 2027.9
1340380 2025.2
1340390 2022.8
1340400 2022.8
1340410 2019.9
1340420 2017.3
1340430 2017.3
1340440 2011.7
1340450 2011.8
1340460 2011.8
1340470 2006.0
1340480 1998.2
1340490 1998.2
1340500 1989.6
1340510 1982.0
1340520 1975.6
1340530 1975.6
1340540 1970.5
1340550 1969.8
1340560 1969.8
1340570 1962.5
1340580 1948.1
1340590 1948.1
1340600 1935.6
1340610 1925.1
1340620 1925.1
1340630 1918.3
1340640 1914.1
1340650 1914.1
1340660 1906.3
1340670 1898.4
1340680 1898.4
1340690 1890.2
1340700 1878.6
1340710 1878.6
1340720 1867.5
1340730 1859.9
1340740 1855.4
1340750 1855.4
1340760 1848.1
1340770 1836.0
1340780 1836.0
1340790 1825.4
1340800 1820.3
1340810 1820.3
1340820 1814.6
1340830 1808.5
1340840 1808.5
1340850 1802.7
1340860 1796.8
1340870 1796.8
1340880 1789.9
1340890 1782.9
1340900 1782.9
1340910 1776.5
1340920 1769.6
1340930 1769.6
1340940 1766.3
1340950 1766.6
1340960 1766.5
1340970 1766.5
1340980 1766.5
1340990 1767.0
1341000 1767.0
1341010 1767.8
1341020 1767.0
1341030 1767.0
1341040 1768.7
1341050 1769.5
1341060 1769.5
1341070 1770.3
1341080 1772.6
1341090 1772.6
1341100 1775.4
1341110 1778.4
1341120 1778.4
1341130 1781.5
1341140 1785.9
1341150 1785.9
1341160 1792.0
1341170 1797.9
1341180 1804.0
1341190 1804.0
1341200 1810.0
1341210 1815.8
1341220 1815.8
1341230 1822.2
1341240 1829.1
1341250 1829.1
1341260 1835.9
1341270 1843.1
1341280 1843.1
1341290 1850.7
1341300 1858.3
1341310 1858.3
1341320 1866.6
1341330 1877.4
1341340 1877.2
1341350 1885.8
1341360 1894.9
1341370 1894.9
1341380 1906.2
1341390 1914.3
1341400 1924.3
1341410 1924.3
1341420 1929.1
1341430 1936.0
1341440 1936.0
1341450 1945.8
1341460 1956.8
1341470 1956.8
1341480 1966.7
1341490 1975.5
1341500 1975.5
1341510 1987.4
1341520 2000.8
1341530 2000.8
1341540 2009.8
1341550 2012.6
1341560 2012.6
1341570 2007.0
1341580 1998.4
1341590 1998.4
1341600 1992.6
1341610 1988.9
1341620 1988.9
1341630 1989.0
1341640 1991.0
1341650 1993.8
1341660 1993.8
1341670 1998.3
1341680 2004.6
1341690 2004.6
1341700 2013.2
1341710 2022.4
1341720 2022.4
1341730 2031.4
1341740 2041.0
1341750 2041.0
1341760 2051.1
1341770 2060.9
1341780 2060.9
1341790 2070.7
1341800 2077.5
1341810 2077.5
1341820 2085.4
1341830 2094.3
1341840 2094.3
1341850 2102.5
1341860 2110.8
1341870 2119.8
1341880 2119.8
1341890 2128.6
1341900 2136.2
1341910 2136.2
1341920 2143.6
1341930 2150.0
1341940 2150.0
1341950 2156.2
1341960 2162.8
1341970 2162.8
1341980 2168.4
1341990 2174.1
1342000 2174.1
1342010 2180.1
1342020 2185.4
1342030 2185.4
1342040 2190.7
1342050 2196.1
1342060 2196.1
1342070 2201.5
1342080 2207.3
1342090 2213.0
1342100 2213.0
1342110 2219.4
1342120 2225.8
1342130 2225.8
1342140 2232.0
1342150 2238.4
1342160 2238.4
1342170 2245.3
1342180 2252.4
1342190 2252.4
1342200 2260.3
1342210 2267.0
1342220 2267.0
1342230 2280.4
1342240 2288.3
1342250 2288.3
1342260 2295.5
1342270 2301.9
1342280 2301.9
1342290 2307.6
1342300 2313.3
1342310 2318.7
1342320 2318.7
1342330 2323.1
1342340 2326.9
1342350 2326.9
1342360 2331.2
1342370 2335.6
1342380 2335.6
1342390 2339.9
1342400 2344.4
1342410 2344.4
1342420 2348.7
1342430 2353.3
1342440 2353.3
1342450 2357.1
1342460 2359.4
1342470 2359.4
1342480 2362.7
1342490 2367.0
1342500 2367.0
1342510 2372.7
1342520 2378.4
1342530 2383.5
1342540 2383.5
1342550 2387.2
1342560 2389.1
1342570 2389.1
1342580 2390.4
1342590 2393.4
1342600 2393.4
1342610 2397.4
1342620 2401.3
1342630 2401.3
1342640 2405.1
1342650 2409.0
1342660 2409.0
1342670 2412.5
1342680 2416.7
1342690 2416.7
1342700 2421.2
1342710 2425.0
1342720 2425.0
1342730 2428.7
1342740 2432.2
1342750 2435.9
1342760 2435.9
1342770 2439.2
1342780 2443.0
1342790 2443.0
1342800 2446.9
1342810 2451.2
1342820 2451.2
1342830 2455.6
1342840 2459.4
1342850 2459.4
1342860 2461.1
1342870 2463.0
1342880 2463.0
1342890 2466.0
1342900 2468.7
1342910 2468.7
1342920 2471.4
1342930 2473.9
1342940 2473.9
1342950 2476.6
1342960 2479.7
1342970 2482.8
1342980 2482.8
1342990 2485.8
1343000 2488.5
1343010 2488.5
1343020 2491.0
1343030 2492.5
1343040 2492.5
1343050 2494.1
1343060 2496.6
1343070 2496.6
1343080 2499.5
1343090 2502.1
1343100 2502.1
1343110 2504.4
1343120 2507.1
1343130 2507.1
1343140 2509.7
1343150 2512.5
1343160 2512.5
1343170 2515.9
1343180 2518.5
1343190 2520.7
1343200 2520.7
1343210 2523.6
1343220 2524.4
1343230 2524.4
1343240 2525.9
1343250 2527.5
1343260 2527.5
1343270 2529.3
1343280 2531.1
1343290 2531.1
1343300 2532.9
1343310 2534.5
1343320 2534.5
1343330 2536.3
1343340 2538.0
1343350 2538.0
1343360 2538.9
1343370 2540.0
1343380 2540.0
1343390 2541.6
1343400 2543.5
1343410 2544.8
1343420 2544.8
1343430 2545.6
1343440 2545.6
1343450 2545.6
1343460 2545.9
1343470 2547.3
1343480 2547.3
1343490 2549.1
1343500 2551.2
1343510 2551.2
1343520 2553.0
1343530 2554.6
1343540 2554.6
1343550 2556.7
1343560 2559.6
1343570 2559.6
1343580 2562.3
1343590 2564.3
1343600 2564.3
1343610 2567.1
1343620 2569.9
1343630 2572.7
1343640 2572.7
1343650 2575.5
1343660 2578.6
1343670 2578.6
1343680 2581.6
1343690 2584.3
1343700 2584.3
1343710 2588.1
1343720 2592.0
1343730 2592.0
1343740 2596.0
1343750 2599.9
1343760 2599.9
1343770 2604.0
1343780 2608.2
1343790 2608.2
1343800 2612.8
1343810 2617.5
1343820 2617.5
1343830 2622.2
1343840 2627.5
1343850 2633.6
1343860 2633.6
1343870 2639.3
1343880 2645.1
1343890 2645.1
1343900 2651.4
1343910 2657.4
1343920 2657.4
1343930 2662.7
1343940 2667.3
1343950 2667.3
1343960 2671.6
1343970 2675.8
1343980 2675.8
1343990 2680.4
1344000 2685.2
1344010 2685.2
1344020 2686.7
1344030 2694.1
1344040 2694.1
1344050 2704.2
1344060 2717.2
1344070 2734.5
1344080 2734.5
1344090 2748.0
1344100 2759.9
1344110 2759.9
1344120 2770.8
1344130 2781.5
1344140 2781.5
1344150 2788.7
1344160 2796.1
1344170 2796.1
1344180 2814.5
1344190 2842.0
1344200 2842.0
1344210 2853.3
1344220 2863.6
1344230 2863.6
1344240 2873.1
1344250 2885.5
1344260 2885.5
1344270 2892.5
1344280 2882.0
1344290 2872.3
1344300 2872.3
1344310 2864.0
1344320 2855.9
1344330 2855.9
1344340 2844.7
1344350 2832.6
1344360 2832.6
1344370 2820.8
1344380 2809.6
1344390 2809.6
1344400 2797.5
1344410 2785.3
1344420 2785.3
1344430 2773.9
1344440 2762.7
1344450 2762.7
1344460 2751.0
1344470 2739.1
1344480 2739.1
1344490 2726.5
1344500 2712.2
1344510 2697.2
1344520 2697.2
1344530 2677.4
1344540 2658.6
1344550 2658.6
1344560 2642.7
1344570 2621.3
1344580 2621.3
1344590 2604.5
1344600 2596.6
1344610 2596.6
1344620 2589.1
1344630 2582.3
1344640 2582.3
1344650 2576.7
1344660 2571.2
1344670 2571.2
1344680 2565.7
1344690 2561.1
1344700 2561.1
1344710 2557.1
1344720 2553.5
1344730 2550.6
1344740 2550.6
1344750 2548.2
1344760 2546.1
1344770 2546.1
1344780 2544.5
1344790 2543.7
1344800 2543.7
1344810 2542.3
1344820 2540.4
1344830 2540.4
1344840 2538.5
1344850 2537.4
1344860 2537.4
1344870 2537.4
1344880 2537.2
1344890 2537.2
1344900 2536.4
1344910 2535.2
1344920 2535.2
1344930 2538.0
1344940 2538.1
1344950 2538.1
1344960 2539.2
1344970 2541.5
1344980 2542.7
1344990 2542.7
1345000 2542.4
1345010 2541.9
1345020 2541.9
1345030 2540.6
1345040 2540.5
1345050 2540.5
1345060 2538.5
1345070 2532.8
1345080 2532.8
1345090 2527.1
1345100 2521.9
1345110 2521.9
1345120 2517.3
1345130 2512.8
1345140 2512.8
1345150 2508.7
1345160 2505.0
1345170 2505.0
1345180 2501.7
1345190 2498.8
1345200 2495.4
1345210 2495.4
1345220 2492.4
1345230 2489.0
1345240 2489.0
1345250 2485.7
1345260 2482.3
1345270 2482.3
1345280 2479.9
1345290 2478.6
1345300 2478.6
1345310 2477.1
1345320 2475.1
1345330 2475.1
1345340 2473.1
1345350 2471.3
1345360 2471.3
1345370 2469.2
1345380 2466.7
1345390 2466.7
1345400 2463.7
1345410 2461.7
1345420 2459.8
1345430 2459.8
1345440 2457.5
1345450 2455.4
1345460 2455.4
1345470 2453.7
1345480 2452.0
1345490 2452.0
1345500 2450.3
1345510 2447.8
1345520 2447.8
1345530 2445.4
1345540 2443.0
1345550 2443.0
1345560 2440.2
1345570 2437.9
1345580 2437.9
1345590 2436.7
1345600 2434.5
1345610 2434.5
1345620 2432.1
1345630 2427.0
1345640 2422.4
1345650 2422.4
1345660 2419.7
1345670 2418.0
1345680 2418.0
1345690 2416.3
1345700 2415.3
1345710 2415.3
1345720 2414.0
1345730 2412.4
1345740 2412.4
1345750 2409.0
1345760 2404.2
1345770 2404.2
1345780 2402.6
1345790 2403.1
1345800 2403.1
1345810 2402.1
1345820 2399.3
1345830 2399.3
1345840 2400.2
1345850 2397.7
1345860 2394.5
1345870 2394.5
1345880 2390.5
1345890 2386.6
1345900 2386.6
1345910 2383.9
1345920 2382.6
1345930 2382.6
1345940 2378.5
1345950 2373.8
1345960 2373.8
1345970 2369.6
1345980 2366.3
1345990 2366.3
1346000 2362.4
1346010 2358.5
1346020 2358.5
1346030 2354.9
1346040 2350.8
1346050 2350.8
1346060 2347.3
1346070 2345.6
1346080 2343.5
1346090 2343.5
1346100 2341.6
1346110 2340.4
1346120 2340.4
1346130 2338.6
1346140 2335.4
1346150 2335.4
1346160 2332.6
1346170 2329.1
1346180 2329.1
1346190 2325.8
1346200 2322.3
1346210 2322.3
1346220 2320.1
1346230 2317.3
1346240 2317.3
1346250 2313.9
1346260 2310.3
1346270 2310.3
1346280 2305.3
1346290 2297.5
1346300 2287.3
1346310 2287.3
1346320 2276.0
1346330 2269.2
1346340 2269.2
1346350 2268.7
1346360 2267.0
1346370 2267.0
1346380 2264.8
1346390 2263.0
1346400 2263.0
1346410 2254.6
1346420 2241.6
1346430 2241.6
1346440 2231.9
1346450 2218.2
1346460 2218.2
1346470 2205.3
1346480 2199.2
1346490 2199.2
1346500 2191.3
1346510 2183.3
1346520 2175.3
1346530 2175.3
1346540 2166.9
1346550 2158.1
1346560 2158.1
1346570 2150.1
1346580 2140.9
1346590 2140.9
1346600 2132.3
1346610 2124.5
1346620 2124.5
1346630 2116.3
1346640 2107.2
1346650 2107.2
1346660 2098.3
1346670 2090.1
1346680 2090.1
1346690 2081.2
1346700 2071.6
1346710 2071.6
1346720 2062.8
1346730 2054.5
1346740 2045.5
1346750 2045.5
1346760 2038.0
1346770 2032.7
1346780 2032.7
1346790 2026.7
1346800 2020.2
1346810 2020.2
1346820 2014.0
1346830 2008.0
1346840 2008.0
1346850 2002.0
1346860 1995.4
1346870 1995.4
1346880 1988.8
1346890 1983.0
1346900 1983.0
1346910 1977.2
1346920 1971.7
1346930 1971.7
1346940 1966.3
1346950 1961.0
1346960 1955.8
1346970 1955.8
1346980 1950.9
1346990 1946.4
1347000 1946.4
1347010 1942.4
1347020 1939.8
1347030 1939.8
1347040 1939.3
1347050 1939.8
1347060 1939.8
1347070 1939.6
1347080 1938.5
1347090 1938.5
1347100 1938.5
1347110 1937.8
1347120 1937.8
1347130 1938.8
1347140 1939.1
1347150 1939.1
1347160 1938.9
1347170 1939.3
1347180 1941.2
1347190 1941.2
1347200 1943.9
1347210 1946.8
1347220 1946.8
1347230 1949.7
1347240 1953.0
1347250 1953.0
1347260 1957.0
1347270 1960.8
1347280 1960.8
1347290 1965.0
1347300 1969.7
1347310 1969.7
1347320 1974.7
1347330 1979.5
1347340 1979.5
1347350 1983.8
1347360 1988.2
1347370 1988.2
1347380 1993.2
1347390 1998.2
1347400 2002.9
1347410 2002.9
1347420 2007.4
1347430 2012.0
1347440 2012.0
1347450 2016.8
1347460 2021.8
1347470 2021.8
1347480 2026.9
1347490 2031.9
1347500 2031.9
1347510 2036.1
1347520 2040.1
1347530 2040.1
1347540 2044.3
1347550 2049.7
1347560 2049.7
1347570 2056.4
1347580 2064.8
1347590 2064.8
1347600 2073.2
1347610 2081.4
1347620 2089.1
1347630 2089.1
1347640 2097.3
1347650 2105.6
1347660 2105.6
1347670 2113.4
1347680 2119.1
1347690 2119.1
1347700 2125.4
1347710 2130.5
1347720 2130.5
1347730 2137.1
1347740 2146.4
1347750 2146.4
1347760 2155.1
1347770 2162.2
1347780 2162.2
1347790 2169.7
1347800 2176.8
1347810 2176.8
1347820 2183.7
1347830 2191.4
1347840 2199.0
1347850 2199.0
1347860 2207.4
1347870 2216.0
1347880 2216.0
1347890 2223.5
1347900 2230.7
1347910 2230.7
1347920 2238.9
1347930 2246.6
1347940 2246.6
1347950 2253.8
1347960 2262.3
1347970 2262.3
1347980 2273.1
1347990 2282.3
1348000 2282.3
1348010 2290.4
1348020 2299.0
1348030 2299.0
1348040 2306.6
1348050 2314.8
1348060 2324.0
1348070 2324.0
1348080 2333.2
1348090 2342.0
1348100 2342.0
1348110 2350.8
1348120 2358.7
1348130 2358.7
1348140 2365.5
1348150 2371.7
1348160 2371.7
1348170 2376.6
1348180 2380.3
1348190 2380.3
1348200 2383.7
1348210 2387.3
1348220 2387.3
1348230 2390.9
1348240 2394.9
1348250 2394.9
1348260 2399.1
1348270 2403.7
1348280 2403.7
1348290 2408.1
1348300 2412.3
1348310 2416.5
1348320 2416.5
1348330 2420.5
1348340 2424.5
1348350 2424.5
1348360 2428.6
1348370 2432.6
1348380 2432.6
1348390 2436.7
1348400 2440.7
1348410 2440.7
1348420 2444.3
1348430 2447.8
1348440 2447.8
1348450 2451.3
1348460 2455.2
1348470 2455.2
1348480 2459.0
1348490 2462.6
1348500 2462.6
1348510 2465.3
1348520 2467.9
1348530 2470.7
1348540 2470.7
1348550 2473.2
1348560 2476.3
1348570 2476.3
1348580 2480.0
1348590 2483.8
1348600 2483.8
1348610 2485.5
1348620 2490.3
1348630 2490.3
1348640 2495.4
1348650 2499.4
1348660 2499.4
1348670 2503.5
1348680 2506.9
1348690 2506.9
1348700 2509.4
1348710 2512.2
1348720 2512.2
1348730 2514.9
1348740 2516.4
1348750 2518.3
1348760 2518.3
1348770 2522.8
1348780 2528.6
1348790 2528.6
1348800 2533.1
1348810 2536.0
1348820 2536.0
1348830 2537.4
1348840 2539.5
1348850 2539.5
1348860 2542.1
1348870 2544.3
1348880 2544.3
1348890 2547.7
1348900 2548.9
1348910 2548.9
1348920 2548.9
1348930 2549.8
1348940 2549.8
1348950 2552.3
1348960 2555.4
1348970 2559.2
1348980 2559.2
1348990 2565.7
1349000 2571.6
1349010 2571.6
1349020 2575.3
1349030 2578.0
1349040 2578.0
1349050 2580.8
1349060 2583.4
1349070 2583.4
1349080 2585.8
1349090 2588.1
1349100 2588.1
1349110 2590.0
1349120 2592.0
1349130 2592.0
1349140 2594.1
1349150 2596.6
1349160 2596.6
1349170 2599.2
1349180 2602.1
1349190 2604.8
1349200 2604.8
1349210 2608.4
1349220 2612.1
1349230 2612.1
1349240 2615.0
1349250 2617.7
1349260 2617.7
1349270 2619.9
1349280 2622.4
1349290 2622.4
1349300 2626.0
1349310 2630.1
1349320 2630.1
1349330 2634.1
1349340 2637.4
1349350 2637.4
1349360 2641.3
1349370 2645.8
1349380 2645.8
1349390 2650.3
1349400 2654.4
1349410 2659.6
1349420 2659.6
1349430 2665.0
1349440 2670.5
1349450 2670.5
1349460 2676.2
1349470 2680.4
1349480 2680.4
1349490 2684.6
1349500 2688.5
1349510 2688.5
1349520 2692.4
1349530 2696.5
1349540 2696.5
1349550 2699.1
1349560 2703.8
1349570 2703.8
1349580 2709.0
1349590 2714.2
1349600 2714.2
1349610 2720.2
1349620 2726.3
1349630 2732.6
1349640 2732.6
1349650 2739.5
1349660 2753.6
1349670 2753.6
1349680 2761.3
1349690 2769.9
1349700 2769.9
1349710 2777.6
1349720 2783.8
1349730 2783.8
1349740 2790.7
1349750 2797.6
1349760 2797.6
1349770 2804.0
1349780 2813.4
1349790 2813.4
1349800 2828.6
1349810 2844.1
1349820 2844.1
1349830 2857.8
1349840 2870.3
1349850 2882.6
1349860 2882.6
1349870 2884.2
1349880 2870.4
1349890 2870.4
1349900 2852.7
1349910 2834.1
1349920 2834.1
1349930 2823.5
1349940 2816.5
1349950 2816.5
1349960 2810.5
1349970 2805.4
1349980 2805.4
1349990 2800.2
1350000 2794.3
1350010 2794.3
1350020 2788.7
1350030 2782.7
1350040 2782.7
1350050 2776.9
1350060 2770.6
1350070 2765.6
1350080 2765.6
1350090 2760.6
1350100 2755.6
1350110 2755.6
1350120 2751.2
1350130 2747.9
1350140 2747.9
1350150 2743.5
1350160 2740.4
1350170 2740.4
1350180 2736.1
1350190 2731.4
1350200 2731.4
1350210 2726.8
1350220 2721.7
1350230 2721.7
1350240 2716.6
1350250 2711.9
1350260 2711.9
1350270 2708.0
1350280 2704.8
1350290 2700.9
1350300 2700.9
1350310 2696.7
1350320 2693.4
1350330 2693.4
1350340 2689.5
1350350 2685.4
1350360 2685.4
1350370 2680.7
1350380 2676.9
1350390 2676.9
1350400 2674.1
1350410 2671.2
1350420 2671.2
1350430 2668.3
1350440 2666.0
1350450 2666.0
1350460 2664.4
1350470 2663.1
1350480 2663.1
1350490 2655.1
1350500 2653.4
1350510 2651.7
1350520 2651.7
1350530 2651.8
1350540 2651.7
1350550 2651.7
1350560 2649.8
1350570 2650.2
1350580 2650.2
1350590 2649.0
1350600 2648.2
1350610 2648.2
1350620 2649.6
1350630 2651.5
1350640 2651.5
1350650 2650.7
1350660 2650.7
1350670 2650.7
1350680 2650.9
1350690 2651.7
1350700 2651.7
1350710 2653.4
1350720 2655.1
1350730 2658.0
1350740 2658.0
1350750 2661.5
1350760 2664.2
1350770 2664.2
1350780 2668.3
1350790 2672.0
1350800 2672.0
1350810 2673.5
1350820 2674.9
1350830 2674.9
1350840 2678.2
1350850 2681.0
1350860 2681.0
1350870 2682.0
1350880 2682.9
1350890 2682.9
1350900 2684.1
1350910 2686.3
1350920 2686.3
1350930 2685.8
1350940 2684.5
1350950 2682.1
1350960 2682.1
1350970 2681.5
1350980 2679.7
1350990 2679.7
1351000 2677.7
1351010 2676.6
1351020 2676.6
1351030 2673.8
1351040 2671.4
1351050 2671.4
1351060 2669.3
1351070 2668.8
1351080 2668.8
1351090 2665.9
1351100 2662.2
1351110 2662.2
1351120 2658.6
1351130 2654.4
1351140 2654.4
1351150 2651.7
1351160 2648.9
1351170 2646.0
1351180 2646.0
1351190 2643.4
1351200 2641.0
1351210 2641.0
1351220 2638.6
1351230 2637.2
1351240 2637.2
1351250 2635.3
1351260 2633.3
1351270 2633.3
1351280 2629.8
1351290 2626.0
1351300 2626.0
1351310 2621.3
1351320 2619.4
1351330 2619.4
1351340 2617.2
1351350 2615.2
1351360 2615.2
1351370 2611.6
1351380 2608.0
1351390 2608.0
1351400 2603.6
1351410 2599.6
1351420 2595.4
1351430 2595.4
1351440 2591.4
1351450 2585.2
1351460 2585.2
1351470 2583.8
1351480 2582.8
1351490 2582.8
1351500 2580.6
1351510 2578.3
1351520 2578.3
1351530 2576.7
1351540 2576.7
1351550 2576.7
1351560 2575.7
1351570 2572.6
1351580 2572.6
1351590 2569.5
1351600 2565.9
1351610 2565.9
1351620 2562.7
1351630 2559.8
1351640 2556.4
1351650 2556.4
1351660 2554.9
1351670 2553.0
1351680 2553.0
1351690 2549.4
1351700 2546.1
1351710 2546.1
1351720 2541.5
1351730 2538.9
1351740 2538.9
1351750 2536.1
1351760 2533.2
1351770 2533.2
1351780 2531.5
1351790 2528.4
1351800 2528.4
1351810 2525.0
1351820 2523.0
1351830 2523.0
1351840 2519.2
1351850 2513.9
1351860 2508.3
1351870 2508.3
1351880 2502.4
1351890 2498.1
1351900 2498.1
1351910 2491.8
1351920 2484.3
1351930 2484.3
1351940 2477.3
1351950 2469.6
1351960 2469.6
1351970 2463.4
1351980 2457.5
1351990 2457.5
1352000 2450.9
1352010 2443.3
1352020 2443.3
1352030 2434.8
1352040 2425.0
1352050 2425.0
1352060 2415.3
1352070 2398.1
1352080 2382.4
1352090 2382.4
1352100 2366.1
1352110 2351.1
1352120 2351.1
1352130 2340.9
1352140 2335.4
1352150 2335.4
1352160 2325.1
1352170 2318.6
1352180 2318.6
1352190 2311.1
1352200 2300.5
1352210 2300.5
1352220 2288.8
1352230 2260.1
1352240 2260.1
1352250 2240.3
1352260 2233.8
1352270 2233.8
1352280 2226.4
1352290 2219.2
1352300 2212.3
1352310 2212.3
1352320 2203.9
1352330 2195.9
1352340 2195.9
1352350 2188.0
1352360 2180.2
1352370 2180.2
1352380 2171.7
1352390 2164.1
1352400 2165.1
1352410 2157.6
1352420 2150.0
1352430 2150.0
1352440 2142.5
1352450 2135.9
1352460 2135.9
1352470 2128.7
1352480 2122.5
1352490 2122.5
1352500 2115.1
1352510 2108.4
1352520 2102.1
1352530 2102.1
1352540 2094.5
1352550 2088.4
1352560 2088.4
1352570 2082.8
1352580 2077.5
1352590 2077.5
1352600 2071.1
1352610 2067.9
1352620 2067.9
1352630 2059.8
1352640 2056.2
1352650 2056.2
1352660 2052.9
1352670 2049.8
1352680 2049.8
1352690 2048.5
1352700 2048.0
1352710 2048.0
1352720 2047.0
1352730 2046.2
1352740 2046.2
1352750 2046.2
1352760 2046.1
1352770 2045.8
1352780 2045.8
1352790 2045.0
1352800 2044.2
1352810 2044.2
1352820 2044.7
1352830 2045.6
1352840 2045.6
1352850 2044.9
1352860 2045.9
1352870 2045.9
1352880 2047.7
1352890 2049.3
1352900 2049.3
1352910 2051.2
1352920 2053.3
1352930 2053.3
1352940 2055.2
1352950 2057.8
1352960 2061.7
1352970 2061.7
1352980 2065.9
1352990 2070.7
1353000 2070.7
1353010 2075.4
1353020 2080.2
1353030 2080.2
1353040 2084.8
1353050 2089.3
1353060 2089.3
1353070 2094.3
1353080 2099.4
1353090 2099.4
1353100 2105.0
1353110 2112.9
1353120 2112.9
1353130 2120.7
1353140 2127.0
1353150 2127.0
1353160 2135.3
1353170 2142.8
1353180 2150.4
1353190 2150.4
1353200 2157.5
1353210 2165.3
1353220 2165.3
1353230 2174.6
1353240 2183.6
1353250 2183.6
1353260 2195.8
1353270 2209.4
1353280 2209.4
1353290 2221.1
1353300 2227.4
1353310 2227.4
1353320 2233.1
1353330 2240.7
1353340 2240.7
1353350 2245.5
1353360 2250.2
1353370 2250.7
1353380 2256.5
1353390 2261.6
1353400 2266.4
1353410 2266.4
1353420 2270.8
1353430 2275.8
1353440 2275.8
1353450 2281.4
1353460 2285.8
1353470 2285.8
1353480 2289.7
1353490 2293.5
1353500 2293.5
1353510 2296.9
1353520 2299.5
1353530 2299.5
1353540 2302.2
1353550 2305.6
1353560 2305.6
1353570 2310.3
1353580 2315.1
1353590 2315.1
1353600 2321.1
1353610 2325.7
1353620 2329.0
1353630 2329.0
1353640 2333.6
1353650 2338.6
1353660 2338.6
1353670 2344.7
1353680 2350.8
1353690 2350.8
1353700 2356.7
1353710 2364.2
1353720 2364.2
1353730 2369.5
1353740 2374.8
1353750 2374.8
1353760 2381.0
1353770 2386.1
1353780 2386.1
1353790 2392.5
1353800 2398.4
1353810 2398.4
1353820 2402.5
1353830 2407.1
1353840 2409.7
1353850 2409.7
1353860 2413.0
1353870 2418.3
1353880 2418.3
1353890 2422.4
1353900 2425.7
1353910 2425.7
1353920 2429.2
1353930 2434.6
1353940 2434.6
1353950 2440.2
1353960 2443.2
1353970 2443.2
1353980 2445.7
1353990 2447.9
1354000 2447.9
1354010 2450.1
1354020 2452.4
1354030 2452.4
1354040 2453.1
1354050 2456.8
1354060 2460.2
1354070 2460.2
1354080 2464.4
1354090 2469.7
1354100 2469.7
1354110 2475.1
1354120 2478.5
1354130 2478.5
1354140 2480.7
1354150 2483.3
1354160 2483.3
1354170 2485.3
1354180 2488.3
1354190 2488.3
1354200 2492.8
1354210 2499.1
1354220 2499.1
1354230 2505.0
1354240 2510.7
1354250 2510.7
1354260 2514.9
1354270 2517.7
1354280 2521.4
1354290 2521.4
1354300 2524.5
1354310 2527.3
1354320 2527.3
1354330 2531.0
1354340 2532.6
1354350 2532.6
1354360 2537.9
1354370 2542.3
1354380 2542.3
1354390 2545.1
1354400 2548.1
1354410 2548.1
1354420 2550.9
1354430 2553.0
1354440 2553.0
1354450 2556.0
1354460 2561.6
1354470 2561.6
1354480 2566.8
1354490 2569.6
1354500 2573.7
1354510 2573.7
1354520 2577.1
1354530 2580.3
1354540 2580.3
1354550 2583.3
1354560 2587.2
1354570 2587.2
1354580 2591.7
1354590 2594.9
1354600 2594.9
1354610 2598.0
1354620 2601.7
1354630 2601.7
1354640 2605.4
1354650 2608.1
1354660 2608.1
1354670 2612.4
1354680 2617.4
1354690 2617.4
1354700 2621.8
1354710 2627.6
1354720 2632.7
1354730 2632.7
1354740 2636.2
1354750 2640.4
1354760 2640.4
1354770 2644.7
1354780 2649.7
1354790 2649.7
1354800 2653.9
1354810 2657.1
1354820 2657.1
1354830 2662.0
1354840 2667.4
1354850 2667.4
1354860 2672.6
1354870 2677.8
1354880 2677.8
1354890 2683.2
1354900 2687.4
1354910 2687.4
1354920 2691.4
1354930 2695.3
1354940 2695.3
1354950 2699.2
1354960 2703.7
1354970 2709.5
1354980 2709.5
1354990 2713.6
1355000 2717.1
1355010 2717.1
1355020 2719.8
1355030 2722.0
1355040 2722.0
1355050 2725.3
1355060 2729.1
1355070 2729.1
1355080 2734.4
1355090 2739.1
1355100 2739.1
1355110 2743.8
1355120 2747.7
1355130 2747.7
1355140 2752.7
1355150 2757.9
1355160 2757.9
1355170 2763.4
1355180 2769.3
1355190 2774.9
1355200 2774.9
1355210 2780.0
1355220 2784.8
1355230 2784.8
1355240 2789.8
1355250 2795.2
1355260 2795.2
1355270 2799.8
1355280 2805.5
1355290 2805.5
1355300 2811.3
1355310 2816.9
1355320 2822.6
1355330 2829.4
1355340 2836.2
1355350 2836.2
1355360 2843.0
1355370 2851.9
1355380 2851.9
1355390 2858.0
1355400 2845.4
1355410 2830.4
1355420 2830.4
1355430 2819.7
1355440 2809.5
1355450 2809.5
1355460 2797.8
1355470 2785.0
1355480 2785.0
1355490 2773.4
1355500 2761.3
1355510 2761.3
1355520 2750.4
1355530 2739.9
1355540 2739.9
1355550 2729.1
1355560 2717.5
1355570 2717.5
1355580 2697.7
1355590 2661.6
1355600 2661.6
1355610 2647.1
1355620 2636.6
1355630 2624.3
1355640 2624.3
1355650 2615.3
1355660 2609.3
1355670 2609.3
1355680 2604.9
1355690 2601.5
1355700 2601.5
1355710 2598.2
1355720 2596.2
1355730 2596.2
1355740 2594.8
1355750 2592.9
1355760 2592.9
1355770 2590.4
1355780 2587.8
1355790 2587.8
1355800 2584.9
1355810 2583.1
1355820 2583.1
1355830 2580.3
1355840 2576.1
1355850 2570.6
1355860 2570.6
1355870 2565.3
1355880 2561.6
1355890 2561.6
1355900 2559.0
1355910 2556.5
1355920 2556.5
1355930 2554.4
1355940 2550.6
1355950 2550.6
1355960 2546.5
1355970 2541.9
1355980 2541.9
1355990 2538.0
1356000 2535.0
1356010 2535.0
1356020 2532.3
1356030 2530.9
1356040 2530.9
1356050 2529.2
1356060 2527.6
1356070 2526.4
1356080 2526.4
1356090 2525.4
1356100 2525.4
1356110 2525.4
1356120 2525.6
1356130 2526.7
1356140 2526.7
1356150 2529.4
1356160 2531.2
1356170 2531.2
1356180 2531.6
1356190 2532.2
1356200 2532.2
1356210 2533.1
1356220 2533.4
1356230 2533.4
1356240 2535.0
1356250 2537.7
1356260 2537.7
1356270 2538.3
1356280 2537.0
1356290 2534.9
1356300 2534.9
1356310 2536.0
1356320 2538.5
1356330 2538.5
1356340 2540.3
1356350 2540.5
1356360 2540.5
1356370 2540.8
1356380 2541.5
1356390 2541.5
1356400 2543.8
1356410 2546.4
1356420 2546.4
1356430 2545.8
1356440 2541.6
1356450 2541.6
1356460 2536.0
1356470 2531.0
1356480 2531.0
1356490 2527.2
1356500 2524.4
1356510 2522.1
1356520 2522.1
1356530 2519.7
1356540 2516.7
1356550 2516.7
1356560 2515.2
1356570 2515.2
1356580 2515.2
1356590 2515.5
1356600 2513.5
1356610 2513.5
1356620 2507.6
1356630 2502.0
1356640 2502.0
1356650 2496.5
1356660 2492.9
1356670 2492.9
1356680 2489.8
1356690 2488.7
1356700 2488.7
1356710 2488.1
1356720 2487.8
1356730 2488.0
1356740 2488.0
1356750 2489.5
1356760 2489.6
1356770 2489.6
1356780 2490.0
1356790 2490.6
1356800 2490.6
1356810 2492.1
1356820 2492.5
1356830 2492.5
1356840 2493.2
1356850 2494.1
1356860 2494.1
1356870 2495.2
1356880 2497.6
1356890 2497.6
1356900 2501.5
1356910 2506.2
1356920 2506.2
1356930 2510.9
1356940 2516.5
1356950 2519.7
1356960 2519.7
1356970 2521.7
1356980 2523.7
1356990 2523.7
1357000 2526.3
1357010 2527.5
1357020 2527.5
1357030 2526.5
1357040 2523.6
1357050 2523.6
1357060 2520.0
1357070 2519.1
1357080 2519.1
1357090 2519.9
1357100 2520.8
1357110 2520.8
1357120 2521.4
1357130 2521.7
1357140 2521.7
1357150 2521.8
1357160 2521.7
1357170 2521.2
1357180 2521.2
1357190 2519.7
1357200 2517.3
1357210 2517.3
1357220 2514.7
1357230 2512.6
1357240 2512.6
1357250 2511.4
1357260 2510.7
1357270 2510.7
1357280 2509.9
1357290 2508.8
1357300 2511.8
1357310 2509.7
1357320 2507.2
1357330 2507.2
1357340 2504.5
1357350 2500.7
1357360 2500.7
1357370 2497.2
1357380 2496.5
1357390 2499.8
1357400 2499.8
1357410 2504.9
1357420 2518.3
1357430 2518.3
1357440 2532.5
1357450 2551.8
1357460 2551.8
1357470 2566.8
1357480 2577.5
1357490 2577.5
1357500 2581.5
1357510 2563.5
1357520 2563.5
1357530 2540.0
1357540 2524.2
1357550 2524.2
1357560 2514.7
1357570 2508.8
1357580 2508.8
1357590 2502.5
1357600 2497.2
1357610 2493.2
1357620 2493.2
1357630 2489.2
1357640 2483.2
1357650 2483.2
1357660 2476.6
1357670 2469.0
1357680 2469.0
1357690 2462.3
1357700 2457.1
1357710 2457.1
1357720 2452.2
1357730 2446.2
1357740 2446.2
1357750 2440.4
1357760 2436.4
1357770 2436.4
1357780 2432.1
1357790 2428.9
1357800 2428.9
1357810 2426.0
1357820 2423.3
1357830 2419.9
1357840 2419.9
1357850 2416.6
1357860 2413.7
1357870 2413.7
1357880 2409.7
1357890 2404.8
1357900 2404.8
1357910 2400.1
1357920 2398.8
1357930 2398.8
1357940 2400.3
1357950 2397.4
1357960 2397.4
1357970 2392.6
1357980 2387.3
1357990 2387.3
1358000 2382.8
1358010 2381.7
1358020 2381.7
1358030 2379.3
1358040 2376.2
1358050 2371.7
1358060 2371.7
1358070 2365.9
1358080 2360.3
1358090 2360.3
1358100 2354.7
1358110 2349.9
1358120 2349.9
1358130 2344.9
1358140 2341.1
1358150 2341.1
1358160 2337.6
1358170 2333.6
1358180 2333.6
1358190 2329.1
1358200 2325.3
1358210 2325.3
1358220 2321.4
1358230 2316.7
1358240 2316.7
1358250 2311.3
1358260 2304.5
1358270 2296.4
1358280 2296.4
1358290 2289.6
1358300 2291.7
1358310 2291.7
1358320 2293.7
1358330 2292.6
1358340 2292.6
1358350 2288.9
1358360 2284.8
1358370 2284.8
1358380 2280.1
1358390 2275.8
1358400 2275.8
1358410 2269.0
1358420 2261.6
1358430 2261.6
1358440 2253.4
1358450 2248.5
1358460 2248.5
1358470 2244.3
1358480 2241.3
1358490 2241.3
1358500 2239.2
1358510 2237.0
1358520 2233.6
1358530 2233.6
1358540 2228.9
1358550 2224.3
1358560 2224.3
1358570 2221.2
1358580 2216.9
1358590 2216.9
1358600 2213.8
1358610 2211.2
1358620 2211.2
1358630 2208.4
1358640 2205.5
1358650 2205.5
1358660 2203.5
1358670 2206.9
1358680 2206.9
1358690 2206.2
1358700 2202.1
1358710 2202.1
1358720 2197.4
1358730 2194.5
1358740 2192.9
1358750 2192.9
1358760 2192.6
1358770 2191.9
1358780 2191.9
1358790 2191.0
1358800 2190.7
1358810 2190.7
1358820 2189.5
1358830 2188.6
1358840 2188.6
1358850 2188.2
1358860 2188.4
1358870 2188.4
1358880 2189.0
1358890 2187.9
1358900 2187.9
1358910 2186.5
1358920 2186.5
1358930 2186.5
1358940 2184.4
1358950 2182.1
1358960 2179.7
1358970 2179.7
1358980 2175.9
1358990 2171.5
1359000 2171.5
1359010 2167.7
1359020 2164.2
1359030 2164.2
1359040 2160.4
1359050 2156.5
1359060 2156.5
1359070 2152.7
1359080 2147.4
1359090 2147.4
1359100 2142.8
1359110 2139.2
1359120 2139.2
1359130 2134.9
1359140 2131.6
1359150 2131.6
1359160 2128.4
1359170 2124.8
1359180 2121.8
1359190 2121.8
1359200 2119.0
1359210 2116.0
1359220 2116.0
1359230 2113.4
1359240 2110.7
1359250 2110.7
1359260 2108.1
1359270 2106.8
1359280 2106.8
1359290 2105.6
1359300 2103.0
1359310 2108.7
1359320 2107.7
1359330 2105.0
1359340 2105.0
1359350 2101.1
1359360 2096.9
1359370 2096.9
1359380 2094.0
1359390 2092.2
1359400 2089.2
1359410 2089.2
1359420 2082.9
1359430 2080.3
1359440 2080.3
1359450 2079.5
1359460 2077.3
1359470 2077.3
1359480 2077.6
1359490 2074.3
1359500 2074.3
1359510 2069.9
1359520 2067.0
1359530 2067.0
1359540 2067.3
1359550 2069.9
1359560 2069.9
1359570 2071.8
1359580 2070.8
1359590 2070.8
1359600 2067.3
1359610 2062.8
1359620 2059.8
1359630 2059.8
1359640 2056.8
1359650 2052.8
1359660 2052.8
1359670 2047.5
1359680 2041.4
1359690 2041.4
1359700 2034.5
1359710 2021.6
1359720 2021.6
1359730 2008.7
1359740 1998.7
1359750 1998.7
1359760 1980.1
1359770 1963.1
1359780 1963.1
1359790 1941.7
1359800 1921.2
1359810 1921.2
1359820 1916.3
1359830 1922.8
1359840 1921.1
1359850 1921.1
1359860 1917.4
1359870 1912.8
1359880 1912.8
1359890 1911.7
1359900 1912.1
1359910 1912.1
1359920 1911.0
1359930 1908.8
1359940 1908.8
1359950 1905.3
1359960 1901.1
1359970 1901.1
1359980 1896.9
1359990 1892.1
