1340000 1934.1
1340010 1937.3
1340020 1937.3
1340030 1945.3
1340040 1945.7
1340050 1945.7
1340060 1948.4
1340070 1952.9
1340080 1952.9
1340090 1957.5
1340100 1960.3
1340110 1960.3
1340120 1959.8
1340130 1957.7
1340140 1957.7
1340150 1956.5
1340160 1954.9
1340170 1954.9
1340180 1953.4
1340190 1948.5
1340200 1948.5
1340210 1942.0
1340220 1930.6
1340230 1918.0
1340240 1918.0
1340250 1906.6
1340260 1892.0
1340270 1892.0
1340280 1872.3
1340290 1853.5
1340300 1853.5
1340310 1843.4
1340320 1834.4
1340330 1834.4
1340340 1822.5
1340350 1812.7
1340360 1812.7
1340370 1803.5
1340380 1794.5
1340390 1794.5
1340400 1787.3
1340410 1779.6
1340420 1779.6
1340430 1772.0
1340440 1764.9
1340450 1757.9
1340460 1757.9
1340470 1750.7
1340480 1743.4
1340490 1743.4
1340500 1736.2
1340510 1729.2
1340520 1729.2
1340530 1723.0
1340540 1716.8
1340550 1716.8
1340560 1711.1
1340570 1705.4
1340580 1705.4
1340590 1699.9
1340600 1694.6
1340610 1694.6
1340620 1689.4
1340630 1684.5
1340640 1684.5
1340650 1680.0
1340660 1675.5
1340670 1671.2
1340680 1671.2
1340690 1667.5
1340700 1663.3
1340710 1663.3
1340720 1659.8
1340730 1656.6
1340740 1656.6
1340750 1652.9
1340760 1652.5
1340770 1654.2
1340780 1658.2
1340790 1663.0
1340800 1663.0
1340810 1668.6
1340820 1674.1
1340830 1674.1
1340840 1678.8
1340850 1684.0
1340860 1684.0
1340870 1688.9
1340880 1693.7
1340890 1698.5
1340900 1698.5
1340910 1703.0
1340920 1705.5
1340930 1705.5
1340940 1706.3
1340950 1711.7
1340960 1711.7
1340970 1720.2
1340980 1728.2
1340990 1728.2
1341000 1735.2
1341010 1742.9
1341020 1742.9
1341030 1757.0
1341040 1773.7
1341050 1773.7
1341060 1788.8
1341070 1802.9
1341080 1802.9
1341090 1815.4
1341100 1821.1
1341110 1822.7
1341120 1822.7
1341130 1827.6
1341140 1821.5
1341150 1821.5
1341160 1813.5
1341170 1810.8
1341180 1810.8
1341190 1816.0
1341200 1825.5
1341210 1825.5
1341220 1838.3
1341230 1849.3
1341240 1849.3
1341250 1861.6
1341260 1875.5
1341270 1875.5
1341280 1888.7
1341290 1906.4
1341300 1906.4
1341310 1930.3
1341320 1948.4
1341330 1962.7
1341340 1962.7
1341350 1976.0
1341360 1988.4
1341370 1988.4
1341380 1998.7
1341390 2007.4
1341400 2007.4
1341410 2017.0
1341420 2026.9
1341430 2026.9
1341440 2035.8
1341450 2044.3
1341460 2044.3
1341470 2053.6
1341480 2063.7
1341490 2063.7
1341500 2072.9
1341510 2081.6
1341520 2081.6
1341530 2089.8
1341540 2095.0
1341550 2098.3
1341560 2098.3
1341570 2102.0
1341580 2107.3
1341590 2107.3
1341600 2113.6
1341610 2120.6
1341620 2120.6
1341630 2128.2
1341640 2135.1
1341650 2135.1
1341660 2134.6
1341670 2141.2
1341680 2141.2
1341690 2149.1
1341700 2158.1
1341710 2158.1
1341720 2167.0
1341730 2176.2
1341740 2176.2
1341750 2184.9
1341760 2193.0
1341770 2193.0
1341780 2201.1
1341790 2209.4
1341800 2218.1
1341810 2218.1
1341820 2227.0
1341830 2235.9
1341840 2235.9
1341850 2243.8
1341860 2252.5
1341870 2252.5
1341880 2262.9
1341890 2270.7
1341900 2270.7
1341910 2278.4
1341920 2285.8
1341930 2285.8
1341940 2292.8
1341950 2299.8
1341960 2299.8
1341970 2306.7
1341980 2313.6
1341990 2313.6
1342000 2319.9
1342010 2326.2
1342020 2333.8
1342030 2333.8
1342040 2341.0
1342050 2350.7
1342060 2350.7
1342070 2370.5
1342080 2391.2
1342090 2391.2
1342100 2400.8
1342110 2410.4
1342120 2410.4
1342130 2422.1
1342140 2432.2
1342150 2432.2
1342160 2440.9
1342170 2448.2
1342180 2448.2
1342190 2453.4
1342200 2456.2
1342210 2456.2
1342220 2461.2
1342230 2468.7
1342240 2477.0
1342250 2477.0
1342260 2487.1
1342270 2497.4
1342280 2497.4
1342290 2508.1
1342300 2518.1
1342310 2518.1
1342320 2526.6
1342330 2535.8
1342340 2535.8
1342350 2545.2
1342360 2553.9
1342370 2553.9
1342380 2563.1
1342390 2570.8
1342400 2570.8
1342410 2577.2
1342420 2584.1
1342430 2584.1
1342440 2594.2
1342450 2604.1
1342460 2613.5
1342470 2613.5
1342480 2622.1
1342490 2630.8
1342500 2630.8
1342510 2639.3
1342520 2649.5
1342530 2649.5
1342540 2659.4
1342550 2671.2
1342560 2671.2
1342570 2679.9
1342580 2687.5
1342590 2687.5
1342600 2695.2
1342610 2703.6
1342620 2703.6
1342630 2712.4
1342640 2721.3
1342650 2721.3
1342660 2730.3
1342670 2736.7
1342680 2732.0
1342690 2732.0
1342700 2724.6
1342710 2715.3
1342720 2715.3
1342730 2708.6
1342740 2699.6
1342750 2699.6
1342760 2691.3
1342770 2682.4
1342780 2682.4
1342790 2675.9
1342800 2672.8
1342810 2672.8
1342820 2669.2
1342830 2662.6
1342840 2662.6
1342850 2654.1
1342860 2646.4
1342870 2646.4
1342880 2640.3
1342890 2636.5
1342900 2634.4
1342910 2634.4
1342920 2629.0
1342930 2624.5
1342940 2624.5
1342950 2619.6
1342960 2616.2
1342970 2616.2
1342980 2607.1
1342990 2597.7
1343000 2597.7
1343010 2587.5
1343020 2579.4
1343030 2579.4
1343040 2563.3
1343050 2554.3
1343060 2554.3
1343070 2549.9
1343080 2545.7
1343090 2545.7
1343100 2542.4
1343110 2540.3
1343120 2538.3
1343130 2538.3
1343140 2535.7
1343150 2532.6
1343160 2532.6
1343170 2531.6
1343180 2532.7
1343190 2532.7
1343200 2533.4
1343210 2532.8
1343220 2532.8
1343230 2532.6
1343240 2532.2
1343250 2532.2
1343260 2531.9
1343270 2530.9
1343280 2530.9
1343290 2529.6
1343300 2530.1
1343310 2530.1
1343320 2531.6
1343330 2535.1
1343340 2536.4
1343350 2536.4
1343360 2535.3
1343370 2535.7
1343380 2535.7
1343390 2536.3
1343400 2535.9
1343410 2535.9
1343420 2535.0
1343430 2534.0
1343440 2534.0
1343450 2539.7
1343460 2542.2
1343470 2542.2
1343480 2549.3
1343490 2556.5
1343500 2556.5
1343510 2562.7
1343520 2567.2
1343530 2567.2
1343540 2564.6
1343550 2561.4
1343560 2561.4
1343570 2576.1
1343580 2595.3
1343590 2605.1
1343600 2605.1
1343610 2595.0
1343620 2575.7
1343630 2575.7
1343640 2551.6
1343650 2521.3
1343660 2521.3
1343670 2511.7
1343680 2505.1
1343690 2505.1
1343700 2500.1
1343710 2498.2
1343720 2498.2
1343730 2498.5
1343740 2499.0
1343750 2499.0
1343760 2499.2
1343770 2499.1
1343780 2499.1
1343790 2499.0
1343800 2500.7
1343810 2503.3
1343820 2503.3
1343830 2502.1
1343840 2496.5
1343850 2496.5
1343860 2491.9
1343870 2488.5
1343880 2488.5
1343890 2484.7
1343900 2479.2
1343910 2479.2
1343920 2473.9
1343930 2469.7
1343940 2469.7
1343950 2464.4
1343960 2459.1
1343970 2459.1
1343980 2455.0
1343990 2452.0
1344000 2452.0
1344010 2449.2
1344020 2447.3
1344030 2446.4
1344040 2446.4
1344050 2445.6
1344060 2445.0
1344070 2445.0
1344080 2444.4
1344090 2443.5
1344100 2443.5
1344110 2443.7
1344120 2446.4
1344130 2446.4
1344140 2449.1
1344150 2446.3
1344160 2446.3
1344170 2446.4
1344180 2453.6
1344190 2453.6
1344200 2468.7
1344210 2483.4
1344220 2483.4
1344230 2483.7
1344240 2467.6
1344250 2445.5
1344260 2445.5
1344270 2420.6
1344280 2405.2
1344290 2405.2
1344300 2396.0
1344310 2387.9
1344320 2387.9
1344330 2380.1
1344340 2373.5
1344350 2375.2
1344360 2376.2
1344370 2379.1
1344380 2379.1
1344390 2379.8
1344400 2379.6
1344410 2379.6
1344420 2378.8
1344430 2378.0
1344440 2378.0
1344450 2377.2
1344460 2376.5
1344470 2374.9
1344480 2374.9
1344490 2373.2
1344500 2371.3
1344510 2371.3
1344520 2369.2
1344530 2366.8
1344540 2366.8
1344550 2361.7
1344560 2353.5
1344570 2353.5
1344580 2347.0
1344590 2341.7
1344600 2341.7
1344610 2335.3
1344620 2328.8
1344630 2328.8
1344640 2322.9
1344650 2317.1
1344660 2317.1
1344670 2310.4
1344680 2303.7
1344690 2303.2
1344700 2303.2
1344710 2305.0
1344720 2303.1
1344730 2303.1
1344740 2300.8
1344750 2297.6
1344760 2297.6
1344770 2291.5
1344780 2287.7
1344790 2287.7
1344800 2281.3
1344810 2275.0
1344820 2275.0
1344830 2272.5
1344840 2273.4
1344850 2273.4
1344860 2272.7
1344870 2270.3
1344880 2270.3
1344890 2267.4
1344900 2265.2
1344910 2262.3
1344920 2262.3
1344930 2260.3
1344940 2259.0
1344950 2259.0
1344960 2255.9
1344970 2251.8
1344980 2251.8
1344990 2247.5
1345000 2243.4
1345010 2243.4
1345020 2238.2
1345030 2232.6
1345040 2232.6
1345050 2228.0
1345060 2222.8
1345070 2222.8
1345080 2216.8
1345090 2213.0
1345100 2213.0
1345110 2210.6
1345120 2208.9
1345130 2208.9
1345140 2205.3
1345150 2203.9
1345160 2185.9
1345170 2185.9
1345180 2168.3
1345190 2162.4
1345200 2162.4
1345210 2160.8
1345220 2155.5
1345230 2155.5
1345240 2149.0
1345250 2141.3
1345260 2154.9
1345270 2147.1
1345280 2138.1
1345290 2138.1
1345300 2128.8
1345310 2118.0
1345320 2118.0
1345330 2104.4
1345340 2090.9
1345350 2090.9
1345360 2078.3
1345370 2069.6
1345380 2066.6
1345390 2066.6
1345400 2062.3
1345410 2051.2
1345420 2051.2
1345430 2045.7
1345440 2039.8
1345450 2039.8
1345460 2033.0
1345470 2027.0
1345480 2027.0
1345490 2023.9
1345500 2018.2
1345510 2018.2
1345520 2011.3
1345530 2003.6
1345540 2003.6
1345550 1992.9
1345560 1980.8
1345570 1980.8
1345580 1968.9
1345590 1957.6
1345600 1950.8
1345610 1950.8
1345620 1945.5
1345630 1937.6
1345640 1937.6
1345650 1929.8
1345660 1922.2
1345670 1922.2
1345680 1914.1
1345690 1906.7
1345700 1906.7
1345710 1901.6
1345720 1895.9
1345730 1895.9
1345740 1889.8
1345750 1883.4
1345760 1883.4
1345770 1877.0
1345780 1870.3
1345790 1870.3
1345800 1863.2
1345810 1858.7
1345820 1853.6
1345830 1853.6
1345840 1850.1
1345850 1847.7
1345860 1847.7
1345870 1845.5
1345880 1843.9
1345890 1843.9
1345900 1843.0
1345910 1843.0
1345920 1843.0
1345930 1843.0
1345940 1843.0
1345950 1843.0
1345960 1843.0
1345970 1843.0
1345980 1843.0
1345990 1843.0
1346000 1843.0
1346010 1843.0
1346020 1843.0
1346030 1843.0
1346040 1843.0
1346050 1843.0
1346060 1843.0
1346070 1843.0
1346080 1843.0
1346090 1843.0
1346100 1843.0
1346110 1843.0
1346120 1843.0
1346130 1843.0
1346140 1843.0
1346150 1843.0
1346160 1843.0
1346170 1843.0
1346180 1843.0
1346190 1843.0
1346200 1843.0
1346210 1843.0
1346220 1843.0
1346230 1843.0
1346240 1843.0
1346250 1843.0
1346260 1843.0
1346270 1843.0
1346280 1843.0
1346290 1843.2
1346300 1843.2
1346310 1845.2
1346320 1848.2
1346330 1848.2
1346340 1850.2
1346350 1852.3
1346360 1852.3
1346370 1854.6
1346380 1856.8
1346390 1856.8
1346400 1860.4
1346410 1864.6
1346420 1864.6
1346430 1868.2
1346440 1870.9
1346450 1870.9
1346460 1874.5
1346470 1879.2
1346480 1884.1
1346490 1884.1
1346500 1891.0
1346510 1897.4
1346520 1897.4
1346530 1903.2
1346540 1905.8
1346550 1905.8
1346560 1905.9
1346570 1905.7
1346580 1905.7
1346590 1907.6
1346600 1912.2
1346610 1912.2
1346620 1916.8
1346630 1919.4
1346640 1919.4
1346650 1921.7
1346660 1925.2
1346670 1925.2
1346680 1930.4
1346690 1936.8
1346700 1943.7
1346710 1943.7
1346720 1952.7
1346730 1963.3
1346740 1963.3
1346750 1973.6
1346760 1981.5
1346770 1981.5
1346780 1988.0
1346790 1993.1
1346800 1993.1
1346810 1996.9
1346820 2001.3
1346830 2001.3
1346840 2006.0
1346850 2011.6
1346860 2011.6
1346870 2018.1
1346880 2025.3
1346890 2025.3
1346900 2031.9
1346910 2038.3
1346920 2038.3
1346930 2044.5
1346940 2050.2
1346950 2055.4
1346960 2055.4
1346970 2060.5
1346980 2065.5
1346990 2065.5
1347000 2070.3
1347010 2075.5
1347020 2075.5
1347030 2081.4
1347040 2089.1
1347050 2089.1
1347060 2094.6
1347070 2099.8
1347080 2099.8
1347090 2103.7
1347100 2110.8
1347110 2110.8
1347120 2119.0
1347130 2129.1
1347140 2129.1
1347150 2139.3
1347160 2149.0
1347170 2159.0
1347180 2159.0
1347190 2167.3
1347200 2173.4
1347210 2173.4
1347220 2177.6
1347230 2178.1
1347240 2178.1
1347250 2180.2
1347260 2181.6
1347270 2181.6
1347280 2182.9
1347290 2187.5
1347300 2187.5
1347310 2194.7
1347320 2203.1
1347330 2203.1
1347340 2212.0
1347350 2221.7
1347360 2221.7
1347370 2232.4
1347380 2246.6
1347390 2255.8
1347400 2255.8
1347410 2263.2
1347420 2268.6
1347430 2268.6
1347440 2273.8
1347450 2279.2
1347460 2279.2
1347470 2284.9
1347480 2290.3
1347490 2290.3
1347500 2295.9
1347510 2301.1
1347520 2301.1
1347530 2306.9
1347540 2312.6
1347550 2312.6
1347560 2317.8
1347570 2322.0
1347580 2322.0
1347590 2326.2
1347600 2330.7
1347610 2335.0
1347620 2335.0
1347630 2338.9
1347640 2343.2
1347650 2343.2
1347660 2347.1
1347670 2351.4
1347680 2351.4
1347690 2356.6
1347700 2361.6
1347710 2361.6
1347720 2366.4
1347730 2371.6
1347740 2371.6
1347750 2376.0
1347760 2379.3
1347770 2379.3
1347780 2382.9
1347790 2387.2
1347800 2387.2
1347810 2392.0
1347820 2396.8
1347830 2401.3
1347840 2401.3
1347850 2405.0
1347860 2408.8
1347870 2408.8
1347880 2413.1
1347890 2417.5
1347900 2417.5
1347910 2421.3
1347920 2425.1
1347930 2425.1
1347940 2429.3
1347950 2434.0
1347960 2434.0
1347970 2438.0
1347980 2441.3
1347990 2441.3
1348000 2443.8
1348010 2446.4
1348020 2448.4
1348030 2451.3
1348040 2454.0
1348050 2457.2
1348060 2457.2
1348070 2460.6
1348080 2463.0
1348090 2463.0
1348100 2464.1
1348110 2465.5
1348120 2465.5
1348130 2467.8
1348140 2471.1
1348150 2471.1
1348160 2474.4
1348170 2477.8
1348180 2477.8
1348190 2481.3
1348200 2484.8
1348210 2484.8
1348220 2487.6
1348230 2489.6
1348240 2489.6
1348250 2491.5
1348260 2493.9
1348270 2496.8
1348280 2496.8
1348290 2500.2
1348300 2503.7
1348310 2503.7
1348320 2507.5
1348330 2511.0
1348340 2511.0
1348350 2514.2
1348360 2516.5
1348370 2516.5
1348380 2518.3
1348390 2520.1
1348400 2520.1
1348410 2522.2
1348420 2524.2
1348430 2524.2
1348440 2526.3
1348450 2528.6
1348460 2528.6
1348470 2531.4
1348480 2533.9
1348490 2535.9
1348500 2535.9
1348510 2538.0
1348520 2540.2
1348530 2540.2
1348540 2543.7
1348550 2550.0
1348560 2550.0
1348570 2556.8
1348580 2563.4
1348590 2563.4
1348600 2566.2
1348610 2566.0
1348620 2566.0
1348630 2565.8
1348640 2567.3
1348650 2567.3
1348660 2570.4
1348670 2575.1
1348680 2575.1
1348690 2580.4
1348700 2585.9
1348710 2585.9
1348720 2591.4
1348730 2597.3
1348740 2603.3
1348750 2603.3
1348760 2609.3
1348770 2615.0
1348780 2615.0
1348790 2620.7
1348800 2627.1
1348810 2627.1
1348820 2633.0
1348830 2637.9
1348840 2637.9
1348850 2642.9
1348860 2648.5
1348870 2648.5
1348880 2657.2
1348890 2663.9
1348900 2663.9
1348910 2672.9
1348920 2682.8
1348930 2682.8
1348940 2692.0
1348950 2681.9
1348960 2691.6
1348970 2691.6
1348980 2700.4
1348990 2705.9
1349000 2705.9
1349010 2707.7
1349020 2710.3
1349030 2710.3
1349040 2715.5
1349050 2721.2
1349060 2721.2
1349070 2727.6
1349080 2734.5
1349090 2734.5
1349100 2741.2
1349110 2746.7
1349120 2746.7
1349130 2751.3
1349140 2755.6
1349150 2755.6
1349160 2758.1
1349170 2761.0
1349180 2763.1
1349190 2763.1
1349200 2765.5
1349210 2768.3
1349220 2768.3
1349230 2771.5
1349240 2774.1
1349250 2774.1
1349260 2775.4
1349270 2776.7
1349280 2776.7
1349290 2778.5
1349300 2781.2
1349310 2781.2
1349320 2784.3
1349330 2787.4
1349340 2787.4
1349350 2790.7
1349360 2795.3
1349370 2795.3
1349380 2798.8
1349390 2801.2
1349400 2802.6
1349410 2802.6
1349420 2804.4
1349430 2806.5
1349440 2806.5
1349450 2808.9
1349460 2811.3
1349470 2811.3
1349480 2814.3
1349490 2817.5
1349500 2817.5
1349510 2820.9
1349520 2824.3
1349530 2824.3
1349540 2828.1
1349550 2832.6
1349560 2832.6
1349570 2837.3
1349580 2842.0
1349590 2842.0
1349600 2846.9
1349610 2851.8
1349620 2857.2
1349630 2857.2
1349640 2862.7
1349650 2868.4
1349660 2868.4
1349670 2874.2
1349680 2879.8
1349690 2879.8
1349700 2885.5
1349710 2891.1
1349720 2891.1
1349730 2896.5
1349740 2901.9
1349750 2901.9
1349760 2907.2
1349770 2912.5
1349780 2912.5
1349790 2917.6
1349800 2922.7
1349810 2922.7
1349820 2927.2
1349830 2931.3
1349840 2934.8
1349850 2934.8
1349860 2937.5
1349870 2939.6
1349880 2939.6
1349890 2939.8
1349900 2941.4
1349910 2941.4
1349920 2951.4
1349930 2962.8
1349940 2962.8
1349950 2974.3
1349960 2988.4
1349970 2988.4
1349980 3000.3
1349990 3013.7
1350000 3013.7
1350010 3024.8
1350020 3035.5
1350030 3035.5
1350040 3046.0
1350050 3054.8
1350060 3063.3
1350070 3063.3
1350080 3071.2
1350090 3080.8
1350100 3080.8
1350110 3091.7
1350120 3102.6
1350130 3102.6
1350140 3112.1
1350150 3121.0
1350160 3121.0
1350170 3108.0
1350180 3090.0
1350190 3090.0
1350200 3069.8
1350210 3044.9
1350220 3044.9
1350230 3017.4
1350240 2998.4
1350250 2998.4
1350260 2993.4
1350270 2989.2
1350280 2989.2
1350290 2985.7
1350300 2981.0
1350310 2975.7
1350320 2975.7
1350330 2970.8
1350340 2966.3
1350350 2966.3
1350360 2962.0
1350370 2957.4
1350380 2957.4
1350390 2952.3
1350400 2946.9
1350410 2946.9
1350420 2941.5
1350430 2936.0
1350440 2936.0
1350450 2930.0
1350460 2923.9
1350470 2923.9
1350480 2917.8
1350490 2911.2
1350500 2911.2
1350510 2904.5
1350520 2897.9
1350530 2891.5
1350540 2891.5
1350550 2885.5
1350560 2880.0
1350570 2880.0
1350580 2874.7
1350590 2870.1
1350600 2870.1
1350610 2866.4
1350620 2863.1
1350630 2863.1
1350640 2859.9
1350650 2857.1
1350660 2857.1
1350670 2853.5
1350680 2850.0
1350690 2850.0
1350700 2846.3
1350710 2842.0
1350720 2842.0
1350730 2838.0
1350740 2834.1
1350750 2830.6
1350760 2830.6
1350770 2827.4
1350780 2823.7
1350790 2823.7
1350800 2819.6
1350810 2815.3
1350820 2815.3
1350830 2811.1
1350840 2802.7
1350850 2802.7
1350860 2798.7
1350870 2795.5
1350880 2795.5
1350890 2794.6
1350900 2792.7
1350910 2792.7
1350920 2789.9
1350930 2786.3
1350940 2786.3
1350950 2781.7
1350960 2774.3
1350970 2767.9
1350980 2767.9
1350990 2761.6
1351000 2756.5
1351010 2756.5
1351020 2754.7
1351030 2749.7
1351040 2749.7
1351050 2743.2
1351060 2737.5
1351070 2737.5
1351080 2733.9
1351090 2730.8
1351100 2730.8
1351110 2727.2
1351120 2723.8
1351130 2723.8
1351140 2719.5
1351150 2714.7
1351160 2714.7
1351170 2712.7
1351180 2712.5
1351190 2712.6
1351200 2712.6
1351210 2712.0
1351220 2710.7
1351230 2710.7
1351240 2708.6
1351250 2705.5
1351260 2705.5
1351270 2701.1
1351280 2695.4
1351290 2695.4
1351300 2690.3
1351310 2685.5
1351320 2685.5
1351330 2680.5
1351340 2676.7
1351350 2676.7
1351360 2673.9
1351370 2670.8
1351380 2670.8
1351390 2666.7
1351400 2661.0
1351410 2655.5
1351420 2655.5
1351430 2650.7
1351440 2646.0
1351450 2646.0
1351460 2641.1
1351470 2635.4
1351480 2635.4
1351490 2629.4
1351500 2624.6
1351510 2624.6
1351520 2620.3
1351530 2616.2
1351540 2616.2
1351550 2611.6
1351560 2607.3
1351570 2607.3
1351580 2603.7
1351590 2600.3
1351600 2600.3
1351610 2596.7
1351620 2593.2
1351630 2589.9
1351640 2589.9
1351650 2586.6
1351660 2583.3
1351670 2583.3
1351680 2580.0
1351690 2576.7
1351700 2576.7
1351710 2573.6
1351720 2570.5
1351730 2570.5
1351740 2566.9
1351750 2563.4
1351760 2563.4
1351770 2559.7
1351780 2555.6
1351790 2554.2
1351800 2549.3
1351810 2544.5
1351820 2544.5
1351830 2539.9
1351840 2534.6
1351850 2528.8
1351860 2528.8
1351870 2522.9
1351880 2517.0
1351890 2517.0
1351900 2510.5
1351910 2503.8
1351920 2503.8
1351930 2496.1
1351940 2488.9
1351950 2488.9
1351960 2482.4
1351970 2476.8
1351980 2476.8
1351990 2472.5
1352000 2467.5
1352010 2467.5
1352020 2462.8
1352030 2457.8
1352040 2457.8
1352050 2453.3
1352060 2448.4
1352070 2448.4
1352080 2445.9
1352090 2441.3
1352100 2435.3
1352110 2435.3
1352120 2429.5
1352130 2424.7
1352140 2424.7
1352150 2420.7
1352160 2417.0
1352170 2417.0
1352180 2411.9
1352190 2406.0
1352200 2406.0
1352210 2402.4
1352220 2398.3
1352230 2398.3
1352240 2392.6
1352250 2386.5
1352260 2386.5
1352270 2379.8
1352280 2373.6
1352290 2373.6
1352300 2368.8
1352310 2363.7
1352320 2358.5
1352330 2358.5
1352340 2353.8
1352350 2348.4
1352360 2348.4
1352370 2343.9
1352380 2338.8
1352390 2338.8
1352400 2333.5
1352410 2328.4
1352420 2328.4
1352430 2322.1
1352440 2316.0
1352450 2316.0
1352460 2310.4
1352470 2305.0
1352480 2305.0
1352490 2299.9
1352500 2294.2
1352510 2294.2
1352520 2288.3
1352530 2282.6
1352540 2275.3
1352550 2275.3
1352560 2266.6
1352570 2258.1
1352580 2258.1
1352590 2252.1
1352600 2244.5
1352610 2244.5
1352620 2236.1
1352630 2229.1
1352640 2229.1
1352650 2222.2
1352660 2213.5
1352670 2213.5
1352680 2206.0
1352690 2199.0
1352700 2199.0
1352710 2193.6
1352720 2187.4
1352730 2187.4
1352740 2182.1
1352750 2171.7
1352760 2164.8
1352770 2164.8
1352780 2159.8
1352790 2155.3
1352800 2155.3
1352810 2148.8
1352820 2141.9
1352830 2141.9
1352840 2134.8
1352850 2128.0
1352860 2128.0
1352870 2120.4
1352880 2111.4
1352890 2111.4
1352900 2106.6
1352910 2097.6
1352920 2097.6
1352930 2089.1
1352940 2079.9
1352950 2079.9
1352960 2069.1
1352970 2060.7
1352980 2053.8
1352990 2053.8
1353000 2047.9
1353010 2042.1
1353020 2042.1
1353030 2036.4
1353040 2031.0
1353050 2031.0
1353060 2024.6
1353070 2018.0
1353080 2018.0
1353090 2012.0
1353100 2006.6
1353110 2006.6
1353120 2002.1
1353130 1998.7
1353140 1998.7
1353150 1994.9
1353160 1990.9
1353170 1990.9
1353180 1987.8
1353190 1985.2
1353200 1981.5
1353210 1981.5
1353220 1979.0
1353230 1976.9
1353240 1976.9
1353250 1975.3
1353260 1974.0
1353270 1974.0
1353280 1972.2
1353290 1969.6
1353300 1969.6
1353310 1967.5
1353320 1966.1
1353330 1966.1
1353340 1965.2
1353350 1964.2
1353360 1964.2
1353370 1962.9
1353380 1961.7
1353390 1961.7
1353400 1960.6
1353410 1959.5
1353420 1958.4
1353430 1958.4
1353440 1957.5
1353450 1956.5
1353460 1956.5
1353470 1955.4
1353480 1954.4
1353490 1954.4
1353500 1953.5
1353510 1952.7
1353520 1952.7
1353530 1951.8
1353540 1950.0
1353550 1950.0
1353560 1948.9
1353570 1950.1
1353580 1950.1
1353590 1950.9
1353600 1952.7
1353610 1952.7
1353620 1953.7
1353630 1956.5
1353640 1960.1
1353650 1960.1
1353660 1963.0
1353670 1967.1
1353680 1967.1
1353690 1971.4
1353700 1974.3
1353710 1974.3
1353720 1981.0
1353730 1986.8
1353740 1986.8
1353750 1993.1
1353760 2000.5
1353770 2000.5
1353780 2008.1
1353790 2014.8
1353800 2014.8
1353810 2020.5
1353820 2026.9
1353830 2026.9
1353840 2035.3
1353850 2043.3
1353860 2043.3
1353870 2049.7
1353880 2055.5
1353890 2062.1
1353900 2062.1
1353910 2069.4
1353920 2076.8
1353930 2076.8
1353940 2083.0
1353950 2089.7
1353960 2089.7
1353970 2096.5
1353980 2104.8
1353990 2104.8
1354000 2111.2
1354010 2117.7
1354020 2117.7
1354030 2124.1
1354040 2129.7
1354050 2129.7
1354060 2136.1
1354070 2143.0
1354080 2143.0
1354090 2152.3
1354100 2162.7
1354110 2172.8
1354120 2172.8
1354130 2177.4
1354140 2184.2
1354150 2184.2
1354160 2191.7
1354170 2198.8
1354180 2198.8
1354190 2205.6
1354200 2211.3
1354210 2211.3
1354220 2217.2
1354230 2223.8
1354240 2223.8
1354250 2232.6
1354260 2239.3
1354270 2239.3
1354280 2246.3
1354290 2254.8
1354300 2254.8
1354310 2263.1
1354320 2270.9
1354330 2279.4
1354340 2279.4
1354350 2285.6
1354360 2292.1
1354370 2292.1
1354380 2297.9
1354390 2302.5
1354400 2302.5
1354410 2311.7
1354420 2318.9
1354430 2318.9
1354440 2324.4
1354450 2327.3
1354460 2327.3
1354470 2331.5
1354480 2335.6
1354490 2335.6
1354500 2339.6
1354510 2343.1
1354520 2343.1
1354530 2346.5
1354540 2350.0
1354550 2354.1
1354560 2354.1
1354570 2358.8
1354580 2364.0
1354590 2364.0
1354600 2370.5
1354610 2376.9
1354620 2376.9
1354630 2380.9
1354640 2385.7
1354650 2385.7
1354660 2391.4
1354670 2395.0
1354680 2395.0
1354690 2398.3
1354700 2401.4
1354710 2401.4
1354720 2404.3
1354730 2407.1
1354740 2407.1
1354750 2411.2
1354760 2414.9
1354770 2417.9
1354780 2417.9
1354790 2420.9
1354800 2425.0
1354810 2425.0
1354820 2429.3
1354830 2435.5
1354840 2435.5
1354850 2440.9
1354860 2447.1
1354870 2447.1
1354880 2453.6
1354890 2459.6
1354900 2459.6
1354910 2463.6
1354920 2467.8
1354930 2467.8
1354940 2473.7
1354950 2477.1
1354960 2477.1
1354970 2479.4
1354980 2484.7
1354990 2489.0
1355000 2489.0
1355010 2489.7
1355020 2488.8
1355030 2488.8
1355040 2490.0
1355050 2492.0
1355060 2492.0
1355070 2495.6
1355080 2500.9
1355090 2500.9
1355100 2508.6
1355110 2513.7
1355120 2513.7
1355130 2518.0
1355140 2523.0
1355150 2523.0
1355160 2528.1
1355170 2530.3
1355180 2530.3
1355190 2530.9
1355200 2531.3
1355210 2531.7
1355220 2531.7
1355230 2533.2
1355240 2534.8
1355250 2534.8
1355260 2536.4
1355270 2539.9
1355280 2539.9
1355290 2541.8
1355300 2544.2
1355310 2544.2
1355320 2547.3
1355330 2549.1
1355340 2549.1
1355350 2551.1
1355360 2556.4
1355370 2556.4
1355380 2562.4
1355390 2568.4
1355400 2568.4
1355410 2574.6
1355420 2583.8
1355430 2597.4
1355440 2597.4
1355450 2615.9
1355460 2632.5
1355470 2632.5
1355480 2649.6
1355490 2661.9
1355500 2661.9
1355510 2670.2
1355520 2677.4
1355530 2677.4
1355540 2683.9
1355550 2690.2
1355560 2690.2
1355570 2697.7
1355580 2702.4
1355590 2702.4
1355600 2703.1
1355610 2698.9
1355620 2698.9
1355630 2694.3
1355640 2690.7
1355650 2690.7
1355660 2684.3
1355670 2679.4
1355680 2692.8
1355690 2692.8
1355700 2692.6
1355710 2691.7
1355720 2691.7
1355730 2688.9
1355740 2689.3
1355750 2689.3
1355760 2690.0
1355770 2693.0
1355780 2693.0
1355790 2695.2
1355800 2695.3
1355810 2695.3
1355820 2692.9
1355830 2687.1
1355840 2687.1
1355850 2682.6
1355860 2679.1
1355870 2679.1
1355880 2673.9
1355890 2669.2
1355900 2664.2
1355910 2664.2
1355920 2659.5
1355930 2655.2
1355940 2655.2
1355950 2649.2
1355960 2643.6
1355970 2643.6
1355980 2639.5
1355990 2636.6
1356000 2636.6
1356010 2633.6
1356020 2629.7
1356030 2629.7
1356040 2626.4
1356050 2623.5
1356060 2623.5
1356070 2619.9
1356080 2614.9
1356090 2614.9
1356100 2608.6
1356110 2597.8
1356120 2587.6
1356130 2587.6
1356140 2577.0
1356150 2567.1
1356160 2567.1
1356170 2558.1
1356180 2550.3
1356190 2550.3
1356200 2543.2
1356210 2537.3
1356220 2537.3
1356230 2532.5
1356240 2528.1
1356250 2528.1
1356260 2523.3
1356270 2518.8
1356280 2518.8
1356290 2514.6
1356300 2511.2
1356310 2511.2
1356320 2507.4
1356330 2502.0
1356340 2496.3
1356350 2496.3
1356360 2492.2
1356370 2489.9
1356380 2489.9
1356390 2487.8
1356400 2486.0
1356410 2486.0
1356420 2482.1
1356430 2473.8
1356440 2473.8
1356450 2468.3
1356460 2464.0
1356470 2464.0
1356480 2460.0
1356490 2456.2
1356500 2456.2
1356510 2451.9
1356520 2447.7
1356530 2447.7
1356540 2444.1
1356550 2441.0
1356560 2436.5
1356570 2436.5
1356580 2432.9
1356590 2432.4
1356600 2432.4
1356610 2432.5
1356620 2431.9
1356630 2431.9
1356640 2429.8
1356650 2427.1
1356660 2427.1
1356670 2421.8
1356680 2415.5
1356690 2415.5
1356700 2409.4
1356710 2403.7
1356720 2403.7
1356730 2397.9
1356740 2392.2
1356750 2392.2
1356760 2387.8
1356770 2380.2
1356780 2370.0
1356790 2370.0
1356800 2359.5
1356810 2353.8
1356820 2353.8
1356830 2348.8
1356840 2343.0
1356850 2343.0
1356860 2339.2
1356870 2335.3
1356880 2335.3
1356890 2333.0
1356900 2330.3
1356910 2330.3
1356920 2326.2
1356930 2320.2
1356940 2320.2
1356950 2311.6
1356960 2304.0
1356970 2304.0
1356980 2296.1
1356990 2289.1
1357000 2281.3
1357010 2281.3
1357020 2274.1
1357030 2267.5
1357040 2267.5
1357050 2261.6
1357060 2255.7
1357070 2255.7
1357080 2249.6
1357090 2243.8
1357100 2243.8
1357110 2238.3
1357120 2232.3
1357130 2232.3
1357140 2226.3
1357150 2220.0
1357160 2220.0
1357170 2212.7
1357180 2206.4
1357190 2206.4
1357200 2200.9
1357210 2195.1
1357220 2189.7
1357230 2189.7
1357240 2184.3
1357250 2177.8
1357260 2177.8
1357270 2171.5
1357280 2165.1
1357290 2165.1
1357300 2158.2
1357310 2150.1
1357320 2150.1
1357330 2141.5
1357340 2134.6
1357350 2134.6
1357360 2128.1
1357370 2122.4
1357380 2122.4
1357390 2116.8
1357400 2111.3
1357410 2111.3
1357420 2106.5
1357430 2101.6
1357440 2095.6
1357450 2095.6
1357460 2090.2
1357470 2085.2
1357480 2085.2
1357490 2080.4
1357500 2074.6
1357510 2074.6
1357520 2068.2
1357530 2061.7
1357540 2061.7
1357550 2055.8
1357560 2049.7
1357570 2049.7
1357580 2043.0
1357590 2035.5
1357600 2035.5
1357610 2029.7
1357620 2024.1
1357630 2024.1
1357640 2019.0
1357650 2012.8
1357660 2010.1
1357670 2003.3
1357680 1997.1
1357690 1990.5
1357700 1990.5
1357710 1983.0
1357720 1975.1
1357730 1975.1
1357740 1967.8
1357750 1960.5
1357760 1960.5
1357770 1952.5
1357780 1945.7
1357790 1945.7
1357800 1938.6
1357810 1929.1
1357820 1929.1
1357830 1920.1
1357840 1910.0
1357850 1910.0
1357860 1905.7
1357870 1904.9
1357880 1904.9
1357890 1908.6
1357900 1910.3
1357910 1910.3
1357920 1910.3
1357930 1916.3
1357940 1919.3
1357950 1919.3
1357960 1918.1
1357970 1913.1
1357980 1913.1
1357990 1906.6
1358000 1893.4
1358010 1893.4
1358020 1885.3
1358030 1888.5
1358040 1888.5
1358050 1892.2
1358060 1886.0
1358070 1886.0
1358080 1875.4
1358090 1866.2
1358100 1866.2
1358110 1862.0
1358120 1860.1
1358130 1854.3
1358140 1854.3
1358150 1848.3
1358160 1843.0
1358170 1843.0
1358180 1837.3
1358190 1830.4
1358200 1830.4
1358210 1823.0
1358220 1816.0
1358230 1816.0
1358240 1811.2
1358250 1806.9
1358260 1806.9
1358270 1803.6
1358280 1799.3
1358290 1799.3
1358300 1795.8
1358310 1791.6
1358320 1791.6
1358330 1786.1
1358340 1780.1
1358350 1775.3
1358360 1775.3
1358370 1772.8
1358380 1771.8
1358390 1771.8
1358400 1770.1
1358410 1766.9
1358420 1766.9
1358430 1764.0
1358440 1763.4
1358450 1763.4
1358460 1760.8
1358470 1758.0
1358480 1758.0
1358490 1755.8
1358500 1754.3
1358510 1754.3
1358520 1752.4
1358530 1750.7
1358540 1750.7
1358550 1747.7
1358560 1744.7
1358570 1739.9
1358580 1739.9
1358590 1734.9
1358600 1732.0
1358610 1732.0
1358620 1729.4
1358630 1726.9
1358640 1726.9
1358650 1724.2
1358660 1720.9
1358670 1723.6
1358680 1719.9
1358690 1715.9
1358700 1715.9
1358710 1712.0
1358720 1708.7
1358730 1708.7
1358740 1706.2
1358750 1705.4
1358760 1705.4
1358770 1705.5
1358780 1705.8
1358790 1705.9
1358800 1705.9
1358810 1706.1
1358820 1706.2
1358830 1706.2
1358840 1706.3
1358850 1706.5
1358860 1706.5
1358870 1706.6
1358880 1706.7
1358890 1706.7
1358900 1706.9
1358910 1707.1
1358920 1707.1
1358930 1707.0
1358940 1707.2
1358950 1707.2
1358960 1707.4
1358970 1707.9
1358980 1707.9
1358990 1709.5
1359000 1712.5
1359010 1714.8
1359020 1714.8
1359030 1717.4
1359040 1721.4
1359050 1721.4
1359060 1725.9
1359070 1729.8
1359080 1729.8
1359090 1733.8
1359100 1736.5
1359110 1736.5
1359120 1739.7
1359130 1744.2
1359140 1744.2
1359150 1748.9
1359160 1753.2
1359170 1753.2
1359180 1757.8
1359190 1762.4
1359200 1762.4
1359210 1767.2
1359220 1771.5
1359230 1775.1
1359240 1775.1
1359250 1779.9
1359260 1783.3
1359270 1783.3
1359280 1785.5
1359290 1788.3
1359300 1788.3
1359310 1792.7
1359320 1796.6
1359330 1796.6
1359340 1802.3
1359350 1808.2
1359360 1808.2
1359370 1814.4
1359380 1821.3
1359390 1821.3
1359400 1827.2
1359410 1832.8
1359420 1832.8
1359430 1838.7
1359440 1845.5
1359450 1845.5
1359460 1853.5
1359470 1860.4
1359480 1865.2
1359490 1865.2
1359500 1870.1
1359510 1878.2
1359520 1878.2
1359530 1886.4
1359540 1896.2
1359550 1896.2
1359560 1906.0
1359570 1912.5
1359580 1912.5
1359590 1919.7
1359600 1925.2
1359610 1925.2
1359620 1930.5
1359630 1936.1
1359640 1936.1
1359650 1939.3
1359660 1938.4
1359670 1938.4
1359680 1939.7
1359690 1945.4
1359700 1951.8
1359710 1951.8
1359720 1959.5
1359730 1967.1
1359740 1967.1
1359750 1973.2
1359760 1978.7
1359770 1978.7
1359780 1984.3
1359790 1990.5
1359800 1990.5
1359810 1998.1
1359820 2005.1
1359830 2005.1
1359840 2010.1
1359850 2013.9
1359860 2013.9
1359870 2010.8
1359880 1997.2
1359890 1997.2
1359900 2000.8
1359910 2008.1
1359920 2015.4
1359930 2015.4
1359940 2019.8
1359950 2023.4
1359960 2023.4
1359970 2028.2
1359980 2035.9
1359990 2035.9
