1340000 1913.4
1340010 1906.2
1340020 1906.2
1340030 1898.4
1340040 1890.3
1340050 1882.9
1340060 1882.9
1340070 1875.7
1340080 1867.5
1340090 1867.5
1340100 1860.3
1340110 1853.8
1340120 1853.8
1340130 1845.8
1340140 1836.5
1340150 1836.5
1340160 1827.8
1340170 1822.3
1340180 1822.3
1340190 1824.5
1340200 1827.7
1340210 1827.7
1340220 1820.0
1340230 1812.6
1340240 1812.6
1340250 1817.4
1340260 1816.8
1340270 1815.1
1340280 1815.1
1340290 1811.2
1340300 1804.1
1340310 1804.1
1340320 1796.2
1340330 1789.5
1340340 1789.5
1340350 1782.3
1340360 1773.5
1340370 1773.5
1340380 1764.5
1340390 1756.0
1340400 1756.0
1340410 1745.3
1340420 1738.5
1340430 1738.5
1340440 1730.8
1340450 1723.4
1340460 1723.4
1340470 1716.1
1340480 1708.4
1340490 1699.7
1340500 1699.7
1340510 1689.7
1340520 1679.2
1340530 1679.2
1340540 1669.3
1340550 1660.2
1340560 1660.2
1340570 1652.5
1340580 1645.0
1340590 1645.0
1340600 1638.4
1340610 1631.8
1340620 1631.8
1340630 1627.5
1340640 1627.7
1340650 1627.7
1340660 1626.6
1340670 1626.4
1340680 1626.4
1340690 1626.1
1340700 1626.6
1340710 1626.5
1340720 1626.5
1340730 1627.8
1340740 1631.0
1340750 1631.0
1340760 1636.0
1340770 1640.6
1340780 1640.6
1340790 1647.1
1340800 1653.0
1340810 1653.0
1340820 1659.0
1340830 1664.9
1340840 1664.9
1340850 1671.4
1340860 1678.3
1340870 1678.3
1340880 1684.8
1340890 1691.3
1340900 1691.3
1340910 1697.8
1340920 1704.9
1340930 1712.8
1340940 1712.8
1340950 1720.6
1340960 1728.1
1340970 1728.1
1340980 1735.9
1340990 1743.9
1341000 1743.9
1341010 1752.5
1341020 1760.1
1341030 1760.1
1341040 1766.7
1341050 1774.3
1341060 1774.3
1341070 1783.3
1341080 1815.3
1341090 1815.3
1341100 1863.0
1341110 1881.2
1341120 1881.2
1341130 1896.4
1341140 1908.9
1341150 1920.7
1341160 1920.7
1341170 1931.3
1341180 1941.2
1341190 1941.2
1341200 1951.8
1341210 1962.8
1341220 1962.8
1341230 1973.3
1341240 1983.9
1341250 1983.9
1341260 2001.2
1341270 2020.2
1341280 2020.2
1341290 2036.0
1341300 2051.7
1341310 2051.7
1341320 2064.2
1341330 2076.2
1341340 2076.2
1341350 2085.1
1341360 2089.4
1341370 2084.4
1341380 2084.4
1341390 2084.1
1341400 2088.1
1341410 2088.1
1341420 2084.1
1341430 2079.3
1341440 2079.3
1341450 2073.6
1341460 2068.0
1341470 2068.0
1341480 2062.2
1341490 2061.3
1341500 2061.3
1341510 2064.4
1341520 2063.0
1341530 2063.0
1341540 2059.5
1341550 2057.2
1341560 2057.2
1341570 2056.8
1341580 2061.9
1341590 2061.9
1341600 2070.0
1341610 2081.4
1341620 2096.4
1341630 2096.4
1341640 2111.8
1341650 2124.8
1341660 2124.8
1341670 2139.1
1341680 2153.7
1341690 2153.7
1341700 2163.4
1341710 2171.9
1341720 2171.9
1341730 2179.7
1341740 2188.8
1341750 2188.8
1341760 2198.4
1341770 2206.0
1341780 2206.0
1341790 2213.5
1341800 2221.7
1341810 2221.7
1341820 2230.7
1341830 2240.1
1341840 2248.1
1341850 2248.1
1341860 2256.6
1341870 2264.0
1341880 2264.0
1341890 2270.8
1341900 2278.0
1341910 2278.0
1341920 2284.8
1341930 2295.3
1341940 2295.3
1341950 2301.2
1341960 2308.2
1341970 2308.2
1341980 2315.8
1341990 2323.2
1342000 2323.2
1342010 2330.5
1342020 2338.4
1342030 2338.4
1342040 2348.1
1342050 2357.8
1342060 2367.5
1342070 2367.5
1342080 2377.7
1342090 2387.7
1342100 2387.7
1342110 2397.4
1342120 2407.0
1342130 2407.0
1342140 2416.9
1342150 2428.8
1342160 2428.8
1342170 2437.4
1342180 2444.5
1342190 2444.5
1342200 2451.7
1342210 2459.1
1342220 2459.1
1342230 2467.6
1342240 2476.3
1342250 2476.3
1342260 2484.5
1342270 2492.6
1342280 2500.7
1342290 2500.7
1342300 2507.6
1342310 2513.7
1342320 2513.7
1342330 2519.4
1342340 2524.9
1342350 2524.9
1342360 2531.0
1342370 2537.6
1342380 2537.6
1342390 2545.5
1342400 2554.4
1342410 2554.4
1342420 2564.5
1342430 2574.5
1342440 2574.5
1342450 2585.6
1342460 2596.2
1342470 2596.2
1342480 2605.7
1342490 2614.8
1342500 2624.5
1342510 2624.5
1342520 2633.4
1342530 2640.9
1342540 2640.9
1342550 2649.2
1342560 2658.5
1342570 2658.5
1342580 2669.5
1342590 2673.1
1342600 2673.1
1342610 2661.8
1342620 2651.2
1342630 2651.2
1342640 2644.0
1342650 2635.4
1342660 2635.4
1342670 2627.6
1342680 2620.5
1342690 2620.5
1342700 2614.9
1342710 2601.8
1342720 2590.2
1342730 2590.2
1342740 2574.7
1342750 2553.9
1342760 2553.9
1342770 2533.9
1342780 2518.4
1342790 2518.4
1342800 2511.8
1342810 2506.5
1342820 2509.2
1342830 2503.4
1342840 2497.6
1342850 2497.6
1342860 2491.1
1342870 2484.8
1342880 2484.8
1342890 2479.0
1342900 2473.4
1342910 2473.4
1342920 2467.8
1342930 2463.4
1342940 2460.6
1342950 2460.6
1342960 2457.7
1342970 2454.8
1342980 2454.8
1342990 2451.6
1343000 2447.6
1343010 2447.6
1343020 2445.6
1343030 2445.4
1343040 2445.4
1343050 2447.9
1343060 2453.4
1343070 2453.4
1343080 2455.5
1343090 2456.3
1343100 2456.3
1343110 2457.1
1343120 2457.7
1343130 2457.7
1343140 2458.4
1343150 2459.2
1343160 2459.2
1343170 2459.7
1343180 2459.5
1343190 2456.9
1343200 2456.9
1343210 2454.4
1343220 2454.4
1343230 2454.4
1343240 2453.1
1343250 2449.5
1343260 2449.5
1343270 2448.3
1343280 2448.8
1343290 2448.8
1343300 2446.3
1343310 2443.0
1343320 2443.0
1343330 2443.6
1343340 2444.5
1343350 2444.5
1343360 2444.0
1343370 2443.9
1343380 2443.9
1343390 2444.1
1343400 2442.9
1343410 2438.7
1343420 2438.7
1343430 2434.3
1343440 2430.3
1343450 2430.3
1343460 2429.3
1343470 2429.2
1343480 2429.2
1343490 2430.3
1343500 2431.5
1343510 2431.5
1343520 2432.5
1343530 2433.6
1343540 2433.6
1343550 2434.0
1343560 2433.5
1343570 2433.5
1343580 2432.2
1343590 2430.3
1343600 2430.3
1343610 2431.6
1343620 2435.3
1343630 2440.9
1343640 2440.9
1343650 2446.7
1343660 2452.7
1343670 2452.7
1343680 2462.3
1343690 2459.6
1343700 2459.6
1343710 2448.2
1343720 2446.5
1343730 2446.5
1343740 2443.7
1343750 2439.8
1343760 2439.8
1343770 2436.0
1343780 2433.1
1343790 2433.1
1343800 2430.0
1343810 2427.0
1343820 2427.0
1343830 2423.6
1343840 2420.5
1343850 2416.9
1343860 2416.9
1343870 2409.7
1343880 2401.1
1343890 2401.1
1343900 2395.0
1343910 2389.1
1343920 2389.1
1343930 2384.8
1343940 2381.8
1343950 2381.8
1343960 2377.2
1343970 2372.6
1343980 2372.6
1343990 2368.6
1344000 2365.4
1344010 2365.4
1344020 2361.7
1344030 2358.6
1344040 2358.6
1344050 2355.9
1344060 2354.1
1344070 2352.9
1344080 2352.9
1344090 2351.1
1344100 2348.7
1344110 2348.7
1344120 2346.1
1344130 2343.5
1344140 2343.5
1344150 2341.0
1344160 2338.3
1344170 2338.3
1344180 2334.9
1344190 2331.7
1344200 2331.7
1344210 2328.8
1344220 2325.8
1344230 2325.8
1344240 2324.2
1344250 2321.9
1344260 2321.9
1344270 2319.1
1344280 2316.2
1344290 2313.6
1344300 2313.6
1344310 2310.9
1344320 2308.9
1344330 2308.9
1344340 2307.9
1344350 2306.9
1344360 2306.9
1344370 2303.4
1344380 2301.8
1344390 2301.8
1344400 2301.1
1344410 2300.0
1344420 2300.0
1344430 2299.9
1344440 2299.2
1344450 2299.2
1344460 2298.5
1344470 2298.8
1344480 2298.8
1344490 2298.4
1344500 2296.8
1344510 2294.7
1344520 2294.7
1344530 2292.1
1344540 2289.4
1344550 2289.4
1344560 2286.3
1344570 2283.3
1344580 2283.3
1344590 2281.3
1344600 2279.4
1344610 2279.4
1344620 2277.8
1344630 2281.7
1344640 2281.7
1344650 2277.3
1344660 2271.6
1344670 2271.6
1344680 2265.5
1344690 2258.0
1344700 2258.0
1344710 2246.5
1344720 2237.1
1344730 2228.8
1344740 2228.8
1344750 2221.7
1344760 2215.2
1344770 2215.2
1344780 2208.7
1344790 2202.1
1344800 2202.1
1344810 2195.6
1344820 2190.0
1344830 2190.0
1344840 2183.6
1344850 2179.8
1344860 2179.8
1344870 2179.1
1344880 2172.9
1344890 2172.9
1344900 2167.9
1344910 2163.2
1344920 2163.2
1344930 2160.3
1344940 2156.5
1344950 2156.5
1344960 2150.2
1344970 2142.4
1344980 2133.0
1344990 2133.0
1345000 2122.5
1345010 2114.9
1345020 2114.9
1345030 2112.9
1345040 2112.0
1345050 2112.0
1345060 2107.6
1345070 2103.4
1345080 2103.4
1345090 2098.9
1345100 2094.2
1345110 2094.2
1345120 2091.3
1345130 2086.9
1345140 2086.9
1345150 2082.1
1345160 2075.7
1345170 2075.7
1345180 2072.1
1345190 2070.8
1345200 2070.7
1345210 2070.7
1345220 2070.6
1345230 2066.7
1345240 2066.7
1345250 2061.0
1345260 2053.6
1345270 2053.6
1345280 2044.9
1345290 2036.5
1345300 2036.5
1345310 2026.4
1345320 2011.6
1345330 2011.6
1345340 1996.4
1345350 1988.2
1345360 1988.2
1345370 1976.6
1345380 1960.1
1345390 1960.1
1345400 1948.9
1345410 1942.8
1345420 1939.4
1345430 1939.4
1345440 1936.7
1345450 1931.9
1345460 1931.9
1345470 1926.2
1345480 1920.5
1345490 1920.5
1345500 1915.0
1345510 1909.5
1345520 1909.5
1345530 1903.7
1345540 1900.0
1345550 1900.0
1345560 1893.1
1345570 1886.3
1345580 1886.3
1345590 1879.4
1345600 1872.8
1345610 1872.8
1345620 1866.9
1345630 1862.4
1345640 1858.3
1345650 1858.3
1345660 1853.7
1345670 1849.2
1345680 1849.2
1345690 1844.4
1345700 1843.1
1345710 1843.1
1345720 1843.1
1345730 1843.1
1345740 1843.1
1345750 1843.1
1345760 1843.1
1345770 1843.1
1345780 1843.1
1345790 1843.1
1345800 1843.1
1345810 1843.1
1345820 1843.1
1345830 1843.1
1345840 1843.1
1345850 1843.1
1345860 1843.1
1345870 1843.1
1345880 1843.0
1345890 1843.0
1345900 1843.0
1345910 1843.0
1345920 1843.0
1345930 1843.0
1345940 1843.0
1345950 1843.0
1345960 1843.0
1345970 1843.0
1345980 1843.0
1345990 1843.0
1346000 1843.0
1346010 1843.0
1346020 1843.0
1346030 1843.0
1346040 1843.0
1346050 1843.0
1346060 1843.0
1346070 1843.0
1346080 1843.0
1346090 1843.0
1346100 1843.0
1346110 1843.0
1346120 1843.0
1346130 1843.0
1346140 1843.0
1346150 1843.0
1346160 1843.2
1346170 1848.2
1346180 1848.2
1346190 1854.4
1346200 1859.6
1346210 1859.6
1346220 1865.3
1346230 1869.9
1346240 1869.9
1346250 1874.3
1346260 1879.4
1346270 1879.4
1346280 1884.4
1346290 1888.9
1346300 1893.6
1346310 1893.6
1346320 1898.1
1346330 1903.3
1346340 1903.3
1346350 1908.6
1346360 1912.7
1346370 1912.7
1346380 1916.9
1346390 1922.8
1346400 1922.8
1346410 1930.1
1346420 1937.7
1346430 1937.7
1346440 1945.9
1346450 1946.1
1346460 1946.1
1346470 1950.4
1346480 1958.3
1346490 1958.3
1346500 1970.4
1346510 1979.5
1346520 1979.5
1346530 1985.3
1346540 1993.6
1346550 2006.2
1346560 2006.2
1346570 2015.1
1346580 2020.0
1346590 2020.0
1346600 2025.5
1346610 2030.4
1346620 2030.4
1346630 2034.2
1346640 2036.9
1346650 2036.9
1346660 2039.2
1346670 2041.3
1346680 2041.3
1346690 2043.2
1346700 2044.6
1346710 2044.6
1346720 2045.1
1346730 2046.6
1346740 2046.6
1346750 2049.1
1346760 2050.8
1346770 2053.9
1346780 2053.9
1346790 2056.9
1346800 2058.1
1346810 2058.1
1346820 2057.7
1346830 2058.7
1346840 2058.7
1346850 2060.4
1346860 2061.3
1346870 2061.3
1346880 2062.5
1346890 2063.9
1346900 2063.9
1346910 2064.6
1346920 2066.8
1346930 2066.8
1346940 2069.4
1346950 2070.6
1346960 2070.6
1346970 2072.7
1346980 2077.0
1346990 2081.3
1347000 2081.3
1347010 2083.8
1347020 2085.7
1347030 2085.7
1347040 2087.8
1347050 2091.8
1347060 2091.8
1347070 2098.3
1347080 2103.5
1347090 2103.5
1347100 2107.8
1347110 2112.1
1347120 2112.1
1347130 2117.3
1347140 2123.1
1347150 2123.1
1347160 2128.7
1347170 2133.7
1347180 2133.7
1347190 2138.7
1347200 2144.0
1347210 2149.4
1347220 2149.4
1347230 2155.0
1347240 2161.5
1347250 2161.5
1347260 2167.9
1347270 2174.2
1347280 2174.2
1347290 2180.7
1347300 2187.5
1347310 2187.5
1347320 2194.7
1347330 2201.4
1347340 2201.4
1347350 2208.1
1347360 2214.3
1347370 2213.5
1347380 2221.4
1347390 2229.7
1347400 2229.7
1347410 2237.4
1347420 2245.6
1347430 2254.4
1347440 2254.4
1347450 2262.5
1347460 2268.8
1347470 2268.8
1347480 2274.6
1347490 2280.0
1347500 2280.0
1347510 2285.8
1347520 2291.4
1347530 2291.4
1347540 2297.3
1347550 2303.0
1347560 2303.0
1347570 2308.8
1347580 2313.8
1347590 2313.8
1347600 2318.6
1347610 2323.3
1347620 2323.3
1347630 2328.4
1347640 2333.4
1347650 2338.4
1347660 2338.4
1347670 2342.7
1347680 2346.5
1347690 2346.5
1347700 2350.4
1347710 2354.6
1347720 2354.6
1347730 2359.4
1347740 2363.9
1347750 2363.9
1347760 2368.0
1347770 2372.8
1347780 2372.8
1347790 2378.8
1347800 2383.7
1347810 2383.7
1347820 2387.1
1347830 2389.9
1347840 2389.9
1347850 2393.0
1347860 2396.6
1347870 2400.8
1347880 2400.8
1347890 2405.1
1347900 2408.5
1347910 2408.5
1347920 2412.4
1347930 2415.4
1347940 2415.4
1347950 2419.8
1347960 2423.2
1347970 2423.2
1347980 2427.6
1347990 2432.3
1348000 2432.3
1348010 2436.0
1348020 2438.9
1348030 2438.9
1348040 2441.7
1348050 2444.8
1348060 2444.8
1348070 2448.7
1348080 2452.5
1348090 2452.5
1348100 2455.3
1348110 2458.1
1348120 2460.6
1348130 2460.6
1348140 2464.0
1348150 2467.1
1348160 2467.1
1348170 2469.6
1348180 2472.8
1348190 2472.8
1348200 2476.2
1348210 2479.4
1348220 2479.4
1348230 2482.3
1348240 2485.8
1348250 2485.8
1348260 2490.0
1348270 2493.2
1348280 2493.2
1348290 2495.9
1348300 2496.0
1348310 2496.0
1348320 2498.2
1348330 2500.6
1348340 2503.5
1348350 2503.5
1348360 2506.9
1348370 2510.4
1348380 2510.4
1348390 2513.9
1348400 2517.5
1348410 2517.5
1348420 2521.5
1348430 2525.5
1348440 2525.5
1348450 2529.9
1348460 2534.8
1348470 2534.8
1348480 2539.7
1348490 2544.8
1348500 2544.8
1348510 2549.7
1348520 2554.4
1348530 2554.4
1348540 2559.0
1348550 2562.8
1348560 2565.5
1348570 2565.5
1348580 2568.2
1348590 2571.4
1348600 2571.4
1348610 2574.9
1348620 2578.5
1348630 2578.5
1348640 2582.2
1348650 2585.8
1348660 2585.8
1348670 2589.1
1348680 2592.0
1348690 2592.0
1348700 2594.5
1348710 2598.0
1348720 2598.0
1348730 2600.7
1348740 2601.8
1348750 2601.8
1348760 2603.2
1348770 2604.4
1348780 2606.0
1348790 2606.0
1348800 2607.3
1348810 2608.3
1348820 2608.3
1348830 2609.1
1348840 2609.8
1348850 2609.8
1348860 2611.5
1348870 2614.3
1348880 2614.3
1348890 2618.3
1348900 2622.0
1348910 2622.0
1348920 2624.7
1348930 2627.1
1348940 2627.1
1348950 2630.0
1348960 2633.2
1348970 2633.2
1348980 2636.2
1348990 2638.9
1349000 2640.9
1349010 2640.9
1349020 2642.8
1349030 2644.9
1349040 2644.9
1349050 2646.9
1349060 2648.8
1349070 2648.8
1349080 2651.1
1349090 2653.4
1349100 2653.4
1349110 2655.9
1349120 2657.8
1349130 2657.8
1349140 2659.8
1349150 2662.1
1349160 2662.1
1349170 2665.0
1349180 2667.9
1349190 2667.9
1349200 2670.5
1349210 2673.4
1349220 2676.7
1349230 2676.7
1349240 2681.5
1349250 2685.9
1349260 2685.9
1349270 2691.1
1349280 2697.2
1349290 2697.2
1349300 2703.5
1349310 2709.5
1349320 2709.5
1349330 2713.9
1349340 2718.6
1349350 2718.6
1349360 2722.8
1349370 2726.4
1349380 2726.4
1349390 2730.6
1349400 2734.9
1349410 2734.9
1349420 2739.2
1349430 2744.2
1349440 2752.6
1349450 2752.6
1349460 2762.8
1349470 2771.7
1349480 2771.7
1349490 2779.0
1349500 2786.1
1349510 2786.1
1349520 2792.8
1349530 2799.6
1349540 2799.6
1349550 2808.2
1349560 2816.6
1349570 2816.6
1349580 2823.7
1349590 2829.8
1349600 2829.8
1349610 2835.9
1349620 2842.6
1349630 2842.6
1349640 2849.3
1349650 2855.9
1349660 2855.9
1349670 2862.3
1349680 2868.4
1349690 2874.4
1349700 2874.4
1349710 2880.1
1349720 2885.7
1349730 2885.7
1349740 2891.2
1349750 2896.7
1349760 2896.7
1349770 2902.0
1349780 2907.2
1349790 2907.2
1349800 2912.5
1349810 2917.9
1349820 2917.9
1349830 2923.3
1349840 2928.7
1349850 2928.7
1349860 2934.4
1349870 2940.3
1349880 2940.3
1349890 2946.3
1349900 2952.7
1349910 2959.7
1349920 2959.7
1349930 2967.6
1349940 2987.6
1349950 2987.6
1349960 3007.9
1349970 3023.4
1349980 3023.4
1349990 3038.9
1350000 3053.5
1350010 3053.5
1350020 3068.2
1350030 3079.3
1350040 3079.3
1350050 3090.8
1350060 3102.3
1350070 3102.3
1350080 3114.8
1350090 3126.9
1350100 3126.9
1350110 3126.7
1350120 3111.4
1350130 3077.5
1350140 3077.5
1350150 3050.3
1350160 3041.1
1350170 3041.1
1350180 3032.6
1350190 3026.0
1350200 3026.0
1350210 3019.6
1350220 3013.9
1350230 3013.9
1350240 3008.6
1350250 3003.6
1350260 3003.6
1350270 2998.7
1350280 2994.0
1350290 2994.0
1350300 2989.9
1350310 2986.2
1350320 2986.2
1350330 2981.9
1350340 2976.9
1350350 2971.7
1350360 2971.7
1350370 2966.6
1350380 2962.0
1350390 2962.0
1350400 2957.7
1350410 2952.8
1350420 2952.8
1350430 2948.3
1350440 2943.6
1350450 2943.6
1350460 2938.7
1350470 2933.5
1350480 2933.5
1350490 2928.3
1350500 2923.5
1350510 2923.5
1350520 2918.2
1350530 2913.0
1350540 2913.0
1350550 2908.0
1350560 2903.2
1350570 2897.9
1350580 2897.9
1350590 2893.8
1350600 2890.5
1350610 2890.5
1350620 2887.4
1350630 2883.3
1350640 2883.3
1350650 2879.7
1350660 2875.8
1350670 2875.8
1350680 2871.8
1350690 2867.7
1350700 2867.7
1350710 2863.9
1350720 2859.4
1350730 2859.4
1350740 2854.4
1350750 2849.5
1350760 2849.5
1350770 2845.0
1350780 2842.3
1350790 2839.2
1350800 2839.2
1350810 2835.5
1350820 2832.0
1350830 2832.0
1350840 2828.1
1350850 2823.3
1350860 2823.3
1350870 2818.3
1350880 2815.7
1350890 2815.7
1350900 2811.8
1350910 2807.0
1350920 2807.0
1350930 2803.9
1350940 2799.6
1350950 2799.6
1350960 2794.3
1350970 2790.4
1350980 2790.4
1350990 2785.2
1351000 2779.8
1351010 2774.0
1351020 2774.0
1351030 2768.9
1351040 2765.1
1351050 2765.1
1351060 2761.4
1351070 2758.2
1351080 2758.2
1351090 2754.9
1351100 2752.1
1351110 2752.1
1351120 2748.3
1351130 2742.5
1351140 2742.5
1351150 2740.5
1351160 2738.4
1351170 2738.4
1351180 2734.5
1351190 2729.8
1351200 2729.8
1351210 2725.9
1351220 2720.9
1351230 2720.9
1351240 2716.5
1351250 2711.5
1351260 2708.6
1351270 2708.6
1351280 2707.5
1351290 2706.9
1351300 2706.9
1351310 2705.9
1351320 2704.1
1351330 2704.1
1351340 2700.7
1351350 2696.0
1351360 2696.0
1351370 2690.9
1351380 2686.3
1351390 2686.3
1351400 2682.4
1351410 2678.6
1351420 2678.6
1351430 2675.1
1351440 2671.8
1351450 2671.8
1351460 2668.6
1351470 2666.4
1351480 2664.9
1351490 2664.9
1351500 2661.8
1351510 2657.6
1351520 2657.6
1351530 2651.7
1351540 2646.7
1351550 2646.7
1351560 2642.5
1351570 2638.3
1351580 2638.3
1351590 2632.5
1351600 2628.0
1351610 2628.0
1351620 2624.3
1351630 2620.2
1351640 2620.2
1351650 2616.4
1351660 2612.3
1351670 2612.3
1351680 2608.5
1351690 2604.9
1351700 2601.5
1351710 2601.5
1351720 2599.4
1351730 2596.8
1351740 2596.8
1351750 2592.8
1351760 2588.3
1351770 2588.3
1351780 2582.9
1351790 2578.6
1351800 2578.6
1351810 2574.8
1351820 2571.4
1351830 2571.4
1351840 2567.9
1351850 2564.0
1351860 2564.0
1351870 2560.1
1351880 2555.0
1351890 2555.0
1351900 2549.5
1351910 2545.5
1351920 2541.7
1351930 2541.7
1351940 2535.7
1351950 2529.8
1351960 2529.8
1351970 2523.5
1351980 2515.9
1351990 2515.9
1352000 2509.9
1352010 2504.7
1352020 2504.7
1352030 2500.9
1352040 2496.3
1352050 2496.3
1352060 2492.2
1352070 2488.9
1352080 2488.9
1352090 2483.2
1352100 2480.9
1352110 2480.9
1352120 2477.5
1352130 2473.0
1352140 2466.5
1352150 2466.5
1352160 2459.4
1352170 2454.0
1352180 2454.0
1352190 2449.3
1352200 2445.7
1352210 2445.7
1352220 2442.0
1352230 2438.6
1352240 2438.6
1352250 2435.3
1352260 2432.3
1352270 2432.3
1352280 2429.4
1352290 2425.5
1352300 2425.5
1352310 2420.8
1352320 2416.1
1352330 2416.1
1352340 2411.5
1352350 2406.6
1352360 2401.2
1352370 2401.2
1352380 2395.7
1352390 2389.7
1352400 2389.7
1352410 2383.7
1352420 2378.0
1352430 2378.0
1352440 2371.9
1352450 2366.5
1352460 2366.5
1352470 2361.6
1352480 2353.8
1352490 2353.8
1352500 2345.7
1352510 2335.5
1352520 2335.5
1352530 2327.0
1352540 2318.3
1352550 2318.3
1352560 2308.9
1352570 2300.0
1352580 2291.3
1352590 2291.3
1352600 2279.9
1352610 2269.2
1352620 2269.2
1352630 2262.4
1352640 2255.8
1352650 2255.8
1352660 2249.3
1352670 2243.3
1352680 2243.3
1352690 2237.2
1352700 2231.5
1352710 2231.5
1352720 2226.3
1352730 2221.6
1352740 2221.6
1352750 2216.8
1352760 2211.0
1352770 2211.0
1352780 2205.9
1352790 2199.9
1352800 2192.6
1352810 2192.6
1352820 2187.6
1352830 2185.2
1352840 2185.2
1352850 2181.3
1352860 2176.4
1352870 2176.4
1352880 2170.6
1352890 2165.1
1352900 2165.1
1352910 2159.7
1352920 2153.3
1352930 2153.3
1352940 2145.4
1352950 2135.5
1352960 2135.5
1352970 2126.5
1352980 2117.5
1352990 2117.5
1353000 2109.8
1353010 2103.1
1353020 2103.1
1353030 2096.8
1353040 2091.2
1353050 2079.3
1353060 2079.3
1353070 2074.4
1353080 2069.5
1353090 2069.5
1353100 2061.0
1353110 2052.5
1353120 2052.5
1353130 2046.9
1353140 2041.9
1353150 2041.9
1353160 2037.6
1353170 2032.6
1353180 2032.6
1353190 2026.9
1353200 2021.2
1353210 2021.2
1353220 2015.4
1353230 2010.2
1353240 2010.2
1353250 2005.2
1353260 1998.9
1353270 1993.6
1353280 1993.6
1353290 1989.1
1353300 1985.1
1353310 1985.1
1353320 1980.5
1353330 1975.6
1353340 1975.6
1353350 1970.6
1353360 1967.2
1353370 1967.2
1353380 1964.0
1353390 1960.4
1353400 1960.4
1353410 1956.3
1353420 1953.0
1353430 1953.0
1353440 1949.8
1353450 1946.4
1353460 1946.4
1353470 1943.6
1353480 1941.8
1353490 1940.4
1353500 1940.4
1353510 1938.4
1353520 1936.7
1353530 1936.7
1353540 1934.8
1353550 1933.4
1353560 1933.4
1353570 1932.9
1353580 1932.3
1353590 1932.3
1353600 1932.0
1353610 1931.4
1353620 1931.4
1353630 1930.6
1353640 1932.2
1353650 1932.2
1353660 1933.8
1353670 1935.2
1353680 1935.2
1353690 1936.4
1353700 1937.5
1353710 1939.9
1353720 1939.9
1353730 1940.8
1353740 1943.6
1353750 1943.6
1353760 1946.0
1353770 1948.4
1353780 1948.4
1353790 1952.2
1353800 1957.7
1353810 1957.7
1353820 1963.7
1353830 1967.6
1353840 1967.6
1353850 1970.9
1353860 1976.1
1353870 1976.1
1353880 1980.1
1353890 1983.8
1353900 1983.8
1353910 1990.8
1353920 1995.4
1353930 1999.8
1353940 1999.8
1353950 2007.0
1353960 2016.6
1353970 2016.6
1353980 2024.4
1353990 2029.8
1354000 2029.8
1354010 2035.8
1354020 2047.8
1354030 2047.8
1354040 2054.1
1354050 2062.0
1354060 2062.0
1354070 2070.5
1354080 2078.7
1354090 2078.7
1354100 2086.2
1354110 2091.9
1354120 2091.9
1354130 2098.7
1354140 2105.4
1354150 2113.4
1354160 2113.4
1354170 2122.0
1354180 2129.1
1354190 2129.1
1354200 2136.2
1354210 2144.8
1354220 2144.8
1354230 2154.8
1354240 2164.4
1354250 2164.4
1354260 2172.7
1354270 2178.9
1354280 2178.9
1354290 2185.6
1354300 2193.5
1354310 2193.5
1354320 2197.5
1354330 2202.0
1354340 2202.0
1354350 2207.0
1354360 2211.3
1354370 2216.4
1354380 2216.4
1354390 2224.8
1354400 2234.1
1354410 2234.1
1354420 2245.0
1354430 2253.2
1354440 2253.2
1354450 2258.7
1354460 2265.2
1354470 2265.2
1354480 2272.5
1354490 2277.6
1354500 2277.6
1354510 2283.2
1354520 2288.9
1354530 2288.9
1354540 2294.6
1354550 2298.0
1354560 2298.0
1354570 2302.5
1354580 2308.2
1354590 2308.2
1354600 2315.0
1354610 2321.6
1354620 2329.2
1354630 2329.2
1354640 2336.6
1354650 2344.4
1354660 2344.4
1354670 2350.8
1354680 2354.9
1354690 2354.9
1354700 2361.1
1354710 2366.2
1354720 2366.2
1354730 2368.5
1354740 2368.2
1354750 2368.2
1354760 2369.6
1354770 2375.0
1354780 2375.0
1354790 2378.7
1354800 2381.5
1354810 2381.5
1354820 2384.3
1354830 2386.7
1354840 2391.2
1354850 2391.2
1354860 2397.0
1354870 2399.6
1354880 2399.6
1354890 2402.4
1354900 2405.3
1354910 2405.3
1354920 2408.4
1354930 2412.6
1354940 2412.6
1354950 2418.8
1354960 2423.9
1354970 2423.9
1354980 2428.9
1354990 2432.8
1355000 2432.8
1355010 2436.9
1355020 2441.2
1355030 2441.2
1355040 2445.5
1355050 2450.3
1355060 2454.8
1355070 2454.8
1355080 2459.5
1355090 2464.9
1355100 2464.9
1355110 2472.2
1355120 2473.6
1355130 2473.6
1355140 2476.3
1355150 2479.2
1355160 2479.2
1355170 2481.0
1355180 2484.1
1355190 2484.1
1355200 2484.4
1355210 2481.9
1355220 2481.9
1355230 2485.3
1355240 2484.5
1355250 2484.5
1355260 2481.6
1355270 2482.2
1355280 2486.5
1355290 2486.5
1355300 2494.4
1355310 2500.5
1355320 2500.5
1355330 2505.8
1355340 2510.9
1355350 2510.9
1355360 2516.4
1355370 2523.8
1355380 2523.8
1355390 2534.8
1355400 2549.1
1355410 2549.1
1355420 2562.8
1355430 2578.1
1355440 2578.1
1355450 2591.8
1355460 2597.4
1355470 2597.4
1355480 2595.9
1355490 2586.2
1355500 2577.6
1355510 2577.6
1355520 2572.3
1355530 2566.6
1355540 2566.6
1355550 2561.4
1355560 2556.2
1355570 2556.2
1355580 2551.1
1355590 2548.8
1355600 2548.8
1355610 2548.3
1355620 2548.5
1355630 2548.5
1355640 2547.5
1355650 2545.7
1355660 2545.7
1355670 2543.9
1355680 2542.7
1355690 2542.7
1355700 2542.0
1355710 2540.1
1355720 2537.4
1355730 2537.4
1355740 2535.8
1355750 2535.5
1355760 2535.5
1355770 2536.2
1355780 2537.7
1355790 2537.7
1355800 2540.9
1355810 2544.0
1355820 2544.0
1355830 2545.0
1355840 2544.7
1355850 2544.7
1355860 2543.8
1355870 2542.7
1355880 2542.7
1355890 2541.1
1355900 2539.5
1355910 2539.5
1355920 2538.3
1355930 2535.8
1355940 2532.8
1355950 2532.8
1355960 2531.1
1355970 2529.0
1355980 2536.1
1355990 2535.8
1356000 2534.1
1356010 2534.1
1356020 2530.1
1356030 2527.5
1356040 2527.5
1356050 2525.9
1356060 2531.2
1356070 2531.2
1356080 2547.0
1356090 2547.0
1356100 2547.0
1356110 2543.7
1356120 2543.1
1356130 2543.1
1356140 2539.0
1356150 2534.4
1356160 2533.2
1356170 2533.2
1356180 2530.2
1356190 2525.7
1356200 2525.7
1356210 2520.9
1356220 2518.3
1356230 2518.3
1356240 2517.9
1356250 2516.5
1356260 2516.5
1356270 2514.3
1356280 2510.3
1356290 2510.3
1356300 2508.4
1356310 2505.0
1356320 2505.0
1356330 2502.8
1356340 2501.1
1356350 2501.1
1356360 2499.4
1356370 2498.9
1356380 2498.9
1356390 2499.3
1356400 2498.9
1356410 2495.8
1356420 2495.8
1356430 2492.9
1356440 2489.6
1356450 2489.6
1356460 2483.0
1356470 2477.5
1356480 2477.5
1356490 2473.8
1356500 2470.7
1356510 2470.7
1356520 2467.6
1356530 2462.5
1356540 2462.5
1356550 2455.7
1356560 2449.8
1356570 2449.8
1356580 2444.7
1356590 2440.0
1356600 2440.0
1356610 2435.1
1356620 2429.4
1356630 2423.9
1356640 2423.9
1356650 2418.2
1356660 2412.1
1356670 2412.1
1356680 2405.6
1356690 2398.4
1356700 2398.4
1356710 2391.8
1356720 2385.5
1356730 2385.5
1356740 2379.6
1356750 2373.6
1356760 2373.6
1356770 2367.5
1356780 2360.5
1356790 2360.5
1356800 2354.6
1356810 2349.9
1356820 2349.9
1356830 2345.2
1356840 2341.2
1356850 2336.9
1356860 2336.9
1356870 2328.7
1356880 2319.1
1356890 2319.1
1356900 2307.9
1356910 2297.9
1356920 2297.9
1356930 2296.1
1356940 2301.6
1356950 2301.6
1356960 2295.2
1356970 2293.0
1356980 2293.0
1356990 2285.9
1357000 2275.8
1357010 2275.8
1357020 2268.2
1357030 2263.1
1357040 2263.1
1357050 2260.9
1357060 2258.1
1357070 2250.7
1357080 2250.7
1357090 2244.9
1357100 2235.4
1357110 2235.4
1357120 2228.6
1357130 2222.3
1357140 2222.3
1357150 2213.5
1357160 2207.0
1357170 2207.0
1357180 2201.6
1357190 2196.3
1357200 2196.3
1357210 2190.2
1357220 2183.3
1357230 2183.3
1357240 2179.1
1357250 2171.7
1357260 2171.7
1357270 2162.4
1357280 2155.4
1357290 2150.3
1357300 2150.3
1357310 2143.6
1357320 2135.3
1357330 2135.3
1357340 2126.3
1357350 2117.1
1357360 2117.1
1357370 2110.5
1357380 2103.6
1357390 2103.6
1357400 2100.6
1357410 2100.4
1357420 2100.4
1357430 2093.9
1357440 2086.1
1357450 2086.1
1357460 2078.8
1357470 2073.3
1357480 2073.3
1357490 2070.3
1357500 2064.6
1357510 2056.1
1357520 2056.1
1357530 2049.5
1357540 2043.9
1357550 2043.9
1357560 2037.1
1357570 2028.8
1357580 2028.8
1357590 2024.2
1357600 2019.0
1357610 2019.0
1357620 2012.1
1357630 2005.0
1357640 2005.0
1357650 1997.8
1357660 1989.7
1357670 1989.7
1357680 1981.6
1357690 1973.3
1357700 1973.3
1357710 1966.9
1357720 1962.9
1357730 1957.0
1357740 1957.0
1357750 1949.0
1357760 1943.9
1357770 1943.9
1357780 1938.6
1357790 1931.2
1357800 1931.2
1357810 1923.3
1357820 1915.5
1357830 1915.5
1357840 1909.5
1357850 1904.7
1357860 1904.7
1357870 1897.7
1357880 1888.3
1357890 1888.3
1357900 1880.1
1357910 1873.0
1357920 1873.0
1357930 1866.4
1357940 1859.4
1357950 1859.4
1357960 1848.7
1357970 1846.3
1357980 1838.3
1357990 1838.3
1358000 1827.8
1358010 1818.8
1358020 1818.8
1358030 1811.3
1358040 1806.5
1358050 1806.5
1358060 1799.1
1358070 1793.1
1358080 1793.1
1358090 1786.9
1358100 1776.4
1358110 1776.4
1358120 1767.7
1358130 1761.4
1358140 1761.4
1358150 1756.2
1358160 1752.6
1358170 1752.6
1358180 1751.1
1358190 1751.0
1358200 1749.2
1358210 1749.2
1358220 1746.1
1358230 1740.6
1358240 1740.6
1358250 1737.3
1358260 1735.4
1358270 1735.4
1358280 1731.4
1358290 1727.3
1358300 1727.3
1358310 1723.9
1358320 1720.8
1358330 1720.8
1358340 1718.5
1358350 1716.3
1358360 1716.3
1358370 1713.9
1358380 1711.9
1358390 1711.9
1358400 1708.7
1358410 1705.0
1358420 1703.1
1358430 1703.1
1358440 1702.8
1358450 1702.6
1358460 1702.6
1358470 1702.4
1358480 1702.3
1358490 1702.3
1358500 1702.1
1358510 1702.2
1358520 1702.2
1358530 1702.4
1358540 1702.5
1358550 1702.5
1358560 1702.5
1358570 1702.6
1358580 1702.6
1358590 1702.7
1358600 1702.8
1358610 1702.8
1358620 1702.7
1358630 1702.9
1358640 1703.1
1358650 1703.1
1358660 1703.2
1358670 1703.4
1358680 1703.4
1358690 1703.5
1358700 1703.8
1358710 1703.8
1358720 1704.2
1358730 1704.4
1358740 1704.4
1358750 1704.2
1358760 1704.9
1358770 1704.9
1358780 1705.7
1358790 1706.6
1358800 1706.6
1358810 1708.0
1358820 1709.9
1358830 1709.9
1358840 1712.1
1358850 1715.4
1358860 1718.6
1358870 1718.6
1358880 1722.9
1358890 1727.5
1358900 1727.5
1358910 1732.2
1358920 1736.8
1358930 1736.8
1358940 1739.7
1358950 1744.3
1358960 1744.3
1358970 1749.1
1358980 1748.5
1358990 1748.5
1359000 1750.6
1359010 1754.3
1359020 1754.3
1359030 1758.8
1359040 1762.3
1359050 1762.3
1359060 1765.5
1359070 1768.8
1359080 1772.9
1359090 1772.9
1359100 1778.7
1359110 1783.3
1359120 1783.3
1359130 1788.1
1359140 1793.2
1359150 1793.2
1359160 1798.9
1359170 1805.0
1359180 1805.0
1359190 1810.8
1359200 1817.2
1359210 1817.2
1359220 1824.1
1359230 1829.8
1359240 1829.8
1359250 1834.3
1359260 1839.3
1359270 1839.3
1359280 1845.6
1359290 1852.0
1359300 1857.7
1359310 1857.7
1359320 1863.8
1359330 1871.0
1359340 1871.0
1359350 1876.6
1359360 1884.9
1359370 1884.9
1359380 1894.7
1359390 1903.2
1359400 1903.2
1359410 1907.4
1359420 1904.3
1359430 1904.3
1359440 1906.7
1359450 1917.9
1359460 1917.9
1359470 1928.5
1359480 1938.4
1359490 1938.4
1359500 1945.9
1359510 1952.7
1359520 1959.6
1359530 1959.6
1359540 1968.0
1359550 1976.4
1359560 1976.4
1359570 1984.0
1359580 1990.2
1359590 1990.2
1359600 1996.4
1359610 2002.0
1359620 2002.0
1359630 2009.0
1359640 2017.4
1359650 2017.4
1359660 2024.3
1359670 2031.6
1359680 2031.6
1359690 2038.0
1359700 2043.2
1359710 2043.2
1359720 2049.5
1359730 2056.9
1359740 2056.9
1359750 2063.1
1359760 2069.9
1359770 2075.8
1359780 2075.8
1359790 2081.5
1359800 2084.9
1359810 2084.9
1359820 2090.4
1359830 2097.3
1359840 2097.3
1359850 2103.6
1359860 2110.2
1359870 2110.2
1359880 2116.0
1359890 2121.6
1359900 2121.6
1359910 2127.9
1359920 2136.4
1359930 2136.4
1359940 2144.0
1359950 2147.6
1359960 2147.6
1359970 2148.3
1359980 2145.2
1359990 2139.8
