1340000 1999.7
1340010 1999.7
1340020 2004.9
1340030 2008.1
1340040 2008.1
1340050 2012.5
1340060 2016.0
1340070 2016.0
1340080 2018.0
1340090 2016.9
1340100 2015.0
1340110 2015.0
1340120 2012.7
1340130 2003.3
1340140 2003.3
1340150 1981.6
1340160 1963.1
1340170 1963.1
1340180 1944.9
1340190 1928.1
1340200 1928.1
1340210 1915.2
1340220 1905.5
1340230 1905.5
1340240 1897.7
1340250 1889.2
1340260 1889.2
1340270 1881.2
1340280 1875.6
1340290 1875.6
1340300 1868.2
1340310 1859.2
1340320 1851.6
1340330 1851.6
1340340 1844.6
1340350 1836.5
1340360 1836.5
1340370 1827.0
1340380 1817.7
1340390 1817.7
1340400 1808.1
1340410 1798.7
1340420 1798.7
1340430 1789.0
1340440 1780.7
1340450 1780.7
1340460 1772.8
1340470 1765.7
1340480 1765.7
1340490 1758.5
1340500 1751.0
1340510 1751.0
1340520 1743.1
1340530 1735.2
1340540 1728.3
1340550 1728.3
1340560 1722.1
1340570 1715.6
1340580 1715.6
1340590 1709.1
1340600 1703.3
1340610 1703.3
1340620 1697.1
1340630 1691.5
1340640 1693.3
1340650 1688.9
1340660 1684.3
1340670 1684.3
1340680 1680.0
1340690 1676.6
1340700 1676.6
1340710 1674.8
1340720 1672.0
1340730 1672.0
1340740 1669.3
1340750 1668.1
1340760 1671.9
1340770 1671.9
1340780 1676.3
1340790 1682.4
1340800 1682.4
1340810 1686.1
1340820 1689.8
1340830 1689.8
1340840 1693.7
1340850 1697.6
1340860 1697.6
1340870 1701.8
1340880 1706.0
1340890 1706.0
1340900 1710.2
1340910 1714.6
1340920 1714.6
1340930 1719.1
1340940 1723.8
1340950 1723.8
1340960 1728.7
1340970 1733.6
1340980 1738.4
1340990 1738.4
1341000 1742.0
1341010 1745.1
1341020 1745.1
1341030 1752.3
1341040 1761.0
1341050 1761.0
1341060 1768.9
1341070 1777.5
1341080 1777.5
1341090 1787.1
1341100 1796.5
1341110 1796.5
1341120 1806.7
1341130 1824.4
1341140 1824.4
1341150 1839.7
1341160 1851.5
1341170 1851.5
1341180 1863.1
1341190 1875.6
1341200 1887.2
1341210 1887.2
1341220 1893.8
1341230 1899.7
1341240 1899.7
1341250 1907.5
1341260 1916.9
1341270 1916.9
1341280 1925.7
1341290 1934.5
1341300 1934.5
1341310 1944.1
1341320 1953.4
1341330 1953.4
1341340 1962.1
1341350 1971.6
1341360 1971.6
1341370 1980.8
1341380 1990.3
1341390 1990.3
1341400 1998.8
1341410 2007.5
1341420 2018.2
1341430 2018.2
1341440 2028.6
1341450 2036.7
1341460 2036.7
1341470 2045.2
1341480 2054.0
1341490 2054.0
1341500 2061.5
1341510 2069.2
1341520 2073.3
1341530 2081.5
1341540 2090.5
1341550 2090.5
1341560 2099.8
1341570 2108.4
1341580 2108.4
1341590 2116.9
1341600 2126.3
1341610 2126.3
1341620 2135.2
1341630 2143.9
1341640 2151.6
1341650 2151.6
1341660 2159.7
1341670 2168.8
1341680 2168.8
1341690 2178.8
1341700 2187.9
1341710 2187.9
1341720 2195.5
1341730 2204.4
1341740 2204.4
1341750 2211.2
1341760 2218.6
1341770 2218.6
1341780 2226.3
1341790 2235.5
1341800 2235.5
1341810 2242.8
1341820 2248.6
1341830 2248.6
1341840 2254.6
1341850 2259.9
1341860 2259.9
1341870 2264.6
1341880 2269.0
1341890 2274.6
1341900 2274.6
1341910 2282.1
1341920 2289.4
1341930 2289.4
1341940 2296.9
1341950 2304.3
1341960 2304.3
1341970 2312.1
1341980 2319.8
1341990 2319.8
1342000 2327.8
1342010 2335.8
1342020 2335.8
1342030 2343.4
1342040 2350.8
1342050 2350.8
1342060 2359.3
1342070 2370.4
1342080 2370.4
1342090 2382.6
1342100 2395.8
1342110 2410.2
1342120 2410.2
1342130 2424.6
1342140 2438.1
1342150 2438.1
1342160 2450.6
1342170 2460.0
1342180 2460.0
1342190 2467.8
1342200 2475.0
1342210 2475.0
1342220 2482.3
1342230 2489.7
1342240 2489.7
1342250 2497.1
1342260 2505.1
1342270 2505.1
1342280 2513.1
1342290 2521.0
1342300 2521.0
1342310 2528.7
1342320 2535.9
1342330 2543.2
1342340 2543.2
1342350 2550.9
1342360 2558.5
1342370 2558.5
1342380 2566.5
1342390 2574.6
1342400 2574.6
1342410 2583.6
1342420 2592.0
1342430 2592.0
1342440 2598.8
1342450 2606.1
1342460 2606.1
1342470 2614.5
1342480 2622.2
1342490 2622.2
1342500 2629.5
1342510 2638.7
1342520 2638.7
1342530 2648.8
1342540 2656.4
1342550 2663.9
1342560 2663.9
1342570 2672.1
1342580 2679.9
1342590 2679.9
1342600 2690.8
1342610 2700.1
1342620 2700.1
1342630 2708.6
1342640 2717.9
1342650 2717.9
1342660 2728.0
1342670 2739.6
1342680 2739.6
1342690 2750.3
1342700 2766.6
1342710 2766.6
1342720 2787.1
1342730 2791.7
1342740 2791.7
1342750 2785.1
1342760 2773.2
1342770 2766.2
1342780 2766.2
1342790 2758.6
1342800 2752.3
1342810 2752.3
1342820 2746.2
1342830 2741.7
1342840 2741.7
1342850 2738.7
1342860 2735.9
1342870 2735.9
1342880 2732.4
1342890 2728.7
1342900 2728.7
1342910 2723.3
1342920 2716.2
1342930 2716.2
1342940 2708.6
1342950 2704.0
1342960 2704.0
1342970 2696.9
1342980 2689.0
1342990 2681.1
1343000 2681.1
1343010 2672.4
1343020 2663.4
1343030 2663.4
1343040 2654.4
1343050 2644.4
1343060 2644.4
1343070 2633.5
1343080 2623.2
1343090 2623.2
1343100 2613.5
1343110 2598.6
1343120 2598.6
1343130 2584.5
1343140 2578.2
1343150 2578.2
1343160 2575.5
1343170 2573.5
1343180 2573.5
1343190 2572.6
1343200 2572.1
1343210 2571.3
1343220 2571.3
1343230 2571.3
1343240 2571.8
1343250 2571.8
1343260 2571.9
1343270 2572.2
1343280 2572.2
1343290 2572.8
1343300 2572.8
1343310 2578.5
1343320 2579.9
1343330 2583.4
1343340 2583.4
1343350 2589.4
1343360 2594.6
1343370 2594.6
1343380 2597.7
1343390 2599.3
1343400 2599.3
1343410 2600.1
1343420 2599.4
1343430 2599.5
1343440 2599.5
1343450 2604.0
1343460 2610.4
1343470 2610.4
1343480 2615.7
1343490 2619.8
1343500 2619.8
1343510 2624.2
1343520 2628.0
1343530 2628.0
1343540 2616.4
1343550 2592.9
1343560 2592.9
1343570 2575.3
1343580 2565.5
1343590 2565.5
1343600 2558.4
1343610 2552.1
1343620 2552.1
1343630 2546.2
1343640 2541.0
1343650 2541.0
1343660 2537.0
1343670 2535.2
1343680 2533.9
1343690 2533.9
1343700 2533.2
1343710 2533.5
1343720 2533.5
1343730 2533.4
1343740 2533.0
1343750 2533.0
1343760 2533.3
1343770 2535.2
1343780 2535.2
1343790 2538.2
1343800 2541.3
1343810 2541.3
1343820 2543.4
1343830 2543.5
1343840 2543.5
1343850 2539.8
1343860 2535.3
1343870 2535.3
1343880 2530.5
1343890 2525.8
1343900 2522.1
1343910 2522.1
1343920 2519.4
1343930 2516.2
1343940 2516.2
1343950 2516.0
1343960 2518.8
1343970 2518.8
1343980 2521.1
1343990 2522.4
1344000 2522.4
1344010 2520.1
1344020 2510.8
1344030 2510.8
1344040 2506.2
1344050 2504.8
1344060 2504.8
1344070 2503.1
1344080 2501.7
1344090 2501.7
1344100 2500.1
1344110 2501.2
1344120 2507.0
1344130 2507.0
1344140 2513.6
1344150 2506.4
1344160 2506.4
1344170 2492.1
1344180 2479.8
1344190 2479.8
1344200 2467.2
1344210 2448.1
1344220 2448.1
1344230 2438.1
1344240 2429.9
1344250 2429.9
1344260 2423.2
1344270 2415.6
1344280 2415.6
1344290 2408.8
1344300 2404.2
1344310 2404.2
1344320 2401.7
1344330 2404.4
1344340 2407.1
1344350 2407.1
1344360 2407.6
1344370 2407.6
1344380 2407.6
1344390 2408.2
1344400 2409.2
1344410 2409.2
1344420 2409.6
1344430 2409.1
1344440 2409.1
1344450 2407.6
1344460 2406.4
1344470 2406.4
1344480 2405.3
1344490 2404.3
1344500 2404.3
1344510 2403.2
1344520 2401.6
1344530 2401.6
1344540 2397.9
1344550 2393.1
1344560 2387.5
1344570 2387.5
1344580 2381.9
1344590 2375.7
1344600 2375.7
1344610 2371.4
1344620 2369.9
1344630 2369.9
1344640 2366.9
1344650 2361.3
1344660 2361.3
1344670 2356.1
1344680 2352.5
1344690 2352.5
1344700 2349.4
1344710 2346.0
1344720 2346.0
1344730 2342.7
1344740 2339.7
1344750 2339.7
1344760 2335.4
1344770 2331.7
1344780 2328.7
1344790 2328.7
1344800 2324.2
1344810 2320.6
1344820 2320.6
1344830 2317.6
1344840 2314.4
1344850 2314.4
1344860 2311.9
1344870 2309.5
1344880 2309.5
1344890 2305.4
1344900 2300.9
1344910 2300.9
1344920 2296.1
1344930 2291.6
1344940 2291.6
1344950 2288.0
1344960 2285.1
1344970 2285.1
1344980 2281.6
1344990 2278.9
1345000 2276.9
1345010 2276.9
1345020 2274.5
1345030 2271.7
1345040 2271.7
1345050 2269.9
1345060 2267.7
1345070 2267.7
1345080 2264.2
1345090 2259.6
1345100 2259.6
1345110 2254.7
1345120 2255.8
1345130 2255.8
1345140 2250.8
1345150 2244.5
1345160 2244.5
1345170 2236.7
1345180 2229.6
1345190 2229.6
1345200 2223.7
1345210 2217.6
1345220 2211.5
1345230 2211.5
1345240 2204.4
1345250 2196.0
1345260 2196.0
1345270 2189.9
1345280 2184.3
1345290 2184.3
1345300 2178.2
1345310 2173.2
1345320 2173.2
1345330 2165.8
1345340 2155.2
1345350 2155.2
1345360 2146.7
1345370 2138.8
1345380 2138.8
1345390 2130.3
1345400 2123.2
1345410 2123.2
1345420 2116.6
1345430 2110.2
1345440 2110.2
1345450 2101.7
1345460 2092.4
1345470 2083.0
1345480 2083.0
1345490 2076.9
1345500 2070.9
1345510 2070.9
1345520 2063.1
1345530 2053.7
1345540 2053.7
1345550 2044.9
1345560 2035.0
1345570 2035.0
1345580 2026.9
1345590 2017.3
1345600 2017.3
1345610 2008.0
1345620 1997.9
1345630 1997.9
1345640 1984.5
1345650 1974.8
1345660 1974.8
1345670 1968.3
1345680 1961.0
1345690 1952.8
1345700 1952.8
1345710 1944.3
1345720 1936.7
1345730 1936.7
1345740 1929.2
1345750 1922.9
1345760 1922.9
1345770 1914.9
1345780 1906.4
1345790 1906.4
1345800 1901.2
1345810 1898.6
1345820 1898.6
1345830 1895.3
1345840 1891.3
1345850 1891.3
1345860 1886.6
1345870 1881.8
1345880 1881.8
1345890 1877.0
1345900 1872.8
1345910 1868.9
1345920 1868.9
1345930 1865.3
1345940 1862.1
1345950 1862.1
1345960 1859.7
1345970 1857.4
1345980 1857.4
1345990 1855.4
1346000 1853.7
1346010 1853.7
1346020 1852.1
1346030 1852.2
1346040 1852.2
1346050 1850.6
1346060 1849.2
1346070 1849.2
1346080 1848.3
1346090 1846.6
1346100 1846.6
1346110 1843.4
1346120 1843.2
1346130 1843.3
1346140 1843.3
1346150 1843.1
1346160 1843.0
1346170 1843.0
1346180 1843.0
1346190 1843.0
1346200 1843.0
1346210 1843.0
1346220 1843.0
1346230 1843.0
1346240 1843.1
1346250 1843.4
1346260 1843.4
1346270 1843.6
1346280 1844.7
1346290 1844.7
1346300 1847.6
1346310 1849.1
1346320 1849.1
1346330 1850.7
1346340 1852.3
1346350 1854.2
1346360 1854.2
1346370 1856.2
1346380 1857.8
1346390 1857.8
1346400 1859.7
1346410 1862.4
1346420 1862.4
1346430 1865.0
1346440 1867.6
1346450 1867.6
1346460 1868.9
1346470 1870.1
1346480 1870.1
1346490 1872.1
1346500 1878.2
1346510 1878.2
1346520 1885.8
1346530 1893.9
1346540 1893.9
1346550 1901.0
1346560 1907.2
1346570 1914.1
1346580 1914.1
1346590 1921.0
1346600 1927.9
1346610 1927.9
1346620 1934.1
1346630 1941.1
1346640 1941.1
1346650 1947.4
1346660 1955.0
1346670 1955.0
1346680 1961.5
1346690 1967.1
1346700 1967.1
1346710 1972.5
1346720 1977.0
1346730 1977.0
1346740 1981.9
1346750 1986.5
1346760 1986.5
1346770 1992.8
1346780 1997.6
1346790 2002.4
1346800 2002.4
1346810 2007.1
1346820 2011.8
1346830 2011.8
1346840 2017.5
1346850 2023.3
1346860 2023.3
1346870 2028.5
1346880 2032.4
1346890 2032.4
1346900 2035.9
1346910 2040.0
1346920 2040.0
1346930 2045.1
1346940 2049.8
1346950 2052.7
1346960 2058.3
1346970 2063.2
1346980 2063.2
1346990 2067.7
1347000 2073.0
1347010 2078.4
1347020 2078.4
1347030 2084.5
1347040 2090.5
1347050 2090.5
1347060 2096.9
1347070 2103.2
1347080 2103.2
1347090 2109.7
1347100 2116.5
1347110 2116.5
1347120 2124.1
1347130 2133.0
1347140 2133.0
1347150 2143.0
1347160 2156.4
1347170 2156.4
1347180 2168.8
1347190 2180.6
1347200 2180.6
1347210 2190.4
1347220 2199.4
1347230 2199.4
1347240 2207.9
1347250 2216.8
1347260 2224.6
1347270 2224.6
1347280 2230.4
1347290 2235.3
1347300 2235.3
1347310 2240.3
1347320 2246.5
1347330 2246.5
1347340 2252.4
1347350 2259.3
1347360 2259.3
1347370 2266.4
1347380 2272.2
1347390 2272.2
1347400 2277.8
1347410 2284.0
1347420 2284.0
1347430 2289.5
1347440 2295.5
1347450 2295.5
1347460 2301.7
1347470 2307.0
1347480 2312.3
1347490 2312.3
1347500 2318.0
1347510 2323.4
1347520 2323.4
1347530 2328.7
1347540 2333.9
1347550 2333.9
1347560 2339.0
1347570 2343.5
1347580 2343.5
1347590 2347.4
1347600 2351.7
1347610 2351.7
1347620 2356.2
1347630 2360.2
1347640 2360.2
1347650 2364.2
1347660 2367.4
1347670 2367.4
1347680 2371.5
1347690 2376.0
1347700 2380.4
1347710 2380.4
1347720 2384.9
1347730 2389.2
1347740 2389.2
1347750 2393.4
1347760 2398.1
1347770 2398.1
1347780 2402.5
1347790 2406.6
1347800 2406.6
1347810 2411.4
1347820 2416.1
1347830 2416.1
1347840 2420.0
1347850 2422.9
1347860 2422.9
1347870 2424.6
1347880 2426.3
1347890 2426.3
1347900 2428.3
1347910 2430.1
1347920 2433.3
1347930 2433.3
1347940 2436.7
1347950 2440.3
1347960 2440.3
1347970 2443.3
1347980 2446.2
1347990 2446.2
1348000 2450.0
1348010 2453.5
1348020 2453.5
1348030 2457.1
1348040 2459.3
1348050 2459.3
1348060 2460.3
1348070 2463.2
1348080 2463.2
1348090 2465.6
1348100 2467.8
1348110 2467.8
1348120 2470.2
1348130 2472.8
1348140 2474.7
1348150 2474.7
1348160 2476.5
1348170 2478.4
1348180 2478.4
1348190 2480.8
1348200 2483.6
1348210 2483.6
1348220 2486.0
1348230 2488.7
1348240 2488.7
1348250 2491.3
1348260 2494.2
1348270 2494.2
1348280 2497.0
1348290 2499.4
1348300 2499.4
1348310 2502.1
1348320 2504.9
1348330 2504.9
1348340 2507.3
1348350 2509.9
1348360 2512.4
1348370 2512.4
1348380 2514.8
1348390 2517.7
1348400 2517.7
1348410 2520.6
1348420 2523.7
1348430 2523.7
1348440 2527.3
1348450 2530.3
1348460 2530.3
1348470 2533.1
1348480 2535.8
1348490 2535.8
1348500 2538.7
1348510 2541.8
1348520 2541.8
1348530 2545.0
1348540 2548.3
1348550 2548.3
1348560 2551.8
1348570 2555.9
1348580 2561.1
1348590 2561.1
1348600 2565.8
1348610 2570.2
1348620 2570.2
1348630 2572.6
1348640 2574.9
1348650 2574.9
1348660 2578.2
1348670 2582.5
1348680 2582.5
1348690 2586.8
1348700 2589.4
1348710 2589.4
1348720 2590.2
1348730 2590.9
1348740 2590.9
1348750 2592.7
1348760 2595.6
1348770 2595.6
1348780 2598.9
1348790 2602.7
1348800 2606.5
1348810 2603.8
1348820 2607.1
1348830 2610.2
1348840 2610.2
1348850 2613.1
1348860 2615.7
1348870 2615.7
1348880 2618.3
1348890 2621.3
1348900 2621.3
1348910 2625.1
1348920 2629.7
1348930 2629.7
1348940 2634.7
1348950 2640.2
1348960 2640.2
1348970 2645.9
1348980 2650.9
1348990 2650.9
1349000 2655.3
1349010 2659.9
1349020 2659.9
1349030 2664.9
1349040 2669.4
1349050 2673.8
1349060 2673.8
1349070 2678.5
1349080 2683.7
1349090 2683.7
1349100 2688.7
1349110 2694.2
1349120 2694.2
1349130 2700.0
1349140 2706.2
1349150 2706.2
1349160 2712.2
1349170 2718.1
1349180 2718.1
1349190 2724.3
1349200 2730.4
1349210 2730.4
1349220 2736.4
1349230 2742.3
1349240 2742.3
1349250 2747.4
1349260 2752.9
1349270 2759.2
1349280 2759.2
1349290 2765.1
1349300 2771.0
1349310 2771.0
1349320 2775.9
1349330 2781.2
1349340 2781.2
1349350 2786.3
1349360 2791.3
1349370 2791.3
1349380 2796.0
1349390 2800.6
1349400 2800.6
1349410 2805.2
1349420 2808.4
1349430 2808.4
1349440 2811.8
1349450 2814.8
1349460 2814.8
1349470 2818.0
1349480 2821.4
1349490 2824.6
1349500 2824.6
1349510 2828.7
1349520 2833.1
1349530 2833.1
1349540 2837.6
1349550 2842.5
1349560 2842.5
1349570 2847.9
1349580 2853.7
1349590 2853.7
1349600 2858.2
1349610 2863.1
1349620 2863.1
1349630 2869.4
1349640 2875.3
1349650 2875.3
1349660 2878.8
1349670 2883.2
1349680 2883.2
1349690 2887.8
1349700 2892.3
1349710 2897.2
1349720 2897.2
1349730 2902.3
1349740 2907.6
1349750 2907.6
1349760 2913.0
1349770 2918.2
1349780 2918.2
1349790 2923.1
1349800 2927.8
1349810 2927.8
1349820 2932.2
1349830 2936.5
1349840 2936.5
1349850 2940.6
1349860 2944.6
1349870 2944.6
1349880 2948.4
1349890 2952.4
1349900 2952.4
1349910 2956.7
1349920 2961.1
1349930 2965.6
1349940 2965.6
1349950 2970.2
1349960 2974.5
1349970 2974.5
1349980 2977.9
1349990 2979.4
1350000 2979.4
1350010 2978.9
1350020 2978.0
1350030 2978.0
1350040 2978.6
1350050 2980.7
1350060 2980.7
1350070 2983.6
1350080 2987.3
1350090 2987.3
1350100 2992.2
1350110 2999.7
1350120 2999.7
1350130 3013.5
1350140 3030.8
1350150 3045.3
1350160 3045.3
1350170 3065.7
1350180 3080.8
1350190 3080.8
1350200 3093.0
1350210 3102.9
1350220 3102.9
1350230 3085.1
1350240 3065.4
1350250 3065.4
1350260 3037.6
1350270 3009.1
1350280 3009.1
1350290 2994.1
1350300 2988.6
1350310 2988.6
1350320 2983.2
1350330 2977.5
1350340 2977.5
1350350 2971.3
1350360 2965.0
1350370 2958.8
1350380 2958.8
1350390 2952.6
1350400 2945.5
1350410 2945.5
1350420 2939.8
1350430 2933.8
1350440 2933.8
1350450 2927.9
1350460 2922.2
1350470 2922.2
1350480 2916.8
1350490 2911.1
1350500 2911.1
1350510 2906.4
1350520 2900.6
1350530 2900.6
1350540 2893.8
1350550 2887.6
1350560 2887.6
1350570 2881.4
1350580 2875.8
1350590 2870.3
1350600 2870.3
1350610 2864.8
1350620 2860.8
1350630 2860.8
1350640 2856.0
1350650 2850.7
1350660 2850.7
1350670 2845.1
1350680 2839.8
1350690 2836.8
1350700 2832.6
1350710 2828.5
1350720 2828.5
1350730 2823.3
1350740 2818.8
1350750 2818.8
1350760 2815.0
1350770 2813.2
1350780 2813.2
1350790 2810.2
1350800 2806.8
1350810 2806.8
1350820 2800.8
1350830 2792.8
1350840 2785.3
1350850 2785.3
1350860 2778.1
1350870 2774.3
1350880 2774.3
1350890 2771.6
1350900 2768.4
1350910 2768.4
1350920 2764.1
1350930 2760.5
1350940 2760.5
1350950 2756.8
1350960 2752.5
1350970 2752.5
1350980 2747.3
1350990 2743.2
1351000 2743.2
1351010 2739.8
1351020 2736.0
1351030 2736.0
1351040 2732.6
1351050 2728.6
1351060 2724.5
1351070 2724.5
1351080 2722.2
1351090 2721.0
1351100 2721.0
1351110 2719.8
1351120 2718.5
1351130 2718.5
1351140 2716.9
1351150 2715.2
1351160 2715.2
1351170 2713.6
1351180 2711.6
1351190 2711.6
1351200 2708.9
1351210 2705.8
1351220 2705.8
1351230 2702.4
1351240 2699.1
1351250 2699.1
1351260 2695.1
1351270 2690.9
1351280 2686.6
1351290 2686.6
1351300 2682.3
1351310 2678.1
1351320 2678.1
1351330 2672.9
1351340 2666.7
1351350 2666.7
1351360 2661.7
1351370 2656.7
1351380 2656.7
1351390 2651.3
1351400 2645.0
1351410 2645.0
1351420 2638.2
1351430 2633.1
1351440 2633.1
1351450 2628.4
1351460 2624.5
1351470 2624.5
1351480 2620.5
1351490 2616.6
1351500 2613.3
1351510 2613.3
1351520 2609.9
1351530 2606.2
1351540 2606.2
1351550 2602.7
1351560 2599.5
1351570 2599.5
1351580 2596.4
1351590 2593.5
1351600 2593.5
1351610 2590.6
1351620 2587.4
1351630 2587.4
1351640 2581.8
1351650 2578.5
1351660 2578.5
1351670 2575.6
1351680 2571.3
1351690 2571.3
1351700 2566.0
1351710 2560.8
1351720 2556.1
1351730 2556.1
1351740 2551.5
1351750 2546.6
1351760 2546.6
1351770 2541.2
1351780 2536.2
1351790 2536.2
1351800 2531.1
1351810 2526.7
1351820 2526.7
1351830 2522.4
1351840 2518.9
1351850 2518.9
1351860 2513.9
1351870 2508.1
1351880 2508.1
1351890 2501.2
1351900 2495.0
1351910 2495.0
1351920 2490.4
1351930 2484.7
1351940 2479.5
1351950 2479.5
1351960 2474.3
1351970 2468.3
1351980 2468.3
1351990 2460.0
1352000 2451.0
1352010 2451.0
1352020 2443.6
1352030 2438.2
1352040 2438.2
1352050 2434.8
1352060 2431.7
1352070 2431.7
1352080 2428.6
1352090 2424.4
1352100 2424.4
1352110 2417.1
1352120 2409.2
1352130 2409.2
1352140 2401.7
1352150 2394.8
1352160 2388.0
1352170 2388.0
1352180 2382.3
1352190 2375.9
1352200 2375.9
1352210 2370.1
1352220 2363.0
1352230 2363.0
1352240 2356.7
1352250 2352.0
1352260 2352.0
1352270 2348.4
1352280 2345.4
1352290 2345.4
1352300 2339.4
1352310 2333.5
1352320 2333.5
1352330 2332.2
1352340 2329.5
1352350 2329.5
1352360 2326.3
1352370 2321.8
1352380 2315.8
1352390 2315.8
1352400 2308.8
1352410 2302.0
1352420 2302.0
1352430 2295.9
1352440 2290.3
1352450 2290.3
1352460 2285.0
1352470 2277.8
1352480 2277.8
1352490 2269.7
1352500 2262.6
1352510 2262.6
1352520 2257.4
1352530 2249.9
1352540 2249.9
1352550 2242.9
1352560 2235.3
1352570 2235.3
1352580 2229.2
1352590 2222.2
1352600 2217.2
1352610 2211.6
1352620 2204.3
1352630 2196.0
1352640 2196.0
1352650 2188.7
1352660 2181.3
1352670 2181.3
1352680 2173.8
1352690 2166.7
1352700 2166.7
1352710 2161.8
1352720 2156.8
1352730 2156.8
1352740 2150.6
1352750 2144.3
1352760 2144.3
1352770 2138.0
1352780 2132.5
1352790 2132.5
1352800 2127.2
1352810 2121.6
1352820 2121.6
1352830 2116.3
1352840 2110.4
1352850 2103.9
1352860 2103.9
1352870 2096.8
1352880 2089.6
1352890 2089.6
1352900 2080.9
1352910 2071.8
1352920 2071.8
1352930 2063.7
1352940 2056.8
1352950 2056.8
1352960 2047.2
1352970 2039.9
1352980 2039.9
1352990 2035.1
1353000 2031.7
1353010 2031.7
1353020 2027.3
1353030 2022.1
1353040 2022.1
1353050 2016.7
1353060 2010.8
1353070 2005.6
1353080 2005.6
1353090 2000.4
1353100 1995.5
1353110 1995.5
1353120 1991.1
1353130 1987.3
1353140 1987.3
1353150 1983.5
1353160 1979.7
1353170 1979.7
1353180 1976.9
1353190 1974.5
1353200 1974.5
1353210 1972.8
1353220 1972.3
1353230 1972.3
1353240 1971.7
1353250 1970.7
1353260 1970.7
1353270 1970.0
1353280 1969.2
1353290 1968.3
1353300 1968.3
1353310 1967.7
1353320 1967.1
1353330 1967.1
1353340 1966.3
1353350 1965.2
1353360 1965.2
1353370 1963.1
1353380 1961.2
1353390 1961.2
1353400 1959.4
1353410 1958.1
1353420 1958.1
1353430 1956.6
1353440 1955.5
1353450 1955.5
1353460 1954.7
1353470 1954.7
1353480 1954.7
1353490 1954.4
1353500 1955.1
1353510 1956.0
1353520 1956.0
1353530 1956.1
1353540 1957.1
1353550 1957.1
1353560 1958.9
1353570 1963.4
1353580 1963.4
1353590 1965.5
1353600 1968.4
1353610 1968.4
1353620 1971.0
1353630 1975.7
1353640 1975.7
1353650 1980.8
1353660 1984.9
1353670 1984.9
1353680 1989.3
1353690 1996.4
1353700 1996.4
1353710 2004.1
1353720 2011.1
1353730 2020.2
1353740 2020.2
1353750 2029.1
1353760 2035.7
1353770 2035.7
1353780 2043.2
1353790 2050.9
1353800 2050.9
1353810 2060.7
1353820 2067.8
1353830 2067.8
1353840 2075.2
1353850 2080.2
1353860 2080.2
1353870 2086.9
1353880 2093.6
1353890 2093.6
1353900 2101.8
1353910 2107.6
1353920 2107.6
1353930 2113.4
1353940 2121.8
1353950 2136.2
1353960 2136.2
1353970 2148.0
1353980 2155.3
1353990 2155.3
1354000 2160.8
1354010 2168.9
1354020 2168.9
1354030 2175.5
1354040 2180.6
1354050 2180.6
1354060 2186.0
1354070 2191.8
1354080 2191.8
1354090 2196.1
1354100 2200.7
1354110 2200.7
1354120 2206.2
1354130 2212.3
1354140 2212.3
1354150 2218.3
1354160 2225.7
1354170 2232.0
1354180 2232.0
1354190 2239.6
1354200 2247.1
1354210 2247.1
1354220 2255.8
1354230 2265.3
1354240 2265.3
1354250 2276.3
1354260 2283.0
1354270 2283.0
1354280 2289.4
1354290 2295.7
1354300 2295.7
1354310 2301.8
1354320 2306.8
1354330 2306.8
1354340 2312.5
1354350 2319.0
1354360 2319.0
1354370 2325.0
1354380 2329.6
1354390 2329.6
1354400 2334.4
1354410 2339.6
1354420 2343.5
1354430 2343.5
1354440 2347.1
1354450 2350.6
1354460 2350.6
1354470 2353.2
1354480 2355.6
1354490 2355.6
1354500 2359.6
1354510 2365.1
1354520 2365.1
1354530 2371.2
1354540 2382.0
1354550 2382.0
1354560 2390.4
1354570 2395.5
1354580 2395.5
1354590 2402.0
1354600 2410.6
1354610 2410.6
1354620 2415.6
1354630 2419.0
1354640 2422.2
1354650 2422.2
1354660 2426.1
1354670 2429.8
1354680 2429.8
1354690 2433.3
1354700 2437.1
1354710 2437.1
1354720 2440.6
1354730 2443.0
1354740 2443.0
1354750 2445.6
1354760 2449.1
1354770 2449.1
1354780 2452.1
1354790 2456.0
1354800 2456.0
1354810 2460.2
1354820 2462.2
1354830 2462.2
1354840 2463.6
1354850 2465.5
1354860 2467.7
1354870 2467.7
1354880 2470.5
1354890 2474.9
1354900 2474.9
1354910 2480.0
1354920 2484.5
1354930 2484.5
1354940 2487.7
1354950 2490.0
1354960 2490.0
1354970 2492.7
1354980 2495.8
1354990 2495.8
1355000 2498.5
1355010 2503.3
1355020 2503.3
1355030 2508.4
1355040 2512.7
1355050 2512.7
1355060 2516.9
1355070 2520.3
1355080 2523.0
1355090 2523.0
1355100 2525.6
1355110 2526.8
1355120 2526.8
1355130 2528.6
1355140 2531.1
1355150 2531.1
1355160 2533.9
1355170 2536.2
1355180 2536.2
1355190 2537.1
1355200 2538.5
1355210 2538.5
1355220 2540.4
1355230 2542.6
1355240 2542.6
1355250 2545.4
1355260 2549.0
1355270 2549.0
1355280 2553.3
1355290 2559.0
1355300 2565.0
1355310 2565.0
1355320 2571.3
1355330 2578.0
1355340 2578.0
1355350 2584.3
1355360 2590.5
1355370 2590.5
1355380 2597.2
1355390 2604.1
1355400 2604.1
1355410 2610.7
1355420 2617.0
1355430 2617.0
1355440 2623.4
1355450 2630.1
1355460 2630.1
1355470 2642.4
1355480 2651.0
1355490 2651.0
1355500 2657.2
1355510 2665.3
1355520 2671.8
1355530 2671.8
1355540 2682.1
1355550 2695.0
1355560 2695.0
1355570 2707.2
1355580 2718.9
1355590 2718.9
1355600 2729.2
1355610 2738.6
1355620 2738.6
1355630 2746.4
1355640 2747.6
1355650 2747.6
1355660 2741.8
1355670 2735.5
1355680 2735.5
1355690 2729.2
1355700 2723.6
1355710 2723.6
1355720 2718.5
1355730 2713.8
1355740 2709.2
1355750 2709.2
1355760 2703.2
1355770 2696.9
1355780 2696.9
1355790 2690.7
1355800 2685.6
1355810 2685.6
1355820 2681.0
1355830 2676.8
1355840 2676.8
1355850 2671.4
1355860 2666.2
1355870 2666.2
1355880 2661.4
1355890 2658.1
1355900 2658.1
1355910 2655.3
1355920 2652.3
1355930 2652.3
1355940 2649.1
1355950 2645.8
1355960 2642.1
1355970 2642.1
1355980 2638.2
1355990 2633.2
1356000 2633.2
1356010 2627.7
1356020 2623.0
1356030 2623.0
1356040 2618.3
1356050 2609.1
1356060 2609.1
1356070 2598.1
1356080 2586.9
1356090 2586.9
1356100 2575.4
1356110 2561.7
1356120 2561.7
1356130 2546.8
1356140 2539.2
1356150 2539.2
1356160 2533.3
1356170 2527.1
1356180 2521.2
1356190 2521.2
1356200 2515.9
1356210 2511.1
1356220 2511.1
1356230 2506.7
1356240 2503.2
1356250 2503.2
1356260 2499.9
1356270 2498.3
1356280 2498.3
1356290 2495.5
1356300 2491.6
1356310 2491.6
1356320 2488.0
1356330 2485.3
1356340 2485.3
1356350 2482.4
1356360 2479.5
1356370 2479.5
1356380 2476.2
1356390 2470.8
1356400 2470.8
1356410 2464.9
1356420 2460.5
1356430 2456.8
1356440 2456.8
1356450 2453.2
1356460 2449.9
1356470 2449.9
1356480 2448.2
1356490 2447.9
1356500 2447.9
1356510 2442.7
1356520 2437.8
1356530 2437.8
1356540 2433.3
1356550 2429.0
1356560 2429.0
1356570 2423.0
1356580 2416.7
1356590 2416.7
1356600 2410.9
1356610 2403.7
1356620 2403.7
1356630 2397.9
1356640 2392.1
1356650 2387.9
1356660 2387.9
1356670 2381.9
1356680 2374.2
1356690 2374.2
1356700 2367.3
1356710 2361.2
1356720 2361.2
1356730 2356.7
1356740 2349.5
1356750 2349.5
1356760 2343.4
1356770 2338.3
1356780 2338.3
1356790 2333.4
1356800 2327.4
1356810 2327.4
1356820 2322.4
1356830 2316.7
1356840 2316.7
1356850 2309.7
1356860 2301.7
1356870 2294.6
1356880 2294.6
1356890 2288.4
1356900 2282.1
1356910 2282.1
1356920 2274.7
1356930 2269.0
1356940 2269.0
1356950 2263.6
1356960 2257.4
1356970 2257.4
1356980 2250.6
1356990 2244.4
1357000 2244.4
1357010 2238.9
1357020 2233.9
1357030 2233.9
1357040 2230.8
1357050 2225.6
1357060 2225.6
1357070 2219.5
1357080 2213.6
1357090 2207.5
1357100 2207.5
1357110 2201.6
1357120 2195.7
1357130 2195.7
1357140 2190.1
1357150 2186.4
1357160 2186.4
1357170 2181.5
1357180 2176.3
1357190 2176.3
1357200 2170.3
1357210 2163.7
1357220 2163.7
1357230 2157.1
1357240 2151.5
1357250 2151.5
1357260 2146.7
1357270 2142.1
1357280 2142.1
1357290 2137.0
1357300 2130.8
1357310 2125.2
1357320 2125.2
1357330 2119.7
1357340 2114.8
1357350 2114.8
1357360 2108.9
1357370 2103.3
1357380 2103.3
1357390 2097.2
1357400 2091.5
1357410 2091.5
1357420 2086.0
1357430 2079.8
1357440 2079.8
1357450 2074.1
1357460 2069.2
1357470 2069.2
1357480 2063.5
1357490 2058.0
1357500 2058.0
1357510 2050.2
1357520 2045.3
1357530 2040.3
1357540 2040.3
1357550 2035.7
1357560 2030.4
1357570 2030.4
1357580 2025.5
1357590 2021.3
1357600 2021.3
1357610 2016.3
1357620 2010.9
1357630 2010.9
1357640 2005.9
1357650 1999.3
1357660 1999.3
1357670 1993.5
1357680 1988.1
1357690 1988.1
1357700 1982.2
1357710 1976.9
1357720 1976.9
1357730 1973.7
1357740 1973.1
1357750 1972.5
1357760 1972.5
1357770 1974.3
1357780 1972.6
1357790 1972.6
1357800 1972.4
1357810 1972.2
1357820 1972.2
1357830 1971.4
1357840 1971.6
1357850 1971.6
1357860 1971.7
1357870 1968.0
1357880 1968.0
1357890 1960.3
1357900 1956.3
1357910 1956.3
1357920 1956.0
1357930 1954.4
1357940 1954.4
1357950 1954.2
1357960 1954.0
1357970 1952.6
1357980 1952.6
1357990 1948.4
1358000 1944.3
1358010 1944.3
1358020 1942.8
1358030 1942.0
1358040 1942.0
1358050 1936.2
1358060 1930.3
1358070 1930.3
1358080 1925.0
1358090 1920.1
1358100 1920.1
1358110 1911.1
1358120 1902.1
1358130 1902.1
1358140 1895.8
1358150 1891.2
1358160 1891.2
1358170 1886.5
1358180 1882.3
1358190 1882.3
1358200 1877.4
1358210 1872.2
1358220 1866.1
1358230 1866.1
1358240 1862.4
1358250 1858.4
1358260 1858.4
1358270 1851.9
1358280 1843.7
1358290 1843.7
1358300 1836.0
1358310 1830.4
1358320 1830.4
1358330 1828.4
1358340 1825.2
1358350 1825.2
1358360 1820.6
1358370 1817.1
1358380 1817.1
1358390 1815.4
1358400 1811.5
1358410 1811.5
1358420 1806.2
1358430 1802.3
1358440 1800.6
1358450 1800.6
1358460 1797.0
1358470 1795.2
1358480 1795.2
1358490 1790.6
1358500 1784.9
1358510 1786.7
1358520 1780.8
1358530 1777.8
1358540 1777.8
1358550 1775.2
1358560 1773.2
1358570 1773.2
1358580 1770.2
1358590 1767.4
1358600 1767.4
1358610 1764.0
1358620 1761.6
1358630 1761.6
1358640 1757.9
1358650 1754.0
1358660 1750.4
1358670 1750.4
1358680 1746.5
1358690 1743.0
1358700 1743.0
1358710 1740.7
1358720 1739.1
1358730 1739.1
1358740 1736.5
1358750 1733.2
1358760 1733.2
1358770 1730.1
1358780 1728.0
1358790 1728.0
1358800 1725.4
1358810 1723.2
1358820 1723.2
1358830 1722.3
1358840 1720.2
1358850 1720.2
1358860 1717.0
1358870 1713.9
1358880 1710.9
1358890 1710.9
1358900 1709.3
1358910 1708.7
1358920 1708.7
1358930 1708.3
1358940 1708.2
1358950 1708.2
1358960 1708.7
1358970 1709.3
1358980 1709.3
1358990 1710.2
1359000 1711.5
1359010 1711.5
1359020 1712.9
1359030 1714.6
1359040 1714.6
1359050 1716.6
1359060 1718.7
1359070 1718.7
1359080 1721.3
1359090 1723.5
1359100 1726.5
1359110 1726.5
1359120 1729.7
1359130 1732.8
1359140 1732.8
1359150 1735.5
1359160 1738.5
1359170 1738.5
1359180 1741.5
1359190 1744.4
1359200 1744.4
1359210 1746.8
1359220 1748.9
1359230 1748.9
1359240 1750.8
1359250 1751.3
1359260 1751.3
1359270 1754.0
1359280 1755.9
1359290 1755.9
1359300 1759.8
1359310 1764.3
1359320 1767.1
1359330 1767.1
1359340 1770.4
1359350 1775.9
1359360 1775.9
1359370 1781.1
1359380 1786.2
1359390 1786.2
1359400 1791.1
1359410 1797.8
1359420 1797.8
1359430 1804.0
1359440 1809.9
1359450 1809.9
1359460 1814.9
1359470 1819.8
1359480 1819.8
1359490 1825.1
1359500 1829.4
1359510 1829.4
1359520 1831.3
1359530 1831.5
1359540 1840.1
1359550 1840.1
1359560 1847.0
1359570 1851.9
1359580 1851.9
1359590 1853.9
1359600 1857.9
1359610 1857.9
1359620 1863.9
1359630 1869.7
1359640 1869.7
1359650 1876.1
1359660 1883.4
1359670 1883.4
1359680 1891.0
1359690 1898.4
1359700 1898.4
1359710 1903.6
1359720 1907.8
1359730 1907.8
1359740 1913.0
1359750 1921.9
1359760 1930.5
1359770 1930.5
1359780 1938.3
1359790 1946.9
1359800 1946.9
1359810 1946.3
1359820 1934.6
1359830 1934.6
1359840 1929.5
1359850 1940.1
1359860 1940.1
1359870 1948.6
1359880 1955.0
1359890 1955.0
1359900 1961.7
1359910 1969.0
1359920 1969.0
1359930 1976.0
1359940 1982.5
1359950 1982.5
1359960 1987.6
1359970 1989.8
1359980 1995.3
1359990 1995.3
