1340000 1980.2
1340010 1980.2
1340020 1984.4
1340030 1989.9
1340040 1989.9
1340050 1993.2
1340060 1996.0
1340070 1996.5
1340080 1996.5
1340090 1998.2
1340100 1998.5
1340110 1998.5
1340120 1997.2
1340130 1994.4
1340140 1994.4
1340150 1989.0
1340160 1965.2
1340170 1965.2
1340180 1944.8
1340190 1934.5
1340200 1934.5
1340210 1921.2
1340220 1906.2
1340230 1906.2
1340240 1891.7
1340250 1880.5
1340260 1880.5
1340270 1871.1
1340280 1862.6
1340290 1854.5
1340300 1854.5
1340310 1846.5
1340320 1838.4
1340330 1838.4
1340340 1830.4
1340350 1822.7
1340360 1822.7
1340370 1815.2
1340380 1808.3
1340390 1808.3
1340400 1802.4
1340410 1796.2
1340420 1796.2
1340430 1788.3
1340440 1778.6
1340450 1778.6
1340460 1768.7
1340470 1760.6
1340480 1760.6
1340490 1753.6
1340500 1746.4
1340510 1739.5
1340520 1739.5
1340530 1732.3
1340540 1725.3
1340550 1725.3
1340560 1718.5
1340570 1712.3
1340580 1712.3
1340590 1706.2
1340600 1700.7
1340610 1700.7
1340620 1694.8
1340630 1689.9
1340640 1689.9
1340650 1684.3
1340660 1679.5
1340670 1680.8
1340680 1677.5
1340690 1674.7
1340700 1674.7
1340710 1672.2
1340720 1671.1
1340730 1668.1
1340740 1668.1
1340750 1666.2
1340760 1670.2
1340770 1670.2
1340780 1673.3
1340790 1679.4
1340800 1679.4
1340810 1683.6
1340820 1687.6
1340830 1687.6
1340840 1691.5
1340850 1696.1
1340860 1696.1
1340870 1700.6
1340880 1704.8
1340890 1704.8
1340900 1708.5
1340910 1713.0
1340920 1713.0
1340930 1718.0
1340940 1721.2
1340950 1725.7
1340960 1725.7
1340970 1731.1
1340980 1736.0
1340990 1736.0
1341000 1741.2
1341010 1745.9
1341020 1745.9
1341030 1750.3
1341040 1755.7
1341050 1755.7
1341060 1766.8
1341070 1787.7
1341080 1787.7
1341090 1797.9
1341100 1802.2
1341110 1802.2
1341120 1809.5
1341130 1820.6
1341140 1820.6
1341150 1833.0
1341160 1845.4
1341170 1858.1
1341180 1858.1
1341190 1872.1
1341200 1885.7
1341210 1885.7
1341220 1895.4
1341230 1902.7
1341240 1902.7
1341250 1911.8
1341260 1922.6
1341270 1922.6
1341280 1930.9
1341290 1938.5
1341300 1938.5
1341310 1946.6
1341320 1955.4
1341330 1955.4
1341340 1964.5
1341350 1973.2
1341360 1973.2
1341370 1980.7
1341380 1986.9
1341390 1986.9
1341400 1993.9
1341410 2002.1
1341420 2010.1
1341430 2010.1
1341440 2017.8
1341450 2026.4
1341460 2026.4
1341470 2035.8
1341480 2046.5
1341490 2046.5
1341500 2056.4
1341510 2064.3
1341520 2064.3
1341530 2071.1
1341540 2077.9
1341550 2083.5
1341560 2089.6
1341570 2097.1
1341580 2097.1
1341590 2106.4
1341600 2115.7
1341610 2115.7
1341620 2124.3
1341630 2132.4
1341640 2140.3
1341650 2140.3
1341660 2148.8
1341670 2157.3
1341680 2157.3
1341690 2164.8
1341700 2170.4
1341710 2170.4
1341720 2177.2
1341730 2185.8
1341740 2185.8
1341750 2195.9
1341760 2206.2
1341770 2206.2
1341780 2216.6
1341790 2227.0
1341800 2227.0
1341810 2233.3
1341820 2237.3
1341830 2237.3
1341840 2240.5
1341850 2246.8
1341860 2256.1
1341870 2256.1
1341880 2265.2
1341890 2272.8
1341900 2272.8
1341910 2279.8
1341920 2286.9
1341930 2286.9
1341940 2294.3
1341950 2301.9
1341960 2301.9
1341970 2309.6
1341980 2317.3
1341990 2317.3
1342000 2325.1
1342010 2332.9
1342020 2332.9
1342030 2340.7
1342040 2349.0
1342050 2349.0
1342060 2358.2
1342070 2369.4
1342080 2382.1
1342090 2382.1
1342100 2395.9
1342110 2410.0
1342120 2410.0
1342130 2425.1
1342140 2441.4
1342150 2441.4
1342160 2455.4
1342170 2463.9
1342180 2463.9
1342190 2471.9
1342200 2478.5
1342210 2478.5
1342220 2487.2
1342230 2495.7
1342240 2495.7
1342250 2503.7
1342260 2511.7
1342270 2511.7
1342280 2519.8
1342290 2526.4
1342300 2533.1
1342310 2533.1
1342320 2542.6
1342330 2548.7
1342340 2548.7
1342350 2557.7
1342360 2567.1
1342370 2567.1
1342380 2576.8
1342390 2585.8
1342400 2585.8
1342410 2593.3
1342420 2600.6
1342430 2600.6
1342440 2610.0
1342450 2622.5
1342460 2622.5
1342470 2632.0
1342480 2641.5
1342490 2641.5
1342500 2649.8
1342510 2657.1
1342520 2664.1
1342530 2664.1
1342540 2670.4
1342550 2677.7
1342560 2677.7
1342570 2685.2
1342580 2692.9
1342590 2692.9
1342600 2703.7
1342610 2713.7
1342620 2713.7
1342630 2723.9
1342640 2732.1
1342650 2732.1
1342660 2740.7
1342670 2752.9
1342680 2752.9
1342690 2764.6
1342700 2775.0
1342710 2775.0
1342720 2774.6
1342730 2767.7
1342740 2761.3
1342750 2761.3
1342760 2756.6
1342770 2751.1
1342780 2751.1
1342790 2742.8
1342800 2735.4
1342810 2735.4
1342820 2729.2
1342830 2722.3
1342840 2722.3
1342850 2718.2
1342860 2715.5
1342870 2715.5
1342880 2709.3
1342890 2706.9
1342900 2706.9
1342910 2703.7
1342920 2696.2
1342930 2696.2
1342940 2690.2
1342950 2685.1
1342960 2679.6
1342970 2679.6
1342980 2671.0
1342990 2659.8
1343000 2659.8
1343010 2646.6
1343020 2638.0
1343030 2638.0
1343040 2628.2
1343050 2617.4
1343060 2617.4
1343070 2605.5
1343080 2595.3
1343090 2595.3
1343100 2586.5
1343110 2580.3
1343120 2580.3
1343130 2574.3
1343140 2568.8
1343150 2568.8
1343160 2564.8
1343170 2562.2
1343180 2562.2
1343190 2561.1
1343200 2561.1
1343210 2561.1
1343220 2561.1
1343230 2561.0
1343240 2561.2
1343250 2561.2
1343260 2561.4
1343270 2562.1
1343280 2562.1
1343290 2560.9
1343300 2561.2
1343310 2561.2
1343320 2565.1
1343330 2571.3
1343340 2575.0
1343350 2580.1
1343360 2583.1
1343370 2583.1
1343380 2584.6
1343390 2585.0
1343400 2585.0
1343410 2584.7
1343420 2584.7
1343430 2584.7
1343440 2584.7
1343450 2588.3
1343460 2596.0
1343470 2596.0
1343480 2602.2
1343490 2607.7
1343500 2607.7
1343510 2611.9
1343520 2618.3
1343530 2618.3
1343540 2622.5
1343550 2616.7
1343560 2616.7
1343570 2598.4
1343580 2571.9
1343590 2571.9
1343600 2555.4
1343610 2549.1
1343620 2549.1
1343630 2543.8
1343640 2538.6
1343650 2532.7
1343660 2532.7
1343670 2527.8
1343680 2525.7
1343690 2525.7
1343700 2524.7
1343710 2524.8
1343720 2524.8
1343730 2525.4
1343740 2524.8
1343750 2524.8
1343760 2524.2
1343770 2525.1
1343780 2525.1
1343790 2528.2
1343800 2531.7
1343810 2531.7
1343820 2533.6
1343830 2533.5
1343840 2533.5
1343850 2529.4
1343860 2523.8
1343870 2519.1
1343880 2519.1
1343890 2514.7
1343900 2510.0
1343910 2510.0
1343920 2506.0
1343930 2503.1
1343940 2503.1
1343950 2500.0
1343960 2496.8
1343970 2496.8
1343980 2494.9
1343990 2493.0
1344000 2493.0
1344010 2491.1
1344020 2491.2
1344030 2491.2
1344040 2491.4
1344050 2489.8
1344060 2489.8
1344070 2488.7
1344080 2487.5
1344090 2486.0
1344100 2486.0
1344110 2487.2
1344120 2491.8
1344130 2491.8
1344140 2501.4
1344150 2510.7
1344160 2510.7
1344170 2512.1
1344180 2500.3
1344190 2500.3
1344200 2485.3
1344210 2469.1
1344220 2469.1
1344230 2451.6
1344240 2429.9
1344250 2429.9
1344260 2420.3
1344270 2413.3
1344280 2413.3
1344290 2406.3
1344300 2399.6
1344310 2394.6
1344320 2394.6
1344330 2395.2
1344340 2398.5
1344350 2398.5
1344360 2400.3
1344370 2401.1
1344380 2401.1
1344390 2401.8
1344400 2402.4
1344410 2402.4
1344420 2402.8
1344430 2402.6
1344440 2402.6
1344450 2402.2
1344460 2401.4
1344470 2401.4
1344480 2399.9
1344490 2398.7
1344500 2398.7
1344510 2397.9
1344520 2395.6
1344530 2391.7
1344540 2391.7
1344550 2385.8
1344560 2379.5
1344570 2379.5
1344580 2372.1
1344590 2364.4
1344600 2364.4
1344610 2358.4
1344620 2354.1
1344630 2354.1
1344640 2353.4
1344650 2350.6
1344660 2350.6
1344670 2346.3
1344680 2342.4
1344690 2342.4
1344700 2338.8
1344710 2336.1
1344720 2336.1
1344730 2334.5
1344740 2332.7
1344750 2329.4
1344760 2329.4
1344770 2323.3
1344780 2318.6
1344790 2318.6
1344800 2315.0
1344810 2311.3
1344820 2311.3
1344830 2308.3
1344840 2305.5
1344850 2305.5
1344860 2302.6
1344870 2300.1
1344880 2300.1
1344890 2296.6
1344900 2292.6
1344910 2292.6
1344920 2288.8
1344930 2285.5
1344940 2285.5
1344950 2282.7
1344960 2279.4
1344970 2279.4
1344980 2276.4
1344990 2272.7
1345000 2268.2
1345010 2268.2
1345020 2263.3
1345030 2259.5
1345040 2259.5
1345050 2256.6
1345060 2255.2
1345070 2255.2
1345080 2253.4
1345090 2248.9
1345100 2248.9
1345110 2243.5
1345120 2238.8
1345130 2238.8
1345140 2233.9
1345150 2233.9
1345160 2233.9
1345170 2226.9
1345180 2219.7
1345190 2219.7
1345200 2213.4
1345210 2205.5
1345220 2197.9
1345230 2197.9
1345240 2190.8
1345250 2184.0
1345260 2184.0
1345270 2177.4
1345280 2168.9
1345290 2168.9
1345300 2162.6
1345310 2156.0
1345320 2156.0
1345330 2148.7
1345340 2140.1
1345350 2140.1
1345360 2131.5
1345370 2123.9
1345380 2123.9
1345390 2117.0
1345400 2109.4
1345410 2109.4
1345420 2100.6
1345430 2092.5
1345440 2084.6
1345450 2084.6
1345460 2077.9
1345470 2070.5
1345480 2070.5
1345490 2061.7
1345500 2054.6
1345510 2054.6
1345520 2045.8
1345530 2034.3
1345540 2034.3
1345550 2025.2
1345560 2018.5
1345570 2018.5
1345580 2010.8
1345590 2002.6
1345600 2002.6
1345610 1994.4
1345620 1986.4
1345630 1986.4
1345640 1975.6
1345650 1964.8
1345660 1955.4
1345670 1955.4
1345680 1947.7
1345690 1939.2
1345700 1939.2
1345710 1929.7
1345720 1922.4
1345730 1922.4
1345740 1915.8
1345750 1909.4
1345760 1909.4
1345770 1903.3
1345780 1896.6
1345790 1896.6
1345800 1889.6
1345810 1886.1
1345820 1886.1
1345830 1884.5
1345840 1882.0
1345850 1882.0
1345860 1878.4
1345870 1874.4
1345880 1870.2
1345890 1870.2
1345900 1866.5
1345910 1863.1
1345920 1863.1
1345930 1859.6
1345940 1856.5
1345950 1856.5
1345960 1853.7
1345970 1851.9
1345980 1851.9
1345990 1850.6
1346000 1849.3
1346010 1849.3
1346020 1847.9
1346030 1846.1
1346040 1846.1
1346050 1844.0
1346060 1843.1
1346070 1845.5
1346080 1843.9
1346090 1843.0
1346100 1843.0
1346110 1843.0
1346120 1843.0
1346130 1843.0
1346140 1843.0
1346150 1843.0
1346160 1843.0
1346170 1843.0
1346180 1843.0
1346190 1843.0
1346200 1843.0
1346210 1843.0
1346220 1843.0
1346230 1843.0
1346240 1843.0
1346250 1843.5
1346260 1843.5
1346270 1844.3
1346280 1844.5
1346290 1844.5
1346300 1847.2
1346310 1849.0
1346320 1851.4
1346330 1851.4
1346340 1853.7
1346350 1856.2
1346360 1856.2
1346370 1858.3
1346380 1860.4
1346390 1860.4
1346400 1862.2
1346410 1864.4
1346420 1864.4
1346430 1868.1
1346440 1872.0
1346450 1872.0
1346460 1873.0
1346470 1874.4
1346480 1874.4
1346490 1876.0
1346500 1878.8
1346510 1878.8
1346520 1884.3
1346530 1891.4
1346540 1899.4
1346550 1899.4
1346560 1906.4
1346570 1913.0
1346580 1913.0
1346590 1921.2
1346600 1929.9
1346610 1929.9
1346620 1936.1
1346630 1942.0
1346640 1942.0
1346650 1947.7
1346660 1954.0
1346670 1954.0
1346680 1961.9
1346690 1970.2
1346700 1970.2
1346710 1975.5
1346720 1979.9
1346730 1979.9
1346740 1985.5
1346750 1991.2
1346760 1991.2
1346770 1995.7
1346780 2000.7
1346790 2005.3
1346800 2005.3
1346810 2008.7
1346820 2010.2
1346830 2010.2
1346840 2012.6
1346850 2016.5
1346860 2016.5
1346870 2021.3
1346880 2026.3
1346890 2026.3
1346900 2031.9
1346910 2037.4
1346920 2037.4
1346930 2042.5
1346940 2047.1
1346950 2047.1
1346960 2051.9
1346970 2057.1
1346980 2057.1
1346990 2061.8
1347000 2067.3
1347010 2072.9
1347020 2072.9
1347030 2078.8
1347040 2084.6
1347050 2084.6
1347060 2090.6
1347070 2097.0
1347080 2097.0
1347090 2103.6
1347100 2110.6
1347110 2110.6
1347120 2117.9
1347130 2125.3
1347140 2125.3
1347150 2132.9
1347160 2141.5
1347170 2141.5
1347180 2153.0
1347190 2164.0
1347200 2164.0
1347210 2175.3
1347220 2185.7
1347230 2197.3
1347240 2197.3
1347250 2208.9
1347260 2219.5
1347270 2219.5
1347280 2229.3
1347290 2237.1
1347300 2237.1
1347310 2242.4
1347320 2247.5
1347330 2247.5
1347340 2252.9
1347350 2257.6
1347360 2257.6
1347370 2261.9
1347380 2266.9
1347390 2266.9
1347400 2272.0
1347410 2277.1
1347420 2277.1
1347430 2282.2
1347440 2287.8
1347450 2293.7
1347460 2293.7
1347470 2299.4
1347480 2305.2
1347490 2305.2
1347500 2310.6
1347510 2315.8
1347520 2315.8
1347530 2321.2
1347540 2326.3
1347550 2326.3
1347560 2331.1
1347570 2336.0
1347580 2336.0
1347590 2340.5
1347600 2344.8
1347610 2344.8
1347620 2349.6
1347630 2354.2
1347640 2354.2
1347650 2357.6
1347660 2360.9
1347670 2364.9
1347680 2364.9
1347690 2369.6
1347700 2374.6
1347710 2374.6
1347720 2379.2
1347730 2384.0
1347740 2384.0
1347750 2388.2
1347760 2391.9
1347770 2391.9
1347780 2395.4
1347790 2399.7
1347800 2399.7
1347810 2404.2
1347820 2409.1
1347830 2409.1
1347840 2413.9
1347850 2417.8
1347860 2417.8
1347870 2420.8
1347880 2424.2
1347890 2427.7
1347900 2427.7
1347910 2432.0
1347920 2434.7
1347930 2434.7
1347940 2437.7
1347950 2442.0
1347960 2442.0
1347970 2446.6
1347980 2450.0
1347990 2450.0
1348000 2452.4
1348010 2456.5
1348020 2456.5
1348030 2461.2
1348040 2463.0
1348050 2463.0
1348060 2464.0
1348070 2465.0
1348080 2465.0
1348090 2466.3
1348100 2467.9
1348110 2469.6
1348120 2469.6
1348130 2472.1
1348140 2474.6
1348150 2474.6
1348160 2477.1
1348170 2479.3
1348180 2479.3
1348190 2481.1
1348200 2483.1
1348210 2483.1
1348220 2486.1
1348230 2489.5
1348240 2489.5
1348250 2492.6
1348260 2494.9
1348270 2494.9
1348280 2496.9
1348290 2499.0
1348300 2499.0
1348310 2502.0
1348320 2505.6
1348330 2508.1
1348340 2508.1
1348350 2510.1
1348360 2511.7
1348370 2511.7
1348380 2513.7
1348390 2516.3
1348400 2516.3
1348410 2520.4
1348420 2524.3
1348430 2524.3
1348440 2527.7
1348450 2530.8
1348460 2530.8
1348470 2533.9
1348480 2536.5
1348490 2536.5
1348500 2538.9
1348510 2541.8
1348520 2541.8
1348530 2544.5
1348540 2547.3
1348550 2547.3
1348560 2550.5
1348570 2555.6
1348580 2562.1
1348590 2562.1
1348600 2568.5
1348610 2572.5
1348620 2572.5
1348630 2573.6
1348640 2576.5
1348650 2576.5
1348660 2580.2
1348670 2583.9
1348680 2583.9
1348690 2587.2
1348700 2589.7
1348710 2589.7
1348720 2591.4
1348730 2593.5
1348740 2593.5
1348750 2596.9
1348760 2600.7
1348770 2600.7
1348780 2605.3
1348790 2610.4
1348800 2615.4
1348810 2615.4
1348820 2620.1
1348830 2624.2
1348840 2618.6
1348850 2622.1
1348860 2625.2
1348870 2625.2
1348880 2627.9
1348890 2630.5
1348900 2630.5
1348910 2633.0
1348920 2635.6
1348930 2635.6
1348940 2638.5
1348950 2641.5
1348960 2641.5
1348970 2644.9
1348980 2648.4
1348990 2648.4
1349000 2652.3
1349010 2656.7
1349020 2661.5
1349030 2661.5
1349040 2666.5
1349050 2671.6
1349060 2671.6
1349070 2677.0
1349080 2682.5
1349090 2682.5
1349100 2688.5
1349110 2694.2
1349120 2694.2
1349130 2699.8
1349140 2705.7
1349150 2705.7
1349160 2711.4
1349170 2717.4
1349180 2717.4
1349190 2722.8
1349200 2728.1
1349210 2728.1
1349220 2733.6
1349230 2739.2
1349240 2745.3
1349250 2745.3
1349260 2751.8
1349270 2758.4
1349280 2758.4
1349290 2764.9
1349300 2771.1
1349310 2771.1
1349320 2776.3
1349330 2781.2
1349340 2781.2
1349350 2785.9
1349360 2790.3
1349370 2790.3
1349380 2794.6
1349390 2799.1
1349400 2799.1
1349410 2804.1
1349420 2808.7
1349430 2808.7
1349440 2813.0
1349450 2815.9
1349460 2819.3
1349470 2819.3
1349480 2822.5
1349490 2825.9
1349500 2825.9
1349510 2829.5
1349520 2833.0
1349530 2833.0
1349540 2836.2
1349550 2839.9
1349560 2839.9
1349570 2844.1
1349580 2848.9
1349590 2848.9
1349600 2854.3
1349610 2859.5
1349620 2859.5
1349630 2864.8
1349640 2871.1
1349650 2871.1
1349660 2876.1
1349670 2881.1
1349680 2886.1
1349690 2886.1
1349700 2891.1
1349710 2896.5
1349720 2896.5
1349730 2901.7
1349740 2907.1
1349750 2907.1
1349760 2912.3
1349770 2917.4
1349780 2917.9
1349790 2922.7
1349800 2927.4
1349810 2927.4
1349820 2931.5
1349830 2936.3
1349840 2936.3
1349850 2940.6
1349860 2944.6
1349870 2944.6
1349880 2948.6
1349890 2952.3
1349900 2957.0
1349910 2957.0
1349920 2961.6
1349930 2965.3
1349940 2965.3
1349950 2966.7
1349960 2966.8
1349970 2966.8
1349980 2966.2
1349990 2966.4
1350000 2966.4
1350010 2968.0
1350020 2971.4
1350030 2971.4
1350040 2976.5
1350050 2983.0
1350060 2983.0
1350070 2991.0
1350080 3002.6
1350090 3002.6
1350100 3015.0
1350110 3032.4
1350120 3032.4
1350130 3050.4
1350140 3062.6
1350150 3073.4
1350160 3073.4
1350170 3086.3
1350180 3108.0
1350190 3108.0
1350200 3108.2
1350210 3080.0
1350220 3080.0
1350230 3062.1
1350240 3047.3
1350250 3047.3
1350260 3018.5
1350270 2994.7
1350280 2994.7
1350290 2988.5
1350300 2984.6
1350310 2984.6
1350320 2980.5
1350330 2975.2
1350340 2975.2
1350350 2969.2
1350360 2963.0
1350370 2957.0
1350380 2957.0
1350390 2951.0
1350400 2944.7
1350410 2944.7
1350420 2938.2
1350430 2931.8
1350440 2931.8
1350450 2925.3
1350460 2919.2
1350470 2919.2
1350480 2913.4
1350490 2907.6
1350500 2907.6
1350510 2901.5
1350520 2895.6
1350530 2895.6
1350540 2889.8
1350550 2884.0
1350560 2884.0
1350570 2878.4
1350580 2873.2
1350590 2868.3
1350600 2868.3
1350610 2863.6
1350620 2858.9
1350630 2858.9
1350640 2854.3
1350650 2849.9
1350660 2849.9
1350670 2846.4
1350680 2841.5
1350690 2841.5
1350700 2836.4
1350710 2831.7
1350720 2831.7
1350730 2826.8
1350740 2822.3
1350750 2822.3
1350760 2817.7
1350770 2813.0
1350780 2813.0
1350790 2808.4
1350800 2805.9
1350810 2800.1
1350820 2800.1
1350830 2793.0
1350840 2786.8
1350850 2786.8
1350860 2782.7
1350870 2780.2
1350880 2780.2
1350890 2778.0
1350900 2774.5
1350910 2774.5
1350920 2771.0
1350930 2766.4
1350940 2766.4
1350950 2762.3
1350960 2757.9
1350970 2757.9
1350980 2751.7
1350990 2747.1
1351000 2747.1
1351010 2743.5
1351020 2740.5
1351030 2736.4
1351040 2736.4
1351050 2732.4
1351060 2728.6
1351070 2728.6
1351080 2724.6
1351090 2720.2
1351100 2720.2
1351110 2717.6
1351120 2716.0
1351130 2716.0
1351140 2714.3
1351150 2712.4
1351160 2712.4
1351170 2710.2
1351180 2708.1
1351190 2708.1
1351200 2706.1
1351210 2703.8
1351220 2703.8
1351230 2701.0
1351240 2697.9
1351250 2694.2
1351260 2694.2
1351270 2689.9
1351280 2685.3
1351290 2685.3
1351300 2680.3
1351310 2675.4
1351320 2675.4
1351330 2672.2
1351340 2670.1
1351350 2670.1
1351360 2664.6
1351370 2657.7
1351380 2657.7
1351390 2651.7
1351400 2647.0
1351410 2647.0
1351420 2642.2
1351430 2637.2
1351440 2637.2
1351450 2631.8
1351460 2627.2
1351470 2623.2
1351480 2623.2
1351490 2619.4
1351500 2615.8
1351510 2615.8
1351520 2612.4
1351530 2609.0
1351540 2609.0
1351550 2605.9
1351560 2602.9
1351570 2602.9
1351580 2599.8
1351590 2597.2
1351600 2597.2
1351610 2594.8
1351620 2591.5
1351630 2591.5
1351640 2587.8
1351650 2582.5
1351660 2582.5
1351670 2577.4
1351680 2573.5
1351690 2569.3
1351700 2569.3
1351710 2563.9
1351720 2558.6
1351730 2558.6
1351740 2554.5
1351750 2550.2
1351760 2550.2
1351770 2545.2
1351780 2540.5
1351790 2540.5
1351800 2535.0
1351810 2530.7
1351820 2530.7
1351830 2525.8
1351840 2521.1
1351850 2521.1
1351860 2516.1
1351870 2510.4
1351880 2510.4
1351890 2503.1
1351900 2497.8
1351910 2491.3
1351920 2491.3
1351930 2484.4
1351940 2479.2
1351950 2479.2
1351960 2472.7
1351970 2466.4
1351980 2466.4
1351990 2459.0
1352000 2452.3
1352010 2452.3
1352020 2446.9
1352030 2442.1
1352040 2442.1
1352050 2437.8
1352060 2433.2
1352070 2433.2
1352080 2429.0
1352090 2424.5
1352100 2424.5
1352110 2419.4
1352120 2414.1
1352130 2414.1
1352140 2407.1
1352150 2401.4
1352160 2395.5
1352170 2395.5
1352180 2388.5
1352190 2382.0
1352200 2382.0
1352210 2375.3
1352220 2368.1
1352230 2368.1
1352240 2361.6
1352250 2356.9
1352260 2356.9
1352270 2352.3
1352280 2349.0
1352290 2349.0
1352300 2347.5
1352310 2344.3
1352320 2344.3
1352330 2340.1
1352340 2336.9
1352350 2336.9
1352360 2333.7
1352370 2329.2
1352380 2323.4
1352390 2323.4
1352400 2318.2
1352410 2311.3
1352420 2311.3
1352430 2304.2
1352440 2297.8
1352450 2297.8
1352460 2291.6
1352470 2286.1
1352480 2286.1
1352490 2281.1
1352500 2274.5
1352510 2274.5
1352520 2268.7
1352530 2259.9
1352540 2259.9
1352550 2251.6
1352560 2243.5
1352570 2243.5
1352580 2235.0
1352590 2226.9
1352600 2220.0
1352610 2220.0
1352620 2212.9
1352630 2205.5
1352640 2201.2
1352650 2193.7
1352660 2187.1
1352670 2187.1
1352680 2181.8
1352690 2177.5
1352700 2177.5
1352710 2171.9
1352720 2165.7
1352730 2165.7
1352740 2159.3
1352750 2153.3
1352760 2153.3
1352770 2147.7
1352780 2141.9
1352790 2141.9
1352800 2135.3
1352810 2128.4
1352820 2120.5
1352830 2120.5
1352840 2111.4
1352850 2102.6
1352860 2102.6
1352870 2094.9
1352880 2086.9
1352890 2086.9
1352900 2080.6
1352910 2075.8
1352920 2075.8
1352930 2071.0
1352940 2062.8
1352950 2062.8
1352960 2055.8
1352970 2049.6
1352980 2049.6
1352990 2044.5
1353000 2038.2
1353010 2038.2
1353020 2031.3
1353030 2024.9
1353040 2017.6
1353050 2017.6
1353060 2012.2
1353070 2008.0
1353080 2008.0
1353090 2004.4
1353100 1998.5
1353110 1998.5
1353120 1993.5
1353130 1989.0
1353140 1989.0
1353150 1985.1
1353160 1981.5
1353170 1981.5
1353180 1978.7
1353190 1976.1
1353200 1976.1
1353210 1974.4
1353220 1972.9
1353230 1972.9
1353240 1971.2
1353250 1969.9
1353260 1969.1
1353270 1969.1
1353280 1968.3
1353290 1967.4
1353300 1967.4
1353310 1966.7
1353320 1966.3
1353330 1966.3
1353340 1965.9
1353350 1964.9
1353360 1964.9
1353370 1962.9
1353380 1961.3
1353390 1961.3
1353400 1959.8
1353410 1958.9
1353420 1958.9
1353430 1958.2
1353440 1956.8
1353450 1956.8
1353460 1955.4
1353470 1954.1
1353480 1953.3
1353490 1953.3
1353500 1953.5
1353510 1954.1
1353520 1954.1
1353530 1954.4
1353540 1954.3
1353550 1954.3
1353560 1955.3
1353570 1956.1
1353580 1956.1
1353590 1958.2
1353600 1961.6
1353610 1962.8
1353620 1966.6
1353630 1970.5
1353640 1970.5
1353650 1974.8
1353660 1979.1
1353670 1979.1
1353680 1983.3
1353690 1988.8
1353700 1996.3
1353710 1996.3
1353720 2003.8
1353730 2010.8
1353740 2010.8
1353750 2017.7
1353760 2023.8
1353770 2023.8
1353780 2030.5
1353790 2037.4
1353800 2037.4
1353810 2044.8
1353820 2052.7
1353830 2052.7
1353840 2062.0
1353850 2070.3
1353860 2070.3
1353870 2077.5
1353880 2085.0
1353890 2085.0
1353900 2091.1
1353910 2097.1
1353920 2097.1
1353930 2104.3
1353940 2110.3
1353950 2116.2
1353960 2116.2
1353970 2125.4
1353980 2138.3
1353990 2138.3
1354000 2146.2
1354010 2154.9
1354020 2154.9
1354030 2162.4
1354040 2169.7
1354050 2169.7
1354060 2177.7
1354070 2180.7
1354080 2180.7
1354090 2184.7
1354100 2191.1
1354110 2191.1
1354120 2197.8
1354130 2206.0
1354140 2206.0
1354150 2212.1
1354160 2217.8
1354170 2223.8
1354180 2223.8
1354190 2230.3
1354200 2237.1
1354210 2237.1
1354220 2247.0
1354230 2256.8
1354240 2256.8
1354250 2265.7
1354260 2274.7
1354270 2274.7
1354280 2280.4
1354290 2288.1
1354300 2288.1
1354310 2294.8
1354320 2300.1
1354330 2300.1
1354340 2305.7
1354350 2311.2
1354360 2311.2
1354370 2316.9
1354380 2322.9
1354390 2328.7
1354400 2328.7
1354410 2333.0
1354420 2337.7
1354430 2337.7
1354440 2342.5
1354450 2346.8
1354460 2346.8
1354470 2349.3
1354480 2350.8
1354490 2350.8
1354500 2354.6
1354510 2358.6
1354520 2358.6
1354530 2364.0
1354540 2370.8
1354550 2370.8
1354560 2378.0
1354570 2384.4
1354580 2388.8
1354590 2394.4
1354600 2400.9
1354610 2406.3
1354620 2406.3
1354630 2410.5
1354640 2414.4
1354650 2414.4
1354660 2417.5
1354670 2419.9
1354680 2419.9
1354690 2422.7
1354700 2425.5
1354710 2425.5
1354720 2427.8
1354730 2429.5
1354740 2429.5
1354750 2432.6
1354760 2437.1
1354770 2437.1
1354780 2441.9
1354790 2446.2
1354800 2446.2
1354810 2450.0
1354820 2452.7
1354830 2456.7
1354840 2456.7
1354850 2460.4
1354860 2463.7
1354870 2463.7
1354880 2467.3
1354890 2471.3
1354900 2471.3
1354910 2474.8
1354920 2477.8
1354930 2477.8
1354940 2483.1
1354950 2487.6
1354960 2487.6
1354970 2490.8
1354980 2492.2
1354990 2492.2
1355000 2495.0
1355010 2499.7
1355020 2499.7
1355030 2504.2
1355040 2508.3
1355050 2513.1
1355060 2513.1
1355070 2517.3
1355080 2521.7
1355090 2521.7
1355100 2525.6
1355110 2528.1
1355120 2528.1
1355130 2531.0
1355140 2533.2
1355150 2533.2
1355160 2533.6
1355170 2534.1
1355180 2534.1
1355190 2535.4
1355200 2536.5
1355210 2536.5
1355220 2537.6
1355230 2539.0
1355240 2539.0
1355250 2541.0
1355260 2544.4
1355270 2549.3
1355280 2549.3
1355290 2555.3
1355300 2560.6
1355310 2560.6
1355320 2566.4
1355330 2572.1
1355340 2572.1
1355350 2577.8
1355360 2583.7
1355370 2583.7
1355380 2589.9
1355390 2596.2
1355400 2596.2
1355410 2601.8
1355420 2607.0
1355430 2607.0
1355440 2612.6
1355450 2624.6
1355460 2624.6
1355470 2639.9
1355480 2658.4
1355490 2669.3
1355500 2669.3
1355510 2678.4
1355520 2686.0
1355530 2686.0
1355540 2693.4
1355550 2701.3
1355560 2701.9
1355570 2710.2
1355580 2718.1
1355590 2718.1
1355600 2726.2
1355610 2733.6
1355620 2733.6
1355630 2741.5
1355640 2749.2
1355650 2749.2
1355660 2747.6
1355670 2742.6
1355680 2742.6
1355690 2736.4
1355700 2730.6
1355710 2730.6
1355720 2724.7
1355730 2718.5
1355740 2712.7
1355750 2712.7
1355760 2708.0
1355770 2703.2
1355780 2703.2
1355790 2695.0
1355800 2688.4
1355810 2688.4
1355820 2682.7
1355830 2678.4
1355840 2678.4
1355850 2672.8
1355860 2666.3
1355870 2666.3
1355880 2659.7
1355890 2653.4
1355900 2653.4
1355910 2648.0
1355920 2644.8
1355930 2644.8
1355940 2643.6
1355950 2642.7
1355960 2641.6
1355970 2641.6
1355980 2639.3
1355990 2636.0
1356000 2636.0
1356010 2632.1
1356020 2628.2
1356030 2628.2
1356040 2623.6
1356050 2615.8
1356060 2615.8
1356070 2605.7
1356080 2595.3
1356090 2595.3
1356100 2584.3
1356110 2572.5
1356120 2572.5
1356130 2560.4
1356140 2549.1
1356150 2549.1
1356160 2539.6
1356170 2534.2
1356180 2528.9
1356190 2528.9
1356200 2523.6
1356210 2518.6
1356220 2518.6
1356230 2513.0
1356240 2508.1
1356250 2508.1
1356260 2504.9
1356270 2502.2
1356280 2502.2
1356290 2499.9
1356300 2499.2
1356310 2499.2
1356320 2497.2
1356330 2492.9
1356340 2492.9
1356350 2489.1
1356360 2484.8
1356370 2484.8
1356380 2479.6
1356390 2474.6
1356400 2470.8
1356410 2470.8
1356420 2466.6
1356430 2463.1
1356440 2463.1
1356450 2460.1
1356460 2457.0
1356470 2457.0
1356480 2454.8
1356490 2451.9
1356500 2451.9
1356510 2447.7
1356520 2443.4
1356530 2443.4
1356540 2439.7
1356550 2432.4
1356560 2432.4
1356570 2427.3
1356580 2423.7
1356590 2423.7
1356600 2420.4
1356610 2416.1
1356620 2411.7
1356630 2411.7
1356640 2406.6
1356650 2402.7
1356660 2402.7
1356670 2396.3
1356680 2391.0
1356690 2391.0
1356700 2383.8
1356710 2373.1
1356720 2373.1
1356730 2365.0
1356740 2357.5
1356750 2357.5
1356760 2351.3
1356770 2344.8
1356780 2344.8
1356790 2339.6
1356800 2335.2
1356810 2335.2
1356820 2329.7
1356830 2323.7
1356840 2316.3
1356850 2316.3
1356860 2309.9
1356870 2304.3
1356880 2304.3
1356890 2298.5
1356900 2291.2
1356910 2291.2
1356920 2285.1
1356930 2278.3
1356940 2278.3
1356950 2272.4
1356960 2266.1
1356970 2266.1
1356980 2260.1
1356990 2253.4
1357000 2253.4
1357010 2247.5
1357020 2243.1
1357030 2243.1
1357040 2238.8
1357050 2233.5
1357060 2227.8
1357070 2227.8
1357080 2222.3
1357090 2216.4
1357100 2216.4
1357110 2210.7
1357120 2205.0
1357130 2205.0
1357140 2200.0
1357150 2194.4
1357160 2194.4
1357170 2189.0
1357180 2182.8
1357190 2182.8
1357200 2175.8
1357210 2169.2
1357220 2169.2
1357230 2163.8
1357240 2157.7
1357250 2157.7
1357260 2152.0
1357270 2146.3
1357280 2140.9
1357290 2140.9
1357300 2135.6
1357310 2130.0
1357320 2130.0
1357330 2122.8
1357340 2116.5
1357350 2116.5
1357360 2110.9
1357370 2106.1
1357380 2106.1
1357390 2101.1
1357400 2096.4
1357410 2096.4
1357420 2091.6
1357430 2085.5
1357440 2085.5
1357450 2080.1
1357460 2074.7
1357470 2074.7
1357480 2069.0
1357490 2062.4
1357500 2062.4
1357510 2055.9
1357520 2050.3
1357530 2044.7
1357540 2044.7
1357550 2038.3
1357560 2033.1
1357570 2033.1
1357580 2027.4
1357590 2022.5
1357600 2022.5
1357610 2018.3
1357620 2014.2
1357630 2014.2
1357640 2008.7
1357650 2002.8
1357660 2002.8
1357670 1996.1
1357680 1988.9
1357690 1988.9
1357700 1982.2
1357710 1974.7
1357720 1974.7
1357730 1965.2
1357740 1957.8
1357750 1954.7
1357760 1954.7
1357770 1954.1
1357780 1952.4
1357790 1952.4
1357800 1955.4
1357810 1955.5
1357820 1955.5
1357830 1955.4
1357840 1957.9
1357850 1957.9
1357860 1959.9
1357870 1961.1
1357880 1961.1
1357890 1959.9
1357900 1958.0
1357910 1958.0
1357920 1952.1
1357930 1946.1
1357940 1946.1
1357950 1942.5
1357960 1941.1
1357970 1940.4
1357980 1940.4
1357990 1940.6
1358000 1936.2
1358010 1936.2
1358020 1930.9
1358030 1928.3
1358040 1928.3
1358050 1925.7
1358060 1921.9
1358070 1921.9
1358080 1918.3
1358090 1911.3
1358100 1911.3
1358110 1900.4
1358120 1888.4
1358130 1888.4
1358140 1881.0
1358150 1875.2
1358160 1875.2
1358170 1873.7
1358180 1870.2
1358190 1864.2
1358200 1864.2
1358210 1858.2
1358220 1853.3
1358230 1853.3
1358240 1848.8
1358250 1845.3
1358260 1845.3
1358270 1841.5
1358280 1836.1
1358290 1836.1
1358300 1830.8
1358310 1824.9
1358320 1824.9
1358330 1816.7
1358340 1811.1
1358350 1811.1
1358360 1810.1
1358370 1807.6
1358380 1807.6
1358390 1803.7
1358400 1801.7
1358410 1798.8
1358420 1798.8
1358430 1794.4
1358440 1791.9
1358450 1791.9
1358460 1789.1
1358470 1785.6
1358480 1785.6
1358490 1783.6
1358500 1779.4
1358510 1779.4
1358520 1773.8
1358530 1769.8
1358540 1769.8
1358550 1768.1
1358560 1765.3
1358570 1765.3
1358580 1762.8
1358590 1759.5
1358600 1759.5
1358610 1755.6
1358620 1752.1
1358630 1749.3
1358640 1749.3
1358650 1745.1
1358660 1741.9
1358670 1741.9
1358680 1738.6
1358690 1735.1
1358700 1735.1
1358710 1732.9
1358720 1729.4
1358730 1729.4
1358740 1726.6
1358750 1724.0
1358760 1724.0
1358770 1722.7
1358780 1721.4
1358790 1721.4
1358800 1719.1
1358810 1715.8
1358820 1715.8
1358830 1714.5
1358840 1713.3
1358850 1711.1
1358860 1711.1
1358870 1709.9
1358880 1708.6
1358890 1708.6
1358900 1708.1
1358910 1708.3
1358920 1708.3
1358930 1707.8
1358940 1708.0
1358950 1708.0
1358960 1708.2
1358970 1708.9
1358980 1708.9
1358990 1709.7
1359000 1710.8
1359010 1710.8
1359020 1711.7
1359030 1713.3
1359040 1713.3
1359050 1715.4
1359060 1717.6
1359070 1719.9
1359080 1719.9
1359090 1723.3
1359100 1727.6
1359110 1727.6
1359120 1732.5
1359130 1736.2
1359140 1736.2
1359150 1739.5
1359160 1742.4
1359170 1742.4
1359180 1746.1
1359190 1749.8
1359200 1749.8
1359210 1752.9
1359220 1755.3
1359230 1755.3
1359240 1758.7
1359250 1760.5
1359260 1760.5
1359270 1761.7
1359280 1765.1
1359290 1769.6
1359300 1769.6
1359310 1772.0
1359320 1775.5
1359330 1775.5
1359340 1778.9
1359350 1783.5
1359360 1783.5
1359370 1788.9
1359380 1794.0
1359390 1794.0
1359400 1799.3
1359410 1805.6
1359420 1805.6
1359430 1812.0
1359440 1817.9
1359450 1817.9
1359460 1824.0
1359470 1829.6
1359480 1829.6
1359490 1835.4
1359500 1841.6
1359510 1841.6
1359520 1846.4
1359530 1849.3
1359540 1855.8
1359550 1855.8
1359560 1863.5
1359570 1866.0
1359580 1866.0
1359590 1872.1
1359600 1876.4
1359610 1876.4
1359620 1876.0
1359630 1881.7
1359640 1881.7
1359650 1889.9
1359660 1896.7
1359670 1896.7
1359680 1903.3
1359690 1910.7
1359700 1910.7
1359710 1918.0
1359720 1923.2
1359730 1923.2
1359740 1926.9
1359750 1932.5
1359760 1938.3
1359770 1938.3
1359780 1946.0
1359790 1952.9
1359800 1952.9
1359810 1960.1
1359820 1963.8
1359830 1963.8
1359840 1956.3
1359850 1946.4
1359860 1946.4
1359870 1954.3
1359880 1960.3
1359890 1960.3
1359900 1969.7
1359910 1978.8
1359920 1978.8
1359930 1986.5
1359940 1994.8
1359950 1994.8
1359960 2001.2
1359970 2007.6
1359980 2012.7
1359990 2012.7
