1340000 1916.0
1340010 1914.8
1340020 1914.8
1340030 1915.0
1340040 1917.9
1340050 1917.9
1340060 1923.7
1340070 1928.8
1340080 1928.8
1340090 1931.1
1340100 1932.0
1340110 1932.0
1340120 1933.7
1340130 1935.1
1340140 1935.1
1340150 1934.0
1340160 1933.9
1340170 1933.9
1340180 1931.3
1340190 1923.7
1340200 1919.0
1340210 1919.0
1340220 1917.2
1340230 1911.6
1340240 1911.6
1340250 1899.0
1340260 1885.4
1340270 1885.4
1340280 1868.3
1340290 1851.9
1340300 1851.9
1340310 1839.1
1340320 1828.0
1340330 1828.0
1340340 1819.4
1340350 1810.9
1340360 1810.9
1340370 1802.8
1340380 1794.6
1340390 1794.6
1340400 1785.5
1340410 1776.4
1340420 1767.4
1340430 1767.4
1340440 1758.7
1340450 1750.2
1340460 1750.2
1340470 1742.5
1340480 1734.9
1340490 1734.9
1340500 1727.2
1340510 1719.9
1340520 1722.9
1340530 1716.6
1340540 1710.5
1340550 1710.5
1340560 1704.9
1340570 1699.3
1340580 1699.3
1340590 1693.8
1340600 1688.4
1340610 1688.4
1340620 1683.1
1340630 1678.3
1340640 1673.7
1340650 1673.7
1340660 1669.6
1340670 1665.4
1340680 1665.4
1340690 1661.1
1340700 1655.6
1340710 1655.6
1340720 1650.2
1340730 1648.0
1340740 1648.0
1340750 1648.6
1340760 1651.5
1340770 1651.5
1340780 1655.7
1340790 1659.4
1340800 1659.4
1340810 1664.1
1340820 1668.9
1340830 1668.9
1340840 1674.0
1340850 1679.5
1340860 1682.9
1340870 1682.9
1340880 1683.8
1340890 1689.1
1340900 1689.1
1340910 1695.5
1340920 1702.2
1340930 1702.2
1340940 1709.7
1340950 1717.7
1340960 1717.7
1340970 1725.6
1340980 1733.4
1340990 1733.4
1341000 1740.9
1341010 1748.2
1341020 1748.2
1341030 1757.7
1341040 1775.6
1341050 1775.6
1341060 1789.8
1341070 1803.9
1341080 1821.2
1341090 1821.2
1341100 1835.0
1341110 1848.5
1341120 1848.5
1341130 1859.4
1341140 1874.1
1341150 1874.1
1341160 1886.5
1341170 1892.0
1341180 1892.0
1341190 1884.7
1341200 1864.8
1341210 1864.8
1341220 1845.7
1341230 1844.7
1341240 1844.7
1341250 1850.7
1341260 1865.5
1341270 1865.5
1341280 1876.1
1341290 1887.0
1341300 1905.3
1341310 1905.3
1341320 1928.2
1341330 1957.9
1341340 1957.9
1341350 1975.0
1341360 1988.5
1341370 1988.5
1341380 2000.9
1341390 2011.2
1341400 2011.2
1341410 2022.3
1341420 2031.8
1341430 2031.8
1341440 2041.1
1341450 2050.3
1341460 2050.3
1341470 2058.2
1341480 2065.5
1341490 2065.5
1341500 2073.2
1341510 2082.2
1341520 2092.4
1341530 2092.4
1341540 2102.6
1341550 2110.7
1341560 2110.7
1341570 2117.3
1341580 2123.7
1341590 2123.7
1341600 2129.8
1341610 2135.4
1341620 2135.4
1341630 2141.5
1341640 2149.0
1341650 2149.0
1341660 2155.8
1341670 2160.3
1341680 2160.3
1341690 2164.6
1341700 2170.7
1341710 2170.7
1341720 2177.4
1341730 2186.5
1341740 2186.5
1341750 2197.2
1341760 2207.0
1341770 2217.1
1341780 2217.1
1341790 2226.1
1341800 2233.7
1341810 2233.7
1341820 2241.4
1341830 2248.6
1341840 2248.6
1341850 2256.2
1341860 2263.5
1341870 2263.5
1341880 2270.0
1341890 2276.3
1341900 2276.3
1341910 2282.9
1341920 2289.3
1341930 2289.3
1341940 2296.9
1341950 2305.2
1341960 2305.2
1341970 2313.2
1341980 2321.0
1341990 2328.7
1342000 2328.7
1342010 2336.3
1342020 2343.3
1342030 2343.3
1342040 2351.9
1342050 2363.1
1342060 2363.1
1342070 2377.8
1342080 2392.6
1342090 2392.6
1342100 2406.2
1342110 2415.2
1342120 2415.2
1342130 2423.9
1342140 2433.8
1342150 2433.8
1342160 2442.8
1342170 2452.5
1342180 2452.5
1342190 2460.2
1342200 2469.6
1342210 2481.3
1342220 2481.3
1342230 2493.1
1342240 2500.2
1342250 2500.2
1342260 2506.7
1342270 2513.0
1342280 2513.0
1342290 2519.1
1342300 2517.6
1342310 2517.6
1342320 2524.8
1342330 2530.5
1342340 2530.5
1342350 2535.7
1342360 2543.4
1342370 2543.4
1342380 2553.7
1342390 2562.5
1342400 2562.5
1342410 2569.3
1342420 2577.7
1342430 2588.3
1342440 2588.3
1342450 2597.8
1342460 2606.9
1342470 2606.9
1342480 2615.6
1342490 2626.4
1342500 2626.4
1342510 2636.0
1342520 2644.3
1342530 2644.3
1342540 2652.6
1342550 2661.2
1342560 2661.2
1342570 2669.9
1342580 2679.6
1342590 2679.6
1342600 2690.3
1342610 2701.2
1342620 2701.2
1342630 2714.0
1342640 2727.1
1342650 2723.7
1342660 2723.7
1342670 2713.6
1342680 2705.5
1342690 2705.5
1342700 2697.6
1342710 2689.2
1342720 2689.2
1342730 2681.0
1342740 2670.8
1342750 2670.8
1342760 2659.8
1342770 2651.1
1342780 2651.1
1342790 2643.5
1342800 2636.9
1342810 2636.9
1342820 2631.3
1342830 2627.6
1342840 2627.6
1342850 2622.3
1342860 2614.1
1342870 2606.4
1342880 2606.4
1342890 2597.9
1342900 2590.0
1342910 2590.0
1342920 2585.1
1342930 2581.8
1342940 2581.8
1342950 2578.3
1342960 2574.0
1342970 2574.0
1342980 2567.8
1342990 2557.8
1343000 2557.8
1343010 2548.8
1343020 2542.0
1343030 2542.0
1343040 2539.2
1343050 2537.5
1343060 2537.5
1343070 2533.2
1343080 2527.0
1343090 2521.7
1343100 2521.7
1343110 2519.0
1343120 2517.3
1343130 2517.3
1343140 2516.7
1343150 2517.4
1343160 2517.4
1343170 2518.5
1343180 2519.9
1343190 2525.0
1343200 2525.3
1343210 2523.6
1343220 2523.6
1343230 2521.9
1343240 2520.9
1343250 2520.9
1343260 2520.7
1343270 2521.1
1343280 2521.1
1343290 2521.0
1343300 2520.4
1343310 2520.4
1343320 2520.1
1343330 2521.7
1343340 2523.5
1343350 2523.5
1343360 2522.4
1343370 2522.5
1343380 2522.5
1343390 2523.5
1343400 2524.3
1343410 2524.3
1343420 2522.6
1343430 2519.9
1343440 2519.9
1343450 2520.3
1343460 2518.9
1343470 2518.9
1343480 2519.0
1343490 2520.8
1343500 2520.8
1343510 2524.5
1343520 2528.8
1343530 2528.8
1343540 2531.8
1343550 2532.7
1343560 2534.6
1343570 2534.6
1343580 2539.0
1343590 2544.3
1343600 2544.3
1343610 2555.5
1343620 2567.6
1343630 2567.6
1343640 2554.7
1343650 2520.3
1343660 2520.3
1343670 2501.7
1343680 2495.3
1343690 2495.3
1343700 2490.9
1343710 2488.1
1343720 2488.1
1343730 2486.8
1343740 2486.6
1343750 2486.6
1343760 2486.3
1343770 2487.3
1343780 2489.2
1343790 2489.2
1343800 2491.8
1343810 2491.6
1343820 2491.6
1343830 2485.9
1343840 2482.0
1343850 2482.0
1343860 2478.1
1343870 2473.0
1343880 2473.0
1343890 2468.0
1343900 2464.5
1343910 2464.5
1343920 2459.6
1343930 2454.7
1343940 2454.7
1343950 2449.9
1343960 2445.8
1343970 2445.8
1343980 2438.7
1343990 2434.1
1344000 2431.2
1344010 2431.2
1344020 2428.2
1344030 2425.7
1344040 2425.7
1344050 2424.2
1344060 2423.9
1344070 2423.9
1344080 2424.4
1344090 2430.3
1344100 2430.3
1344110 2429.6
1344120 2430.3
1344130 2430.3
1344140 2433.4
1344150 2431.1
1344160 2431.1
1344170 2430.0
1344180 2438.6
1344190 2438.6
1344200 2448.4
1344210 2457.0
1344220 2466.3
1344230 2466.3
1344240 2467.7
1344250 2454.1
1344260 2454.1
1344270 2428.0
1344280 2403.5
1344290 2403.5
1344300 2392.0
1344310 2384.9
1344320 2384.9
1344330 2377.8
1344340 2371.2
1344350 2371.2
1344360 2363.8
1344370 2359.1
1344380 2359.1
1344390 2357.3
1344400 2356.6
1344410 2356.6
1344420 2356.2
1344430 2355.8
1344440 2356.0
1344450 2356.0
1344460 2357.0
1344470 2355.4
1344480 2355.4
1344490 2353.6
1344500 2352.4
1344510 2352.4
1344520 2350.7
1344530 2347.5
1344540 2347.5
1344550 2343.2
1344560 2337.9
1344570 2337.9
1344580 2332.3
1344590 2327.1
1344600 2327.1
1344610 2321.7
1344620 2316.6
1344630 2316.6
1344640 2311.8
1344650 2306.6
1344660 2299.9
1344670 2299.9
1344680 2292.4
1344690 2285.1
1344700 2285.1
1344710 2279.7
1344720 2275.9
1344730 2275.9
1344740 2272.5
1344750 2268.8
1344760 2268.8
1344770 2265.9
1344780 2262.9
1344790 2262.9
1344800 2260.3
1344810 2257.4
1344820 2257.4
1344830 2254.5
1344840 2251.0
1344850 2251.0
1344860 2247.9
1344870 2246.2
1344880 2244.9
1344890 2244.9
1344900 2243.4
1344910 2239.8
1344920 2239.8
1344930 2235.7
1344940 2234.8
1344950 2234.8
1344960 2236.1
1344970 2236.3
1344980 2236.3
1344990 2234.1
1345000 2235.6
1345010 2235.6
1345020 2231.6
1345030 2226.7
1345040 2226.7
1345050 2221.7
1345060 2216.5
1345070 2216.5
1345080 2210.8
1345090 2204.6
1345100 2204.6
1345110 2198.3
1345120 2194.1
1345130 2191.1
1345140 2191.1
1345150 2185.4
1345160 2167.7
1345170 2167.7
1345180 2152.5
1345190 2142.6
1345200 2142.6
1345210 2133.3
1345220 2131.0
1345230 2131.0
1345240 2128.6
1345250 2120.8
1345260 2120.8
1345270 2112.0
1345280 2112.3
1345290 2112.3
1345300 2110.4
1345310 2102.0
1345320 2102.0
1345330 2092.5
1345340 2082.4
1345350 2071.5
1345360 2071.5
1345370 2058.9
1345380 2047.1
1345390 2047.1
1345400 2035.5
1345410 2031.1
1345420 2031.1
1345430 2025.9
1345440 2019.4
1345450 2019.4
1345460 2011.8
1345470 2004.9
1345480 2004.9
1345490 1999.3
1345500 1994.3
1345510 1994.3
1345520 1988.3
1345530 1980.3
1345540 1980.3
1345550 1971.9
1345560 1963.8
1345570 1954.4
1345580 1954.4
1345590 1947.3
1345600 1938.0
1345610 1938.0
1345620 1925.9
1345630 1917.0
1345640 1917.0
1345650 1911.5
1345660 1905.4
1345670 1905.4
1345680 1897.5
1345690 1890.1
1345700 1890.1
1345710 1884.8
1345720 1879.3
1345730 1879.3
1345740 1873.7
1345750 1867.1
1345760 1867.1
1345770 1861.0
1345780 1855.3
1345790 1849.5
1345800 1849.5
1345810 1844.3
1345820 1843.0
1345830 1843.0
1345840 1843.0
1345850 1843.0
1345860 1843.0
1345870 1843.0
1345880 1843.0
1345890 1843.0
1345900 1843.0
1345910 1843.0
1345920 1843.0
1345930 1843.0
1345940 1843.0
1345950 1843.0
1345960 1843.0
1345970 1843.0
1345980 1843.0
1345990 1843.0
1346000 1843.0
1346010 1843.0
1346020 1843.0
1346030 1843.0
1346040 1843.0
1346050 1843.0
1346060 1843.0
1346070 1843.0
1346080 1843.0
1346090 1843.0
1346100 1843.0
1346110 1843.0
1346120 1843.0
1346130 1843.0
1346140 1843.0
1346150 1843.0
1346160 1843.0
1346170 1843.0
1346180 1843.0
1346190 1843.0
1346200 1843.0
1346210 1843.0
1346220 1843.0
1346230 1843.0
1346240 1843.0
1346250 1843.0
1346260 1843.0
1346270 1843.0
1346280 1843.0
1346290 1843.0
1346300 1843.0
1346310 1843.0
1346320 1844.8
1346330 1844.8
1346340 1848.6
1346350 1851.5
1346360 1851.5
1346370 1855.6
1346380 1860.2
1346390 1860.2
1346400 1866.0
1346410 1871.0
1346420 1871.0
1346430 1875.9
1346440 1881.4
1346450 1886.1
1346460 1886.1
1346470 1892.1
1346480 1899.0
1346490 1899.0
1346500 1905.9
1346510 1911.8
1346520 1911.8
1346530 1916.9
1346540 1922.1
1346550 1922.1
1346560 1928.4
1346570 1934.4
1346580 1934.4
1346590 1939.3
1346600 1943.7
1346610 1943.7
1346620 1947.9
1346630 1951.6
1346640 1951.6
1346650 1956.5
1346660 1962.1
1346670 1967.1
1346680 1967.1
1346690 1969.1
1346700 1969.2
1346710 1969.2
1346720 1969.8
1346730 1972.4
1346740 1972.4
1346750 1976.5
1346760 1982.7
1346770 1982.7
1346780 1988.0
1346790 1991.0
1346800 1991.0
1346810 1994.5
1346820 1998.1
1346830 1999.0
1346840 2005.4
1346850 2012.4
1346860 2012.4
1346870 2019.0
1346880 2024.3
1346890 2024.3
1346900 2029.4
1346910 2034.8
1346920 2039.8
1346930 2039.8
1346940 2045.1
1346950 2051.0
1346960 2051.0
1346970 2057.0
1346980 2062.6
1346990 2062.6
1347000 2068.4
1347010 2074.6
1347020 2074.6
1347030 2080.8
1347040 2088.0
1347050 2088.0
1347060 2095.3
1347070 2102.5
1347080 2102.5
1347090 2109.5
1347100 2116.9
1347110 2116.9
1347120 2126.7
1347130 2136.7
1347140 2142.9
1347150 2142.9
1347160 2148.2
1347170 2155.8
1347180 2155.8
1347190 2164.5
1347200 2172.2
1347210 2172.2
1347220 2180.0
1347230 2192.6
1347240 2192.6
1347250 2202.3
1347260 2209.6
1347270 2209.6
1347280 2215.3
1347290 2219.8
1347300 2219.8
1347310 2224.1
1347320 2228.4
1347330 2228.4
1347340 2230.3
1347350 2229.7
1347360 2230.6
1347370 2230.6
1347380 2233.6
1347390 2240.6
1347400 2240.6
1347410 2249.8
1347420 2257.7
1347430 2257.7
1347440 2265.2
1347450 2271.9
1347460 2271.9
1347470 2278.1
1347480 2284.0
1347490 2284.0
1347500 2289.4
1347510 2294.7
1347520 2294.7
1347530 2299.4
1347540 2303.7
1347550 2303.7
1347560 2307.7
1347570 2312.0
1347580 2317.3
1347590 2317.3
1347600 2322.7
1347610 2328.9
1347620 2328.9
1347630 2334.1
1347640 2338.8
1347650 2338.8
1347660 2343.7
1347670 2348.9
1347680 2348.9
1347690 2353.7
1347700 2358.4
1347710 2358.4
1347720 2363.5
1347730 2367.7
1347740 2367.7
1347750 2371.4
1347760 2377.0
1347770 2377.0
1347780 2381.9
1347790 2386.2
1347800 2389.9
1347810 2389.9
1347820 2393.9
1347830 2398.4
1347840 2398.4
1347850 2402.5
1347860 2406.6
1347870 2406.6
1347880 2410.5
1347890 2414.3
1347900 2414.3
1347910 2418.3
1347920 2422.3
1347930 2422.3
1347940 2426.6
1347950 2431.7
1347960 2431.7
1347970 2436.0
1347980 2439.3
1347990 2439.3
1348000 2441.3
1348010 2445.1
1348020 2448.5
1348030 2448.5
1348040 2451.2
1348050 2453.9
1348060 2453.9
1348070 2456.7
1348080 2458.8
1348090 2458.8
1348100 2461.2
1348110 2463.9
1348120 2463.9
1348130 2466.4
1348140 2469.6
1348150 2469.6
1348160 2473.2
1348170 2476.3
1348180 2476.3
1348190 2479.8
1348200 2482.6
1348210 2482.6
1348220 2485.2
1348230 2489.1
1348240 2491.9
1348250 2491.9
1348260 2493.3
1348270 2494.8
1348280 2494.8
1348290 2496.9
1348300 2500.5
1348310 2500.5
1348320 2504.9
1348330 2508.8
1348340 2508.8
1348350 2511.8
1348360 2514.2
1348370 2514.2
1348380 2516.8
1348390 2520.0
1348400 2520.0
1348410 2523.2
1348420 2526.4
1348430 2526.4
1348440 2528.7
1348450 2530.7
1348460 2532.5
1348470 2532.5
1348480 2534.1
1348490 2536.2
1348500 2536.2
1348510 2538.3
1348520 2540.6
1348530 2540.6
1348540 2545.6
1348550 2552.9
1348560 2552.9
1348570 2559.5
1348580 2563.0
1348590 2563.0
1348600 2564.0
1348610 2565.9
1348620 2565.9
1348630 2568.1
1348640 2571.0
1348650 2571.0
1348660 2576.5
1348670 2583.3
1348680 2583.3
1348690 2586.9
1348700 2593.5
1348710 2599.7
1348720 2599.7
1348730 2605.8
1348740 2611.9
1348750 2611.9
1348760 2618.2
1348770 2624.6
1348780 2624.6
1348790 2630.8
1348800 2635.5
1348810 2635.5
1348820 2638.1
1348830 2640.8
1348840 2640.8
1348850 2644.6
1348860 2648.5
1348870 2648.5
1348880 2651.6
1348890 2656.3
1348900 2656.3
1348910 2662.4
1348920 2668.4
1348930 2673.5
1348940 2673.5
1348950 2677.9
1348960 2680.5
1348970 2680.5
1348980 2684.9
1348990 2689.6
1349000 2689.6
1349010 2697.5
1349020 2707.5
1349030 2707.5
1349040 2719.1
1349050 2729.9
1349060 2729.9
1349070 2737.2
1349080 2738.3
1349090 2738.3
1349100 2739.9
1349110 2746.4
1349120 2746.4
1349130 2756.1
1349140 2763.0
1349150 2766.4
1349160 2766.4
1349170 2769.5
1349180 2772.3
1349190 2772.3
1349200 2774.2
1349210 2775.4
1349220 2775.4
1349230 2777.2
1349240 2779.8
1349250 2779.8
1349260 2783.7
1349270 2787.8
1349280 2787.8
1349290 2790.7
1349300 2793.0
1349310 2793.0
1349320 2792.1
1349330 2789.1
1349340 2789.1
1349350 2786.1
1349360 2785.6
1349370 2787.0
1349380 2787.0
1349390 2787.4
1349400 2789.2
1349410 2789.2
1349420 2792.4
1349430 2795.3
1349440 2795.3
1349450 2798.3
1349460 2801.7
1349470 2801.7
1349480 2805.2
1349490 2809.2
1349500 2809.2
1349510 2814.0
1349520 2819.3
1349530 2819.3
1349540 2824.2
1349550 2828.9
1349560 2828.9
1349570 2833.9
1349580 2838.9
1349590 2844.3
1349600 2844.3
1349610 2849.7
1349620 2856.1
1349630 2856.1
1349640 2861.5
1349650 2867.1
1349660 2867.1
1349670 2872.6
1349680 2878.0
1349690 2878.0
1349700 2883.5
1349710 2889.0
1349720 2889.0
1349730 2894.1
1349740 2899.4
1349750 2899.4
1349760 2904.5
1349770 2909.5
1349780 2909.5
1349790 2914.4
1349800 2918.7
1349810 2923.4
1349820 2923.4
1349830 2927.8
1349840 2932.9
1349850 2932.9
1349860 2939.4
1349870 2949.1
1349880 2949.1
1349890 2958.9
1349900 2967.1
1349910 2967.1
1349920 2975.1
1349930 2983.3
1349940 2983.3
1349950 2991.5
1349960 2999.6
1349970 2999.6
1349980 3008.9
1349990 3019.4
1350000 3019.4
1350010 3026.4
1350020 3034.5
1350030 3043.2
1350040 3043.2
1350050 3051.2
1350060 3058.4
1350070 3058.4
1350080 3067.0
1350090 3077.2
1350100 3077.2
1350110 3089.2
1350120 3100.3
1350130 3100.3
1350140 3107.3
1350150 3100.6
1350160 3100.6
1350170 3092.8
1350180 3078.4
1350190 3078.4
1350200 3059.9
1350210 3019.8
1350220 3019.8
1350230 3002.9
1350240 2995.2
1350250 2995.2
1350260 2990.7
1350270 2987.2
1350280 2983.0
1350290 2983.0
1350300 2978.3
1350310 2973.9
1350320 2973.9
1350330 2970.2
1350340 2966.8
1350350 2966.8
1350360 2963.1
1350370 2959.2
1350380 2959.2
1350390 2954.9
1350400 2950.6
1350410 2950.6
1350420 2946.1
1350430 2941.2
1350440 2941.2
1350450 2935.6
1350460 2929.6
1350470 2929.6
1350480 2923.8
1350490 2916.6
1350500 2910.9
1350510 2910.9
1350520 2904.9
1350530 2898.5
1350540 2898.5
1350550 2891.9
1350560 2886.8
1350570 2883.6
1350580 2878.7
1350590 2874.1
1350600 2874.1
1350610 2869.7
1350620 2866.0
1350630 2866.0
1350640 2862.6
1350650 2859.9
1350660 2859.9
1350670 2856.3
1350680 2852.5
1350690 2852.5
1350700 2848.6
1350710 2845.0
1350720 2841.6
1350730 2841.6
1350740 2838.2
1350750 2834.7
1350760 2834.7
1350770 2831.4
1350780 2826.9
1350790 2826.9
1350800 2822.1
1350810 2817.8
1350820 2817.8
1350830 2814.4
1350840 2811.1
1350850 2811.1
1350860 2806.8
1350870 2803.6
1350880 2803.6
1350890 2799.4
1350900 2793.7
1350910 2793.7
1350920 2789.6
1350930 2786.7
1350940 2783.8
1350950 2783.8
1350960 2780.6
1350970 2775.5
1350980 2775.5
1350990 2770.0
1351000 2764.3
1351010 2764.3
1351020 2760.5
1351030 2754.6
1351040 2754.6
1351050 2748.3
1351060 2745.1
1351070 2745.1
1351080 2741.9
1351090 2737.3
1351100 2737.3
1351110 2731.6
1351120 2725.7
1351130 2725.7
1351140 2721.1
1351150 2716.6
1351160 2712.3
1351170 2712.3
1351180 2709.3
1351190 2707.8
1351200 2707.8
1351210 2706.6
1351220 2705.4
1351230 2705.4
1351240 2703.7
1351250 2701.7
1351260 2701.7
1351270 2699.1
1351280 2695.9
1351290 2695.9
1351300 2692.4
1351310 2689.0
1351320 2689.0
1351330 2685.7
1351340 2682.1
1351350 2682.1
1351360 2677.5
1351370 2672.8
1351380 2668.4
1351390 2668.4
1351400 2664.6
1351410 2661.1
1351420 2661.1
1351430 2657.1
1351440 2652.0
1351450 2652.0
1351460 2646.1
1351470 2640.2
1351480 2640.2
1351490 2634.4
1351500 2629.9
1351510 2629.9
1351520 2623.2
1351530 2618.8
1351540 2618.8
1351550 2615.1
1351560 2611.0
1351570 2611.0
1351580 2606.6
1351590 2602.9
1351600 2600.3
1351610 2600.3
1351620 2596.8
1351630 2592.7
1351640 2592.7
1351650 2588.6
1351660 2585.0
1351670 2585.0
1351680 2581.7
1351690 2578.6
1351700 2578.6
1351710 2575.1
1351720 2571.8
1351730 2571.8
1351740 2568.0
1351750 2563.8
1351760 2563.8
1351770 2560.5
1351780 2557.1
1351790 2557.1
1351800 2553.3
1351810 2548.4
1351820 2544.0
1351830 2544.0
1351840 2540.8
1351850 2536.6
1351860 2536.6
1351870 2532.1
1351880 2525.0
1351890 2525.0
1351900 2518.6
1351910 2511.5
1351920 2511.5
1351930 2505.4
1351940 2501.0
1351950 2501.0
1351960 2494.3
1351970 2487.0
1351980 2487.0
1351990 2482.2
1352000 2478.0
1352010 2478.0
1352020 2474.1
1352030 2470.2
1352040 2470.2
1352050 2464.7
1352060 2459.8
1352070 2454.0
1352080 2454.0
1352090 2447.5
1352100 2442.9
1352110 2442.9
1352120 2439.3
1352130 2436.3
1352140 2436.3
1352150 2434.0
1352160 2430.7
1352170 2430.7
1352180 2424.2
1352190 2418.1
1352200 2418.1
1352210 2415.4
1352220 2412.9
1352230 2412.9
1352240 2410.0
1352250 2406.0
1352260 2406.0
1352270 2399.6
1352280 2393.5
1352290 2383.8
1352300 2383.8
1352310 2373.5
1352320 2365.8
1352330 2365.8
1352340 2359.1
1352350 2351.0
1352360 2351.0
1352370 2344.2
1352380 2338.9
1352390 2338.9
1352400 2333.6
1352410 2328.8
1352420 2328.8
1352430 2324.3
1352440 2320.7
1352450 2320.7
1352460 2315.9
1352470 2310.1
1352480 2306.5
1352490 2300.3
1352500 2295.5
1352510 2289.2
1352520 2289.2
1352530 2282.9
1352540 2275.6
1352550 2275.6
1352560 2269.4
1352570 2262.3
1352580 2262.3
1352590 2255.9
1352600 2248.1
1352610 2248.1
1352620 2239.0
1352630 2231.1
1352640 2231.1
1352650 2223.1
1352660 2215.0
1352670 2215.0
1352680 2208.7
1352690 2203.7
1352700 2203.7
1352710 2200.6
1352720 2197.0
1352730 2190.9
1352740 2190.9
1352750 2184.0
1352760 2177.5
1352770 2177.5
1352780 2171.3
1352790 2165.2
1352800 2165.2
1352810 2158.7
1352820 2152.0
1352830 2152.0
1352840 2145.6
1352850 2137.7
1352860 2137.7
1352870 2129.0
1352880 2120.3
1352890 2120.3
1352900 2111.1
1352910 2101.9
1352920 2101.9
1352930 2092.9
1352940 2084.1
1352950 2076.5
1352960 2076.5
1352970 2069.3
1352980 2063.4
1352990 2063.4
1353000 2057.1
1353010 2050.8
1353020 2050.8
1353030 2044.1
1353040 2037.0
1353050 2037.0
1353060 2030.2
1353070 2023.8
1353080 2023.8
1353090 2018.2
1353100 2014.3
1353110 2014.3
1353120 2012.2
1353130 2008.0
1353140 2008.0
1353150 2003.5
1353160 1999.2
1353170 1995.1
1353180 1995.1
1353190 1991.8
1353200 1988.8
1353210 1988.8
1353220 1985.7
1353230 1981.9
1353240 1981.9
1353250 1978.4
1353260 1976.8
1353270 1976.8
1353280 1974.2
1353290 1971.8
1353300 1971.8
1353310 1970.2
1353320 1968.2
1353330 1968.2
1353340 1966.8
1353350 1964.8
1353360 1964.8
1353370 1962.6
1353380 1960.9
1353390 1959.5
1353400 1959.5
1353410 1958.1
1353420 1957.1
1353430 1957.1
1353440 1956.2
1353450 1955.6
1353460 1955.6
1353470 1954.7
1353480 1954.0
1353490 1954.0
1353500 1953.2
1353510 1951.7
1353520 1951.7
1353530 1950.5
1353540 1948.9
1353550 1948.9
1353560 1947.6
1353570 1947.9
1353580 1947.9
1353590 1949.0
1353600 1949.3
1353610 1950.8
1353620 1950.8
1353630 1952.6
1353640 1954.3
1353650 1954.3
1353660 1955.6
1353670 1959.7
1353680 1959.7
1353690 1963.1
1353700 1967.5
1353710 1967.5
1353720 1971.5
1353730 1975.8
1353740 1975.8
1353750 1980.1
1353760 1986.4
1353770 1986.4
1353780 1993.8
1353790 2001.5
1353800 2001.5
1353810 2007.0
1353820 2013.4
1353830 2013.4
1353840 2020.6
1353850 2028.9
1353860 2035.9
1353870 2035.9
1353880 2041.0
1353890 2047.1
1353900 2047.1
1353910 2055.2
1353920 2063.1
1353930 2063.1
1353940 2070.0
1353950 2077.3
1353960 2077.3
1353970 2083.5
1353980 2089.2
1353990 2089.2
1354000 2095.5
1354010 2101.5
1354020 2101.5
1354030 2108.4
1354040 2116.0
1354050 2116.0
1354060 2122.6
1354070 2129.7
1354080 2137.4
1354090 2137.4
1354100 2145.8
1354110 2155.6
1354120 2155.6
1354130 2166.0
1354140 2175.1
1354150 2175.1
1354160 2181.4
1354170 2188.2
1354180 2188.2
1354190 2194.9
1354200 2200.5
1354210 2200.5
1354220 2206.5
1354230 2212.8
1354240 2212.8
1354250 2218.1
1354260 2225.3
1354270 2225.3
1354280 2234.9
1354290 2243.8
1354300 2253.9
1354310 2253.9
1354320 2262.2
1354330 2268.2
1354340 2268.2
1354350 2272.7
1354360 2278.2
1354370 2278.2
1354380 2284.5
1354390 2290.0
1354400 2290.0
1354410 2294.7
1354420 2302.8
1354430 2302.8
1354440 2308.3
1354450 2314.9
1354460 2314.9
1354470 2319.6
1354480 2326.3
1354490 2326.3
1354500 2331.6
1354510 2335.8
1354520 2339.2
1354530 2339.2
1354540 2343.4
1354550 2348.2
1354560 2348.2
1354570 2351.6
1354580 2357.0
1354590 2357.0
1354600 2363.9
1354610 2370.3
1354620 2370.3
1354630 2376.5
1354640 2385.7
1354650 2385.7
1354660 2391.7
1354670 2395.2
1354680 2395.2
1354690 2398.5
1354700 2400.4
1354710 2400.4
1354720 2401.6
1354730 2404.3
1354740 2406.7
1354750 2406.7
1354760 2408.3
1354770 2409.9
1354780 2409.9
1354790 2411.2
1354800 2414.8
1354810 2414.8
1354820 2418.5
1354830 2424.3
1354840 2424.3
1354850 2429.5
1354860 2434.2
1354870 2434.2
1354880 2438.1
1354890 2443.5
1354900 2443.5
1354910 2450.5
1354920 2454.8
1354930 2454.8
1354940 2458.5
1354950 2463.2
1354960 2468.2
1354970 2468.2
1354980 2470.2
1354990 2473.1
1355000 2473.1
1355010 2477.5
1355020 2481.1
1355030 2481.1
1355040 2485.2
1355050 2488.3
1355060 2488.3
1355070 2492.5
1355080 2498.4
1355090 2498.4
1355100 2500.6
1355110 2502.2
1355120 2502.2
1355130 2505.9
1355140 2510.9
1355150 2510.9
1355160 2516.3
1355170 2520.2
1355180 2521.2
1355190 2521.2
1355200 2521.8
1355210 2522.9
1355220 2522.9
1355230 2524.8
1355240 2527.5
1355250 2527.5
1355260 2529.9
1355270 2531.3
1355280 2531.3
1355290 2534.2
1355300 2536.0
1355310 2536.0
1355320 2540.1
1355330 2543.1
1355340 2543.1
1355350 2547.0
1355360 2553.2
1355370 2553.2
1355380 2559.9
1355390 2566.6
1355400 2571.1
1355410 2571.1
1355420 2582.7
1355430 2599.5
1355440 2599.5
1355450 2620.9
1355460 2635.6
1355470 2635.6
1355480 2643.3
1355490 2652.1
1355500 2652.1
1355510 2660.3
1355520 2669.7
1355530 2669.7
1355540 2676.0
1355550 2679.9
1355560 2679.9
1355570 2678.9
1355580 2676.2
1355590 2676.2
1355600 2674.7
1355610 2672.1
1355620 2672.1
1355630 2667.0
1355640 2661.8
1355650 2658.8
1355660 2658.8
1355670 2656.1
1355680 2656.2
1355690 2656.2
1355700 2656.7
1355710 2657.8
1355720 2657.8
1355730 2656.9
1355740 2653.6
1355750 2653.6
1355760 2654.6
1355770 2658.8
1355780 2658.8
1355790 2661.7
1355800 2659.2
1355810 2659.2
1355820 2656.2
1355830 2651.9
1355840 2651.9
1355850 2649.9
1355860 2649.4
1355870 2650.2
1355880 2650.2
1355890 2649.5
1355900 2654.1
1355910 2654.1
1355920 2658.2
1355930 2661.2
1355940 2661.2
1355950 2661.0
1355960 2657.1
1355970 2657.1
1355980 2651.0
1355990 2645.1
1356000 2645.1
1356010 2640.1
1356020 2635.0
1356030 2635.0
1356040 2630.1
1356050 2626.2
1356060 2626.2
1356070 2622.0
1356080 2616.6
1356090 2611.0
1356100 2611.0
1356110 2606.0
1356120 2598.8
1356130 2598.8
1356140 2590.5
1356150 2580.9
1356160 2580.9
1356170 2571.5
1356180 2562.5
1356190 2562.5
1356200 2554.4
1356210 2548.9
1356220 2548.9
1356230 2544.0
1356240 2538.5
1356250 2538.5
1356260 2533.2
1356270 2527.6
1356280 2527.6
1356290 2521.9
1356300 2516.7
1356310 2511.7
1356320 2511.7
1356330 2507.2
1356340 2502.2
1356350 2502.2
1356360 2496.8
1356370 2494.2
1356380 2494.2
1356390 2489.5
1356400 2484.9
1356410 2484.9
1356420 2479.1
1356430 2474.3
1356440 2474.3
1356450 2469.3
1356460 2466.2
1356470 2466.2
1356480 2462.6
1356490 2458.8
1356500 2458.8
1356510 2454.2
1356520 2449.9
1356530 2446.3
1356540 2446.3
1356550 2442.0
1356560 2438.3
1356570 2438.3
1356580 2436.3
1356590 2435.1
1356600 2435.1
1356610 2434.3
1356620 2433.5
1356630 2433.5
1356640 2432.2
1356650 2428.9
1356660 2428.9
1356670 2425.4
1356680 2423.4
1356690 2423.4
1356700 2418.9
1356710 2413.0
1356720 2413.0
1356730 2406.2
1356740 2397.7
1356750 2391.7
1356760 2391.7
1356770 2385.3
1356780 2377.2
1356790 2377.2
1356800 2372.9
1356810 2370.2
1356820 2370.2
1356830 2364.6
1356840 2356.9
1356850 2356.9
1356860 2353.8
1356870 2349.4
1356880 2349.4
1356890 2343.7
1356900 2339.5
1356910 2339.5
1356920 2336.2
1356930 2331.7
1356940 2331.7
1356950 2328.1
1356960 2322.6
1356970 2316.2
1356980 2316.2
1356990 2309.3
1357000 2301.5
1357010 2301.5
1357020 2293.4
1357030 2286.3
1357040 2286.3
1357050 2280.2
1357060 2273.8
1357070 2273.8
1357080 2266.6
1357090 2259.9
1357100 2259.9
1357110 2253.6
1357120 2247.3
1357130 2247.3
1357140 2239.9
1357150 2232.7
1357160 2232.7
1357170 2226.5
1357180 2220.6
1357190 2214.3
1357200 2214.3
1357210 2208.6
1357220 2203.2
1357230 2203.2
1357240 2197.1
1357250 2191.2
1357260 2191.2
1357270 2185.1
1357280 2179.2
1357290 2179.2
1357300 2173.6
1357310 2167.7
1357320 2167.7
1357330 2161.2
1357340 2154.9
1357350 2154.9
1357360 2147.4
1357370 2140.0
1357380 2133.7
1357390 2126.0
1357400 2119.6
1357410 2119.6
1357420 2113.0
1357430 2107.1
1357440 2101.6
1357450 2101.6
1357460 2095.3
1357470 2088.9
1357480 2088.9
1357490 2082.7
1357500 2076.6
1357510 2076.6
1357520 2070.1
1357530 2064.2
1357540 2064.2
1357550 2058.9
1357560 2052.2
1357570 2052.2
1357580 2045.4
1357590 2038.5
1357600 2038.5
1357610 2033.1
1357620 2027.6
1357630 2027.6
1357640 2022.5
1357650 2016.7
1357660 2010.7
1357670 2010.7
1357680 2004.1
1357690 1997.0
1357700 1997.0
1357710 1989.9
1357720 1982.9
1357730 1982.9
1357740 1975.0
1357750 1966.9
1357760 1966.9
1357770 1960.3
1357780 1953.1
1357790 1953.1
1357800 1946.1
1357810 1939.5
1357820 1939.5
1357830 1932.3
1357840 1924.8
1357850 1924.8
1357860 1917.4
1357870 1908.9
1357880 1900.2
1357890 1900.2
1357900 1888.7
1357910 1878.0
1357920 1878.0
1357930 1874.1
1357940 1882.1
1357950 1882.1
1357960 1888.8
1357970 1886.4
1357980 1886.4
1357990 1884.6
1358000 1883.5
1358010 1883.5
1358020 1879.5
1358030 1870.0
1358040 1870.0
1358050 1859.6
1358060 1857.0
1358070 1857.0
1358080 1857.6
1358090 1853.1
1358100 1845.5
1358110 1845.5
1358120 1838.2
1358130 1831.3
1358140 1831.3
1358150 1828.7
1358160 1825.0
1358170 1825.0
1358180 1822.1
1358190 1817.0
1358200 1817.0
1358210 1811.4
1358220 1805.8
1358230 1805.8
1358240 1799.4
1358250 1793.2
1358260 1793.2
1358270 1787.3
1358280 1781.8
1358290 1781.8
1358300 1776.8
1358310 1773.3
1358320 1770.2
1358330 1770.2
1358340 1764.6
1358350 1759.3
1358360 1759.3
1358370 1754.9
1358380 1753.8
1358390 1759.2
1358400 1759.5
1358410 1758.0
1358420 1758.0
1358430 1754.7
1358440 1751.8
1358450 1751.8
1358460 1750.5
1358470 1748.9
1358480 1748.9
1358490 1745.8
1358500 1745.3
1358510 1745.3
1358520 1745.5
1358530 1742.8
1358540 1740.4
1358550 1740.4
1358560 1737.3
1358570 1733.8
1358580 1733.8
1358590 1730.8
1358600 1728.1
1358610 1728.1
1358620 1725.0
1358630 1722.1
1358640 1722.1
1358650 1719.7
1358660 1716.3
1358670 1716.3
1358680 1712.5
1358690 1708.8
1358700 1708.8
1358710 1705.5
1358720 1704.8
1358730 1704.8
1358740 1705.0
1358750 1705.2
1358760 1705.2
1358770 1705.2
1358780 1705.3
1358790 1705.5
1358800 1705.5
1358810 1705.6
1358820 1705.7
1358830 1705.7
1358840 1705.9
1358850 1706.1
1358860 1706.1
1358870 1706.2
1358880 1706.4
1358890 1706.4
1358900 1706.5
1358910 1706.9
1358920 1706.9
1358930 1706.8
1358940 1707.6
1358950 1707.6
1358960 1709.2
1358970 1711.1
1358980 1713.3
1358990 1713.3
1359000 1715.9
1359010 1719.1
1359020 1719.1
1359030 1723.2
1359040 1727.3
1359050 1727.3
1359060 1730.7
1359070 1734.8
1359080 1734.8
1359090 1738.6
1359100 1742.8
1359110 1742.8
1359120 1747.6
1359130 1751.7
1359140 1751.7
1359150 1755.8
1359160 1760.1
1359170 1760.1
1359180 1765.8
1359190 1771.7
1359200 1771.7
1359210 1776.9
1359220 1781.8
1359230 1787.5
1359240 1787.5
1359250 1793.0
1359260 1797.7
1359270 1797.7
1359280 1801.5
1359290 1803.8
1359300 1803.8
1359310 1804.9
1359320 1807.5
1359330 1807.5
1359340 1814.4
1359350 1821.7
1359360 1821.7
1359370 1830.0
1359380 1835.8
1359390 1835.8
1359400 1837.8
1359410 1844.3
1359420 1844.3
1359430 1850.4
1359440 1857.3
1359450 1864.0
1359460 1864.0
1359470 1870.4
1359480 1878.2
1359490 1878.2
1359500 1890.0
1359510 1895.9
1359520 1895.9
1359530 1898.7
1359540 1905.0
1359550 1905.0
1359560 1913.2
1359570 1924.5
1359580 1924.5
1359590 1932.6
1359600 1939.7
1359610 1939.7
1359620 1945.4
1359630 1949.9
1359640 1949.9
1359650 1953.7
1359660 1957.5
1359670 1957.7
1359680 1957.7
1359690 1961.6
1359700 1968.2
1359710 1968.2
1359720 1974.5
1359730 1981.3
1359740 1981.3
1359750 1987.9
1359760 1996.1
1359770 1996.1
1359780 2003.2
1359790 2009.6
1359800 2009.6
1359810 2015.2
1359820 2020.8
1359830 2020.8
1359840 2029.4
1359850 2034.4
1359860 2034.4
1359870 2027.8
1359880 2015.3
1359890 2016.0
1359900 2016.0
1359910 2024.6
1359920 2035.2
1359930 2035.2
1359940 2042.2
1359950 2045.6
1359960 2045.6
1359970 2050.7
1359980 2053.8
1359990 2053.8
