1340000 1554.4
1340010 1551.4
1340020 1551.4
1340030 1547.5
1340040 1543.8
1340050 1543.8
1340060 1544.8
1340070 1550.1
1340080 1555.1
1340090 1555.1
1340100 1559.2
1340110 1563.0
1340120 1563.0
1340130 1567.2
1340140 1569.4
1340150 1569.4
1340160 1569.9
1340170 1569.6
1340180 1569.6
1340190 1569.1
1340200 1568.9
1340210 1568.9
1340220 1568.3
1340230 1567.0
1340240 1567.0
1340250 1565.3
1340260 1563.1
1340270 1563.1
1340280 1560.5
1340290 1558.1
1340300 1558.1
1340310 1555.2
1340320 1552.7
1340330 1549.2
1340340 1549.2
1340350 1546.5
1340360 1544.0
1340370 1544.0
1340380 1539.6
1340390 1535.3
1340400 1535.3
1340410 1530.4
1340420 1524.9
1340430 1524.9
1340440 1520.3
1340450 1516.8
1340460 1516.8
1340470 1513.2
1340480 1509.9
1340490 1509.9
1340500 1505.8
1340510 1501.2
1340520 1501.2
1340530 1495.9
1340540 1490.2
1340550 1485.1
1340560 1485.1
1340570 1480.2
1340580 1474.9
1340590 1474.9
1340600 1470.2
1340610 1466.0
1340620 1466.0
1340630 1463.9
1340640 1463.4
1340650 1463.4
1340660 1464.1
1340670 1464.9
1340680 1464.9
1340690 1465.6
1340700 1466.3
1340710 1466.3
1340720 1466.9
1340730 1467.2
1340740 1467.2
1340750 1467.5
1340760 1467.5
1340770 1467.6
1340780 1467.6
1340790 1467.8
1340800 1465.4
1340810 1465.4
1340820 1464.0
1340830 1462.0
1340840 1462.0
1340850 1461.9
1340860 1463.4
1340870 1467.0
1340880 1467.6
1340890 1467.4
1340900 1467.4
1340910 1467.2
1340920 1468.4
1340930 1468.4
1340940 1471.9
1340950 1474.3
1340960 1474.3
1340970 1476.5
1340980 1476.9
1340990 1477.1
1341000 1477.1
1341010 1478.9
1341020 1481.0
1341030 1481.0
1341040 1482.9
1341050 1484.6
1341060 1484.6
1341070 1487.1
1341080 1490.0
1341090 1490.0
1341100 1492.9
1341110 1495.2
1341120 1495.2
1341130 1497.2
1341140 1500.3
1341150 1500.3
1341160 1503.5
1341170 1507.0
1341180 1507.0
1341190 1510.2
1341200 1513.2
1341210 1516.9
1341220 1516.9
1341230 1521.1
1341240 1525.4
1341250 1525.4
1341260 1530.2
1341270 1535.2
1341280 1535.2
1341290 1540.4
1341300 1545.5
1341310 1545.5
1341320 1550.7
1341330 1555.8
1341340 1555.8
1341350 1560.6
1341360 1565.6
1341370 1565.6
1341380 1571.0
1341390 1576.0
1341400 1576.0
1341410 1582.0
1341420 1587.8
1341430 1587.8
1341440 1593.1
1341450 1598.5
1341460 1603.9
1341470 1603.9
1341480 1609.5
1341490 1615.1
1341500 1615.1
1341510 1620.3
1341520 1625.5
1341530 1625.5
1341540 1630.4
1341550 1635.3
1341560 1635.3
1341570 1642.1
1341580 1648.6
1341590 1648.6
1341600 1654.2
1341610 1659.4
1341620 1659.4
1341630 1664.8
1341640 1670.5
1341650 1670.5
1341660 1675.8
1341670 1680.3
1341680 1684.7
1341690 1684.7
1341700 1689.4
1341710 1694.0
1341720 1694.0
1341730 1699.5
1341740 1704.6
1341750 1704.6
1341760 1715.4
1341770 1720.4
1341780 1720.4
1341790 1727.1
1341800 1735.5
1341810 1735.5
1341820 1747.1
1341830 1763.0
1341840 1763.0
1341850 1778.0
1341860 1791.4
1341870 1791.4
1341880 1807.4
1341890 1823.9
1341900 1838.7
1341910 1838.7
1341920 1850.2
1341930 1862.1
1341940 1862.1
1341950 1867.2
1341960 1870.3
1341970 1870.3
1341980 1875.5
1341990 1880.6
1342000 1880.6
1342010 1886.9
1342020 1893.9
1342030 1893.9
1342040 1899.9
1342050 1904.6
1342060 1904.6
1342070 1908.9
1342080 1911.1
1342090 1911.1
1342100 1913.7
1342110 1917.0
1342120 1920.1
1342130 1920.1
1342140 1923.6
1342150 1926.1
1342160 1926.1
1342170 1927.3
1342180 1928.4
1342190 1928.4
1342200 1928.4
1342210 1931.5
1342220 1931.5
1342230 1933.5
1342240 1933.5
1342250 1933.5
1342260 1932.9
1342270 1931.3
1342280 1931.3
1342290 1929.5
1342300 1927.7
1342310 1927.7
1342320 1925.3
1342330 1923.0
1342340 1923.0
1342350 1922.6
1342360 1922.1
1342370 1918.9
1342380 1918.9
1342390 1915.9
1342400 1912.3
1342410 1912.3
1342420 1908.2
1342430 1902.3
1342440 1902.3
1342450 1895.0
1342460 1893.2
1342470 1893.2
1342480 1891.2
1342490 1888.0
1342500 1888.0
1342510 1884.8
1342520 1880.4
1342530 1880.4
1342540 1878.2
1342550 1874.9
1342560 1874.9
1342570 1870.5
1342580 1869.4
1342590 1869.4
1342600 1869.4
1342610 1867.7
1342620 1866.8
1342630 1866.8
1342640 1866.7
1342650 1875.1
1342660 1875.1
1342670 1878.4
1342680 1883.6
1342690 1883.6
1342700 1888.6
1342710 1891.4
1342720 1891.4
1342730 1890.7
1342740 1888.6
1342750 1888.6
1342760 1884.5
1342770 1880.1
1342780 1880.1
1342790 1876.2
1342800 1869.4
1342810 1863.5
1342820 1863.5
1342830 1857.6
1342840 1851.8
1342850 1851.8
1342860 1845.6
1342870 1843.4
1342880 1843.4
1342890 1843.2
1342900 1843.2
1342910 1843.2
1342920 1843.2
1342930 1843.2
1342940 1843.2
1342950 1843.2
1342960 1843.2
1342970 1843.2
1342980 1843.2
1342990 1843.2
1343000 1843.2
1343010 1843.2
1343020 1843.2
1343030 1843.2
1343040 1843.2
1343050 1843.2
1343060 1843.2
1343070 1843.2
1343080 1843.2
1343090 1843.2
1343100 1843.2
1343110 1843.2
1343120 1843.2
1343130 1843.2
1343140 1843.2
1343150 1843.2
1343160 1843.2
1343170 1843.2
1343180 1843.2
1343190 1843.2
1343200 1843.2
1343210 1843.2
1343220 1843.2
1343230 1843.2
1343240 1843.2
1343250 1843.2
1343260 1843.2
1343270 1843.2
1343280 1843.2
1343290 1843.2
1343300 1843.2
1343310 1843.2
1343320 1843.2
1343330 1843.2
1343340 1843.2
1343350 1843.2
1343360 1843.2
1343370 1843.2
1343380 1843.2
1343390 1843.2
1343400 1843.2
1343410 1843.2
1343420 1843.2
1343430 1843.2
1343440 1843.2
1343450 1843.2
1343460 1843.2
1343470 1843.2
1343480 1843.2
1343490 1843.2
1343500 1843.2
1343510 1843.2
1343520 1843.2
1343530 1843.2
1343540 1843.2
1343550 1843.2
1343560 1843.2
1343570 1843.2
1343580 1843.2
1343590 1843.2
1343600 1843.2
1343610 1843.2
1343620 1843.2
1343630 1843.2
1343640 1843.2
1343650 1843.2
1343660 1843.2
1343670 1843.2
1343680 1843.2
1343690 1843.2
1343700 1843.2
1343710 1843.2
1343720 1843.2
1343730 1843.2
1343740 1843.2
1343750 1843.2
1343760 1843.2
1343770 1843.2
1343780 1843.2
1343790 1843.2
1343800 1843.2
1343810 1843.2
1343820 1843.2
1343830 1843.2
1343840 1843.2
1343850 1843.2
1343860 1843.2
1343870 1843.2
1343880 1843.2
1343890 1843.2
1343900 1843.2
1343910 1843.2
1343920 1843.2
1343930 1843.2
1343940 1843.2
1343950 1843.2
1343960 1843.2
1343970 1843.2
1343980 1843.2
1343990 1843.2
1344000 1843.2
1344010 1843.2
1344020 1843.2
1344030 1843.2
1344040 1843.2
1344050 1843.2
1344060 1843.2
1344070 1843.2
1344080 1843.2
1344090 1843.2
1344100 1843.2
1344110 1843.2
1344120 1843.2
1344130 1843.2
1344140 1843.2
1344150 1843.2
1344160 1843.2
1344170 1843.2
1344180 1843.2
1344190 1843.2
1344200 1843.2
1344210 1843.2
1344220 1843.2
1344230 1843.2
1344240 1843.2
1344250 1843.2
1344260 1843.2
1344270 1843.2
1344280 1843.2
1344290 1843.2
1344300 1843.2
1344310 1843.2
1344320 1843.2
1344330 1843.2
1344340 1843.2
1344350 1843.2
1344360 1843.2
1344370 1843.2
1344380 1843.2
1344390 1843.2
1344400 1843.2
1344410 1843.2
1344420 1843.2
1344430 1843.2
1344440 1843.2
1344450 1843.2
1344460 1843.2
1344470 1843.2
1344480 1843.2
1344490 1843.2
1344500 1843.2
1344510 1843.2
1344520 1843.2
1344530 1843.2
1344540 1843.2
1344550 1843.2
1344560 1843.2
1344570 1843.2
1344580 1843.2
1344590 1843.2
1344600 1843.2
1344610 1843.2
1344620 1843.2
1344630 1843.2
1344640 1843.2
1344650 1843.2
1344660 1843.2
1344670 1843.2
1344680 1843.2
1344690 1843.2
1344700 1843.2
1344710 1843.2
1344720 1843.2
1344730 1843.2
1344740 1843.2
1344750 1843.2
1344760 1843.2
1344770 1843.2
1344780 1843.2
1344790 1843.2
1344800 1843.2
1344810 1843.2
1344820 1843.2
1344830 1843.2
1344840 1843.2
1344850 1843.3
1344860 1843.3
1344870 1843.7
1344880 1847.3
1344890 1847.3
1344900 1851.5
1344910 1853.8
1344920 1853.8
1344930 1857.0
1344940 1859.0
1344950 1859.0
1344960 1861.6
1344970 1863.5
1344980 1863.5
1344990 1865.2
1345000 1866.2
1345010 1866.2
1345020 1867.4
1345030 1869.2
1345040 1869.2
1345050 1871.0
1345060 1875.3
1345070 1875.6
1345080 1875.6
1345090 1875.7
1345100 1876.6
1345110 1876.6
1345120 1878.8
1345130 1883.7
1345140 1883.7
1345150 1886.5
1345160 1889.3
1345170 1889.3
1345180 1891.3
1345190 1890.5
1345200 1890.5
1345210 1887.3
1345220 1883.0
1345230 1883.0
1345240 1889.5
1345250 1896.8
1345260 1896.8
1345270 1902.4
1345280 1907.4
1345290 1914.4
1345300 1914.4
1345310 1921.3
1345320 1927.1
1345330 1927.1
1345340 1932.2
1345350 1936.3
1345360 1935.3
1345370 1940.2
1345380 1945.1
1345390 1945.1
1345400 1949.3
1345410 1953.9
1345420 1953.9
1345430 1958.9
1345440 1963.8
1345450 1963.8
1345460 1968.8
1345470 1974.9
1345480 1974.9
1345490 1982.0
1345500 1988.7
1345510 1995.0
1345520 1995.0
1345530 2001.0
1345540 2007.1
1345550 2007.1
1345560 2012.9
1345570 2019.2
1345580 2019.2
1345590 2025.6
1345600 2031.2
1345610 2031.2
1345620 2036.7
1345630 2042.6
1345640 2042.6
1345650 2047.9
1345660 2052.6
1345670 2052.6
1345680 2057.1
1345690 2061.7
1345700 2061.7
1345710 2066.3
1345720 2071.2
1345730 2071.2
1345740 2076.3
1345750 2080.8
1345760 2085.7
1345770 2085.7
1345780 2090.4
1345790 2097.9
1345800 2097.9
1345810 2109.1
1345820 2116.6
1345830 2116.6
1345840 2123.3
1345850 2130.3
1345860 2130.3
1345870 2137.5
1345880 2144.3
1345890 2144.3
1345900 2151.3
1345910 2157.6
1345920 2157.6
1345930 2163.5
1345940 2169.2
1345950 2169.2
1345960 2174.5
1345970 2179.5
1345980 2185.0
1345990 2185.0
1346000 2190.1
1346010 2195.3
1346020 2195.3
1346030 2199.9
1346040 2204.3
1346050 2204.3
1346060 2208.6
1346070 2212.9
1346080 2212.9
1346090 2216.7
1346100 2220.2
1346110 2220.2
1346120 2224.0
1346130 2229.0
1346140 2229.0
1346150 2233.6
1346160 2237.6
1346170 2237.6
1346180 2241.7
1346190 2245.7
1346200 2249.2
1346210 2249.2
1346220 2252.3
1346230 2255.8
1346240 2255.8
1346250 2260.3
1346260 2265.3
1346270 2265.3
1346280 2271.4
1346290 2275.9
1346300 2275.9
1346310 2280.5
1346320 2285.6
1346330 2285.6
1346340 2290.5
1346350 2295.2
1346360 2295.2
1346370 2299.5
1346380 2305.1
1346390 2305.1
1346400 2309.4
1346410 2314.3
1346420 2320.2
1346430 2320.2
1346440 2326.5
1346450 2331.8
1346460 2331.8
1346470 2336.3
1346480 2339.2
1346490 2339.2
1346500 2340.9
1346510 2343.2
1346520 2343.2
1346530 2345.8
1346540 2348.1
1346550 2348.1
1346560 2351.4
1346570 2355.7
1346580 2355.7
1346590 2361.8
1346600 2366.8
1346610 2366.8
1346620 2370.3
1346630 2372.0
1346640 2374.0
1346650 2374.0
1346660 2376.9
1346670 2380.1
1346680 2380.1
1346690 2383.3
1346700 2387.0
1346710 2387.0
1346720 2388.6
1346730 2389.9
1346740 2389.9
1346750 2392.5
1346760 2395.9
1346770 2395.9
1346780 2400.1
1346790 2403.8
1346800 2403.8
1346810 2407.2
1346820 2411.1
1346830 2411.1
1346840 2414.3
1346850 2416.9
1346860 2416.9
1346870 2420.1
1346880 2423.3
1346890 2426.2
1346900 2426.2
1346910 2429.1
1346920 2432.3
1346930 2432.3
1346940 2435.7
1346950 2439.5
1346960 2439.5
1346970 2443.0
1346980 2446.2
1346990 2446.2
1347000 2449.0
1347010 2451.8
1347020 2451.8
1347030 2454.5
1347040 2457.2
1347050 2457.2
1347060 2459.8
1347070 2462.5
1347080 2462.5
1347090 2464.7
1347100 2466.5
1347110 2467.9
1347120 2467.9
1347130 2469.3
1347140 2470.9
1347150 2470.9
1347160 2472.5
1347170 2475.1
1347180 2475.1
1347190 2477.7
1347200 2480.1
1347210 2480.1
1347220 2482.4
1347230 2485.2
1347240 2485.2
1347250 2489.1
1347260 2492.5
1347270 2492.5
1347280 2496.4
1347290 2500.9
1347300 2500.9
1347310 2505.4
1347320 2509.4
1347330 2512.5
1347340 2512.5
1347350 2516.3
1347360 2521.1
1347370 2521.1
1347380 2526.1
1347390 2532.4
1347400 2532.4
1347410 2540.0
1347420 2546.8
1347430 2546.8
1347440 2553.1
1347450 2557.7
1347460 2557.7
1347470 2561.8
1347480 2566.1
1347490 2566.1
1347500 2569.5
1347510 2572.7
1347520 2572.7
1347530 2575.4
1347540 2578.5
1347550 2582.7
1347560 2582.7
1347570 2587.2
1347580 2591.9
1347590 2591.9
1347600 2597.1
1347610 2603.2
1347620 2603.2
1347630 2609.6
1347640 2617.5
1347650 2617.5
1347660 2631.9
1347670 2648.7
1347680 2648.7
1347690 2661.6
1347700 2672.0
1347710 2672.0
1347720 2679.0
1347730 2685.4
1347740 2685.4
1347750 2691.6
1347760 2697.6
1347770 2703.4
1347780 2703.4
1347790 2710.5
1347800 2720.8
1347810 2720.8
1347820 2730.1
1347830 2744.4
1347840 2744.4
1347850 2763.2
1347860 2765.8
1347870 2765.8
1347880 2763.4
1347890 2763.5
1347900 2763.5
1347910 2764.2
1347920 2765.6
1347930 2765.6
1347940 2765.6
1347950 2763.9
1347960 2763.9
1347970 2753.7
1347980 2739.7
1347990 2739.7
1348000 2727.6
1348010 2720.2
1348020 2715.6
1348030 2715.6
1348040 2711.4
1348050 2708.4
1348060 2708.4
1348070 2707.0
1348080 2705.4
1348090 2705.4
1348100 2703.5
1348110 2700.2
1348120 2700.2
1348130 2689.3
1348140 2686.1
1348150 2686.1
1348160 2684.4
1348170 2683.7
1348180 2683.7
1348190 2682.5
1348200 2682.3
1348210 2682.3
1348220 2682.0
1348230 2680.7
1348240 2679.2
1348250 2679.2
1348260 2679.9
1348270 2682.3
1348280 2682.3
1348290 2684.9
1348300 2687.6
1348310 2687.6
1348320 2689.7
1348330 2691.1
1348340 2691.1
1348350 2692.2
1348360 2693.8
1348370 2693.8
1348380 2695.0
1348390 2696.5
1348400 2696.5
1348410 2697.8
1348420 2700.0
1348430 2700.0
1348440 2703.1
1348450 2705.9
1348460 2709.2
1348470 2709.2
1348480 2712.6
1348490 2715.6
1348500 2715.6
1348510 2719.3
1348520 2722.8
1348530 2722.8
1348540 2726.7
1348550 2729.5
1348560 2729.5
1348570 2732.1
1348580 2734.9
1348590 2734.9
1348600 2738.8
1348610 2743.3
1348620 2743.3
1348630 2749.6
1348640 2754.3
1348650 2754.3
1348660 2757.7
1348670 2763.5
1348680 2769.3
1348690 2769.3
1348700 2773.5
1348710 2776.5
1348720 2776.5
1348730 2779.9
1348740 2783.1
1348750 2783.1
1348760 2786.1
1348770 2788.9
1348780 2788.9
1348790 2792.0
1348800 2795.8
1348810 2795.8
1348820 2800.7
1348830 2806.3
1348840 2806.3
1348850 2811.3
1348860 2815.5
1348870 2815.5
1348880 2821.2
1348890 2832.4
1348900 2845.1
1348910 2845.1
1348920 2860.4
1348930 2878.6
1348940 2878.6
1348950 2895.2
1348960 2910.2
1348970 2910.2
1348980 2926.5
1348990 2918.6
1349000 2918.6
1349010 2897.9
1349020 2881.9
1349030 2881.9
1349040 2863.7
1349050 2846.5
1349060 2854.1
1349070 2836.8
1349080 2822.1
1349090 2822.1
1349100 2808.6
1349110 2797.0
1349120 2797.0
1349130 2790.2
1349140 2783.5
1349150 2778.3
1349160 2778.3
1349170 2774.9
1349180 2773.2
1349190 2773.2
1349200 2772.8
1349210 2771.6
1349220 2771.6
1349230 2768.5
1349480 2688.1
1349490 2686.7
1349500 2686.7
1349510 2684.1
1349520 2679.9
1349530 2679.9
1349540 2677.6
1349550 2673.4
1349560 2673.4
1349570 2670.3
1349580 2667.0
1349590 2663.5
1349600 2663.5
1349610 2660.0
1349620 2656.9
1349630 2656.9
1349640 2653.6
1349650 2651.9
1349660 2651.9
1349670 2650.6
1349680 2648.3
1349690 2648.3
1349700 2643.5
1349710 2639.7
1349720 2639.7
1349730 2638.9
1349740 2637.6
1349750 2637.6
1349760 2634.7
1349770 2631.1
1349780 2631.1
1349790 2627.3
1349800 2623.6
1349810 2619.8
1349820 2619.8
1349830 2615.5
1349840 2612.3
1349850 2612.3
1349860 2607.2
1349870 2599.5
1349880 2599.5
1349890 2592.4
1349900 2582.6
1349910 2582.6
1349920 2568.8
1349930 2562.0
1349940 2562.0
1349950 2561.7
1349960 2562.1
1349970 2562.1
1349980 2562.6
1349990 2562.2
1350000 2568.1
1350010 2570.9
1350020 2573.2
1350030 2573.2
1350040 2571.6
1350050 2567.3
1350060 2561.0
1350070 2561.0
1350080 2555.2
1350090 2552.0
1350100 2552.0
1350110 2549.7
1350120 2549.0
1350130 2549.0
1350140 2549.3
1350150 2548.3
1350160 2548.3
1350170 2545.1
1350180 2543.5
1350190 2543.5
1350200 2542.2
1350210 2539.5
1350220 2539.5
1350230 2533.7
1350240 2527.5
1350250 2527.5
1350260 2523.5
1350270 2516.8
1350280 2509.2
1350290 2509.2
1350300 2502.3
1350310 2495.1
1350320 2495.1
1350330 2486.5
1350340 2478.4
1350350 2478.4
1350360 2470.6
1350370 2464.4
1350380 2464.4
1350390 2462.5
1350400 2458.4
1350410 2458.4
1350420 2455.4
1350430 2452.1
1350440 2452.1
1350450 2448.9
1350460 2444.7
1350470 2444.7
1350480 2441.6
1350490 2438.9
1350500 2435.9
1350510 2435.9
1350520 2432.8
1350530 2429.6
1350540 2429.6
1350550 2426.5
1350560 2424.1
1350570 2424.1
1350580 2422.4
1350590 2421.1
1350600 2421.1
1350610 2419.5
1350620 2418.7
1350630 2418.7
1350640 2417.7
1350650 2416.9
1350660 2416.9
1350670 2417.2
1350680 2417.9
1350690 2417.9
1350700 2418.8
1350710 2420.4
1350720 2422.1
1350730 2422.1
1350740 2423.8
1350750 2425.5
1350760 2425.5
1350770 2426.7
1350780 2428.4
1350790 2428.4
1350800 2431.2
1350810 2434.3
1350820 2434.3
1350830 2438.7
1350840 2444.6
1350850 2444.6
1350860 2450.4
1350870 2456.2
1350880 2456.2
1350890 2462.5
1350900 2467.8
1350910 2467.8
1350920 2473.6
1350930 2478.6
1350940 2482.5
1350950 2484.3
1350960 2488.5
1350970 2492.9
1350980 2492.9
1350990 2495.9
1351000 2497.8
1351010 2497.8
1351020 2501.0
1351030 2505.3
1351040 2505.3
1351050 2511.0
1351060 2515.2
1351070 2515.2
1351080 2511.4
1351090 2505.0
1351100 2505.0
1351110 2498.5
1351120 2494.5
1351130 2494.5
1351140 2493.4
1351150 2492.8
1351160 2492.8
1351170 2492.6
1351180 2492.1
1351190 2491.4
1351200 2491.4
1351210 2490.8
1351220 2491.6
1351230 2491.6
1351240 2493.2
1351250 2495.8
1351260 2495.8
1351270 2497.5
1351280 2500.2
1351290 2500.2
1351300 2502.8
1351310 2506.3
1351320 2506.3
1351330 2514.5
1351340 2523.2
1351350 2523.2
1351360 2532.0
1351370 2539.4
1351380 2539.4
1351390 2547.2
1351400 2551.8
1351410 2555.8
1351420 2555.8
1351430 2558.7
1351440 2561.4
1351450 2561.4
1351460 2564.0
1351470 2566.9
1351480 2566.9
1351490 2570.8
1351500 2574.0
1351510 2574.0
1351520 2577.2
1351530 2579.5
1351540 2579.5
1351550 2583.6
1351560 2588.4
1351570 2588.4
1351580 2592.4
1351590 2596.5
1351600 2596.5
1351610 2600.7
1351620 2605.5
1351630 2610.3
1351640 2610.3
1351650 2615.2
1351660 2620.8
1351670 2620.8
1351680 2628.4
1351690 2637.9
1351700 2637.9
1351710 2648.7
1351720 2662.3
1351730 2662.3
1351740 2678.9
1351750 2692.4
1351760 2692.4
1351770 2706.6
1351780 2716.4
1351790 2716.4
1351800 2725.6
1351810 2737.0
1351820 2737.0
1351830 2745.3
1351840 2730.6
1351850 2718.2
1351860 2718.2
1351870 2696.6
1351880 2670.9
1351890 2670.9
1351900 2657.2
1351910 2651.9
1351920 2651.9
1351930 2646.8
1351940 2642.3
1351950 2642.3
1351960 2639.9
1351970 2637.2
1351980 2637.2
1351990 2636.5
1352000 2636.2
1352010 2636.2
1352020 2634.9
1352030 2634.1
1352040 2634.1
1352050 2632.7
1352060 2630.8
1352070 2630.6
1352080 2630.6
1352090 2628.7
1352100 2625.7
1352110 2625.7
1352120 2623.6
1352130 2623.5
1352140 2623.5
1352150 2623.6
1352160 2623.1
1352170 2623.1
1352180 2622.9
1352190 2624.9
1352200 2624.9
1352210 2628.7
1352220 2632.4
1352230 2632.4
1352240 2636.1
1352250 2640.4
1352260 2640.4
1352270 2643.9
1352280 2648.4
1352290 2648.4
1352300 2653.9
1352310 2659.7
1352320 2665.8
1352330 2665.8
1352340 2677.4
1352350 2690.6
1352360 2690.6
1352370 2699.7
1352380 2706.5
1352390 2706.5
1352400 2712.8
1352410 2719.5
1352420 2719.5
1352430 2726.2
1352440 2728.9
1352450 2728.9
1352460 2731.7
1352470 2725.6
1352480 2725.6
1352490 2715.0
1352500 2704.2
1352510 2704.2
1352520 2694.5
1352530 2685.0
1352540 2673.2
1352550 2673.2
1352560 2659.8
1352570 2647.6
1352580 2647.6
1352590 2634.1
1352600 2621.8
1352610 2621.8
1352620 2610.8
1352630 2601.9
1352640 2601.9
1352650 2594.6
1352660 2588.0
1352670 2588.0
1352680 2581.9
1352690 2576.1
1352700 2576.1
1352710 2570.8
1352720 2566.2
1352730 2566.2
1352740 2562.7
1352750 2561.4
1352760 2560.5
1352770 2560.5
1352780 2558.0
1352790 2552.2
1352800 2552.2
1352810 2545.2
1352820 2539.7
1352830 2539.7
1352840 2534.4
1352850 2528.6
1352860 2528.6
1352870 2519.5
1352880 2511.9
1352890 2511.9
1352900 2506.4
1352910 2501.4
1352920 2501.4
1352930 2496.6
1352940 2492.8
1352950 2492.8
1352960 2489.1
1352970 2485.4
1352980 2482.0
1352990 2482.0
1353000 2478.9
1353010 2476.4
1353020 2476.4
1353030 2472.2
1353040 2467.1
1353050 2467.1
1353060 2462.1
1353070 2457.2
1353080 2457.2
1353090 2453.6
1353100 2450.2
1353110 2450.2
1353120 2445.0
1353130 2438.4
1353140 2438.4
1353150 2434.3
1353160 2430.0
1353170 2430.0
1353180 2423.9
1353190 2415.6
1353200 2405.7
1353210 2405.7
1353220 2394.4
1353230 2383.7
1353240 2383.7
1353250 2374.4
1353260 2367.4
1353270 2367.4
1353280 2361.9
1353290 2357.9
1353300 2357.9
1353310 2353.3
1353320 2348.4
1353330 2348.4
1353340 2344.6
1353350 2340.8
1353360 2340.8
1353370 2337.3
1353380 2333.9
1353390 2333.9
1353400 2329.6
1353410 2325.3
1353420 2325.3
1353430 2320.8
1353440 2316.7
1353450 2313.5
1353460 2313.5
1353470 2310.2
1353480 2307.3
1353490 2307.3
1353500 2303.7
1353510 2299.2
1353520 2299.2
1353530 2294.6
1353540 2289.4
1353550 2289.4
1353560 2284.7
1353570 2280.8
1353580 2280.8
1353590 2276.7
1353600 2271.4
1353610 2271.4
1353620 2266.9
1353630 2262.3
1353640 2262.3
1353650 2258.0
1353660 2254.0
1353670 2250.1
1353680 2250.1
1353690 2246.0
1353700 2242.4
1353710 2242.4
1353720 2238.1
1353730 2233.7
1353740 2233.7
1353750 2229.0
1353760 2224.5
1353770 2224.5
1353780 2220.9
1353790 2216.4
1353800 2216.4
1353810 2210.3
1353820 2204.0
1353830 2204.0
1353840 2190.8
1353850 2183.5
1353860 2183.5
1353870 2173.1
1353880 2163.6
1353890 2154.8
1353900 2154.8
1353910 2147.7
1353920 2142.3
1353930 2142.3
1353940 2137.5
1353950 2133.8
1353960 2133.8
1353970 2130.1
1353980 2126.4
1353990 2126.4
1354000 2122.5
1354010 2117.7
1354020 2117.7
1354030 2113.6
1354040 2110.1
1354050 2110.1
1354060 2106.4
1354070 2103.6
1354080 2103.6
1354090 2099.7
1354100 2097.0
1354110 2094.8
1354120 2094.8
1354130 2092.2
1354140 2090.7
1354150 2090.7
1354160 2088.2
1354170 2085.8
1354180 2085.8
1354190 2083.6
1354200 2082.7
1354210 2082.7
1354220 2080.4
1354230 2077.8
1354240 2077.8
1354250 2075.7
1354260 2074.4
1354270 2074.4
1354280 2073.5
1354290 2072.6
1354300 2072.6
1354310 2071.2
1354320 2069.4
1354330 2066.9
1354340 2066.9
1354350 2064.9
1354360 2061.6
1354370 2061.6
1354380 2055.3
1354390 2051.2
1354400 2051.2
1354410 2047.3
1354420 2043.1
1354430 2043.1
1354440 2038.7
1354450 2034.6
1354460 2034.6
1354470 2031.6
1354480 2029.1
1354490 2029.1
1354500 2024.8
1354510 2018.2
1354520 2018.2
1354530 2010.3
1354540 2005.8
1354550 2005.8
1354560 2001.5
1354570 1998.7
1354580 1995.1
1354590 1995.1
1354600 1990.2
1354610 1985.5
1354620 1985.5
1354630 1981.6
1354640 1977.2
1354650 1977.2
1354660 1973.7
1354670 1969.6
1354680 1969.6
1354690 1965.6
1354700 1960.4
1354710 1960.4
1354720 1953.5
1354730 1945.4
1354740 1945.4
1354750 1938.4
1354760 1936.0
1354770 1936.0
1354780 1935.2
1354790 1932.2
1354800 1929.4
1354810 1925.3
1354820 1922.3
1354830 1919.8
1354840 1919.8
1354850 1916.4
1354860 1913.5
1354870 1913.5
1354880 1910.4
1354890 1907.4
1354900 1907.4
1354910 1905.5
1354920 1903.6
1354930 1903.6
1354940 1899.8
1354950 1894.3
1354960 1894.3
1354970 1893.0
1354980 1890.8
1354990 1890.8
1355000 1886.4
1355010 1883.0
1355020 1880.5
1355030 1880.5
1355040 1876.7
1355050 1873.8
1355060 1873.8
1355070 1873.1
1355080 1870.8
1355090 1870.8
1355100 1869.4
1355110 1868.3
1355120 1868.3
1355130 1868.9
1355140 1868.4
1355150 1868.4
1355160 1867.8
1355170 1867.8
1355180 1867.8
1355190 1866.3
1355200 1864.4
1355210 1864.4
1355220 1863.1
1355230 1862.4
1355240 1861.2
1355250 1861.2
1355260 1859.5
1355270 1858.2
1355280 1858.2
1355290 1857.1
1355300 1856.2
1355310 1856.2
1355320 1855.2
1355330 1853.9
1355340 1853.9
1355350 1853.4
1355360 1853.8
1355370 1853.8
1355380 1854.2
1355390 1853.6
1355400 1853.6
1355410 1852.4
1355420 1852.6
1355430 1852.6
1355440 1852.6
1355450 1851.6
1355460 1850.7
1355470 1850.7
1355480 1850.6
1355490 1850.3
1355500 1850.3
1355510 1850.2
1355520 1851.3
1355530 1851.3
1355540 1853.2
1355550 1854.6
1355560 1854.6
1355570 1852.3
1355580 1849.9
1355590 1849.9
1355600 1847.5
1355610 1847.2
1355620 1847.2
1355630 1847.0
1355640 1846.5
1355650 1846.5
1355660 1846.2
1355670 1846.1
1355680 1846.1
1355690 1846.2
1355700 1846.1
1355710 1845.8
1355720 1845.8
1355730 1845.5
1355740 1844.9
1355750 1844.9
1355760 1843.3
1355770 1841.9
1355780 1841.9
1355790 1839.8
1355800 1839.5
1355810 1839.5
1355820 1839.7
1355830 1840.2
1355840 1840.2
1355850 1840.3
1355860 1840.1
1355870 1840.1
1355880 1839.9
1355890 1839.8
1355900 1839.8
1355910 1840.1
1355920 1839.8
1355930 1838.8
1355940 1838.8
1355950 1837.7
1355960 1837.3
1355970 1837.3
1355980 1838.8
1355990 1840.4
1356000 1840.4
1356010 1842.2
1356020 1843.1
1356030 1843.1
1356040 1842.9
1356050 1842.4
1356060 1842.4
1356070 1843.0
1356080 1844.3
1356090 1844.3
1356100 1844.7
1356110 1843.6
1356120 1843.6
1356130 1843.7
1356140 1844.6
1356150 1846.8
1356160 1846.8
1356170 1849.4
1356180 1849.9
1356190 1849.9
1356200 1848.5
1356210 1847.8
1356220 1847.8
1356230 1849.7
1356240 1853.0
1356250 1853.0
1356260 1856.3
1356270 1857.7
1356280 1857.7
1356290 1859.1
1356300 1860.5
1356310 1860.5
1356320 1861.4
1356330 1861.2
1356340 1861.2
1356350 1864.0
1356360 1865.8
1356370 1867.1
1356380 1867.1
1356390 1867.7
1356400 1869.9
1356410 1869.9
1356420 1871.5
1356430 1873.6
1356440 1873.6
1356450 1873.2
1356460 1870.6
1356470 1870.6
1356480 1867.5
1356490 1860.4
1356500 1860.4
1356510 1851.0
1356520 1843.7
1356530 1843.7
1356540 1836.1
1356550 1829.0
1356560 1829.0
1356570 1824.1
1356580 1819.0
1356590 1814.9
1356600 1814.9
1356610 1812.5
1356620 1809.6
1356630 1809.6
1356640 1804.4
1356650 1797.2
1356660 1797.2
1356670 1791.9
1356680 1786.9
1356690 1786.9
1356700 1780.8
1356710 1774.9
1356720 1774.9
1356730 1769.1
1356740 1763.6
1356750 1763.6
1356760 1757.9
1356770 1753.1
1356780 1756.8
1356790 1752.7
1356800 1747.8
1356810 1747.8
1356820 1743.5
1356830 1738.7
1356840 1734.5
1356850 1734.5
1356860 1730.5
1356870 1725.8
1356880 1725.8
1356890 1720.5
1356900 1715.0
1356910 1715.0
1356920 1710.7
1356930 1707.3
1356940 1707.3
1356950 1704.1
1356960 1701.0
1356970 1701.0
1356980 1699.3
1356990 1697.8
1357000 1697.8
1357010 1696.6
1357020 1695.2
1357030 1695.2
1357040 1693.6
1357050 1693.0
1357060 1691.8
1357070 1691.8
1357080 1690.3
1357090 1689.3
1357100 1689.3
1357110 1688.8
1357120 1688.8
1357130 1688.8
1357140 1688.3
1357150 1687.9
1357160 1687.9
1357170 1687.3
1357180 1686.3
1357190 1686.3
1357200 1685.7
1357210 1684.9
1357220 1684.9
1357230 1683.4
1357240 1681.8
1357250 1681.8
1357260 1680.6
1357270 1679.3
1357280 1677.0
1357290 1677.0
1357300 1675.1
1357310 1674.4
1357320 1674.4
1357330 1673.9
1357340 1672.6
1357350 1672.6
1357360 1672.3
1357370 1672.1
1357380 1672.1
1357390 1671.4
1357400 1671.0
1357410 1671.0
1357420 1670.8
1357430 1670.7
1357440 1670.7
1357450 1670.8
1357460 1670.7
1357470 1670.7
1357480 1670.2
1357490 1670.9
1357500 1673.0
1357510 1673.0
1357520 1674.6
1357530 1676.2
1357540 1676.2
1357550 1678.5
1357560 1680.7
1357570 1680.7
1357580 1684.4
1357590 1689.2
1357600 1689.2
1357610 1694.2
1357620 1699.0
1357630 1699.0
1357640 1703.6
1357650 1708.6
1357660 1708.6
1357670 1713.6
1357680 1718.3
1357690 1718.3
1357700 1722.7
1357710 1727.1
1357720 1733.4
1357730 1733.4
1357740 1740.5
1357750 1747.5
1357760 1747.5
1357770 1754.1
1357780 1757.0
1357790 1757.0
1357800 1761.7
1357810 1766.5
1357820 1766.5
1357830 1772.0
1357840 1777.0
1357850 1777.0
1357860 1780.6
1357870 1783.9
1357880 1783.9
1357890 1788.8
1357900 1794.9
1357910 1794.9
1357920 1803.0
1357930 1807.7
1357940 1807.7
1357950 1812.0
1357960 1816.4
1357970 1824.2
1357980 1824.2
1357990 1835.6
1358000 1844.9
1358010 1844.9
1358020 1850.8
1358030 1856.9
1358040 1856.9
1358050 1862.1
1358060 1866.2
1358070 1866.2
1358080 1870.0
1358090 1876.0
1358100 1876.0
1358110 1883.3
1358120 1890.8
1358130 1890.8
1358140 1898.2
1358150 1905.0
1358160 1905.0
1358170 1912.2
1358180 1918.9
1358190 1926.8
1358200 1926.8
1358210 1937.1
1358220 1960.7
1358230 1960.7
1358240 1973.9
1358250 1980.6
1358260 1980.6
1358270 1985.2
1358280 1989.8
1358290 1989.8
1358300 1994.5
1358310 1998.6
1358320 1998.6
1358330 2001.8
1358340 2003.9
1358350 2003.9
1358360 2005.6
1358370 2008.9
1358380 2008.9
1358390 2013.7
1358400 2019.1
1358410 2024.3
1358420 2024.3
1358430 2028.9
1358440 2033.1
1358450 2033.1
1358460 2037.7
1358470 2044.0
1358480 2044.0
1358490 2051.8
1358500 2059.4
1358510 2059.4
1358520 2067.8
1358530 2077.0
1358540 2077.0
1358550 2083.4
1358560 2089.5
1358570 2089.5
1358580 2095.7
1358590 2102.9
1358600 2102.9
1358610 2110.5
1358620 2118.8
1358630 2126.8
1358640 2126.8
1358650 2134.8
1358660 2144.4
1358670 2144.4
1358680 2153.2
1358690 2161.6
1358700 2161.6
1358710 2170.3
1358720 2176.3
1358730 2176.3
1358740 2180.5
1358750 2184.8
1358760 2184.8
1358770 2188.2
1358780 2191.2
1358790 2184.5
1358800 2184.5
1358810 2182.2
1358820 2182.2
1358830 2177.4
1358840 2175.0
1358850 2173.5
1358860 2173.5
1358870 2172.7
1358880 2172.0
1358890 2172.0
1358900 2169.7
1358910 2168.1
1358920 2168.1
1358930 2166.2
1358940 2164.9
1358950 2164.9
1358960 2163.4
1358970 2160.7
1358980 2160.7
1358990 2158.1
1359000 2154.5
1359010 2154.5
1359020 2152.3
1359030 2152.0
1359040 2152.0
1359050 2149.9
1359060 2146.9
1359070 2146.9
1359080 2146.9
1359090 2148.3
1359100 2147.3
1359110 2147.3
1359120 2145.5
1359130 2144.1
1359140 2144.1
1359150 2144.1
1359160 2144.6
1359170 2144.6
1359180 2144.0
1359190 2142.6
1359200 2142.6
1359210 2141.4
1359220 2141.8
1359230 2141.8
1359240 2142.8
1359250 2143.7
1359260 2143.7
1359270 2144.2
1359280 2144.1
1359290 2144.1
1359300 2144.3
1359310 2144.5
1359320 2145.8
1359330 2145.8
1359340 2147.2
1359350 2148.7
1359360 2148.7
1359370 2150.1
1359380 2152.0
1359390 2152.0
1359400 2152.9
1359410 2153.2
1359420 2153.2
1359430 2153.4
1359440 2151.6
1359450 2151.6
1359460 2151.7
1359470 2152.2
1359480 2152.2
1359490 2153.6
1359500 2157.9
1359510 2157.9
1359520 2164.1
1359530 2169.8
1359540 2174.6
1359550 2174.6
1359560 2177.6
1359570 2182.5
1359580 2182.5
1359590 2186.6
1359600 2189.5
1359610 2189.5
1359620 2192.4
1359630 2195.6
1359640 2195.6
1359650 2199.1
1359660 2202.4
1359670 2202.4
1359680 2205.2
1359690 2208.1
1359700 2208.1
1359710 2211.2
1359720 2215.6
1359730 2215.6
1359740 2220.7
1359750 2225.5
1359760 2230.1
1359770 2230.1
1359780 2236.0
1359790 2241.2
1359800 2240.2
1359810 2245.6
1359820 2251.3
1359830 2251.3
1359840 2257.9
1359850 2265.4
1359860 2265.4
1359870 2271.9
1359880 2277.0
1359890 2277.0
1359900 2282.4
1359910 2288.3
1359920 2288.3
1359930 2294.2
1359940 2300.0
1359950 2300.0
1359960 2305.8
1359970 2311.6
1359980 2316.8
1359990 2316.8
