1340000 1445.4
1340010 1443.6
1340020 1443.6
1340030 1443.6
1340040 1443.2
1340050 1444.0
1340060 1446.7
1340070 1446.7
1340080 1449.1
1340090 1451.5
1340100 1451.5
1340110 1452.0
1340120 1451.0
1340130 1451.0
1340140 1448.5
1340150 1445.3
1340160 1445.3
1340170 1443.5
1340180 1443.1
1340190 1443.1
1340200 1443.1
1340210 1443.4
1340220 1443.4
1340230 1443.6
1340240 1443.7
1340250 1443.7
1340260 1443.8
1340270 1443.9
1340280 1443.8
1340290 1443.8
1340300 1443.7
1340310 1443.7
1340320 1443.7
1340330 1443.9
1340340 1444.0
1340350 1444.0
1340360 1445.5
1340370 1445.8
1340380 1445.8
1340390 1446.0
1340400 1446.0
1340410 1446.0
1340420 1446.2
1340430 1446.2
1340440 1446.2
1340450 1445.9
1340460 1445.8
1340470 1445.8
1340480 1446.1
1340490 1446.5
1340500 1446.5
1340510 1447.0
1340520 1447.2
1340530 1447.4
1340540 1447.4
1340550 1447.7
1340560 1447.9
1340570 1447.9
1340580 1448.2
1340590 1448.9
1340600 1448.9
1340610 1450.0
1340620 1451.0
1340630 1451.0
1340640 1451.3
1340650 1451.7
1340660 1451.7
1340670 1452.1
1340680 1452.4
1340690 1452.4
1340700 1452.8
1340710 1453.0
1340720 1453.0
1340730 1452.1
1340740 1451.0
1340750 1451.1
1340760 1451.1
1340770 1452.2
1340780 1452.7
1340790 1452.7
1340800 1453.8
1340810 1454.7
1340820 1454.7
1340830 1455.2
1340840 1456.2
1340850 1456.2
1340860 1457.0
1340870 1457.9
1340880 1457.9
1340890 1458.9
1340900 1459.8
1340910 1459.8
1340920 1460.7
1340930 1461.5
1340940 1461.5
1340950 1462.1
1340960 1462.5
1340970 1463.1
1340980 1463.1
1340990 1464.0
1341000 1464.9
1341010 1464.9
1341020 1465.5
1341030 1466.0
1341040 1466.0
1341050 1467.2
1341060 1469.7
1341070 1469.7
1341080 1472.7
1341090 1475.2
1341100 1475.2
1341110 1478.9
1341120 1482.4
1341130 1482.4
1341140 1486.4
1341150 1489.5
1341160 1489.5
1341170 1491.3
1341180 1493.7
1341190 1495.8
1341200 1495.8
1341210 1496.8
1341220 1498.4
1341230 1498.4
1341240 1500.4
1341250 1504.0
1341260 1504.0
1341270 1506.8
1341280 1509.5
1341290 1509.5
1341300 1511.5
1341310 1513.6
1341320 1513.6
1341330 1515.4
1341340 1516.5
1341350 1516.5
1341360 1517.2
1341370 1518.0
1341380 1518.0
1341390 1519.5
1341400 1521.3
1341410 1523.2
1341420 1523.2
1341430 1526.7
1341440 1532.7
1341450 1532.7
1341460 1528.1
1341470 1520.1
1341480 1520.1
1341490 1528.0
1341500 1539.0
1341510 1539.0
1341520 1544.8
1341530 1550.2
1341540 1550.2
1341550 1554.1
1341560 1559.3
1341570 1559.3
1341580 1566.0
1341590 1571.1
1341600 1571.1
1341610 1578.1
1341620 1583.8
1341630 1583.8
1341640 1590.5
1341650 1596.4
1341660 1600.5
1341670 1600.5
1341680 1605.3
1341690 1610.1
1341700 1610.1
1341710 1614.6
1341720 1617.6
1341730 1617.6
1341740 1619.7
1341750 1622.4
1341760 1622.4
1341770 1626.0
1341780 1630.7
1341790 1630.7
1341800 1635.7
1341810 1640.3
1341820 1640.3
1341830 1644.0
1341840 1648.2
1341850 1648.2
1341860 1652.5
1341870 1656.7
1341880 1659.3
1341890 1659.3
1341900 1660.0
1341910 1660.3
1341920 1660.3
1341930 1660.8
1341940 1662.0
1341950 1662.0
1341960 1663.8
1341970 1666.8
1341980 1666.8
1341990 1672.1
1342000 1677.6
1342010 1677.6
1342020 1683.8
1342030 1690.2
1342040 1690.2
1342050 1697.2
1342060 1704.4
1342070 1704.4
1342080 1712.3
1342090 1720.3
1342100 1724.7
1342110 1724.7
1342120 1724.8
1342130 1731.3
1342140 1731.3
1342150 1733.0
1342160 1734.8
1342170 1734.8
1342180 1736.2
1342190 1737.6
1342200 1737.6
1342210 1737.9
1342220 1737.8
1342230 1737.8
1342240 1738.6
1342250 1738.9
1342260 1738.9
1342270 1738.3
1342280 1737.5
1342290 1737.5
1342300 1736.5
1342310 1735.1
1342320 1734.8
1342330 1734.8
1342340 1735.1
1342350 1734.6
1342360 1734.6
1342370 1736.5
1342380 1740.1
1342390 1740.1
1342400 1743.8
1342410 1744.8
1342420 1744.8
1342430 1744.2
1342440 1742.8
1342450 1742.8
1342460 1739.4
1342470 1737.4
1342480 1737.4
1342490 1734.5
1342500 1734.1
1342510 1734.1
1342520 1733.0
1342530 1731.9
1342540 1731.9
1342550 1729.6
1342560 1726.6
1342570 1720.6
1342580 1720.6
1342590 1718.6
1342600 1717.6
1342610 1717.6
1342620 1715.3
1342630 1712.7
1342640 1712.7
1342650 1711.2
1342660 1710.4
1342670 1710.4
1342680 1710.2
1342690 1710.2
1342700 1710.2
1342710 1710.9
1342720 1725.3
1342730 1725.3
1342740 1788.1
1342750 1839.9
1342760 1839.9
1342770 1843.2
1342780 1843.2
1342790 1843.2
1342800 1843.2
1342810 1843.2
1342820 1843.2
1342830 1843.2
1342840 1843.2
1342850 1843.2
1342860 1843.2
1342870 1843.2
1342880 1843.2
1342890 1843.2
1342900 1843.2
1342910 1843.2
1342920 1843.2
1342930 1843.2
1342940 1843.2
1342950 1843.2
1342960 1843.2
1342970 1843.2
1342980 1843.2
1342990 1843.2
1343000 1843.2
1343010 1843.2
1343020 1843.2
1343030 1843.2
1343040 1843.2
1343050 1843.2
1343060 1843.2
1343070 1843.2
1343080 1843.2
1343090 1843.2
1343100 1843.2
1343110 1843.2
1343120 1843.2
1343130 1843.2
1343140 1843.2
1343150 1843.2
1343160 1843.2
1343170 1843.2
1343180 1843.2
1343190 1843.2
1343200 1843.2
1343210 1843.2
1343220 1843.2
1343230 1843.2
1343240 1843.2
1343250 1843.2
1343260 1843.2
1343270 1843.2
1343280 1843.2
1343290 1843.2
1343300 1843.2
1343310 1843.2
1343320 1843.2
1343330 1843.2
1343340 1843.2
1343350 1843.2
1343360 1843.2
1343370 1843.2
1343380 1843.2
1343390 1843.2
1343400 1843.2
1343410 1843.2
1343420 1843.2
1343430 1843.2
1343440 1843.2
1343450 1843.2
1343460 1843.2
1343470 1843.2
1343480 1843.2
1343490 1843.2
1343500 1843.2
1343510 1843.2
1343520 1843.2
1343530 1843.2
1343540 1843.2
1343550 1843.2
1343560 1843.2
1343570 1843.2
1343580 1843.2
1343590 1843.2
1343600 1843.2
1343610 1843.2
1343620 1843.2
1343630 1843.2
1343640 1843.2
1343650 1843.2
1343660 1843.2
1343670 1843.2
1343680 1843.2
1343690 1843.2
1343700 1843.2
1343710 1843.2
1343720 1843.2
1343730 1843.2
1343740 1843.2
1343750 1843.2
1343760 1843.2
1343770 1843.2
1343780 1843.2
1343790 1843.2
1343800 1843.2
1343810 1843.2
1343820 1843.2
1343830 1843.2
1343840 1843.2
1343850 1843.2
1343860 1843.2
1343870 1843.2
1343880 1843.2
1343890 1843.2
1343900 1843.2
1343910 1843.2
1343920 1843.2
1343930 1843.2
1343940 1843.2
1343950 1843.2
1343960 1843.2
1343970 1843.2
1343980 1843.2
1343990 1843.2
1344000 1843.2
1344010 1843.2
1344020 1843.2
1344030 1843.2
1344040 1843.2
1344050 1843.2
1344060 1843.2
1344070 1843.2
1344080 1843.2
1344090 1843.2
1344100 1843.2
1344110 1843.2
1344120 1843.2
1344130 1843.2
1344140 1843.2
1344150 1843.2
1344160 1843.2
1344170 1843.2
1344180 1843.2
1344190 1843.2
1344200 1843.2
1344210 1843.2
1344220 1843.2
1344230 1843.2
1344240 1843.2
1344250 1843.2
1344260 1843.2
1344270 1843.2
1344280 1843.2
1344290 1843.2
1344300 1843.2
1344310 1843.2
1344320 1843.2
1344330 1843.2
1344340 1843.2
1344350 1843.2
1344360 1843.7
1344370 1843.7
1344380 1844.0
1344390 1846.9
1344400 1846.9
1344410 1851.3
1344420 1854.1
1344430 1854.1
1344440 1857.1
1344450 1863.4
1344460 1863.4
1344470 1869.8
1344480 1873.2
1344490 1873.2
1344500 1876.1
1344510 1879.0
1344520 1879.0
1344530 1882.8
1344540 1886.0
1344550 1886.0
1344560 1892.2
1344570 1899.5
1344580 1899.5
1344590 1907.1
1344600 1915.0
1344610 1920.6
1344620 1920.6
1344630 1922.2
1344640 1921.1
1344650 1921.1
1344660 1925.2
1344670 1929.2
1344680 1929.2
1344690 1934.4
1344700 1941.3
1344710 1941.3
1344720 1946.8
1344730 1948.6
1344740 1948.6
1344750 1950.3
1344760 1952.3
1344770 1952.3
1344780 1955.7
1344790 1960.9
1344800 1960.9
1344810 1966.8
1344820 1972.7
1344830 1973.0
1344840 1973.0
1344850 1975.5
1344860 1979.3
1344870 1979.3
1344880 1983.0
1344890 1986.4
1344900 1986.4
1344910 1988.8
1344920 1991.0
1344930 1991.0
1344940 1993.9
1344950 1998.3
1344960 1998.3
1344970 2002.4
1344980 2005.2
1344990 2005.2
1345000 2007.8
1345010 2012.8
1345020 2012.8
1345030 2019.3
1345040 2024.8
1345050 2026.6
1345060 2026.6
1345070 2027.6
1345080 2030.5
1345090 2030.5
1345100 2032.9
1345110 2035.0
1345120 2035.0
1345130 2036.5
1345140 2037.7
1345150 2037.7
1345160 2039.1
1345170 2038.1
1345180 2038.1
1345190 2035.0
1345200 2032.3
1345210 2032.3
1345220 2032.0
1345230 2032.1
1345240 2032.1
1345250 2032.2
1345260 2032.3
1345270 2031.6
1345280 2031.6
1345290 2030.4
1345300 2029.0
1345310 2029.0
1345320 2027.6
1345330 2026.6
1345340 2026.6
1345350 2026.1
1345360 2024.6
1345370 2024.6
1345380 2021.7
1345390 2020.4
1345400 2020.4
1345410 2019.3
1345420 2017.3
1345430 2017.3
1345440 2015.8
1345450 2014.4
1345460 2014.4
1345470 2013.0
1345480 2011.1
1345490 2010.4
1345500 2010.4
1345510 2009.5
1345520 2006.9
1345530 2006.9
1345540 2004.1
1345550 2001.3
1345560 2001.3
1345570 1999.3
1345580 1997.3
1345590 1997.3
1345600 1995.0
1345610 1994.4
1345620 1994.4
1345630 1994.9
1345640 1996.6
1345650 1996.6
1345660 1997.5
1345670 1998.5
1345680 1998.5
1345690 2000.0
1345700 2001.9
1345710 2001.9
1345720 2003.0
1345730 2003.9
1345740 2004.3
1345750 2004.3
1345760 2005.7
1345770 2007.5
1345780 2007.5
1345790 2009.0
1345800 2010.6
1345810 2010.6
1345820 2012.3
1345830 2013.9
1345840 2013.9
1345850 2015.3
1345860 2016.9
1345870 2016.9
1345880 2018.4
1345890 2020.2
1345900 2020.2
1345910 2022.0
1345920 2023.4
1345930 2023.4
1345940 2025.3
1345950 2026.8
1345960 2028.6
1345970 2028.6
1345980 2032.7
1345990 2038.1
1346000 2038.1
1346010 2043.9
1346020 2049.7
1346030 2049.7
1346040 2054.9
1346050 2059.4
1346060 2059.4
1346070 2062.8
1346080 2065.3
1346090 2065.3
1346100 2070.6
1346110 2077.0
1346120 2077.0
1346130 2081.6
1346140 2086.2
1346150 2086.2
1346160 2091.3
1346170 2096.5
1346180 2104.3
1346190 2104.3
1346200 2111.1
1346210 2120.0
1346220 2120.0
1346230 2124.7
1346240 2128.7
1346250 2128.7
1346260 2133.2
1346270 2138.6
1346280 2138.6
1346290 2144.2
1346300 2151.9
1346310 2151.9
1346320 2163.4
1346330 2171.4
1346340 2171.4
1346350 2179.9
1346360 2187.3
1346370 2187.3
1346380 2194.6
1346390 2202.4
1346400 2211.2
1346410 2211.2
1346420 2217.7
1346430 2224.6
1346440 2224.6
1346450 2229.8
1346460 2234.8
1346470 2234.8
1346480 2240.2
1346490 2246.1
1346500 2246.1
1346510 2255.1
1346520 2269.3
1346530 2269.3
1346540 2282.9
1346550 2293.5
1346560 2293.5
1346570 2301.7
1346580 2308.4
1346590 2308.4
1346600 2311.2
1346610 2313.0
1346620 2318.9
1346630 2318.9
1346640 2327.1
1346650 2333.4
1346660 2335.4
1346670 2339.3
1346680 2344.1
1346690 2344.1
1346700 2348.7
1346710 2353.2
1346720 2353.2
1346730 2357.9
1346740 2362.9
1346750 2362.9
1346760 2366.6
1346770 2369.9
1346780 2369.9
1346790 2373.1
1346800 2376.6
1346810 2376.6
1346820 2380.3
1346830 2384.4
1346840 2384.4
1346850 2389.0
1346860 2394.0
1346870 2398.8
1346880 2398.8
1346890 2403.1
1346900 2406.7
1346910 2406.7
1346920 2409.8
1346930 2413.3
1346940 2413.3
1346950 2416.6
1346960 2420.2
1346970 2420.2
1346980 2423.5
1346990 2426.9
1347000 2426.9
1347010 2430.4
1347020 2433.7
1347030 2433.7
1347040 2437.3
1347050 2441.5
1347060 2441.5
1347070 2446.0
1347080 2450.7
1347090 2455.4
1347100 2455.4
1347110 2460.1
1347120 2464.8
1347130 2464.8
1347140 2468.9
1347150 2471.6
1347160 2471.6
1347170 2474.1
1347180 2478.2
1347190 2478.2
1347200 2484.3
1347210 2489.7
1347220 2489.7
1347230 2493.6
1347240 2497.1
1347250 2497.1
1347260 2502.2
1347270 2508.4
1347280 2508.4
1347290 2514.1
1347300 2519.2
1347310 2523.7
1347320 2523.7
1347330 2527.0
1347340 2530.3
1347350 2530.3
1347360 2533.5
1347370 2537.8
1347380 2537.8
1347390 2543.8
1347400 2550.3
1347410 2550.3
1347420 2556.4
1347430 2562.2
1347440 2562.2
1347450 2565.5
1347460 2568.0
1347470 2568.0
1347480 2570.2
1347490 2573.1
1347500 2573.1
1347510 2575.7
1347520 2578.1
1347530 2579.9
1347540 2579.9
1347550 2581.6
1347560 2583.2
1347570 2583.2
1347580 2585.9
1347590 2587.3
1347600 2587.3
1347610 2588.7
1347620 2589.8
1347630 2589.8
1347640 2591.8
1347650 2596.2
1347660 2596.2
1347670 2601.0
1347680 2605.4
1347690 2605.4
1347700 2609.7
1347710 2613.7
1347720 2613.7
1347730 2617.4
1347740 2621.4
1347750 2621.4
1347760 2625.5
1347770 2630.0
1347780 2634.5
1347790 2634.5
1347800 2638.9
1347810 2643.5
1347820 2643.5
1347830 2648.4
1347840 2653.8
1347850 2653.8
1347860 2659.3
1347870 2664.6
1347880 2664.6
1347890 2668.7
1347900 2672.7
1347910 2672.7
1347920 2677.1
1347930 2681.1
1347940 2681.1
1347950 2685.1
1347960 2689.4
1347970 2689.4
1347980 2693.8
1347990 2699.1
1348000 2704.9
1348010 2704.9
1348020 2709.3
1348030 2713.6
1348040 2713.6
1348050 2719.8
1348060 2728.0
1348070 2728.0
1348080 2736.5
1348090 2745.7
1348100 2745.7
1348110 2756.8
1348120 2765.5
1348130 2765.5
1348140 2772.1
1348150 2780.0
1348160 2780.0
1348170 2787.1
1348180 2793.7
1348190 2793.7
1348200 2802.5
1348210 2812.4
1348220 2820.3
1348230 2820.3
1348240 2828.4
1348250 2835.8
1348260 2835.8
1348270 2842.7
1348280 2847.5
1348290 2847.5
1348300 2852.3
1348310 2857.2
1348320 2857.2
1348330 2861.5
1348340 2865.4
1348350 2865.4
1348360 2869.8
1348370 2875.1
1348380 2875.1
1348390 2880.8
1348400 2886.9
1348410 2886.9
1348420 2894.5
1348430 2906.6
1348440 2919.3
1348450 2919.3
1348460 2927.0
1348470 2928.6
1348480 2928.6
1348490 2927.8
1348500 2927.0
1348510 2906.6
1348520 2909.3
1348530 2907.7
1348540 2907.7
1348550 2909.3
1348560 2912.4
1348570 2912.4
1348580 2916.6
1348590 2922.0
1348600 2922.0
1348610 2923.9
1348620 2923.1
1348630 2923.1
1348640 2927.0
1348650 2932.9
1348660 2932.9
1348670 2937.1
1348680 2941.0
1348690 2950.7
1348700 2950.7
1348710 2954.5
1348720 2955.5
1348730 2955.5
1348740 2961.6
1348750 2965.2
1348760 2965.2
1348770 2971.6
1348780 2973.9
1348790 2973.9
1348800 2971.1
1348810 2965.7
1348820 2965.7
1348830 2958.1
1348840 2945.5
1348850 2945.5
1348860 2938.4
1348870 2928.6
1348880 2928.6
1348890 2914.5
1348900 2901.3
1348910 2890.5
1348920 2890.5
1348930 2880.0
1348940 2869.3
1348950 2869.3
1348960 2855.6
1348970 2840.7
1348980 2840.7
1348990 2824.6
1349000 2806.5
1349010 2806.5
1349020 2788.0
1349380 2666.1
1349390 2666.1
1349400 2659.9
1349410 2654.0
1349420 2654.0
1349430 2647.7
1349440 2642.0
1349450 2642.1
1349460 2635.3
1349470 2630.8
1349480 2630.8
1349490 2626.8
1349500 2621.1
1349510 2621.1
1349520 2615.3
1349530 2609.3
1349540 2609.3
1349550 2605.1
1349560 2600.6
1349570 2593.4
1349580 2593.4
1349590 2587.3
1349600 2582.6
1349610 2582.6
1349620 2577.5
1349630 2571.5
1349640 2571.5
1349650 2567.6
1349660 2563.0
1349670 2563.0
1349680 2555.4
1349690 2549.7
1349700 2549.7
1349710 2543.3
1349720 2534.0
1349730 2534.0
1349740 2529.6
1349750 2531.5
1349760 2531.5
1349770 2532.2
1349780 2533.8
1349790 2533.8
1349800 2528.4
1349810 2521.9
1349820 2514.5
1349830 2514.5
1349840 2510.0
1349850 2505.3
1349860 2505.3
1349870 2502.3
1349880 2499.4
1349890 2499.4
1349900 2496.7
1349910 2493.8
1349920 2493.8
1349930 2491.5
1349940 2488.4
1349950 2488.4
1349960 2482.6
1349970 2476.3
1349980 2476.3
1349990 2470.0
1350000 2464.5
1350010 2464.5
1350020 2460.3
1350030 2458.3
1350040 2457.8
1350050 2457.8
1350060 2457.5
1350070 2456.4
1350080 2456.4
1350090 2456.0
1350100 2454.0
1350110 2454.0
1350120 2449.9
1350130 2445.1
1350140 2445.1
1350150 2440.8
1350160 2437.6
1350170 2437.6
1350180 2435.8
1350190 2435.1
1350200 2435.1
1350210 2434.4
1350220 2434.1
1350230 2434.1
1350240 2433.9
1350250 2433.4
1350260 2431.8
1350270 2431.8
1350280 2430.0
1350290 2425.8
1350300 2425.8
1350310 2419.9
1350320 2414.1
1350330 2414.1
1350340 2408.4
1350350 2404.0
1350360 2404.0
1350370 2399.3
1350380 2397.8
1350390 2397.8
1350400 2396.8
1350410 2393.5
1350420 2393.5
1350430 2390.8
1350440 2388.1
1350450 2388.1
1350460 2386.6
1350470 2384.7
1350480 2382.8
1350490 2382.8
1350500 2382.0
1350510 2381.3
1350520 2381.3
1350530 2380.6
1350540 2381.7
1350550 2381.7
1350560 2383.2
1350570 2383.8
1350580 2383.8
1350590 2383.0
1350600 2384.1
1350610 2384.1
1350620 2385.5
1350630 2387.8
1350640 2387.8
1350650 2389.5
1350660 2390.4
1350670 2390.4
1350680 2391.9
1350690 2393.1
1350700 2394.7
1350710 2394.7
1350720 2396.2
1350730 2397.3
1350740 2397.3
1350750 2398.5
1350760 2400.0
1350770 2400.0
1350780 2402.7
1350790 2406.3
1350800 2406.3
1350810 2411.4
1350820 2416.9
1350830 2416.9
1350840 2423.7
1350850 2428.4
1350860 2428.4
1350870 2431.0
1350880 2430.9
1350890 2430.9
1350900 2428.0
1350910 2424.8
1350920 2424.8
1350930 2421.1
1350940 2419.3
1350950 2419.0
1350960 2419.0
1350970 2422.9
1350980 2427.6
1350990 2427.6
1351000 2429.5
1351010 2429.6
1351020 2429.6
1351030 2430.7
1351040 2430.8
1351050 2430.8
1351060 2430.4
1351070 2432.2
1351080 2432.2
1351090 2434.6
1351100 2437.1
1351110 2437.1
1351120 2440.0
1351130 2442.3
1351140 2442.3
1351150 2444.9
1351160 2449.5
1351170 2453.9
1351180 2453.9
1351190 2458.3
1351200 2462.7
1351210 2462.7
1351220 2467.3
1351230 2471.8
1351240 2471.8
1351250 2476.2
1351260 2480.2
1351270 2480.2
1351280 2484.4
1351290 2488.9
1351300 2488.9
1351310 2493.0
1351320 2497.0
1351330 2497.0
1351340 2501.8
1351350 2508.7
1351360 2508.7
1351370 2516.1
1351380 2523.2
1351390 2530.4
1351400 2530.4
1351410 2537.2
1351420 2545.2
1351430 2545.2
1351440 2549.8
1351450 2555.8
1351460 2555.8
1351470 2560.3
1351480 2565.4
1351490 2565.4
1351500 2571.3
1351510 2577.7
1351520 2577.7
1351530 2583.5
1351540 2585.9
1351550 2585.9
1351560 2589.7
1351570 2595.9
1351580 2595.9
1351590 2601.0
1351600 2605.7
1351610 2611.9
1351620 2611.9
1351630 2617.6
1351640 2623.0
1351650 2623.0
1351660 2628.9
1351670 2634.7
1351680 2634.7
1351690 2641.5
1351700 2648.2
1351710 2648.2
1351720 2654.5
1351730 2660.7
1351740 2660.7
1351750 2667.9
1351760 2674.5
1351770 2674.5
1351780 2681.6
1351790 2688.7
1351800 2688.7
1351810 2696.1
1351820 2702.5
1351830 2702.5
1351840 2707.9
1351850 2712.4
1351860 2716.8
1351870 2716.8
1351880 2720.2
1351890 2724.0
1351900 2724.0
1351910 2729.4
1351920 2734.2
1351930 2734.2
1351940 2739.0
1351950 2745.0
1351960 2745.0
1351970 2751.2
1351980 2757.6
1351990 2757.6
1352000 2764.3
1352010 2771.1
1352020 2771.1
1352030 2777.5
1352040 2783.4
1352050 2783.4
1352060 2789.6
1352070 2795.7
1352080 2799.1
1352090 2799.1
1352100 2800.4
1352110 2806.8
1352120 2806.8
1352130 2810.0
1352140 2812.8
1352150 2812.8
1352160 2816.2
1352170 2823.3
1352180 2823.3
1352190 2832.3
1352200 2838.7
1352210 2838.7
1352220 2838.8
1352230 2837.4
1352240 2837.4
1352250 2836.4
1352260 2835.8
1352270 2835.8
1352280 2834.4
1352290 2829.0
1352300 2818.3
1352310 2818.3
1352320 2808.2
1352330 2794.3
1352340 2794.3
1352350 2781.3
1352360 2771.8
1352370 2771.8
1352380 2762.7
1352390 2754.0
1352400 2754.0
1352410 2746.3
1352420 2738.4
1352430 2738.4
1352440 2731.5
1352450 2722.8
1352460 2722.8
1352470 2715.0
1352480 2707.7
1352490 2707.7
1352500 2700.9
1352510 2693.9
1352520 2687.0
1352530 2687.0
1352540 2680.2
1352550 2672.8
1352560 2672.8
1352570 2666.2
1352580 2659.7
1352590 2659.7
1352600 2652.6
1352610 2641.5
1352620 2641.5
1352630 2633.1
1352640 2626.2
1352650 2626.2
1352660 2619.8
1352670 2614.3
1352680 2614.3
1352690 2609.5
1352700 2605.7
1352710 2605.7
1352720 2601.6
1352730 2598.0
1352740 2594.6
1352750 2594.6
1352760 2591.9
1352770 2588.1
1352780 2588.1
1352790 2583.3
1352800 2578.5
1352810 2578.5
1352820 2573.4
1352830 2568.1
1352840 2568.1
1352850 2563.7
1352860 2559.6
1352870 2559.6
1352880 2554.8
1352890 2548.0
1352900 2548.0
1352910 2540.6
1352920 2535.0
1352930 2535.0
1352940 2529.7
1352950 2524.4
1352960 2524.4
1352970 2519.5
1352980 2515.1
1352990 2511.9
1353000 2511.9
1353010 2506.5
1353020 2499.2
1353030 2499.2
1353040 2492.7
1353050 2487.8
1353060 2487.8
1353070 2484.0
1353080 2480.7
1353090 2480.7
1353100 2476.5
1353110 2472.1
1353120 2472.1
1353130 2467.4
1353140 2461.3
1353150 2461.3
1353160 2455.0
1353170 2449.0
1353180 2449.0
1353190 2443.3
1353200 2438.0
1353210 2433.6
1353220 2433.6
1353230 2431.4
1353240 2428.0
1353250 2428.0
1353260 2423.0
1353270 2413.5
1353280 2413.5
1353290 2410.1
1353300 2406.3
1353310 2406.3
1353320 2403.0
1353330 2400.0
1353340 2400.0
1353350 2396.9
1353360 2394.0
1353370 2394.0
1353380 2390.6
1353390 2387.0
1353400 2387.0
1353410 2382.7
1353420 2379.3
1353430 2377.9
1353440 2377.9
1353450 2376.3
1353460 2373.6
1353470 2373.6
1353480 2367.7
1353490 2362.1
1353500 2362.1
1353510 2356.3
1353520 2350.8
1353530 2350.8
1353540 2347.4
1353550 2343.1
1353560 2343.1
1353570 2337.7
1353580 2334.8
1353590 2334.8
1353600 2334.4
1353610 2333.3
1353620 2333.3
1353630 2331.8
1353640 2329.2
1353650 2326.8
1353660 2326.8
1353670 2324.1
1353680 2320.4
1353690 2320.4
1353700 2317.4
1353710 2314.9
1353720 2314.9
1353730 2313.0
1353740 2311.5
1353750 2311.5
1353760 2309.4
1353770 2307.3
1353780 2307.3
1353790 2304.2
1353800 2301.2
1353810 2301.2
1353820 2297.6
1353830 2293.7
1353840 2293.7
1353850 2289.7
1353860 2285.9
1353870 2285.9
1353880 2281.7
1353890 2276.6
1353900 2271.6
1353910 2271.6
1353920 2267.0
1353930 2262.3
1353940 2262.3
1353950 2257.2
1353960 2251.2
1353970 2251.2
1353980 2244.8
1353990 2239.8
1354000 2239.8
1354010 2235.1
1354020 2228.8
1354030 2228.8
1354040 2223.4
1354050 2217.0
1354060 2217.0
1354070 2211.4
1354080 2207.7
1354090 2207.7
1354100 2205.5
1354110 2205.0
1354120 2206.6
1354130 2206.6
1354140 2208.3
1354150 2208.6
1354160 2208.6
1354170 2208.1
1354180 2208.4
1354190 2208.4
1354200 2208.7
1354210 2206.6
1354220 2206.6
1354230 2204.5
1354240 2195.8
1354250 2195.8
1354260 2191.5
1354270 2185.6
1354280 2185.6
1354290 2180.1
1354300 2175.5
1354310 2175.5
1354320 2171.6
1354330 2167.2
1354340 2163.2
1354350 2163.2
1354360 2158.7
1354370 2154.1
1354380 2154.1
1354390 2148.7
1354400 2141.9
1354410 2141.9
1354420 2135.0
1354430 2128.9
1354440 2128.9
1354450 2122.8
1354460 2123.0
1354470 2123.0
1354480 2121.6
1354490 2118.2
1354500 2118.2
1354510 2113.3
1354520 2106.5
1354530 2106.5
1354540 2103.9
1354550 2104.3
1354560 2103.3
1354570 2103.3
1354580 2103.1
1354590 2097.6
1354600 2097.6
1354610 2100.3
1354620 2101.9
1354630 2101.9
1354640 2102.4
1354650 2100.4
1354660 2100.4
1354670 2098.7
1354680 2095.8
1354690 2095.8
1354700 2089.7
1354710 2084.2
1354720 2084.2
1354730 2083.1
1354740 2080.7
1354750 2080.7
1354760 2079.7
1354770 2078.1
1354780 2075.5
1354790 2075.5
1354800 2072.4
1354810 2068.3
1354820 2068.3
1354830 2064.9
1354840 2061.6
1354850 2061.6
1354860 2058.2
1354870 2054.0
1354880 2054.0
1354890 2049.9
1354900 2046.7
1354910 2046.7
1354920 2043.1
1354930 2040.6
1354940 2040.6
1354950 2037.6
1354960 2035.1
1354970 2035.1
1354980 2030.7
1354990 2026.6
1355000 2026.6
1355010 2026.2
1355020 2024.3
1355030 2021.2
1355040 2021.2
1355050 2018.1
1355060 2014.1
1355070 2014.1
1355080 2009.8
1355090 2005.7
1355100 2005.7
1355110 2004.8
1355120 2007.2
1355130 2007.2
1355140 2005.5
1355150 2003.8
1355160 2003.8
1355170 2002.4
1355180 2001.4
1355190 2001.4
1355200 2000.1
1355210 1998.9
1355220 1993.4
1355230 1991.7
1355240 1989.9
1355250 1985.9
1355260 1985.9
1355270 1982.6
1355280 1979.1
1355290 1979.1
1355300 1976.4
1355310 1973.6
1355320 1973.6
1355330 1972.1
1355340 1971.5
1355350 1971.5
1355360 1970.6
1355370 1969.4
1355380 1969.4
1355390 1967.3
1355400 1965.1
1355410 1965.1
1355420 1962.9
1355430 1962.9
1355440 1962.9
1355450 1962.9
1355460 1962.5
1355470 1961.5
1355480 1961.5
1355490 1960.3
1355500 1958.0
1355510 1958.0
1355520 1955.4
1355530 1953.2
1355540 1953.2
1355550 1951.7
1355560 1950.2
1355570 1950.2
1355580 1949.9
1355590 1949.3
1355600 1949.3
1355610 1947.3
1355620 1944.7
1355630 1944.7
1355640 1944.7
1355650 1942.6
1355660 1942.6
1355670 1941.2
1355680 1940.3
1355690 1939.2
1355700 1939.2
1355710 1937.0
1355720 1936.5
1355730 1936.5
1355740 1935.9
1355750 1934.7
1355760 1934.7
1355770 1933.3
1355780 1931.8
1355790 1931.8
1355800 1929.7
1355810 1928.6
1355820 1928.6
1355830 1926.8
1355840 1925.9
1355850 1925.9
1355860 1922.3
1355870 1918.7
1355880 1918.7
1355890 1913.8
1355900 1910.4
1355910 1905.6
1355920 1905.6
1355930 1899.8
1355940 1895.1
1355950 1895.1
1355960 1891.7
1355970 1890.1
1355980 1890.1
1355990 1886.3
1356000 1881.0
1356010 1881.0
1356020 1875.2
1356030 1869.9
1356040 1869.9
1356050 1865.1
1356060 1860.1
1356070 1860.1
1356080 1853.1
1356090 1846.2
1356100 1846.2
1356110 1840.5
1356120 1837.0
1356130 1837.0
1356140 1833.2
1356150 1829.6
1356160 1826.6
1356170 1826.6
1356180 1823.3
1356190 1819.2
1356200 1819.2
1356210 1811.2
1356220 1807.3
1356230 1807.3
1356240 1803.8
1356250 1799.3
1356260 1799.3
1356270 1796.3
1356280 1793.8
1356290 1793.8
1356300 1791.9
1356310 1790.8
1356320 1790.8
1356330 1790.6
1356340 1790.3
1356350 1790.3
1356360 1791.4
1356370 1790.9
1356380 1789.7
1356390 1789.7
1356400 1788.1
1356410 1786.4
1356420 1786.4
1356430 1784.5
1356440 1782.2
1356450 1782.2
1356460 1779.0
1356470 1775.8
1356480 1775.8
1356490 1772.7
1356500 1769.8
1356510 1769.8
1356520 1766.6
1356530 1763.3
1356540 1763.3
1356550 1759.4
1356560 1756.0
1356570 1756.0
1356580 1752.6
1356590 1749.2
1356600 1745.6
1356610 1745.6
1356620 1741.9
1356630 1738.3
1356640 1738.3
1356650 1734.5
1356660 1730.7
1356670 1730.7
1356680 1726.3
1356690 1721.8
1356700 1721.8
1356710 1717.2
1356720 1712.7
1356730 1712.7
1356740 1708.6
1356750 1705.4
1356760 1705.4
1356770 1703.9
1356780 1701.4
1356790 1701.4
1356800 1697.5
1356810 1692.1
1356820 1685.4
1356830 1685.4
1356840 1678.4
1356850 1672.3
1356860 1672.3
1356870 1668.9
1356880 1668.4
1356890 1668.4
1356900 1668.2
1356910 1668.2
1356920 1668.2
1356930 1668.1
1356940 1668.1
1356950 1668.1
1356960 1667.9
1356970 1667.7
1356980 1667.7
1356990 1667.7
1357000 1667.6
1357010 1667.6
1357020 1667.6
1357030 1667.6
1357040 1667.5
1357050 1667.5
1357060 1667.7
1357070 1667.8
1357080 1667.8
1357090 1667.9
1357100 1667.7
1357110 1667.7
1357120 1667.6
1357130 1667.7
1357140 1667.7
1357150 1667.7
1357160 1667.8
1357170 1667.8
1357180 1667.9
1357190 1667.9
1357200 1668.0
1357210 1668.1
1357220 1667.9
1357230 1667.9
1357240 1667.7
1357250 1667.6
1357260 1667.6
1357270 1668.1
1357280 1669.9
1357290 1671.0
1357300 1671.0
1357310 1671.8
1357320 1672.6
1357330 1672.6
1357340 1672.9
1357350 1674.5
1357360 1674.5
1357370 1677.6
1357380 1681.7
1357390 1681.7
1357400 1685.5
1357410 1688.5
1357420 1688.5
1357430 1691.7
1357440 1695.8
1357450 1695.8
1357460 1700.7
1357470 1705.7
1357480 1705.7
1357490 1709.9
1357500 1715.1
1357510 1719.9
1357520 1719.9
1357530 1723.0
1357540 1728.7
1357550 1728.7
1357560 1735.9
1357570 1743.0
1357580 1743.0
1357590 1750.2
1357600 1756.7
1357610 1756.7
1357620 1765.6
1357630 1773.8
1357640 1773.8
1357650 1780.7
1357660 1787.1
1357670 1787.1
1357680 1793.6
1357690 1802.7
1357700 1802.7
1357710 1811.5
1357720 1817.3
1357730 1819.8
1357740 1819.8
1357750 1827.0
1357760 1837.9
1357770 1837.9
1357780 1847.1
1357790 1854.9
1357800 1854.9
1357810 1862.5
1357820 1870.4
1357830 1870.4
1357840 1878.7
1357850 1886.3
1357860 1886.3
1357870 1893.1
1357880 1900.2
1357890 1900.2
1357900 1908.5
1357910 1914.6
1357920 1914.6
1357930 1919.5
1357940 1926.2
1357950 1932.8
1357960 1932.8
1357970 1937.6
1357980 1943.0
1357990 1943.0
1358000 1950.7
1358010 1961.2
1358020 1961.2
1358030 1973.8
1358040 1990.6
1358050 1990.6
1358060 2003.8
1358070 2007.9
1358080 2007.9
1358090 2011.2
1358100 2014.2
1358110 2014.2
1358120 2018.2
1358130 2023.1
1358140 2023.1
1358150 2028.8
1358160 2036.3
1358170 2036.3
1358180 2046.8
1358190 2056.6
1358200 2058.2
1358210 2058.2
1358220 2062.0
1358230 2064.1
1358240 2064.1
1358250 2064.8
1358260 2066.6
1358270 2066.6
1358280 2075.4
1358290 2084.6
1358300 2084.6
1358310 2086.2
1358320 2085.8
1358330 2085.8
1358340 2084.5
1358350 2083.7
1358360 2083.7
1358370 2085.8
1358380 2091.2
1358390 2091.2
1358400 2099.1
1358410 2108.2
1358420 2116.5
1358430 2116.5
1358440 2121.7
1358450 2127.1
1358460 2127.1
1358470 2133.0
1358480 2139.9
1358490 2139.9
1358500 2147.3
1358510 2154.7
1358520 2154.7
1358530 2161.5
1358540 2167.7
1358550 2167.7
1358560 2174.4
1358570 2181.4
1358580 2181.4
1358590 2188.5
1358600 2197.4
1358610 2197.4
1358620 2205.5
1358630 2211.3
1358640 2217.3
1358650 2217.3
1358660 2225.1
1358670 2234.8
1358680 2234.8
1358690 2243.7
1358700 2252.1
1358710 2252.1
1358720 2260.5
1358730 2267.4
1358740 2267.4
1358750 2274.3
1358760 2279.3
1358770 2279.3
1358780 2282.6
1358790 2285.7
1358800 2285.7
1358810 2288.5
1358820 2292.9
1358830 2292.9
1358840 2300.3
1358850 2308.5
1358860 2315.2
1358870 2315.2
1358880 2321.8
1358890 2328.3
1358900 2328.3
1358910 2334.2
1358920 2339.3
1358930 2339.3
1358940 2345.2
1358950 2350.0
1358960 2350.0
1358970 2351.8
1358980 2352.7
1358990 2352.7
1359000 2353.2
1359010 2352.5
1359020 2352.5
1359030 2350.3
1359040 2342.5
1359050 2342.5
1359060 2338.8
1359070 2336.8
1359080 2335.7
1359090 2335.7
1359100 2331.3
1359110 2326.7
1359120 2326.7
1359130 2321.4
1359140 2312.7
1359150 2312.7
1359160 2308.6
1359170 2308.1
1359180 2308.1
1359190 2306.1
1359200 2299.3
1359210 2290.1
1359220 2285.6
1359230 2279.3
1359240 2279.3
1359250 2276.7
1359260 2275.0
1359270 2275.0
1359280 2273.0
1359290 2269.6
1359300 2269.6
1359310 2267.8
1359320 2267.1
1359330 2267.0
1359340 2267.0
1359350 2266.6
1359360 2267.3
1359370 2267.3
1359380 2269.8
1359390 2273.3
1359400 2273.3
1359410 2275.6
1359420 2277.2
1359430 2277.2
1359440 2278.2
1359450 2276.2
1359460 2276.2
1359470 2273.9
1359480 2272.0
1359490 2272.0
1359500 2271.1
1359510 2270.4
1359520 2270.4
1359530 2271.5
1359540 2272.7
1359550 2273.0
1359560 2273.0
1359570 2272.9
1359580 2272.1
1359590 2272.1
1359600 2270.9
1359610 2270.2
1359620 2270.2
1359630 2270.9
1359640 2271.5
1359650 2271.5
1359660 2272.4
1359670 2274.9
1359680 2274.9
1359690 2278.1
1359700 2279.6
1359710 2279.6
1359720 2279.5
1359730 2279.1
1359740 2279.1
1359750 2279.0
1359760 2278.8
1359770 2278.8
1359780 2278.8
1359790 2279.0
1359800 2278.9
1359810 2278.9
1359820 2277.7
1359830 2274.5
1359840 2274.5
1359850 2273.4
1359860 2275.9
1359870 2275.9
1359880 2279.4
1359890 2283.0
1359900 2283.0
1359910 2287.8
1359920 2292.1
1359930 2292.1
1359940 2297.6
1359950 2303.7
1359960 2303.7
1359970 2309.6
1359980 2316.8
1359990 2322.6
