1340000 1426.0
1340010 1426.0
1340020 1426.9
1340030 1427.3
1340040 1427.3
1340050 1428.5
1340060 1429.6
1340070 1429.6
1340080 1429.9
1340090 1431.1
1340100 1431.1
1340110 1432.7
1340120 1434.0
1340130 1434.0
1340140 1434.7
1340150 1437.3
1340160 1437.3
1340170 1440.4
1340180 1441.8
1340190 1441.8
1340200 1442.7
1340210 1443.5
1340220 1444.0
1340230 1444.0
1340240 1444.6
1340250 1444.3
1340260 1444.3
1340270 1443.5
1340280 1443.2
1340290 1443.2
1340300 1443.9
1340310 1444.1
1340320 1444.1
1340330 1445.1
1340340 1446.1
1340350 1446.1
1340360 1446.3
1340370 1446.3
1340380 1446.3
1340390 1445.6
1340400 1445.9
1340410 1445.9
1340420 1446.1
1340430 1446.3
1340440 1446.3
1340450 1446.3
1340460 1446.2
1340470 1446.3
1340480 1446.3
1340490 1446.4
1340500 1446.6
1340510 1446.6
1340520 1446.7
1340530 1446.9
1340540 1446.9
1340550 1447.0
1340560 1447.2
1340570 1447.2
1340580 1447.4
1340590 1448.3
1340600 1448.3
1340610 1448.7
1340620 1449.2
1340630 1449.2
1340640 1451.7
1340650 1452.8
1340660 1452.8
1340670 1451.9
1340680 1452.1
1340690 1452.2
1340700 1452.2
1340710 1452.4
1340720 1453.2
1340730 1453.2
1340740 1454.2
1340750 1454.6
1340760 1454.6
1340770 1456.0
1340780 1458.0
1340790 1458.0
1340800 1459.9
1340810 1461.1
1340820 1461.1
1340830 1462.3
1340840 1464.2
1340850 1464.2
1340860 1464.9
1340870 1465.3
1340880 1465.3
1340890 1465.8
1340900 1465.9
1340910 1467.2
1340920 1467.2
1340930 1469.0
1340940 1470.7
1340950 1470.7
1340960 1473.0
1340970 1476.2
1340980 1476.2
1340990 1481.4
1341000 1485.1
1341010 1485.1
1341020 1487.4
1341030 1489.7
1341040 1489.7
1341050 1493.0
1341060 1496.7
1341070 1496.7
1341080 1500.8
1341090 1505.2
1341100 1505.2
1341110 1508.6
1341120 1511.0
1341130 1514.0
1341140 1514.0
1341150 1515.7
1341160 1516.5
1341170 1516.5
1341180 1517.8
1341190 1519.0
1341200 1519.0
1341210 1520.5
1341220 1520.9
1341230 1520.9
1341240 1521.7
1341250 1521.8
1341260 1521.8
1341270 1522.5
1341280 1524.2
1341290 1524.2
1341300 1526.3
1341310 1527.2
1341320 1527.2
1341330 1528.6
1341340 1531.0
1341350 1535.1
1341360 1535.1
1341370 1539.1
1341380 1542.9
1341390 1542.9
1341400 1545.9
1341410 1549.1
1341420 1549.1
1341430 1552.3
1341440 1555.4
1341450 1555.4
1341460 1556.6
1341470 1557.0
1341480 1557.0
1341490 1557.6
1341500 1556.8
1341510 1556.8
1341520 1552.1
1341530 1546.3
1341540 1546.3
1341550 1549.3
1341560 1553.7
1341570 1557.7
1341580 1557.7
1341590 1561.2
1341600 1563.9
1341610 1563.9
1341620 1568.6
1341630 1574.1
1341640 1574.1
1341650 1579.2
1341660 1583.5
1341670 1583.5
1341680 1587.8
1341690 1589.0
1341700 1589.0
1341710 1590.9
1341720 1592.9
1341730 1592.9
1341740 1595.0
1341750 1596.2
1341760 1596.2
1341770 1598.5
1341780 1603.3
1341790 1603.3
1341800 1608.2
1341810 1612.7
1341820 1617.1
1341830 1617.1
1341840 1620.2
1341850 1623.1
1341860 1623.1
1341870 1626.3
1341880 1629.9
1341890 1629.9
1341900 1633.1
1341910 1635.4
1341920 1635.4
1341930 1637.4
1341940 1640.5
1341950 1640.5
1341960 1644.5
1341970 1649.8
1341980 1649.8
1341990 1655.1
1342000 1658.8
1342010 1658.8
1342020 1661.8
1342030 1664.6
1342040 1667.8
1342050 1667.8
1342060 1671.3
1342070 1675.7
1342080 1675.7
1342090 1680.5
1342100 1683.5
1342110 1683.5
1342120 1684.9
1342130 1685.8
1342140 1685.8
1342150 1686.9
1342160 1687.0
1342170 1687.0
1342180 1686.9
1342190 1686.0
1342200 1686.0
1342210 1686.1
1342220 1686.5
1342230 1693.5
1342240 1695.6
1342250 1695.6
1342260 1695.2
1342270 1695.2
1342280 1693.9
1342290 1692.1
1342300 1692.1
1342310 1690.6
1342320 1689.0
1342330 1689.0
1342340 1688.9
1342350 1689.1
1342360 1689.1
1342370 1689.1
1342380 1689.3
1342390 1689.3
1342400 1690.1
1342410 1690.9
1342420 1690.9
1342430 1691.8
1342440 1692.9
1342450 1692.9
1342460 1694.1
1342470 1695.7
1342480 1697.2
1342490 1697.2
1342500 1698.7
1342510 1700.4
1342520 1700.4
1342530 1701.9
1342540 1703.4
1342550 1703.4
1342560 1704.6
1342570 1705.7
1342580 1705.7
1342590 1706.9
1342600 1708.5
1342610 1708.5
1342620 1709.4
1342630 1709.9
1342640 1709.9
1342650 1710.3
1342660 1710.7
1342670 1710.7
1342680 1710.2
1342690 1710.0
1342700 1710.0
1342710 1710.0
1342720 1710.1
1342730 1710.2
1342740 1710.2
1342750 1727.0
1342760 1820.1
1342770 1820.1
1342780 1843.2
1342790 1843.2
1342800 1843.2
1342810 1843.2
1342820 1843.2
1342830 1843.2
1342840 1843.2
1342850 1843.2
1342860 1843.2
1342870 1843.2
1342880 1843.2
1342890 1843.2
1342900 1843.2
1342910 1843.2
1342920 1843.2
1342930 1843.2
1342940 1843.2
1342950 1843.2
1342960 1843.2
1342970 1843.2
1342980 1843.2
1342990 1843.2
1343000 1843.2
1343010 1843.2
1343020 1843.2
1343030 1843.2
1343040 1843.2
1343050 1843.2
1343060 1843.2
1343070 1843.2
1343080 1843.2
1343090 1843.2
1343100 1843.2
1343110 1843.2
1343120 1843.2
1343130 1843.2
1343140 1843.2
1343150 1843.2
1343160 1843.2
1343170 1843.2
1343180 1843.2
1343190 1843.2
1343200 1843.2
1343210 1843.2
1343220 1843.2
1343230 1843.2
1343240 1843.2
1343250 1843.2
1343260 1843.2
1343270 1843.2
1343280 1843.2
1343290 1843.2
1343300 1843.2
1343310 1843.2
1343320 1843.2
1343330 1843.2
1343340 1843.2
1343350 1843.2
1343360 1843.2
1343370 1843.2
1343380 1843.2
1343390 1843.2
1343400 1843.2
1343410 1843.2
1343420 1843.2
1343430 1843.2
1343440 1843.2
1343450 1843.2
1343460 1843.2
1343470 1843.2
1343480 1843.2
1343490 1843.2
1343500 1843.2
1343510 1843.2
1343520 1843.2
1343530 1843.2
1343540 1843.2
1343550 1843.2
1343560 1843.2
1343570 1843.2
1343580 1843.2
1343590 1843.2
1343600 1843.2
1343610 1843.2
1343620 1843.2
1343630 1843.2
1343640 1843.2
1343650 1843.2
1343660 1843.2
1343670 1843.2
1343680 1843.2
1343690 1843.2
1343700 1843.2
1343710 1843.2
1343720 1843.2
1343730 1843.2
1343740 1843.2
1343750 1843.2
1343760 1843.2
1343770 1843.2
1343780 1843.2
1343790 1843.2
1343800 1843.2
1343810 1843.2
1343820 1843.2
1343830 1843.2
1343840 1843.2
1343850 1843.2
1343860 1843.2
1343870 1843.2
1343880 1843.2
1343890 1843.2
1343900 1843.2
1343910 1843.2
1343920 1843.2
1343930 1843.2
1343940 1843.2
1343950 1843.2
1343960 1843.2
1343970 1843.2
1343980 1843.2
1343990 1843.2
1344000 1843.2
1344010 1843.2
1344020 1843.2
1344030 1843.2
1344040 1843.2
1344050 1843.2
1344060 1843.2
1344070 1843.2
1344080 1843.2
1344090 1843.2
1344100 1843.2
1344110 1843.2
1344120 1843.2
1344130 1843.2
1344140 1843.2
1344150 1843.2
1344160 1843.2
1344170 1843.2
1344180 1843.2
1344190 1843.2
1344200 1843.4
1344210 1843.4
1344220 1848.0
1344230 1851.6
1344240 1851.6
1344250 1850.9
1344260 1850.6
1344270 1850.6
1344280 1853.1
1344290 1856.3
1344300 1862.9
1344310 1862.9
1344320 1869.0
1344330 1873.0
1344340 1873.0
1344350 1875.7
1344360 1879.4
1344370 1879.4
1344380 1885.5
1344390 1889.5
1344400 1889.5
1344410 1892.7
1344420 1896.3
1344430 1896.3
1344440 1898.2
1344450 1899.9
1344460 1899.9
1344470 1904.2
1344480 1907.9
1344490 1907.9
1344500 1909.4
1344510 1914.3
1344520 1923.2
1344530 1923.2
1344540 1934.0
1344550 1941.2
1344560 1941.2
1344570 1944.2
1344580 1948.5
1344590 1948.5
1344600 1954.0
1344610 1960.9
1344620 1960.9
1344630 1966.9
1344640 1971.3
1344650 1971.3
1344660 1974.3
1344670 1973.4
1344680 1973.4
1344690 1973.1
1344700 1980.1
1344710 1980.1
1344720 1991.2
1344730 1998.8
1344740 1998.8
1344750 2003.2
1344760 2006.6
1344770 2009.4
1344780 2009.4
1344790 2011.7
1344800 2014.5
1344810 2014.5
1344820 2017.3
1344830 2020.1
1344840 2020.1
1344850 2020.7
1344860 2022.2
1344870 2022.2
1344880 2034.1
1344890 2042.9
1344900 2042.9
1344910 2048.8
1344920 2053.1
1344930 2043.0
1344940 2044.8
1344950 2046.8
1344960 2046.8
1344970 2045.7
1344980 2044.6
1344990 2045.5
1345000 2045.5
1345010 2046.9
1345020 2051.4
1345030 2051.4
1345040 2059.2
1345050 2066.8
1345060 2066.8
1345070 2071.3
1345080 2074.9
1345090 2074.9
1345100 2079.7
1345110 2084.7
1345120 2084.7
1345130 2088.3
1345140 2091.9
1345150 2091.9
1345160 2095.1
1345170 2098.4
1345180 2098.4
1345190 2101.0
1345200 2102.4
1345210 2102.4
1345220 2102.4
1345230 2099.8
1345240 2098.1
1345250 2098.1
1345260 2096.7
1345270 2093.6
1345280 2093.6
1345290 2091.3
1345300 2086.2
1345310 2086.2
1345320 2081.6
1345330 2077.6
1345340 2077.6
1345350 2075.1
1345360 2071.8
1345370 2071.8
1345380 2068.3
1345390 2064.9
1345400 2064.9
1345410 2063.0
1345420 2059.9
1345430 2055.5
1345440 2055.5
1345450 2051.0
1345460 2047.4
1345470 2047.4
1345480 2043.7
1345490 2039.9
1345500 2039.9
1345510 2036.5
1345520 2033.7
1345530 2033.7
1345540 2031.0
1345550 2027.3
1345560 2027.3
1345570 2024.3
1345580 2020.6
1345590 2020.6
1345600 2016.2
1345610 2012.0
1345620 2012.0
1345630 2008.4
1345640 2006.4
1345650 2007.3
1345660 2007.3
1345670 2008.5
1345680 2009.8
1345690 2009.8
1345700 2010.8
1345710 2011.6
1345720 2011.6
1345730 2012.3
1345740 2014.0
1345750 2014.0
1345760 2015.1
1345770 2015.4
1345780 2015.4
1345790 2016.5
1345800 2018.7
1345810 2018.7
1345820 2020.6
1345830 2022.1
1345840 2020.8
1345850 2022.3
1345860 2023.1
1345870 2023.1
1345880 2023.8
1345890 2025.8
1345900 2028.1
1345910 2028.1
1345920 2030.0
1345930 2032.1
1345940 2032.1
1345950 2033.5
1345960 2034.9
1345970 2034.9
1345980 2036.4
1345990 2038.4
1346000 2038.4
1346010 2041.1
1346020 2043.2
1346030 2043.2
1346040 2044.3
1346050 2045.6
1346060 2045.6
1346070 2047.7
1346080 2050.3
1346090 2050.3
1346100 2052.9
1346110 2055.8
1346120 2059.0
1346130 2059.0
1346140 2062.5
1346150 2066.4
1346160 2066.4
1346170 2070.6
1346180 2075.3
1346190 2075.3
1346200 2080.3
1346210 2085.2
1346220 2085.2
1346230 2090.9
1346240 2096.5
1346250 2096.5
1346260 2102.3
1346270 2108.3
1346280 2108.3
1346290 2114.4
1346300 2121.8
1346310 2121.8
1346320 2130.1
1346330 2138.9
1346340 2147.0
1346350 2147.0
1346360 2153.7
1346370 2159.7
1346380 2159.7
1346390 2165.9
1346400 2172.9
1346410 2172.9
1346420 2181.6
1346430 2191.4
1346440 2191.4
1346450 2201.3
1346460 2212.7
1346470 2212.7
1346480 2225.5
1346490 2236.4
1346500 2236.4
1346510 2245.4
1346520 2252.8
1346530 2252.8
1346540 2263.5
1346550 2287.1
1346560 2297.5
1346570 2297.5
1346580 2302.2
1346590 2308.0
1346600 2308.0
1346610 2314.3
1346620 2320.1
1346630 2320.1
1346640 2325.6
1346650 2330.6
1346660 2330.6
1346670 2335.5
1346680 2340.7
1346690 2340.7
1346700 2345.6
1346710 2350.2
1346720 2350.2
1346730 2354.8
1346740 2358.7
1346750 2358.7
1346760 2361.1
1346770 2362.8
1346780 2362.8
1346790 2364.0
1346800 2366.9
1346810 2372.2
1346820 2372.2
1346830 2378.9
1346840 2385.1
1346850 2385.1
1346860 2390.4
1346870 2395.3
1346880 2395.3
1346890 2399.8
1346900 2403.7
1346910 2403.7
1346920 2407.1
1346930 2410.8
1346940 2410.8
1346950 2415.3
1346960 2420.4
1346970 2420.4
1346980 2424.8
1346990 2428.6
1347000 2428.6
1347010 2432.2
1347020 2435.0
1347030 2438.1
1347040 2438.1
1347050 2440.9
1347060 2444.0
1347070 2444.0
1347080 2446.7
1347090 2449.6
1347100 2449.6
1347110 2453.6
1347120 2458.9
1347130 2458.9
1347140 2465.2
1347150 2471.5
1347160 2471.5
1347170 2477.3
1347180 2482.9
1347190 2482.9
1347200 2488.4
1347210 2492.3
1347220 2492.3
1347230 2495.5
1347240 2498.5
1347250 2501.3
1347260 2501.3
1347270 2504.9
1347280 2509.1
1347290 2509.1
1347300 2513.3
1347310 2517.4
1347320 2517.4
1347330 2521.8
1347340 2527.5
1347350 2527.5
1347360 2533.8
1347370 2539.5
1347380 2539.5
1347390 2541.6
1347400 2542.0
1347410 2542.0
1347420 2544.4
1347430 2548.4
1347440 2548.4
1347450 2552.9
1347460 2556.8
1347470 2558.9
1347480 2558.9
1347490 2559.4
1347500 2560.7
1347510 2560.7
1347520 2564.1
1347530 2567.2
1347540 2567.2
1347550 2570.7
1347560 2574.3
1347570 2574.3
1347580 2577.6
1347590 2580.9
1347600 2580.9
1347610 2584.1
1347620 2587.5
1347630 2587.5
1347640 2591.3
1347650 2595.0
1347660 2595.0
1347670 2598.4
1347680 2601.9
1347690 2606.2
1347700 2606.2
1347710 2609.9
1347720 2613.8
1347730 2613.8
1347740 2617.9
1347750 2622.0
1347760 2622.0
1347770 2625.8
1347780 2629.7
1347790 2629.7
1347800 2633.5
1347810 2638.3
1347820 2638.3
1347830 2643.4
1347840 2648.3
1347850 2648.3
1347860 2653.0
1347870 2656.9
1347880 2656.9
1347890 2661.5
1347900 2666.7
1347910 2666.7
1347920 2671.8
1347930 2677.0
1347940 2682.2
1347950 2682.2
1347960 2687.3
1347970 2691.9
1347980 2691.9
1347990 2696.5
1348000 2701.8
1348010 2701.8
1348020 2706.9
1348030 2711.4
1348040 2711.4
1348050 2716.2
1348060 2721.4
1348070 2721.4
1348080 2726.5
1348090 2731.4
1348100 2731.4
1348110 2735.7
1348120 2740.1
1348130 2740.1
1348140 2744.4
1348150 2748.6
1348160 2753.2
1348170 2753.2
1348180 2758.4
1348190 2764.1
1348200 2764.1
1348210 2771.2
1348220 2781.1
1348230 2781.1
1348240 2793.3
1348250 2804.2
1348260 2804.2
1348270 2814.0
1348280 2822.8
1348290 2822.8
1348300 2830.4
1348310 2837.8
1348320 2837.8
1348330 2844.9
1348340 2852.3
1348350 2852.3
1348360 2858.0
1348370 2863.7
1348380 2869.0
1348390 2869.0
1348400 2874.1
1348410 2879.7
1348420 2879.7
1348430 2885.8
1348440 2892.5
1348450 2892.5
1348460 2900.1
1348470 2908.9
1348480 2908.9
1348490 2922.9
1348500 2944.5
1348510 2944.5
1348520 2962.2
1348530 2973.6
1348540 2973.6
1348550 2984.7
1348560 2996.0
1348570 2996.0
1348580 3006.4
1348590 3012.3
1348600 3016.5
1348610 3016.5
1348620 3007.0
1348630 3011.8
1348640 3011.8
1348650 3017.6
1348660 3014.8
1348670 3014.8
1348680 3001.4
1348690 2980.9
1348700 2980.9
1348710 2956.3
1348720 2938.9
1348730 2938.9
1348740 2929.0
1348750 2922.8
1348760 2922.8
1348770 2920.5
1348780 2920.5
1348790 2920.5
1348800 2927.2
1348810 2935.7
1348820 2935.7
1348830 2935.2
1348840 2930.6
1348850 2922.1
1348860 2922.1
1348870 2909.0
1348880 2899.2
1348890 2899.2
1348900 2890.3
1348910 2881.7
1348920 2881.7
1348930 2870.0
1348940 2856.1
1348950 2856.1
1348960 2838.3
1348970 2818.7
1348980 2818.7
1349350 2659.1
1349360 2659.1
1349370 2657.3
1349380 2654.9
1349390 2654.9
1349400 2653.0
1349410 2649.3
1349420 2649.3
1349430 2646.5
1349440 2643.2
1349450 2643.2
1349460 2638.1
1349470 2631.7
1349480 2631.7
1349490 2624.5
1349500 2618.5
1349510 2614.3
1349520 2614.3
1349530 2610.2
1349540 2605.5
1349550 2605.5
1349560 2601.4
1349570 2593.6
1349580 2593.6
1349590 2585.8
1349600 2577.8
1349610 2577.8
1349620 2570.1
1349630 2561.7
1349640 2561.7
1349650 2554.0
1349660 2547.0
1349670 2547.0
1349680 2542.9
1349690 2536.8
1349700 2536.8
1349710 2529.1
1349720 2522.2
1349730 2513.9
1349740 2513.9
1349750 2506.7
1349760 2499.3
1349770 2499.3
1349780 2493.6
1349790 2490.6
1349800 2490.6
1349810 2488.4
1349820 2487.6
1349830 2487.6
1349840 2485.0
1349850 2480.5
1349860 2480.5
1349870 2477.3
1349880 2475.9
1349890 2475.9
1349900 2475.4
1349910 2474.4
1349920 2474.4
1349930 2473.7
1349940 2472.7
1349950 2472.7
1349960 2470.9
1349970 2468.6
1349980 2466.9
1349990 2466.9
1350000 2467.1
1350010 2466.7
1350020 2466.7
1350030 2463.9
1350040 2459.5
1350050 2459.5
1350060 2455.8
1350070 2452.4
1350080 2452.4
1350090 2449.0
1350100 2445.6
1350110 2445.6
1350120 2442.3
1350130 2438.2
1350140 2438.2
1350150 2433.3
1350160 2428.7
1350170 2428.7
1350180 2424.8
1350190 2421.6
1350200 2418.9
1350210 2418.9
1350220 2416.1
1350230 2411.7
1350240 2411.7
1350250 2409.0
1350260 2406.2
1350270 2406.2
1350280 2401.2
1350290 2397.0
1350300 2397.0
1350310 2396.8
1350320 2395.9
1350330 2395.9
1350340 2394.9
1350350 2396.7
1350360 2396.7
1350370 2398.5
1350380 2398.1
1350390 2398.1
1350400 2395.2
1350410 2390.0
1350420 2384.4
1350430 2384.4
1350440 2379.6
1350450 2375.7
1350460 2375.7
1350470 2372.9
1350480 2370.8
1350490 2370.8
1350500 2371.3
1350510 2371.3
1350520 2371.3
1350530 2371.2
1350540 2372.0
1350550 2372.0
1350560 2372.5
1350570 2373.3
1350580 2373.3
1350590 2374.1
1350600 2375.4
1350610 2375.4
1350620 2377.1
1350630 2379.1
1350640 2380.4
1350650 2380.4
1350660 2382.1
1350670 2384.4
1350680 2384.4
1350690 2387.4
1350700 2390.4
1350710 2390.4
1350720 2393.1
1350730 2396.0
1350740 2396.0
1350750 2399.8
1350760 2405.0
1350770 2405.0
1350780 2409.4
1350790 2413.2
1350800 2413.2
1350810 2416.6
1350820 2418.5
1350830 2418.5
1350840 2418.4
1350850 2417.9
1350860 2417.9
1350870 2416.9
1350880 2413.7
1350890 2409.7
1350900 2409.7
1350910 2405.4
1350920 2403.7
1350930 2403.7
1350940 2403.0
1350950 2406.5
1350960 2406.5
1350970 2410.9
1350980 2413.6
1350990 2413.6
1351000 2414.5
1351010 2415.7
1351020 2415.7
1351030 2417.4
1351040 2422.0
1351050 2422.0
1351060 2427.4
1351070 2430.9
1351080 2430.9
1351090 2434.5
1351100 2438.4
1351110 2442.2
1351120 2442.2
1351130 2445.0
1351140 2448.1
1351150 2448.1
1351160 2450.9
1351170 2454.1
1351180 2454.1
1351190 2457.0
1351200 2459.8
1351210 2459.8
1351220 2463.5
1351230 2468.3
1351240 2468.3
1351250 2473.6
1351260 2479.8
1351270 2479.8
1351280 2485.9
1351290 2490.1
1351300 2490.1
1351310 2494.8
1351320 2499.5
1351330 2503.1
1351340 2503.1
1351350 2506.7
1351360 2511.6
1351370 2511.6
1351380 2517.1
1351390 2522.1
1351400 2522.1
1351410 2526.9
1351420 2532.6
1351430 2532.6
1351440 2536.3
1351450 2540.0
1351460 2540.0
1351470 2544.6
1351480 2550.0
1351490 2550.0
1351500 2555.5
1351510 2560.9
1351520 2560.9
1351530 2566.0
1351540 2569.3
1351550 2573.4
1351560 2573.4
1351570 2576.4
1351580 2579.5
1351590 2579.5
1351600 2583.9
1351610 2588.3
1351620 2588.3
1351630 2593.9
1351640 2600.0
1351650 2600.0
1351660 2606.1
1351670 2612.0
1351680 2612.0
1351690 2618.0
1351700 2623.9
1351710 2623.9
1351720 2630.3
1351730 2637.4
1351740 2637.4
1351750 2645.1
1351760 2654.9
1351770 2665.7
1351780 2665.7
1351790 2675.0
1351800 2683.5
1351810 2683.5
1351820 2692.2
1351830 2700.7
1351840 2700.7
1351850 2708.3
1351860 2714.7
1351870 2714.7
1351880 2720.3
1351890 2725.3
1351900 2725.3
1351910 2730.5
1351920 2736.3
1351930 2736.3
1351940 2742.0
1351950 2747.8
1351960 2747.8
1351970 2753.5
1351980 2759.7
1351990 2759.7
1352000 2767.0
1352010 2775.1
1352020 2784.2
1352030 2784.2
1352040 2791.8
1352050 2796.9
1352060 2796.9
1352070 2797.9
1352080 2795.9
1352090 2795.9
1352100 2795.9
1352110 2793.0
1352120 2793.0
1352130 2788.2
1352140 2783.7
1352150 2783.7
1352160 2778.9
1352170 2775.6
1352180 2775.6
1352190 2774.2
1352200 2772.1
1352210 2772.1
1352220 2772.0
1352230 2773.5
1352240 2776.2
1352250 2776.2
1352260 2778.3
1352270 2779.5
1352280 2779.5
1352290 2785.2
1352300 2792.8
1352310 2792.8
1352320 2797.8
1352330 2799.5
1352340 2799.5
1352350 2798.5
1352360 2793.3
1352370 2793.3
1352380 2780.5
1352390 2768.1
1352400 2768.1
1352410 2753.8
1352420 2742.2
1352430 2742.2
1352440 2732.0
1352450 2725.1
1352460 2718.7
1352470 2718.7
1352480 2712.6
1352490 2706.5
1352500 2706.5
1352510 2700.5
1352520 2695.1
1352530 2695.1
1352540 2689.5
1352550 2684.5
1352560 2684.5
1352570 2678.3
1352580 2671.1
1352590 2671.1
1352600 2664.3
1352610 2655.8
1352620 2655.8
1352630 2646.2
1352640 2638.4
1352650 2638.4
1352660 2629.3
1352670 2623.0
1352680 2617.7
1352690 2617.7
1352700 2612.8
1352710 2608.6
1352720 2608.6
1352730 2604.5
1352740 2599.7
1352750 2599.7
1352760 2595.6
1352770 2591.5
1352780 2591.5
1352790 2586.4
1352800 2582.1
1352810 2582.1
1352820 2578.3
1352830 2574.7
1352840 2574.7
1352850 2571.8
1352860 2568.3
1352870 2568.3
1352880 2563.7
1352890 2556.7
1352900 2556.7
1352910 2549.8
1352920 2544.4
1352930 2540.4
1352940 2540.4
1352950 2535.4
1352960 2528.3
1352970 2528.3
1352980 2521.2
1352990 2515.2
1353000 2515.2
1353010 2510.1
1353020 2506.2
1353030 2506.2
1353040 2500.0
1353050 2493.7
1353060 2493.7
1353070 2486.6
1353080 2480.6
1353090 2480.6
1353100 2474.5
1353110 2470.7
1353120 2470.7
1353130 2467.8
1353140 2464.3
1353150 2460.5
1353160 2460.5
1353170 2456.3
1353180 2451.7
1353190 2451.7
1353200 2447.2
1353210 2443.3
1353220 2443.3
1353230 2439.6
1353240 2436.3
1353250 2436.3
1353260 2433.0
1353270 2430.2
1353280 2430.2
1353290 2427.5
1353300 2425.0
1353310 2425.0
1353320 2422.6
1353330 2419.9
1353340 2419.9
1353350 2418.1
1353360 2416.7
1353370 2414.8
1353380 2414.0
1353390 2411.7
1353400 2409.1
1353410 2409.1
1353420 2406.3
1353430 2403.3
1353440 2403.3
1353450 2400.1
1353460 2396.6
1353470 2396.6
1353480 2391.6
1353490 2386.2
1353500 2386.2
1353510 2379.5
1353520 2373.0
1353530 2373.0
1353540 2368.0
1353550 2363.6
1353560 2363.6
1353570 2361.7
1353580 2357.5
1353590 2353.7
1353600 2353.7
1353610 2349.7
1353620 2345.9
1353630 2345.9
1353640 2341.9
1353650 2338.4
1353660 2338.4
1353670 2334.6
1353680 2331.0
1353690 2331.0
1353700 2327.9
1353710 2324.5
1353720 2324.5
1353730 2322.1
1353740 2319.0
1353750 2319.0
1353760 2315.2
1353770 2311.2
1353780 2311.2
1353790 2307.4
1353800 2303.5
1353810 2300.9
1353820 2300.9
1353830 2299.6
1353840 2297.8
1353850 2297.8
1353860 2294.8
1353870 2291.2
1353880 2291.2
1353890 2287.3
1353900 2285.2
1353910 2285.2
1353920 2283.4
1353930 2281.7
1353940 2281.7
1353950 2277.9
1353960 2274.3
1353970 2274.3
1353980 2271.0
1353990 2267.9
1354000 2267.9
1354010 2264.3
1354020 2259.8
1354030 2259.8
1354040 2255.6
1354050 2252.1
1354060 2250.4
1354070 2250.4
1354080 2248.0
1354090 2246.6
1354100 2246.6
1354110 2244.7
1354120 2242.2
1354130 2242.2
1354140 2239.8
1354150 2237.3
1354160 2237.3
1354170 2234.9
1354180 2232.3
1354190 2232.3
1354200 2229.6
1354210 2226.7
1354220 2226.7
1354230 2224.0
1354240 2221.5
1354250 2221.5
1354260 2218.5
1354270 2214.8
1354280 2209.9
1354290 2209.9
1354300 2201.7
1354310 2192.4
1354320 2192.4
1354330 2183.8
1354340 2177.0
1354350 2175.6
1354360 2169.0
1354370 2164.7
1354380 2164.7
1354390 2163.4
1354400 2162.5
1354410 2162.5
1354420 2161.9
1354430 2159.8
1354440 2159.8
1354450 2153.6
1354460 2148.4
1354470 2148.4
1354480 2147.2
1354490 2145.9
1354500 2143.9
1354510 2143.9
1354520 2143.6
1354530 2144.9
1354540 2144.9
1354550 2142.3
1354560 2136.9
1354570 2136.9
1354580 2134.1
1354590 2136.7
1354600 2136.7
1354610 2136.9
1354620 2135.2
1354630 2135.2
1354640 2130.0
1354650 2123.6
1354660 2123.6
1354670 2119.4
1354680 2118.9
1354690 2118.9
1354700 2119.9
1354710 2117.2
1354720 2111.5
1354730 2111.5
1354740 2111.9
1354750 2114.1
1354760 2114.1
1354770 2113.9
1354780 2113.0
1354790 2113.0
1354800 2111.2
1354810 2110.3
1354820 2110.3
1354830 2108.5
1354840 2106.1
1354850 2106.1
1354860 2104.1
1354870 2100.8
1354880 2100.8
1354890 2098.3
1354900 2096.9
1354910 2096.9
1354920 2095.4
1354930 2092.3
1354940 2085.5
1354950 2085.5
1354960 2077.9
1354970 2075.2
1354980 2075.2
1354990 2076.1
1355000 2074.5
1355010 2074.5
1355020 2071.4
1355030 2066.2
1355040 2066.2
1355050 2056.9
1355060 2048.8
1355070 2048.8
1355080 2053.0
1355090 2054.3
1355100 2054.3
1355110 2054.1
1355120 2053.3
1355130 2053.3
1355140 2051.1
1355150 2048.9
1355160 2048.9
1355170 2045.7
1355180 2043.2
1355190 2040.7
1355200 2040.7
1355210 2038.4
1355220 2037.2
1355230 2037.2
1355240 2035.6
1355250 2032.8
1355260 2032.8
1355270 2029.5
1355280 2028.2
1355290 2028.2
1355300 2026.3
1355310 2024.8
1355320 2024.8
1355330 2015.2
1355340 2012.8
1355350 2012.8
1355360 2011.1
1355370 2009.3
1355380 2009.3
1355390 2009.4
1355400 2009.4
1355410 2008.8
1355420 2008.8
1355430 2007.2
1355440 2005.8
1355450 2005.8
1355460 2004.2
1355470 2002.9
1355480 2002.9
1355490 2001.8
1355500 1999.2
1355510 1999.2
1355520 1997.4
1355530 1995.6
1355540 1995.6
1355550 1994.1
1355560 1993.4
1355570 1993.4
1355580 1992.6
1355590 1990.4
1355600 1990.4
1355610 1989.5
1355620 1989.3
1355630 1988.1
1355640 1988.1
1355650 1987.1
1355660 1986.4
1355670 1986.4
1355680 1986.2
1355690 1985.4
1355700 1985.4
1355710 1985.8
1355720 1983.4
1355730 1983.4
1355740 1982.2
1355750 1979.6
1355760 1979.6
1355770 1978.9
1355780 1977.8
1355790 1977.8
1355800 1977.2
1355810 1976.8
1355820 1976.8
1355830 1974.1
1355840 1969.7
1355850 1964.9
1355860 1964.9
1355870 1961.7
1355880 1959.3
1355890 1959.3
1355900 1957.3
1355910 1955.1
1355920 1955.1
1355930 1950.7
1355940 1945.0
1355950 1945.0
1355960 1938.6
1355970 1931.3
1355980 1931.3
1355990 1928.7
1356000 1925.7
1356010 1925.7
1356020 1914.9
1356030 1901.0
1356040 1901.0
1356050 1891.6
1356060 1883.8
1356070 1883.8
1356080 1879.4
1356090 1875.5
1356100 1869.8
1356110 1869.8
1356120 1863.7
1356130 1857.7
1356140 1857.7
1356150 1851.4
1356160 1844.8
1356170 1844.8
1356180 1837.8
1356190 1831.1
1356200 1831.1
1356210 1824.3
1356220 1818.8
1356230 1818.8
1356240 1814.5
1356250 1809.9
1356260 1809.9
1356270 1805.5
1356280 1800.1
1356290 1800.1
1356300 1796.2
1356310 1793.0
1356320 1790.4
1356330 1790.4
1356340 1786.1
1356350 1783.6
1356360 1783.6
1356370 1780.7
1356380 1780.0
1356390 1780.0
1356400 1779.4
1356410 1777.6
1356420 1777.6
1356430 1775.9
1356440 1772.7
1356450 1772.7
1356460 1769.1
1356470 1765.3
1356480 1765.3
1356490 1761.3
1356500 1756.8
1356510 1756.8
1356520 1752.8
1356530 1750.0
1356540 1747.1
1356550 1747.1
1356560 1743.9
1356570 1741.7
1356580 1741.7
1356590 1739.2
1356600 1733.8
1356610 1733.8
1356620 1728.1
1356630 1723.1
1356640 1723.1
1356650 1718.7
1356660 1714.8
1356670 1714.8
1356680 1711.2
1356690 1708.1
1356700 1708.1
1356710 1705.3
1356720 1702.6
1356730 1702.6
1356740 1698.5
1356750 1693.2
1356760 1687.4
1356770 1687.4
1356780 1681.2
1356790 1676.3
1356800 1676.3
1356810 1672.3
1356820 1668.3
1356830 1668.3
1356840 1667.0
1356850 1666.9
1356860 1666.9
1356870 1666.7
1356880 1666.7
1356890 1666.7
1356900 1666.6
1356910 1666.6
1356920 1666.6
1356930 1666.5
1356940 1666.5
1356950 1666.5
1356960 1666.5
1356970 1666.7
1356980 1666.8
1356990 1666.8
1357000 1666.8
1357010 1667.0
1357020 1667.0
1357030 1667.1
1357040 1667.2
1357050 1667.2
1357060 1667.1
1357070 1667.1
1357080 1667.1
1357090 1667.1
1357100 1667.2
1357110 1667.2
1357120 1667.2
1357130 1667.4
1357140 1667.4
1357150 1667.5
1357160 1667.0
1357170 1667.0
1357180 1667.0
1357190 1667.2
1357200 1667.2
1357210 1667.2
1357220 1667.2
1357230 1667.6
1357240 1667.6
1357250 1667.7
1357260 1667.9
1357270 1667.9
1357280 1668.2
1357290 1668.8
1357300 1668.8
1357310 1669.8
1357320 1670.7
1357330 1670.7
1357340 1672.0
1357350 1675.0
1357360 1675.0
1357370 1679.7
1357380 1685.1
1357390 1685.1
1357400 1689.9
1357410 1695.0
1357420 1695.0
1357430 1700.9
1357440 1707.7
1357450 1715.3
1357460 1715.3
1357470 1722.9
1357480 1728.3
1357490 1728.3
1357500 1734.5
1357510 1740.8
1357520 1740.8
1357530 1747.8
1357540 1756.9
1357550 1756.9
1357560 1767.2
1357570 1775.1
1357580 1775.1
1357590 1779.5
1357600 1783.4
1357610 1783.4
1357620 1788.7
1357630 1795.9
1357640 1795.9
1357650 1804.6
1357660 1816.9
1357670 1831.6
1357680 1831.6
1357690 1841.4
1357700 1849.9
1357710 1849.9
1357720 1855.5
1357730 1858.1
1357740 1858.1
1357750 1863.7
1357760 1872.3
1357770 1872.3
1357780 1881.8
1357790 1891.4
1357800 1891.4
1357810 1901.5
1357820 1910.7
1357830 1910.7
1357840 1916.8
1357850 1923.0
1357860 1923.0
1357870 1927.0
1357880 1927.8
1357890 1930.5
1357900 1930.5
1357910 1939.1
1357920 1947.6
1357930 1947.6
1357940 1956.2
1357950 1965.3
1357960 1965.3
1357970 1974.4
1357980 1984.0
1357990 1984.0
1358000 1995.1
1358010 2005.4
1358020 2005.4
1358030 2014.8
1358040 2023.8
1358050 2023.8
1358060 2032.7
1358070 2041.5
1358080 2041.5
1358090 2048.7
1358100 2055.7
1358110 2055.7
1358120 2060.9
1358130 2062.5
1358140 2064.0
1358150 2064.0
1358160 2065.7
1358170 2068.5
1358180 2068.5
1358190 2071.6
1358200 2075.7
1358210 2075.7
1358220 2079.1
1358230 2084.5
1358240 2084.5
1358250 2090.6
1358260 2097.7
1358270 2097.7
1358280 2105.6
1358290 2113.4
1358300 2113.4
1358310 2120.3
1358320 2123.6
1358330 2123.6
1358340 2132.1
1358350 2138.0
1358360 2143.1
1358370 2143.1
1358380 2146.7
1358390 2147.7
1358400 2147.7
1358410 2146.3
1358420 2148.7
1358430 2148.7
1358440 2154.6
1358450 2157.7
1358460 2157.7
1358470 2161.6
1358480 2164.4
1358490 2164.4
1358500 2167.5
1358510 2173.8
1358520 2173.8
1358530 2181.1
1358540 2189.3
1358550 2189.3
1358560 2196.8
1358570 2203.3
1358580 2209.7
1358590 2209.7
1358600 2215.7
1358610 2222.3
1358620 2222.3
1358630 2229.7
1358640 2236.4
1358650 2236.4
1358660 2244.2
1358670 2251.2
1358680 2251.2
1358690 2257.2
1358700 2262.9
1358710 2262.9
1358720 2268.2
1358730 2275.0
1358740 2275.0
1358750 2282.8
1358760 2291.9
1358770 2291.9
1358780 2301.0
1358790 2311.3
1358800 2323.1
1358810 2323.1
1358820 2332.0
1358830 2337.8
1358840 2337.8
1358850 2342.3
1358860 2345.9
1358870 2345.9
1358880 2348.8
1358890 2352.6
1358900 2352.6
1358910 2356.1
1358920 2358.2
1358930 2358.2
1358940 2361.2
1358950 2365.0
1358960 2365.0
1358970 2368.9
1358980 2370.7
1358990 2370.7
1359000 2373.1
1359010 2375.8
1359020 2377.5
1359030 2377.5
1359040 2378.1
1359050 2377.9
1359060 2377.9
1359070 2376.7
1359080 2375.7
1359090 2375.7
1359100 2372.4
1359110 2366.2
1359120 2366.2
1359130 2362.5
1359140 2358.4
1359150 2358.4
1359160 2353.6
1359170 2349.0
1359180 2349.0
1359190 2343.9
1359200 2339.6
1359210 2339.6
1359220 2335.3
1359230 2331.6
1359240 2331.6
1359250 2327.5
1359260 2323.0
1359270 2319.2
1359280 2319.2
1359290 2317.1
1359300 2313.7
1359310 2313.7
1359320 2311.7
1359330 2302.6
1359340 2302.6
1359350 2301.5
1359360 2300.3
1359370 2300.3
1359380 2299.8
1359390 2300.1
1359400 2300.1
1359410 2300.5
1359420 2302.5
1359430 2302.5
1359440 2305.4
1359450 2307.4
1359460 2307.4
1359470 2310.0
1359480 2311.2
1359490 2310.8
1359500 2310.8
1359510 2311.0
1359520 2310.9
1359530 2310.9
1359540 2310.5
1359550 2309.3
1359560 2309.3
1359570 2309.2
1359580 2308.7
1359590 2308.7
1359600 2307.9
1359610 2306.7
1359620 2306.7
1359630 2305.9
1359640 2304.6
1359650 2304.6
1359660 2304.1
1359670 2304.1
1359680 2304.1
1359690 2303.2
1359700 2303.6
1359710 2305.0
1359720 2305.0
1359730 2307.0
1359740 2309.1
1359750 2309.1
1359760 2311.3
1359770 2313.4
1359780 2313.4
1359790 2313.8
1359800 2314.4
1359810 2314.4
1359820 2314.1
1359830 2313.1
1359840 2313.1
1359850 2312.6
1359860 2311.9
1359870 2311.9
1359880 2310.6
1359890 2310.3
1359900 2310.3
1359910 2309.4
1359920 2308.7
1359930 2306.4
1359940 2306.4
1359950 2304.9
1359960 2306.3
1359970 2306.3
1359980 2310.9
1359990 2318.5
