1340000 1730.6
1340010 1728.9
1340020 1728.0
1340030 1728.0
1340040 1729.1
1340050 1733.1
1340060 1733.1
1340070 1739.2
1340080 1746.7
1340090 1746.7
1340100 1749.3
1340110 1745.6
1340120 1745.6
1340130 1740.5
1340140 1737.2
1340150 1737.2
1340160 1739.6
1340170 1742.5
1340180 1746.6
1340190 1746.6
1340200 1754.9
1340210 1757.5
1340220 1757.5
1340230 1761.1
1340240 1774.0
1340250 1774.0
1340260 1786.7
1340270 1801.0
1340280 1801.0
1340290 1806.6
1340300 1812.4
1340310 1805.9
1340320 1816.0
1340330 1820.5
1340340 1820.5
1340350 1820.5
1340360 1818.7
1340370 1818.7
1340380 1816.1
1340390 1815.2
1340400 1811.7
1340410 1811.7
1340420 1807.3
1340430 1806.6
1340440 1806.6
1340450 1807.9
1340460 1806.8
1340470 1806.8
1340480 1806.3
1340490 1809.0
1340500 1809.0
1340510 1811.2
1340520 1812.3
1340530 1812.3
1340540 1810.3
1340550 1803.5
1340560 1803.5
1340570 1798.6
1340580 1797.5
1340590 1797.5
1340600 1799.9
1340610 1805.0
1340620 1810.4
1340630 1810.4
1340640 1813.4
1340650 1817.2
1340660 1817.2
1340670 1820.9
1340680 1824.2
1340690 1824.2
1340700 1827.6
1340710 1831.9
1340720 1831.9
1340730 1835.4
1340740 1838.6
1340750 1838.6
1340760 1841.4
1340770 1844.3
1340780 1844.3
1340790 1847.1
1340800 1847.9
1340810 1847.9
1340820 1848.3
1340830 1846.4
1340840 1845.6
1340850 1845.6
1340860 1847.1
1340870 1847.3
1340880 1847.3
1340890 1843.0
1340900 1839.9
1340910 1839.9
1340920 1837.7
1340930 1835.5
1340940 1835.5
1340950 1832.2
1340960 1828.9
1340970 1828.9
1340980 1825.8
1340990 1823.7
1341000 1823.7
1341010 1822.1
1341020 1819.2
1341030 1819.2
1341040 1815.7
1341050 1811.9
1341060 1811.9
1341070 1807.5
1341080 1804.3
1341090 1802.0
1341100 1802.0
1341110 1799.3
1341120 1796.3
1341130 1796.3
1341140 1793.3
1341150 1790.2
1341160 1790.2
1341170 1787.1
1341180 1784.4
1341190 1779.0
1341200 1777.5
1341210 1775.5
1341220 1775.5
1341230 1773.7
1341240 1772.4
1341250 1772.4
1341260 1769.7
1341270 1766.8
1341280 1766.8
1341290 1764.8
1341300 1763.2
1341310 1760.8
1341320 1760.8
1341330 1758.5
1341340 1756.3
1341350 1756.3
1341360 1752.9
1341370 1749.3
1341380 1749.3
1341390 1745.6
1341400 1741.9
1341410 1741.9
1341420 1739.4
1341430 1736.9
1341440 1736.9
1341450 1734.4
1341460 1731.8
1341470 1731.8
1341480 1729.1
1341490 1728.0
1341500 1728.0
1341510 1726.1
1341520 1723.3
1341530 1724.2
1341540 1724.2
1341550 1725.5
1341560 1719.9
1341570 1719.9
1341580 1718.6
1341590 1719.8
1341600 1719.8
1341610 1718.4
1341620 1721.5
1341630 1721.5
1341640 1722.7
1341650 1722.8
1341660 1722.8
1341670 1723.8
1341680 1724.5
1341690 1724.5
1341700 1724.9
1341710 1727.1
1341720 1727.1
1341730 1729.6
1341740 1732.4
1341750 1735.8
1341760 1735.8
1341770 1738.8
1341780 1740.5
1341790 1740.5
1341800 1742.3
1341810 1744.7
1341820 1744.7
1341830 1746.9
1341840 1748.3
1341850 1748.3
1341860 1747.9
1341870 1748.6
1341880 1748.6
1341890 1750.6
1341900 1752.3
1341910 1752.3
1341920 1754.9
1341930 1759.3
1341940 1759.3
1341950 1762.5
1341960 1765.7
1341970 1765.7
1341980 1768.7
1341990 1771.7
1342000 1775.1
1342010 1775.1
1342020 1777.4
1342030 1780.3
1342040 1780.3
1342050 1784.0
1342060 1785.9
1342070 1785.9
1342080 1784.6
1342090 1787.6
1342100 1787.6
1342110 1790.7
1342120 1794.9
1342130 1794.9
1342140 1801.4
1342150 1808.3
1342160 1808.3
1342170 1815.3
1342180 1822.3
1342190 1822.3
1342200 1827.4
1342210 1837.6
1342220 1855.3
1342230 1855.3
1342240 1864.1
1342250 1871.8
1342260 1871.8
1342270 1878.2
1342280 1886.9
1342290 1886.9
1342300 1895.4
1342310 1900.8
1342320 1900.8
1342330 1906.5
1342340 1908.8
1342350 1908.8
1342360 1909.2
1342370 1909.6
1342380 1909.6
1342390 1911.0
1342400 1913.0
1342410 1913.0
1342420 1917.2
1342430 1922.6
1342440 1929.0
1342450 1929.0
1342460 1936.1
1342470 1945.1
1342480 1945.1
1342490 1953.4
1342500 1961.4
1342510 1961.4
1342520 1967.7
1342530 1974.1
1342540 1974.1
1342550 1979.9
1342560 1982.1
1342570 1982.1
1342580 1983.5
1342590 1986.0
1342600 1986.0
1342610 1991.8
1342620 1997.8
1342630 1997.8
1342640 2001.0
1342650 2004.7
1342660 2010.8
1342670 2010.8
1342680 2016.7
1342690 2021.9
1342700 2021.9
1342710 2026.0
1342720 2030.7
1342730 2030.7
1342740 2032.7
1342750 2034.1
1342760 2034.1
1342770 2036.5
1342780 2039.1
1342790 2039.1
1342800 2041.5
1342810 2046.5
1342820 2046.5
1342830 2052.2
1342840 2057.9
1342850 2057.9
1342860 2063.1
1342870 2068.2
1342880 2068.2
1342890 2074.1
1342900 2079.4
1342910 2087.4
1342920 2087.4
1342930 2094.0
1342940 2096.4
1342950 2096.4
1342960 2098.1
1342970 2094.6
1342980 2094.6
1342990 2099.0
1343000 2104.1
1343010 2104.1
1343020 2108.2
1343030 2110.2
1343040 2110.2
1343050 2111.5
1343060 2112.5
1343070 2112.5
1343080 2112.9
1343090 2111.4
1343100 2111.4
1343110 2111.4
1343120 2111.4
1343130 2112.0
1343140 2112.0
1343150 2109.9
1343160 2108.9
1343170 2108.9
1343180 2107.4
1343190 2105.0
1343200 2105.0
1343210 2101.1
1343220 2098.8
1343230 2098.8
1343240 2096.9
1343250 2092.7
1343260 2092.7
1343270 2090.1
1343280 2087.8
1343290 2087.8
1343300 2080.8
1343310 2070.6
1343320 2070.6
1343330 2065.7
1343340 2054.9
1343350 2043.2
1343360 2043.2
1343370 2034.0
1343380 2024.6
1343390 2024.6
1343400 2012.5
1343410 2003.8
1343420 2003.8
1343430 1997.3
1343440 1991.8
1343450 1991.8
1343460 1985.4
1343470 1978.9
1343480 1978.9
1343490 1973.5
1343500 1969.4
1343510 1969.4
1343520 1964.8
1343530 1959.4
1343540 1959.4
1343550 1955.2
1343560 1951.2
1343570 1948.0
1343580 1948.0
1343590 1945.1
1343600 1942.2
1343610 1942.2
1343620 1939.5
1343630 1942.4
1343640 1942.4
1343650 1946.2
1343660 1945.9
1343670 1945.9
1343680 1943.4
1343690 1940.5
1343700 1940.5
1343710 1941.7
1343720 1948.3
1343730 1948.3
1343740 1952.3
1343750 1956.3
1343760 1956.3
1343770 1959.7
1343780 1960.8
1343790 1960.8
1343800 1961.4
1343810 1963.2
1343820 1966.3
1343830 1966.3
1343840 1970.1
1343850 1976.0
1343860 1976.0
1343870 1982.6
1343880 1989.0
1343890 1989.0
1343900 1995.0
1343910 2001.4
1343920 2001.4
1343930 2008.3
1343940 2015.5
1343950 2015.5
1343960 2022.9
1343970 2030.6
1343980 2030.6
1343990 2038.7
1344000 2046.9
1344010 2046.9
1344020 2055.1
1344030 2063.1
1344040 2071.8
1344050 2071.8
1344060 2080.8
1344070 2088.4
1344080 2088.4
1344090 2096.7
1344100 2105.0
1344110 2105.0
1344120 2112.3
1344130 2120.5
1344140 2120.5
1344150 2131.1
1344160 2140.4
1344170 2140.4
1344180 2149.3
1344190 2154.3
1344200 2154.3
1344210 2158.8
1344220 2164.1
1344230 2164.1
1344240 2170.3
1344250 2176.1
1344260 2182.3
1344270 2182.3
1344280 2188.9
1344290 2196.2
1344300 2196.2
1344310 2203.3
1344320 2210.8
1344330 2210.8
1344340 2217.6
1344350 2222.9
1344360 2222.9
1344370 2227.4
1344380 2232.4
1344390 2232.4
1344400 2238.6
1344410 2244.7
1344420 2244.7
1344430 2249.8
1344440 2254.9
1344450 2254.9
1344460 2260.0
1344470 2265.6
1344480 2269.4
1344490 2269.4
1344500 2272.9
1344510 2275.7
1344520 2275.7
1344530 2278.7
1344540 2281.9
1344550 2281.9
1344560 2285.5
1344570 2288.9
1344580 2288.9
1344590 2292.4
1344600 2296.0
1344610 2296.0
1344620 2299.5
1344630 2303.3
1344640 2303.3
1344650 2307.5
1344660 2312.3
1344670 2312.3
1344680 2317.4
1344690 2321.1
1344700 2321.1
1344710 2325.5
1344720 2330.7
1344730 2334.0
1344740 2334.0
1344750 2335.8
1344760 2338.5
1344770 2338.5
1344780 2336.7
1344790 2339.7
1344800 2339.7
1344810 2340.8
1344820 2340.8
1344830 2340.8
1344840 2339.8
1344850 2337.9
1344860 2337.9
1344870 2334.6
1344880 2333.1
1344890 2333.1
1344900 2332.3
1344910 2331.1
1344920 2331.1
1344930 2330.9
1344940 2330.3
1344950 2330.4
1344960 2330.4
1344970 2330.0
1344980 2330.4
1344990 2330.4
1345000 2331.5
1345010 2333.1
1345020 2333.1
1345030 2335.1
1345040 2337.7
1345050 2337.7
1345060 2339.9
1345070 2342.0
1345080 2342.0
1345090 2344.5
1345100 2347.5
1345110 2347.5
1345120 2350.8
1345130 2354.4
1345140 2354.4
1345150 2358.0
1345160 2362.3
1345170 2368.2
1345180 2368.2
1345190 2375.3
1345200 2383.4
1345210 2383.4
1345220 2390.7
1345230 2395.0
1345240 2395.0
1345250 2397.5
1345260 2397.4
1345270 2397.4
1345280 2396.3
1345290 2392.2
1345300 2392.2
1345310 2380.7
1345320 2369.0
1345330 2369.0
1345340 2361.4
1345350 2353.4
1345360 2353.4
1345370 2346.2
1345380 2339.7
1345390 2334.6
1345400 2334.6
1345410 2330.0
1345420 2325.7
1345430 2325.7
1345440 2321.0
1345450 2315.7
1345460 2315.7
1345470 2310.6
1345480 2304.8
1345490 2304.8
1345500 2299.9
1345510 2294.4
1345520 2294.4
1345530 2287.4
1345540 2281.7
1345550 2281.7
1345560 2275.2
1345570 2267.8
1345580 2267.8
1345590 2262.6
1345600 2257.0
1345610 2257.0
1345620 2249.9
1345630 2236.3
1345640 2224.5
1345650 2224.5
1345660 2211.5
1345670 2200.9
1345680 2200.9
1345690 2184.5
1345700 2177.8
1345710 2177.8
1345720 2172.2
1345730 2167.1
1345740 2167.1
1345750 2161.9
1345760 2157.5
1345770 2157.5
1345780 2153.7
1345790 2148.3
1345800 2148.3
1345810 2142.8
1345820 2138.7
1345830 2138.7
1345840 2136.2
1345850 2136.0
1345860 2134.4
1345870 2134.4
1345880 2132.0
1345890 2129.1
1345900 2129.1
1345910 2126.2
1345920 2124.6
1345930 2124.6
1345940 2123.3
1345950 2125.0
1345960 2125.0
1345970 2127.5
1345980 2129.1
1345990 2129.1
1346000 2130.2
1346010 2131.7
1346020 2131.7
1346030 2134.4
1346040 2137.1
1346050 2137.1
1346060 2139.2
1346070 2142.0
1346080 2145.1
1346090 2145.1
1346100 2147.1
1346110 2148.9
1346120 2148.9
1346130 2152.0
1346140 2155.9
1346150 2155.9
1346160 2159.6
1346170 2162.4
1346180 2162.4
1346190 2165.1
1346200 2168.1
1346210 2168.1
1346220 2170.5
1346230 2172.5
1346240 2172.5
1346250 2175.6
1346260 2177.9
1346270 2177.9
1346280 2179.6
1346290 2183.1
1346300 2186.6
1346310 2186.6
1346320 2190.6
1346330 2194.9
1346340 2194.9
1346350 2199.1
1346360 2201.8
1346370 2201.8
1346380 2204.3
1346390 2209.7
1346400 2209.7
1346410 2215.9
1346420 2221.2
1346430 2221.2
1346440 2226.0
1346450 2230.1
1346460 2230.1
1346470 2233.5
1346480 2237.2
1346490 2237.2
1346500 2240.7
1346510 2243.7
1346520 2243.7
1346530 2246.1
1346540 2248.5
1346550 2251.5
1346560 2251.5
1346570 2254.4
1346580 2257.9
1346590 2257.9
1346600 2259.1
1346610 2264.6
1346620 2264.6
1346630 2271.7
1346640 2279.6
1346650 2279.6
1346660 2289.7
1346670 2303.4
1346680 2303.4
1346690 2317.3
1346700 2331.1
1346710 2331.1
1346720 2342.1
1346730 2352.7
1346740 2352.7
1346750 2363.1
1346760 2373.8
1346770 2382.5
1346780 2382.5
1346790 2393.6
1346800 2405.6
1346810 2405.6
1346820 2412.9
1346830 2418.8
1346840 2418.8
1346850 2423.8
1346860 2427.8
1346870 2427.8
1346880 2430.5
1346890 2433.1
1346900 2433.1
1346910 2435.8
1346920 2438.6
1346930 2438.6
1346940 2441.2
1346950 2443.6
1346960 2443.6
1346970 2445.7
1346980 2448.0
1346990 2450.8
1347000 2450.8
1347010 2454.5
1347020 2459.2
1347030 2459.2
1347040 2463.8
1347050 2467.8
1347060 2467.8
1347070 2471.0
1347080 2474.2
1347090 2474.2
1347100 2478.0
1347110 2481.7
1347120 2481.7
1347130 2485.1
1347140 2488.3
1347150 2488.3
1347160 2491.8
1347170 2496.1
1347180 2496.1
1347190 2499.3
1347200 2501.8
1347210 2504.6
1347220 2504.6
1347230 2508.1
1347240 2511.6
1347250 2511.6
1347260 2514.1
1347270 2517.1
1347280 2517.1
1347290 2520.2
1347300 2522.0
1347310 2522.0
1347320 2524.0
1347330 2526.7
1347340 2526.7
1347350 2530.6
1347360 2535.6
1347370 2535.6
1347380 2540.5
1347390 2545.4
1347400 2545.4
1347410 2550.8
1347420 2557.1
1347430 2557.1
1347440 2563.6
1347450 2568.8
1347460 2572.9
1347470 2572.9
1347480 2577.0
1347490 2581.2
1347500 2581.2
1347510 2585.2
1347520 2588.2
1347530 2587.7
1347540 2591.0
1347550 2595.4
1347560 2595.4
1347570 2598.9
1347580 2601.1
1347590 2601.1
1347600 2602.6
1347610 2604.2
1347620 2604.2
1347630 2606.3
1347640 2608.7
1347650 2608.7
1347660 2611.2
1347670 2613.7
1347680 2616.0
1347690 2616.0
1347700 2618.2
1347710 2620.2
1347720 2620.2
1347730 2622.1
1347740 2624.7
1347750 2624.7
1347760 2627.8
1347770 2631.0
1347780 2631.0
1347790 2633.9
1347800 2636.4
1347810 2636.4
1347820 2638.8
1347830 2641.1
1347840 2641.1
1347850 2643.8
1347860 2646.6
1347870 2646.6
1347880 2651.8
1347890 2659.4
1347900 2667.0
1347910 2667.0
1347920 2674.5
1347930 2679.2
1347940 2679.2
1347950 2682.0
1347960 2684.1
1347970 2684.1
1347980 2686.9
1347990 2690.3
1348000 2690.3
1348010 2694.1
1348020 2698.0
1348030 2698.0
1348040 2702.0
1348050 2706.8
1348060 2706.8
1348070 2712.1
1348080 2717.6
1348090 2717.6
1348100 2723.4
1348110 2729.3
1348120 2735.3
1348130 2735.3
1348140 2741.4
1348150 2747.8
1348160 2747.8
1348170 2755.2
1348180 2761.8
1348190 2761.8
1348200 2768.7
1348210 2776.2
1348220 2776.2
1348230 2783.8
1348240 2791.6
1348250 2791.6
1348260 2799.6
1348270 2807.9
1348280 2807.9
1348290 2816.3
1348300 2825.4
1348310 2825.4
1348320 2838.4
1348330 2854.0
1348340 2854.0
1348350 2866.9
1348360 2881.6
1348370 2893.2
1348380 2893.2
1348390 2903.9
1348400 2916.9
1348410 2916.9
1348420 2933.5
1348430 2947.8
1348440 2947.8
1348450 2962.8
1348460 2983.6
1348470 2983.6
1348480 2998.6
1348490 3011.1
1348500 3011.1
1348510 3025.9
1348520 3037.5
1348530 3037.5
1348540 3022.3
1348550 3007.2
1348560 3007.2
1348570 2994.5
1348580 2982.2
1348590 2970.1
1348600 2970.1
1348610 2956.0
1348620 2940.0
1348630 2940.0
1348640 2925.5
1348650 2911.6
1348660 2911.6
1348670 2896.2
1348680 2877.7
1348690 2877.7
1348700 2855.0
1348710 2836.6
1348720 2836.6
1348730 2828.1
1348740 2821.0
1348750 2821.0
1348760 2812.9
1348770 2805.6
1348780 2805.6
1348790 2799.0
1348800 2792.3
1348810 2786.7
1348820 2786.7
1348830 2782.6
1348840 2779.2
1348850 2779.2
1348870 2767.3
1348880 2767.3
1348890 2764.8
1348900 2761.3
1348910 2761.3
1348920 2757.3
1348930 2753.3
1348940 2753.3
1348950 2748.9
1348960 2744.7
1348970 2744.7
1348980 2741.4
1348990 2739.5
1349000 2739.5
1349010 2737.7
1349020 2735.3
1349030 2732.3
1349040 2732.3
1349050 2727.6
1349060 2722.8
1349070 2722.8
1349080 2718.1
1349090 2713.5
1349100 2713.5
1349110 2710.0
1349120 2706.8
1349130 2706.8
1349140 2703.6
1349150 2700.2
1349160 2700.2
1349170 2696.2
1349180 2692.4
1349190 2692.4
1349200 2688.3
1349210 2683.3
1349220 2683.3
1349230 2680.0
1349240 2675.9
1349250 2675.9
1349260 2671.6
1349270 2670.2
1349280 2667.5
1349290 2667.5
1349300 2662.3
1349310 2657.5
1349320 2657.5
1349330 2653.5
1349340 2649.1
1349350 2649.1
1349360 2645.3
1349370 2641.4
1349380 2641.4
1349390 2637.0
1349400 2633.1
1349410 2633.1
1349420 2629.8
1349430 2625.5
1349440 2625.5
1349450 2621.4
1349460 2617.4
1349470 2617.4
1349480 2614.4
1349490 2611.7
1349500 2608.9
1349510 2608.9
1349520 2605.8
1349530 2603.7
1349540 2603.7
1349550 2599.8
1349560 2595.7
1349570 2595.7
1349580 2592.2
1349590 2590.2
1349600 2590.2
1349610 2587.9
1349620 2583.8
1349630 2583.8
1349640 2577.8
1349650 2571.1
1349660 2571.1
1349670 2565.3
1349680 2559.0
1349690 2559.0
1349700 2552.6
1349710 2548.9
1349720 2543.3
1349730 2543.3
1349740 2535.9
1349750 2528.6
1349760 2528.6
1349770 2521.2
1349780 2513.2
1349790 2513.2
1349800 2505.6
1349810 2498.2
1349820 2498.2
1349830 2491.4
1349840 2485.3
1349850 2485.3
1349860 2479.3
1349870 2473.3
1349880 2473.3
1349890 2467.3
1349900 2461.5
1349910 2461.5
1349920 2454.3
1349930 2447.4
1349940 2441.3
1349950 2441.3
1349960 2435.4
1349970 2429.8
1349980 2429.8
1349990 2423.9
1350000 2418.2
1350010 2418.2
1350020 2414.0
1350030 2409.6
1350040 2409.6
1350050 2404.8
1350060 2400.4
1350070 2400.4
1350080 2394.3
1350090 2389.9
1350100 2389.9
1350110 2386.4
1350120 2378.9
1350130 2378.9
1350140 2369.1
1350150 2361.1
1350160 2361.1
1350170 2353.0
1350180 2346.5
1350190 2341.4
1350200 2341.4
1350210 2335.3
1350220 2331.2
1350230 2331.2
1350240 2329.0
1350250 2328.9
1350260 2328.9
1350270 2325.7
1350280 2319.1
1350290 2319.1
1350300 2308.7
1350310 2306.4
1350320 2306.4
1350330 2304.6
1350340 2306.8
1350350 2306.8
1350360 2305.6
1350370 2303.6
1350380 2303.6
1350390 2301.2
1350400 2298.6
1350410 2298.7
1350420 2298.7
1350430 2297.9
1350440 2295.3
1350450 2295.3
1350460 2293.1
1350470 2289.7
1350480 2289.7
1350490 2286.7
1350500 2283.6
1350510 2283.6
1350520 2280.3
1350530 2276.7
1350540 2276.7
1350550 2272.9
1350560 2269.4
1350570 2269.4
1350580 2265.0
1350590 2261.0
1350600 2261.0
1350610 2261.0
1350620 2262.4
1350630 2259.8
1350640 2259.8
1350650 2257.4
1350660 2257.2
1350670 2257.2
1350680 2257.0
1350690 2257.4
1350700 2257.4
1350710 2259.3
1350720 2260.5
1350730 2260.5
1350740 2260.8
1350750 2261.4
1350760 2261.4
1350770 2263.1
1350780 2263.8
1350790 2263.8
1350800 2263.7
1350810 2264.9
1350820 2264.9
1350830 2267.3
1350840 2269.7
1350850 2272.1
1350860 2272.1
1350870 2274.3
1350880 2277.2
1350890 2277.2
1350900 2280.7
1350910 2283.9
1350920 2283.9
1350930 2287.8
1350940 2292.4
1350950 2292.4
1350960 2296.0
1350970 2299.7
1350980 2299.7
1350990 2305.6
1351000 2311.3
1351010 2311.3
1351020 2317.7
1351030 2324.3
1351040 2324.3
1351050 2330.4
1351060 2336.3
1351070 2336.3
1351080 2342.7
1351090 2349.6
1351100 2357.6
1351110 2357.6
1351120 2366.7
1351130 2373.1
1351140 2373.1
1351150 2379.1
1351160 2384.3
1351170 2384.3
1351180 2390.8
1351190 2410.2
1351200 2410.2
1351210 2419.7
1351220 2427.9
1351230 2427.9
1351240 2438.2
1351250 2444.1
1351260 2444.1
1351270 2453.9
1351280 2462.3
1351290 2468.2
1351300 2470.5
1351310 2471.7
1351320 2472.7
1351330 2472.7
1351340 2474.3
1351350 2477.8
1351360 2477.8
1351370 2483.6
1351380 2487.7
1351390 2487.7
1351400 2491.5
1351410 2495.5
1351420 2495.5
1351430 2500.1
1351440 2504.1
1351450 2504.1
1351460 2507.4
1351470 2513.4
1351480 2513.4
1351490 2518.6
1351500 2524.9
1351510 2524.9
1351520 2531.9
1351530 2541.1
1351540 2547.6
1351550 2547.6
1351560 2553.6
1351570 2559.7
1351580 2559.7
1351590 2565.5
1351600 2570.4
1351610 2570.4
1351620 2568.7
1351630 2566.0
1351640 2566.0
1351650 2567.9
1351660 2568.1
1351670 2568.1
1351680 2567.1
1351690 2565.6
1351700 2565.6
1351710 2569.1
1351720 2571.4
1351730 2571.4
1351740 2570.3
1351750 2567.8
1351760 2564.0
1351770 2564.0
1351780 2560.6
1351790 2557.9
1351800 2557.9
1351810 2556.0
1351820 2555.0
1351830 2555.0
1351840 2554.5
1351850 2555.1
1351860 2555.1
1351870 2556.6
1351880 2559.0
1351890 2559.0
1351900 2561.0
1351910 2562.0
1351920 2562.0
1351930 2562.9
1351940 2563.2
1351950 2563.2
1351960 2564.3
1351970 2565.3
1351980 2565.3
1351990 2567.5
1352000 2570.2
1352010 2571.5
1352020 2571.5
1352030 2572.5
1352040 2573.5
1352050 2573.5
1352060 2576.0
1352070 2577.9
1352080 2577.9
1352090 2579.5
1352100 2581.4
1352110 2581.4
1352120 2582.7
1352130 2583.1
1352140 2583.1
1352150 2582.7
1352160 2581.3
1352170 2581.3
1352180 2582.1
1352190 2583.7
1352200 2583.7
1352210 2585.5
1352220 2587.8
1352230 2589.5
1352240 2589.5
1352250 2593.3
1352260 2593.5
1352270 2593.5
1352280 2592.6
1352290 2592.2
1352300 2592.2
1352310 2589.2
1352320 2585.9
1352330 2585.9
1352340 2587.2
1352350 2593.4
1352360 2593.4
1352370 2599.0
1352380 2603.3
1352390 2603.3
1352400 2608.2
1352410 2613.4
1352420 2613.4
1352430 2618.7
1352440 2623.9
1352450 2629.9
1352460 2629.9
1352470 2636.5
1352480 2643.4
1352490 2643.4
1352500 2649.7
1352510 2654.9
1352520 2654.9
1352530 2665.0
1352540 2680.5
1352550 2680.5
1352560 2696.7
1352570 2705.7
1352580 2705.7
1352590 2714.9
1352600 2723.5
1352610 2723.5
1352620 2732.2
1352630 2741.1
1352640 2741.1
1352650 2748.3
1352660 2754.4
1352670 2755.1
1352680 2755.1
1352690 2747.7
1352700 2734.7
1352710 2734.7
1352720 2721.9
1352730 2709.3
1352740 2709.3
1352750 2697.7
1352760 2685.3
1352770 2685.3
1352780 2672.5
1352790 2663.9
1352800 2663.9
1352810 2657.0
1352820 2650.5
1352830 2650.5
1352840 2644.1
1352850 2637.8
1352860 2637.8
1352870 2631.8
1352880 2625.8
1352890 2625.8
1352900 2620.4
1352910 2614.8
1352920 2609.8
1352930 2609.8
1352940 2607.4
1352950 2605.9
1352960 2605.9
1352970 2604.1
1352980 2601.6
1352990 2601.6
1353000 2598.1
1353010 2595.3
1353020 2595.3
1353030 2594.2
1353040 2593.3
1353050 2593.3
1353060 2590.2
1353070 2587.5
1353080 2587.5
1353090 2585.5
1353100 2582.5
1353110 2582.5
1353120 2580.1
1353130 2579.3
1353140 2577.8
1353150 2577.8
1353160 2576.5
1353170 2574.4
1353180 2574.4
1353190 2570.7
1353200 2565.5
1353210 2562.0
1353220 2556.0
1353230 2550.3
1353240 2550.3
1353250 2544.5
1353260 2538.6
1353270 2538.6
1353280 2533.8
1353290 2529.2
1353300 2529.2
1353310 2523.6
1353320 2517.8
1353330 2517.8
1353340 2511.8
1353350 2507.3
1353360 2504.3
1353370 2504.3
1353380 2501.9
1353390 2500.3
1353400 2500.3
1353410 2497.9
1353420 2494.5
1353430 2494.5
1353440 2491.3
1353450 2488.5
1353460 2488.5
1353470 2486.8
1353480 2484.1
1353490 2484.1
1353500 2481.2
1353510 2478.5
1353520 2478.5
1353530 2476.3
1353540 2473.5
1353550 2473.5
1353560 2470.8
1353570 2468.2
1353580 2464.8
1353590 2464.8
1353600 2461.4
1353610 2455.0
1353620 2455.0
1353630 2448.1
1353640 2441.7
1353650 2441.7
1353660 2435.9
1353670 2430.4
1353680 2430.4
1353690 2428.4
1353700 2427.4
1353710 2427.4
1353720 2427.2
1353730 2426.2
1353740 2426.2
1353750 2424.6
1353760 2421.7
1353770 2421.7
1353780 2418.5
1353790 2415.9
1353800 2415.9
1353810 2414.5
1353820 2413.3
1353830 2412.0
1353840 2412.0
1353850 2410.6
1353860 2408.8
1353870 2408.8
1353880 2406.4
1353890 2404.2
1353900 2404.2
1353910 2402.2
1353920 2401.5
1353930 2401.5
1353940 2400.6
1353950 2400.0
1353960 2400.0
1353970 2399.3
1353980 2398.1
1353990 2398.1
1354000 2395.9
1354010 2394.7
1354020 2394.7
1354030 2394.6
1354040 2394.2
1354050 2394.0
1354060 2394.0
1354070 2394.2
1354080 2394.4
1354090 2394.4
1354100 2394.7
1354110 2395.1
1354120 2395.1
1354130 2395.1
1354140 2395.6
1354150 2395.6
1354160 2396.4
1354170 2396.8
1354180 2396.8
1354190 2390.9
1354200 2391.8
1354210 2391.8
1354220 2392.4
1354230 2391.9
1354240 2391.9
1354250 2391.1
1354260 2390.1
1354270 2389.7
1354280 2389.7
1354290 2389.3
1354300 2389.2
1354310 2389.2
1354320 2388.4
1354330 2387.3
1354340 2387.3
1354350 2385.3
1354360 2383.5
1354370 2383.5
1354380 2381.4
1354390 2379.1
1354400 2379.1
1354410 2376.8
1354420 2374.1
1354430 2374.1
1354440 2371.3
1354450 2368.9
1354460 2368.9
1354470 2366.5
1354480 2364.0
1354490 2361.7
1354500 2361.7
1354510 2360.1
1354520 2360.2
1354530 2360.2
1354540 2360.6
1354550 2360.9
1354560 2360.9
1354570 2361.5
1354580 2361.4
1354590 2361.4
1354600 2360.8
1354610 2360.3
1354620 2360.3
1354630 2359.2
1354640 2358.2
1354650 2358.2
1354660 2357.7
1354670 2357.3
1354680 2357.3
1354690 2356.8
1354700 2356.4
1354710 2355.8
1354720 2355.8
1354730 2355.4
1354740 2355.2
1354750 2355.2
1354760 2354.0
1354770 2353.1
1354780 2353.1
1354790 2351.9
1354800 2350.3
1354810 2350.3
1354820 2348.9
1354830 2346.6
1354840 2346.6
1354850 2343.9
1354860 2341.6
1354870 2341.6
1354880 2340.6
1354890 2338.8
1354900 2338.8
1354910 2337.4
1354920 2335.5
1354930 2335.5
1354940 2332.8
1354950 2329.7
1354960 2331.1
1354970 2331.1
1354980 2332.6
1354990 2334.4
1355000 2334.4
1355010 2336.0
1355020 2337.1
1355030 2337.1
1355040 2337.9
1355050 2338.3
1355060 2338.3
1355070 2338.5
1355080 2339.1
1355090 2339.1
1355100 2339.8
1355110 2340.1
1355120 2340.1
1355130 2339.4
1355140 2338.5
1355150 2338.5
1355160 2333.0
1355170 2332.4
1355180 2331.0
1355190 2331.0
1355200 2328.7
1355210 2327.1
1355220 2327.1
1355230 2326.1
1355240 2325.7
1355250 2325.7
1355260 2325.1
1355270 2324.4
1355280 2324.4
1355290 2323.5
1355300 2323.4
1355310 2323.4
1355320 2323.5
1355330 2325.0
1355340 2325.0
1355350 2326.3
1355360 2328.1
1355370 2328.1
1355380 2329.5
1355390 2330.0
1355400 2330.0
1355410 2330.0
1355420 2330.9
1355430 2330.9
1355440 2330.9
1355450 2329.6
1355460 2328.9
1355470 2328.9
1355480 2328.0
1355490 2326.7
1355500 2326.7
1355510 2325.1
1355520 2323.0
1355530 2323.0
1355540 2319.9
1355550 2315.3
1355560 2315.3
1355570 2309.8
1355580 2303.9
1355590 2303.9
1355600 2297.8
1355610 2291.4
1355620 2285.3
1355630 2285.3
1355640 2279.8
1355650 2272.4
1355660 2272.4
1355670 2264.6
1355680 2255.2
1355690 2255.2
1355700 2242.5
1355710 2232.3
1355720 2232.3
1355730 2223.6
1355740 2215.4
1355750 2215.4
1355760 2207.0
1355770 2199.4
1355780 2199.4
1355790 2192.0
1355800 2185.4
1355810 2185.4
1355820 2179.3
1355830 2173.5
1355840 2173.5
1355850 2167.5
1355860 2160.7
1355870 2152.5
1355880 2152.5
1355890 2143.3
1355900 2136.1
1355910 2136.1
1355920 2128.6
1355930 2121.2
1355940 2121.2
1355950 2111.9
1355960 2102.7
1355970 2102.7
1355980 2094.3
1355990 2085.4
1356000 2085.4
1356010 2076.1
1356020 2067.4
1356030 2067.4
1356040 2057.0
1356050 2047.2
1356060 2047.2
1356070 2037.2
1356080 2026.0
1356090 2016.7
1356100 2016.7
1356110 2007.3
1356120 1997.0
1356130 1997.0
1356140 1989.6
1356150 1980.3
1356160 1980.3
1356170 1972.6
1356180 1965.1
1356190 1965.1
1356200 1957.3
1356210 1948.9
1356220 1948.9
1356230 1941.5
1356240 1934.8
1356250 1934.8
1356260 1926.7
1356270 1915.5
1356280 1915.5
1356290 1899.9
1356300 1889.2
1356310 1878.9
1356320 1878.9
1356330 1867.3
1356340 1856.2
1356350 1856.2
1356360 1849.0
1356370 1843.6
1356380 1843.6
1356390 1835.4
1356400 1823.3
1356410 1823.3
1356420 1806.1
1356430 1792.1
1356440 1792.1
1356450 1776.2
1356460 1769.2
1356470 1769.2
1356480 1762.0
1356490 1754.3
1356500 1754.3
1356510 1746.8
1356520 1738.9
1356530 1730.1
1356540 1730.1
1356550 1721.6
1356560 1714.0
1356570 1714.0
1356580 1709.2
1356590 1703.5
1356600 1703.5
1356610 1698.0
1356620 1693.3
1356630 1693.3
1356640 1688.5
1356650 1683.3
1356660 1683.3
1356670 1677.5
1356680 1673.9
1356690 1673.9
1356700 1671.0
1356710 1667.7
1356720 1667.7
1356730 1664.8
1356740 1662.8
1356750 1662.8
1356760 1662.2
1356770 1662.1
1356780 1662.3
1356790 1662.3
1356800 1662.4
1356810 1662.0
1356820 1662.0
1356830 1661.3
1356840 1661.8
1356850 1661.8
1356860 1662.3
1356870 1662.4
1356880 1662.4
1356890 1663.0
1356900 1663.6
1356910 1663.6
1356920 1664.1
1356930 1664.1
1356940 1664.1
1356950 1664.3
1356960 1664.6
1356970 1664.6
1356980 1665.0
1356990 1665.4
1357000 1665.8
1357010 1665.8
1357020 1666.0
1357030 1666.4
1357040 1666.4
1357050 1666.7
1357060 1667.1
1357070 1667.1
1357080 1667.7
1357090 1668.5
1357100 1668.5
1357110 1669.6
1357120 1670.7
1357130 1670.7
1357140 1673.6
1357150 1675.4
1357160 1675.4
1357170 1679.9
1357180 1682.3
1357190 1682.3
1357200 1684.0
1357210 1689.7
1357220 1700.7
1357230 1700.7
1357240 1708.2
1357250 1714.0
1357260 1714.0
1357270 1716.3
1357280 1719.7
1357290 1719.7
1357300 1727.1
1357310 1736.4
1357320 1736.4
1357330 1742.8
1357340 1747.4
1357350 1747.4
1357360 1752.3
1357370 1758.4
1357380 1758.4
1357390 1765.4
1357400 1770.9
1357410 1770.9
1357420 1775.3
1357430 1780.2
1357440 1784.8
1357450 1784.8
1357460 1789.1
1357470 1793.5
1357480 1793.5
1357490 1798.9
1357500 1804.3
1357510 1804.3
1357520 1810.8
1357530 1818.2
1357540 1818.2
1357550 1826.6
1357560 1835.9
1357570 1835.9
1357580 1844.9
1357590 1853.0
1357600 1853.0
1357610 1861.0
1357620 1867.7
1357630 1867.7
1357640 1871.6
1357650 1875.3
1357660 1875.3
1357670 1880.4
1357680 1886.8
1357690 1893.8
1357700 1893.8
1357710 1901.2
1357720 1909.6
1357730 1909.6
1357740 1916.8
1357750 1928.6
1357760 1928.6
1357770 1939.1
1357780 1946.4
1357790 1946.4
1357800 1953.2
1357810 1958.4
1357820 1958.4
1357830 1962.2
1357840 1967.0
1357850 1967.0
1357860 1974.5
1357870 1981.0
1357880 1981.0
1357890 1989.1
1357900 2003.9
1357910 2022.2
1357920 2022.2
1357930 2033.7
1357940 2043.8
1357950 2043.8
1357960 2049.9
1357970 2055.0
1357980 2055.0
1357990 2061.5
1358000 2071.2
1358010 2071.2
1358020 2079.4
1358030 2086.1
1358040 2086.1
1358050 2093.4
1358060 2098.3
1358070 2098.3
1358080 2104.1
1358090 2109.1
1358100 2109.1
1358110 2113.9
1358120 2118.7
1358130 2124.0
1358140 2123.5
1358150 2129.0
1358160 2134.6
1358170 2134.6
1358180 2139.1
1358190 2142.4
1358200 2142.4
1358210 2146.5
1358220 2152.4
1358230 2152.4
1358240 2157.0
1358250 2161.7
1358260 2161.7
1358270 2167.0
1358280 2173.2
1358290 2173.2
1358300 2179.6
1358310 2186.8
1358320 2186.8
1358330 2193.8
1358340 2201.4
1358350 2209.1
1358360 2209.1
1358370 2218.6
1358380 2228.7
1358390 2228.7
1358400 2238.6
1358410 2248.6
1358420 2248.6
1358430 2257.5
1358440 2264.2
1358450 2264.2
1358460 2269.7
1358470 2276.1
1358480 2276.1
1358490 2283.0
1358500 2290.2
1358510 2290.2
1358520 2297.2
1358530 2305.3
1358540 2305.3
1358550 2312.5
1358560 2319.4
1358570 2319.4
1358580 2328.3
1358590 2337.6
1358600 2346.3
1358610 2346.3
1358620 2355.1
1358630 2362.2
1358640 2362.2
1358650 2367.6
1358660 2372.6
1358670 2372.6
1358680 2379.7
1358690 2387.3
1358700 2387.3
1358710 2393.2
1358720 2399.9
1358730 2399.9
1358740 2407.5
1358750 2415.4
1358760 2415.4
1358770 2423.5
1358780 2431.6
1358790 2431.6
1358800 2438.2
1358810 2444.2
1358820 2449.1
1358830 2449.1
1358840 2453.1
1358850 2457.5
1358860 2457.5
1358870 2462.3
1358880 2466.3
1358890 2466.3
1358900 2470.5
1358910 2475.2
1358920 2475.2
1358930 2479.8
1358940 2485.4
1358950 2485.4
1358960 2490.7
1358970 2495.0
1358980 2495.0
1358990 2500.0
1359000 2504.3
1359010 2504.3
1359020 2510.3
1359030 2516.1
1359040 2522.5
1359050 2522.5
1359060 2528.8
1359070 2532.4
1359080 2532.4
1359090 2536.3
1359100 2539.8
1359110 2539.8
1359120 2542.8
1359130 2545.9
1359140 2545.9
1359150 2549.9
1359160 2545.1
1359170 2545.1
1359180 2537.4
1359190 2530.6
1359200 2530.6
1359210 2524.7
1359220 2520.1
1359230 2520.1
1359240 2519.7
1359250 2520.3
1359260 2521.4
1359270 2521.4
1359280 2522.9
1359290 2524.3
1359300 2524.3
1359310 2525.8
1359320 2527.4
1359330 2527.4
1359340 2528.0
1359350 2527.2
1359360 2527.2
1359370 2525.1
1359380 2523.6
1359390 2523.6
1359400 2523.8
1359410 2524.2
1359420 2524.2
1359430 2523.9
1359440 2522.8
1359450 2522.8
1359460 2521.4
1359470 2520.5
1359480 2520.5
1359490 2520.8
1359500 2520.6
1359510 2520.6
1359520 2520.6
1359530 2518.8
1359540 2516.6
1359550 2516.6
1359560 2515.6
1359570 2515.4
1359580 2515.4
1359590 2514.6
1359600 2515.5
1359610 2515.5
1359620 2516.9
1359630 2516.3
1359640 2516.3
1359650 2515.5
1359660 2514.2
1359670 2514.2
1359680 2513.6
1359690 2513.4
1359700 2513.4
1359710 2513.2
1359720 2512.9
1359730 2511.8
1359740 2511.8
1359750 2511.7
1359760 2511.4
1359770 2511.4
1359780 2511.7
1359790 2512.3
1359800 2512.3
1359810 2512.1
1359820 2513.0
1359830 2513.0
1359840 2514.3
1359850 2517.0
1359860 2517.0
1359870 2517.5
1359880 2516.1
1359890 2516.1
1359900 2515.0
1359910 2514.2
1359920 2514.2
1359930 2513.7
1359940 2514.5
1359950 2516.3
1359960 2516.3
1359970 2518.2
1359980 2519.8
1359990 2519.8
