1340000 1610.5
1340010 1612.4
1340020 1612.4
1340030 1612.7
1340040 1613.2
1340050 1613.2
1340060 1613.9
1340070 1616.5
1340080 1609.9
1340090 1612.6
1340100 1614.7
1340110 1614.7
1340120 1614.7
1340130 1615.2
1340140 1615.5
1340150 1615.5
1340160 1616.4
1340170 1620.3
1340180 1620.3
1340190 1626.0
1340200 1630.6
1340210 1630.6
1340220 1632.5
1340230 1628.1
1340240 1628.1
1340250 1627.5
1340260 1649.7
1340270 1649.7
1340280 1659.5
1340290 1668.2
1340300 1668.2
1340310 1676.4
1340320 1677.6
1340330 1679.9
1340340 1679.9
1340350 1682.3
1340360 1684.4
1340370 1684.4
1340380 1686.1
1340390 1682.0
1340400 1682.0
1340410 1676.7
1340420 1677.8
1340430 1677.8
1340440 1684.7
1340450 1685.3
1340460 1685.3
1340470 1688.5
1340480 1689.0
1340490 1689.0
1340500 1687.0
1340510 1684.9
1340520 1684.9
1340530 1684.1
1340540 1685.9
1340550 1690.0
1340560 1690.0
1340570 1693.7
1340580 1697.9
1340590 1697.9
1340600 1704.8
1340610 1711.1
1340620 1711.1
1340630 1716.4
1340640 1722.0
1340650 1722.0
1340660 1727.5
1340670 1729.1
1340680 1729.1
1340690 1724.8
1340700 1718.4
1340710 1718.4
1340720 1713.8
1340730 1714.7
1340740 1714.7
1340750 1720.9
1340760 1728.4
1340770 1735.4
1340780 1735.4
1340790 1738.2
1340800 1745.0
1340810 1745.0
1340820 1747.6
1340830 1747.8
1340840 1747.8
1340850 1746.3
1340860 1744.2
1340870 1744.2
1340880 1742.2
1340890 1740.7
1340900 1740.7
1340910 1739.1
1340920 1736.7
1340930 1736.7
1340940 1736.9
1340950 1736.3
1340960 1729.6
1340970 1729.3
1340980 1727.9
1340990 1727.9
1341000 1725.3
1341010 1722.1
1341020 1719.3
1341030 1719.3
1341040 1715.8
1341050 1714.2
1341060 1714.2
1341070 1711.5
1341080 1709.0
1341090 1709.0
1341100 1708.2
1341110 1707.5
1341120 1707.5
1341130 1707.1
1341140 1706.5
1341150 1706.5
1341160 1704.4
1341170 1704.1
1341180 1704.1
1341190 1702.2
1341200 1700.9
1341210 1700.9
1341220 1699.6
1341230 1698.2
1341240 1696.3
1341250 1696.3
1341260 1694.5
1341270 1692.6
1341280 1692.6
1341290 1691.0
1341300 1690.1
1341310 1690.1
1341320 1687.9
1341330 1687.3
1341340 1687.3
1341350 1687.6
1341360 1687.5
1341370 1687.5
1341380 1686.4
1341390 1684.9
1341400 1684.9
1341410 1683.3
1341420 1682.5
1341430 1682.5
1341440 1681.0
1341450 1680.5
1341460 1679.7
1341470 1679.7
1341480 1678.2
1341490 1678.2
1341500 1678.2
1341510 1679.1
1341520 1677.3
1341530 1677.3
1341540 1674.1
1341550 1675.4
1341560 1675.4
1341570 1679.0
1341580 1676.9
1341590 1676.9
1341600 1670.5
1341610 1671.2
1341620 1671.2
1341630 1675.7
1341640 1678.8
1341650 1678.8
1341660 1677.9
1341670 1677.4
1341680 1676.7
1341690 1676.7
1341700 1676.3
1341710 1676.1
1341720 1676.1
1341730 1676.1
1341740 1676.3
1341750 1676.3
1341760 1677.7
1341770 1679.3
1341780 1679.3
1341790 1681.1
1341800 1683.4
1341810 1683.4
1341820 1685.8
1341830 1687.2
1341840 1684.1
1341850 1684.8
1341860 1686.0
1341870 1686.0
1341880 1688.1
1341890 1690.4
1341900 1690.4
1341910 1692.0
1341920 1693.1
1341930 1694.9
1341940 1694.9
1341950 1696.9
1341960 1698.6
1341970 1698.6
1341980 1701.0
1341990 1703.9
1342000 1703.9
1342010 1706.5
1342020 1709.0
1342030 1709.0
1342040 1710.9
1342050 1713.1
1342060 1713.1
1342070 1715.4
1342080 1720.1
1342090 1720.1
1342100 1724.9
1342110 1729.7
1342120 1729.7
1342130 1734.3
1342140 1738.8
1342150 1743.5
1342160 1743.5
1342170 1747.9
1342180 1751.9
1342190 1751.9
1342200 1755.9
1342210 1761.2
1342220 1761.2
1342230 1765.9
1342240 1767.2
1342250 1767.2
1342260 1772.7
1342270 1778.9
1342280 1778.9
1342290 1784.5
1342300 1789.1
1342310 1789.1
1342320 1793.3
1342330 1797.5
1342340 1797.5
1342350 1801.6
1342360 1805.7
1342370 1808.9
1342380 1808.9
1342390 1813.5
1342400 1819.6
1342410 1819.6
1342420 1826.9
1342430 1834.1
1342440 1834.1
1342450 1840.9
1342460 1848.8
1342470 1848.8
1342480 1857.5
1342490 1865.2
1342500 1865.2
1342510 1874.9
1342520 1884.9
1342530 1884.9
1342540 1889.9
1342550 1892.2
1342560 1892.2
1342570 1893.9
1342580 1898.9
1342590 1905.1
1342600 1905.1
1342610 1909.0
1342620 1912.1
1342630 1912.1
1342640 1915.0
1342650 1918.4
1342660 1918.4
1342670 1923.5
1342680 1929.1
1342690 1929.1
1342700 1932.7
1342710 1935.8
1342720 1935.8
1342730 1938.4
1342740 1933.4
1342750 1933.4
1342760 1936.7
1342770 1940.4
1342780 1940.4
1342790 1943.4
1342800 1944.7
1342810 1944.7
1342820 1947.5
1342830 1950.8
1342840 1954.3
1342850 1954.3
1342860 1957.1
1342870 1958.7
1342880 1958.7
1342890 1960.0
1342900 1961.2
1342910 1961.2
1342920 1969.5
1342930 1973.9
1342940 1973.9
1342950 1972.7
1342960 1972.5
1342970 1972.5
1342980 1974.3
1342990 1974.0
1343000 1974.0
1343010 1973.4
1343020 1973.2
1343030 1973.2
1343040 1971.9
1343050 1969.7
1343060 1964.4
1343070 1964.4
1343080 1961.2
1343090 1959.7
1343100 1959.7
1343110 1954.8
1343120 1950.8
1343130 1950.8
1343140 1946.7
1343150 1941.6
1343160 1941.6
1343170 1936.7
1343180 1933.1
1343190 1933.1
1343200 1927.8
1343210 1921.8
1343220 1921.8
1343230 1917.5
1343240 1911.8
1343250 1911.8
1343260 1907.3
1343270 1903.0
1343280 1898.5
1343290 1898.5
1343300 1895.2
1343310 1890.0
1343320 1890.0
1343330 1887.6
1343340 1885.7
1343350 1885.7
1343360 1883.8
1343370 1881.2
1343380 1881.2
1343390 1879.3
1343400 1879.7
1343410 1879.7
1343420 1880.7
1343430 1879.5
1343440 1879.5
1343450 1876.8
1343460 1874.6
1343470 1874.6
1343480 1872.6
1343490 1871.9
1343500 1871.2
1343510 1871.2
1343520 1870.8
1343530 1871.6
1343540 1871.6
1343550 1873.5
1343560 1876.9
1343570 1876.9
1343580 1881.8
1343590 1888.5
1343600 1888.5
1343610 1896.9
1343620 1899.0
1343630 1892.9
1343640 1890.7
1343650 1888.4
1343660 1888.4
1343670 1885.2
1343680 1880.6
1343690 1880.6
1343700 1882.5
1343710 1889.6
1343720 1889.6
1343730 1896.6
1343740 1903.6
1343750 1907.3
1343760 1907.3
1343770 1909.2
1343780 1917.7
1343790 1917.7
1343800 1923.6
1343810 1927.7
1343820 1927.7
1343830 1934.4
1343840 1942.4
1343850 1942.4
1343860 1948.9
1343870 1957.3
1343880 1957.3
1343890 1971.5
1343900 1982.2
1343910 1982.2
1343920 1992.3
1343930 2000.1
1343940 2000.1
1343950 2004.1
1343960 2007.4
1343970 2012.2
1343980 2012.2
1343990 2018.3
1344000 2027.5
1344010 2027.5
1344020 2037.3
1344030 2046.4
1344040 2046.4
1344050 2051.2
1344060 2053.6
1344070 2053.6
1344080 2059.1
1344090 2064.4
1344100 2064.4
1344110 2069.0
1344120 2068.5
1344130 2068.5
1344140 2065.6
1344150 2065.2
1344160 2065.2
1344170 2069.0
1344180 2072.4
1344190 2079.8
1344200 2079.8
1344210 2083.4
1344220 2089.4
1344230 2089.4
1344240 2096.3
1344250 2100.9
1344260 2100.9
1344270 2105.4
1344280 2109.7
1344290 2109.7
1344300 2113.7
1344310 2117.1
1344320 2117.1
1344330 2118.0
1344340 2120.0
1344350 2120.0
1344360 2125.8
1344370 2133.0
1344380 2133.0
1344390 2138.6
1344400 2143.7
1344410 2148.7
1344420 2148.7
1344430 2153.9
1344440 2158.9
1344450 2158.9
1344460 2165.2
1344470 2171.2
1344480 2171.2
1344490 2180.5
1344500 2187.4
1344510 2187.4
1344520 2190.7
1344530 2194.6
1344540 2188.2
1344550 2191.4
1344560 2194.3
1344570 2194.3
1344580 2196.2
1344590 2197.6
1344600 2197.6
1344610 2200.8
1344620 2205.0
1344630 2205.0
1344640 2208.3
1344650 2209.9
1344660 2213.5
1344670 2213.5
1344680 2216.5
1344690 2220.0
1344700 2220.0
1344710 2223.2
1344720 2224.9
1344730 2224.9
1344740 2225.4
1344750 2224.5
1344760 2224.5
1344770 2224.3
1344780 2224.9
1344790 2224.9
1344800 2225.7
1344810 2226.7
1344820 2226.7
1344830 2228.1
1344840 2230.5
1344850 2230.5
1344860 2232.5
1344870 2233.6
1344880 2235.1
1344890 2235.1
1344900 2236.6
1344910 2238.2
1344920 2238.2
1344930 2240.7
1344940 2242.7
1344950 2242.7
1344960 2246.4
1344970 2251.4
1344980 2251.4
1344990 2256.9
1345000 2262.8
1345010 2262.8
1345020 2268.4
1345030 2273.6
1345040 2273.6
1345050 2279.6
1345060 2286.0
1345070 2286.0
1345080 2291.8
1345090 2296.9
1345100 2301.0
1345110 2301.0
1345120 2304.2
1345130 2305.6
1345140 2305.6
1345150 2305.4
1345160 2304.8
1345170 2304.8
1345180 2303.7
1345190 2302.9
1345200 2302.9
1345210 2301.9
1345220 2300.2
1345230 2300.2
1345240 2298.5
1345250 2296.2
1345260 2296.2
1345270 2294.5
1345280 2293.0
1345290 2293.0
1345300 2292.5
1345310 2291.9
1345320 2290.4
1345330 2290.4
1345340 2288.8
1345350 2287.2
1345360 2287.2
1345370 2285.1
1345380 2282.3
1345390 2282.3
1345400 2279.7
1345410 2276.6
1345420 2276.6
1345430 2273.3
1345440 2268.7
1345450 2263.9
1345460 2260.2
1345470 2256.9
1345480 2256.9
1345490 2251.7
1345500 2244.7
1345510 2244.7
1345520 2238.3
1345530 2233.1
1345540 2233.1
1345550 2226.6
1345560 2217.6
1345570 2197.3
1345580 2197.3
1345590 2177.6
1345600 2159.9
1345610 2159.9
1345620 2148.6
1345630 2138.7
1345640 2138.7
1345650 2129.7
1345660 2125.0
1345670 2125.0
1345680 2120.2
1345690 2114.4
1345700 2114.4
1345710 2108.2
1345720 2102.5
1345730 2102.5
1345740 2097.2
1345750 2092.6
1345760 2092.6
1345770 2088.4
1345780 2084.4
1345790 2080.6
1345800 2080.6
1345810 2077.0
1345820 2074.9
1345830 2074.9
1345840 2075.2
1345850 2077.2
1345860 2077.2
1345870 2079.3
1345880 2079.7
1345890 2079.7
1345900 2081.6
1345910 2084.8
1345920 2084.8
1345930 2087.9
1345940 2089.4
1345950 2089.4
1345960 2090.9
1345970 2092.1
1345980 2092.1
1345990 2093.9
1346000 2095.6
1346010 2098.1
1346020 2098.1
1346030 2100.6
1346040 2102.6
1346050 2102.6
1346060 2105.2
1346070 2107.3
1346080 2107.3
1346090 2109.5
1346100 2112.5
1346110 2112.5
1346120 2114.6
1346130 2116.2
1346140 2116.2
1346150 2118.1
1346160 2120.8
1346170 2120.8
1346180 2123.6
1346190 2126.6
1346200 2126.6
1346210 2129.6
1346220 2132.4
1346230 2134.7
1346240 2134.7
1346250 2138.2
1346260 2141.4
1346270 2141.4
1346280 2144.0
1346290 2147.6
1346300 2147.6
1346310 2150.8
1346320 2153.7
1346330 2153.7
1346340 2156.7
1346350 2159.4
1346360 2158.2
1346370 2161.9
1346380 2165.0
1346390 2165.0
1346400 2167.0
1346410 2169.3
1346420 2169.3
1346430 2172.4
1346440 2174.8
1346450 2177.8
1346460 2177.8
1346470 2182.6
1346480 2187.9
1346490 2187.9
1346500 2193.2
1346510 2198.2
1346520 2198.2
1346530 2205.7
1346540 2218.2
1346550 2218.2
1346560 2234.7
1346570 2253.2
1346580 2253.2
1346590 2270.3
1346600 2289.5
1346610 2289.5
1346620 2309.6
1346630 2324.6
1346640 2324.6
1346650 2336.5
1346660 2345.7
1346670 2345.7
1346680 2352.1
1346690 2358.3
1346700 2365.8
1346710 2365.8
1346720 2372.5
1346730 2379.3
1346740 2379.3
1346750 2385.3
1346760 2389.9
1346770 2389.9
1346780 2393.6
1346790 2397.6
1346800 2397.6
1346810 2402.3
1346820 2406.9
1346830 2406.9
1346840 2410.7
1346850 2413.7
1346860 2413.7
1346870 2415.6
1346880 2418.4
1346890 2418.4
1346900 2421.6
1346910 2424.4
1346920 2428.7
1346930 2428.7
1346940 2433.3
1346950 2437.0
1346960 2437.0
1346970 2440.4
1346980 2442.9
1346990 2442.9
1347000 2446.1
1347010 2448.8
1347020 2448.8
1347030 2451.2
1347040 2453.6
1347050 2453.6
1347060 2456.0
1347070 2459.0
1347080 2459.0
1347090 2462.6
1347100 2466.3
1347110 2466.3
1347120 2469.5
1347130 2472.2
1347140 2474.9
1347150 2474.9
1347160 2477.4
1347170 2480.5
1347180 2480.5
1347190 2484.0
1347200 2486.8
1347210 2486.8
1347220 2490.0
1347230 2493.0
1347240 2493.0
1347250 2496.6
1347260 2500.2
1347270 2500.2
1347280 2500.3
1347290 2503.3
1347300 2503.3
1347310 2506.1
1347320 2508.4
1347330 2508.4
1347340 2510.7
1347350 2514.3
1347360 2517.6
1347370 2517.6
1347380 2520.9
1347390 2523.6
1347400 2523.6
1347410 2525.8
1347420 2528.3
1347430 2528.3
1347440 2531.5
1347450 2535.2
1347460 2535.2
1347470 2539.2
1347480 2543.5
1347490 2543.5
1347500 2548.0
1347510 2552.7
1347520 2552.7
1347530 2557.3
1347540 2562.4
1347550 2562.4
1347560 2568.4
1347570 2574.4
1347580 2574.4
1347590 2579.7
1347600 2583.4
1347610 2586.2
1347620 2586.2
1347630 2587.5
1347640 2587.4
1347650 2587.4
1347660 2588.8
1347670 2593.4
1347680 2593.4
1347690 2598.7
1347700 2603.8
1347710 2603.8
1347720 2609.4
1347730 2614.4
1347740 2614.4
1347750 2619.7
1347760 2629.3
1347770 2629.3
1347780 2637.0
1347790 2643.5
1347800 2643.5
1347810 2650.5
1347820 2657.2
1347830 2663.8
1347840 2663.8
1347850 2669.8
1347860 2673.7
1347870 2673.7
1347880 2676.8
1347890 2680.5
1347900 2680.5
1347910 2685.2
1347920 2691.1
1347930 2691.1
1347940 2700.8
1347950 2711.6
1347960 2711.6
1347970 2719.2
1347980 2725.3
1347990 2725.3
1348000 2731.2
1348010 2737.3
1348020 2737.3
1348030 2743.1
1348040 2748.6
1348050 2753.4
1348060 2753.4
1348070 2758.8
1348080 2764.5
1348090 2764.5
1348100 2770.6
1348110 2777.6
1348120 2777.6
1348130 2788.5
1348140 2799.5
1348150 2799.5
1348160 2810.5
1348170 2820.6
1348180 2820.6
1348190 2831.1
1348200 2848.9
1348210 2868.3
1348220 2881.9
1348230 2900.7
1348240 2900.7
1348250 2916.0
1348260 2927.4
1348270 2938.1
1348280 2938.1
1348290 2945.1
1348300 2950.5
1348310 2950.5
1348320 2958.8
1348330 2969.4
1348340 2969.4
1348350 2977.9
1348360 2984.0
1348370 2984.0
1348380 2988.6
1348390 2989.4
1348400 2989.4
1348410 2989.4
1348420 2999.1
1348430 2999.1
1348440 3006.5
1348450 3011.7
1348460 3011.7
1348470 3016.8
1348480 3019.6
1348490 3019.6
1348500 3018.8
1348510 3022.3
1348520 3025.3
1348530 3025.3
1348540 3025.7
1348550 3012.9
1348560 3012.9
1348570 2981.0
1348580 2962.5
1348590 2962.5
1348600 2947.9
1348610 2933.2
1348620 2933.2
1348630 2919.3
1348640 2894.7
1348650 2894.7
1348660 2865.4
1348670 2840.8
1348680 2840.8
1348690 2825.4
1348700 2817.3
1348710 2817.3
1348720 2811.4
1348730 2807.0
1348740 2802.3
1348750 2802.3
1348760 2797.6
1348770 2793.2
1348780 2793.2
1348790 2790.4
1348800 2788.2
1348810 2788.2
1348820 2785.9
1348830 2783.1
1348840 2783.1
1348850 2779.9
1349100 2692.0
1349110 2685.9
1349120 2685.9
1349130 2679.8
1349140 2673.7
1349150 2675.8
1349160 2671.9
1349170 2668.9
1349180 2665.5
1349190 2665.5
1349200 2661.2
1349210 2656.8
1349220 2656.8
1349230 2654.3
1349240 2652.5
1349250 2652.5
1349260 2649.8
1349270 2647.1
1349280 2647.1
1349290 2644.4
1349300 2641.5
1349310 2641.5
1349320 2638.5
1349330 2635.3
1349340 2635.3
1349350 2632.8
1349360 2629.6
1349370 2629.6
1349380 2626.2
1349390 2622.6
1349400 2622.6
1349410 2618.4
1349420 2614.3
1349430 2610.5
1349440 2610.5
1349450 2606.7
1349460 2602.3
1349470 2602.3
1349480 2597.9
1349490 2593.4
1349500 2593.4
1349510 2588.9
1349520 2585.1
1349530 2585.1
1349540 2581.2
1349550 2578.3
1349560 2578.3
1349570 2574.4
1349580 2570.0
1349590 2570.0
1349600 2565.4
1349610 2561.1
1349620 2561.1
1349630 2557.2
1349640 2552.8
1349650 2547.8
1349660 2547.8
1349670 2543.2
1349680 2538.2
1349690 2538.2
1349700 2534.4
1349710 2531.0
1349720 2531.0
1349730 2528.6
1349740 2528.7
1349750 2528.7
1349760 2529.0
1349770 2523.9
1349780 2523.9
1349790 2515.0
1349800 2508.1
1349810 2508.1
1349820 2497.9
1349830 2490.8
1349840 2490.8
1349850 2486.2
1349860 2483.2
1349870 2480.1
1349880 2480.1
1349890 2475.5
1349900 2469.7
1349910 2469.7
1349920 2463.9
1349930 2459.1
1349940 2459.1
1349950 2454.2
1349960 2448.9
1349970 2448.9
1349980 2443.6
1349990 2438.2
1350000 2438.2
1350010 2432.4
1350020 2426.2
1350030 2426.2
1350040 2421.0
1350050 2416.9
1350060 2416.9
1350070 2413.7
1350080 2410.5
1350090 2405.5
1350100 2405.5
1350110 2400.7
1350120 2395.5
1350130 2395.5
1350140 2390.6
1350150 2387.6
1350160 2387.6
1350170 2386.6
1350180 2385.6
1350190 2385.6
1350200 2382.9
1350210 2379.1
1350220 2379.1
1350230 2376.7
1350240 2374.7
1350250 2374.7
1350260 2372.5
1350270 2370.2
1350280 2370.2
1350290 2369.3
1350300 2367.2
1350310 2367.2
1350320 2363.5
1350330 2360.0
1350340 2358.0
1350350 2358.0
1350360 2356.6
1350370 2354.0
1350380 2354.0
1350390 2349.4
1350400 2343.8
1350410 2343.8
1350420 2340.6
1350430 2338.4
1350440 2338.4
1350450 2332.5
1350460 2326.5
1350470 2326.5
1350480 2321.4
1350490 2318.0
1350500 2318.0
1350510 2320.1
1350520 2325.1
1350530 2325.1
1350540 2330.4
1350550 2337.1
1350560 2342.6
1350570 2342.6
1350580 2344.6
1350590 2347.8
1350600 2347.8
1350610 2350.9
1350620 2353.9
1350630 2353.9
1350640 2356.7
1350650 2358.8
1350660 2358.8
1350670 2359.8
1350680 2360.2
1350690 2360.2
1350700 2360.8
1350710 2363.2
1350720 2363.2
1350730 2366.0
1350740 2366.0
1350750 2366.0
1350760 2365.9
1350770 2365.8
1350780 2365.5
1350790 2365.5
1350800 2361.5
1350810 2355.1
1350820 2355.1
1350830 2351.6
1350840 2351.2
1350850 2351.2
1350860 2351.7
1350870 2353.2
1350880 2353.2
1350890 2356.0
1350900 2361.4
1350910 2361.4
1350920 2364.3
1350930 2365.2
1350940 2365.2
1350950 2366.3
1350960 2368.9
1350970 2368.9
1350980 2372.6
1350990 2378.2
1351000 2384.7
1351010 2384.7
1351020 2391.9
1351030 2397.5
1351040 2399.7
1351050 2405.3
1351060 2410.2
1351070 2410.2
1351080 2414.4
1351090 2417.9
1351100 2417.9
1351110 2422.2
1351120 2426.1
1351130 2426.1
1351140 2430.6
1351150 2434.8
1351160 2434.8
1351170 2439.0
1351180 2442.0
1351190 2442.0
1351200 2445.7
1351210 2450.2
1351220 2450.2
1351230 2456.4
1351240 2462.8
1351250 2465.1
1351260 2465.1
1351270 2466.7
1351280 2467.4
1351290 2467.4
1351300 2470.1
1351310 2473.6
1351320 2473.6
1351330 2478.5
1351340 2482.9
1351350 2482.9
1351360 2487.2
1351370 2492.2
1351380 2492.2
1351390 2497.9
1351400 2504.7
1351410 2504.7
1351420 2511.9
1351430 2518.8
1351440 2518.8
1351450 2525.5
1351460 2532.5
1351470 2539.9
1351480 2539.9
1351490 2547.2
1351500 2554.6
1351510 2554.6
1351520 2564.1
1351530 2576.9
1351540 2576.9
1351550 2590.5
1351560 2602.4
1351570 2602.4
1351580 2610.3
1351590 2617.7
1351600 2617.7
1351610 2624.0
1351620 2630.7
1351630 2630.7
1351640 2635.3
1351650 2639.0
1351660 2639.0
1351670 2642.4
1351680 2645.3
1351690 2647.8
1351700 2647.8
1351710 2649.9
1351720 2649.4
1351730 2649.4
1351740 2645.1
1351750 2633.5
1351760 2633.5
1351770 2620.9
1351780 2612.1
1351790 2612.1
1351800 2605.7
1351810 2601.4
1351820 2601.4
1351830 2598.0
1351840 2595.4
1351850 2595.4
1351860 2594.2
1351870 2594.4
1351880 2594.4
1351890 2594.5
1351900 2594.7
1351910 2594.0
1351920 2594.0
1351930 2594.8
1351940 2595.9
1351950 2595.9
1351960 2598.3
1351970 2600.9
1351980 2600.9
1351990 2604.7
1352000 2611.8
1352010 2611.8
1352020 2614.6
1352030 2615.3
1352040 2615.3
1352050 2615.2
1352060 2616.0
1352070 2616.0
1352080 2618.0
1352090 2620.0
1352100 2620.0
1352110 2621.9
1352120 2623.1
1352130 2623.1
1352140 2623.4
1352150 2623.1
1352160 2622.9
1352170 2622.9
1352180 2623.0
1352190 2623.4
1352200 2623.4
1352210 2623.2
1352220 2621.9
1352230 2621.9
1352240 2620.4
1352250 2619.5
1352260 2619.5
1352270 2618.4
1352280 2617.8
1352290 2617.8
1352300 2617.5
1352310 2616.0
1352320 2616.0
1352330 2614.5
1352340 2616.6
1352350 2616.6
1352360 2620.2
1352370 2623.1
1352380 2624.3
1352390 2624.3
1352400 2628.5
1352410 2634.0
1352420 2634.0
1352430 2638.7
1352440 2644.3
1352450 2644.3
1352460 2651.3
1352470 2655.9
1352480 2655.9
1352490 2660.0
1352500 2665.7
1352510 2665.7
1352520 2670.0
1352530 2676.3
1352540 2676.3
1352550 2683.0
1352560 2690.6
1352570 2690.6
1352580 2697.9
1352590 2705.6
1352600 2715.7
1352610 2715.7
1352620 2724.9
1352630 2730.5
1352640 2730.5
1352650 2716.5
1352660 2703.1
1352670 2703.1
1352680 2692.5
1352690 2680.9
1352700 2680.9
1352710 2666.8
1352720 2654.9
1352730 2654.9
1352740 2647.7
1352750 2642.3
1352760 2642.3
1352770 2638.4
1352780 2635.2
1352790 2635.2
1352800 2632.6
1352810 2629.8
1352820 2624.7
1352830 2624.7
1352840 2620.7
1352850 2616.7
1352860 2616.7
1352870 2613.2
1352880 2610.7
1352890 2610.7
1352900 2608.0
1352910 2605.7
1352920 2605.7
1352930 2603.6
1352940 2602.2
1352950 2602.2
1352960 2597.5
1352970 2590.6
1352980 2590.6
1352990 2583.9
1353000 2579.1
1353010 2579.1
1353020 2574.1
1353030 2570.5
1353040 2567.1
1353050 2567.1
1353060 2563.1
1353070 2559.4
1353080 2559.4
1353090 2557.1
1353100 2555.5
1353110 2555.5
1353120 2552.8
1353130 2550.2
1353140 2550.2
1353150 2545.3
1353160 2539.7
1353170 2539.7
1353180 2536.0
1353190 2532.8
1353200 2532.8
1353210 2530.5
1353220 2528.1
1353230 2528.1
1353240 2523.2
1353250 2516.7
1353260 2516.7
1353270 2509.8
1353280 2504.3
1353290 2499.0
1353300 2499.0
1353310 2494.6
1353320 2489.9
1353330 2489.9
1353340 2485.0
1353350 2480.4
1353360 2480.4
1353370 2477.5
1353380 2475.3
1353390 2475.3
1353400 2472.4
1353410 2469.0
1353420 2469.0
1353430 2465.9
1353440 2463.1
1353450 2463.1
1353460 2460.2
1353470 2457.3
1353480 2457.3
1353490 2454.4
1353500 2451.2
1353510 2447.5
1353520 2447.5
1353530 2444.9
1353540 2442.6
1353550 2442.6
1353560 2439.6
1353570 2437.2
1353580 2437.2
1353590 2435.5
1353600 2433.6
1353610 2433.6
1353620 2430.8
1353630 2425.6
1353640 2425.6
1353650 2419.7
1353660 2413.1
1353670 2413.1
1353680 2407.1
1353690 2402.5
1353700 2402.5
1353710 2398.2
1353720 2394.4
1353730 2390.6
1353740 2390.6
1353750 2387.3
1353760 2385.1
1353770 2385.1
1353780 2383.0
1353790 2381.2
1353800 2381.2
1353810 2378.6
1353820 2375.6
1353830 2375.6
1353840 2373.5
1353850 2371.1
1353860 2371.1
1353870 2368.2
1353880 2364.9
1353890 2364.9
1353900 2362.1
1353910 2359.1
1353920 2359.1
1353930 2354.2
1353940 2352.0
1353950 2350.1
1353960 2350.1
1353970 2348.0
1353980 2346.0
1353990 2346.0
1354000 2344.2
1354010 2342.9
1354020 2342.9
1354030 2342.2
1354040 2341.6
1354050 2341.6
1354060 2341.3
1354070 2340.5
1354080 2340.5
1354090 2339.5
1354100 2338.6
1354110 2338.6
1354120 2337.1
1354130 2334.5
1354140 2334.5
1354150 2333.3
1354160 2331.4
1354170 2331.4
1354180 2329.7
1354190 2328.4
1354200 2326.4
1354210 2326.4
1354220 2323.4
1354230 2320.2
1354240 2320.2
1354250 2317.9
1354260 2316.0
1354270 2316.0
1354280 2314.5
1354290 2312.7
1354300 2312.7
1354310 2310.6
1354320 2308.4
1354330 2308.4
1354340 2306.5
1354350 2305.4
1354360 2305.4
1354370 2303.9
1354380 2302.4
1354390 2302.4
1354400 2300.6
1354410 2298.8
1354420 2297.5
1354430 2297.5
1354440 2296.7
1354450 2295.7
1354460 2295.7
1354470 2294.9
1354480 2293.7
1354490 2293.7
1354500 2290.6
1354510 2288.2
1354520 2288.2
1354530 2290.8
1354540 2292.6
1354550 2292.6
1354560 2292.2
1354570 2291.3
1354580 2291.3
1354590 2290.3
1354600 2288.3
1354610 2288.3
1354620 2286.0
1354630 2285.4
1354640 2288.3
1354650 2288.3
1354660 2288.6
1354670 2288.7
1354680 2288.7
1354690 2288.8
1354700 2288.8
1354710 2288.8
1354720 2288.6
1354730 2288.2
1354740 2288.2
1354750 2287.8
1354760 2286.5
1354770 2286.5
1354780 2284.7
1354790 2283.0
1354800 2283.0
1354810 2279.9
1354820 2275.5
1354830 2275.5
1354840 2270.6
1354850 2268.5
1354860 2266.5
1354870 2266.5
1354880 2260.2
1354890 2257.4
1354900 2257.4
1354910 2252.8
1354920 2249.2
1354930 2249.2
1354940 2245.8
1354950 2242.5
1354960 2242.5
1354970 2237.0
1354980 2235.3
1354990 2235.3
1355000 2238.0
1355010 2240.0
1355020 2240.0
1355030 2242.6
1355040 2246.4
1355050 2246.4
1355060 2249.1
1355070 2249.7
1355080 2249.7
1355090 2249.9
1355100 2248.7
1355110 2247.7
1355120 2247.7
1355130 2246.8
1355140 2245.9
1355150 2245.9
1355160 2244.4
1355170 2243.6
1355180 2243.6
1355190 2244.3
1355200 2244.2
1355210 2244.2
1355220 2243.5
1355230 2241.8
1355240 2241.8
1355250 2240.9
1355260 2240.6
1355270 2240.6
1355280 2239.3
1355290 2236.5
1355300 2236.5
1355310 2234.7
1355320 2234.6
1355330 2234.6
1355340 2234.6
1355350 2234.0
1355360 2233.1
1355370 2233.1
1355380 2232.2
1355390 2231.8
1355400 2231.8
1355410 2231.3
1355420 2231.0
1355430 2231.0
1355440 2231.6
1355450 2231.0
1355460 2231.0
1355470 2231.0
1355480 2232.0
1355490 2232.0
1355500 2232.7
1355510 2233.8
1355520 2233.8
1355530 2234.3
1355540 2234.8
1355550 2235.0
1355560 2235.0
1355570 2234.9
1355580 2234.9
1355590 2234.9
1355600 2234.7
1355610 2234.3
1355620 2234.3
1355630 2233.1
1355640 2231.2
1355650 2231.2
1355660 2229.0
1355670 2227.1
1355680 2227.1
1355690 2225.6
1355700 2224.2
1355710 2224.2
1355720 2222.1
1355730 2219.4
1355740 2219.4
1355750 2215.9
1355760 2211.6
1355770 2206.8
1355780 2206.8
1355790 2200.7
1355800 2193.5
1355810 2193.5
1355820 2186.4
1355830 2177.9
1355840 2177.9
1355850 2169.7
1355860 2161.7
1355870 2161.7
1355880 2152.9
1355890 2150.2
1355900 2150.2
1355910 2141.9
1355920 2130.9
1355930 2130.9
1355940 2119.2
1355950 2109.2
1355960 2109.2
1355970 2098.6
1355980 2087.7
1355990 2073.2
1356000 2073.2
1356010 2060.1
1356020 2048.2
1356030 2048.2
1356040 2038.1
1356050 2023.6
1356060 2023.6
1356070 2001.7
1356080 1988.5
1356090 1988.5
1356100 1976.0
1356110 1964.5
1356120 1964.5
1356130 1953.1
1356140 1941.2
1356150 1941.2
1356160 1925.3
1356170 1911.6
1356180 1911.6
1356190 1898.6
1356200 1890.9
1356210 1890.9
1356220 1882.4
1356230 1872.9
1356240 1863.8
1356250 1863.8
1356260 1855.2
1356270 1848.8
1356280 1848.8
1356290 1841.7
1356300 1834.1
1356310 1834.1
1356320 1825.4
1356330 1814.0
1356340 1814.0
1356350 1800.3
1356360 1789.5
1356370 1789.5
1356380 1782.4
1356390 1775.1
1356400 1775.1
1356410 1767.6
1356420 1759.7
1356430 1759.7
1356440 1752.4
1356450 1745.0
1356460 1737.2
1356470 1737.2
1356480 1730.5
1356490 1723.7
1356500 1723.7
1356510 1717.1
1356520 1710.7
1356530 1710.7
1356540 1704.0
1356550 1697.8
1356560 1697.8
1356570 1691.8
1356580 1686.1
1356590 1686.1
1356600 1681.1
1356610 1676.6
1356620 1676.6
1356630 1672.5
1356640 1668.8
1356650 1668.8
1356660 1665.9
1356670 1664.4
1356680 1663.4
1356690 1663.4
1356700 1663.1
1356710 1663.3
1356720 1663.3
1356730 1662.5
1356740 1662.2
1356750 1662.2
1356760 1663.1
1356770 1663.2
1356780 1663.2
1356790 1663.2
1356800 1663.3
1356810 1663.3
1356820 1663.5
1356830 1663.4
1356840 1663.4
1356850 1663.1
1356860 1663.2
1356870 1663.2
1356880 1663.8
1356890 1663.8
1356900 1663.9
1356910 1663.9
1356920 1664.1
1356930 1664.3
1356940 1664.3
1356950 1664.5
1356960 1664.6
1356970 1664.6
1356980 1664.7
1356990 1664.8
1357000 1664.8
1357010 1664.7
1357020 1664.6
1357030 1664.6
1357040 1664.9
1357050 1664.9
1357060 1664.9
1357070 1665.0
1357080 1664.7
1357090 1664.7
1357100 1664.2
1357110 1664.6
1357120 1664.6
1357130 1665.4
1357140 1665.5
1357150 1666.0
1357160 1666.0
1357170 1666.7
1357180 1668.6
1357190 1668.6
1357200 1671.9
1357210 1676.9
1357220 1676.9
1357230 1682.9
1357240 1688.9
1357250 1688.9
1357260 1693.7
1357270 1698.1
1357280 1698.1
1357290 1702.4
1357300 1707.5
1357310 1707.5
1357320 1713.5
1357330 1720.5
1357340 1720.5
1357350 1727.7
1357360 1736.4
1357370 1751.2
1357380 1751.2
1357390 1761.3
1357400 1768.3
1357410 1768.3
1357420 1774.8
1357430 1780.1
1357440 1780.1
1357450 1784.7
1357460 1789.5
1357470 1789.5
1357480 1794.4
1357490 1800.7
1357500 1800.7
1357510 1807.3
1357520 1813.3
1357530 1813.3
1357540 1819.2
1357550 1825.3
1357560 1825.3
1357570 1832.3
1357580 1839.3
1357590 1847.6
1357600 1847.6
1357610 1857.7
1357620 1868.6
1357630 1868.6
1357640 1877.6
1357650 1884.3
1357660 1884.3
1357670 1890.8
1357680 1897.4
1357690 1897.4
1357700 1906.2
1357710 1917.6
1357720 1917.6
1357730 1928.5
1357740 1938.8
1357750 1938.8
1357760 1951.8
1357770 1961.1
1357780 1961.1
1357790 1965.1
1357800 1970.3
1357810 1977.6
1357820 1977.6
1357830 1985.2
1357840 1994.3
1357850 1994.3
1357860 2003.7
1357870 2011.4
1357880 2012.4
1357890 2022.8
1357900 2036.8
1357910 2036.8
1357920 2053.6
1357930 2063.7
1357940 2063.7
1357950 2073.7
1357960 2082.9
1357970 2082.9
1357980 2090.3
1357990 2094.6
1358000 2094.6
1358010 2097.9
1358020 2103.4
1358030 2103.4
1358040 2108.3
1358050 2111.8
1358060 2113.5
1358070 2113.5
1358080 2115.0
1358090 2118.1
1358100 2118.1
1358110 2121.0
1358120 2123.5
1358130 2123.5
1358140 2127.3
1358150 2131.5
1358160 2131.5
1358170 2135.7
1358180 2139.0
1358190 2139.0
1358200 2142.5
1358210 2146.3
1358220 2146.3
1358230 2150.2
1358240 2153.7
1358250 2153.7
1358260 2157.1
1358270 2161.5
1358280 2167.1
1358290 2167.1
1358300 2172.5
1358310 2177.7
1358320 2177.7
1358330 2183.0
1358340 2187.9
1358350 2187.9
1358360 2193.2
1358370 2199.2
1358380 2199.2
1358390 2205.1
1358400 2211.1
1358410 2211.1
1358420 2217.5
1358430 2223.8
1358440 2223.8
1358450 2230.1
1358460 2236.5
1358470 2236.5
1358480 2242.9
1358490 2249.6
1358500 2256.2
1358510 2256.2
1358520 2263.1
1358530 2270.0
1358540 2270.0
1358550 2276.9
1358560 2284.8
1358570 2284.8
1358580 2296.2
1358590 2308.5
1358600 2308.5
1358610 2322.2
1358620 2337.3
1358630 2337.3
1358640 2349.0
1358650 2359.3
1358660 2359.3
1358670 2367.8
1358680 2375.6
1358690 2375.6
1358700 2382.6
1358710 2389.0
1358720 2395.4
1358730 2395.4
1358740 2401.2
1358750 2407.2
1358760 2407.2
1358770 2418.8
1358780 2435.9
1358790 2435.9
1358800 2446.9
1358810 2451.4
1358820 2451.4
1358830 2455.9
1358840 2459.6
1358850 2459.6
1358860 2463.3
1358870 2467.1
1358880 2467.1
1358890 2461.6
1358900 2464.5
1358910 2464.5
1358920 2467.2
1358930 2470.3
1358940 2470.3
1358950 2473.4
1358960 2476.9
1358970 2480.4
1358980 2480.4
1358990 2483.6
1359000 2487.4
1359010 2487.4
1359020 2492.9
1359030 2499.1
1359040 2499.1
1359050 2502.5
1359060 2503.3
1359070 2503.3
1359080 2501.3
1359090 2497.8
1359100 2497.8
1359110 2493.5
1359120 2489.5
1359130 2489.5
1359140 2486.5
1359150 2483.8
1359160 2483.8
1359170 2484.5
1359180 2483.2
1359190 2481.6
1359200 2481.6
1359210 2481.3
1359220 2481.2
1359230 2481.2
1359240 2480.6
1359250 2479.2
1359260 2479.2
1359270 2478.1
1359280 2475.6
1359290 2475.6
1359300 2471.0
1359310 2466.2
1359320 2466.2
1359330 2463.3
1359340 2461.8
1359350 2461.8
1359360 2461.0
1359370 2460.2
1359380 2460.2
1359390 2460.2
1359400 2460.5
1359410 2459.6
1359420 2459.6
1359430 2459.4
1359440 2459.0
1359450 2459.0
1359460 2457.6
1359470 2456.5
1359480 2456.5
1359490 2456.3
1359500 2455.4
1359510 2455.4
1359520 2453.8
1359530 2452.4
1359540 2452.4
1359550 2453.4
1359560 2454.5
1359570 2454.5
1359580 2454.8
1359590 2455.0
1359600 2455.0
1359610 2454.4
1359620 2452.9
1359630 2452.0
1359640 2452.0
1359650 2451.5
1359660 2451.4
1359670 2451.4
1359680 2452.4
1359690 2453.5
1359700 2453.5
1359710 2456.4
1359720 2458.0
1359730 2458.0
1359740 2458.3
1359750 2459.3
1359760 2459.3
1359770 2461.0
1359780 2462.5
1359790 2462.5
1359800 2463.4
1359810 2462.9
1359820 2462.9
1359830 2462.0
1359840 2461.1
1359850 2459.6
1359860 2459.6
1359870 2459.5
1359880 2460.6
1359890 2460.6
1359900 2456.9
1359910 2456.3
1359920 2456.3
1359930 2455.7
1359940 2456.0
1359950 2456.0
1359960 2456.3
1359970 2456.4
1359980 2456.4
1359990 2456.6
