1340000 2347.3
1340010 2348.1
1340020 2348.1
1340030 2349.1
1340040 2350.6
1340050 2350.6
1340060 2351.8
1340070 2352.4
1340080 2352.4
1340090 2353.1
1340100 2354.0
1340110 2354.0
1340120 2354.7
1340130 2350.5
1340140 2350.5
1340150 2351.3
1340160 2351.6
1340170 2351.6
1340180 2351.8
1340190 2352.6
1340200 2353.6
1340210 2353.6
1340220 2354.5
1340230 2355.7
1340240 2355.7
1340250 2356.5
1340260 2358.0
1340270 2358.0
1340280 2359.4
1340290 2361.6
1340300 2361.6
1340310 2364.1
1340320 2366.3
1340330 2366.3
1340340 2368.1
1340350 2370.8
1340360 2370.8
1340370 2375.6
1340380 2382.3
1340390 2382.3
1340400 2390.0
1340410 2397.6
1340420 2406.8
1340430 2406.8
1340440 2417.3
1340450 2425.3
1340460 2425.3
1340470 2430.8
1340480 2437.8
1340490 2437.8
1340500 2442.4
1340510 2446.3
1340520 2446.3
1340530 2449.3
1340540 2451.2
1340550 2451.2
1340560 2452.2
1340570 2452.4
1340580 2452.4
1340590 2453.0
1340600 2455.1
1340610 2455.1
1340620 2459.3
1340630 2465.5
1340640 2474.4
1340650 2474.4
1340660 2477.3
1340670 2466.1
1340680 2466.1
1340690 2455.7
1340700 2446.4
1340710 2446.4
1340720 2437.6
1340730 2428.7
1340740 2428.7
1340750 2418.8
1340760 2408.4
1340770 2408.4
1340780 2397.3
1340790 2387.0
1340800 2387.0
1340810 2377.6
1340820 2369.1
1340830 2369.1
1340840 2360.7
1340850 2351.2
1340860 2351.2
1340870 2336.8
1340880 2321.8
1340890 2314.9
1340900 2314.9
1340910 2308.8
1340920 2302.7
1340930 2302.7
1340940 2296.6
1340950 2290.6
1340960 2290.6
1340970 2284.7
1340980 2278.8
1340990 2278.8
1341000 2273.0
1341010 2264.1
1341020 2264.1
1341030 2258.5
1341040 2252.7
1341050 2252.7
1341060 2247.1
1341070 2242.1
1341080 2242.1
1341090 2237.4
1341100 2232.9
1341110 2228.4
1341120 2228.4
1341130 2224.4
1341140 2220.7
1341150 2220.7
1341160 2217.7
1341170 2214.8
1341180 2214.8
1341190 2212.4
1341200 2210.1
1341210 2210.1
1341220 2207.4
1341230 2203.9
1341240 2203.9
1341250 2200.5
1341260 2198.4
1341270 2198.4
1341280 2195.5
1341290 2193.5
1341300 2193.5
1341310 2193.6
1341320 2194.7
1341330 2194.9
1341340 2194.9
1341350 2194.7
1341360 2195.4
1341370 2195.4
1341380 2195.6
1341390 2194.6
1341400 2194.6
1341410 2194.9
1341420 2194.9
1341430 2194.9
1341440 2193.6
1341450 2194.6
1341460 2194.6
1341470 2196.3
1341480 2197.3
1341490 2197.3
1341500 2198.1
1341510 2199.2
1341520 2199.2
1341530 2201.0
1341540 2203.7
1341550 2203.7
1341560 2204.6
1341570 2203.6
1341580 2202.9
1341590 2202.9
1341600 2201.9
1341610 2200.0
1341620 2200.0
1341630 2201.5
1341640 2203.4
1341650 2203.4
1341660 2204.7
1341670 2205.2
1341680 2205.2
1341690 2206.0
1341700 2207.2
1341710 2207.2
1341720 2209.5
1341730 2211.3
1341740 2211.3
1341750 2212.3
1341760 2212.8
1341770 2212.8
1341780 2213.5
1341790 2216.2
1341800 2218.8
1341810 2218.8
1341820 2221.3
1341830 2224.5
1341840 2224.5
1341850 2227.4
1341860 2231.4
1341870 2231.4
1341880 2233.8
1341890 2234.9
1341900 2229.6
1341910 2231.1
1341920 2233.1
1341930 2233.1
1341940 2235.1
1341950 2237.9
1341960 2237.9
1341970 2240.5
1341980 2241.6
1341990 2241.6
1342000 2242.2
1342010 2242.1
1342020 2243.8
1342030 2243.8
1342040 2246.7
1342050 2249.6
1342060 2249.6
1342070 2252.2
1342080 2255.0
1342090 2255.0
1342100 2258.1
1342110 2261.8
1342120 2261.8
1342130 2265.3
1342140 2268.8
1342150 2268.8
1342160 2273.3
1342170 2277.3
1342180 2277.3
1342190 2279.9
1342200 2282.0
1342210 2282.0
1342220 2284.3
1342230 2286.8
1342240 2288.7
1342250 2288.7
1342260 2291.1
1342270 2294.3
1342280 2294.3
1342290 2297.1
1342300 2299.8
1342310 2299.8
1342320 2302.7
1342330 2307.0
1342340 2307.0
1342350 2313.4
1342360 2320.6
1342370 2320.6
1342380 2327.5
1342390 2332.0
1342400 2332.0
1342410 2334.6
1342420 2336.6
1342430 2336.6
1342440 2338.2
1342450 2340.0
1342460 2340.0
1342470 2342.3
1342480 2345.9
1342490 2349.2
1342500 2349.2
1342510 2352.2
1342520 2355.8
1342530 2355.8
1342540 2358.7
1342550 2360.7
1342560 2360.7
1342570 2364.0
1342580 2367.5
1342590 2367.5
1342600 2371.6
1342610 2375.0
1342620 2375.0
1342630 2378.7
1342640 2383.0
1342650 2383.0
1342660 2386.7
1342670 2391.4
1342680 2391.4
1342690 2395.8
1342700 2399.9
1342710 2403.4
1342720 2403.4
1342730 2407.2
1342740 2411.6
1342750 2411.6
1342760 2416.5
1342770 2420.8
1342780 2420.8
1342790 2424.9
1342800 2429.7
1342810 2429.7
1342820 2435.0
1342830 2440.9
1342840 2440.9
1342850 2446.3
1342860 2451.6
1342870 2451.6
1342880 2458.0
1342890 2465.1
1342900 2465.1
1342910 2472.4
1342920 2479.6
1342930 2487.3
1342940 2487.3
1342950 2497.1
1342960 2507.5
1342970 2507.5
1342980 2524.2
1342990 2547.0
1343000 2547.0
1343010 2566.0
1343020 2561.2
1343030 2561.2
1343040 2550.0
1343050 2537.7
1343060 2537.7
1343070 2527.0
1343080 2518.4
1343090 2518.4
1343100 2510.9
1343110 2502.8
1343120 2502.8
1343130 2485.0
1343140 2473.5
1343150 2473.5
1343160 2467.1
1343170 2462.1
1343180 2457.4
1343190 2457.4
1343200 2452.4
1343210 2448.4
1343220 2448.4
1343230 2444.3
1343240 2441.2
1343250 2441.2
1343260 2438.6
1343270 2436.2
1343280 2436.2
1343290 2434.4
1343300 2432.2
1343310 2432.2
1343320 2430.1
1343330 2428.2
1343340 2428.2
1343350 2425.9
1343360 2423.5
1343370 2423.5
1343380 2422.4
1343390 2423.0
1343400 2423.4
1343410 2423.4
1343420 2421.5
1343430 2417.4
1343440 2417.4
1343450 2414.1
1343460 2412.8
1343470 2412.8
1343480 2412.0
1343490 2410.8
1343500 2410.8
1343510 2409.1
1343520 2407.7
1343530 2407.7
1343540 2406.6
1343550 2406.1
1343560 2406.1
1343570 2405.8
1343580 2404.4
1343590 2404.4
1343600 2402.6
1343610 2401.8
1343620 2401.2
1343630 2401.2
1343640 2401.7
1343650 2404.3
1343660 2404.3
1343670 2404.3
1343680 2403.5
1343690 2400.1
1343700 2396.8
1343710 2394.5
1343720 2394.5
1343730 2395.7
1343740 2396.2
1343750 2396.2
1343760 2395.9
1343770 2394.4
1343780 2394.4
1343790 2393.7
1343800 2392.4
1343810 2392.4
1343820 2390.4
1343830 2390.6
1343840 2390.6
1343850 2391.0
1343860 2390.9
1343870 2390.0
1343880 2390.0
1343890 2389.9
1343900 2390.4
1343910 2390.4
1343920 2389.1
1343930 2387.3
1343940 2387.3
1343950 2387.5
1343960 2387.8
1343970 2387.8
1343980 2387.7
1343990 2386.9
1344000 2386.9
1344010 2386.9
1344020 2387.2
1344030 2387.2
1344040 2387.7
1344050 2387.6
1344060 2387.6
1344070 2386.9
1344080 2386.7
1344090 2387.0
1344100 2387.0
1344110 2388.2
1344120 2389.6
1344130 2389.6
1344140 2391.4
1344150 2393.8
1344160 2393.8
1344170 2395.2
1344180 2395.6
1344190 2395.6
1344200 2397.9
1344210 2399.9
1344220 2399.9
1344230 2401.6
1344240 2403.6
1344250 2403.6
1344260 2405.2
1344270 2405.9
1344280 2405.9
1344290 2406.0
1344300 2408.0
1344310 2410.4
1344320 2410.4
1344330 2412.3
1344340 2413.6
1344350 2413.6
1344360 2414.8
1344370 2416.5
1344380 2416.5
1344390 2418.1
1344400 2420.2
1344410 2420.2
1344420 2420.5
1344430 2418.7
1344440 2418.7
1344450 2418.6
1344460 2420.7
1344470 2420.7
1344480 2424.1
1344490 2429.2
1344500 2429.2
1344510 2433.2
1344520 2436.3
1344530 2436.3
1344540 2439.8
1344550 2441.7
1344560 2445.2
1344570 2445.2
1344580 2450.3
1344590 2452.2
1344600 2452.2
1344610 2458.1
1344620 2463.4
1344630 2463.4
1344640 2468.5
1344650 2473.1
1344660 2473.1
1344670 2479.0
1344680 2484.9
1344690 2484.9
1344700 2489.9
1344710 2494.5
1344720 2494.5
1344730 2495.3
1344740 2495.6
1344750 2495.6
1344760 2497.2
1344770 2498.2
1344780 2500.9
1344790 2500.9
1344800 2504.1
1344810 2504.2
1344820 2504.2
1344830 2500.0
1344840 2495.8
1344850 2495.8
1344860 2492.2
1344870 2488.7
1344880 2488.7
1344890 2485.6
1344900 2482.8
1344910 2482.8
1344920 2480.6
1344930 2479.4
1344940 2479.4
1344950 2478.4
1344960 2479.3
1344970 2479.3
1344980 2480.4
1344990 2482.8
1345000 2486.1
1345010 2486.1
1345020 2489.5
1345030 2492.3
1345040 2492.3
1345050 2494.3
1345060 2496.8
1345070 2496.8
1345080 2500.0
1345090 2504.1
1345100 2504.1
1345110 2506.9
1345120 2508.3
1345130 2508.3
1345140 2509.5
1345150 2511.5
1345160 2511.5
1345170 2514.7
1345180 2518.5
1345190 2518.5
1345200 2521.6
1345210 2523.7
1345220 2525.8
1345230 2525.8
1345240 2529.1
1345250 2532.3
1345260 2532.3
1345270 2535.2
1345280 2537.6
1345290 2537.6
1345300 2540.1
1345310 2542.9
1345320 2542.9
1345330 2545.9
1345340 2549.6
1345350 2549.6
1345360 2553.3
1345370 2558.1
1345380 2558.1
1345390 2564.1
1345400 2570.6
1345410 2570.6
1345420 2577.6
1345430 2584.9
1345440 2584.9
1345450 2588.6
1345460 2591.5
1345470 2597.1
1345480 2597.1
1345490 2601.1
1345500 2602.7
1345510 2602.7
1345520 2604.4
1345530 2604.6
1345540 2604.6
1345550 2603.5
1345560 2602.2
1345570 2602.2
1345580 2600.8
1345590 2599.8
1345600 2599.8
1345610 2599.5
1345620 2598.6
1345630 2598.6
1345640 2598.0
1345650 2597.7
1345660 2597.7
1345670 2598.8
1345680 2600.6
1345690 2603.2
1345700 2603.2
1345710 2605.5
1345720 2607.6
1345730 2607.6
1345740 2610.1
1345750 2613.4
1345760 2613.4
1345770 2618.2
1345780 2626.8
1345790 2626.8
1345800 2646.7
1345810 2669.3
1345820 2669.3
1345830 2685.6
1345840 2700.3
1345850 2700.3
1345860 2713.3
1345870 2721.8
1345880 2721.8
1345890 2731.7
1345900 2746.0
1345910 2767.5
1345920 2767.5
1345930 2779.3
1345940 2774.5
1345950 2774.5
1345960 2764.1
1345970 2751.8
1345980 2751.8
1345990 2743.4
1346000 2738.9
1346010 2738.9
1346020 2731.8
1346030 2727.1
1346040 2727.1
1346050 2724.5
1346060 2724.3
1346070 2724.3
1346080 2723.3
1346090 2722.1
1346100 2722.1
1346110 2722.2
1346120 2721.9
1346130 2721.9
1346140 2721.3
1346150 2719.9
1346160 2719.7
1346170 2719.7
1346180 2720.3
1346190 2720.1
1346200 2720.1
1346210 2717.5
1346220 2712.7
1346230 2712.7
1346240 2706.1
1346250 2700.3
1346260 2700.3
1346270 2696.7
1346280 2692.8
1346290 2692.8
1346300 2688.3
1346310 2686.3
1346320 2686.3
1346330 2684.2
1346340 2681.5
1346350 2681.5
1346360 2676.8
1346370 2671.1
1346380 2667.6
1346390 2667.6
1346400 2664.6
1346410 2664.6
1346420 2661.5
1346430 2664.2
1346440 2666.5
1346450 2666.5
1346460 2668.0
1346470 2671.9
1346480 2671.9
1346490 2675.8
1346500 2679.5
1346510 2679.5
1346520 2682.0
1346530 2682.2
1346540 2682.2
1346550 2682.1
1346560 2684.5
1346570 2684.5
1346580 2689.5
1346590 2696.8
1346600 2705.1
1346610 2705.1
1346620 2714.0
1346630 2719.7
1346640 2719.7
1346650 2721.6
1346660 2717.7
1346670 2717.7
1346680 2710.7
1346690 2707.9
1346700 2707.9
1346710 2705.4
1346720 2699.4
1346730 2699.4
1346740 2696.0
1346750 2697.1
1346760 2697.1
1346770 2698.0
1346780 2698.8
1346790 2698.8
1346800 2699.0
1346810 2699.1
1346820 2699.1
1346830 2698.7
1346840 2699.6
1346850 2700.3
1346860 2700.3
1346870 2701.5
1346880 2701.5
1346890 2701.5
1346900 2701.0
1346910 2698.7
1346920 2698.7
1346930 2696.7
1346940 2696.7
1346950 2696.7
1346960 2697.3
1346970 2697.5
1346980 2697.5
1346990 2697.9
1347000 2698.9
1347010 2698.9
1347020 2700.3
1347030 2701.3
1347040 2701.3
1347050 2701.6
1347060 2702.1
1347070 2702.0
1347080 2702.0
1347090 2703.2
1347100 2708.2
1347110 2708.2
1347120 2711.1
1347130 2710.6
1347140 2710.6
1347150 2712.7
1347160 2717.4
1347170 2717.4
1347180 2719.4
1347190 2722.5
1347200 2722.5
1347210 2727.4
1347220 2729.8
1347230 2729.8
1347240 2731.5
1347250 2734.4
1347260 2734.4
1347270 2739.7
1347280 2751.1
1347290 2770.0
1347300 2770.0
1347310 2782.6
1347320 2790.6
1347330 2790.6
1347340 2798.0
1347350 2795.5
1347360 2795.5
1347370 2790.8
1347380 2786.0
1347390 2786.0
1347400 2771.5
1347410 2757.8
1347420 2757.8
1347430 2750.2
1347440 2747.8
1347450 2747.8
1347460 2748.4
1347470 2749.1
1347480 2749.1
1347490 2749.3
1347500 2745.5
1347510 2742.4
1347520 2742.4
1347530 2738.8
1347540 2738.4
1347550 2738.4
1347560 2739.9
1347570 2740.7
1347580 2740.7
1347590 2740.9
1347600 2741.4
1347610 2741.4
1347620 2742.9
1347630 2744.2
1347640 2744.2
1347650 2746.1
1347660 2750.2
1347670 2750.2
1347680 2754.7
1347690 2756.5
1347700 2756.5
1347710 2756.5
1347720 2756.2
1347730 2756.2
1347740 2755.7
1347750 2756.1
1347760 2758.4
1347770 2758.4
1347780 2761.1
1347790 2764.4
1347800 2764.4
1347810 2767.6
1347820 2770.9
1347830 2770.9
1347840 2774.6
1347850 2779.0
1347860 2779.0
1347870 2784.4
1347880 2790.1
1347890 2790.1
1347900 2795.8
1347910 2802.3
1347920 2802.3
1347930 2808.4
1347940 2813.7
1347950 2813.7
1347960 2818.8
1347970 2824.0
1347980 2829.2
1347990 2829.2
1348000 2834.8
1348010 2841.0
1348020 2841.0
1348030 2847.3
1348040 2855.1
1348050 2855.1
1348060 2862.1
1348070 2868.7
1348080 2868.7
1348090 2875.7
1348100 2882.2
1348110 2882.2
1348120 2888.9
1348130 2895.8
1348140 2895.8
1348150 2902.6
1348160 2909.3
1348170 2909.3
1348180 2915.9
1348190 2922.6
1348200 2930.8
1348210 2930.8
1348220 2937.8
1348230 2944.2
1348240 2944.2
1348250 2951.9
1348260 2960.0
1348270 2962.6
1348280 2970.5
1348290 2977.6
1348300 2977.6
1348310 2984.5
1348320 2991.3
1348330 2991.3
1348340 2998.0
1348350 3004.6
1348360 3004.6
1348370 3006.4
1348380 3008.3
1348390 3008.3
1348400 3017.6
1348410 3037.8
1348420 3037.8
1348430 3052.5
1348440 3039.7
1348450 3027.6
1348460 3027.6
1348470 3019.0
1348480 2997.7
1348490 2997.7
1348500 2968.1
1348510 2956.5
1348520 2956.5
1348530 2950.9
1348540 2945.4
1348550 2945.4
1348560 2939.7
1348570 2933.7
1348580 2933.7
1348590 2927.9
1348600 2922.5
1348610 2922.5
1348620 2917.9
1348630 2913.9
1348640 2913.9
1348650 2910.3
1348660 2905.5
1348670 2901.7
1348680 2901.7
1348690 2900.4
1348700 2897.0
1348710 2897.0
1348720 2892.9
1348730 2888.1
1348740 2888.1
1348750 2883.8
1348760 2878.8
1348770 2878.8
1348780 2872.6
1348790 2866.2
1348800 2866.2
1348810 2859.7
1348820 2853.0
1348830 2853.0
1348840 2846.4
1348850 2840.1
1348860 2840.1
1348870 2834.5
1348880 2829.1
1348890 2823.8
1348900 2823.8
1348910 2818.3
1348920 2813.1
1348930 2813.1
1348940 2808.1
1348950 2803.3
1348960 2803.3
1348970 2798.5
1348980 2793.7
1348990 2793.7
1349000 2789.3
1349010 2785.1
1349020 2785.1
1349030 2781.4
1349040 2778.5
1349050 2778.5
1349060 2773.6
1349070 2768.4
1349080 2768.4
1349090 2763.4
1349100 2758.2
1349110 2758.2
1349120 2753.8
1349130 2749.2
1349140 2744.0
1349150 2744.0
1349160 2739.1
1349170 2734.0
1349180 2734.0
1349190 2729.1
1349200 2724.9
1349210 2722.8
1349220 2719.7
1349230 2716.1
1349240 2716.1
1349250 2714.1
1349260 2711.7
1349270 2711.7
1349280 2708.9
1349290 2706.7
1349300 2706.7
1349310 2704.0
1349320 2700.9
1349330 2700.9
1349340 2698.9
1349350 2695.4
1349360 2690.6
1349370 2690.6
1349380 2686.0
1349390 2680.5
1349400 2680.5
1349410 2674.5
1349420 2671.5
1349430 2671.5
1349440 2667.0
1349450 2660.8
1349460 2660.8
1349470 2654.8
1349480 2649.6
1349490 2649.6
1349500 2645.9
1349510 2642.7
1349520 2642.7
1349530 2640.1
1349540 2637.4
1349550 2637.4
1349560 2633.6
1349570 2630.7
1349580 2628.9
1349590 2628.9
1349600 2626.7
1349610 2624.5
1349620 2624.5
1349630 2620.9
1349640 2617.3
1349650 2617.3
1349660 2616.6
1349670 2614.8
1349680 2614.8
1349690 2613.1
1349700 2611.9
1349710 2611.9
1349720 2611.0
1349730 2609.4
1349740 2609.4
1349750 2607.7
1349760 2607.3
1349770 2607.3
1349780 2605.4
1349790 2600.3
1349800 2600.3
1349810 2596.4
1349820 2593.3
1349830 2589.0
1349840 2589.0
1349850 2584.3
1349860 2578.8
1349870 2578.8
1349880 2575.0
1349890 2572.6
1349900 2572.6
1349910 2572.2
1349920 2571.2
1349930 2571.2
1349940 2568.5
1349950 2560.4
1349960 2560.4
1349970 2552.8
1349980 2541.1
1349990 2541.1
1350000 2524.4
1350010 2509.8
1350020 2509.8
1350030 2494.8
1350040 2478.2
1350050 2465.0
1350060 2465.0
1350070 2452.6
1350080 2442.1
1350090 2442.1
1350100 2432.5
1350110 2425.3
1350120 2425.3
1350130 2419.6
1350140 2416.6
1350150 2452.1
1350160 2457.1
1350170 2452.2
1350180 2452.2
1350190 2440.0
1350200 2420.9
1350210 2420.9
1350220 2402.2
1350230 2376.6
1350240 2376.6
1350250 2366.5
1350260 2358.7
1350270 2349.6
1350280 2349.6
1350290 2343.4
1350300 2338.6
1350310 2338.6
1350320 2337.0
1350330 2334.2
1350340 2334.2
1350350 2329.7
1350360 2324.1
1350370 2324.1
1350380 2318.6
1350390 2312.9
1350400 2312.9
1350410 2307.3
1350420 2301.5
1350430 2301.5
1350440 2295.9
1350450 2290.7
1350460 2290.7
1350470 2285.8
1350480 2280.6
1350490 2280.6
1350500 2275.9
1350510 2271.4
1350520 2267.2
1350530 2267.2
1350540 2261.9
1350550 2257.4
1350560 2257.4
1350570 2252.7
1350580 2247.8
1350590 2247.8
1350600 2243.2
1350610 2239.3
1350620 2239.3
1350630 2235.3
1350640 2231.0
1350650 2231.0
1350660 2227.4
1350670 2224.3
1350680 2224.3
1350690 2221.4
1350700 2218.4
1350710 2218.4
1350720 2215.7
1350730 2212.8
1350740 2210.2
1350750 2210.2
1350760 2206.6
1350770 2200.5
1350780 2200.5
1350790 2195.9
1350800 2194.0
1350810 2194.0
1350820 2194.6
1350830 2195.6
1350840 2195.6
1350850 2198.1
1350860 2199.0
1350870 2199.0
1350880 2199.0
1350890 2197.8
1350900 2197.8
1350910 2197.3
1350920 2196.8
1350930 2196.8
1350940 2195.5
1350950 2193.6
1350960 2191.7
1350970 2191.7
1350980 2189.5
1350990 2187.1
1351000 2187.1
1351010 2185.1
1351020 2182.8
1351030 2182.8
1351040 2180.6
1351050 2178.6
1351060 2178.6
1351070 2177.0
1351080 2175.2
1351090 2175.2
1351100 2172.0
1351110 2170.8
1351120 2170.8
1351130 2169.6
1351140 2168.4
1351150 2168.4
1351160 2167.6
1351170 2167.3
1351180 2166.3
1351190 2166.3
1351200 2165.5
1351210 2165.3
1351220 2165.3
1351230 2166.2
1351240 2166.4
1351250 2166.4
1351260 2165.4
1351270 2161.9
1351280 2161.9
1351290 2156.7
1351300 2151.4
1351310 2151.4
1351320 2147.3
1351330 2145.3
1351340 2145.3
1351350 2143.8
1351360 2143.5
1351370 2143.5
1351380 2144.2
1351390 2143.9
1351400 2143.9
1351410 2141.9
1351420 2139.7
1351430 2137.2
1351440 2137.2
1351450 2135.8
1351460 2134.1
1351470 2134.1
1351480 2132.4
1351490 2129.0
1351500 2129.0
1351510 2124.6
1351520 2121.6
1351530 2121.6
1351540 2118.3
1351550 2114.1
1351560 2114.1
1351570 2111.4
1351580 2109.1
1351590 2109.1
1351600 2108.5
1351610 2106.8
1351620 2106.8
1351630 2104.4
1351640 2101.8
1351650 2097.2
1351660 2097.2
1351670 2090.4
1351680 2085.4
1351690 2085.4
1351700 2080.9
1351710 2075.2
1351720 2075.2
1351730 2071.3
1351740 2068.5
1351750 2068.5
1351760 2066.3
1351770 2064.7
1351780 2064.7
1351790 2064.9
1351800 2064.9
1351810 2064.9
1351820 2064.1
1351830 2063.6
1351840 2063.6
1351850 2065.3
1351860 2071.3
1351870 2074.4
1351880 2074.4
1351890 2075.7
1351900 2075.3
1351910 2075.3
1351920 2074.6
1351930 2074.8
1351940 2074.8
1351950 2074.3
1351960 2073.5
1351970 2073.5
1351980 2073.0
1351990 2072.0
1352000 2072.0
1352010 2071.0
1352020 2069.7
1352030 2069.7
1352040 2068.5
1352050 2068.6
1352060 2072.1
1352070 2074.3
1352080 2077.9
1352090 2077.9
1352100 2080.7
1352110 2084.0
1352120 2088.7
1352130 2088.7
1352140 2091.5
1352150 2095.4
1352160 2095.4
1352170 2098.9
1352180 2102.2
1352190 2102.2
1352200 2105.1
1352210 2107.8
1352220 2107.8
1352230 2110.9
1352240 2114.3
1352250 2114.3
1352260 2119.1
1352270 2122.3
1352280 2122.3
1352290 2123.9
1352300 2126.0
1352310 2126.0
1352320 2128.5
1352330 2129.9
1352340 2133.1
1352350 2133.1
1352360 2139.4
1352370 2147.3
1352380 2147.3
1352390 2153.9
1352400 2163.3
1352410 2163.3
1352420 2172.9
1352430 2181.3
1352440 2181.3
1352450 2187.3
1352460 2193.9
1352470 2193.9
1352480 2199.5
1352490 2205.0
1352500 2205.0
1352510 2212.2
1352520 2217.3
1352530 2217.3
1352540 2220.2
1352550 2222.2
1352560 2227.0
1352570 2227.0
1352580 2235.6
1352590 2240.4
1352600 2240.4
1352610 2243.5
1352620 2246.3
1352630 2246.3
1352640 2247.4
1352650 2248.1
1352660 2248.1
1352670 2249.5
1352680 2250.1
1352690 2250.1
1352700 2251.5
1352710 2252.9
1352720 2252.9
1352730 2253.2
1352740 2249.9
1352750 2249.9
1352760 2246.1
1352770 2242.0
1352780 2242.0
1352790 2240.4
1352800 2237.9
1352810 2235.7
1352820 2235.7
1352830 2230.9
1352840 2225.6
1352850 2225.6
1352860 2223.2
1352870 2220.1
1352880 2220.1
1352890 2218.4
1352900 2218.9
1352910 2218.9
1352920 2220.7
1352930 2222.6
1352940 2222.6
1352950 2225.3
1352960 2227.9
1352970 2227.9
1352980 2229.4
1352990 2231.1
1353000 2231.1
1353010 2233.1
1353020 2238.3
1353030 2240.2
1353040 2240.2
1353050 2243.0
1353060 2246.7
1353070 2246.7
1353080 2250.6
1353090 2255.2
1353100 2255.2
1353110 2260.8
1353120 2267.1
1353130 2267.1
1353140 2273.6
1353150 2280.2
1353160 2280.2
1353170 2286.9
1353180 2293.4
1353190 2293.4
1353200 2299.9
1353210 2306.1
1353220 2306.1
1353230 2312.1
1353240 2317.3
1353250 2322.4
1353260 2322.4
1353270 2327.7
1353280 2331.1
1353290 2331.1
1353300 2334.7
1353310 2338.2
1353320 2338.2
1353330 2341.8
1353340 2343.2
1353350 2343.2
1353360 2343.2
1353370 2345.2
1353380 2345.2
1353390 2348.2
1353400 2352.2
1353410 2352.2
1353420 2355.8
1353430 2359.8
1353440 2359.8
1353450 2362.3
1353460 2365.9
1353470 2365.9
1353480 2369.4
1353490 2372.2
1353500 2375.5
1353510 2375.5
1353520 2378.2
1353530 2382.0
1353540 2382.0
1353550 2385.9
1353560 2388.0
1353570 2388.0
1353580 2391.4
1353590 2395.6
1353600 2395.6
1353610 2395.4
1353620 2396.5
1353630 2396.5
1353640 2399.3
1353650 2401.3
1353660 2401.3
1353670 2406.0
1353680 2412.2
1353690 2412.2
1353700 2418.4
1353710 2425.1
1353720 2432.4
1353730 2432.4
1353740 2440.7
1353750 2449.4
1353760 2449.4
1353770 2456.5
1353780 2463.2
1353790 2463.2
1353800 2469.0
1353810 2474.4
1353820 2474.4
1353830 2480.5
1353840 2485.1
1353850 2485.1
1353860 2488.0
1353870 2490.4
1353880 2490.4
1353890 2492.6
1353900 2494.6
1353910 2494.6
1353920 2495.6
1353930 2495.7
1353940 2495.2
1353950 2495.2
1353960 2494.2
1353970 2493.8
1353980 2493.8
1353990 2499.3
1354000 2500.6
1354010 2500.6
1354020 2503.4
1354030 2506.5
1354040 2506.5
1354050 2510.5
1354060 2513.5
1354070 2513.5
1354080 2515.8
1354090 2518.6
1354100 2518.6
1354110 2520.4
1354120 2520.8
1354130 2520.8
1354140 2521.5
1354150 2523.0
1354160 2523.4
1354170 2523.4
1354180 2523.5
1354190 2524.7
1354200 2524.7
1354210 2526.3
1354220 2528.8
1354230 2528.8
1354240 2531.3
1354250 2533.3
1354260 2533.3
1354270 2536.9
1354280 2541.1
1354290 2541.1
1354300 2547.2
1354310 2552.4
1354320 2552.4
1354330 2555.7
1354340 2555.3
1354350 2555.3
1354360 2532.4
1354370 2521.3
1354380 2521.3
1354390 2520.3
1354400 2515.3
1354410 2506.1
1354420 2506.1
1354430 2488.8
1354440 2458.4
1354450 2458.4
1354460 2434.6
1354470 2422.5
1354480 2422.5
1354490 2417.4
1354500 2413.2
1354510 2413.2
1354520 2409.5
1354530 2405.7
1354540 2405.7
1354550 2401.8
1354560 2398.7
1354570 2398.7
1354580 2395.8
1354590 2392.9
1354600 2392.9
1354610 2389.9
1354620 2387.7
1354630 2385.2
1354640 2385.2
1354650 2382.8
1354660 2381.2
1354670 2381.2
1354680 2380.6
1354690 2381.0
1354700 2381.0
1354710 2381.5
1354720 2381.8
1354730 2381.8
1354740 2381.4
1354750 2380.4
1354760 2380.4
1354770 2379.9
1354780 2380.7
1354790 2380.7
1354800 2382.0
1354810 2383.3
1354820 2383.3
1354830 2384.5
1354840 2386.5
1354850 2387.6
1354860 2387.6
1354870 2387.8
1354880 2388.1
1354890 2388.1
1354900 2386.6
1354910 2386.7
1354920 2386.7
1354930 2388.0
1354940 2384.7
1354950 2384.7
1354960 2382.4
1354970 2392.2
1354980 2392.2
1354990 2390.4
1355000 2389.4
1355010 2389.4
1355020 2387.4
1355030 2386.0
1355040 2386.0
1355050 2384.2
1355060 2382.1
1355070 2382.1
1355080 2381.6
1355090 2381.1
1355100 2383.0
1355110 2383.0
1355120 2385.4
1355130 2387.4
1355140 2387.4
1355150 2389.9
1355160 2394.4
1355170 2394.4
1355180 2401.0
1355190 2407.6
1355200 2407.6
1355210 2416.9
1355220 2414.0
1355230 2414.0
1355240 2405.0
1355250 2396.6
1355260 2396.6
1355270 2388.2
1355280 2379.8
1355290 2379.8
1355300 2368.7
1355310 2359.8
1355320 2352.1
1355330 2352.1
1355340 2344.9
1355350 2338.2
1355360 2338.2
1355370 2331.3
1355380 2323.9
1355390 2323.9
1355400 2316.3
1355410 2308.4
1355420 2308.4
1355430 2300.4
1355440 2292.6
1355450 2292.6
1355460 2283.6
1355470 2274.8
1355480 2274.8
1355490 2267.0
1355500 2259.1
1355510 2259.1
1355520 2250.8
1355530 2242.5
1355540 2234.2
1355550 2234.2
1355560 2226.2
1355570 2219.2
1355580 2219.2
1355590 2211.3
1355600 2202.9
1355610 2202.9
1355620 2193.6
1355630 2183.3
1355640 2183.3
1355650 2174.4
1355660 2164.8
1355670 2164.8
1355680 2156.3
1355690 2148.0
1355700 2148.0
1355710 2139.5
1355720 2130.9
1355730 2130.9
1355740 2123.0
1355750 2115.0
1355760 2115.0
1355770 2105.8
1355780 2097.0
1355790 2088.0
1355800 2088.0
1355810 2080.6
1355820 2074.7
1355830 2074.7
1355840 2067.0
1355850 2059.7
1355860 2059.7
1355870 2051.5
1355880 2043.9
1355890 2043.9
1355900 2036.3
1355910 2030.7
1355920 2030.7
1355930 2024.7
1355940 2017.7
1355950 2027.0
1355960 2020.2
1355970 2011.5
1355980 2011.5
1355990 2002.1
1356000 1993.2
1356010 1984.7
1356020 1984.7
1356030 1973.4
1356040 1964.2
1356050 1964.2
1356060 1956.1
1356070 1948.2
1356080 1948.2
1356090 1940.2
1356100 1933.0
1356110 1933.0
1356120 1925.4
1356130 1919.0
1356140 1919.0
1356150 1912.6
1356160 1905.4
1356170 1905.4
1356180 1898.8
1356190 1891.3
1356200 1891.3
1356210 1885.3
1356220 1879.3
1356230 1873.4
1356240 1873.4
1356250 1867.4
1356260 1861.2
1356270 1861.2
1356280 1853.6
1356290 1844.0
1356300 1844.0
1356310 1834.8
1356320 1827.3
1356330 1827.3
1356340 1821.3
1356350 1814.7
1356360 1814.7
1356370 1807.8
1356380 1800.6
1356390 1800.6
1356400 1793.5
1356410 1786.5
1356420 1786.5
1356430 1779.6
1356440 1774.5
1356450 1771.3
1356460 1771.3
1356470 1766.4
1356480 1757.9
1356490 1757.9
1356500 1750.2
1356510 1742.2
1356520 1742.2
1356530 1734.4
1356540 1727.3
1356550 1727.3
1356560 1722.0
1356570 1716.6
1356580 1716.6
1356590 1710.4
1356600 1704.1
1356610 1704.1
1356620 1698.8
1356630 1693.7
1356640 1693.7
1356650 1687.8
1356660 1681.6
1356670 1681.6
1356680 1674.9
1356690 1668.7
1356700 1662.4
1356710 1662.4
1356720 1656.1
1356730 1651.5
1356740 1651.5
1356750 1647.9
1356760 1645.3
1356770 1645.3
1356780 1643.2
1356790 1641.3
1356800 1641.3
1356810 1639.3
1356820 1637.6
1356830 1637.6
1356840 1635.7
1356850 1634.2
1356860 1634.2
1356870 1632.2
1356880 1629.6
1356890 1629.6
1356900 1626.6
1356910 1625.3
1356920 1626.0
1356930 1626.0
1356940 1626.4
1356950 1626.3
1356960 1626.3
1356970 1627.0
1356980 1626.7
1356990 1626.7
1357000 1627.1
1357010 1627.9
1357020 1627.9
1357030 1629.2
1357040 1630.2
1357050 1630.2
1357060 1630.8
1357070 1632.2
1357080 1632.2
1357090 1634.3
1357100 1635.5
1357110 1635.5
1357120 1636.7
1357130 1637.9
1357140 1639.2
1357150 1639.2
1357160 1640.8
1357170 1642.7
1357180 1642.7
1357190 1644.2
1357200 1644.9
1357210 1644.9
1357220 1646.0
1357230 1647.7
1357240 1647.7
1357250 1648.3
1357260 1649.0
1357270 1649.0
1357280 1653.7
1357290 1662.4
1357300 1662.4
1357310 1668.9
1357320 1673.6
1357330 1673.6
1357340 1677.2
1357350 1679.8
1357360 1679.8
1357370 1681.2
1357380 1685.5
1357390 1691.3
1357400 1691.3
1357410 1696.5
1357420 1702.5
1357430 1702.5
1357440 1709.0
1357450 1715.9
1357460 1715.9
1357470 1724.3
1357480 1732.1
1357490 1732.1
1357500 1738.6
1357510 1743.6
1357520 1743.6
1357530 1748.2
1357540 1753.6
1357550 1753.6
1357560 1760.2
1357570 1766.0
1357580 1766.0
1357590 1770.3
1357600 1773.5
1357610 1777.2
1357620 1777.2
1357630 1782.6
1357640 1788.5
1357650 1788.5
1357660 1795.7
1357670 1803.3
1357680 1803.3
1357690 1811.4
1357700 1818.9
1357710 1818.9
1357720 1827.8
1357730 1833.6
1357740 1833.6
1357750 1837.8
1357760 1842.0
1357770 1842.0
1357780 1845.3
1357790 1848.0
1357800 1848.0
1357810 1849.3
1357820 1850.7
1357830 1855.8
1357840 1855.8
1357850 1863.9
1357860 1872.9
1357870 1872.9
1357880 1881.1
1357890 1887.8
1357900 1887.8
1357910 1893.8
1357920 1901.1
1357930 1901.1
1357940 1906.7
1357950 1913.1
1357960 1913.1
1357970 1918.9
1357980 1924.5
1357990 1924.5
1358000 1931.0
1358010 1938.5
1358020 1938.5
1358030 1947.3
1358040 1955.0
1358050 1955.0
1358060 1962.3
1358070 1968.5
1358080 1972.5
1358090 1972.5
1358100 1976.4
1358110 1983.2
1358120 1983.2
1358130 1988.7
1358140 1994.3
1358150 1994.3
1358160 2000.9
1358170 2007.6
1358180 2007.6
1358190 2015.2
1358200 2021.7
1358210 2021.7
1358220 2028.5
1358230 2035.6
1358240 2035.6
1358250 2042.8
1358260 2049.6
1358270 2049.6
1358280 2056.3
1358290 2062.2
1358300 2068.6
1358310 2068.6
1358320 2075.1
1358330 2081.9
1358340 2081.9
1358350 2088.7
1358360 2095.2
1358370 2095.2
1358380 2100.3
1358390 2104.0
1358400 2104.0
1358410 2106.9
1358420 2109.9
1358430 2109.9
1358440 2113.1
1358450 2116.8
1358460 2116.8
1358470 2120.8
1358480 2125.4
1358490 2125.4
1358500 2130.3
1358510 2134.8
1358520 2139.6
1358530 2139.6
1358540 2144.6
1358550 2149.3
1358560 2149.3
1358570 2153.6
1358580 2158.7
1358590 2158.7
1358600 2164.8
1358610 2172.3
1358620 2172.3
1358630 2179.5
1358640 2185.3
1358650 2185.3
1358660 2190.0
1358670 2194.8
1358680 2194.8
1358690 2200.7
1358700 2206.3
1358710 2206.3
1358720 2211.4
1358730 2215.8
1358740 2219.5
1358750 2219.5
1358760 2222.9
1358770 2226.2
1358780 2226.2
1358790 2229.2
1358800 2232.6
1358810 2232.6
1358820 2236.7
1358830 2240.9
1358840 2240.9
1358850 2246.1
1358860 2252.4
1358870 2252.4
1358880 2259.5
1358890 2266.7
1358900 2266.7
1358910 2273.9
1358920 2281.0
1358930 2281.0
1358940 2288.1
1358950 2301.6
1358960 2301.6
1358970 2312.5
1358980 2322.6
1358990 2330.3
1359000 2330.3
1359010 2338.0
1359020 2345.8
1359030 2345.8
1359040 2352.1
1359050 2358.0
1359060 2358.0
1359070 2363.6
1359080 2369.3
1359090 2369.3
1359100 2375.5
1359110 2381.8
1359120 2381.8
1359130 2388.5
1359140 2395.0
1359150 2395.0
1359160 2401.3
1359170 2406.8
1359180 2406.8
1359190 2412.1
1359200 2415.5
1359210 2417.6
1359220 2417.6
1359230 2419.9
1359240 2423.2
1359250 2423.2
1359260 2426.1
1359270 2430.4
1359280 2430.4
1359290 2438.2
1359300 2446.1
1359310 2446.1
1359320 2451.6
1359330 2454.5
1359340 2454.5
1359350 2456.8
1359360 2458.7
1359370 2458.7
1359380 2461.8
1359390 2464.7
1359400 2464.7
1359410 2468.0
1359420 2472.2
1359430 2476.7
1359440 2476.7
1359450 2481.3
1359460 2485.9
1359470 2485.9
1359480 2491.3
1359490 2496.1
1359500 2496.1
1359510 2501.1
1359520 2506.6
1359530 2506.6
1359540 2511.7
1359550 2516.3
1359560 2516.3
1359570 2521.1
1359580 2525.7
1359590 2525.7
1359600 2530.3
1359610 2535.1
1359620 2535.1
1359630 2540.1
1359640 2544.7
1359650 2544.7
1359660 2549.2
1359670 2552.9
1359680 2555.4
1359690 2555.4
1359700 2559.0
1359710 2562.7
1359720 2562.7
1359730 2566.2
1359740 2569.4
1359750 2569.4
1359760 2571.8
1359770 2574.3
1359780 2574.3
1359790 2576.9
1359800 2579.6
1359810 2579.6
1359820 2583.0
1359830 2586.8
1359840 2586.8
1359850 2591.6
1359860 2595.6
1359870 2595.6
1359880 2599.5
1359890 2603.9
1359900 2608.6
1359910 2608.6
1359920 2613.0
1359930 2617.4
1359940 2617.4
1359950 2620.8
1359960 2623.5
1359970 2622.7
1359980 2625.5
1359990 2628.1
