1340000 2625.0
1340010 2625.0
1340020 2625.7
1340030 2626.2
1340040 2628.8
1340050 2628.8
1340060 2632.0
1340070 2635.5
1340080 2635.5
1340090 2639.7
1340100 2637.3
1340110 2637.3
1340120 2644.4
1340130 2656.2
1340140 2656.2
1340150 2666.5
1340160 2671.2
1340170 2671.2
1340180 2671.1
1340190 2668.3
1340200 2668.3
1340210 2666.2
1340220 2666.7
1340230 2666.7
1340240 2668.2
1340250 2670.9
1340260 2674.3
1340270 2674.3
1340280 2677.9
1340290 2682.0
1340300 2682.0
1340310 2686.5
1340320 2689.2
1340330 2689.2
1340340 2688.8
1340350 2687.2
1340360 2687.2
1340370 2687.5
1340380 2689.7
1340390 2689.7
1340400 2695.2
1340410 2702.2
1340420 2702.2
1340430 2708.2
1340440 2712.7
1340450 2712.7
1340460 2718.2
1340470 2719.4
1340480 2719.4
1340490 2713.7
1340500 2705.7
1340510 2696.7
1340520 2696.7
1340530 2686.7
1340540 2677.1
1340550 2677.1
1340560 2667.9
1340570 2657.1
1340580 2657.1
1340590 2645.9
1340600 2636.2
1340610 2636.2
1340620 2627.4
1340630 2619.0
1340640 2619.0
1340650 2611.2
1340660 2604.4
1340670 2604.4
1340680 2598.0
1340690 2591.9
1340700 2591.9
1340710 2585.9
1340720 2579.7
1340730 2573.4
1340740 2573.4
1340750 2568.0
1340760 2562.6
1340770 2562.6
1340780 2557.8
1340790 2551.4
1340800 2551.4
1340810 2541.4
1340820 2528.7
1340830 2528.7
1340840 2514.6
1340850 2504.5
1340860 2504.5
1340870 2498.4
1340880 2492.5
1340890 2492.5
1340900 2486.9
1340910 2482.0
1340920 2482.0
1340930 2478.1
1340940 2475.1
1340950 2472.6
1340960 2472.6
1340970 2470.4
1340980 2465.5
1340990 2465.5
1341000 2463.4
1341010 2460.4
1341020 2460.4
1341030 2457.9
1341040 2455.6
1341050 2455.6
1341060 2453.3
1341070 2451.1
1341080 2451.1
1341090 2448.9
1341100 2446.4
1341110 2446.4
1341120 2444.7
1341130 2442.0
1341140 2442.0
1341150 2437.7
1341160 2433.0
1341170 2433.0
1341180 2428.1
1341190 2423.3
1341200 2419.1
1341210 2419.1
1341220 2415.5
1341230 2412.8
1341240 2412.8
1341250 2409.7
1341260 2406.2
1341270 2406.2
1341280 2401.9
1341290 2397.2
1341300 2397.2
1341310 2392.3
1341320 2386.2
1341330 2386.2
1341340 2379.5
1341350 2372.5
1341360 2372.5
1341370 2366.1
1341380 2359.9
1341390 2359.9
1341400 2354.9
1341410 2349.9
1341420 2344.9
1341430 2344.9
1341440 2339.9
1341450 2335.3
1341460 2335.3
1341470 2331.2
1341480 2330.3
1341490 2330.3
1341500 2330.1
1341510 2328.2
1341520 2328.2
1341530 2328.4
1341540 2328.6
1341550 2328.6
1341560 2327.6
1341570 2327.8
1341580 2327.8
1341590 2329.3
1341600 2331.5
1341610 2331.5
1341620 2334.0
1341630 2336.8
1341640 2341.1
1341650 2341.1
1341660 2346.5
1341670 2353.1
1341680 2353.1
1341690 2360.9
1341700 2369.5
1341710 2369.5
1341720 2378.5
1341730 2388.9
1341740 2388.9
1341750 2396.8
1341760 2401.5
1341770 2401.5
1341780 2405.8
1341790 2410.6
1341800 2410.6
1341810 2412.9
1341820 2415.1
1341830 2415.1
1341840 2416.9
1341850 2417.7
1341860 2417.7
1341870 2415.3
1341880 2415.9
1341890 2416.3
1341900 2416.3
1341910 2417.7
1341920 2419.1
1341930 2419.1
1341940 2419.8
1341950 2420.3
1341960 2420.3
1341970 2421.1
1341980 2421.1
1341990 2421.1
1342000 2420.9
1342010 2421.8
1342020 2421.8
1342030 2422.9
1342040 2423.8
1342050 2423.8
1342060 2425.1
1342070 2425.2
1342080 2425.2
1342090 2425.8
1342100 2426.5
1342110 2427.5
1342120 2427.5
1342130 2429.7
1342140 2432.6
1342150 2432.6
1342160 2434.3
1342170 2436.2
1342180 2436.2
1342190 2437.1
1342200 2436.8
1342210 2436.8
1342220 2437.0
1342230 2437.8
1342240 2437.8
1342250 2438.5
1342260 2438.8
1342270 2438.8
1342280 2440.1
1342290 2442.2
1342300 2442.2
1342310 2443.6
1342320 2445.9
1342330 2447.7
1342340 2447.7
1342350 2448.9
1342360 2451.6
1342370 2451.6
1342380 2455.4
1342390 2457.7
1342400 2457.7
1342410 2460.1
1342420 2462.5
1342430 2462.5
1342440 2465.0
1342450 2466.2
1342460 2466.2
1342470 2467.3
1342480 2469.7
1342490 2469.7
1342500 2472.0
1342510 2472.8
1342520 2472.8
1342530 2474.9
1342540 2477.9
1342550 2477.9
1342560 2479.7
1342570 2481.0
1342580 2484.1
1342590 2484.1
1342600 2487.6
1342610 2490.5
1342620 2490.5
1342630 2492.2
1342640 2492.4
1342650 2492.4
1342660 2493.0
1342670 2494.2
1342680 2494.2
1342690 2497.7
1342700 2500.1
1342710 2500.1
1342720 2500.3
1342730 2500.6
1342740 2500.6
1342750 2502.0
1342760 2499.2
1342770 2499.2
1342780 2500.8
1342790 2502.2
1342800 2503.4
1342810 2503.4
1342820 2505.0
1342830 2507.1
1342840 2507.1
1342850 2510.2
1342860 2513.4
1342870 2513.4
1342880 2516.9
1342890 2521.1
1342900 2521.1
1342910 2525.9
1342920 2530.9
1342930 2530.9
1342940 2535.2
1342950 2539.7
1342960 2539.7
1342970 2544.9
1342980 2553.3
1342990 2553.3
1343000 2566.9
1343010 2586.8
1343020 2604.6
1343030 2604.6
1343040 2614.3
1343050 2618.4
1343060 2618.4
1343070 2621.6
1343080 2626.0
1343090 2626.0
1343100 2631.1
1343110 2636.6
1343120 2636.6
1343130 2641.6
1343140 2647.7
1343150 2647.7
1343160 2655.9
1343170 2667.0
1343180 2667.0
1343190 2681.9
1343200 2700.5
1343210 2700.5
1343220 2708.6
1343230 2696.7
1343240 2696.7
1343250 2683.5
1343260 2669.2
1343270 2647.9
1343280 2647.9
1343290 2636.2
1343300 2632.1
1343310 2632.1
1343320 2627.9
1343330 2625.1
1343340 2625.1
1343350 2623.3
1343360 2622.5
1343370 2622.5
1343380 2621.7
1343390 2621.2
1343400 2621.2
1343410 2621.3
1343420 2620.1
1343430 2620.1
1343440 2619.1
1343450 2618.4
1343460 2618.4
1343470 2618.7
1343480 2620.3
1343490 2621.6
1343500 2621.6
1343510 2622.2
1343520 2622.2
1343530 2622.2
1343540 2621.3
1343550 2618.7
1343560 2618.7
1343570 2615.4
1343580 2612.3
1343590 2612.3
1343600 2612.6
1343610 2611.5
1343620 2611.5
1343630 2610.5
1343640 2610.8
1343650 2610.8
1343660 2608.9
1343670 2609.7
1343680 2609.7
1343690 2610.6
1343700 2609.9
1343710 2607.6
1343720 2607.6
1343730 2607.0
1343740 2607.5
1343750 2607.5
1343760 2607.0
1343770 2606.0
1343780 2606.0
1343790 2605.5
1343800 2605.1
1343810 2605.1
1343820 2603.8
1343830 2602.1
1343840 2602.1
1343850 2600.6
1343860 2598.9
1343870 2598.9
1343880 2597.7
1343890 2597.1
1343900 2597.1
1343910 2596.4
1343920 2595.6
1343930 2595.6
1343940 2594.6
1343950 2593.8
1343960 2594.2
1343970 2594.2
1343980 2595.1
1343990 2595.5
1344000 2595.5
1344010 2596.4
1344020 2597.5
1344030 2597.5
1344040 2599.7
1344050 2601.9
1344060 2601.9
1344070 2604.0
1344080 2606.8
1344090 2606.8
1344100 2610.7
1344110 2614.9
1344120 2614.9
1344130 2626.8
1344140 2644.4
1344150 2644.4
1344160 2652.8
1344170 2653.7
1344180 2641.1
1344190 2641.1
1344200 2620.8
1344210 2604.7
1344220 2604.7
1344230 2594.8
1344240 2590.1
1344250 2590.1
1344260 2588.9
1344270 2588.7
1344280 2588.7
1344290 2588.8
1344300 2589.5
1344310 2589.5
1344320 2591.2
1344330 2592.8
1344340 2592.8
1344350 2593.8
1344360 2594.8
1344370 2594.8
1344380 2595.2
1344390 2593.7
1344400 2593.7
1344410 2593.7
1344420 2597.0
1344430 2600.9
1344440 2600.9
1344450 2603.5
1344460 2607.6
1344470 2607.6
1344480 2609.2
1344490 2608.6
1344500 2608.6
1344510 2607.2
1344520 2608.1
1344530 2608.1
1344540 2609.6
1344550 2610.4
1344560 2607.4
1344570 2606.7
1344580 2607.4
1344590 2607.4
1344600 2608.9
1344610 2613.7
1344620 2613.7
1344630 2617.4
1344640 2620.4
1344650 2624.3
1344660 2624.3
1344670 2628.1
1344680 2631.1
1344690 2631.1
1344700 2637.9
1344710 2647.4
1344720 2647.4
1344730 2648.0
1344740 2649.4
1344750 2649.4
1344760 2647.8
1344770 2648.5
1344780 2648.5
1344790 2649.7
1344800 2651.0
1344810 2651.0
1344820 2650.9
1344830 2649.6
1344840 2649.6
1344850 2650.2
1344860 2654.0
1344870 2657.0
1344880 2657.0
1344890 2658.2
1344900 2661.2
1344910 2661.2
1344920 2664.4
1344930 2666.3
1344940 2666.3
1344950 2668.1
1344960 2669.5
1344970 2669.5
1344980 2670.2
1344990 2669.6
1345000 2669.6
1345010 2667.6
1345020 2665.1
1345030 2665.1
1345040 2663.7
1345050 2665.3
1345060 2665.3
1345070 2668.2
1345080 2670.7
1345090 2670.7
1345100 2670.4
1345110 2668.0
1345120 2666.0
1345130 2666.0
1345140 2664.5
1345150 2661.2
1345160 2661.2
1345170 2658.4
1345180 2657.3
1345190 2657.3
1345200 2656.4
1345210 2655.1
1345220 2655.1
1345230 2653.0
1345240 2653.0
1345250 2653.0
1345260 2654.1
1345270 2655.7
1345280 2655.7
1345290 2657.5
1345300 2659.5
1345310 2659.5
1345320 2662.8
1345330 2666.8
1345340 2671.5
1345350 2671.5
1345360 2676.8
1345370 2680.9
1345380 2680.9
1345390 2682.7
1345400 2682.1
1345410 2682.1
1345420 2683.0
1345430 2684.5
1345440 2684.5
1345450 2687.0
1345460 2688.9
1345470 2686.8
1345480 2687.1
1345490 2686.9
1345500 2686.9
1345510 2689.0
1345520 2694.0
1345530 2694.0
1345540 2699.5
1345550 2704.4
1345560 2708.4
1345570 2708.4
1345580 2710.1
1345590 2709.3
1345600 2709.3
1345610 2708.4
1345620 2708.9
1345630 2708.9
1345640 2713.5
1345650 2727.2
1345660 2727.2
1345670 2743.1
1345680 2752.8
1345690 2752.8
1345700 2755.0
1345710 2757.0
1345720 2757.0
1345730 2761.1
1345740 2765.3
1345750 2765.3
1345760 2769.9
1345770 2773.9
1345780 2773.9
1345790 2777.7
1345800 2781.7
1345810 2786.5
1345820 2786.5
1345830 2790.4
1345840 2793.8
1345850 2793.8
1345860 2797.2
1345870 2800.5
1345880 2800.5
1345890 2803.8
1345900 2806.9
1345910 2806.9
1345920 2810.9
1345930 2815.1
1345940 2815.1
1345950 2819.2
1345960 2823.1
1345970 2823.1
1345980 2827.3
1345990 2831.4
1346000 2831.4
1346010 2835.6
1346020 2840.3
1346030 2845.6
1346040 2845.6
1346050 2851.2
1346060 2856.8
1346070 2856.8
1346080 2862.0
1346090 2867.2
1346100 2867.2
1346110 2872.3
1346120 2877.4
1346130 2877.4
1346140 2882.4
1346150 2887.5
1346160 2887.5
1346170 2892.5
1346180 2897.5
1346190 2897.5
1346200 2902.6
1346210 2908.1
1346220 2908.1
1346230 2914.4
1346240 2921.1
1346250 2928.2
1346260 2928.2
1346270 2935.8
1346280 2943.6
1346290 2943.6
1346300 2952.0
1346310 2961.5
1346320 2961.5
1346330 2975.3
1346340 2990.0
1346350 2990.0
1346360 3002.3
1346370 3011.7
1346380 3011.7
1346390 3037.0
1346400 3057.1
1346410 3057.1
1346420 3074.4
1346430 3085.6
1346440 3085.6
1346450 3092.9
1346460 3099.5
1346470 3099.5
1346480 3104.7
1346490 3110.4
1346500 3117.9
1346510 3117.9
1346520 3125.5
1346530 3134.0
1346540 3134.0
1346550 3142.2
1346560 3150.2
1346570 3150.2
1346580 3157.7
1346590 3165.7
1346600 3165.7
1346610 3175.2
1346620 3178.5
1346630 3178.5
1346640 3173.5
1346650 3170.6
1346660 3170.6
1346670 3171.5
1346680 3172.9
1346690 3172.9
1346700 3171.1
1346710 3174.6
1346720 3173.3
1346730 3173.3
1346740 3169.7
1346750 3158.9
1346760 3158.9
1346770 3144.8
1346780 3134.5
1346790 3134.5
1346800 3125.0
1346810 3114.9
1346820 3114.9
1346830 3104.4
1346840 3092.8
1346850 3092.8
1346860 3079.2
1346870 3067.8
1346880 3067.8
1346890 3057.6
1346900 3049.7
1346910 3049.7
1346920 3042.9
1346930 3037.2
1346940 3032.2
1346950 3032.2
1346960 3028.7
1346970 3026.0
1346980 3026.0
1346990 3023.9
1347000 3021.9
1347010 3021.9
1347020 3020.0
1347030 3018.6
1347040 3018.6
1347050 3018.1
1347060 3017.2
1347070 3017.2
1347080 3016.5
1347090 3016.4
1347100 3016.4
1347110 3016.4
1347120 3016.0
1347130 3016.0
1347140 3015.7
1347150 3015.4
1347160 3015.4
1347170 3015.2
1347180 3015.1
1347190 3016.1
1347200 3016.1
1347210 3017.8
1347220 3018.8
1347230 3018.8
1347240 3019.0
1347250 3019.1
1347260 3019.1
1347270 3019.1
1347280 3018.9
1347290 3018.9
1347300 3018.7
1347310 3017.2
1347320 3017.2
1347330 3016.8
1347340 3016.4
1347350 3016.4
1347360 3015.9
1347370 3015.3
1347380 3015.3
1347390 3014.7
1347400 3014.0
1347410 3013.2
1347420 3013.2
1347430 3012.2
1347440 3011.2
1347450 3011.2
1347460 3010.1
1347470 3009.1
1347480 3009.1
1347490 3008.1
1347500 3007.1
1347510 3007.1
1347520 3006.1
1347530 3005.2
1347540 3005.2
1347550 3004.7
1347560 3003.9
1347570 3003.9
1347580 3003.1
1347590 3003.3
1347600 3003.3
1347610 3004.2
1347620 3005.7
1347630 3008.1
1347640 3008.1
1347650 3010.9
1347660 3014.0
1347670 3014.0
1347680 3017.3
1347690 3020.9
1347700 3020.9
1347710 3025.9
1347720 3037.1
1347730 3037.1
1347740 3047.0
1347750 3055.4
1347760 3055.4
1347770 3064.0
1347780 3074.9
1347790 3074.9
1347800 3086.8
1347810 3099.3
1347820 3099.3
1347830 3110.8
1347840 3123.0
1347850 3123.0
1347860 3134.4
1347870 3144.4
1347880 3156.0
1347890 3156.0
1347900 3168.0
1347910 3175.6
1347920 3175.6
1347930 3179.8
1347940 3174.9
1347950 3174.9
1347960 3168.4
1347970 3165.2
1347980 3165.2
1347990 3153.0
1348000 3137.6
1348010 3137.6
1348020 3130.6
1348030 3138.1
1348040 3138.1
1348050 3147.3
1348060 3152.2
1348070 3152.2
1348080 3159.2
1348090 3171.8
1348100 3176.0
1348110 3176.0
1348120 3181.9
1348130 3183.3
1348140 3183.3
1348150 3184.1
1348160 3187.6
1348170 3187.6
1348180 3194.2
1348190 3206.9
1348200 3206.9
1348210 3221.0
1348220 3234.7
1348230 3234.7
1348240 3217.1
1348250 3210.2
1348260 3210.2
1348270 3195.2
1348280 3185.2
1348290 3185.2
1348300 3166.9
1348310 3152.5
1348320 3136.5
1348330 3136.5
1348340 3128.8
1348350 3121.8
1348360 3121.8
1348370 3115.7
1348380 3110.9
1348390 3110.9
1348400 3106.6
1348410 3102.5
1348420 3102.5
1348430 3098.0
1348440 3093.3
1348450 3093.3
1348460 3088.9
1348470 3084.7
1348480 3084.7
1348490 3081.1
1348500 3077.6
1348510 3077.6
1348520 3074.6
1348530 3071.0
1348540 3071.0
1348550 3066.8
1348560 3061.8
1348570 3058.1
1348580 3058.1
1348590 3055.2
1348600 3051.6
1348610 3051.6
1348620 3047.6
1348630 3043.4
1348640 3043.4
1348650 3039.2
1348660 3035.2
1348670 3035.2
1348680 3031.3
1348690 3027.1
1348700 3027.1
1348710 3023.5
1348720 3019.1
1348730 3019.1
1348740 3014.2
1348750 3008.8
1348760 3008.8
1348770 3003.1
1348780 2997.3
1348790 2991.8
1348800 2991.8
1348810 2986.3
1348820 2981.5
1348830 2981.5
1348840 2976.7
1348850 2971.6
1348860 2971.6
1348870 2966.5
1348880 2961.6
1348890 2961.6
1348900 2956.8
1348910 2952.0
1348920 2952.0
1348930 2947.3
1348940 2942.5
1348950 2942.5
1348960 2937.8
1348970 2932.9
1348980 2932.9
1348990 2927.5
1349000 2920.8
1349010 2916.4
1349020 2916.4
1349030 2913.8
1349040 2909.8
1349050 2909.8
1349060 2904.8
1349070 2899.8
1349080 2899.8
1349090 2895.2
1349100 2890.5
1349110 2890.5
1349120 2885.6
1349130 2879.0
1349140 2879.0
1349150 2874.6
1349160 2869.0
1349170 2869.0
1349180 2865.2
1349190 2860.3
1349200 2860.3
1349210 2855.1
1349220 2850.1
1349230 2850.1
1349240 2845.2
1349250 2839.8
1349260 2833.7
1349270 2833.7
1349280 2828.2
1349290 2822.0
1349300 2822.0
1349310 2815.4
1349320 2808.9
1349330 2808.9
1349340 2802.4
1349350 2796.0
1349360 2796.0
1349370 2789.9
1349380 2783.4
1349390 2783.4
1349400 2776.5
1349410 2769.8
1349420 2769.8
1349430 2763.7
1349440 2758.2
1349450 2758.2
1349460 2753.4
1349470 2748.3
1349480 2744.1
1349490 2744.1
1349500 2738.3
1349510 2733.5
1349520 2733.5
1349530 2730.0
1349540 2722.4
1349550 2722.4
1349560 2716.0
1349570 2713.1
1349580 2713.1
1349590 2706.8
1349600 2699.7
1349610 2699.7
1349620 2693.3
1349630 2688.3
1349640 2688.3
1349650 2684.6
1349660 2680.3
1349670 2680.3
1349680 2675.8
1349690 2671.1
1349700 2666.5
1349710 2666.5
1349720 2662.6
1349730 2658.7
1349740 2658.7
1349750 2655.3
1349760 2650.7
1349770 2650.7
1349780 2643.0
1349790 2636.3
1349800 2636.3
1349810 2630.4
1349820 2625.0
1349830 2625.0
1349840 2617.6
1349850 2612.1
1349860 2612.1
1349870 2608.0
1349880 2598.1
1349890 2598.1
1349900 2545.2
1349910 2519.2
1349920 2519.2
1349930 2513.1
1349940 2507.2
1349950 2500.5
1349960 2500.5
1349970 2494.3
1349980 2488.3
1349990 2488.3
1350000 2481.8
1350010 2475.0
1350020 2475.0
1350030 2468.1
1350040 2461.1
1350050 2461.1
1350060 2455.5
1350070 2449.8
1350080 2449.8
1350090 2444.3
1350100 2438.6
1350110 2438.6
1350120 2433.3
1350130 2428.8
1350140 2428.8
1350150 2425.1
1350160 2422.6
1350170 2420.3
1350180 2420.3
1350190 2418.7
1350200 2419.0
1350210 2419.0
1350220 2420.4
1350230 2423.6
1350240 2423.6
1350250 2425.0
1350260 2421.1
1350270 2421.1
1350280 2416.1
1350290 2414.0
1350300 2414.0
1350310 2413.8
1350320 2415.4
1350330 2415.4
1350340 2415.5
1350350 2409.1
1350360 2409.1
1350370 2403.9
1350380 2400.6
1350390 2397.9
1350400 2397.9
1350410 2394.7
1350420 2387.8
1350430 2387.8
1350440 2385.4
1350450 2382.9
1350460 2382.9
1350470 2378.1
1350480 2373.0
1350490 2373.0
1350500 2368.8
1350510 2365.9
1350520 2365.9
1350530 2362.7
1350540 2361.5
1350550 2361.5
1350560 2360.2
1350570 2358.6
1350580 2358.6
1350590 2357.0
1350600 2359.2
1350610 2359.2
1350620 2362.7
1350630 2366.4
1350640 2371.8
1350650 2371.8
1350660 2376.0
1350670 2380.5
1350680 2380.5
1350690 2384.9
1350700 2389.6
1350710 2389.6
1350720 2394.1
1350730 2399.5
1350740 2399.5
1350750 2402.2
1350760 2403.4
1350770 2403.4
1350780 2405.2
1350790 2406.9
1350800 2406.9
1350810 2409.9
1350820 2414.0
1350830 2414.0
1350840 2416.6
1350850 2418.6
1350860 2421.0
1350870 2421.0
1350880 2423.9
1350890 2424.7
1350900 2424.7
1350910 2424.2
1350920 2423.7
1350930 2423.7
1350940 2425.2
1350950 2427.6
1350960 2427.6
1350970 2429.3
1350980 2430.6
1350990 2430.6
1351000 2432.9
1351010 2434.2
1351020 2434.2
1351030 2435.0
1351040 2435.5
1351050 2435.5
1351060 2435.6
1351070 2429.4
1351080 2429.7
1351090 2429.7
1351100 2429.1
1351110 2427.8
1351120 2427.8
1351130 2427.1
1351140 2426.4
1351150 2426.4
1351160 2426.6
1351170 2428.0
1351180 2428.0
1351190 2429.2
1351200 2430.2
1351210 2430.2
1351220 2430.0
1351230 2428.2
1351240 2428.2
1351250 2425.2
1351260 2423.7
1351270 2423.7
1351280 2420.6
1351290 2417.0
1351300 2417.0
1351310 2414.6
1351320 2411.9
1351330 2406.4
1351340 2406.4
1351350 2403.3
1351360 2400.0
1351370 2400.0
1351380 2394.6
1351390 2388.8
1351400 2388.8
1351410 2388.6
1351420 2389.9
1351430 2389.9
1351440 2393.4
1351450 2395.2
1351460 2395.2
1351470 2396.8
1351480 2398.7
1351490 2398.7
1351500 2399.1
1351510 2397.6
1351520 2397.6
1351530 2396.3
1351540 2395.1
1351550 2393.7
1351560 2393.7
1351570 2390.7
1351580 2386.1
1351590 2386.1
1351600 2378.9
1351610 2369.9
1351620 2369.9
1351630 2363.3
1351640 2356.7
1351650 2356.7
1351660 2349.1
1351670 2341.8
1351680 2341.8
1351690 2334.9
1351700 2327.4
1351710 2327.4
1351720 2318.4
1351730 2309.8
1351740 2309.8
1351750 2302.1
1351760 2293.8
1351770 2287.6
1351780 2287.6
1351790 2280.5
1351800 2274.0
1351810 2274.0
1351820 2270.1
1351830 2267.0
1351840 2267.0
1351850 2263.5
1351860 2258.3
1351870 2258.3
1351880 2254.1
1351890 2249.2
1351900 2249.2
1351910 2243.5
1351920 2239.5
1351930 2239.5
1351940 2236.3
1351950 2232.7
1351960 2232.7
1351970 2227.1
1351980 2223.5
1351990 2223.5
1352000 2221.1
1352010 2216.0
1352020 2205.5
1352030 2205.5
1352040 2202.4
1352050 2199.3
1352060 2199.3
1352070 2197.8
1352080 2195.5
1352090 2195.5
1352100 2192.9
1352110 2189.4
1352120 2189.4
1352130 2185.1
1352140 2180.3
1352150 2180.3
1352160 2175.1
1352170 2169.2
1352180 2169.2
1352190 2163.7
1352200 2158.7
1352210 2158.7
1352220 2150.2
1352230 2139.9
1352240 2131.9
1352250 2131.9
1352260 2125.2
1352270 2116.6
1352280 2116.6
1352290 2109.4
1352300 2104.8
1352310 2104.8
1352320 2099.4
1352330 2094.8
1352340 2094.8
1352350 2090.8
1352360 2087.0
1352370 2087.0
1352380 2083.3
1352390 2079.2
1352400 2079.2
1352410 2075.2
1352420 2071.2
1352430 2071.2
1352440 2067.1
1352450 2064.5
1352460 2061.0
1352470 2061.0
1352480 2057.8
1352490 2055.2
1352500 2055.2
1352510 2052.4
1352520 2051.5
1352530 2051.5
1352540 2051.0
1352550 2049.7
1352560 2049.7
1352570 2049.2
1352580 2047.6
1352590 2047.6
1352600 2042.7
1352610 2037.1
1352620 2037.1
1352630 2032.9
1352640 2029.9
1352650 2029.9
1352660 2028.4
1352670 2026.9
1352680 2026.9
1352690 2024.3
1352700 2022.2
1352710 2020.0
1352720 2020.0
1352730 2015.7
1352740 2011.5
1352750 2011.5
1352760 2006.3
1352770 1999.7
1352780 1999.7
1352790 1994.5
1352800 1992.7
1352810 1992.7
1352820 1993.5
1352830 1994.8
1352840 1994.8
1352850 1995.8
1352860 1998.6
1352870 1998.6
1352880 2002.9
1352890 2004.8
1352900 2004.8
1352910 2008.6
1352920 2013.0
1352930 2016.3
1352940 2016.3
1352950 2016.6
1352960 2021.1
1352970 2021.1
1352980 2028.1
1352990 2038.8
1353000 2038.8
1353010 2044.9
1353020 2050.0
1353030 2050.0
1353040 2054.4
1353050 2058.3
1353060 2058.3
1353070 2064.4
1353080 2070.9
1353090 2070.9
1353100 2077.6
1353110 2085.5
1353120 2085.5
1353130 2092.0
1353140 2097.7
1353150 2101.0
1353160 2101.0
1353170 2105.4
1353180 2111.7
1353190 2111.7
1353200 2119.3
1353210 2125.7
1353220 2125.7
1353230 2130.1
1353240 2135.3
1353250 2135.3
1353260 2140.9
1353270 2147.0
1353280 2147.0
1353290 2151.9
1353300 2156.8
1353310 2156.8
1353320 2161.4
1353330 2165.2
1353340 2165.2
1353350 2168.7
1353360 2173.3
1353370 2173.3
1353380 2178.8
1353390 2184.4
1353400 2189.7
1353410 2189.7
1353420 2193.7
1353430 2198.0
1353440 2198.0
1353450 2202.2
1353460 2205.6
1353470 2205.6
1353480 2207.7
1353490 2208.4
1353500 2208.4
1353510 2209.3
1353520 2208.9
1353530 2208.9
1353540 2208.9
1353550 2209.7
1353560 2209.7
1353570 2211.1
1353580 2212.6
1353590 2212.6
1353600 2214.2
1353610 2215.4
1353620 2217.2
1353630 2217.2
1353640 2218.8
1353650 2218.5
1353660 2218.5
1353670 2217.8
1353680 2216.5
1353690 2216.5
1353700 2216.3
1353710 2215.6
1353720 2215.6
1353730 2215.1
1353740 2215.7
1353750 2215.7
1353760 2216.0
1353770 2216.4
1353780 2216.4
1353790 2216.3
1353800 2216.1
1353810 2216.1
1353820 2215.7
1353830 2214.4
1353840 2212.9
1353850 2212.9
1353860 2211.3
1353870 2209.9
1353880 2209.9
1353890 2208.1
1353900 2205.2
1353910 2205.2
1353920 2204.4
1353930 2205.1
1353940 2205.1
1353950 2204.4
1353960 2208.3
1353970 2208.3
1353980 2208.0
1353990 2210.3
1354000 2210.3
1354010 2211.3
1354020 2210.7
1354030 2210.7
1354040 2210.2
1354050 2207.3
1354060 2207.3
1354070 2206.9
1354080 2206.5
1354090 2205.3
1354100 2205.3
1354110 2204.6
1354120 2202.8
1354130 2202.8
1354140 2200.1
1354150 2197.6
1354160 2197.6
1354170 2195.4
1354180 2191.0
1354190 2191.0
1354200 2185.5
1354210 2168.1
1354220 2168.1
1354230 2158.2
1354240 2155.3
1354250 2155.3
1354260 2144.4
1354270 2134.3
1354280 2134.3
1354290 2124.2
1354300 2118.4
1354310 2117.5
1354320 2117.5
1354330 2112.9
1354340 2110.8
1354350 2110.8
1354360 2112.7
1354370 2115.1
1354380 2115.1
1354390 2115.9
1354400 2114.2
1354410 2114.2
1354420 2111.5
1354430 2109.3
1354440 2109.3
1354450 2108.2
1354460 2107.9
1354470 2107.9
1354480 2106.8
1354490 2105.0
1354500 2105.0
1354510 2102.9
1354520 2100.4
1354530 2097.6
1354540 2097.6
1354550 2096.2
1354560 2096.4
1354570 2096.4
1354580 2099.0
1354590 2102.7
1354600 2102.7
1354610 2107.4
1354620 2110.4
1354630 2110.4
1354640 2111.2
1354650 2108.4
1354660 2108.4
1354670 2108.3
1354680 2108.0
1354690 2108.0
1354700 2109.8
1354710 2112.3
1354720 2112.3
1354730 2113.5
1354740 2112.5
1354750 2112.5
1354760 2111.5
1354770 2105.6
1354780 2096.5
1354790 2096.5
1354800 2083.4
1354810 2075.9
1354820 2075.9
1354830 2063.8
1354840 2054.4
1354850 2054.4
1354860 2048.7
1354870 2045.6
1354880 2045.6
1354890 2044.0
1354900 2040.4
1354910 2040.4
1354920 2034.6
1354930 2039.3
1354940 2039.3
1354950 2041.9
1354960 2039.8
1354970 2039.8
1354980 2038.7
1354990 2037.3
1355000 2036.2
1355010 2036.2
1355020 2032.7
1355030 2028.9
1355040 2028.9
1355050 2018.9
1355060 2008.7
1355070 2008.7
1355080 2000.5
1355090 2003.9
1355100 2003.9
1355110 2012.0
1355120 2015.4
1355130 2015.4
1355140 2015.2
1355150 2014.7
1355160 2014.7
1355170 2011.2
1355180 2003.2
1355190 2003.2
1355200 1991.0
1355210 1979.9
1355220 1971.5
1355230 1971.5
1355240 1964.8
1355250 1959.8
1355260 1959.8
1355270 1955.9
1355280 1950.8
1355290 1950.8
1355300 1947.0
1355310 1942.1
1355320 1942.1
1355330 1938.9
1355340 1936.7
1355350 1936.7
1355360 1934.4
1355370 1932.6
1355380 1932.6
1355390 1930.9
1355400 1928.5
1355410 1928.5
1355420 1926.0
1355430 1923.6
1355440 1923.6
1355450 1922.0
1355460 1921.2
1355470 1921.2
1355480 1921.2
1355490 1920.7
1355500 1920.0
1355510 1920.0
1355520 1918.4
1355530 1917.0
1355540 1917.0
1355550 1915.0
1355560 1912.5
1355570 1912.5
1355580 1910.7
1355590 1911.6
1355600 1911.6
1355610 1912.2
1355620 1912.7
1355630 1912.7
1355640 1912.4
1355650 1910.9
1355660 1910.9
1355670 1910.2
1355680 1911.4
1355690 1911.5
1355700 1911.5
1355710 1911.2
1355720 1912.0
1355730 1912.0
1355740 1914.0
1355750 1913.8
1355760 1913.8
1355770 1914.6
1355780 1915.4
1355790 1915.4
1355800 1915.0
1355810 1914.9
1355820 1914.9
1355830 1915.9
1355840 1911.7
1355850 1911.7
1355860 1908.7
1355870 1906.3
1355880 1906.3
1355890 1903.4
1355900 1900.4
1355910 1898.1
1355920 1898.3
1355930 1895.5
1355940 1892.0
1355950 1892.0
1355960 1888.2
1355970 1885.0
1355980 1885.0
1355990 1881.7
1356000 1877.9
1356010 1877.9
1356020 1873.8
1356030 1869.1
1356040 1869.1
1356050 1863.9
1356060 1857.8
1356070 1857.8
1356080 1850.9
1356090 1845.0
1356100 1845.0
1356110 1841.6
1356120 1840.6
1356130 1840.6
1356140 1838.1
1356150 1834.9
1356160 1831.0
1356170 1831.0
1356180 1827.1
1356190 1822.1
1356200 1822.1
1356210 1817.9
1356220 1814.0
1356230 1814.0
1356240 1810.3
1356250 1806.9
1356260 1806.9
1356270 1805.1
1356280 1802.1
1356290 1802.1
1356300 1798.3
1356310 1793.5
1356320 1793.5
1356330 1789.4
1356340 1785.8
1356350 1785.8
1356360 1781.9
1356370 1777.6
1356380 1771.5
1356390 1771.5
1356400 1764.8
1356410 1758.3
1356420 1758.3
1356430 1752.8
1356440 1746.8
1356450 1746.8
1356460 1741.1
1356470 1735.2
1356480 1735.2
1356490 1729.6
1356500 1723.5
1356510 1723.5
1356520 1718.1
1356530 1712.5
1356540 1712.5
1356550 1706.8
1356560 1702.0
1356570 1702.0
1356580 1696.9
1356590 1691.8
1356600 1686.5
1356610 1686.5
1356620 1680.9
1356630 1676.2
1356640 1676.2
1356650 1670.6
1356660 1665.9
1356670 1665.9
1356680 1661.1
1356690 1656.6
1356700 1656.6
1356710 1652.7
1356720 1649.3
1356730 1649.3
1356740 1646.7
1356750 1644.3
1356760 1644.3
1356770 1642.5
1356780 1641.8
1356790 1641.8
1356800 1640.1
1356810 1637.1
1356820 1637.1
1356830 1634.1
1356840 1633.4
1356850 1632.8
1356860 1632.8
1356870 1631.8
1356880 1630.5
1356890 1630.5
1356900 1629.3
1356910 1628.1
1356920 1628.1
1356930 1627.8
1356940 1627.5
1356950 1627.5
1356960 1627.0
1356970 1626.2
1356980 1626.2
1356990 1625.4
1357000 1625.1
1357010 1625.1
1357020 1624.6
1357030 1624.0
1357040 1624.0
1357050 1623.3
1357060 1622.9
1357070 1622.4
1357080 1622.4
1357090 1622.2
1357100 1622.1
1357110 1622.1
1357120 1621.7
1357130 1620.4
1357140 1620.4
1357150 1618.2
1357160 1618.8
1357170 1618.8
1357180 1619.6
1357190 1621.1
1357200 1621.1
1357210 1622.3
1357220 1624.0
1357230 1624.0
1357240 1625.6
1357250 1627.3
1357260 1627.3
1357270 1629.0
1357280 1631.0
1357290 1632.8
1357300 1632.8
1357310 1635.0
1357320 1637.0
1357330 1637.0
1357340 1638.9
1357350 1640.6
1357360 1640.6
1357370 1642.7
1357380 1644.9
1357390 1644.9
1357400 1647.2
1357410 1649.3
1357420 1649.3
1357430 1651.7
1357440 1653.8
1357450 1653.8
1357460 1655.8
1357470 1659.4
1357480 1659.4
1357490 1662.7
1357500 1667.3
1357510 1667.3
1357520 1673.1
1357530 1681.8
1357540 1690.5
1357550 1690.5
1357560 1698.4
1357570 1705.6
1357580 1705.6
1357590 1712.2
1357600 1718.1
1357610 1718.1
1357620 1724.3
1357630 1730.0
1357640 1730.0
1357650 1735.3
1357660 1742.0
1357670 1742.0
1357680 1749.2
1357690 1756.5
1357700 1756.5
1357710 1763.8
1357720 1770.9
1357730 1770.9
1357740 1778.8
1357750 1786.5
1357760 1796.4
1357770 1796.4
1357780 1803.8
1357790 1809.6
1357800 1809.6
1357810 1816.4
1357820 1824.0
1357830 1824.0
1357840 1831.0
1357850 1838.5
1357860 1838.5
1357870 1844.7
1357880 1849.6
1357890 1849.6
1357900 1854.1
1357910 1864.1
1357920 1864.1
1357930 1871.3
1357940 1878.0
1357950 1878.0
1357960 1883.5
1357970 1888.3
1357980 1895.4
1357990 1895.4
1358000 1904.0
1358010 1912.1
1358020 1912.1
1358030 1919.7
1358040 1929.0
1358050 1929.0
1358060 1935.4
1358070 1939.8
1358080 1939.8
1358090 1944.9
1358100 1950.8
1358110 1950.8
1358120 1959.4
1358130 1973.5
1358140 1973.5
1358150 1989.5
1358160 1998.0
1358170 1998.0
1358180 2006.8
1358190 2014.7
1358200 2014.7
1358210 2019.9
1358220 2025.1
1358230 2031.2
1358240 2031.2
1358250 2037.4
1358260 2046.0
1358270 2046.0
1358280 2052.8
1358290 2056.9
1358300 2056.9
1358310 2063.1
1358320 2069.4
1358330 2069.4
1358340 2077.7
1358350 2084.7
1358360 2084.7
1358370 2090.5
1358380 2097.5
1358390 2097.5
1358400 2105.5
1358410 2111.9
1358420 2111.9
1358430 2114.3
1358440 2117.1
1358450 2121.8
1358460 2121.8
1358470 2127.9
1358480 2134.6
1358490 2134.6
1358500 2141.0
1358510 2147.9
1358520 2147.9
1358530 2155.0
1358540 2162.4
1358550 2162.4
1358560 2169.6
1358570 2174.1
1358580 2174.1
1358590 2178.0
1358600 2183.7
1358610 2183.7
1358620 2192.8
1358630 2201.4
1358640 2201.4
1358650 2212.2
1358660 2222.5
1358670 2230.7
1358680 2230.7
1358690 2239.0
1358700 2248.9
1358710 2248.9
1358720 2257.4
1358730 2265.1
1358740 2265.1
1358750 2272.3
1358760 2277.9
1358770 2277.9
1358780 2282.7
1358790 2287.0
1358800 2287.0
1358810 2291.6
1358820 2297.5
1358830 2297.5
1358840 2304.5
1358850 2311.0
1358860 2311.0
1358870 2316.6
1358880 2322.4
1358890 2322.4
1358900 2328.6
1358910 2334.6
1358920 2339.6
1358930 2339.6
1358940 2343.1
1358950 2346.6
1358960 2346.6
1358970 2350.5
1358980 2352.4
1358990 2352.4
1359000 2352.7
1359010 2354.5
1359020 2354.5
1359030 2356.9
1359040 2359.4
1359050 2359.4
1359060 2361.4
1359070 2361.2
1359080 2361.2
1359090 2362.1
1359100 2365.6
1359110 2365.6
1359120 2370.1
1359130 2375.7
1359140 2383.3
1359150 2383.3
1359160 2391.2
1359170 2399.3
1359180 2399.3
1359190 2406.8
1359200 2413.9
1359210 2413.9
1359220 2419.3
1359230 2423.0
1359240 2423.0
1359250 2427.0
1359260 2432.2
1359270 2432.2
1359280 2437.2
1359290 2441.5
1359300 2441.5
1359310 2445.8
1359320 2451.3
1359330 2451.3
1359340 2456.7
1359350 2462.7
1359360 2467.6
1359370 2467.6
1359380 2472.3
1359390 2476.9
1359400 2476.9
1359410 2482.4
1359420 2485.6
1359430 2485.6
1359440 2488.8
1359450 2491.8
1359460 2491.8
1359470 2494.1
1359480 2495.0
1359490 2495.0
1359500 2494.7
1359510 2494.6
1359520 2494.6
1359530 2493.1
1359540 2492.8
1359550 2492.8
1359560 2493.2
1359570 2493.5
1359580 2493.5
1359590 2492.5
1359600 2491.3
1359610 2493.2
1359620 2493.2
1359630 2495.9
1359640 2498.4
1359650 2498.4
1359660 2501.2
1359670 2504.2
1359680 2504.2
1359690 2507.1
1359700 2510.5
1359710 2510.5
1359720 2514.2
1359730 2517.8
1359740 2517.8
1359750 2521.8
1359760 2526.2
1359770 2526.2
1359780 2530.6
1359790 2535.1
1359800 2535.1
1359810 2540.2
1359820 2545.9
1359830 2552.2
1359840 2552.2
1359850 2559.1
1359860 2565.9
1359870 2565.9
1359880 2574.5
1359890 2586.0
1359900 2586.0
1359910 2596.8
1359920 2605.6
1359930 2609.8
1359940 2617.8
1359950 2627.6
1359960 2627.6
1359970 2640.2
1359980 2651.6
1359990 2651.6
