1340000 2564.0
1340010 2564.0
1340020 2571.4
1340030 2579.9
1340040 2579.9
1340050 2587.7
1340060 2595.4
1340070 2595.4
1340080 2602.6
1340090 2609.4
1340100 2609.4
1340110 2612.2
1340120 2615.4
1340130 2615.4
1340140 2618.1
1340150 2621.5
1340160 2621.5
1340170 2625.7
1340180 2625.7
1340190 2625.9
1340200 2625.9
1340210 2626.4
1340220 2625.1
1340230 2625.1
1340240 2625.1
1340250 2625.5
1340260 2625.5
1340270 2626.9
1340280 2628.4
1340290 2628.4
1340300 2629.7
1340310 2631.2
1340320 2631.2
1340330 2631.2
1340340 2630.9
1340350 2630.9
1340360 2631.1
1340370 2631.5
1340380 2631.5
1340390 2631.3
1340400 2631.6
1340410 2630.2
1340420 2630.2
1340430 2629.7
1340440 2630.5
1340450 2630.5
1340460 2632.3
1340470 2639.7
1340480 2639.7
1340490 2649.9
1340500 2666.0
1340510 2666.0
1340520 2668.8
1340530 2657.3
1340540 2657.3
1340550 2646.6
1340560 2636.9
1340570 2636.9
1340580 2626.8
1340590 2616.8
1340600 2616.8
1340610 2607.2
1340620 2597.6
1340630 2597.6
1340640 2588.2
1340650 2579.1
1340660 2571.8
1340670 2571.8
1340680 2564.3
1340690 2556.8
1340700 2556.8
1340710 2549.3
1340720 2541.7
1340730 2541.7
1340740 2533.0
1340750 2522.9
1340760 2522.9
1340770 2512.4
1340780 2499.5
1340790 2499.5
1340800 2482.6
1340810 2473.5
1340820 2473.5
1340830 2467.6
1340840 2462.9
1340850 2462.9
1340860 2458.1
1340870 2453.6
1340880 2449.2
1340890 2449.2
1340900 2446.0
1340910 2442.9
1340920 2442.9
1340930 2438.9
1340940 2435.0
1340950 2435.0
1340960 2430.5
1340970 2425.9
1340980 2425.9
1340990 2421.9
1341000 2417.8
1341010 2417.8
1341020 2415.2
1341030 2413.8
1341040 2413.8
1341050 2411.1
1341060 2407.4
1341070 2403.2
1341080 2400.1
1341090 2396.9
1341100 2395.1
1341110 2395.1
1341120 2393.0
1341130 2390.8
1341140 2390.8
1341150 2389.1
1341160 2387.3
1341170 2387.3
1341180 2385.0
1341190 2382.2
1341200 2382.2
1341210 2379.3
1341220 2377.4
1341230 2377.4
1341240 2375.6
1341250 2373.0
1341260 2373.0
1341270 2370.0
1341280 2368.9
1341290 2368.9
1341300 2367.6
1341310 2364.7
1341320 2364.7
1341330 2362.0
1341340 2356.8
1341350 2351.1
1341360 2351.1
1341370 2345.6
1341380 2339.8
1341390 2339.8
1341400 2334.4
1341410 2329.7
1341420 2329.7
1341430 2325.6
1341440 2321.7
1341450 2321.7
1341460 2318.2
1341470 2317.1
1341480 2317.1
1341490 2317.0
1341500 2317.0
1341510 2317.0
1341520 2317.1
1341530 2317.2
1341540 2317.2
1341550 2317.0
1341560 2317.0
1341570 2317.0
1341580 2317.0
1341590 2317.0
1341600 2317.0
1341610 2317.0
1341620 2317.3
1341630 2318.5
1341640 2318.5
1341650 2320.6
1341660 2325.6
1341670 2325.6
1341680 2331.7
1341690 2337.6
1341700 2337.6
1341710 2343.7
1341720 2350.6
1341730 2350.6
1341740 2356.1
1341750 2359.5
1341760 2359.5
1341770 2361.3
1341780 2362.7
1341790 2364.1
1341800 2364.1
1341810 2366.1
1341820 2368.3
1341830 2368.3
1341840 2369.7
1341850 2374.1
1341860 2374.1
1341870 2378.8
1341880 2380.6
1341890 2380.6
1341900 2380.3
1341910 2379.4
1341920 2379.4
1341930 2379.7
1341940 2380.6
1341950 2380.5
1341960 2381.8
1341970 2382.5
1341980 2382.5
1341990 2382.7
1342000 2383.5
1342010 2383.5
1342020 2385.3
1342030 2388.1
1342040 2390.7
1342050 2390.7
1342060 2392.6
1342070 2393.7
1342080 2393.7
1342090 2395.4
1342100 2395.8
1342110 2395.8
1342120 2396.4
1342130 2397.2
1342140 2397.2
1342150 2399.3
1342160 2400.8
1342170 2400.8
1342180 2402.3
1342190 2403.3
1342200 2403.3
1342210 2403.7
1342220 2404.2
1342230 2404.2
1342240 2406.1
1342250 2407.1
1342260 2408.5
1342270 2408.5
1342280 2410.4
1342290 2412.1
1342300 2412.1
1342310 2413.5
1342320 2415.7
1342330 2415.7
1342340 2418.2
1342350 2420.9
1342360 2420.9
1342370 2423.4
1342380 2426.1
1342390 2426.1
1342400 2429.0
1342410 2431.5
1342420 2431.5
1342430 2433.9
1342440 2435.9
1342450 2435.9
1342460 2437.0
1342470 2436.7
1342480 2437.0
1342490 2437.0
1342500 2438.8
1342510 2441.1
1342520 2441.1
1342530 2443.8
1342540 2446.7
1342550 2446.7
1342560 2449.6
1342570 2451.7
1342580 2451.7
1342590 2452.8
1342600 2453.7
1342610 2453.7
1342620 2455.2
1342630 2456.3
1342640 2456.3
1342650 2457.5
1342660 2458.7
1342670 2458.7
1342680 2460.3
1342690 2461.7
1342700 2461.7
1342710 2463.2
1342720 2465.5
1342730 2467.9
1342740 2467.9
1342750 2470.2
1342760 2472.5
1342770 2472.5
1342780 2474.7
1342790 2477.6
1342800 2477.6
1342810 2481.4
1342820 2485.6
1342830 2485.6
1342840 2489.7
1342850 2492.1
1342860 2492.1
1342870 2496.9
1342880 2501.8
1342890 2501.8
1342900 2506.5
1342910 2511.4
1342920 2511.4
1342930 2516.4
1342940 2522.0
1342950 2527.8
1342960 2527.8
1342970 2533.8
1342980 2539.9
1342990 2539.9
1343000 2547.9
1343010 2559.2
1343020 2559.2
1343030 2569.8
1343040 2580.9
1343050 2580.9
1343060 2588.5
1343070 2595.2
1343080 2595.2
1343090 2603.4
1343100 2613.4
1343110 2613.4
1343120 2625.7
1343130 2628.6
1343140 2628.6
1343150 2621.1
1343160 2613.9
1343170 2606.6
1343180 2606.6
1343190 2600.1
1343200 2594.5
1343210 2594.5
1343220 2591.1
1343230 2589.2
1343240 2589.2
1343250 2586.9
1343260 2584.4
1343270 2584.4
1343280 2583.0
1343290 2581.4
1343300 2581.4
1343310 2578.2
1343320 2577.3
1343330 2577.3
1343340 2576.5
1343350 2575.2
1343360 2575.2
1343370 2575.2
1343380 2574.3
1343390 2574.3
1343400 2574.2
1343410 2574.5
1343420 2574.2
1343430 2574.2
1343440 2573.5
1343450 2573.3
1343460 2573.3
1343470 2573.0
1343480 2572.9
1343490 2572.9
1343500 2573.3
1343510 2573.2
1343520 2573.2
1343530 2572.4
1343540 2571.3
1343550 2571.3
1343560 2570.7
1343570 2571.6
1343580 2571.6
1343590 2575.1
1343600 2576.5
1343610 2576.5
1343620 2573.1
1343630 2569.9
1343640 2568.8
1343650 2568.8
1343660 2568.8
1343670 2569.3
1343680 2569.3
1343690 2570.0
1343700 2570.5
1343710 2570.5
1343720 2570.5
1343730 2570.5
1343740 2570.5
1343750 2567.0
1343760 2566.1
1343770 2566.1
1343780 2565.4
1343790 2565.6
1343800 2565.6
1343810 2565.5
1343820 2564.3
1343830 2564.3
1343840 2563.1
1343850 2561.8
1343860 2561.0
1343870 2561.0
1343880 2558.9
1343890 2557.0
1343900 2557.0
1343910 2555.0
1343920 2553.5
1343930 2553.5
1343940 2553.0
1343950 2551.4
1343960 2551.4
1343970 2549.0
1343980 2546.5
1343990 2546.5
1344000 2544.2
1344010 2542.0
1344020 2542.0
1344030 2540.5
1344040 2539.8
1344050 2539.8
1344060 2538.0
1344070 2536.7
1344080 2536.7
1344090 2540.4
1344100 2545.3
1344110 2546.6
1344120 2546.6
1344130 2548.5
1344140 2549.5
1344150 2549.5
1344160 2550.5
1344170 2551.9
1344180 2551.9
1344190 2554.1
1344200 2555.8
1344210 2555.8
1344220 2556.9
1344230 2558.4
1344240 2558.4
1344250 2558.9
1344260 2559.2
1344270 2559.2
1344280 2559.1
1344290 2558.6
1344300 2558.6
1344310 2557.8
1344320 2556.8
1344330 2555.9
1344340 2555.9
1344350 2555.0
1344360 2554.3
1344370 2554.3
1344380 2554.5
1344390 2555.0
1344400 2555.0
1344410 2556.1
1344420 2557.2
1344430 2557.2
1344440 2558.8
1344450 2561.0
1344460 2561.0
1344470 2561.6
1344480 2560.3
1344490 2560.3
1344500 2560.5
1344510 2565.9
1344520 2565.9
1344530 2572.7
1344540 2578.1
1344550 2581.6
1344560 2581.6
1344570 2584.1
1344580 2585.8
1344590 2585.8
1344600 2587.7
1344610 2589.1
1344620 2589.1
1344630 2589.3
1344640 2588.7
1344650 2582.4
1344660 2580.3
1344670 2577.5
1344680 2577.5
1344690 2574.8
1344700 2572.1
1344710 2572.1
1344720 2570.4
1344730 2569.2
1344740 2569.2
1344750 2569.9
1344760 2570.9
1344770 2570.9
1344780 2571.3
1344790 2572.4
1344800 2573.5
1344810 2573.5
1344820 2575.2
1344830 2577.9
1344840 2577.9
1344850 2582.2
1344860 2588.0
1344870 2588.0
1344880 2594.9
1344890 2602.0
1344900 2602.0
1344910 2609.6
1344920 2617.2
1344930 2617.2
1344940 2619.5
1344950 2616.6
1344960 2616.6
1344970 2613.2
1344980 2609.8
1344990 2609.8
1345000 2608.3
1345010 2607.5
1345020 2608.0
1345030 2608.0
1345040 2609.5
1345050 2611.4
1345060 2611.4
1345070 2613.8
1345080 2614.4
1345090 2614.4
1345100 2613.8
1345110 2613.3
1345120 2613.3
1345130 2613.4
1345140 2614.2
1345150 2614.2
1345160 2614.7
1345170 2612.5
1345180 2612.5
1345190 2612.0
1345200 2615.6
1345210 2615.6
1345220 2619.9
1345230 2623.4
1345240 2627.0
1345250 2627.0
1345260 2629.7
1345270 2631.3
1345280 2631.3
1345290 2631.8
1345300 2632.5
1345310 2632.5
1345320 2634.2
1345330 2637.0
1345340 2637.0
1345350 2639.0
1345360 2639.8
1345370 2639.8
1345380 2640.9
1345390 2642.3
1345400 2642.3
1345410 2642.9
1345420 2644.1
1345430 2644.1
1345440 2643.5
1345450 2642.4
1345460 2642.4
1345470 2643.0
1345480 2645.6
1345490 2647.3
1345500 2647.3
1345510 2650.5
1345520 2653.4
1345530 2653.4
1345540 2655.4
1345550 2657.9
1345560 2654.1
1345570 2655.9
1345580 2664.8
1345590 2664.8
1345600 2675.6
1345610 2685.4
1345620 2685.4
1345630 2693.5
1345640 2699.4
1345650 2699.4
1345660 2702.8
1345670 2707.3
1345680 2707.3
1345690 2711.9
1345700 2715.9
1345710 2720.7
1345720 2720.7
1345730 2724.9
1345740 2728.7
1345750 2728.7
1345760 2733.6
1345770 2737.6
1345780 2737.6
1345790 2741.4
1345800 2746.3
1345810 2746.3
1345820 2751.2
1345830 2756.8
1345840 2756.8
1345850 2763.9
1345860 2770.6
1345870 2770.6
1345880 2775.4
1345890 2779.1
1345900 2779.1
1345910 2782.8
1345920 2788.5
1345930 2794.2
1345940 2794.2
1345950 2796.9
1345960 2799.6
1345970 2799.6
1345980 2802.2
1345990 2804.6
1346000 2804.6
1346010 2806.9
1346020 2809.1
1346030 2809.1
1346040 2811.7
1346050 2814.8
1346060 2814.8
1346070 2817.8
1346080 2821.1
1346090 2821.1
1346100 2825.4
1346110 2830.6
1346120 2830.6
1346130 2836.3
1346140 2842.6
1346150 2842.6
1346160 2849.0
1346170 2855.5
1346180 2861.9
1346190 2861.9
1346200 2868.1
1346210 2884.0
1346220 2884.0
1346230 2901.3
1346240 2915.8
1346250 2915.8
1346260 2928.1
1346270 2936.8
1346280 2936.8
1346290 2944.2
1346300 2953.3
1346310 2953.3
1346320 2966.6
1346330 2982.5
1346340 2982.5
1346350 2999.6
1346360 3013.3
1346370 3013.3
1346380 3023.0
1346390 3028.5
1346400 3033.3
1346410 3033.3
1346420 3034.6
1346430 3033.1
1346440 3033.1
1346450 3033.9
1346460 3038.7
1346470 3038.7
1346480 3031.5
1346490 3034.5
1346500 3034.5
1346510 3033.0
1346520 3034.7
1346530 3034.7
1346540 3034.6
1346550 3037.3
1346560 3037.3
1346570 3039.0
1346580 3033.5
1346590 3033.5
1346600 3034.4
1346610 3038.7
1346620 3042.1
1346630 3042.1
1346640 3045.0
1346650 3044.3
1346660 3044.3
1346670 3037.5
1346680 3034.3
1346690 3034.3
1346700 3037.6
1346710 3035.2
1346720 3035.2
1346730 3034.7
1346740 3032.6
1346750 3032.6
1346760 3023.9
1346770 3022.4
1346780 3022.4
1346790 3021.7
1346800 3018.9
1346810 3018.9
1346820 3021.2
1346830 3024.1
1346840 3024.1
1346850 3024.9
1346860 3026.1
1346870 3026.4
1346880 3026.4
1346890 3027.1
1346900 3025.1
1346910 3025.1
1346920 3000.6
1346930 2973.8
1346940 2973.8
1346950 2950.3
1346960 2945.9
1346970 2945.9
1346980 2946.8
1346990 2948.2
1347000 2948.2
1347010 2950.1
1347020 2953.3
1347030 2953.3
1347040 2958.4
1347050 2964.0
1347060 2964.0
1347070 2970.7
1347080 2975.4
1347090 2978.5
1347100 2978.5
1347110 2980.4
1347120 2981.2
1347130 2981.2
1347140 2979.2
1347150 2980.0
1347160 2980.0
1347170 2980.4
1347180 2980.1
1347190 2980.1
1347200 2980.8
1347210 2983.5
1347220 2983.5
1347230 2985.7
1347240 2985.4
1347250 2985.4
1347260 2982.7
1347270 2982.4
1347280 2982.4
1347290 2984.4
1347300 2985.3
1347310 2986.8
1347320 2986.8
1347330 2986.8
1347340 2985.1
1347350 2985.1
1347360 2980.9
1347370 2981.4
1347380 2981.4
1347390 2981.4
1347400 2977.2
1347410 2977.2
1347420 2977.0
1347430 2973.6
1347440 2973.6
1347450 2974.5
1347460 2977.1
1347470 2977.1
1347480 2977.2
1347490 2976.7
1347500 2976.7
1347510 2976.3
1347520 2975.9
1347530 2975.9
1347540 2975.2
1347550 2974.3
1347560 2972.5
1347570 2972.5
1347580 2969.2
1347590 2965.6
1347600 2965.6
1347610 2962.3
1347620 2959.0
1347630 2959.0
1347640 2955.7
1347650 2952.5
1347660 2952.5
1347670 2949.4
1347680 2946.7
1347690 2946.7
1347700 2944.4
1347710 2942.3
1347720 2942.3
1347730 2940.4
1347740 2938.9
1347750 2938.9
1347760 2938.3
1347770 2939.4
1347780 2940.9
1347790 2940.9
1347800 2943.7
1347810 2947.4
1347820 2947.4
1347830 2950.9
1347840 2955.1
1347850 2955.1
1347860 2960.0
1347870 2963.6
1347880 2963.6
1347890 2966.1
1347900 2967.3
1347910 2967.3
1347920 2965.8
1347930 2971.9
1347940 2971.9
1347950 2987.6
1347960 2995.7
1347970 2995.7
1347980 2992.2
1347990 2994.0
1348000 2994.0
1348010 2994.0
1348020 2995.7
1348030 3000.5
1348040 3000.5
1348050 3004.9
1348060 3009.0
1348070 3009.0
1348080 3012.1
1348090 3014.6
1348100 3014.6
1348110 3018.0
1348120 3022.5
1348130 3022.5
1348140 3026.2
1348150 3034.2
1348160 3034.2
1348170 3043.6
1348180 3049.7
1348190 3049.7
1348200 3055.9
1348210 3062.9
1348220 3062.9
1348230 3070.1
1348240 3077.5
1348250 3088.8
1348260 3088.8
1348270 3101.9
1348280 3122.5
1348290 3122.5
1348300 3171.3
1348310 3179.7
1348320 3179.7
1348330 3165.0
1348340 3143.6
1348350 3143.6
1348360 3126.0
1348370 3118.6
1348380 3118.6
1348390 3114.1
1348400 3111.4
1348410 3111.4
1348420 3108.7
1348430 3104.9
1348440 3104.9
1348450 3096.3
1348460 3088.1
1348470 3090.0
1348480 3090.0
1348490 3083.5
1348500 3076.1
1348510 3076.1
1348520 3069.6
1348530 3064.7
1348540 3064.7
1348550 3059.7
1348560 3053.7
1348570 3053.7
1348580 3047.8
1348590 3041.4
1348600 3041.4
1348610 3035.2
1348620 3029.7
1348630 3029.7
1348640 3024.5
1348650 3019.3
1348660 3019.3
1348670 3014.5
1348680 3010.1
1348690 3006.4
1348700 3006.4
1348710 3003.2
1348720 3000.2
1348730 3000.2
1348740 2997.2
1348750 2994.2
1348760 2994.2
1348770 2990.7
1348780 2986.8
1348790 2986.8
1348800 2982.9
1348810 2979.4
1348820 2979.4
1348830 2975.5
1348840 2971.2
1348850 2971.2
1348860 2966.9
1348870 2962.8
1348880 2962.8
1348890 2958.9
1348900 2955.0
1348910 2955.0
1348920 2950.8
1348930 2946.7
1348940 2943.0
1348950 2943.0
1348960 2939.6
1348970 2935.7
1348980 2935.7
1348990 2931.8
1349000 2926.9
1349010 2926.9
1349020 2920.5
1349030 2916.2
1349040 2916.2
1349050 2912.0
1349060 2905.2
1349070 2905.2
1349080 2900.1
1349090 2895.4
1349100 2895.4
1349110 2889.7
1349120 2884.1
1349130 2884.1
1349140 2877.9
1349150 2869.7
1349160 2861.4
1349170 2861.4
1349180 2855.0
1349190 2849.4
1349200 2849.4
1349210 2844.7
1349220 2840.7
1349230 2840.7
1349240 2836.5
1349250 2831.8
1349260 2831.8
1349270 2829.3
1349280 2826.8
1349290 2826.8
1349300 2823.6
1349310 2820.1
1349320 2820.1
1349330 2816.7
1349340 2811.8
1349350 2811.8
1349360 2808.2
1349370 2803.7
1349380 2798.7
1349390 2798.7
1349400 2794.8
1349410 2793.0
1349420 2793.0
1349430 2789.5
1349440 2784.2
1349450 2784.2
1349460 2779.7
1349470 2774.2
1349480 2774.2
1349490 2767.5
1349500 2760.6
1349510 2760.6
1349520 2757.9
1349530 2756.8
1349540 2756.8
1349550 2752.2
1349560 2747.2
1349570 2747.2
1349580 2743.2
1349590 2739.2
1349600 2739.2
1349610 2734.4
1349620 2728.6
1349630 2722.8
1349640 2722.8
1349650 2716.4
1349660 2710.6
1349670 2710.6
1349680 2705.3
1349690 2702.6
1349700 2702.6
1349710 2699.0
1349720 2695.0
1349730 2695.0
1349740 2688.6
1349750 2681.5
1349760 2681.5
1349770 2676.9
1349780 2673.3
1349790 2673.3
1349800 2669.8
1349810 2636.0
1349820 2636.0
1349830 2589.8
1349840 2576.5
1349850 2563.3
1349860 2563.3
1349870 2559.7
1349880 2561.1
1349890 2561.1
1349900 2567.6
1349910 2569.3
1349920 2569.3
1349930 2559.7
1349940 2539.2
1349950 2539.2
1349960 2517.2
1349970 2489.2
1349980 2489.2
1349990 2471.8
1350000 2460.5
1350010 2460.5
1350020 2455.3
1350030 2450.6
1350040 2450.6
1350050 2445.7
1350060 2441.3
1350070 2435.9
1350080 2435.9
1350090 2431.3
1350100 2427.2
1350110 2427.2
1350120 2424.2
1350130 2423.1
1350140 2423.1
1350150 2420.2
1350160 2414.6
1350170 2414.6
1350180 2408.3
1350190 2401.9
1350200 2401.9
1350210 2398.1
1350220 2392.0
1350230 2392.0
1350240 2388.2
1350250 2385.7
1350260 2385.7
1350270 2382.5
1350280 2377.6
1350290 2377.6
1350300 2372.1
1350310 2366.7
1350320 2362.4
1350330 2362.4
1350340 2358.4
1350350 2353.7
1350360 2353.7
1350370 2349.9
1350380 2347.2
1350390 2347.2
1350400 2347.4
1350410 2347.0
1350420 2347.0
1350430 2343.8
1350440 2342.1
1350450 2342.1
1350460 2337.3
1350470 2332.2
1350480 2332.2
1350490 2329.6
1350500 2327.9
1350510 2327.9
1350520 2326.9
1350530 2325.7
1350540 2323.5
1350550 2323.5
1350560 2322.1
1350570 2321.3
1350580 2321.3
1350590 2320.3
1350600 2318.9
1350610 2318.9
1350620 2316.8
1350630 2316.4
1350640 2316.4
1350650 2316.3
1350660 2317.8
1350670 2317.8
1350680 2318.6
1350690 2320.5
1350700 2320.5
1350710 2322.3
1350720 2324.3
1350730 2324.3
1350740 2325.7
1350750 2327.1
1350760 2328.8
1350770 2328.8
1350780 2331.2
1350790 2333.0
1350800 2333.0
1350810 2334.4
1350820 2336.0
1350830 2336.0
1350840 2337.6
1350850 2340.5
1350860 2340.5
1350870 2342.0
1350880 2343.0
1350890 2343.0
1350900 2343.1
1350910 2343.2
1350920 2343.2
1350930 2345.0
1350940 2347.8
1350950 2347.8
1350960 2349.8
1350970 2351.5
1350980 2351.5
1350990 2352.6
1351000 2352.7
1351010 2353.4
1351020 2353.4
1351030 2353.6
1351040 2354.7
1351050 2354.7
1351060 2356.1
1351070 2356.7
1351080 2356.7
1351090 2358.5
1351100 2360.6
1351110 2360.6
1351120 2362.9
1351130 2365.3
1351140 2365.3
1351150 2364.1
1351160 2355.6
1351170 2355.6
1351180 2355.0
1351190 2355.2
1351200 2355.2
1351210 2354.8
1351220 2353.9
1351230 2352.5
1351240 2352.5
1351250 2349.8
1351260 2347.2
1351270 2347.2
1351280 2344.3
1351290 2342.0
1351300 2342.0
1351310 2340.3
1351320 2339.3
1351330 2339.3
1351340 2338.4
1351350 2336.7
1351360 2336.7
1351370 2336.7
1351380 2336.9
1351390 2336.9
1351400 2337.1
1351410 2336.6
1351420 2336.6
1351430 2335.6
1351440 2335.6
1351450 2335.9
1351460 2335.9
1351470 2335.2
1351480 2333.6
1351490 2333.6
1351500 2331.1
1351510 2327.8
1351520 2327.8
1351530 2325.0
1351540 2321.9
1351550 2321.9
1351560 2319.2
1351570 2316.7
1351580 2316.7
1351590 2313.6
1351600 2308.7
1351610 2308.7
1351620 2303.2
1351630 2297.8
1351640 2297.8
1351650 2290.8
1351660 2285.2
1351670 2285.2
1351680 2280.5
1351690 2272.7
1351700 2264.4
1351710 2264.4
1351720 2258.7
1351730 2254.1
1351740 2254.1
1351750 2251.1
1351760 2248.9
1351770 2248.9
1351780 2244.4
1351790 2239.1
1351800 2239.1
1351810 2233.0
1351820 2226.2
1351830 2226.2
1351840 2220.4
1351850 2214.7
1351860 2214.7
1351870 2207.9
1351880 2200.8
1351890 2200.8
1351900 2194.3
1351910 2188.1
1351920 2181.8
1351930 2181.8
1351940 2176.4
1351950 2172.2
1351960 2172.2
1351970 2170.1
1351980 2166.8
1351990 2166.8
1352000 2162.3
1352010 2158.0
1352020 2158.0
1352030 2154.5
1352040 2151.0
1352050 2151.0
1352060 2147.7
1352070 2144.1
1352080 2144.1
1352090 2141.0
1352100 2136.3
1352110 2136.3
1352120 2128.5
1352130 2123.2
1352140 2118.7
1352150 2118.7
1352160 2115.6
1352170 2112.1
1352180 2112.1
1352190 2108.3
1352200 2105.7
1352210 2105.7
1352220 2103.4
1352230 2100.2
1352240 2100.2
1352250 2097.4
1352260 2094.9
1352270 2094.9
1352280 2092.3
1352290 2091.0
1352300 2091.0
1352310 2089.4
1352320 2088.4
1352330 2088.4
1352340 2085.9
1352350 2081.2
1352360 2081.2
1352370 2077.9
1352380 2074.3
1352390 2070.6
1352400 2070.6
1352410 2066.1
1352420 2059.8
1352430 2059.8
1352440 2051.7
1352450 2043.0
1352460 2043.0
1352470 2036.5
1352480 2031.2
1352490 2031.2
1352500 2026.0
1352510 2022.0
1352520 2022.0
1352530 2020.7
1352540 2020.2
1352550 2020.2
1352560 2019.7
1352570 2019.1
1352580 2019.1
1352590 2015.7
1352600 2012.1
1352610 2010.1
1352620 2010.1
1352630 2009.2
1352640 2009.0
1352650 2009.0
1352660 2010.9
1352670 2012.8
1352680 2012.8
1352690 2014.1
1352700 2015.8
1352710 2015.8
1352720 2017.6
1352730 2019.0
1352740 2019.0
1352750 2019.7
1352760 2021.5
1352770 2021.5
1352780 2023.5
1352790 2025.8
1352800 2025.8
1352810 2027.9
1352820 2031.6
1352830 2037.0
1352840 2037.0
1352850 2042.3
1352860 2048.3
1352870 2048.3
1352880 2054.1
1352890 2059.5
1352900 2059.5
1352910 2065.2
1352920 2070.9
1352930 2070.9
1352940 2075.8
1352950 2080.0
1352960 2080.0
1352970 2085.8
1352980 2091.3
1352990 2091.3
1353000 2093.9
1353010 2101.7
1353020 2101.7
1353030 2108.9
1353040 2113.8
1353050 2113.8
1353060 2119.9
1353070 2127.4
1353080 2136.4
1353090 2136.4
1353100 2141.5
1353110 2147.5
1353120 2147.5
1353130 2153.1
1353140 2158.4
1353150 2158.4
1353160 2164.1
1353170 2168.0
1353180 2168.0
1353190 2174.1
1353200 2180.9
1353210 2180.9
1353220 2186.7
1353230 2193.3
1353240 2193.3
1353250 2199.8
1353260 2206.3
1353270 2206.3
1353280 2212.1
1353290 2217.9
1353300 2220.7
1353310 2220.7
1353320 2223.3
1353330 2226.7
1353340 2226.7
1353350 2229.4
1353360 2231.6
1353370 2231.6
1353380 2234.3
1353390 2236.1
1353400 2236.1
1353410 2237.8
1353420 2239.7
1353430 2239.7
1353440 2242.3
1353450 2244.9
1353460 2244.9
1353470 2247.6
1353480 2250.1
1353490 2250.1
1353500 2252.3
1353510 2254.9
1353520 2257.4
1353530 2257.4
1353540 2260.0
1353550 2262.9
1353560 2262.9
1353570 2266.5
1353580 2269.9
1353590 2269.9
1353600 2271.5
1353610 2271.6
1353620 2271.6
1353630 2273.8
1353640 2276.9
1353650 2276.9
1353660 2280.2
1353670 2282.3
1353680 2282.3
1353690 2284.6
1353700 2287.3
1353710 2287.3
1353720 2289.6
1353730 2290.5
1353740 2290.5
1353750 2290.6
1353760 2291.8
1353770 2293.1
1353780 2293.1
1353790 2294.3
1353800 2294.6
1353810 2294.6
1353820 2293.9
1353830 2293.7
1353840 2293.7
1353850 2293.7
1353860 2294.2
1353870 2294.2
1353880 2297.2
1353890 2296.6
1353900 2296.6
1353910 2293.7
1353920 2290.1
1353930 2290.1
1353940 2285.4
1353950 2281.7
1353960 2281.7
1353970 2278.8
1353980 2275.2
1353990 2271.1
1354000 2271.1
1354010 2267.7
1354020 2264.2
1354030 2264.2
1354040 2262.0
1354050 2264.5
1354060 2264.5
1354070 2263.3
1354080 2262.8
1354090 2262.8
1354100 2262.1
1354110 2260.6
1354120 2260.6
1354130 2258.6
1354140 2257.3
1354150 2257.3
1354160 2256.2
1354170 2256.5
1354180 2256.5
1354190 2257.7
1354200 2258.2
1354210 2258.9
1354220 2258.9
1354230 2258.9
1354240 2259.1
1354250 2259.1
1354260 2259.4
1354270 2258.0
1354280 2258.0
1354290 2257.6
1354300 2256.9
1354310 2256.9
1354320 2256.2
1354330 2255.0
1354340 2255.0
1354350 2252.8
1354360 2247.7
1354370 2247.7
1354380 2244.4
1354390 2238.9
1354400 2238.9
1354410 2228.7
1354420 2221.8
1354430 2221.8
1354440 2218.6
1354450 2215.9
1354460 2214.5
1354470 2214.5
1354480 2210.8
1354490 2211.0
1354500 2211.0
1354510 2208.0
1354520 2201.8
1354530 2201.8
1354540 2198.7
1354550 2197.9
1354560 2197.9
1354570 2195.3
1354580 2193.3
1354590 2193.3
1354600 2192.3
1354610 2192.2
1354620 2192.2
1354630 2194.8
1354640 2200.2
1354650 2200.2
1354660 2205.4
1354670 2207.4
1354680 2209.6
1354690 2209.6
1354700 2212.0
1354710 2214.6
1354720 2214.6
1354730 2216.3
1354740 2217.2
1354750 2217.2
1354760 2215.2
1354770 2212.2
1354780 2212.2
1354790 2206.7
1354800 2201.1
1354810 2201.1
1354820 2191.3
1354830 2177.2
1354840 2177.2
1354850 2157.6
1354860 2145.4
1354870 2145.4
1354880 2148.1
1354890 2158.1
1354900 2163.7
1354910 2163.7
1354920 2162.2
1354930 2157.1
1354940 2157.1
1354950 2146.1
1354960 2138.0
1354970 2138.0
1354980 2128.3
1354990 2114.2
1355000 2114.2
1355010 2096.9
1355020 2082.2
1355030 2085.1
1355040 2084.5
1355050 2092.1
1355060 2092.1
1355070 2098.3
1355080 2104.2
1355090 2104.2
1355100 2105.9
1355110 2106.3
1355120 2106.3
1355130 2103.4
1355140 2097.5
1355150 2094.8
1355160 2094.8
1355170 2093.9
1355180 2096.0
1355190 2096.0
1355200 2095.7
1355210 2090.8
1355220 2090.8
1355230 2084.3
1355240 2077.8
1355250 2077.8
1355260 2072.0
1355270 2068.5
1355280 2068.5
1355290 2059.9
1355300 2050.7
1355310 2050.7
1355320 2044.3
1355330 2045.7
1355340 2045.7
1355350 2043.6
1355360 2044.0
1355370 2050.4
1355380 2050.4
1355390 2042.1
1355400 2032.6
1355410 2032.6
1355420 2023.7
1355430 2024.6
1355440 2024.6
1355450 2025.4
1355460 2016.4
1355470 2016.4
1355480 2019.0
1355490 2029.4
1355500 2029.4
1355510 2034.1
1355520 2037.5
1355530 2037.5
1355540 2046.2
1355550 2047.0
1355560 2047.0
1355570 2042.2
1355580 2033.8
1355590 2033.7
1355600 2033.7
1355610 2039.8
1355620 2044.3
1355630 2044.3
1355640 2034.1
1355650 2029.5
1355660 2029.5
1355670 2025.8
1355680 2024.5
1355690 2024.5
1355700 2021.3
1355710 2019.4
1355720 2019.4
1355730 2018.1
1355740 2015.3
1355750 2015.3
1355760 2011.5
1355770 2005.8
1355780 2005.8
1355790 1997.8
1355800 1991.7
1355810 1985.8
1355820 1985.8
1355830 1980.0
1355840 1974.0
1355850 1974.0
1355860 1967.9
1355870 1961.0
1355880 1961.0
1355890 1955.0
1355900 1948.9
1355910 1948.9
1355920 1942.5
1355930 1933.6
1355940 1933.6
1355950 1926.6
1355960 1920.5
1355970 1920.5
1355980 1914.4
1355990 1907.3
1356000 1907.3
1356010 1905.0
1356020 1900.6
1356030 1900.6
1356040 1895.4
1356050 1889.9
1356060 1884.4
1356070 1884.4
1356080 1879.7
1356090 1876.0
1356100 1876.0
1356110 1873.0
1356120 1869.9
1356130 1869.9
1356140 1867.0
1356150 1863.9
1356160 1863.9
1356170 1860.2
1356180 1855.1
1356190 1855.1
1356200 1849.5
1356210 1842.2
1356220 1842.2
1356230 1834.9
1356240 1828.2
1356250 1828.2
1356260 1821.6
1356270 1816.0
1356280 1810.3
1356290 1810.3
1356300 1801.4
1356310 1791.8
1356320 1791.8
1356330 1784.2
1356340 1778.2
1356350 1778.2
1356360 1772.0
1356370 1765.3
1356380 1765.3
1356390 1759.2
1356400 1752.9
1356410 1752.9
1356420 1746.7
1356430 1740.5
1356440 1740.5
1356450 1734.8
1356460 1729.4
1356470 1729.4
1356480 1724.5
1356490 1720.4
1356500 1716.6
1356510 1716.6
1356520 1713.2
1356530 1709.0
1356540 1709.0
1356550 1703.5
1356560 1697.5
1356570 1697.5
1356580 1689.7
1356590 1682.9
1356600 1682.9
1356610 1677.3
1356620 1672.0
1356630 1672.0
1356640 1666.8
1356650 1661.6
1356660 1661.6
1356670 1657.4
1356680 1652.9
1356690 1652.9
1356700 1648.9
1356710 1645.7
1356720 1645.7
1356730 1643.4
1356740 1640.4
1356750 1637.3
1356760 1637.3
1356770 1634.6
1356780 1631.4
1356790 1631.4
1356800 1629.3
1356810 1627.9
1356820 1627.9
1356830 1626.3
1356840 1625.1
1356850 1625.1
1356860 1624.2
1356870 1623.5
1356880 1623.5
1356890 1623.0
1356900 1622.7
1356910 1622.7
1356920 1622.8
1356930 1622.6
1356940 1622.6
1356950 1621.1
1356960 1620.7
1356970 1620.6
1356980 1620.6
1356990 1620.5
1357000 1620.6
1357010 1620.6
1357020 1620.7
1357030 1620.7
1357040 1620.7
1357050 1620.5
1357060 1620.3
1357070 1620.3
1357080 1620.4
1357090 1620.5
1357100 1620.5
1357110 1619.9
1357120 1619.4
1357130 1619.4
1357140 1620.0
1357150 1620.5
1357160 1620.5
1357170 1620.4
1357180 1621.3
1357190 1622.2
1357200 1622.2
1357210 1623.3
1357220 1624.3
1357230 1624.3
1357240 1625.3
1357250 1626.1
1357260 1626.1
1357270 1626.9
1357280 1627.7
1357290 1627.7
1357300 1628.7
1357310 1630.9
1357320 1630.9
1357330 1633.0
1357340 1634.9
1357350 1634.9
1357360 1636.3
1357370 1638.1
1357380 1638.1
1357390 1640.8
1357400 1643.4
1357410 1643.4
1357420 1647.6
1357430 1652.1
1357440 1657.5
1357450 1657.5
1357460 1663.6
1357470 1670.0
1357480 1670.0
1357490 1677.0
1357500 1683.2
1357510 1683.2
1357520 1689.9
1357530 1696.4
1357540 1696.4
1357550 1703.3
1357560 1711.0
1357570 1711.0
1357580 1718.5
1357590 1725.9
1357600 1725.9
1357610 1734.1
1357620 1745.4
1357630 1745.4
1357640 1756.3
1357650 1764.7
1357660 1773.6
1357670 1773.6
1357680 1781.4
1357690 1787.7
1357700 1787.7
1357710 1795.7
1357720 1804.6
1357730 1804.6
1357740 1813.6
1357750 1820.3
1357760 1820.3
1357770 1828.2
1357780 1842.0
1357790 1842.0
1357800 1854.7
1357810 1861.9
1357820 1861.9
1357830 1869.5
1357840 1876.9
1357850 1876.9
1357860 1885.3
1357870 1892.4
1357880 1898.7
1357890 1898.7
1357900 1903.7
1357910 1909.7
1357920 1909.7
1357930 1916.4
1357940 1923.0
1357950 1923.0
1357960 1931.1
1357970 1936.7
1357980 1936.7
1357990 1941.1
1358000 1948.3
1358010 1954.3
1358020 1959.5
1358030 1964.4
1358040 1964.4
1358050 1968.8
1358060 1974.4
1358070 1974.4
1358080 1981.3
1358090 1988.5
1358100 1988.5
1358110 1995.6
1358120 2000.4
1358130 2004.2
1358140 2004.2
1358150 2009.3
1358160 2014.6
1358170 2014.6
1358180 2019.4
1358190 2026.5
1358200 2026.5
1358210 2034.6
1358220 2043.6
1358230 2043.6
1358240 2050.6
1358250 2057.5
1358260 2057.5
1358270 2064.5
1358280 2071.0
1358290 2071.0
1358300 2077.3
1358310 2084.1
1358320 2084.1
1358330 2092.3
1358340 2101.7
1358350 2110.7
1358360 2110.7
1358370 2118.7
1358380 2125.5
1358390 2125.5
1358400 2132.3
1358410 2139.0
1358420 2139.0
1358430 2145.2
1358440 2151.5
1358450 2151.5
1358460 2158.6
1358470 2165.7
1358480 2165.7
1358490 2172.2
1358500 2177.2
1358510 2177.2
1358520 2181.5
1358530 2186.4
1358540 2186.4
1358550 2191.8
1358560 2198.8
1358570 2205.9
1358580 2205.9
1358590 2213.9
1358600 2221.6
1358610 2221.6
1358620 2229.5
1358630 2237.7
1358640 2237.7
1358650 2247.1
1358660 2254.8
1358670 2254.8
1358680 2259.8
1358690 2264.6
1358700 2264.6
1358710 2269.1
1358720 2273.6
1358730 2273.6
1358740 2278.2
1358750 2283.9
1358760 2283.9
1358770 2290.0
1358780 2297.0
1358790 2297.0
1358800 2305.0
1358810 2312.0
1358820 2318.5
1358830 2318.5
1358840 2325.6
1358850 2331.9
1358860 2331.9
1358870 2336.6
1358880 2341.0
1358890 2341.0
1358900 2344.7
1358910 2348.4
1358920 2348.4
1358930 2351.3
1358940 2355.5
1358950 2355.5
1358960 2359.7
1358970 2364.2
1358980 2364.2
1358990 2367.5
1359000 2372.1
1359010 2372.1
1359020 2375.3
1359030 2376.8
1359040 2378.6
1359050 2378.6
1359060 2381.3
1359070 2383.2
1359080 2383.2
1359090 2383.9
1359100 2384.9
1359110 2384.9
1359120 2387.6
1359130 2392.8
1359140 2392.8
1359150 2398.5
1359160 2404.9
1359170 2404.9
1359180 2409.9
1359190 2414.6
1359200 2414.6
1359210 2419.8
1359220 2424.0
1359230 2424.0
1359240 2428.3
1359250 2430.8
1359260 2432.8
1359270 2432.8
1359280 2434.1
1359290 2434.8
1359300 2434.8
1359310 2435.1
1359320 2435.3
1359330 2435.3
1359340 2435.0
1359350 2434.7
1359360 2434.7
1359370 2434.0
1359380 2434.4
1359390 2434.4
1359400 2435.8
1359410 2437.7
1359420 2437.7
1359430 2439.5
1359440 2440.8
1359450 2440.8
1359460 2442.9
1359470 2445.3
1359480 2445.3
1359490 2447.5
1359500 2449.9
1359510 2452.2
1359520 2452.2
1359530 2454.3
1359540 2457.4
1359550 2457.4
1359560 2460.1
1359570 2462.6
1359580 2462.6
1359590 2466.4
1359600 2471.9
1359610 2471.9
1359620 2478.3
1359630 2484.8
1359640 2484.8
1359650 2491.1
1359660 2497.0
1359670 2497.0
1359680 2503.9
1359690 2512.2
1359700 2512.2
1359710 2520.5
1359720 2526.1
1359730 2535.1
1359740 2535.1
1359750 2550.4
1359760 2560.6
1359770 2560.6
1359780 2564.7
1359790 2568.2
1359800 2568.2
1359810 2570.8
1359820 2572.9
1359830 2572.9
1359840 2576.0
1359850 2580.4
1359860 2580.4
1359870 2585.1
1359880 2589.4
1359890 2589.4
1359900 2594.0
1359910 2598.6
1359920 2598.6
1359930 2603.1
1359940 2607.5
1359950 2612.4
1359960 2612.4
1359970 2616.9
1359980 2621.1
1359990 2621.1
