1340000 2413.3
1340010 2416.3
1340020 2416.3
1340030 2416.5
1340040 2413.7
1340050 2413.7
1340060 2419.5
1340070 2423.5
1340080 2423.5
1340090 2420.9
1340100 2409.4
1340110 2409.4
1340120 2395.2
1340130 2380.5
1340140 2367.4
1340150 2367.4
1340160 2360.0
1340170 2354.0
1340180 2354.0
1340190 2347.6
1340200 2347.0
1340210 2347.0
1340220 2345.9
1340230 2340.8
1340240 2340.8
1340250 2325.1
1340260 2312.8
1340270 2312.8
1340280 2305.0
1340290 2299.6
1340300 2299.6
1340310 2295.3
1340320 2288.1
1340330 2288.1
1340340 2281.8
1340350 2276.9
1340360 2279.5
1340370 2279.5
1340380 2275.2
1340390 2269.8
1340400 2269.8
1340410 2262.3
1340420 2248.2
1340430 2248.2
1340440 2237.4
1340450 2230.9
1340460 2230.9
1340470 2225.6
1340480 2220.1
1340490 2220.1
1340500 2213.5
1340510 2209.1
1340520 2209.1
1340530 2206.0
1340540 2202.8
1340550 2202.8
1340560 2199.2
1340570 2196.6
1340580 2196.6
1340590 2196.1
1340600 2194.9
1340610 2194.4
1340620 2194.4
1340630 2192.9
1340640 2192.2
1340650 2192.2
1340660 2190.5
1340670 2188.5
1340680 2188.5
1340690 2186.7
1340700 2185.4
1340710 2185.4
1340720 2185.0
1340730 2185.9
1340740 2185.9
1340750 2187.1
1340760 2188.5
1340770 2188.5
1340780 2190.0
1340790 2192.1
1340800 2192.1
1340810 2195.7
1340820 2200.3
1340830 2205.4
1340840 2205.4
1340850 2210.8
1340860 2216.4
1340870 2216.4
1340880 2221.8
1340890 2227.2
1340900 2227.2
1340910 2233.0
1340920 2238.6
1340930 2238.6
1340940 2244.7
1340950 2251.8
1340960 2251.8
1340970 2259.1
1340980 2266.4
1340990 2266.4
1341000 2279.3
1341010 2312.0
1341020 2312.0
1341030 2322.5
1341040 2329.5
1341050 2329.5
1341060 2336.5
1341070 2343.8
1341080 2351.9
1341090 2351.9
1341100 2359.7
1341110 2367.3
1341120 2367.3
1341130 2374.2
1341140 2380.1
1341150 2380.1
1341160 2385.1
1341170 2389.1
1341180 2389.1
1341190 2392.3
1341200 2396.2
1341210 2396.2
1341220 2399.7
1341230 2403.6
1341240 2405.2
1341250 2410.2
1341260 2414.0
1341270 2414.0
1341280 2417.4
1341290 2421.6
1341300 2425.3
1341310 2425.3
1341320 2429.5
1341330 2433.9
1341340 2433.9
1341350 2438.6
1341360 2443.3
1341370 2443.3
1341380 2447.7
1341390 2452.4
1341400 2452.4
1341410 2457.5
1341420 2462.4
1341430 2462.4
1341440 2466.5
1341450 2470.1
1341460 2470.1
1341470 2474.1
1341480 2478.7
1341490 2478.7
1341500 2482.5
1341510 2487.6
1341520 2492.8
1341530 2492.8
1341540 2498.3
1341550 2503.5
1341560 2503.5
1341570 2509.0
1341580 2514.5
1341590 2514.5
1341600 2519.7
1341610 2525.3
1341620 2525.3
1341630 2531.5
1341640 2537.7
1341650 2537.7
1341660 2544.5
1341670 2551.5
1341680 2551.5
1341690 2558.0
1341700 2564.4
1341710 2564.4
1341720 2571.0
1341730 2577.6
1341740 2577.6
1341750 2584.2
1341760 2591.0
1341770 2599.1
1341780 2599.1
1341790 2608.3
1341800 2618.8
1341810 2618.8
1341820 2629.6
1341830 2651.1
1341840 2651.1
1341850 2677.3
1341860 2700.0
1341870 2700.0
1341880 2713.6
1341890 2725.3
1341900 2725.3
1341910 2735.6
1341920 2744.8
1341930 2744.8
1341940 2742.9
1341950 2737.7
1341960 2737.7
1341970 2731.6
1341980 2721.4
1341990 2710.6
1342000 2710.6
1342010 2705.2
1342020 2699.9
1342030 2699.9
1342040 2694.0
1342050 2690.3
1342060 2690.3
1342070 2688.2
1342080 2686.9
1342090 2686.9
1342100 2687.5
1342110 2689.4
1342120 2689.4
1342130 2686.2
1342140 2689.2
1342150 2689.2
1342160 2691.3
1342170 2692.8
1342180 2692.8
1342190 2694.2
1342200 2696.4
1342210 2699.5
1342220 2699.5
1342230 2701.2
1342240 2703.1
1342250 2703.1
1342260 2705.6
1342270 2709.4
1342280 2709.4
1342290 2714.4
1342300 2719.4
1342310 2719.4
1342320 2724.1
1342330 2728.8
1342340 2728.8
1342350 2733.9
1342360 2740.5
1342370 2740.5
1342380 2750.4
1342390 2758.4
1342400 2758.4
1342410 2760.6
1342420 2764.2
1342430 2764.2
1342440 2770.8
1342450 2778.7
1342460 2779.2
1342470 2779.2
1342480 2781.2
1342490 2787.9
1342500 2787.9
1342510 2799.9
1342520 2805.6
1342530 2805.6
1342540 2807.4
1342550 2806.5
1342560 2806.5
1342570 2806.4
1342580 2805.7
1342590 2805.7
1342600 2805.3
1342610 2805.8
1342620 2805.8
1342630 2810.7
1342640 2811.4
1342650 2811.4
1342660 2809.6
1342670 2808.3
1342680 2810.2
1342690 2810.2
1342700 2814.1
1342710 2812.5
1342720 2812.5
1342730 2815.1
1342740 2826.9
1342750 2826.9
1342760 2833.6
1342770 2839.1
1342780 2839.1
1342790 2845.8
1342800 2853.2
1342810 2853.2
1342820 2861.2
1342830 2871.3
1342840 2871.3
1342850 2880.0
1342860 2880.5
1342870 2880.5
1342880 2879.6
1342890 2878.8
1342900 2878.8
1342910 2878.2
1342920 2877.5
1342930 2877.6
1342940 2877.6
1342950 2877.6
1342960 2878.1
1342970 2878.1
1342980 2878.5
1342990 2878.8
1343000 2878.8
1343010 2879.6
1343020 2875.7
1343030 2875.7
1343040 2875.7
1343050 2873.1
1343060 2873.1
1343070 2870.8
1343080 2869.1
1343090 2869.1
1343100 2867.6
1343110 2866.9
1343120 2866.9
1343130 2866.4
1343140 2866.8
1343150 2868.4
1343160 2868.4
1343170 2871.2
1343180 2875.1
1343190 2875.1
1343200 2881.8
1343210 2892.5
1343220 2892.5
1343230 2899.4
1343240 2905.1
1343250 2905.1
1343260 2912.5
1343270 2913.4
1343280 2913.4
1343290 2894.6
1343300 2877.3
1343310 2877.3
1343320 2873.1
1343330 2871.5
1343340 2871.5
1343350 2868.5
1343360 2864.8
1343370 2860.8
1343380 2860.8
1343390 2858.6
1343400 2859.3
1343410 2859.3
1343420 2859.7
1343430 2858.3
1343440 2858.3
1343450 2856.0
1343460 2853.5
1343470 2853.5
1343480 2850.9
1343490 2848.1
1343500 2848.1
1343510 2845.3
1343520 2842.6
1343530 2842.6
1343540 2840.0
1343550 2837.8
1343560 2837.8
1343570 2836.1
1343580 2835.1
1343590 2835.1
1343600 2834.7
1343610 2834.7
1343620 2834.7
1343630 2834.7
1343640 2834.3
1343650 2833.7
1343660 2833.7
1343670 2832.8
1343680 2832.0
1343690 2832.0
1343700 2831.1
1343710 2830.2
1343720 2830.2
1343730 2829.0
1343740 2828.0
1343750 2828.0
1343760 2826.6
1343770 2824.9
1343780 2824.9
1343790 2823.0
1343800 2821.0
1343810 2821.0
1343820 2819.6
1343830 2819.0
1343840 2818.2
1343850 2818.2
1343860 2816.2
1343870 2813.3
1343880 2813.3
1343890 2810.2
1343900 2806.4
1343910 2806.4
1343920 2809.5
1343930 2807.2
1343940 2807.2
1343950 2804.3
1343960 2801.3
1343970 2801.3
1343980 2798.7
1343990 2796.0
1344000 2796.0
1344010 2793.8
1344020 2792.1
1344030 2792.1
1344040 2790.7
1344050 2788.9
1344060 2788.9
1344070 2785.1
1344080 2782.4
1344090 2780.3
1344100 2780.3
1344110 2778.8
1344120 2777.6
1344130 2777.6
1344140 2776.2
1344150 2775.0
1344160 2775.0
1344170 2774.2
1344180 2773.7
1344190 2773.7
1344200 2773.1
1344210 2772.0
1344220 2772.0
1344230 2771.0
1344240 2770.5
1344250 2770.5
1344260 2770.8
1344270 2772.9
1344280 2772.9
1344290 2774.7
1344300 2775.7
1344310 2776.4
1344320 2776.4
1344330 2777.0
1344340 2777.6
1344350 2777.6
1344360 2778.6
1344370 2779.9
1344380 2779.9
1344390 2781.7
1344400 2783.9
1344410 2783.9
1344420 2786.3
1344430 2788.8
1344440 2788.8
1344450 2791.2
1344460 2793.5
1344470 2793.5
1344480 2795.6
1344490 2797.3
1344500 2797.3
1344510 2798.5
1344520 2799.1
1344530 2800.3
1344540 2800.3
1344550 2801.0
1344560 2801.9
1344570 2801.9
1344580 2802.8
1344590 2803.9
1344600 2803.9
1344610 2805.2
1344620 2806.7
1344630 2806.7
1344640 2808.3
1344650 2810.0
1344660 2810.0
1344670 2812.0
1344680 2813.9
1344690 2813.9
1344700 2815.7
1344710 2817.5
1344720 2817.5
1344730 2819.3
1344740 2821.5
1344750 2821.5
1344760 2824.1
1344770 2826.9
1344780 2829.7
1344790 2829.7
1344800 2832.7
1344810 2835.8
1344820 2835.8
1344830 2844.7
1344840 2848.1
1344850 2848.1
1344860 2852.7
1344870 2864.5
1344880 2864.5
1344890 2876.2
1344900 2881.7
1344910 2881.7
1344920 2886.3
1344930 2892.4
1344940 2892.4
1344950 2898.0
1344960 2902.7
1344970 2902.7
1344980 2906.7
1344990 2909.8
1345000 2912.3
1345010 2912.3
1345020 2914.2
1345030 2915.5
1345040 2915.5
1345050 2916.5
1345060 2917.1
1345070 2917.1
1345080 2917.7
1345090 2918.1
1345100 2918.1
1345110 2918.2
1345120 2917.2
1345130 2917.2
1345140 2915.5
1345150 2914.9
1345160 2914.9
1345170 2916.1
1345180 2916.8
1345190 2916.8
1345200 2923.6
1345210 2933.9
1345220 2941.7
1345230 2941.7
1345240 2947.8
1345250 2953.5
1345260 2953.5
1345270 2958.8
1345280 2963.5
1345290 2963.5
1345300 2969.6
1345310 2979.5
1345320 2979.5
1345330 2990.4
1345340 2996.9
1345350 2996.9
1345360 2999.2
1345370 3003.0
1345380 3003.0
1345390 3012.5
1345400 3023.5
1345410 3023.5
1345420 3032.6
1345430 3039.2
1345440 3039.2
1345450 3048.9
1345460 3053.9
1345470 3056.4
1345480 3056.4
1345490 3056.7
1345500 3057.0
1345510 3057.0
1345520 3057.7
1345530 3058.4
1345540 3058.4
1345550 3058.7
1345560 3055.9
1345570 3055.9
1345580 3052.8
1345590 3048.9
1345600 3048.9
1345610 3043.6
1345620 3038.9
1345630 3038.9
1345640 3034.0
1345650 3030.4
1345660 3030.4
1345670 3026.3
1345680 3023.6
1345690 3018.3
1345700 3018.3
1345710 3013.1
1345720 3009.6
1345730 3009.6
1345740 3024.2
1345750 3022.9
1345760 3022.9
1345770 3022.4
1345780 3022.7
1345790 3022.7
1345800 3024.1
1345810 3027.5
1345820 3027.5
1345830 3031.3
1345840 3035.6
1345850 3035.6
1345860 3039.3
1345870 3041.6
1345880 3041.6
1345890 3043.4
1345900 3045.7
1345910 3045.7
1345920 3047.1
1345930 3048.4
1345940 3051.6
1345950 3051.6
1345960 3058.8
1345970 3065.5
1345980 3065.5
1345990 3070.2
1346000 3074.6
1346010 3074.6
1346020 3079.0
1346030 3083.6
1346040 3083.6
1346050 3088.4
1346060 3093.4
1346070 3093.4
1346080 3098.6
1346090 3103.5
1346100 3103.5
1346110 3108.3
1346120 3112.8
1346130 3112.8
1346140 3117.0
1346150 3121.0
1346160 3125.3
1346170 3125.3
1346180 3130.1
1346190 3136.0
1346200 3136.0
1346210 3144.0
1346220 3150.6
1346230 3150.6
1346240 3158.1
1346250 3165.9
1346260 3165.9
1346270 3173.1
1346280 3181.0
1346290 3181.0
1346300 3189.5
1346310 3191.9
1346320 3191.9
1346330 3189.9
1346340 3185.2
1346350 3185.2
1346360 3178.7
1346370 3171.2
1346380 3164.8
1346390 3164.8
1346400 3157.7
1346410 3149.7
1346420 3149.7
1346430 3141.5
1346440 3134.7
1346450 3134.7
1346460 3128.3
1346470 3121.3
1346480 3121.3
1346490 3114.8
1346500 3111.0
1346510 3111.0
1346520 3108.7
1346530 3107.0
1346540 3107.0
1346550 3107.2
1346560 3108.9
1346570 3108.9
1346580 3111.2
1346590 3114.0
1346600 3114.0
1346610 3117.8
1346620 3124.6
1346630 3131.1
1346640 3131.1
1346650 3138.1
1346660 3155.1
1346670 3155.1
1346680 3161.6
1346690 3168.6
1346700 3168.6
1346710 3169.1
1346720 3159.1
1346730 3159.1
1346740 3148.4
1346750 3139.3
1346760 3139.3
1346770 3132.3
1346780 3124.1
1346790 3124.1
1346800 3114.5
1346810 3103.6
1346820 3103.6
1346830 3092.1
1346840 3081.4
1346850 3072.4
1346860 3072.4
1346870 3061.2
1346880 3040.5
1346890 3040.5
1346900 3027.9
1346910 3019.6
1346920 3019.6
1346930 3008.4
1346940 2998.7
1346950 2998.7
1346960 2994.3
1346970 2992.8
1346980 2992.8
1346990 2988.0
1347000 2982.3
1347010 2982.3
1347020 2974.7
1347030 2965.0
1347040 2965.0
1347050 2953.9
1347060 2946.5
1347070 2942.5
1347080 2942.5
1347090 2941.3
1347100 2940.3
1347110 2940.3
1347120 2942.6
1347130 2943.8
1347140 2943.8
1347150 2944.2
1347160 2944.1
1347170 2944.1
1347180 2943.7
1347190 2943.6
1347200 2943.6
1347210 2944.4
1347220 2946.2
1347230 2946.2
1347240 2949.9
1347250 2954.1
1347260 2954.1
1347270 2959.7
1347280 2958.2
1347290 2958.2
1347300 2947.5
1347310 2937.6
1347320 2928.5
1347330 2928.5
1347340 2916.7
1347350 2908.4
1347360 2908.4
1347370 2903.2
1347380 2899.0
1347390 2899.0
1347400 2893.8
1347410 2889.3
1347420 2889.3
1347430 2884.7
1347440 2880.5
1347450 2880.5
1347460 2875.9
1347470 2871.2
1347480 2871.2
1347490 2868.6
1347500 2866.6
1347510 2866.6
1347520 2864.1
1347530 2862.3
1347540 2860.2
1347550 2860.2
1347560 2857.6
1347570 2854.7
1347580 2859.3
1347590 2856.5
1347600 2854.3
1347610 2854.3
1347620 2851.9
1347630 2849.4
1347640 2849.4
1347650 2846.9
1347660 2844.4
1347670 2844.4
1347680 2841.8
1347690 2839.1
1347700 2839.1
1347710 2836.2
1347720 2833.0
1347730 2833.0
1347740 2830.0
1347750 2828.6
1347760 2828.6
1347770 2827.9
1347780 2827.3
1347790 2827.0
1347800 2827.0
1347810 2827.1
1347820 2827.4
1347830 2827.4
1347840 2827.9
1347850 2828.6
1347860 2828.6
1347870 2829.0
1347880 2829.1
1347890 2829.1
1347900 2829.2
1347910 2829.5
1347920 2829.5
1347930 2829.6
1347940 2828.4
1347950 2828.4
1347960 2825.4
1347970 2820.7
1347980 2820.7
1347990 2817.8
1348000 2819.5
1348010 2823.0
1348020 2823.0
1348030 2824.1
1348040 2821.1
1348050 2821.1
1348060 2819.4
1348070 2816.7
1348080 2816.7
1348090 2814.0
1348100 2812.0
1348110 2812.0
1348120 2810.8
1348130 2809.8
1348140 2809.8
1348150 2809.2
1348160 2808.5
1348170 2808.5
1348180 2807.8
1348190 2806.9
1348200 2806.9
1348210 2806.1
1348220 2806.2
1348230 2807.0
1348240 2807.0
1348250 2808.1
1348260 2809.5
1348270 2809.5
1348280 2811.8
1348290 2813.7
1348300 2813.7
1348310 2814.6
1348320 2814.1
1348330 2814.1
1348340 2816.3
1348350 2824.0
1348360 2824.0
1348370 2835.5
1348380 2843.9
1348390 2843.9
1348400 2853.3
1348410 2862.3
1348420 2862.3
1348430 2869.2
1348440 2877.6
1348450 2877.6
1348460 2881.7
1348470 2888.2
1348480 2896.2
1348490 2896.2
1348500 2892.9
1348510 2907.4
1348520 2907.4
1348530 2906.0
1348540 2899.4
1348550 2899.4
1348560 2900.1
1348570 2901.3
1348580 2901.3
1348590 2902.9
1348600 2905.0
1348610 2905.0
1348620 2907.7
1348630 2909.3
1348640 2909.3
1348650 2910.6
1348660 2911.5
1348670 2911.5
1348680 2912.6
1348690 2913.9
1348700 2915.5
1348710 2915.5
1348720 2917.4
1348730 2919.2
1348740 2919.2
1348750 2921.2
1348760 2923.0
1348770 2923.0
1348780 2925.1
1348790 2926.4
1348800 2926.4
1348810 2928.8
1348820 2930.9
1348830 2930.9
1348840 2932.5
1348850 2934.2
1348860 2934.2
1348870 2936.3
1348880 2939.1
1348890 2939.1
1348900 2941.6
1348910 2944.0
1348920 2944.0
1348930 2946.6
1348940 2949.3
1348950 2952.0
1348960 2952.0
1348970 2954.4
1348980 2954.7
1348990 2954.7
1349000 2970.4
1349010 2961.9
1349020 2961.9
1349030 2944.4
1349040 2931.8
1349050 2931.8
1349060 2915.9
1349070 2903.7
1349080 2903.7
1349090 2891.1
1349100 2879.4
1349110 2879.4
1349120 2871.5
1349130 2864.4
1349140 2864.4
1349150 2858.4
1349160 2852.7
1349170 2844.9
1349180 2844.9
1349190 2829.6
1349200 2816.6
1349210 2816.6
1349220 2800.0
1349230 2786.4
1349240 2786.4
1349250 2774.5
1349260 2762.8
1349270 2762.8
1349280 2754.6
1349290 2747.0
1349300 2747.0
1349310 2740.2
1349320 2734.0
1349330 2734.0
1349340 2726.5
1349350 2720.7
1349360 2720.7
1349370 2715.0
1349380 2709.4
1349390 2703.9
1349400 2703.9
1349410 2699.0
1349420 2694.2
1349430 2694.2
1349440 2689.5
1349450 2683.5
1349460 2683.5
1349470 2679.6
1349480 2676.0
1349490 2676.0
1349500 2672.6
1349510 2669.9
1349520 2669.9
1349530 2667.6
1349540 2666.8
1349550 2666.8
1349560 2669.6
1349570 2671.2
1349580 2671.2
1349590 2669.6
1349600 2667.3
1349610 2667.3
1349620 2666.4
1349630 2667.1
1349640 2668.9
1349650 2668.9
1349660 2670.2
1349670 2670.3
1349680 2670.3
1349690 2670.0
1349700 2668.5
1349710 2668.5
1349720 2666.3
1349730 2666.0
1349740 2666.0
1349750 2665.8
1349760 2666.1
1349770 2666.1
1349780 2667.1
1349790 2668.7
1349800 2668.7
1349810 2670.2
1349820 2672.4
1349830 2672.4
1349840 2674.8
1349850 2677.5
1349860 2680.0
1349870 2680.0
1349880 2684.9
1349890 2692.0
1349900 2692.0
1349910 2698.7
1349920 2703.7
1349930 2703.7
1349940 2704.8
1349950 2708.3
1349960 2708.3
1349970 2713.8
1349980 2721.6
1349990 2721.6
1350000 2729.2
1350010 2732.9
1350020 2732.9
1350030 2733.7
1350040 2736.4
1350050 2736.4
1350060 2739.5
1350070 2744.5
1350080 2752.0
1350090 2752.0
1350100 2758.0
1350110 2746.9
1350120 2746.9
1350130 2727.7
1350140 2706.0
1350150 2706.0
1350160 2687.6
1350170 2684.0
1350180 2684.0
1350190 2683.3
1350200 2683.6
1350210 2683.6
1350220 2685.0
1350230 2687.5
1350240 2687.5
1350250 2689.5
1350260 2690.6
1350270 2690.6
1350280 2689.3
1350290 2689.0
1350300 2689.0
1350310 2686.7
1350320 2683.9
1350330 2685.7
1350340 2685.7
1350350 2684.8
1350360 2683.1
1350370 2683.1
1350380 2683.1
1350390 2684.3
1350400 2675.1
1350410 2676.7
1350420 2678.6
1350430 2678.6
1350440 2678.3
1350450 2682.0
1350460 2682.0
1350470 2689.0
1350480 2694.0
1350490 2694.0
1350500 2692.9
1350510 2695.5
1350520 2695.5
1350530 2704.5
1350540 2710.2
1350550 2713.0
1350560 2713.0
1350570 2712.4
1350580 2707.0
1350590 2707.0
1350600 2685.5
1350610 2677.6
1350620 2677.6
1350630 2671.4
1350640 2666.9
1350650 2666.9
1350660 2659.1
1350670 2646.5
1350680 2646.5
1350690 2623.0
1350700 2604.4
1350710 2604.4
1350720 2587.8
1350730 2572.1
1350740 2572.1
1350750 2556.9
1350760 2558.1
1350770 2558.1
1350780 2555.1
1350790 2545.7
1350800 2533.8
1350810 2533.8
1350820 2519.4
1350830 2507.6
1350840 2507.6
1350850 2499.5
1350860 2490.8
1350870 2490.8
1350880 2481.9
1350890 2472.6
1350900 2472.6
1350910 2465.0
1350920 2459.2
1350930 2459.2
1350940 2453.5
1350950 2448.3
1350960 2448.3
1350970 2443.1
1350980 2437.8
1350990 2437.8
1351000 2433.2
1351010 2428.7
1351020 2423.8
1351030 2423.8
1351040 2419.5
1351050 2415.1
1351060 2415.1
1351070 2410.6
1351080 2406.4
1351090 2406.4
1351100 2403.1
1351110 2401.4
1351120 2401.4
1351130 2400.9
1351140 2400.7
1351150 2400.7
1351160 2400.7
1351170 2401.3
1351180 2401.3
1351190 2402.6
1351200 2404.7
1351210 2404.7
1351220 2406.2
1351230 2407.2
1351240 2407.9
1351250 2407.9
1351260 2409.2
1351270 2410.0
1351280 2410.0
1351290 2411.2
1351300 2411.6
1351310 2411.6
1351320 2413.5
1351330 2415.4
1351340 2415.4
1351350 2412.8
1351360 2414.1
1351370 2414.1
1351380 2414.3
1351390 2413.7
1351400 2413.7
1351410 2412.4
1351420 2409.3
1351430 2409.3
1351440 2406.6
1351450 2404.0
1351460 2404.0
1351470 2402.1
1351480 2401.8
1351490 2400.0
1351500 2400.0
1351510 2397.8
1351520 2397.2
1351530 2397.2
1351540 2397.7
1351550 2397.5
1351560 2397.5
1351570 2397.3
1351580 2397.5
1351590 2397.5
1351600 2397.6
1351610 2397.3
1351620 2397.3
1351630 2396.8
1351640 2396.2
1351650 2396.2
1351660 2396.6
1351670 2396.5
1351680 2396.5
1351690 2395.6
1351700 2395.3
1351710 2396.2
1351720 2396.2
1351730 2396.6
1351740 2397.8
1351750 2397.8
1351760 2398.9
1351770 2401.1
1351780 2401.1
1351790 2403.0
1351800 2407.8
1351810 2407.8
1351820 2411.0
1351830 2414.6
1351840 2414.6
1351850 2418.3
1351860 2424.6
1351870 2424.6
1351880 2432.1
1351890 2438.2
1351900 2438.2
1351910 2442.1
1351920 2446.5
1351930 2446.5
1351940 2450.5
1351950 2453.9
1351960 2456.7
1351970 2456.7
1351980 2459.0
1351990 2460.7
1352000 2460.7
1352010 2460.9
1352020 2460.9
1352030 2460.9
1352040 2458.9
1352050 2456.4
1352060 2456.4
1352070 2452.9
1352080 2449.8
1352090 2449.8
1352100 2446.7
1352110 2443.1
1352120 2443.1
1352130 2438.7
1352140 2433.4
1352150 2433.4
1352160 2429.6
1352170 2427.0
1352180 2419.8
1352190 2419.8
1352200 2402.4
1352210 2395.6
1352220 2395.6
1352230 2377.0
1352240 2367.6
1352250 2367.6
1352260 2367.1
1352270 2359.0
1352280 2359.0
1352290 2335.3
1352300 2325.0
1352310 2326.5
1352320 2318.5
1352330 2310.6
1352340 2310.6
1352350 2302.6
1352360 2294.7
1352370 2294.7
1352380 2287.0
1352390 2279.5
1352400 2272.7
1352410 2272.7
1352420 2266.0
1352430 2259.6
1352440 2259.6
1352450 2253.2
1352460 2247.1
1352470 2247.1
1352480 2241.3
1352490 2235.4
1352500 2235.4
1352510 2229.9
1352520 2225.0
1352530 2225.0
1352540 2220.1
1352550 2215.4
1352560 2215.4
1352570 2210.8
1352580 2206.9
1352590 2206.9
1352600 2203.1
1352610 2197.0
1352620 2197.0
1352630 2191.3
1352640 2186.6
1352650 2183.2
1352660 2183.2
1352670 2181.5
1352680 2179.1
1352690 2179.1
1352700 2176.8
1352710 2173.8
1352720 2173.8
1352730 2170.6
1352740 2167.3
1352750 2167.3
1352760 2163.8
1352770 2160.5
1352780 2160.5
1352790 2156.8
1352800 2154.4
1352810 2154.4
1352820 2151.5
1352830 2149.5
1352840 2149.5
1352850 2147.9
1352860 2145.8
1352870 2142.1
1352880 2142.1
1352890 2137.9
1352900 2134.3
1352910 2134.3
1352920 2130.4
1352930 2125.0
1352940 2125.0
1352950 2120.7
1352960 2116.2
1352970 2116.2
1352980 2111.9
1352990 2109.2
1353000 2109.2
1353010 2105.6
1353020 2100.0
1353030 2100.0
1353040 2094.6
1353050 2091.7
1353060 2091.7
1353070 2088.2
1353080 2085.1
1353090 2077.7
1353100 2077.7
1353110 2067.8
1353120 2061.8
1353130 2061.8
1353140 2055.8
1353150 2048.1
1353160 2048.1
1353170 2043.6
1353180 2042.0
1353190 2042.0
1353200 2041.2
1353210 2037.2
1353220 2037.2
1353230 2036.2
1353240 2032.9
1353250 2032.9
1353260 2029.8
1353270 2021.6
1353280 2021.6
1353290 2018.7
1353300 2015.4
1353310 2015.4
1353320 2012.2
1353330 2010.0
1353340 2010.2
1353350 2010.2
1353360 2011.5
1353370 2012.8
1353380 2012.8
1353390 2013.2
1353400 2011.3
1353410 2011.3
1353420 2010.6
1353430 2009.4
1353440 2009.4
1353450 2008.3
1353460 2008.6
1353470 2008.6
1353480 2008.0
1353490 2008.9
1353500 2008.9
1353510 2006.4
1353520 2006.5
1353530 2006.5
1353540 2005.7
1353550 2004.9
1353560 2004.7
1353570 2004.7
1353580 2004.6
1353590 2005.6
1353600 2005.6
1353610 2005.2
1353620 2005.0
1353630 2005.0
1353640 2004.2
1353650 2003.1
1353660 2003.1
1353670 2001.2
1353680 1998.8
1353690 1998.8
1353700 1993.4
1353710 1991.8
1353720 1991.8
1353730 1992.7
1353740 1992.1
1353750 1992.1
1353760 1992.5
1353770 1993.1
1353780 1993.1
1353790 1997.6
1353800 2000.5
1353810 1999.5
1353820 1999.5
1353830 1999.8
1353840 2001.8
1353850 2001.8
1353860 2000.7
1353870 2002.4
1353880 2002.4
1353890 2005.9
1353900 2003.8
1353910 2003.8
1353920 2002.2
1353930 2003.4
1353940 2003.4
1353950 2003.4
1353960 2006.0
1353970 2006.0
1353980 2005.3
1353990 2002.6
1354000 2002.6
1354010 1999.4
1354020 1995.4
1354030 1995.0
1354040 1995.0
1354050 1996.6
1354060 1997.6
1354070 1997.6
1354080 1999.9
1354090 1997.2
1354100 1997.2
1354110 1993.9
1354120 1992.7
1354130 1992.7
1354140 1994.5
1354150 1998.4
1354160 1998.4
1354170 1999.0
1354180 2002.3
1354190 2002.3
1354200 2004.4
1354210 2005.8
1354220 2005.8
1354230 2008.2
1354240 2001.9
1354250 2001.8
1354260 2001.8
1354270 2003.2
1354280 2005.8
1354290 2005.8
1354300 2005.3
1354310 2005.6
1354320 2005.6
1354330 2006.6
1354340 2007.9
1354350 2007.9
1354360 2009.1
1354370 2011.4
1354380 2011.4
1354390 2012.1
1354400 2014.2
1354410 2014.2
1354420 2016.7
1354430 2019.0
1354440 2019.0
1354450 2024.4
1354460 2027.3
1354470 2027.3
1354480 2030.6
1354490 2032.4
1354500 2034.5
1354510 2034.5
1354520 2036.4
1354530 2038.6
1354540 2038.6
1354550 2042.9
1354560 2046.6
1354570 2046.6
1354580 2052.6
1354590 2056.3
1354600 2056.3
1354610 2055.5
1354620 2054.9
1354630 2054.9
1354640 2057.8
1354650 2060.8
1354660 2060.8
1354670 2062.8
1354680 2066.6
1354690 2066.6
1354700 2071.0
1354710 2074.3
1354720 2077.7
1354730 2077.7
1354740 2079.1
1354750 2084.4
1354760 2084.4
1354770 2089.0
1354780 2092.4
1354790 2092.4
1354800 2096.5
1354810 2100.1
1354820 2100.1
1354830 2103.9
1354840 2109.3
1354850 2109.3
1354860 2113.9
1354870 2119.0
1354880 2119.0
1354890 2124.8
1354900 2127.9
1354910 2127.9
1354920 2129.8
1354930 2132.0
1354940 2132.7
1354950 2132.7
1354960 2132.6
1354970 2133.6
1354980 2133.6
1354990 2133.7
1355000 2133.5
1355010 2133.5
1355020 2133.9
1355030 2133.4
1355040 2133.4
1355050 2133.2
1355060 2131.3
1355070 2131.3
1355080 2126.9
1355090 2120.4
1355100 2120.4
1355110 2114.9
1355120 2112.4
1355130 2112.4
1355140 2112.1
1355150 2111.7
1355160 2111.7
1355170 2110.8
1355180 2107.5
1355190 2103.6
1355200 2103.6
1355210 2100.3
1355220 2099.0
1355230 2099.0
1355240 2095.9
1355250 2091.4
1355260 2091.4
1355270 2088.7
1355280 2088.5
1355290 2088.5
1355300 2088.4
1355310 2087.2
1355320 2087.2
1355330 2086.2
1355340 2087.4
1355350 2087.4
1355360 2087.8
1355370 2087.1
1355380 2087.1
1355390 2088.2
1355400 2090.2
1355410 2089.8
1355420 2089.8
1355430 2088.1
1355440 2082.1
1355450 2082.1
1355460 2077.4
1355470 2072.5
1355480 2072.5
1355490 2065.8
1355500 2059.4
1355510 2059.4
1355520 2054.7
1355530 2050.2
1355540 2050.2
1355550 2047.1
1355560 2043.9
1355570 2043.9
1355580 2038.0
1355590 2031.4
1355600 2031.4
1355610 2026.9
1355620 2024.3
1355630 2024.3
1355640 2023.3
1355650 2023.2
1355660 2022.8
1355670 2022.8
1355680 2021.1
1355690 2020.2
1355700 2020.2
1355710 2020.7
1355720 2019.1
1355730 2019.1
1355740 2016.3
1355750 2013.7
1355760 2013.7
1355770 2011.6
1355780 2011.1
1355790 2011.1
1355800 2009.3
1355810 2004.9
1355820 2004.9
1355830 1999.0
1355840 1994.7
1355850 1994.7
1355860 1991.6
1355870 1989.6
1355880 1987.3
1355890 1987.3
1355900 1982.3
1355910 1979.5
1355920 1979.5
1355930 1976.7
1355940 1974.3
1355950 1974.3
1355960 1972.3
1355970 1970.3
1355980 1970.3
1355990 1968.7
1356000 1967.1
1356010 1967.1
1356020 1965.3
1356030 1963.3
1356040 1963.3
1356050 1961.6
1356060 1959.4
1356070 1959.4
1356080 1956.6
1356090 1953.5
1356100 1950.3
1356110 1950.3
1356120 1946.8
1356130 1943.7
1356140 1943.7
1356150 1941.3
1356160 1940.1
1356170 1940.1
1356180 1937.4
1356190 1933.5
1356200 1933.5
1356210 1926.8
1356220 1926.3
1356230 1926.3
1356240 1926.0
1356250 1924.5
1356260 1924.5
1356270 1921.8
1356280 1916.2
1356290 1916.2
1356300 1908.3
1356310 1897.6
1356320 1897.6
1356330 1885.8
1356340 1873.9
1356350 1867.1
1356360 1867.1
1356370 1860.1
1356380 1853.2
1356390 1853.2
1356400 1845.3
1356410 1836.5
1356420 1836.5
1356430 1829.1
1356440 1821.8
1356450 1821.8
1356460 1814.2
1356470 1807.1
1356480 1807.1
1356490 1803.0
1356500 1798.9
1356510 1798.9
1356520 1795.5
1356530 1791.5
1356540 1791.5
1356550 1786.3
1356560 1779.7
1356570 1774.5
1356580 1774.5
1356590 1769.8
1356600 1765.3
1356610 1765.3
1356620 1761.2
1356630 1755.9
1356640 1755.9
1356650 1750.5
1356660 1747.5
1356670 1747.5
1356680 1744.9
1356690 1741.4
1356700 1741.4
1356710 1737.6
1356720 1734.0
1356730 1734.0
1356740 1731.0
1356750 1728.8
1356760 1728.8
1356770 1726.7
1356780 1723.8
1356790 1723.8
1356800 1720.8
1356810 1718.2
1356820 1715.1
1356830 1715.1
1356840 1712.7
1356850 1708.9
1356860 1708.9
1356870 1704.3
1356880 1700.1
1356890 1700.1
1356900 1695.7
1356910 1693.0
1356920 1693.0
1356930 1691.4
1356940 1689.3
1356950 1689.3
1356960 1686.9
1356970 1684.6
1356980 1684.6
1356990 1681.6
1357000 1677.6
1357010 1677.6
1357020 1673.8
1357030 1670.7
1357040 1670.0
1357050 1670.0
1357060 1668.4
1357070 1665.0
1357080 1665.0
1357090 1660.1
1357100 1656.5
1357110 1656.5
1357120 1657.4
1357130 1655.9
1357140 1655.9
1357150 1653.1
1357160 1651.2
1357170 1651.2
1357180 1650.1
1357190 1649.1
1357200 1648.4
1357210 1645.8
1357220 1641.8
1357230 1641.8
1357240 1637.8
1357250 1632.3
1357260 1626.1
1357270 1626.1
1357280 1618.7
1357290 1612.6
1357300 1612.6
1357310 1609.8
1357320 1609.2
1357330 1609.2
1357340 1608.8
1357350 1608.6
1357360 1608.6
1357370 1608.7
1357380 1609.4
1357390 1609.4
1357400 1609.3
1357410 1609.5
1357420 1609.5
1357430 1609.5
1357440 1609.5
1357450 1609.5
1357460 1609.6
1357470 1610.1
1357480 1610.1
1357490 1610.5
1357500 1611.3
1357510 1611.4
1357520 1611.4
1357530 1611.8
1357540 1612.4
1357550 1612.4
1357560 1614.0
1357570 1614.9
1357580 1614.9
1357590 1613.7
1357600 1613.7
1357610 1613.7
1357620 1617.7
1357630 1622.8
1357640 1622.8
1357650 1628.4
1357660 1633.1
1357670 1633.1
1357680 1638.7
1357690 1644.7
1357700 1644.7
1357710 1650.6
1357720 1656.6
1357730 1662.5
1357740 1662.5
1357750 1670.5
1357760 1679.5
1357770 1679.5
1357780 1688.2
1357790 1696.7
1357800 1696.7
1357810 1704.6
1357820 1712.9
1357830 1712.9
1357840 1724.6
1357850 1738.6
1357860 1738.6
1357870 1747.0
1357880 1756.4
1357890 1756.4
1357900 1763.3
1357910 1769.1
1357920 1769.1
1357930 1775.5
1357940 1782.3
1357950 1789.2
1357960 1789.2
1357970 1795.5
1357980 1801.1
1357990 1801.1
1358000 1807.1
1358010 1815.0
1358020 1815.0
1358030 1824.3
1358040 1833.2
1358050 1833.2
1358060 1842.1
1358070 1853.1
1358080 1853.1
1358090 1862.7
1358100 1870.5
1358110 1870.5
1358120 1878.2
1358130 1887.8
1358140 1887.8
1358150 1900.8
1358160 1920.0
1358170 1920.0
1358180 1927.2
1358190 1934.0
1358200 1939.6
1358210 1940.9
1358220 1947.6
1358230 1954.2
1358240 1954.2
1358250 1961.3
1358260 1968.3
1358270 1968.3
1358280 1975.4
1358290 1983.0
1358300 1983.0
1358310 1990.2
1358320 1997.5
1358330 1997.5
1358340 2005.4
1358350 2015.8
1358360 2015.8
1358370 2033.1
1358380 2049.0
1358390 2049.0
1358400 2058.5
1358410 2067.9
1358420 2076.2
1358430 2076.2
1358440 2082.5
1358450 2088.8
1358460 2088.8
1358470 2096.9
1358480 2107.2
1358490 2107.2
1358500 2114.5
1358510 2120.2
1358520 2120.2
1358530 2127.2
1358540 2136.4
1358550 2136.4
1358560 2146.8
1358570 2155.7
1358580 2155.7
1358590 2164.5
1358600 2171.8
1358610 2171.8
1358620 2178.8
1358630 2185.9
1358640 2185.9
1358650 2192.9
1358660 2199.7
1358670 2205.6
1358680 2205.6
1358690 2210.6
1358700 2215.7
1358710 2215.7
1358720 2221.8
1358730 2229.1
1358740 2229.1
1358750 2237.0
1358760 2244.3
1358770 2244.3
1358780 2252.5
1358790 2260.9
1358800 2260.9
1358810 2268.8
1358820 2274.5
1358830 2274.5
1358840 2280.9
1358850 2289.4
1358860 2289.4
1358870 2296.7
1358880 2302.9
1358890 2308.7
1358900 2308.7
1358910 2314.8
1358920 2321.1
1358930 2321.1
1358940 2327.7
1358950 2334.5
1358960 2334.5
1358970 2341.5
1358980 2348.8
1358990 2348.8
1359000 2358.4
1359010 2370.4
1359020 2370.4
1359030 2381.4
1359040 2389.3
1359050 2389.3
1359060 2398.1
1359070 2405.9
1359080 2405.9
1359090 2412.7
1359100 2419.8
1359110 2427.5
1359120 2427.5
1359130 2435.7
1359140 2442.9
1359150 2442.9
1359160 2449.0
1359170 2456.1
1359180 2456.1
1359190 2463.9
1359200 2470.7
1359210 2470.7
1359220 2479.4
1359230 2481.6
1359240 2481.6
1359250 2482.0
1359260 2482.8
1359270 2482.8
1359280 2483.4
1359290 2484.2
1359300 2484.2
1359310 2485.2
1359320 2486.3
1359330 2486.3
1359340 2488.5
1359350 2491.1
1359360 2492.8
1359370 2492.8
1359380 2493.5
1359390 2494.0
1359400 2494.0
1359410 2495.3
1359420 2496.5
1359430 2496.5
1359440 2497.7
1359450 2499.1
1359460 2499.1
1359470 2501.1
1359480 2502.9
1359490 2502.9
1359500 2506.4
1359510 2511.6
1359520 2511.6
1359530 2515.8
1359540 2516.1
1359550 2516.1
1359560 2513.9
1359570 2516.0
1359580 2518.9
1359590 2518.9
1359600 2522.5
1359610 2525.8
1359620 2525.8
1359630 2527.8
1359640 2529.4
1359650 2529.4
1359660 2532.2
1359670 2536.5
1359680 2536.5
1359690 2541.1
1359700 2544.2
1359710 2544.2
1359720 2545.7
1359730 2550.2
1359740 2550.2
1359750 2554.4
1359760 2557.1
1359770 2557.1
1359780 2559.9
1359790 2564.2
1359800 2568.8
1359810 2568.8
1359820 2573.6
1359830 2580.6
1359840 2580.6
1359850 2582.9
1359860 2585.5
1359870 2585.5
1359880 2588.9
1359890 2594.3
1359900 2594.3
1359910 2601.9
1359920 2609.8
1359930 2609.8
1359940 2618.0
1359950 2626.1
1359960 2626.1
1359970 2632.9
1359980 2638.0
1359990 2638.0
