1340000 1974.8
1340010 1974.8
1340020 1970.5
1340030 1966.6
1340040 1966.6
1340050 1963.0
1340060 1960.1
1340070 1960.1
1340080 1957.7
1340090 1956.2
1340100 1956.2
1340110 1956.0
1340120 1955.7
1340130 1955.7
1340140 1957.4
1340150 1961.5
1340160 1961.5
1340170 1966.4
1340180 1971.3
1340190 1976.5
1340200 1976.5
1340210 1981.9
1340220 1987.0
1340230 1987.0
1340240 1993.1
1340250 2000.1
1340260 2000.1
1340270 2007.2
1340280 2015.1
1340290 2015.1
1340300 2023.4
1340310 2031.2
1340320 2031.2
1340330 2039.1
1340340 2046.9
1340350 2046.9
1340360 2054.7
1340370 2062.6
1340380 2062.6
1340390 2070.9
1340400 2084.2
1340410 2084.2
1340420 2100.5
1340430 2113.2
1340440 2123.9
1340450 2123.9
1340460 2132.8
1340470 2137.0
1340480 2137.0
1340490 2141.4
1340500 2151.9
1340510 2151.9
1340520 2163.5
1340530 2175.9
1340540 2175.9
1340550 2183.2
1340560 2188.8
1340570 2188.8
1340580 2194.0
1340590 2196.8
1340600 2196.8
1340610 2197.5
1340620 2197.9
1340630 2197.9
1340640 2198.4
1340650 2198.9
1340660 2200.0
1340670 2200.0
1340680 2205.6
1340690 2208.5
1340700 2208.5
1340710 2211.3
1340720 2214.2
1340730 2214.2
1340740 2217.9
1340750 2222.1
1340760 2222.1
1340770 2225.8
1340780 2230.5
1340790 2230.5
1340800 2236.3
1340810 2241.9
1340820 2241.9
1340830 2247.8
1340840 2253.8
1340850 2253.8
1340860 2259.1
1340870 2264.4
1340880 2264.4
1340890 2269.1
1340900 2273.9
1340910 2279.0
1340920 2279.0
1340930 2283.8
1340940 2288.2
1340950 2288.2
1340960 2292.4
1340970 2295.4
1340980 2295.4
1340990 2298.5
1341000 2302.2
1341010 2302.2
1341020 2306.6
1341030 2311.9
1341040 2311.9
1341050 2317.2
1341060 2321.4
1341070 2321.4
1341080 2324.0
1341090 2326.2
1341100 2326.2
1341110 2328.2
1341120 2330.2
1341130 2332.2
1341140 2332.2
1341150 2334.4
1341160 2336.8
1341170 2336.8
1341180 2340.6
1341190 2344.9
1341200 2344.9
1341210 2349.7
1341220 2354.1
1341230 2354.1
1341240 2357.4
1341250 2359.3
1341260 2359.3
1341270 2361.7
1341280 2364.2
1341290 2364.2
1341300 2366.5
1341310 2369.9
1341320 2369.9
1341330 2374.0
1341340 2377.3
1341350 2377.3
1341360 2379.9
1341370 2381.9
1341380 2383.9
1341390 2383.9
1341400 2386.1
1341410 2388.4
1341420 2388.4
1341430 2392.0
1341440 2395.6
1341450 2395.6
1341460 2397.7
1341470 2399.6
1341480 2399.6
1341490 2401.8
1341500 2404.7
1341510 2404.7
1341520 2408.1
1341530 2411.8
1341540 2411.8
1341550 2415.5
1341560 2419.0
1341570 2419.2
1341580 2423.4
1341590 2427.8
1341600 2431.7
1341610 2431.7
1341620 2436.0
1341630 2440.0
1341640 2440.0
1341650 2445.2
1341660 2450.4
1341670 2450.4
1341680 2454.9
1341690 2459.1
1341700 2459.1
1341710 2463.3
1341720 2467.4
1341730 2467.4
1341740 2471.3
1341750 2476.8
1341760 2476.8
1341770 2481.6
1341780 2485.6
1341790 2485.6
1341800 2489.2
1341810 2493.5
1341820 2493.5
1341830 2498.5
1341840 2503.7
1341850 2508.8
1341860 2508.8
1341870 2514.0
1341880 2520.1
1341890 2520.1
1341900 2527.7
1341910 2535.5
1341920 2535.5
1341930 2542.3
1341940 2548.0
1341950 2548.0
1341960 2553.7
1341970 2560.1
1341980 2560.1
1341990 2567.9
1342000 2578.8
1342010 2578.8
1342020 2588.4
1342030 2602.2
1342040 2602.2
1342050 2617.8
1342060 2627.4
1342070 2626.1
1342080 2626.1
1342090 2627.7
1342100 2635.2
1342110 2635.2
1342120 2644.4
1342130 2651.2
1342140 2651.2
1342150 2646.5
1342160 2638.6
1342170 2638.6
1342180 2629.8
1342190 2616.2
1342200 2616.2
1342210 2602.8
1342220 2592.4
1342230 2592.4
1342240 2584.9
1342250 2579.2
1342260 2579.2
1342270 2573.3
1342280 2566.6
1342290 2566.6
1342300 2559.9
1342310 2554.0
1342320 2548.1
1342330 2548.1
1342340 2543.2
1342350 2539.7
1342360 2539.7
1342370 2537.7
1342380 2536.8
1342390 2536.8
1342400 2534.4
1342410 2531.3
1342420 2531.3
1342430 2528.3
1342440 2527.3
1342450 2527.3
1342460 2532.4
1342470 2534.2
1342480 2534.2
1342490 2538.1
1342500 2540.9
1342510 2540.9
1342520 2540.7
1342530 2540.5
1342540 2541.0
1342550 2541.0
1342560 2542.0
1342570 2542.9
1342580 2542.9
1342590 2544.4
1342600 2546.8
1342610 2546.8
1342620 2548.1
1342630 2549.9
1342640 2549.9
1342650 2552.5
1342660 2555.1
1342670 2555.1
1342680 2555.2
1342690 2555.4
1342700 2555.4
1342710 2556.5
1342720 2557.3
1342730 2557.3
1342740 2558.0
1342750 2557.5
1342760 2557.3
1342770 2557.3
1342780 2558.6
1342790 2559.0
1342800 2559.0
1342810 2558.7
1342820 2560.3
1342830 2560.3
1342840 2561.2
1342850 2560.4
1342860 2560.4
1342870 2558.9
1342880 2558.8
1342890 2558.8
1342900 2558.8
1342910 2558.4
1342920 2558.4
1342930 2557.1
1342940 2556.1
1342950 2556.1
1342960 2555.2
1342970 2556.1
1342980 2556.1
1342990 2555.2
1343000 2553.4
1343010 2552.6
1343020 2552.6
1343030 2552.1
1343040 2546.7
1343050 2546.7
1343060 2541.2
1343070 2535.7
1343080 2535.7
1343090 2531.0
1343100 2526.1
1343110 2526.1
1343120 2521.0
1343130 2515.7
1343140 2515.7
1343150 2510.6
1343160 2504.9
1343170 2504.9
1343180 2499.1
1343190 2493.2
1343200 2493.2
1343210 2487.2
1343220 2480.5
1343230 2472.7
1343240 2472.7
1343250 2466.3
1343260 2463.0
1343270 2463.0
1343280 2460.9
1343290 2459.0
1343300 2459.0
1343310 2457.8
1343320 2457.0
1343330 2457.0
1343340 2455.6
1343350 2459.7
1343360 2459.7
1343370 2457.8
1343380 2455.8
1343390 2455.8
1343400 2450.2
1343410 2441.9
1343420 2441.9
1343430 2433.7
1343440 2426.6
1343450 2426.6
1343460 2421.3
1343470 2418.3
1343480 2416.1
1343490 2416.1
1343500 2413.8
1343510 2412.4
1343520 2412.4
1343530 2413.6
1343540 2416.5
1343550 2416.5
1343560 2421.0
1343570 2426.1
1343580 2426.1
1343590 2426.7
1343600 2422.6
1343610 2422.6
1343620 2417.3
1343630 2412.1
1343640 2412.1
1343650 2408.4
1343660 2405.3
1343670 2405.3
1343680 2399.3
1343690 2392.1
1343700 2388.5
1343710 2388.5
1343720 2386.5
1343730 2382.5
1343740 2382.5
1343750 2377.9
1343760 2374.1
1343770 2374.1
1343780 2370.2
1343790 2366.1
1343800 2366.1
1343810 2362.2
1343820 2357.4
1343830 2357.4
1343840 2354.9
1343850 2352.0
1343860 2352.0
1343870 2348.7
1343880 2346.7
1343890 2346.7
1343900 2345.8
1343910 2345.7
1343920 2345.7
1343930 2346.0
1343940 2347.1
1343950 2348.4
1343960 2348.4
1343970 2349.4
1343980 2343.8
1343990 2343.8
1344000 2337.2
1344010 2330.4
1344020 2330.4
1344030 2323.7
1344040 2317.6
1344050 2317.6
1344060 2312.5
1344070 2306.9
1344080 2306.9
1344090 2300.8
1344100 2295.2
1344110 2295.2
1344120 2290.6
1344130 2287.5
1344140 2287.5
1344150 2285.3
1344160 2283.4
1344170 2280.7
1344180 2280.7
1344190 2278.6
1344200 2275.6
1344210 2275.6
1344220 2272.7
1344230 2271.2
1344240 2271.2
1344250 2272.2
1344260 2271.9
1344270 2271.9
1344280 2271.6
1344290 2271.5
1344300 2271.5
1344310 2271.9
1344320 2274.0
1344330 2274.0
1344340 2276.8
1344350 2279.8
1344360 2279.8
1344370 2284.0
1344380 2288.7
1344390 2292.7
1344400 2292.7
1344410 2295.6
1344420 2299.7
1344430 2299.7
1344440 2305.5
1344450 2311.8
1344460 2311.8
1344470 2318.1
1344480 2323.7
1344490 2323.7
1344500 2329.8
1344510 2336.9
1344520 2336.9
1344530 2344.3
1344540 2351.8
1344550 2351.8
1344560 2359.3
1344570 2367.0
1344580 2367.0
1344590 2375.0
1344600 2382.7
1344610 2382.7
1344620 2385.5
1344630 2385.6
1344640 2385.7
1344650 2385.7
1344660 2386.0
1344670 2386.7
1344680 2386.7
1344690 2388.5
1344700 2391.9
1344710 2391.9
1344720 2396.9
1344730 2402.9
1344740 2402.9
1344750 2409.6
1344760 2416.1
1344770 2416.1
1344780 2422.7
1344790 2428.1
1344800 2428.1
1344810 2430.7
1344820 2431.7
1344830 2431.7
1344840 2432.3
1344850 2433.8
1344860 2435.2
1344870 2435.2
1344880 2439.4
1344890 2446.5
1344900 2446.5
1344910 2453.5
1344920 2458.7
1344930 2458.7
1344940 2461.9
1344950 2464.0
1344960 2464.0
1344970 2466.0
1344980 2470.2
1344990 2470.2
1345000 2477.1
1345010 2484.2
1345020 2484.2
1345030 2488.3
1345040 2490.9
1345050 2490.9
1345060 2493.0
1345070 2495.0
1345080 2495.0
1345090 2496.7
1345100 2499.8
1345110 2501.7
1345120 2501.7
1345130 2503.8
1345140 2506.6
1345150 2506.6
1345160 2510.1
1345170 2512.9
1345180 2512.9
1345190 2515.8
1345200 2519.0
1345210 2519.0
1345220 2521.6
1345230 2524.5
1345240 2524.5
1345250 2527.6
1345260 2531.0
1345270 2531.0
1345280 2534.6
1345290 2538.6
1345300 2538.6
1345310 2542.7
1345320 2547.2
1345330 2556.8
1345340 2556.8
1345350 2568.5
1345360 2577.7
1345370 2577.7
1345380 2583.6
1345390 2587.3
1345400 2587.3
1345410 2589.8
1345420 2589.6
1345430 2589.6
1345440 2590.9
1345450 2593.2
1345460 2593.2
1345470 2595.4
1345480 2598.2
1345490 2598.2
1345500 2601.3
1345510 2604.4
1345520 2604.4
1345530 2608.1
1345540 2613.1
1345550 2613.1
1345560 2619.7
1345570 2626.4
1345580 2632.8
1345590 2632.8
1345600 2637.5
1345610 2641.1
1345620 2641.1
1345630 2644.0
1345640 2646.9
1345650 2646.9
1345660 2649.7
1345670 2652.9
1345680 2652.9
1345690 2656.1
1345700 2657.7
1345710 2657.7
1345720 2660.1
1345730 2663.3
1345740 2663.3
1345750 2667.0
1345760 2671.2
1345770 2671.2
1345780 2675.8
1345790 2681.9
1345800 2689.3
1345810 2689.3
1345820 2699.3
1345830 2711.6
1345840 2711.6
1345850 2720.0
1345860 2726.7
1345870 2726.7
1345880 2732.0
1345890 2737.3
1345900 2737.3
1345910 2743.9
1345920 2750.8
1345930 2750.8
1345940 2758.0
1345950 2764.7
1345960 2764.7
1345970 2771.4
1345980 2784.3
1345990 2784.3
1346000 2796.3
1346010 2808.3
1346020 2808.3
1346030 2819.4
1346040 2826.5
1346050 2833.8
1346060 2833.8
1346070 2844.3
1346080 2853.8
1346090 2853.8
1346100 2863.1
1346110 2873.6
1346120 2873.6
1346130 2883.7
1346140 2898.3
1346150 2898.3
1346160 2912.6
1346170 2920.1
1346180 2920.1
1346190 2926.2
1346200 2933.2
1346210 2933.2
1346220 2941.3
1346230 2949.7
1346240 2949.7
1346250 2953.0
1346260 2943.7
1346270 2932.5
1346280 2932.5
1346290 2926.9
1346300 2922.9
1346310 2922.9
1346320 2920.9
1346330 2918.9
1346340 2918.9
1346350 2917.2
1346360 2914.4
1346370 2914.4
1346380 2910.8
1346390 2905.5
1346400 2905.5
1346410 2901.0
1346420 2896.6
1346430 2896.6
1346440 2892.1
1346450 2885.3
1346460 2885.3
1346470 2881.8
1346480 2866.1
1346490 2844.0
1346500 2844.0
1346510 2823.9
1346520 2802.7
1346530 2802.7
1346540 2787.2
1346550 2774.8
1346560 2774.8
1346570 2766.3
1346580 2760.0
1346590 2760.0
1346600 2754.2
1346610 2748.7
1346620 2748.7
1346630 2743.6
1346640 2738.9
1346650 2738.9
1346660 2734.3
1346670 2729.6
1346680 2729.6
1346690 2725.2
1346700 2721.5
1346710 2721.5
1346720 2718.8
1346730 2714.3
1346740 2708.8
1346750 2708.8
1346760 2704.8
1346770 2701.8
1346780 2701.8
1346790 2699.1
1346800 2696.8
1346810 2696.8
1346820 2694.9
1346830 2693.5
1346840 2693.5
1346850 2692.5
1346860 2691.8
1346870 2691.8
1346880 2690.9
1346890 2689.7
1346900 2689.7
1346910 2688.2
1346920 2686.1
1346930 2686.1
1346940 2683.0
1346950 2678.8
1346960 2673.9
1346970 2673.9
1346980 2667.3
1346990 2662.4
1347000 2666.1
1347010 2662.4
1347020 2659.1
1347030 2659.1
1347040 2656.8
1347050 2652.6
1347060 2652.6
1347070 2647.1
1347080 2643.5
1347090 2643.5
1347100 2640.1
1347110 2637.4
1347120 2637.4
1347130 2635.5
1347140 2634.1
1347150 2634.1
1347160 2632.8
1347170 2629.1
1347180 2629.1
1347190 2624.9
1347200 2622.6
1347210 2620.4
1347220 2620.4
1347230 2615.3
1347240 2612.7
1347250 2612.7
1347260 2606.3
1347270 2600.1
1347280 2600.1
1347290 2593.7
1347300 2588.4
1347310 2588.4
1347320 2583.6
1347330 2580.1
1347340 2580.1
1347350 2577.3
1347360 2575.4
1347370 2575.4
1347380 2572.0
1347390 2569.2
1347400 2569.2
1347410 2566.6
1347420 2564.2
1347430 2562.0
1347440 2562.0
1347450 2559.9
1347460 2557.7
1347470 2557.7
1347480 2555.6
1347490 2554.2
1347500 2554.2
1347510 2552.1
1347520 2549.4
1347530 2549.4
1347540 2547.4
1347550 2545.4
1347560 2545.4
1347570 2543.2
1347580 2541.0
1347590 2541.0
1347600 2538.6
1347610 2536.5
1347620 2536.5
1347630 2534.3
1347640 2531.4
1347650 2531.4
1347660 2527.9
1347670 2525.7
1347680 2523.3
1347690 2523.3
1347700 2520.6
1347710 2516.6
1347720 2516.6
1347730 2510.5
1347740 2507.7
1347750 2507.7
1347760 2507.9
1347770 2506.3
1347780 2506.3
1347790 2499.5
1347800 2496.2
1347810 2496.2
1347820 2493.2
1347830 2491.8
1347840 2491.8
1347850 2488.7
1347860 2482.9
1347870 2482.9
1347880 2477.9
1347890 2470.4
1347900 2459.2
1347910 2459.2
1347920 2455.6
1347930 2449.6
1347940 2449.6
1347950 2442.0
1347960 2435.1
1347970 2435.1
1347980 2432.5
1347990 2432.1
1348000 2432.1
1348010 2433.9
1348020 2434.5
1348030 2434.5
1348040 2431.0
1348050 2425.4
1348060 2425.4
1348070 2421.5
1348080 2421.1
1348090 2421.1
1348100 2421.7
1348110 2422.8
1348120 2422.8
1348130 2424.7
1348140 2426.2
1348150 2427.9
1348160 2427.9
1348170 2429.5
1348180 2431.0
1348190 2431.0
1348200 2432.8
1348210 2434.2
1348220 2434.2
1348230 2435.7
1348240 2436.5
1348250 2436.5
1348260 2437.8
1348270 2439.5
1348280 2439.5
1348290 2441.1
1348300 2443.0
1348310 2443.0
1348320 2443.0
1348330 2442.1
1348340 2442.1
1348350 2441.6
1348360 2442.2
1348370 2443.2
1348380 2443.2
1348390 2444.2
1348400 2447.4
1348410 2447.4
1348420 2452.6
1348430 2454.8
1348440 2454.8
1348450 2454.3
1348460 2455.1
1348470 2455.1
1348480 2457.8
1348490 2459.2
1348500 2459.2
1348510 2459.4
1348520 2458.7
1348530 2458.7
1348540 2459.9
1348550 2461.3
1348560 2461.3
1348570 2462.3
1348580 2465.6
1348590 2467.0
1348600 2467.0
1348610 2467.6
1348620 2469.8
1348630 2469.8
1348640 2474.0
1348650 2479.3
1348660 2479.3
1348670 2482.9
1348680 2485.6
1348690 2485.6
1348700 2487.5
1348710 2493.9
1348720 2493.9
1348730 2502.3
1348740 2507.6
1348750 2507.6
1348760 2511.2
1348770 2514.3
1348780 2514.3
1348790 2517.6
1348800 2518.6
1348810 2518.6
1348820 2522.3
1348830 2524.4
1348840 2527.5
1348850 2527.5
1348860 2534.8
1348870 2536.9
1348880 2536.9
1348890 2537.6
1348900 2539.2
1348910 2539.2
1348920 2543.8
1348930 2545.1
1348940 2545.1
1348950 2545.4
1348960 2544.6
1348970 2544.6
1348980 2544.9
1348990 2546.4
1349000 2546.4
1349010 2549.7
1349020 2554.8
1349030 2554.8
1349040 2555.9
1349050 2554.4
1349060 2555.2
1349070 2555.2
1349080 2556.1
1349090 2557.9
1349100 2557.9
1349110 2560.7
1349120 2560.6
1349130 2560.6
1349140 2560.9
1349150 2561.8
1349160 2561.8
1349170 2562.8
1349180 2563.9
1349190 2563.9
1349200 2564.7
1349210 2564.8
1349220 2564.8
1349230 2566.8
1349240 2572.1
1349250 2572.1
1349260 2572.8
1349270 2572.5
1349280 2572.5
1349290 2571.7
1349300 2570.2
1349310 2568.2
1349320 2568.2
1349330 2565.7
1349340 2562.9
1349350 2562.9
1349360 2560.1
1349370 2556.9
1349380 2556.9
1349390 2553.3
1349400 2549.7
1349410 2549.7
1349420 2547.2
1349430 2543.2
1349440 2543.2
1349450 2537.9
1349460 2531.6
1349470 2531.6
1349480 2524.7
1349490 2517.3
1349500 2517.3
1349510 2514.4
1349520 2512.3
1349530 2510.1
1349540 2510.1
1349550 2507.1
1349560 2506.6
1349570 2506.6
1349580 2504.8
1349590 2499.6
1349600 2499.6
1349610 2495.8
1349620 2491.3
1349630 2491.3
1349640 2486.9
1349650 2486.3
1349660 2486.3
1349670 2483.7
1349680 2478.3
1349690 2478.3
1349700 2472.6
1349710 2468.5
1349720 2468.5
1349730 2464.2
1349740 2458.7
1349750 2458.7
1349760 2453.8
1349770 2447.9
1349780 2440.0
1349790 2440.0
1349800 2444.5
1349810 2440.2
1349820 2440.2
1349830 2434.7
1349840 2428.8
1349850 2428.8
1349860 2424.5
1349870 2423.6
1349880 2423.6
1349890 2426.2
1349900 2431.1
1349910 2431.1
1349920 2434.6
1349930 2438.5
1349940 2438.5
1349950 2441.0
1349960 2441.7
1349970 2441.7
1349980 2441.1
1349990 2441.3
1350000 2440.1
1350010 2440.1
1350020 2439.9
1350030 2440.2
1350040 2440.2
1350050 2441.6
1350060 2442.4
1350070 2442.4
1350080 2443.5
1350090 2444.7
1350100 2444.7
1350110 2445.0
1350120 2444.5
1350130 2444.5
1350140 2444.8
1350150 2444.5
1350160 2444.5
1350170 2447.6
1350180 2452.5
1350190 2452.5
1350200 2457.6
1350210 2463.2
1350220 2463.2
1350230 2468.8
1350240 2471.2
1350250 2477.0
1350260 2477.0
1350270 2484.7
1350280 2492.2
1350290 2492.2
1350300 2500.2
1350310 2507.4
1350320 2507.4
1350330 2514.5
1350340 2521.5
1350350 2521.5
1350360 2525.8
1350370 2530.9
1350380 2530.9
1350390 2537.0
1350400 2542.3
1350410 2542.3
1350420 2546.7
1350430 2551.6
1350440 2551.6
1350450 2558.2
1350460 2563.5
1350470 2567.7
1350480 2567.7
1350490 2571.6
1350500 2575.2
1350510 2575.2
1350520 2579.2
1350530 2582.9
1350540 2582.9
1350550 2585.8
1350560 2590.7
1350570 2590.7
1350580 2594.9
1350590 2599.3
1350600 2599.3
1350610 2604.2
1350620 2609.5
1350630 2609.5
1350640 2613.2
1350650 2617.6
1350660 2617.6
1350670 2622.9
1350680 2626.9
1350690 2629.7
1350700 2629.7
1350710 2632.5
1350720 2633.3
1350730 2633.3
1350740 2636.1
1350750 2642.9
1350760 2642.9
1350770 2646.2
1350780 2645.9
1350790 2645.9
1350800 2644.7
1350810 2645.7
1350820 2645.7
1350830 2646.7
1350840 2648.7
1350850 2648.7
1350860 2651.8
1350870 2654.6
1350880 2654.6
1350890 2656.8
1350900 2659.5
1350910 2659.5
1350920 2660.8
1350930 2659.5
1350940 2661.1
1350950 2661.1
1350960 2664.4
1350970 2667.6
1350980 2667.6
1350990 2672.1
1351000 2679.2
1351010 2679.2
1351020 2687.9
1351030 2695.0
1351040 2695.0
1351050 2701.1
1351060 2707.0
1351070 2707.0
1351080 2713.3
1351090 2719.1
1351100 2719.1
1351110 2735.5
1351120 2746.6
1351130 2746.6
1351140 2748.1
1351150 2748.7
1351160 2747.9
1351170 2747.9
1351180 2744.8
1351190 2741.1
1351200 2741.1
1351210 2739.6
1351220 2739.5
1351230 2739.5
1351240 2740.2
1351250 2741.4
1351260 2741.4
1351270 2744.6
1351280 2750.6
1351290 2750.6
1351300 2745.7
1351310 2729.0
1351320 2729.0
1351330 2722.5
1351340 2716.8
1351350 2716.8
1351360 2711.2
1351370 2712.2
1351380 2712.2
1351390 2700.9
1351400 2685.6
1351410 2669.6
1351420 2669.6
1351430 2659.4
1351440 2644.3
1351450 2644.3
1351460 2624.1
1351470 2611.0
1351480 2611.0
1351490 2602.9
1351500 2595.8
1351510 2595.8
1351520 2587.4
1351530 2580.6
1351540 2580.6
1351550 2574.1
1351560 2566.2
1351570 2566.2
1351580 2555.9
1351590 2550.0
1351600 2550.0
1351610 2543.7
1351620 2537.5
1351630 2531.4
1351640 2531.4
1351650 2525.3
1351660 2518.9
1351670 2518.9
1351680 2512.7
1351690 2507.0
1351700 2506.1
1351710 2500.6
1351720 2495.1
1351730 2495.1
1351740 2489.9
1351750 2485.2
1351760 2485.2
1351770 2480.0
1351780 2474.7
1351790 2474.7
1351800 2469.5
1351810 2464.8
1351820 2464.8
1351830 2460.0
1351840 2455.4
1351850 2455.4
1351860 2450.7
1351870 2446.6
1351880 2442.6
1351890 2442.6
1351900 2438.8
1351910 2435.6
1351920 2435.6
1351930 2432.8
1351940 2430.7
1351950 2430.7
1351960 2429.1
1351970 2428.8
1351980 2428.8
1351990 2429.4
1352000 2430.0
1352010 2430.0
1352020 2431.8
1352030 2432.7
1352040 2432.7
1352050 2432.2
1352060 2431.8
1352070 2431.8
1352080 2432.9
1352090 2433.4
1352100 2437.2
1352110 2437.2
1352120 2441.7
1352130 2446.3
1352140 2446.3
1352150 2452.0
1352160 2460.7
1352170 2460.7
1352180 2465.1
1352190 2469.7
1352200 2469.7
1352210 2472.6
1352220 2475.4
1352230 2475.4
1352240 2475.4
1352250 2473.5
1352260 2473.5
1352270 2472.3
1352280 2470.0
1352290 2470.0
1352300 2466.9
1352310 2463.6
1352320 2460.9
1352330 2460.9
1352340 2458.9
1352350 2457.4
1352360 2457.4
1352370 2455.6
1352380 2453.3
1352390 2453.3
1352400 2451.2
1352410 2450.0
1352420 2450.0
1352430 2449.3
1352440 2448.0
1352450 2448.0
1352460 2447.5
1352470 2446.7
1352480 2446.7
1352490 2447.0
1352500 2447.4
1352510 2447.4
1352520 2447.4
1352530 2448.1
1352540 2448.1
1352550 2447.9
1352560 2449.0
1352570 2450.9
1352580 2450.9
1352590 2453.6
1352600 2454.1
1352610 2454.1
1352620 2451.8
1352630 2450.3
1352640 2450.3
1352650 2449.9
1352660 2444.1
1352670 2444.1
1352680 2446.3
1352690 2447.9
1352700 2447.9
1352710 2450.0
1352720 2452.5
1352730 2452.5
1352740 2454.7
1352750 2457.9
1352760 2457.9
1352770 2461.3
1352780 2463.7
1352790 2466.5
1352800 2466.5
1352810 2472.4
1352820 2474.0
1352830 2474.0
1352840 2480.2
1352850 2483.8
1352860 2483.8
1352870 2490.6
1352880 2501.4
1352890 2501.4
1352900 2502.2
1352910 2501.4
1352920 2501.4
1352930 2502.9
1352940 2509.9
1352950 2509.9
1352960 2515.7
1352970 2516.4
1352980 2516.4
1352990 2518.0
1353000 2520.9
1353010 2520.9
1353020 2523.6
1353030 2528.6
1353040 2532.8
1353050 2532.8
1353060 2534.8
1353070 2536.4
1353080 2536.4
1353090 2536.9
1353100 2536.7
1353110 2536.7
1353120 2535.8
1353130 2534.3
1353140 2534.3
1353150 2533.3
1353160 2532.6
1353170 2532.6
1353180 2532.8
1353190 2531.2
1353200 2531.2
1353210 2529.7
1353220 2529.1
1353230 2529.1
1353240 2527.6
1353250 2524.7
1353260 2521.0
1353270 2521.0
1353280 2514.4
1353290 2510.3
1353300 2510.3
1353310 2509.9
1353320 2508.4
1353330 2508.4
1353340 2508.5
1353350 2510.8
1353360 2510.8
1353370 2513.0
1353380 2514.2
1353390 2514.2
1353400 2513.5
1353410 2512.5
1353420 2512.5
1353430 2512.2
1353440 2511.6
1353450 2511.6
1353460 2510.1
1353470 2507.0
1353480 2507.0
1353490 2503.7
1353500 2502.5
1353510 2501.8
1353520 2501.8
1353530 2501.9
1353540 2502.1
1353550 2502.1
1353560 2502.3
1353570 2502.8
1353580 2502.8
1353590 2504.1
1353600 2505.0
1353610 2505.0
1353620 2504.8
1353630 2500.5
1353640 2500.5
1353650 2499.1
1353660 2499.7
1353670 2499.7
1353680 2499.5
1353690 2500.1
1353700 2500.1
1353710 2501.1
1353720 2501.1
1353730 2499.6
1353740 2499.6
1353750 2498.0
1353760 2497.2
1353770 2497.2
1353780 2495.7
1353790 2496.0
1353800 2496.0
1353810 2498.2
1353820 2498.1
1353830 2498.1
1353840 2497.6
1353850 2497.7
1353860 2497.7
1353870 2497.4
1353880 2497.7
1353890 2497.7
1353900 2498.5
1353910 2499.9
1353920 2499.9
1353930 2501.6
1353940 2504.1
1353950 2504.1
1353960 2506.7
1353970 2509.0
1353980 2511.5
1353990 2511.5
1354000 2513.8
1354010 2516.5
1354020 2516.5
1354030 2519.4
1354040 2524.7
1354050 2524.7
1354060 2537.5
1354070 2551.7
1354080 2551.7
1354090 2561.8
1354100 2565.0
1354110 2565.0
1354120 2572.1
1354130 2579.5
1354140 2579.5
1354150 2576.5
1354160 2574.9
1354170 2574.9
1354180 2576.6
1354190 2583.8
1354200 2589.5
1354210 2589.5
1354220 2599.3
1354230 2605.2
1354240 2605.2
1354250 2607.0
1354260 2606.5
1354270 2606.5
1354280 2603.9
1354290 2605.7
1354300 2605.7
1354310 2606.2
1354320 2603.9
1354330 2603.9
1354340 2597.0
1354350 2591.6
1354360 2591.6
1354370 2587.9
1354380 2580.2
1354390 2580.2
1354400 2574.4
1354410 2569.6
1354420 2565.7
1354430 2565.7
1354440 2562.0
1354450 2560.2
1354460 2560.2
1354470 2559.0
1354480 2558.7
1354490 2558.7
1354500 2558.3
1354510 2558.3
1354520 2558.3
1354530 2555.9
1354540 2553.0
1354550 2553.0
1354560 2550.1
1354570 2546.8
1354580 2546.8
1354590 2544.3
1354600 2548.2
1354610 2548.2
1354620 2548.1
1354630 2545.9
1354640 2545.9
1354650 2544.7
1354660 2543.6
1354670 2541.2
1354680 2541.2
1354690 2538.5
1354700 2535.9
1354710 2535.9
1354720 2532.6
1354730 2528.0
1354740 2528.0
1354750 2524.3
1354760 2520.0
1354770 2520.0
1354780 2517.2
1354790 2516.5
1354800 2516.5
1354810 2514.5
1354820 2511.3
1354830 2511.3
1354840 2510.0
1354850 2507.9
1354860 2507.9
1354870 2507.0
1354880 2506.1
1354890 2506.0
1354900 2506.0
1354910 2506.6
1354920 2507.9
1354930 2507.9
1354940 2509.3
1354950 2510.7
1354960 2510.7
1354970 2512.4
1354980 2514.4
1354990 2514.4
1355000 2516.2
1355010 2516.4
1355020 2516.4
1355030 2508.0
1355040 2497.1
1355050 2497.1
1355060 2488.6
1355070 2480.8
1355080 2480.8
1355090 2474.4
1355100 2465.2
1355110 2465.2
1355120 2459.4
1355130 2450.9
1355140 2442.6
1355150 2442.6
1355160 2433.2
1355170 2425.5
1355180 2425.5
1355190 2419.0
1355200 2413.9
1355210 2413.9
1355220 2411.8
1355230 2400.6
1355240 2400.6
1355250 2393.5
1355260 2387.0
1355270 2387.0
1355280 2378.6
1355290 2370.2
1355300 2370.2
1355310 2360.8
1355320 2351.6
1355330 2351.6
1355340 2344.1
1355350 2336.4
1355360 2329.1
1355370 2329.1
1355380 2322.0
1355390 2314.9
1355400 2314.9
1355410 2307.4
1355420 2299.6
1355430 2299.6
1355440 2292.8
1355450 2286.4
1355460 2286.4
1355470 2280.6
1355480 2274.2
1355490 2274.2
1355500 2267.9
1355510 2262.1
1355520 2262.1
1355530 2256.2
1355540 2250.2
1355550 2250.2
1355560 2244.1
1355570 2238.3
1355580 2239.3
1355590 2233.9
1355600 2229.0
1355610 2224.7
1355620 2224.7
1355630 2220.3
1355640 2215.7
1355650 2215.7
1355660 2212.5
1355670 2211.3
1355680 2211.3
1355690 2212.3
1355700 2211.6
1355710 2211.6
1355720 2205.8
1355730 2200.0
1355740 2200.0
1355750 2197.1
1355760 2193.7
1355770 2193.7
1355780 2189.5
1355790 2184.7
1355800 2184.7
1355810 2179.5
1355820 2175.6
1355830 2172.1
1355840 2172.1
1355850 2166.9
1355860 2161.7
1355870 2161.7
1355880 2157.7
1355890 2153.9
1355900 2153.9
1355910 2150.0
1355920 2145.5
1355930 2145.5
1355940 2140.0
1355950 2133.2
1355960 2133.2
1355970 2127.0
1355980 2120.4
1355990 2120.4
1356000 2114.4
1356010 2109.6
1356020 2109.6
1356030 2104.5
1356040 2099.5
1356050 2094.2
1356060 2094.2
1356070 2089.9
1356080 2086.6
1356090 2086.6
1356100 2082.7
1356110 2076.8
1356120 2076.8
1356130 2070.4
1356140 2065.1
1356150 2065.1
1356160 2059.4
1356170 2053.8
1356180 2053.8
1356190 2048.3
1356200 2042.5
1356210 2042.5
1356220 2037.2
1356230 2030.8
1356240 2030.8
1356250 2023.3
1356260 2017.1
1356270 2017.1
1356280 2011.6
1356290 2004.4
1356300 1998.0
1356310 1998.0
1356320 1991.9
1356330 1981.6
1356340 1981.6
1356350 1969.4
1356360 1960.9
1356370 1960.9
1356380 1954.8
1356390 1951.3
1356400 1951.3
1356410 1948.1
1356420 1944.7
1356430 1944.7
1356440 1942.1
1356450 1937.9
1356460 1937.9
1356470 1929.7
1356480 1920.4
1356490 1920.4
1356500 1909.4
1356510 1897.2
1356520 1885.6
1356530 1885.6
1356540 1876.6
1356550 1868.5
1356560 1868.5
1356570 1860.1
1356580 1851.9
1356590 1851.9
1356600 1845.1
1356610 1838.9
1356620 1838.9
1356630 1832.7
1356640 1826.5
1356650 1826.5
1356660 1821.4
1356670 1815.9
1356680 1815.9
1356690 1809.7
1356700 1803.4
1356710 1803.4
1356720 1796.7
1356730 1789.3
1356740 1789.3
1356750 1781.6
1356760 1773.2
1356770 1764.4
1356780 1764.4
1356790 1755.7
1356800 1747.6
1356810 1747.6
1356820 1739.4
1356830 1730.6
1356840 1730.6
1356850 1723.4
1356860 1716.0
1356870 1716.0
1356880 1708.3
1356890 1701.3
1356900 1701.3
1356910 1694.3
1356920 1688.3
1356930 1688.3
1356940 1683.0
1356950 1678.2
1356960 1678.2
1356970 1674.3
1356980 1670.8
1356990 1666.4
1357000 1666.4
1357010 1661.6
1357020 1656.3
1357030 1656.3
1357040 1649.4
1357050 1645.0
1357060 1645.0
1357070 1640.0
1357080 1631.9
1357090 1631.9
1357100 1625.9
1357110 1622.1
1357120 1622.1
1357130 1622.2
1357140 1622.9
1357150 1622.9
1357160 1619.9
1357170 1616.2
1357180 1616.2
1357190 1610.1
1357200 1604.2
1357210 1604.2
1357220 1603.5
1357230 1603.9
1357240 1605.9
1357250 1605.9
1357260 1606.4
1357270 1606.8
1357280 1606.8
1357290 1607.3
1357300 1607.7
1357310 1607.7
1357320 1608.6
1357330 1609.1
1357340 1609.1
1357350 1609.8
1357360 1610.7
1357370 1610.7
1357380 1611.8
1357390 1613.3
1357400 1613.3
1357410 1614.8
1357420 1616.1
1357430 1616.1
1357440 1617.3
1357450 1618.7
1357460 1620.1
1357470 1620.1
1357480 1621.4
1357490 1623.5
1357500 1623.5
1357510 1625.3
1357520 1627.0
1357530 1627.0
1357540 1629.9
1357550 1633.5
1357560 1633.5
1357570 1635.7
1357580 1637.3
1357590 1637.3
1357600 1639.2
1357610 1641.8
1357620 1641.8
1357630 1644.6
1357640 1645.9
1357650 1645.9
1357660 1649.0
1357670 1651.4
1357680 1651.4
1357690 1654.1
1357700 1657.3
1357710 1660.8
1357720 1660.8
1357730 1664.2
1357740 1667.5
1357750 1667.5
1357760 1670.9
1357770 1673.6
1357780 1673.6
1357790 1673.5
1357800 1673.6
1357810 1673.6
1357820 1677.2
1357830 1680.5
1357840 1680.5
1357850 1683.8
1357860 1687.6
1357870 1687.6
1357880 1691.4
1357890 1696.3
1357900 1696.3
1357910 1700.7
1357920 1704.7
1357930 1709.0
1357940 1709.0
1357950 1714.1
1357960 1720.0
1357970 1720.0
1357980 1726.7
1357990 1733.9
1358000 1733.9
1358010 1740.1
1358020 1746.9
1358030 1746.9
1358040 1753.1
1358050 1763.3
1358060 1763.3
1358070 1782.8
1358080 1799.2
1358090 1799.2
1358100 1811.9
1358110 1822.4
1358120 1822.4
1358130 1831.1
1358140 1838.7
1358150 1845.9
1358160 1845.9
1358170 1852.7
1358180 1859.4
1358190 1859.4
1358200 1866.0
1358210 1873.1
1358220 1873.1
1358230 1879.6
1358240 1886.1
1358250 1886.1
1358260 1893.7
1358270 1901.3
1358280 1901.3
1358290 1908.1
1358300 1914.8
1358310 1914.8
1358320 1921.5
1358330 1928.3
1358340 1928.3
1358350 1934.7
1358360 1940.5
1358370 1940.5
1358380 1947.1
1358390 1954.0
1358400 1961.0
1358410 1961.0
1358420 1967.5
1358430 1974.3
1358440 1974.3
1358450 1981.8
1358460 1988.8
1358470 1988.8
1358480 1994.9
1358490 1999.6
1358500 1999.6
1358510 2001.1
1358520 2001.0
1358530 2001.0
1358540 2000.4
1358550 2001.4
1358560 2001.4
1358570 2006.0
1358580 2003.4
1358590 2003.4
1358600 2008.8
1358610 2015.5
1358620 2022.3
1358630 2022.3
1358640 2028.6
1358650 2036.3
1358660 2036.3
1358670 2045.1
1358680 2053.9
1358690 2053.9
1358700 2063.0
1358710 2071.4
1358720 2071.4
1358730 2078.8
1358740 2085.6
1358750 2085.6
1358760 2094.2
1358770 2102.2
1358780 2102.2
1358790 2109.7
1358800 2118.3
1358810 2118.3
1358820 2126.5
1358830 2133.4
1358840 2133.4
1358850 2137.7
1358860 2144.1
1358870 2150.6
1358880 2150.6
1358890 2154.6
1358900 2160.0
1358910 2160.0
1358920 2165.2
1358930 2169.6
1358940 2169.6
1358950 2174.1
1358960 2177.6
1358970 2177.6
1358980 2180.6
1358990 2185.8
1359000 2185.8
1359010 2191.8
1359020 2196.9
1359030 2196.9
1359040 2203.7
1359050 2211.6
1359060 2211.6
1359070 2218.8
1359080 2225.5
1359090 2231.6
1359100 2231.6
1359110 2237.4
1359120 2244.5
1359130 2244.5
1359140 2252.1
1359150 2259.6
1359160 2259.6
1359170 2267.3
1359180 2274.6
1359190 2274.6
1359200 2282.0
1359210 2289.5
1359220 2289.5
1359230 2297.0
1359240 2304.7
1359250 2304.7
1359260 2312.0
1359270 2320.4
1359280 2320.4
1359290 2329.8
1359300 2338.7
1359310 2338.7
1359320 2347.5
1359330 2357.4
1359340 2367.7
1359350 2367.7
1359360 2377.9
1359370 2387.6
1359380 2387.6
1359390 2393.7
1359400 2396.8
1359410 2396.8
1359420 2401.2
1359430 2405.1
1359440 2405.1
1359450 2408.7
1359460 2413.6
1359470 2413.6
1359480 2419.5
1359490 2425.3
1359500 2425.3
1359510 2425.9
1359520 2427.8
1359530 2427.8
1359540 2431.6
1359550 2434.8
1359560 2438.4
1359570 2438.4
1359580 2442.4
1359590 2441.0
1359600 2441.0
1359610 2445.2
1359620 2448.4
1359630 2448.4
1359640 2451.4
1359650 2457.0
1359660 2457.0
1359670 2461.5
1359680 2465.8
1359690 2465.8
1359700 2470.4
1359710 2475.0
1359720 2475.0
1359730 2479.6
1359740 2484.0
1359750 2484.0
1359760 2488.3
1359770 2492.6
1359780 2496.1
1359790 2496.1
1359800 2500.0
1359810 2505.9
1359820 2505.9
1359830 2511.4
1359840 2517.8
1359850 2517.8
1359860 2525.6
1359870 2531.3
1359880 2531.3
1359890 2537.6
1359900 2545.5
1359910 2545.5
1359920 2555.4
1359930 2566.9
1359940 2566.9
1359950 2577.9
1359960 2586.6
1359970 2586.6
1359980 2595.0
1359990 2604.2
