1340000 1904.1
1340010 1908.0
1340020 1908.0
1340030 1912.2
1340040 1916.3
1340050 1916.3
1340060 1920.7
1340070 1925.7
1340080 1925.7
1340090 1930.9
1340100 1936.0
1340110 1936.0
1340120 1942.6
1340130 1950.4
1340140 1950.4
1340150 1958.2
1340160 1966.0
1340170 1973.9
1340180 1973.9
1340190 1982.4
1340200 1991.7
1340210 1991.7
1340220 2003.4
1340230 2014.7
1340240 2014.7
1340250 2024.5
1340260 2032.4
1340270 2032.4
1340280 2039.6
1340290 2046.2
1340300 2046.2
1340310 2053.2
1340320 2060.1
1340330 2060.1
1340340 2066.8
1340350 2072.9
1340360 2072.9
1340370 2080.8
1340380 2090.8
1340390 2098.5
1340400 2098.5
1340410 2105.6
1340420 2113.9
1340430 2113.9
1340440 2123.0
1340450 2132.7
1340460 2132.7
1340470 2138.5
1340480 2149.7
1340490 2149.7
1340500 2161.4
1340510 2169.9
1340520 2169.9
1340530 2176.2
1340540 2180.7
1340550 2180.7
1340560 2185.1
1340570 2189.0
1340580 2189.0
1340590 2193.8
1340600 2200.1
1340610 2200.1
1340620 2206.5
1340630 2213.2
1340640 2218.2
1340650 2218.2
1340660 2218.7
1340670 2218.3
1340680 2218.3
1340690 2218.9
1340700 2219.9
1340710 2219.9
1340720 2222.1
1340730 2225.3
1340740 2225.3
1340750 2228.9
1340760 2233.2
1340770 2233.2
1340780 2238.0
1340790 2242.4
1340800 2242.4
1340810 2246.2
1340820 2249.6
1340830 2249.6
1340840 2252.9
1340850 2255.6
1340860 2258.4
1340870 2258.4
1340880 2260.9
1340890 2263.9
1340900 2263.9
1340910 2266.2
1340920 2268.6
1340930 2268.6
1340940 2271.7
1340950 2274.3
1340960 2274.3
1340970 2276.1
1340980 2277.7
1340990 2277.7
1341000 2279.2
1341010 2281.2
1341020 2281.2
1341030 2283.8
1341040 2286.8
1341050 2286.8
1341060 2291.3
1341070 2296.5
1341080 2296.5
1341090 2301.6
1341100 2305.8
1341110 2309.7
1341120 2309.7
1341130 2313.2
1341140 2316.7
1341150 2316.7
1341160 2320.0
1341170 2323.4
1341180 2323.4
1341190 2326.4
1341200 2329.3
1341210 2329.3
1341220 2332.0
1341230 2334.2
1341240 2334.2
1341250 2336.4
1341260 2338.7
1341270 2338.7
1341280 2341.7
1341290 2345.0
1341300 2345.0
1341310 2347.9
1341320 2351.2
1341330 2354.9
1341340 2354.9
1341350 2358.6
1341360 2362.6
1341370 2362.6
1341380 2366.4
1341390 2370.4
1341400 2370.4
1341410 2374.0
1341420 2378.3
1341430 2378.3
1341440 2382.8
1341450 2387.7
1341460 2387.7
1341470 2392.6
1341480 2397.7
1341490 2397.7
1341500 2402.4
1341510 2407.3
1341520 2407.3
1341530 2412.2
1341540 2417.9
1341550 2422.4
1341560 2422.4
1341570 2426.9
1341580 2432.0
1341590 2432.0
1341600 2437.9
1341610 2444.7
1341620 2444.7
1341630 2451.6
1341640 2458.6
1341650 2458.6
1341660 2465.0
1341670 2476.7
1341680 2476.7
1341690 2487.5
1341700 2497.7
1341710 2497.7
1341720 2513.6
1341730 2520.6
1341740 2520.6
1341750 2521.8
1341760 2523.9
1341770 2523.9
1341780 2528.3
1341790 2535.1
1341800 2547.4
1341810 2547.4
1341820 2564.2
1341830 2583.5
1341840 2583.5
1341850 2600.1
1341860 2611.9
1341870 2611.9
1341880 2623.8
1341890 2632.6
1341900 2632.6
1341910 2641.6
1341920 2651.7
1341930 2651.7
1341940 2662.4
1341950 2674.6
1341960 2674.6
1341970 2693.4
1341980 2701.4
1341990 2701.4
1342000 2711.0
1342010 2713.2
1342020 2700.2
1342030 2700.2
1342040 2688.1
1342050 2671.2
1342060 2671.2
1342070 2654.8
1342080 2641.9
1342090 2641.9
1342100 2626.4
1342110 2613.6
1342120 2613.6
1342130 2601.7
1342140 2590.5
1342150 2590.5
1342160 2579.6
1342170 2571.0
1342180 2571.0
1342190 2560.8
1342200 2552.6
1342210 2552.6
1342220 2543.7
1342230 2534.3
1342240 2530.1
1342250 2517.2
1342260 2507.5
1342270 2493.2
1342280 2493.2
1342290 2482.7
1342300 2477.3
1342310 2477.3
1342320 2472.4
1342330 2468.0
1342340 2468.0
1342350 2463.1
1342360 2458.2
1342370 2458.2
1342380 2452.6
1342390 2447.7
1342400 2447.7
1342410 2443.8
1342420 2439.6
1342430 2439.6
1342440 2434.9
1342450 2430.4
1342460 2430.4
1342470 2428.0
1342480 2426.8
1342490 2426.1
1342500 2426.1
1342510 2425.6
1342520 2424.0
1342530 2424.0
1342540 2421.8
1342550 2421.6
1342560 2421.6
1342570 2420.4
1342580 2418.1
1342590 2418.1
1342600 2414.5
1342610 2412.0
1342620 2412.0
1342630 2411.6
1342640 2412.1
1342650 2412.1
1342660 2414.0
1342670 2417.0
1342680 2417.0
1342690 2420.2
1342700 2424.2
1342710 2424.2
1342720 2430.0
1342730 2435.2
1342740 2440.1
1342750 2440.1
1342760 2443.5
1342770 2445.7
1342780 2445.7
1342790 2447.6
1342800 2449.1
1342810 2449.1
1342820 2450.1
1342830 2450.5
1342840 2450.5
1342850 2450.2
1342860 2450.7
1342870 2450.7
1342880 2451.7
1342890 2452.5
1342900 2452.5
1342910 2453.7
1342920 2453.3
1342930 2453.3
1342940 2450.5
1342950 2447.9
1342960 2446.5
1342970 2446.5
1342980 2446.3
1342990 2445.7
1343000 2445.7
1343010 2445.1
1343020 2444.2
1343030 2444.2
1343040 2442.2
1343050 2440.0
1343060 2440.0
1343070 2436.7
1343080 2433.3
1343090 2433.3
1343100 2429.6
1343110 2425.0
1343120 2425.0
1343130 2426.5
1343140 2422.2
1343150 2422.2
1343160 2417.6
1343170 2413.2
1343180 2413.2
1343190 2409.7
1343200 2407.5
1343210 2393.1
1343220 2393.1
1343230 2382.3
1343240 2376.5
1343250 2376.5
1343260 2371.9
1343270 2367.9
1343280 2367.9
1343290 2364.1
1343300 2359.7
1343310 2359.7
1343320 2355.2
1343330 2350.3
1343340 2350.3
1343350 2346.2
1343360 2344.0
1343370 2344.0
1343380 2342.1
1343390 2340.6
1343400 2340.6
1343410 2338.3
1343420 2335.8
1343430 2333.7
1343440 2333.7
1343450 2331.4
1343460 2329.2
1343470 2329.2
1343480 2327.4
1343490 2325.2
1343500 2325.2
1343510 2323.2
1343520 2321.1
1343530 2321.1
1343540 2318.9
1343550 2316.2
1343560 2316.2
1343570 2312.3
1343580 2309.0
1343590 2309.0
1343600 2305.2
1343610 2301.5
1343620 2301.5
1343630 2299.5
1343640 2296.6
1343650 2296.6
1343660 2292.1
1343670 2286.1
1343680 2281.2
1343690 2281.2
1343700 2277.8
1343710 2274.0
1343720 2274.0
1343730 2268.8
1343740 2263.6
1343750 2263.6
1343760 2257.9
1343770 2252.4
1343780 2252.4
1343790 2246.8
1343800 2240.7
1343810 2240.7
1343820 2235.0
1343830 2232.5
1343840 2232.5
1343850 2232.2
1343860 2230.9
1343870 2230.9
1343880 2229.5
1343890 2229.2
1343900 2230.4
1343910 2230.4
1343920 2233.4
1343930 2238.6
1343940 2238.6
1343950 2236.5
1343960 2231.6
1343970 2231.6
1343980 2227.0
1343990 2222.4
1344000 2222.4
1344010 2219.1
1344020 2217.8
1344030 2217.8
1344040 2221.7
1344050 2217.6
1344060 2217.6
1344070 2212.4
1344080 2207.6
1344090 2207.6
1344100 2205.6
1344110 2205.2
1344120 2206.3
1344130 2206.3
1344140 2205.5
1344150 2205.3
1344160 2205.3
1344170 2206.7
1344180 2208.2
1344190 2208.2
1344200 2209.0
1344210 2211.3
1344220 2211.3
1344230 2215.1
1344240 2218.8
1344250 2218.8
1344260 2223.6
1344270 2229.3
1344280 2229.3
1344290 2236.2
1344300 2243.4
1344310 2243.4
1344320 2251.1
1344330 2258.8
1344340 2258.8
1344350 2267.2
1344360 2275.5
1344370 2276.3
1344380 2276.3
1344390 2273.4
1344400 2270.2
1344410 2270.2
1344420 2267.2
1344430 2264.2
1344440 2264.2
1344450 2261.6
1344460 2259.4
1344470 2259.4
1344480 2255.8
1344490 2252.3
1344500 2252.3
1344510 2255.5
1344520 2263.1
1344530 2263.1
1344540 2270.7
1344550 2275.5
1344560 2275.5
1344570 2279.8
1344580 2283.7
1344590 2287.7
1344600 2287.7
1344610 2292.0
1344620 2296.2
1344630 2296.2
1344640 2300.5
1344650 2307.0
1344660 2307.0
1344670 2314.2
1344680 2320.7
1344690 2320.7
1344700 2327.2
1344710 2334.3
1344720 2334.3
1344730 2339.6
1344740 2344.3
1344750 2344.3
1344760 2348.9
1344770 2352.8
1344780 2352.8
1344790 2356.9
1344800 2360.7
1344810 2360.7
1344820 2365.2
1344830 2369.7
1344840 2374.2
1344850 2374.2
1344860 2378.9
1344870 2382.8
1344880 2382.8
1344890 2385.4
1344900 2388.5
1344910 2388.5
1344920 2392.4
1344930 2396.0
1344940 2400.4
1344950 2403.3
1344960 2406.3
1344970 2406.3
1344980 2409.8
1344990 2412.8
1345000 2412.8
1345010 2415.9
1345020 2419.7
1345030 2419.7
1345040 2423.2
1345050 2426.2
1345060 2429.1
1345070 2429.1
1345080 2434.2
1345090 2439.2
1345100 2439.2
1345110 2444.5
1345120 2450.1
1345130 2450.1
1345140 2456.2
1345150 2462.3
1345160 2462.3
1345170 2468.5
1345180 2474.2
1345190 2474.2
1345200 2479.7
1345210 2484.2
1345220 2484.2
1345230 2486.7
1345240 2490.1
1345250 2490.1
1345260 2494.9
1345270 2499.6
1345280 2499.6
1345290 2504.0
1345300 2507.4
1345310 2510.4
1345320 2510.4
1345330 2513.4
1345340 2516.4
1345350 2516.4
1345360 2519.7
1345370 2523.4
1345380 2523.4
1345390 2527.0
1345400 2531.0
1345410 2531.0
1345420 2535.1
1345430 2539.1
1345440 2539.1
1345450 2542.8
1345460 2545.6
1345470 2545.6
1345480 2548.2
1345490 2551.3
1345500 2551.3
1345510 2554.5
1345520 2558.1
1345530 2562.1
1345540 2562.1
1345550 2565.5
1345560 2568.1
1345570 2568.1
1345580 2570.2
1345590 2573.5
1345600 2573.5
1345610 2578.4
1345620 2582.9
1345630 2582.9
1345640 2588.0
1345650 2594.4
1345660 2594.4
1345670 2601.1
1345680 2608.3
1345690 2608.3
1345700 2614.8
1345710 2622.2
1345720 2622.2
1345730 2632.2
1345740 2643.8
1345750 2643.8
1345760 2654.3
1345770 2663.3
1345780 2672.0
1345790 2672.0
1345800 2678.9
1345810 2684.2
1345820 2684.2
1345830 2689.7
1345840 2695.4
1345850 2695.4
1345860 2697.0
1345870 2703.9
1345880 2703.9
1345890 2710.3
1345900 2716.2
1345910 2716.2
1345920 2721.6
1345930 2726.8
1345940 2726.8
1345950 2732.0
1345960 2739.1
1345970 2739.1
1345980 2748.3
1345990 2754.4
1346000 2759.6
1346010 2759.6
1346020 2764.7
1346030 2769.4
1346040 2769.4
1346050 2774.0
1346060 2778.4
1346070 2778.4
1346080 2782.0
1346090 2785.0
1346100 2785.0
1346110 2788.0
1346120 2791.6
1346130 2791.6
1346140 2795.3
1346150 2799.7
1346160 2799.7
1346170 2804.7
1346180 2809.8
1346190 2809.8
1346200 2816.1
1346210 2825.0
1346220 2825.0
1346230 2837.7
1346240 2835.0
1346250 2812.1
1346260 2812.1
1346270 2799.7
1346280 2793.5
1346290 2793.5
1346300 2788.0
1346310 2782.9
1346320 2782.9
1346330 2777.9
1346340 2773.6
1346350 2773.6
1346360 2770.6
1346370 2767.4
1346380 2767.4
1346390 2764.1
1346400 2761.0
1346410 2761.0
1346420 2757.8
1346430 2754.8
1346440 2754.8
1346450 2751.8
1346460 2749.3
1346470 2745.8
1346480 2745.8
1346490 2742.4
1346500 2738.8
1346510 2738.8
1346520 2734.7
1346530 2731.1
1346540 2731.1
1346550 2727.6
1346560 2724.7
1346570 2724.7
1346580 2721.9
1346590 2716.4
1346600 2716.4
1346610 2706.2
1346620 2697.7
1346630 2697.7
1346640 2690.9
1346650 2686.0
1346660 2686.0
1346670 2682.4
1346680 2679.1
1346690 2679.1
1346700 2677.1
1346710 2673.4
1346720 2667.4
1346730 2667.4
1346740 2662.7
1346750 2657.2
1346760 2657.2
1346770 2651.7
1346780 2647.6
1346790 2647.6
1346800 2641.4
1346810 2635.5
1346820 2635.5
1346830 2630.0
1346840 2625.2
1346850 2625.2
1346860 2620.2
1346870 2614.9
1346880 2614.9
1346890 2609.7
1346900 2605.5
1346910 2605.5
1346920 2599.3
1346930 2594.0
1346940 2590.3
1346950 2590.3
1346960 2586.5
1346970 2582.2
1346980 2582.2
1346990 2578.0
1347000 2574.9
1347010 2574.9
1347020 2571.9
1347030 2569.6
1347040 2569.6
1347050 2568.0
1347060 2567.1
1347070 2567.1
1347080 2567.3
1347090 2567.9
1347100 2567.9
1347110 2568.5
1347120 2568.9
1347130 2568.9
1347140 2567.7
1347150 2565.4
1347160 2562.2
1347170 2562.2
1347180 2558.1
1347190 2553.6
1347200 2553.6
1347210 2548.7
1347220 2545.3
1347230 2545.3
1347240 2541.6
1347250 2537.6
1347260 2537.6
1347270 2534.4
1347280 2532.8
1347290 2532.8
1347300 2531.4
1347310 2530.0
1347320 2530.0
1347330 2528.6
1347340 2528.0
1347350 2528.0
1347360 2527.6
1347370 2524.2
1347380 2524.2
1347390 2521.5
1347400 2517.3
1347410 2513.9
1347420 2513.9
1347430 2511.9
1347440 2510.0
1347450 2510.0
1347460 2506.8
1347470 2502.3
1347480 2502.3
1347490 2497.5
1347500 2494.2
1347510 2494.2
1347520 2492.6
1347530 2491.5
1347540 2491.5
1347550 2490.5
1347560 2489.5
1347570 2489.5
1347580 2488.5
1347590 2488.3
1347600 2488.3
1347610 2487.7
1347620 2486.8
1347630 2485.2
1347640 2485.2
1347650 2483.4
1347660 2481.9
1347670 2481.9
1347680 2479.9
1347690 2477.5
1347700 2479.4
1347710 2475.7
1347720 2472.5
1347730 2472.5
1347740 2469.8
1347750 2466.7
1347760 2466.7
1347770 2463.0
1347780 2459.2
1347790 2459.2
1347800 2456.0
1347810 2453.6
1347820 2453.6
1347830 2450.2
1347840 2444.8
1347850 2444.8
1347860 2438.3
1347870 2432.1
1347880 2425.2
1347890 2425.2
1347900 2417.0
1347910 2409.4
1347920 2409.4
1347930 2407.2
1347940 2401.6
1347950 2401.6
1347960 2396.1
1347970 2391.6
1347980 2391.6
1347990 2391.3
1348000 2394.9
1348010 2394.9
1348020 2393.8
1348030 2388.9
1348040 2388.9
1348050 2384.2
1348060 2378.7
1348070 2378.7
1348080 2372.7
1348090 2369.9
1348100 2370.8
1348110 2370.8
1348120 2372.0
1348130 2372.2
1348140 2372.2
1348150 2372.3
1348160 2372.0
1348170 2372.0
1348180 2371.1
1348190 2371.5
1348200 2371.5
1348210 2371.0
1348220 2370.7
1348230 2370.7
1348240 2369.0
1348250 2368.4
1348260 2368.4
1348270 2371.1
1348280 2373.2
1348290 2373.2
1348300 2372.9
1348310 2375.4
1348320 2375.4
1348330 2379.0
1348340 2382.5
1348350 2387.1
1348360 2387.1
1348370 2390.8
1348380 2394.4
1348390 2394.4
1348400 2398.4
1348410 2399.8
1348420 2399.8
1348430 2400.4
1348440 2402.1
1348450 2402.1
1348460 2404.9
1348470 2406.1
1348480 2406.1
1348490 2405.0
1348500 2404.0
1348510 2404.0
1348520 2403.9
1348530 2403.0
1348540 2403.0
1348550 2401.9
1348560 2398.8
1348570 2400.0
1348580 2400.0
1348590 2400.8
1348600 2401.5
1348610 2401.5
1348620 2403.4
1348630 2408.0
1348640 2408.0
1348650 2412.8
1348660 2419.1
1348670 2419.1
1348680 2425.5
1348690 2433.1
1348700 2433.1
1348710 2441.8
1348720 2443.5
1348730 2443.5
1348740 2436.6
1348750 2429.6
1348760 2429.6
1348770 2421.7
1348780 2412.8
1348790 2412.8
1348800 2405.2
1348810 2402.9
1348820 2404.5
1348830 2404.5
1348840 2405.4
1348850 2406.8
1348860 2406.8
1348870 2408.8
1348880 2410.9
1348890 2410.9
1348900 2412.5
1348910 2418.0
1348920 2418.0
1348930 2424.0
1348940 2427.5
1348950 2427.5
1348960 2428.8
1348970 2431.4
1348980 2431.4
1348990 2435.0
1349000 2436.8
1349010 2436.8
1349020 2436.4
1349030 2439.5
1349040 2442.5
1349050 2442.5
1349060 2444.7
1349070 2448.2
1349080 2448.2
1349090 2450.8
1349100 2454.5
1349110 2454.5
1349120 2456.8
1349130 2457.4
1349140 2457.4
1349150 2456.8
1349160 2457.2
1349170 2457.2
1349180 2459.9
1349190 2462.8
1349200 2462.8
1349210 2467.3
1349220 2470.1
1349230 2470.1
1349240 2470.6
1349250 2472.4
1349260 2472.4
1349270 2473.7
1349280 2476.1
1349290 2479.4
1349300 2479.4
1349310 2481.0
1349320 2481.3
1349330 2481.3
1349340 2481.9
1349350 2481.0
1349360 2481.0
1349370 2479.6
1349380 2479.7
1349390 2479.7
1349400 2478.8
1349410 2477.4
1349420 2477.4
1349430 2474.0
1349440 2467.6
1349450 2467.6
1349460 2458.4
1349470 2449.4
1349480 2449.4
1349490 2442.3
1349500 2435.4
1349510 2427.7
1349520 2427.7
1349530 2423.6
1349540 2418.4
1349550 2418.4
1349560 2405.6
1349570 2400.8
1349580 2400.8
1349590 2384.3
1349600 2372.2
1349610 2372.2
1349620 2365.1
1349630 2358.8
1349640 2358.8
1349650 2352.5
1349660 2346.8
1349670 2346.8
1349680 2342.0
1349690 2338.2
1349700 2338.2
1349710 2336.4
1349720 2334.7
1349730 2332.5
1349740 2332.5
1349750 2330.7
1349760 2330.2
1349770 2330.2
1349780 2331.2
1349790 2332.3
1349800 2332.3
1349810 2332.9
1349820 2332.9
1349830 2332.9
1349840 2334.2
1349850 2335.6
1349860 2335.6
1349870 2336.0
1349880 2335.1
1349890 2335.1
1349900 2335.1
1349910 2335.4
1349920 2335.4
1349930 2335.7
1349940 2335.4
1349950 2335.4
1349960 2336.5
1349970 2337.3
1349980 2337.9
1349990 2337.9
1350000 2338.1
1350010 2337.7
1350020 2337.7
1350030 2338.0
1350040 2338.0
1350050 2338.0
1350060 2339.1
1350070 2340.3
1350080 2340.3
1350090 2342.9
1350100 2348.5
1350110 2348.5
1350120 2355.8
1350130 2363.2
1350140 2363.2
1350150 2370.5
1350160 2378.0
1350170 2378.0
1350180 2385.2
1350190 2392.3
1350200 2399.2
1350210 2399.2
1350220 2406.7
1350230 2414.1
1350240 2414.1
1350250 2421.0
1350260 2435.6
1350270 2435.6
1350280 2453.9
1350290 2472.4
1350300 2472.4
1350310 2485.2
1350320 2492.7
1350330 2492.7
1350340 2499.7
1350350 2505.7
1350360 2505.7
1350370 2510.8
1350380 2515.3
1350390 2515.3
1350400 2519.9
1350410 2525.4
1350420 2525.4
1350430 2530.9
1350440 2534.5
1350450 2538.8
1350460 2538.8
1350470 2542.9
1350480 2546.8
1350490 2546.8
1350500 2550.5
1350510 2553.5
1350520 2555.3
1350530 2558.5
1350540 2560.7
1350550 2560.7
1350560 2563.6
1350570 2566.5
1350580 2566.5
1350590 2569.7
1350600 2571.8
1350610 2571.8
1350620 2572.3
1350630 2573.8
1350640 2573.8
1350650 2577.4
1350660 2580.1
1350670 2584.3
1350680 2584.3
1350690 2588.7
1350700 2591.9
1350710 2591.9
1350720 2594.8
1350730 2597.0
1350740 2597.0
1350750 2599.6
1350760 2602.7
1350770 2602.7
1350780 2606.0
1350790 2609.1
1350800 2609.1
1350810 2611.1
1350820 2614.5
1350830 2614.5
1350840 2618.7
1350850 2622.3
1350860 2622.3
1350870 2626.3
1350880 2628.8
1350890 2628.8
1350900 2632.6
1350910 2636.9
1350920 2639.2
1350930 2639.2
1350940 2640.9
1350950 2646.7
1350960 2646.7
1350970 2652.2
1350980 2655.6
1350990 2655.6
1351000 2658.0
1351010 2660.6
1351020 2660.6
1351030 2662.6
1351040 2666.6
1351050 2666.6
1351060 2671.1
1351070 2674.2
1351080 2674.2
1351090 2678.0
1351100 2681.9
1351110 2681.9
1351120 2685.5
1351130 2689.6
1351140 2694.4
1351150 2694.4
1351160 2698.4
1351170 2702.4
1351180 2702.4
1351190 2706.6
1351200 2710.4
1351210 2710.4
1351220 2714.4
1351230 2720.1
1351240 2720.1
1351250 2725.4
1351260 2729.6
1351270 2729.6
1351280 2735.3
1351290 2742.4
1351300 2742.4
1351310 2757.3
1351320 2771.7
1351330 2771.7
1351340 2783.4
1351350 2779.5
1351360 2779.5
1351370 2742.5
1351380 2701.4
1351390 2693.4
1351400 2693.4
1351410 2686.1
1351420 2678.5
1351430 2678.5
1351440 2670.8
1351450 2663.6
1351460 2663.6
1351470 2655.1
1351480 2647.8
1351490 2647.8
1351500 2640.4
1351510 2633.5
1351520 2633.5
1351530 2626.5
1351540 2619.4
1351550 2619.4
1351560 2612.5
1351570 2605.9
1351580 2605.9
1351590 2598.6
1351600 2592.0
1351610 2585.3
1351620 2585.3
1351630 2578.9
1351640 2572.8
1351650 2572.8
1351660 2567.3
1351670 2560.8
1351680 2560.8
1351690 2556.3
1351700 2551.3
1351710 2551.3
1351720 2545.9
1351730 2542.0
1351740 2542.0
1351750 2539.2
1351760 2536.2
1351770 2536.2
1351780 2532.2
1351790 2529.7
1351800 2529.7
1351810 2527.9
1351820 2525.6
1351830 2525.6
1351840 2524.4
1351850 2526.9
1351860 2527.2
1351870 2527.2
1351880 2526.9
1351890 2526.3
1351900 2526.3
1351910 2521.1
1351920 2513.5
1351930 2513.5
1351940 2509.2
1351950 2506.2
1351960 2506.2
1351970 2505.9
1351980 2506.5
1351990 2506.5
1352000 2508.7
1352010 2511.3
1352020 2511.3
1352030 2514.7
1352040 2516.9
1352050 2516.9
1352060 2518.5
1352070 2520.7
1352080 2521.9
1352090 2521.9
1352100 2523.0
1352110 2520.7
1352120 2520.7
1352130 2518.8
1352140 2517.7
1352150 2517.7
1352160 2515.1
1352170 2514.1
1352180 2514.1
1352190 2514.1
1352200 2514.9
1352210 2514.9
1352220 2515.3
1352230 2515.7
1352240 2515.7
1352250 2516.0
1352260 2516.0
1352270 2516.0
1352280 2516.0
1352290 2517.5
1352300 2518.4
1352310 2518.4
1352320 2517.9
1352330 2519.6
1352340 2519.6
1352350 2522.7
1352360 2524.6
1352370 2524.6
1352380 2525.2
1352390 2525.9
1352400 2525.9
1352410 2527.7
1352420 2530.1
1352430 2529.8
1352440 2533.3
1352450 2537.0
1352460 2537.0
1352470 2540.2
1352480 2544.0
1352490 2544.0
1352500 2547.8
1352510 2551.1
1352520 2551.1
1352530 2554.8
1352540 2558.7
1352550 2560.6
1352560 2560.6
1352570 2563.5
1352580 2566.3
1352590 2566.3
1352600 2570.4
1352610 2578.0
1352620 2578.0
1352630 2585.1
1352640 2589.7
1352650 2589.7
1352660 2591.6
1352670 2595.3
1352680 2595.3
1352690 2599.8
1352700 2604.5
1352710 2604.5
1352720 2607.7
1352730 2610.1
1352740 2610.1
1352750 2613.2
1352760 2615.4
1352770 2620.1
1352780 2620.1
1352790 2624.7
1352800 2629.6
1352810 2629.6
1352820 2635.9
1352830 2642.7
1352840 2642.7
1352850 2649.1
1352860 2655.2
1352870 2655.2
1352880 2660.5
1352890 2666.5
1352900 2666.5
1352910 2671.3
1352920 2676.1
1352930 2676.1
1352940 2679.2
1352950 2680.6
1352960 2680.6
1352970 2680.7
1352980 2679.3
1352990 2679.3
1353000 2676.9
1353010 2672.9
1353020 2668.6
1353030 2668.6
1353040 2665.3
1353050 2661.1
1353060 2661.1
1353070 2656.1
1353080 2650.4
1353090 2650.4
1353100 2646.2
1353110 2641.3
1353120 2641.3
1353130 2639.0
1353140 2637.6
1353150 2637.6
1353160 2635.4
1353170 2633.2
1353180 2633.2
1353190 2631.4
1353200 2627.2
1353210 2627.2
1353220 2622.4
1353230 2620.0
1353240 2616.6
1353250 2616.6
1353260 2613.4
1353270 2611.5
1353280 2611.5
1353290 2610.2
1353300 2608.3
1353310 2608.3
1353320 2605.9
1353330 2604.1
1353340 2604.1
1353350 2603.0
1353360 2602.9
1353370 2602.9
1353380 2604.1
1353390 2597.9
1353400 2597.9
1353410 2597.3
1353420 2596.1
1353430 2596.1
1353440 2594.8
1353450 2592.9
1353460 2592.9
1353470 2590.7
1353480 2590.4
1353490 2591.6
1353500 2591.6
1353510 2592.8
1353520 2594.6
1353530 2594.6
1353540 2597.4
1353550 2600.9
1353560 2600.9
1353570 2602.8
1353580 2604.9
1353590 2604.9
1353600 2607.4
1353610 2612.1
1353620 2612.1
1353630 2617.0
1353640 2628.5
1353650 2628.5
1353660 2636.0
1353670 2636.2
1353680 2636.2
1353690 2643.6
1353700 2651.3
1353710 2655.3
1353720 2655.3
1353730 2661.0
1353740 2662.2
1353750 2662.2
1353760 2660.0
1353770 2655.8
1353780 2655.8
1353790 2652.7
1353800 2647.8
1353810 2647.8
1353820 2641.0
1353830 2632.9
1353840 2632.9
1353850 2629.0
1353860 2628.5
1353870 2628.5
1353880 2629.7
1353890 2631.7
1353900 2631.7
1353910 2630.5
1353920 2618.4
1353930 2618.4
1353940 2596.5
1353950 2579.3
1353960 2567.2
1353970 2567.2
1353980 2559.0
1353990 2549.0
1354000 2549.0
1354010 2542.0
1354020 2537.1
1354030 2537.1
1354040 2531.5
1354050 2526.0
1354060 2526.0
1354070 2521.1
1354080 2515.4
1354090 2515.4
1354100 2509.9
1354110 2502.9
1354120 2502.9
1354130 2496.3
1354140 2490.1
1354150 2490.1
1354160 2484.9
1354170 2480.8
1354180 2477.0
1354190 2477.0
1354200 2473.2
1354210 2468.3
1354220 2468.3
1354230 2465.0
1354240 2463.3
1354250 2463.3
1354260 2461.8
1354270 2458.8
1354280 2458.8
1354290 2456.4
1354300 2453.6
1354310 2453.6
1354320 2450.8
1354330 2447.0
1354340 2447.0
1354350 2444.0
1354360 2441.4
1354370 2444.8
1354380 2442.5
1354390 2439.7
1354400 2437.0
1354410 2437.0
1354420 2434.5
1354430 2430.9
1354440 2430.9
1354450 2427.1
1354460 2423.3
1354470 2423.3
1354480 2421.2
1354490 2419.2
1354500 2419.2
1354510 2416.7
1354520 2414.0
1354530 2414.0
1354540 2411.1
1354550 2408.8
1354560 2408.8
1354570 2406.7
1354580 2404.5
1354590 2404.5
1354600 2403.0
1354610 2402.0
1354620 2402.0
1354630 2399.4
1354640 2396.5
1354650 2394.4
1354660 2394.4
1354670 2392.6
1354680 2390.2
1354690 2390.2
1354700 2388.0
1354710 2385.9
1354720 2385.9
1354730 2383.0
1354740 2380.2
1354750 2380.2
1354760 2377.7
1354770 2375.4
1354780 2375.4
1354790 2372.7
1354800 2369.5
1354810 2369.5
1354820 2365.9
1354830 2362.6
1354840 2362.6
1354850 2359.8
1354860 2357.1
1354870 2354.7
1354880 2354.7
1354890 2351.0
1354900 2348.7
1354910 2348.7
1354920 2346.7
1354930 2345.0
1354940 2345.0
1354950 2343.0
1354960 2340.9
1354970 2340.9
1354980 2338.6
1354990 2337.2
1355000 2337.2
1355010 2336.5
1355020 2336.8
1355030 2336.8
1355040 2337.2
1355050 2337.7
1355060 2337.7
1355070 2338.4
1355080 2339.4
1355090 2339.4
1355100 2339.7
1355110 2340.1
1355120 2344.8
1355130 2344.8
1355140 2347.9
1355150 2349.2
1355160 2349.2
1355170 2352.2
1355180 2358.9
1355190 2358.9
1355200 2364.6
1355210 2371.3
1355220 2371.3
1355230 2370.9
1355240 2363.9
1355250 2363.9
1355260 2355.4
1355270 2347.0
1355280 2347.0
1355290 2339.9
1355300 2328.4
1355310 2328.4
1355320 2328.4
1355330 2323.8
1355340 2312.0
1355350 2326.4
1355360 2320.1
1355370 2312.4
1355380 2312.4
1355390 2305.4
1355400 2295.9
1355410 2295.9
1355420 2284.6
1355430 2275.2
1355440 2275.2
1355450 2268.8
1355460 2262.3
1355470 2262.3
1355480 2256.8
1355490 2251.6
1355500 2251.6
1355510 2246.5
1355520 2240.9
1355530 2240.9
1355540 2235.8
1355550 2231.1
1355560 2231.1
1355570 2225.9
1355580 2219.2
1355590 2213.8
1355600 2213.8
1355610 2207.7
1355620 2201.5
1355630 2201.5
1355640 2195.7
1355650 2189.8
1355660 2189.8
1355670 2183.4
1355680 2178.1
1355690 2178.1
1355700 2174.9
1355710 2168.9
1355720 2168.9
1355730 2157.7
1355740 2148.7
1355750 2148.7
1355760 2139.7
1355770 2132.6
1355780 2132.6
1355790 2125.1
1355800 2119.3
1355810 2114.1
1355820 2114.1
1355830 2107.2
1355840 2101.6
1355850 2101.6
1355860 2096.0
1355870 2089.6
1355880 2089.6
1355890 2083.4
1355900 2077.4
1355910 2077.4
1355920 2071.3
1355930 2065.7
1355940 2065.7
1355950 2060.2
1355960 2054.7
1355970 2054.7
1355980 2049.4
1355990 2044.5
1356000 2044.5
1356010 2038.9
1356020 2032.6
1356030 2032.6
1356040 2025.8
1356050 2019.7
1356060 2014.0
1356070 2014.0
1356080 2008.3
1356090 2002.3
1356100 2002.3
1356110 1996.0
1356120 1989.5
1356130 1989.5
1356140 1982.3
1356150 1975.0
1356160 1975.0
1356170 1968.1
1356180 1962.6
1356190 1962.6
1356200 1957.9
1356210 1952.9
1356220 1952.9
1356230 1947.5
1356240 1941.5
1356250 1941.5
1356260 1935.6
1356270 1929.9
1356280 1925.2
1356290 1925.2
1356300 1920.0
1356310 1914.8
1356320 1914.8
1356330 1910.7
1356340 1904.5
1356350 1904.5
1356360 1898.8
1356370 1892.8
1356380 1892.8
1356390 1888.0
1356400 1882.2
1356410 1882.2
1356420 1876.9
1356430 1871.8
1356440 1871.8
1356450 1867.1
1356460 1861.6
1356470 1861.6
1356480 1855.5
1356490 1850.0
1356500 1850.0
1356510 1844.5
1356520 1838.8
1356530 1832.8
1356540 1832.8
1356550 1826.2
1356560 1819.3
1356570 1819.3
1356580 1811.9
1356590 1804.2
1356600 1804.2
1356610 1795.9
1356620 1787.6
1356630 1787.6
1356640 1779.1
1356650 1771.5
1356660 1771.5
1356670 1764.5
1356680 1760.5
1356690 1760.5
1356700 1755.4
1356710 1749.2
1356720 1749.2
1356730 1741.9
1356740 1735.5
1356750 1730.2
1356760 1730.2
1356770 1725.6
1356780 1720.8
1356790 1720.8
1356800 1716.2
1356810 1711.8
1356820 1711.8
1356830 1707.9
1356840 1702.4
1356850 1702.4
1356860 1698.3
1356870 1696.1
1356880 1696.1
1356890 1694.7
1356900 1691.5
1356910 1691.5
1356920 1687.5
1356930 1682.0
1356940 1682.0
1356950 1678.1
1356960 1674.1
1356970 1667.4
1356980 1667.4
1356990 1661.6
1357000 1656.8
1357010 1656.8
1357020 1652.8
1357030 1648.0
1357040 1648.0
1357050 1644.0
1357060 1640.5
1357070 1640.5
1357080 1638.5
1357090 1637.9
1357100 1637.9
1357110 1634.2
1357120 1628.2
1357130 1628.2
1357140 1621.8
1357150 1616.3
1357160 1616.3
1357170 1611.9
1357180 1608.2
1357190 1608.2
1357200 1605.5
1357210 1603.1
1357220 1602.1
1357230 1602.1
1357240 1602.2
1357250 1603.3
1357260 1603.3
1357270 1606.0
1357280 1606.3
1357290 1606.3
1357300 1606.6
1357310 1606.8
1357320 1606.8
1357330 1606.8
1357340 1607.0
1357350 1607.0
1357360 1607.4
1357370 1607.7
1357380 1607.7
1357390 1608.0
1357400 1608.1
1357410 1608.1
1357420 1608.4
1357430 1608.8
1357440 1609.3
1357450 1609.3
1357460 1609.9
1357470 1610.6
1357480 1610.6
1357490 1611.8
1357500 1612.9
1357510 1612.9
1357520 1614.3
1357530 1617.0
1357540 1617.0
1357550 1619.8
1357560 1622.4
1357570 1622.4
1357580 1624.6
1357590 1628.9
1357600 1628.9
1357610 1635.3
1357620 1642.1
1357630 1642.1
1357640 1648.4
1357650 1655.6
1357660 1655.6
1357670 1663.4
1357680 1670.3
1357690 1677.5
1357700 1677.5
1357710 1684.3
1357720 1691.1
1357730 1691.1
1357740 1698.1
1357750 1705.3
1357760 1705.3
1357770 1713.4
1357780 1722.4
1357790 1722.4
1357800 1731.6
1357810 1742.6
1357820 1742.6
1357830 1755.0
1357840 1765.6
1357850 1765.6
1357860 1775.6
1357870 1784.7
1357880 1784.7
1357890 1790.3
1357900 1796.2
1357910 1804.2
1357920 1804.2
1357930 1818.5
1357940 1830.4
1357950 1830.4
1357960 1837.7
1357970 1846.9
1357980 1846.9
1357990 1865.9
1358000 1895.4
1358010 1895.4
1358020 1907.7
1358030 1917.2
1358040 1917.2
1358050 1921.6
1358060 1923.8
1358070 1923.8
1358080 1925.9
1358090 1929.3
1358100 1929.3
1358110 1934.2
1358120 1939.3
1358130 1939.3
1358140 1944.3
1358150 1948.3
1358160 1952.2
1358170 1952.2
1358180 1957.0
1358190 1962.4
1358200 1962.4
1358210 1967.5
1358220 1973.6
1358230 1973.6
1358240 1979.5
1358250 1981.8
1358260 1981.8
1358270 1975.9
1358280 1969.1
1358290 1969.1
1358300 1962.6
1358310 1952.2
1358320 1952.2
1358330 1945.1
1358340 1932.4
1358350 1932.4
1358360 1930.5
1358370 1929.7
1358380 1928.6
1358390 1928.6
1358400 1927.0
1358410 1930.0
1358420 1930.0
1358430 1932.1
1358440 1939.7
1358450 1939.7
1358460 1955.2
1358470 1962.8
1358480 1962.8
1358490 1970.0
1358500 1977.8
1358510 1977.8
1358520 1985.7
1358530 1992.7
1358540 1992.7
1358550 2001.3
1358560 2010.2
1358570 2010.2
1358580 2019.7
1358590 2025.6
1358600 2025.6
1358610 2029.3
1358620 2030.4
1358630 2032.4
1358640 2032.4
1358650 2039.9
1358660 2046.8
1358670 2046.8
1358680 2051.4
1358690 2055.9
1358700 2055.9
1358710 2060.0
1358720 2066.1
1358730 2066.1
1358740 2072.7
1358750 2079.7
1358760 2079.7
1358770 2087.3
1358780 2094.4
1358790 2094.4
1358800 2102.4
1358810 2104.3
1358820 2104.3
1358830 2106.0
1358840 2113.8
1358850 2124.9
1358860 2124.9
1358870 2135.9
1358880 2145.6
1358890 2145.6
1358900 2152.7
1358910 2158.7
1358920 2158.7
1358930 2160.3
1358940 2162.5
1358950 2162.5
1358960 2170.1
1358970 2180.0
1358980 2180.0
1358990 2189.1
1359000 2197.5
1359010 2197.5
1359020 2204.4
1359030 2211.9
1359040 2211.9
1359050 2220.0
1359060 2228.5
1359070 2228.5
1359080 2236.7
1359090 2244.9
1359100 2253.3
1359110 2253.3
1359120 2261.7
1359130 2269.5
1359140 2269.5
1359150 2277.2
1359160 2285.0
1359170 2285.0
1359180 2292.3
1359190 2299.8
1359200 2299.8
1359210 2307.4
1359220 2315.1
1359230 2315.1
1359240 2322.7
1359250 2330.4
1359260 2330.4
1359270 2337.7
1359280 2344.2
1359290 2344.2
1359300 2349.7
1359310 2354.8
1359320 2359.5
1359330 2359.5
1359340 2364.1
1359350 2367.8
1359360 2367.8
1359370 2372.4
1359380 2377.4
1359390 2377.4
1359400 2382.1
1359410 2387.4
1359420 2387.4
1359430 2392.6
1359440 2397.9
1359450 2397.9
1359460 2403.8
1359470 2410.0
1359480 2410.0
1359490 2416.4
1359500 2423.5
1359510 2423.5
1359520 2431.8
1359530 2439.6
1359540 2447.0
1359550 2447.0
1359560 2454.0
1359570 2461.2
1359580 2461.2
1359590 2468.2
1359600 2474.9
1359610 2474.9
1359620 2482.2
1359630 2490.6
1359640 2490.6
1359650 2499.8
1359660 2506.2
1359670 2506.2
1359680 2511.9
1359690 2520.7
1359700 2520.7
1359710 2531.1
1359720 2539.7
1359730 2539.7
1359740 2548.5
1359750 2561.7
1359760 2561.7
1359770 2576.9
1359780 2591.8
1359790 2604.7
1359800 2604.7
1359810 2613.3
1359820 2624.3
1359830 2624.3
1359840 2635.9
1359850 2643.7
1359860 2643.7
1359870 2648.6
1359880 2654.3
1359890 2654.3
1359900 2659.5
1359910 2664.2
1359920 2664.2
1359930 2669.1
1359940 2673.4
1359950 2673.4
1359960 2678.7
1359970 2683.5
1359980 2683.5
1359990 2686.7
