1340000 1881.0
1340010 1881.0
1340020 1886.0
1340030 1891.6
1340040 1891.6
1340050 1898.0
1340060 1906.0
1340070 1906.0
1340080 1914.6
1340090 1922.2
1340100 1929.8
1340110 1929.8
1340120 1937.1
1340130 1944.4
1340140 1944.4
1340150 1950.4
1340160 1956.9
1340170 1956.9
1340180 1964.1
1340190 1971.5
1340200 1971.5
1340210 1978.8
1340220 1987.4
1340230 1987.4
1340240 1996.2
1340250 2004.3
1340260 2004.3
1340270 2011.6
1340280 2017.8
1340290 2017.8
1340300 2025.0
1340310 2032.0
1340320 2032.0
1340330 2038.9
1340340 2046.1
1340350 2054.4
1340360 2054.4
1340370 2062.9
1340380 2070.7
1340390 2070.7
1340400 2079.9
1340410 2091.7
1340420 2091.7
1340430 2106.4
1340440 2123.7
1340450 2123.7
1340460 2143.1
1340470 2156.7
1340480 2156.7
1340490 2163.9
1340500 2171.0
1340510 2171.0
1340520 2178.3
1340530 2185.7
1340540 2185.7
1340550 2191.6
1340560 2196.2
1340570 2202.4
1340580 2202.4
1340590 2206.9
1340600 2211.1
1340610 2211.1
1340620 2215.2
1340630 2219.5
1340640 2219.5
1340650 2224.0
1340660 2228.3
1340670 2228.3
1340680 2232.6
1340690 2237.1
1340700 2237.1
1340710 2241.7
1340720 2246.4
1340730 2246.4
1340740 2251.1
1340750 2255.8
1340760 2255.8
1340770 2260.8
1340780 2265.4
1340790 2265.4
1340800 2269.9
1340810 2274.0
1340820 2278.6
1340830 2278.6
1340840 2283.7
1340850 2288.8
1340860 2288.8
1340870 2293.8
1340880 2298.8
1340890 2298.8
1340900 2304.1
1340910 2309.8
1340920 2309.8
1340930 2317.2
1340940 2326.4
1340950 2326.4
1340960 2339.0
1340970 2350.5
1340980 2350.5
1340990 2361.3
1341000 2368.5
1341010 2368.5
1341020 2375.2
1341030 2382.3
1341040 2390.1
1341050 2390.1
1341060 2398.1
1341070 2405.1
1341080 2405.1
1341090 2410.6
1341100 2414.9
1341110 2414.9
1341120 2418.2
1341130 2419.2
1341140 2419.2
1341150 2419.7
1341160 2419.8
1341170 2419.8
1341180 2420.5
1341190 2422.7
1341200 2422.7
1341210 2425.4
1341220 2428.6
1341230 2428.6
1341240 2432.2
1341250 2436.6
1341260 2436.6
1341270 2441.1
1341280 2446.8
1341290 2452.8
1341300 2452.8
1341310 2458.9
1341320 2465.1
1341330 2465.1
1341340 2471.1
1341350 2476.8
1341360 2476.8
1341370 2482.6
1341380 2488.3
1341390 2488.3
1341400 2493.5
1341410 2498.7
1341420 2498.7
1341430 2504.0
1341440 2509.3
1341450 2509.3
1341460 2512.7
1341470 2518.3
1341480 2518.3
1341490 2523.0
1341500 2527.0
1341510 2531.5
1341520 2531.5
1341530 2537.5
1341540 2544.1
1341550 2544.1
1341560 2555.2
1341570 2567.6
1341580 2567.6
1341590 2577.8
1341600 2588.4
1341610 2588.4
1341620 2601.2
1341630 2613.7
1341640 2613.7
1341650 2625.3
1341660 2638.0
1341670 2638.0
1341680 2652.1
1341690 2663.9
1341700 2663.9
1341710 2669.5
1341720 2656.4
1341730 2656.4
1341740 2640.9
1341750 2628.2
1341760 2616.7
1341770 2616.7
1341780 2606.0
1341790 2596.2
1341800 2596.2
1341810 2588.1
1341820 2581.5
1341830 2581.5
1341840 2575.3
1341850 2568.9
1341860 2568.9
1341870 2562.3
1341880 2555.0
1341890 2555.0
1341900 2547.7
1341910 2540.6
1341920 2540.6
1341930 2533.7
1341940 2526.6
1341950 2526.6
1341960 2519.6
1341970 2512.7
1341980 2506.1
1341990 2506.1
1342000 2499.8
1342010 2493.8
1342020 2493.8
1342030 2488.0
1342040 2482.9
1342050 2482.9
1342060 2478.7
1342070 2473.9
1342080 2473.9
1342090 2468.9
1342100 2463.8
1342110 2463.8
1342120 2459.8
1342130 2455.3
1342140 2455.3
1342150 2450.2
1342160 2445.2
1342170 2445.2
1342180 2441.1
1342190 2438.3
1342200 2438.3
1342210 2436.6
1342220 2435.3
1342230 2434.4
1342240 2434.4
1342250 2434.3
1342260 2434.1
1342270 2434.1
1342280 2432.7
1342290 2431.1
1342300 2431.1
1342310 2430.3
1342320 2426.9
1342330 2426.9
1342340 2423.5
1342350 2425.5
1342360 2425.5
1342370 2421.4
1342380 2416.1
1342390 2416.1
1342400 2412.3
1342410 2410.4
1342420 2410.4
1342430 2408.1
1342440 2405.7
1342450 2403.1
1342460 2403.1
1342470 2401.8
1342480 2399.6
1342490 2399.6
1342500 2398.5
1342510 2398.3
1342520 2398.3
1342530 2397.3
1342540 2394.9
1342550 2394.9
1342560 2392.7
1342570 2390.1
1342580 2390.1
1342590 2386.3
1342600 2382.3
1342610 2382.3
1342620 2380.6
1342630 2378.4
1342640 2378.4
1342650 2375.2
1342660 2372.1
1342670 2372.1
1342680 2369.8
1342690 2367.5
1342700 2364.1
1342710 2364.1
1342720 2358.0
1342730 2348.6
1342740 2348.6
1342750 2340.8
1342760 2329.5
1342770 2329.5
1342780 2316.9
1342790 2303.8
1342800 2303.8
1342810 2292.1
1342820 2285.3
1342830 2285.3
1342840 2278.8
1342850 2272.6
1342860 2272.6
1342870 2267.2
1342880 2262.0
1342890 2262.0
1342900 2256.7
1342910 2251.7
1342920 2246.6
1342930 2246.6
1342940 2241.9
1342950 2237.9
1342960 2237.9
1342970 2235.4
1342980 2233.0
1342990 2233.0
1343000 2231.5
1343010 2230.3
1343020 2230.3
1343030 2228.9
1343040 2226.9
1343050 2226.9
1343060 2223.6
1343070 2219.2
1343080 2219.2
1343090 2216.0
1343100 2214.2
1343110 2214.2
1343120 2213.4
1343130 2213.9
1343140 2213.9
1343150 2215.5
1343160 2218.5
1343170 2224.1
1343180 2224.1
1343190 2230.5
1343200 2233.2
1343210 2233.2
1343220 2233.9
1343230 2233.1
1343240 2240.3
1343250 2239.0
1343260 2238.0
1343270 2238.0
1343280 2236.2
1343290 2233.7
1343300 2233.7
1343310 2230.5
1343320 2226.0
1343330 2226.0
1343340 2222.5
1343350 2221.2
1343360 2221.2
1343370 2221.0
1343380 2219.1
1343390 2215.9
1343400 2215.9
1343410 2212.6
1343420 2210.7
1343430 2210.7
1343440 2208.8
1343450 2207.2
1343460 2207.2
1343470 2205.6
1343480 2204.5
1343490 2204.5
1343500 2202.8
1343510 2200.2
1343520 2200.2
1343530 2196.9
1343540 2193.4
1343550 2193.4
1343560 2189.9
1343570 2185.3
1343580 2185.3
1343590 2178.3
1343600 2168.6
1343610 2168.6
1343620 2162.1
1343630 2159.0
1343640 2161.3
1343650 2161.3
1343660 2159.9
1343670 2151.6
1343680 2151.6
1343690 2143.6
1343700 2137.0
1343710 2137.0
1343720 2129.9
1343730 2118.1
1343740 2118.1
1343750 2106.1
1343760 2098.5
1343770 2098.5
1343780 2097.9
1343790 2090.2
1343800 2090.2
1343810 2079.1
1343820 2072.3
1343830 2072.3
1343840 2068.1
1343850 2064.5
1343860 2061.2
1343870 2061.2
1343880 2057.1
1343890 2052.7
1343900 2052.7
1343910 2050.2
1343920 2048.4
1343930 2048.4
1343940 2049.0
1343950 2048.1
1343960 2048.1
1343970 2045.7
1343980 2044.3
1343990 2044.3
1344000 2046.5
1344010 2052.9
1344020 2052.9
1344030 2054.4
1344040 2054.6
1344050 2054.6
1344060 2055.1
1344070 2056.2
1344080 2056.2
1344090 2058.3
1344100 2057.2
1344110 2054.1
1344120 2054.1
1344130 2051.6
1344140 2049.9
1344150 2057.0
1344160 2055.5
1344170 2061.0
1344180 2061.0
1344190 2069.5
1344200 2077.5
1344210 2077.5
1344220 2087.5
1344230 2097.3
1344240 2097.3
1344250 2107.5
1344260 2117.2
1344270 2117.2
1344280 2128.6
1344290 2138.2
1344300 2138.2
1344310 2150.6
1344320 2160.1
1344330 2169.4
1344340 2169.4
1344350 2179.2
1344360 2188.4
1344370 2188.4
1344380 2195.4
1344390 2200.1
1344400 2200.1
1344410 2204.2
1344420 2208.2
1344430 2208.2
1344440 2212.3
1344450 2216.4
1344460 2216.4
1344470 2220.5
1344480 2224.4
1344490 2224.4
1344500 2229.1
1344510 2234.4
1344520 2234.4
1344530 2239.6
1344540 2244.5
1344550 2244.5
1344560 2249.7
1344570 2255.7
1344580 2262.5
1344590 2262.5
1344600 2269.3
1344610 2274.2
1344620 2274.2
1344630 2279.2
1344640 2284.6
1344650 2284.6
1344660 2290.3
1344670 2296.7
1344680 2296.7
1344690 2302.6
1344700 2307.0
1344710 2307.0
1344720 2310.4
1344730 2312.0
1344740 2312.0
1344750 2313.8
1344760 2316.1
1344770 2316.1
1344780 2318.5
1344790 2320.6
1344800 2322.6
1344810 2322.6
1344820 2325.1
1344830 2328.6
1344840 2328.6
1344850 2331.7
1344860 2335.2
1344870 2335.2
1344880 2339.3
1344890 2343.4
1344900 2343.4
1344910 2346.5
1344920 2348.6
1344930 2348.6
1344940 2350.8
1344950 2354.1
1344960 2354.1
1344970 2357.4
1344980 2360.8
1344990 2360.8
1345000 2364.5
1345010 2368.5
1345020 2368.5
1345030 2372.3
1345040 2375.9
1345050 2380.0
1345060 2380.0
1345070 2382.2
1345080 2384.3
1345090 2384.3
1345100 2387.0
1345110 2389.9
1345120 2389.9
1345130 2393.1
1345140 2396.8
1345150 2396.8
1345160 2400.5
1345170 2403.8
1345180 2403.8
1345190 2406.0
1345200 2407.4
1345210 2407.4
1345220 2408.9
1345230 2410.9
1345240 2410.9
1345250 2412.7
1345260 2414.6
1345270 2417.1
1345280 2417.1
1345290 2419.6
1345300 2422.3
1345310 2422.3
1345320 2425.7
1345330 2429.1
1345340 2429.1
1345350 2433.3
1345360 2438.8
1345370 2438.8
1345380 2445.3
1345390 2451.3
1345400 2451.3
1345410 2457.1
1345420 2463.3
1345430 2463.3
1345440 2469.9
1345450 2476.9
1345460 2476.9
1345470 2484.0
1345480 2490.3
1345490 2490.3
1345500 2495.8
1345510 2500.9
1345520 2506.2
1345530 2506.2
1345540 2511.2
1345550 2516.4
1345560 2516.4
1345570 2521.5
1345580 2526.1
1345590 2526.1
1345600 2529.7
1345610 2532.2
1345620 2532.2
1345630 2537.2
1345640 2542.6
1345650 2542.6
1345660 2546.9
1345670 2551.6
1345680 2551.6
1345690 2557.2
1345700 2564.0
1345710 2564.0
1345720 2570.9
1345730 2577.9
1345740 2584.9
1345750 2584.9
1345760 2592.5
1345770 2599.7
1345780 2599.7
1345790 2604.5
1345800 2607.1
1345810 2607.1
1345820 2609.0
1345830 2610.7
1345840 2610.7
1345850 2611.1
1345860 2612.8
1345870 2612.8
1345880 2615.8
1345890 2620.0
1345900 2620.0
1345910 2624.4
1345920 2629.2
1345930 2629.2
1345940 2633.8
1345950 2637.7
1345960 2637.7
1345970 2641.5
1345980 2644.2
1345990 2647.5
1346000 2647.5
1346010 2650.8
1346020 2655.4
1346030 2655.4
1346040 2660.2
1346050 2666.4
1346060 2666.4
1346070 2672.5
1346080 2680.9
1346090 2680.9
1346100 2685.3
1346110 2690.1
1346120 2690.1
1346130 2697.8
1346140 2711.6
1346150 2711.6
1346160 2727.7
1346170 2739.0
1346180 2739.0
1346190 2752.9
1346200 2764.6
1346210 2777.2
1346220 2777.2
1346230 2788.3
1346240 2796.2
1346250 2796.2
1346260 2789.6
1346270 2775.8
1346280 2775.8
1346290 2765.2
1346300 2757.8
1346310 2757.8
1346320 2751.5
1346330 2745.9
1346340 2745.9
1346350 2739.8
1346360 2734.0
1346370 2734.0
1346380 2728.3
1346390 2723.2
1346400 2723.2
1346410 2717.9
1346420 2712.7
1346430 2712.7
1346440 2707.4
1346450 2702.6
1346460 2697.9
1346470 2697.9
1346480 2692.4
1346490 2686.2
1346500 2686.2
1346510 2681.7
1346520 2676.9
1346530 2676.9
1346540 2672.3
1346550 2666.9
1346560 2666.9
1346570 2661.8
1346580 2656.2
1346590 2656.2
1346600 2651.1
1346610 2645.6
1346620 2645.6
1346630 2639.0
1346640 2632.5
1346650 2632.5
1346660 2626.6
1346670 2621.1
1346680 2618.0
1346690 2618.0
1346700 2617.5
1346710 2614.9
1346720 2614.9
1346730 2610.7
1346740 2606.1
1346750 2606.1
1346760 2603.6
1346770 2599.9
1346780 2599.9
1346790 2596.3
1346800 2592.8
1346810 2592.8
1346820 2588.9
1346830 2585.5
1346840 2585.5
1346850 2582.7
1346860 2577.2
1346870 2577.2
1346880 2566.8
1346890 2560.4
1346900 2553.2
1346910 2553.2
1346920 2546.6
1346930 2540.7
1346940 2540.7
1346950 2536.1
1346960 2532.3
1346970 2532.3
1346980 2526.9
1346990 2520.9
1347000 2520.9
1347010 2518.3
1347020 2519.0
1347030 2519.0
1347040 2516.5
1347050 2510.5
1347060 2510.5
1347070 2505.5
1347080 2500.4
1347090 2500.4
1347100 2495.6
1347110 2492.1
1347120 2492.1
1347130 2489.7
1347140 2488.2
1347150 2487.1
1347160 2487.1
1347170 2485.8
1347180 2483.6
1347190 2483.6
1347200 2480.5
1347210 2477.4
1347220 2477.4
1347230 2472.7
1347240 2468.6
1347250 2468.6
1347260 2465.9
1347270 2462.7
1347280 2462.7
1347290 2459.5
1347300 2456.9
1347310 2456.9
1347320 2457.6
1347330 2460.6
1347340 2460.6
1347350 2463.1
1347360 2466.0
1347370 2466.5
1347380 2466.5
1347390 2460.8
1347400 2453.6
1347410 2453.6
1347420 2446.9
1347430 2440.6
1347440 2440.6
1347450 2434.8
1347460 2428.6
1347470 2428.6
1347480 2422.6
1347490 2418.7
1347500 2418.7
1347510 2416.5
1347520 2415.3
1347530 2415.3
1347540 2414.8
1347550 2416.2
1347560 2416.2
1347570 2418.0
1347580 2416.7
1347590 2416.7
1347600 2411.0
1347610 2404.5
1347620 2398.5
1347630 2398.5
1347640 2394.4
1347650 2392.1
1347660 2392.1
1347670 2388.7
1347680 2386.0
1347690 2386.0
1347700 2385.9
1347710 2380.6
1347720 2380.6
1347730 2374.5
1347740 2370.0
1347750 2370.0
1347760 2366.7
1347770 2364.4
1347780 2364.4
1347790 2362.7
1347800 2360.2
1347810 2362.3
1347820 2360.0
1347830 2358.6
1347840 2359.5
1347850 2359.5
1347860 2357.8
1347870 2353.9
1347880 2353.9
1347890 2349.4
1347900 2345.8
1347910 2345.8
1347920 2342.2
1347930 2338.6
1347940 2338.6
1347950 2335.5
1347960 2333.7
1347970 2333.7
1347980 2333.4
1347990 2334.2
1348000 2334.2
1348010 2336.4
1348020 2338.3
1348030 2338.3
1348040 2341.3
1348050 2344.4
1348060 2344.4
1348070 2348.0
1348080 2347.0
1348090 2340.3
1348100 2340.3
1348110 2333.1
1348120 2326.3
1348130 2326.3
1348140 2319.6
1348150 2312.8
1348160 2312.8
1348170 2306.5
1348180 2299.9
1348190 2299.9
1348200 2293.4
1348210 2287.5
1348220 2287.5
1348230 2281.7
1348240 2276.1
1348250 2276.1
1348260 2270.4
1348270 2265.8
1348280 2265.8
1348290 2262.5
1348300 2260.0
1348310 2257.7
1348320 2257.7
1348330 2254.6
1348340 2251.5
1348350 2251.5
1348360 2248.3
1348370 2244.2
1348380 2244.2
1348390 2239.8
1348400 2235.6
1348410 2235.6
1348420 2231.4
1348430 2227.3
1348440 2227.3
1348450 2223.7
1348460 2220.6
1348470 2220.6
1348480 2217.4
1348490 2215.2
1348500 2215.2
1348510 2213.7
1348520 2212.7
1348530 2212.7
1348540 2214.0
1348550 2215.2
1348560 2216.3
1348570 2216.3
1348580 2216.5
1348590 2216.4
1348600 2216.4
1348610 2218.1
1348620 2221.2
1348630 2221.2
1348640 2225.5
1348650 2229.5
1348660 2229.5
1348670 2233.6
1348680 2238.2
1348690 2238.2
1348700 2243.6
1348710 2249.3
1348720 2249.3
1348730 2254.9
1348740 2260.6
1348750 2265.1
1348760 2271.8
1348770 2279.4
1348780 2288.4
1348790 2288.4
1348800 2296.8
1348810 2294.5
1348820 2294.5
1348830 2287.8
1348840 2281.7
1348850 2281.7
1348860 2276.5
1348870 2272.4
1348880 2272.4
1348890 2272.7
1348900 2277.1
1348910 2277.1
1348920 2281.6
1348930 2285.7
1348940 2285.7
1348950 2289.7
1348960 2292.9
1348970 2292.9
1348980 2295.0
1348990 2297.7
1349000 2297.7
1349010 2302.0
1349020 2306.0
1349030 2310.3
1349040 2310.3
1349050 2314.0
1349060 2317.3
1349070 2317.3
1349080 2319.4
1349090 2321.9
1349100 2321.9
1349110 2322.9
1349120 2323.1
1349130 2323.1
1349140 2322.7
1349150 2321.3
1349160 2321.3
1349170 2320.8
1349180 2321.2
1349190 2321.2
1349200 2322.7
1349210 2329.3
1349220 2329.3
1349230 2335.8
1349240 2340.6
1349250 2343.7
1349260 2343.7
1349270 2345.4
1349280 2350.2
1349290 2350.2
1349300 2354.1
1349310 2356.4
1349320 2356.4
1349330 2360.1
1349340 2362.6
1349350 2362.6
1349360 2363.2
1349370 2361.4
1349380 2361.4
1349390 2361.3
1349400 2360.7
1349410 2360.7
1349420 2357.8
1349430 2354.0
1349440 2354.0
1349450 2349.5
1349460 2344.4
1349470 2344.4
1349480 2339.1
1349490 2333.3
1349500 2326.6
1349510 2326.6
1349520 2322.5
1349530 2320.4
1349540 2320.4
1349550 2320.0
1349560 2320.1
1349570 2320.1
1349580 2320.2
1349590 2320.3
1349600 2320.3
1349610 2320.3
1349620 2320.3
1349630 2320.3
1349640 2320.3
1349650 2320.3
1349660 2320.3
1349670 2320.3
1349680 2320.3
1349690 2320.3
1349700 2320.3
1349710 2320.3
1349720 2320.3
1349730 2320.3
1349740 2320.3
1349750 2320.3
1349760 2320.3
1349770 2320.1
1349780 2320.2
1349790 2320.2
1349800 2320.6
1349810 2320.9
1349820 2320.9
1349830 2321.3
1349840 2322.4
1349850 2322.4
1349860 2323.6
1349870 2324.0
1349880 2324.0
1349890 2323.0
1349900 2324.8
1349910 2324.8
1349920 2327.3
1349930 2328.7
1349940 2328.7
1349950 2332.3
1349960 2336.3
1349970 2342.2
1349980 2342.2
1349990 2349.8
1350000 2355.5
1350010 2355.5
1350020 2361.2
1350030 2368.3
1350040 2368.3
1350050 2378.0
1350060 2389.7
1350070 2389.7
1350080 2398.8
1350090 2406.5
1350100 2406.5
1350110 2413.2
1350120 2420.8
1350130 2420.8
1350140 2427.4
1350150 2430.6
1350160 2430.6
1350170 2432.8
1350180 2434.7
1350190 2437.7
1350200 2437.7
1350210 2441.8
1350220 2449.3
1350230 2449.3
1350240 2455.5
1350250 2457.8
1350260 2457.8
1350270 2459.2
1350280 2459.0
1350290 2459.0
1350300 2458.0
1350310 2458.2
1350320 2458.2
1350330 2458.7
1350340 2458.6
1350350 2458.6
1350360 2459.8
1350370 2461.3
1350380 2461.3
1350390 2462.1
1350400 2462.7
1350410 2462.7
1350420 2463.5
1350430 2465.1
1350440 2466.4
1350450 2466.4
1350460 2467.2
1350470 2467.4
1350480 2467.4
1350490 2468.6
1350500 2469.4
1350510 2469.4
1350520 2469.6
1350530 2470.4
1350540 2470.4
1350550 2472.0
1350560 2473.0
1350570 2473.0
1350580 2472.4
1350590 2470.9
1350600 2470.9
1350610 2469.7
1350620 2468.9
1350630 2468.6
1350640 2468.8
1350650 2469.0
1350660 2469.0
1350670 2469.0
1350680 2469.0
1350690 2468.9
1350700 2468.9
1350710 2469.2
1350720 2470.2
1350730 2470.2
1350740 2472.4
1350750 2476.3
1350760 2476.3
1350770 2480.3
1350780 2484.6
1350790 2484.6
1350800 2490.3
1350810 2497.3
1350820 2497.3
1350830 2505.7
1350840 2513.7
1350850 2513.7
1350860 2523.1
1350870 2533.4
1350880 2533.4
1350890 2543.6
1350900 2553.0
1350910 2561.2
1350920 2561.2
1350930 2568.3
1350940 2573.6
1350950 2573.6
1350960 2579.2
1350970 2579.8
1350980 2579.8
1350990 2579.4
1351000 2580.0
1351010 2580.0
1351020 2581.4
1351030 2584.8
1351040 2584.8
1351050 2587.8
1351060 2590.4
1351070 2590.4
1351080 2593.1
1351090 2595.9
1351100 2595.9
1351110 2597.9
1351120 2599.6
1351130 2603.1
1351140 2603.1
1351150 2608.3
1351160 2612.1
1351170 2612.1
1351180 2616.9
1351190 2622.3
1351200 2622.3
1351210 2627.9
1351220 2634.1
1351230 2634.1
1351240 2639.9
1351250 2646.3
1351260 2646.3
1351270 2652.7
1351280 2659.3
1351290 2659.3
1351300 2666.7
1351310 2673.5
1351320 2673.5
1351330 2680.2
1351340 2689.2
1351350 2689.2
1351360 2703.4
1351370 2717.6
1351380 2728.0
1351390 2728.0
1351400 2736.4
1351410 2744.6
1351420 2744.6
1351430 2753.5
1351440 2761.4
1351450 2761.4
1351460 2769.6
1351470 2777.1
1351480 2777.1
1351490 2766.0
1351500 2747.9
1351510 2747.9
1351520 2731.0
1351530 2714.7
1351540 2714.7
1351550 2689.9
1351560 2673.5
1351570 2673.5
1351580 2662.8
1351590 2658.4
1351600 2654.0
1351610 2654.0
1351620 2649.3
1351630 2644.3
1351640 2644.3
1351650 2639.7
1351660 2636.0
1351670 2636.0
1351680 2631.9
1351690 2627.6
1351700 2627.6
1351710 2625.6
1351720 2625.8
1351730 2625.8
1351740 2624.9
1351750 2624.2
1351760 2624.2
1351770 2623.5
1351780 2622.1
1351790 2622.1
1351800 2621.6
1351810 2621.2
1351820 2621.2
1351830 2621.5
1351840 2622.8
1351850 2622.8
1351860 2622.8
1351870 2625.1
1351880 2628.8
1351890 2628.8
1351900 2632.0
1351910 2635.8
1351920 2635.8
1351930 2639.8
1351940 2644.1
1351950 2644.1
1351960 2648.7
1351970 2652.6
1351980 2652.6
1351990 2655.3
1352000 2657.0
1352010 2657.0
1352020 2658.0
1352030 2661.4
1352040 2661.4
1352050 2672.3
1352060 2680.6
1352070 2689.0
1352080 2689.0
1352090 2702.2
1352100 2713.7
1352110 2713.7
1352120 2720.1
1352130 2727.3
1352140 2727.3
1352150 2732.5
1352160 2738.4
1352170 2738.4
1352180 2744.0
1352190 2748.5
1352200 2748.5
1352210 2752.4
1352220 2758.7
1352230 2758.7
1352240 2766.6
1352250 2772.0
1352260 2772.0
1352270 2771.0
1352280 2773.9
1352290 2773.9
1352300 2778.9
1352310 2785.3
1352320 2788.6
1352330 2788.6
1352340 2789.2
1352350 2789.7
1352360 2789.7
1352370 2789.9
1352380 2793.5
1352390 2793.5
1352400 2801.2
1352410 2809.1
1352420 2809.1
1352430 2817.0
1352440 2819.8
1352450 2819.8
1352460 2820.8
1352470 2821.5
1352480 2821.5
1352490 2822.0
1352500 2824.3
1352510 2824.3
1352520 2829.6
1352530 2835.1
1352540 2833.1
1352550 2833.1
1352560 2834.9
1352570 2835.2
1352580 2835.2
1352590 2835.0
1352600 2834.9
1352610 2834.9
1352620 2835.9
1352630 2839.7
1352640 2839.7
1352650 2845.6
1352660 2853.7
1352670 2853.7
1352680 2863.6
1352690 2869.3
1352700 2869.3
1352710 2870.8
1352720 2872.1
1352730 2872.1
1352740 2871.3
1352750 2873.1
1352760 2873.1
1352770 2877.4
1352780 2878.6
1352790 2880.2
1352800 2880.2
1352810 2885.1
1352820 2891.8
1352830 2891.8
1352840 2896.6
1352850 2901.5
1352860 2901.5
1352870 2907.1
1352880 2912.8
1352890 2912.8
1352900 2919.2
1352910 2927.8
1352920 2927.8
1352930 2935.6
1352940 2943.1
1352950 2943.1
1352960 2939.3
1352970 2927.2
1352980 2927.2
1352990 2914.8
1353000 2904.1
1353010 2893.8
1353020 2893.8
1353030 2882.5
1353040 2872.0
1353050 2872.0
1353060 2863.5
1353070 2855.5
1353080 2855.5
1353090 2850.7
1353100 2845.7
1353110 2845.7
1353120 2835.4
1353130 2824.1
1353140 2824.1
1353150 2811.5
1353160 2799.0
1353170 2799.0
1353180 2787.3
1353190 2774.3
1353200 2774.3
1353210 2751.2
1353220 2721.4
1353230 2702.7
1353240 2702.7
1353250 2696.2
1353260 2684.8
1353270 2684.8
1353280 2679.0
1353290 2673.9
1353300 2673.9
1353310 2668.4
1353320 2663.3
1353330 2663.3
1353340 2659.0
1353350 2655.5
1353360 2655.5
1353370 2651.9
1353380 2648.7
1353390 2648.7
1353400 2645.8
1353410 2643.2
1353420 2643.2
1353430 2640.9
1353440 2639.2
1353450 2639.2
1353460 2637.6
1353470 2633.8
1353480 2626.7
1353490 2626.7
1353500 2618.7
1353510 2612.7
1353520 2612.7
1353530 2605.4
1353540 2598.4
1353550 2598.4
1353560 2591.3
1353570 2584.2
1353580 2584.2
1353590 2577.2
1353600 2570.2
1353610 2570.2
1353620 2563.0
1353630 2555.8
1353640 2555.8
1353650 2549.0
1353660 2542.3
1353670 2542.3
1353680 2535.6
1353690 2529.0
1353700 2522.8
1353710 2522.8
1353720 2516.5
1353730 2509.9
1353740 2509.9
1353750 2503.6
1353760 2498.4
1353770 2498.4
1353780 2492.9
1353790 2487.9
1353800 2487.9
1353810 2484.3
1353820 2480.7
1353830 2480.7
1353840 2476.9
1353850 2472.4
1353860 2472.4
1353870 2467.6
1353880 2462.9
1353890 2462.9
1353900 2459.5
1353910 2453.6
1353920 2453.6
1353930 2446.2
1353940 2440.4
1353950 2435.0
1353960 2435.0
1353970 2430.2
1353980 2424.6
1353990 2424.6
1354000 2419.0
1354010 2411.3
1354020 2411.3
1354030 2403.7
1354040 2396.8
1354050 2396.8
1354060 2388.7
1354070 2380.6
1354080 2380.6
1354090 2371.2
1354100 2363.4
1354110 2363.4
1354120 2357.8
1354130 2353.0
1354140 2353.0
1354150 2349.2
1354160 2345.9
1354170 2342.1
1354180 2342.1
1354190 2338.7
1354200 2335.1
1354210 2335.1
1354220 2331.8
1354230 2328.7
1354240 2328.7
1354250 2325.6
1354260 2322.4
1354270 2322.4
1354280 2319.6
1354290 2317.9
1354300 2317.9
1354310 2317.1
1354320 2316.7
1354330 2316.7
1354340 2312.9
1354350 2303.8
1354360 2303.8
1354370 2295.3
1354380 2287.5
1354390 2287.5
1354400 2281.2
1354410 2287.0
1354420 2287.4
1354430 2287.4
1354440 2280.6
1354450 2272.1
1354460 2272.1
1354470 2251.1
1354480 2254.6
1354490 2254.6
1354500 2247.9
1354510 2236.2
1354520 2236.2
1354530 2224.2
1354540 2215.8
1354550 2215.8
1354560 2205.3
1354570 2191.4
1354580 2191.4
1354590 2181.7
1354600 2174.8
1354610 2174.8
1354620 2168.7
1354630 2162.9
1354640 2159.2
1354650 2159.2
1354660 2156.6
1354670 2153.4
1354680 2153.4
1354690 2149.7
1354700 2147.9
1354710 2147.9
1354720 2147.2
1354730 2145.3
1354740 2145.3
1354750 2144.2
1354760 2143.7
1354770 2143.7
1354780 2143.4
1354790 2143.0
1354800 2143.0
1354810 2142.6
1354820 2142.2
1354830 2142.2
1354840 2142.0
1354850 2143.0
1354860 2143.0
1354870 2148.2
1354880 2156.2
1354890 2166.8
1354900 2166.8
1354910 2175.2
1354920 2180.8
1354930 2180.8
1354940 2185.4
1354950 2189.0
1354960 2189.0
1354970 2193.5
1354980 2197.1
1354990 2197.1
1355000 2200.6
1355010 2203.4
1355020 2203.4
1355030 2204.0
1355040 2202.7
1355050 2202.7
1355060 2202.6
1355070 2204.3
1355080 2204.3
1355090 2204.2
1355100 2202.7
1355110 2202.8
1355120 2202.8
1355130 2202.1
1355140 2201.1
1355150 2201.1
1355160 2199.4
1355170 2196.4
1355180 2196.4
1355190 2193.4
1355200 2191.0
1355210 2191.0
1355220 2190.4
1355230 2188.5
1355240 2188.5
1355250 2185.4
1355260 2182.6
1355270 2182.6
1355280 2179.3
1355290 2176.6
1355300 2176.6
1355310 2173.7
1355320 2171.2
1355330 2171.2
1355340 2168.5
1355350 2166.1
1355360 2164.1
1355370 2164.1
1355380 2163.8
1355390 2163.7
1355400 2163.7
1355410 2161.4
1355420 2157.7
1355430 2157.7
1355440 2152.6
1355450 2146.3
1355460 2146.3
1355470 2134.0
1355480 2125.4
1355490 2125.4
1355500 2116.8
1355510 2108.4
1355520 2108.4
1355530 2101.2
1355540 2093.7
1355550 2093.7
1355560 2082.9
1355570 2072.4
1355580 2063.1
1355590 2063.1
1355600 2053.6
1355610 2044.9
1355620 2044.9
1355630 2035.5
1355640 2025.4
1355650 2025.4
1355660 2017.2
1355670 2008.5
1355680 2008.5
1355690 1998.5
1355700 1989.0
1355710 1989.0
1355720 1980.3
1355730 1971.1
1355740 1971.1
1355750 1961.3
1355760 1951.8
1355770 1951.8
1355780 1943.6
1355790 1936.3
1355800 1936.3
1355810 1929.2
1355820 1922.2
1355830 1915.5
1355840 1915.5
1355850 1909.6
1355860 1905.4
1355870 1905.4
1355880 1900.6
1355890 1894.5
1355900 1894.5
1355910 1891.7
1355920 1890.5
1355930 1890.5
1355940 1886.5
1355950 1882.4
1355960 1882.4
1355970 1875.4
1355980 1867.6
1355990 1867.6
1356000 1861.2
1356010 1856.7
1356020 1856.7
1356030 1853.3
1356040 1847.6
1356050 1839.0
1356060 1839.0
1356070 1830.9
1356080 1823.9
1356090 1823.9
1356100 1818.0
1356110 1811.7
1356120 1811.7
1356130 1805.8
1356140 1800.6
1356150 1800.6
1356160 1795.5
1356170 1789.9
1356180 1789.9
1356190 1784.1
1356200 1776.6
1356210 1776.6
1356220 1769.1
1356230 1766.2
1356240 1766.2
1356250 1765.2
1356260 1762.8
1356270 1762.8
1356280 1759.0
1356290 1755.7
1356300 1751.5
1356310 1751.5
1356320 1746.2
1356330 1739.5
1356340 1739.5
1356350 1733.4
1356360 1727.8
1356370 1727.8
1356380 1721.9
1356390 1716.3
1356400 1716.3
1356410 1710.2
1356420 1704.6
1356430 1704.6
1356440 1699.2
1356450 1693.9
1356460 1695.9
1356470 1690.3
1356480 1684.4
1356490 1684.4
1356500 1678.6
1356510 1675.0
1356520 1673.4
1356530 1673.4
1356540 1670.6
1356550 1667.6
1356560 1667.6
1356570 1665.2
1356580 1662.3
1356590 1662.3
1356600 1659.3
1356610 1655.0
1356620 1655.0
1356630 1649.4
1356640 1644.1
1356650 1644.1
1356660 1636.9
1356670 1628.1
1356680 1628.1
1356690 1620.5
1356700 1614.8
1356710 1614.8
1356720 1608.5
1356730 1602.7
1356740 1602.7
1356750 1598.4
1356760 1596.8
1356770 1596.1
1356780 1596.1
1356790 1594.0
1356800 1592.1
1356810 1592.1
1356820 1591.2
1356830 1590.7
1356840 1590.7
1356850 1590.3
1356860 1590.8
1356870 1590.8
1356880 1591.0
1356890 1590.5
1356900 1590.5
1356910 1590.5
1356920 1590.5
1356930 1590.5
1356940 1590.6
1356950 1590.6
1356960 1590.6
1356970 1590.5
1356980 1590.8
1356990 1591.1
1357000 1591.1
1357010 1591.7
1357020 1592.5
1357030 1592.5
1357040 1593.7
1357050 1595.1
1357060 1595.1
1357070 1596.6
1357080 1598.0
1357090 1598.0
1357100 1599.5
1357110 1601.0
1357120 1601.0
1357130 1602.8
1357140 1604.4
1357150 1604.4
1357160 1606.1
1357170 1608.0
1357180 1608.0
1357190 1610.0
1357200 1611.8
1357210 1611.8
1357220 1613.8
1357230 1615.8
1357240 1618.1
1357250 1618.1
1357260 1619.9
1357270 1622.0
1357280 1622.0
1357290 1623.6
1357300 1626.1
1357310 1626.1
1357320 1630.0
1357330 1633.9
1357340 1633.9
1357350 1636.9
1357360 1638.9
1357370 1638.9
1357380 1644.3
1357390 1653.7
1357400 1653.7
1357410 1660.8
1357420 1667.2
1357430 1667.2
1357440 1673.2
1357450 1674.4
1357460 1680.6
1357470 1680.6
1357480 1686.8
1357490 1692.2
1357500 1692.2
1357510 1698.8
1357520 1707.7
1357530 1707.7
1357540 1715.9
1357550 1724.7
1357560 1724.7
1357570 1732.2
1357580 1739.5
1357590 1739.5
1357600 1744.1
1357610 1744.5
1357620 1744.5
1357630 1748.7
1357640 1753.5
1357650 1753.5
1357660 1758.5
1357670 1765.3
1357680 1765.3
1357690 1772.0
1357700 1779.7
1357710 1785.8
1357720 1785.8
1357730 1792.1
1357740 1797.9
1357750 1797.9
1357760 1802.6
1357770 1804.9
1357780 1804.9
1357790 1808.3
1357800 1812.9
1357810 1812.9
1357820 1816.0
1357830 1817.7
1357840 1817.7
1357850 1827.5
1357860 1840.5
1357870 1840.5
1357880 1849.2
1357890 1858.6
1357900 1858.6
1357910 1869.9
1357920 1881.5
1357930 1890.8
1357940 1890.8
1357950 1899.5
1357960 1907.4
1357970 1907.4
1357980 1914.3
1357990 1919.8
1358000 1919.8
1358010 1926.6
1358020 1934.8
1358030 1934.8
1358040 1943.5
1358050 1952.9
1358060 1952.9
1358070 1962.4
1358080 1971.4
1358090 1971.4
1358100 1982.0
1358110 1992.1
1358120 1992.1
1358130 1999.4
1358140 2005.3
1358150 2005.3
1358160 2011.7
1358170 2018.6
1358180 2025.4
1358190 2025.4
1358200 2031.9
1358210 2038.5
1358220 2038.5
1358230 2045.0
1358240 2052.1
1358250 2052.1
1358260 2058.6
1358270 2063.9
1358280 2063.9
1358290 2068.1
1358300 2072.4
1358310 2072.4
1358320 2077.5
1358330 2083.6
1358340 2083.6
1358350 2090.8
1358360 2098.0
1358370 2098.0
1358380 2104.7
1358390 2110.7
1358400 2115.8
1358410 2115.8
1358420 2120.0
1358430 2124.4
1358440 2124.4
1358450 2129.2
1358460 2133.2
1358470 2133.2
1358480 2135.3
1358490 2139.9
1358500 2139.9
1358510 2145.5
1358520 2149.8
1358530 2149.8
1358540 2153.6
1358550 2160.5
1358560 2160.5
1358570 2167.5
1358580 2174.3
1358590 2174.3
1358600 2181.5
1358610 2188.1
1358620 2188.1
1358630 2194.5
1358640 2200.8
1358650 2206.6
1358660 2206.6
1358670 2212.3
1358680 2217.8
1358690 2217.8
1358700 2223.2
1358710 2229.0
1358720 2229.0
1358730 2234.4
1358740 2240.0
1358750 2240.0
1358760 2245.8
1358770 2251.8
1358780 2251.8
1358790 2259.1
1358800 2266.7
1358810 2266.7
1358820 2275.0
1358830 2282.7
1358840 2282.7
1358850 2290.0
1358860 2296.6
1358870 2302.9
1358880 2302.9
1358890 2309.3
1358900 2316.6
1358910 2316.6
1358920 2324.5
1358930 2332.4
1358940 2332.4
1358950 2340.7
1358960 2349.1
1358970 2349.1
1358980 2355.6
1358990 2361.6
1359000 2361.6
1359010 2368.8
1359020 2376.9
1359030 2376.9
1359040 2385.6
1359050 2394.3
1359060 2394.3
1359070 2403.9
1359080 2414.7
1359090 2426.7
1359100 2426.7
1359110 2439.5
1359120 2450.8
1359130 2450.8
1359140 2459.6
1359150 2466.9
1359160 2466.9
1359170 2473.2
1359180 2479.6
1359190 2479.6
1359200 2486.7
1359210 2491.9
1359220 2491.9
1359230 2496.2
1359240 2501.3
1359250 2501.3
1359260 2506.3
1359270 2510.7
1359280 2510.7
1359290 2515.3
1359300 2520.3
1359310 2520.3
1359320 2525.3
1359330 2529.7
1359340 2534.9
1359350 2534.9
1359360 2542.0
1359370 2551.0
1359380 2551.0
1359390 2556.4
1359400 2560.0
1359410 2560.0
1359420 2565.8
1359430 2571.8
1359440 2571.8
1359450 2571.3
1359460 2558.6
1359470 2534.0
1359480 2537.5
1359490 2541.7
1359500 2541.7
1359510 2543.6
1359520 2546.5
1359530 2546.5
1359540 2555.9
1359550 2555.3
1359560 2555.7
1359570 2555.7
1359580 2557.3
1359590 2559.8
1359600 2559.8
1359610 2561.1
1359620 2562.7
1359630 2562.7
1359640 2565.8
1359650 2568.1
1359660 2568.1
1359670 2569.4
1359680 2571.3
1359690 2571.3
1359700 2574.6
1359710 2578.0
1359720 2578.0
1359730 2582.0
1359740 2586.2
1359750 2586.2
1359760 2589.9
1359770 2593.4
1359780 2593.4
1359790 2597.7
1359800 2601.2
1359810 2605.6
1359820 2605.6
1359830 2610.4
1359840 2613.8
1359850 2613.8
1359860 2619.8
1359870 2624.3
1359880 2624.3
1359890 2629.0
1359900 2636.0
1359910 2636.0
1359920 2646.7
1359930 2656.2
1359940 2656.2
1359950 2663.7
1359960 2674.0
1359970 2674.0
1359980 2686.2
1359990 2695.3
