1340000 1941.2
1340010 1956.9
1340020 1974.0
1340030 1987.3
1340040 1987.3
1340050 1997.8
1340060 2007.0
1340070 2007.0
1340080 2015.0
1340090 2022.0
1340100 2022.0
1340110 2028.0
1340120 2034.4
1340130 2034.4
1340140 2040.0
1340150 2045.2
1340160 2045.2
1340170 2050.7
1340180 2056.0
1340190 2056.0
1340200 2061.0
1340210 2065.5
1340220 2065.5
1340230 2070.1
1340240 2077.0
1340250 2077.0
1340260 2084.6
1340270 2092.8
1340280 2101.6
1340290 2101.6
1340300 2109.2
1340310 2117.0
1340320 2117.0
1340330 2124.7
1340340 2132.2
1340350 2132.2
1340360 2141.5
1340370 2150.4
1340380 2150.4
1340390 2156.9
1340400 2161.6
1340410 2161.6
1340420 2167.7
1340430 2175.5
1340440 2175.5
1340450 2183.6
1340460 2192.8
1340470 2192.8
1340480 2201.1
1340490 2208.5
1340500 2216.4
1340510 2216.4
1340520 2224.5
1340530 2231.8
1340540 2231.8
1340550 2239.4
1340560 2247.6
1340570 2247.6
1340580 2255.5
1340590 2263.2
1340600 2263.2
1340610 2271.0
1340620 2279.6
1340630 2279.6
1340640 2287.5
1340650 2295.2
1340660 2295.2
1340670 2302.9
1340680 2310.2
1340690 2310.2
1340700 2317.5
1340710 2327.3
1340720 2327.3
1340730 2335.1
1340740 2343.3
1340750 2351.4
1340760 2351.4
1340770 2359.3
1340780 2367.4
1340790 2367.4
1340800 2377.3
1340810 2389.1
1340820 2389.1
1340830 2398.4
1340840 2404.5
1340850 2404.5
1340860 2410.7
1340870 2417.6
1340880 2417.6
1340890 2425.4
1340900 2434.2
1340910 2434.2
1340920 2442.6
1340930 2450.3
1340940 2450.3
1340950 2458.2
1340960 2468.5
1340970 2477.4
1340980 2477.4
1340990 2485.5
1341000 2492.7
1341010 2492.7
1341020 2500.4
1341030 2508.0
1341040 2508.0
1341050 2515.2
1341060 2523.1
1341070 2523.1
1341080 2531.0
1341090 2538.8
1341100 2538.8
1341110 2546.6
1341120 2554.4
1341130 2554.4
1341140 2562.4
1341150 2571.2
1341160 2571.2
1341170 2580.3
1341180 2588.7
1341190 2588.7
1341200 2598.4
1341210 2608.7
1341220 2620.3
1341230 2620.3
1341240 2631.1
1341250 2639.8
1341260 2639.8
1341270 2651.8
1341280 2661.7
1341290 2661.7
1341300 2670.1
1341310 2679.5
1341320 2679.5
1341330 2688.9
1341340 2698.4
1341350 2698.4
1341360 2707.9
1341370 2719.5
1341380 2719.5
1341390 2730.5
1341400 2740.2
1341410 2740.2
1341420 2743.4
1341430 2731.1
1341440 2718.8
1341450 2718.8
1341460 2707.1
1341470 2689.1
1341480 2689.1
1341490 2677.4
1341500 2670.3
1341510 2670.3
1341520 2662.2
1341530 2651.1
1341540 2651.1
1341550 2641.6
1341560 2634.3
1341570 2634.3
1341580 2627.0
1341590 2620.5
1341600 2631.5
1341610 2627.9
1341620 2627.2
1341630 2627.2
1341640 2626.0
1341650 2624.6
1341660 2624.6
1341670 2623.7
1341680 2626.2
1341690 2629.2
1341700 2629.2
1341710 2631.4
1341720 2636.8
1341730 2636.8
1341740 2644.9
1341750 2645.1
1341760 2645.1
1341770 2637.6
1341780 2626.0
1341790 2626.0
1341800 2614.8
1341810 2601.6
1341820 2601.6
1341830 2588.6
1341840 2575.6
1341850 2575.6
1341860 2563.5
1341870 2552.0
1341880 2552.0
1341890 2541.5
1341900 2530.8
1341910 2522.0
1341920 2522.0
1341930 2514.0
1341940 2503.0
1341950 2503.0
1341960 2487.4
1341970 2475.6
1341980 2475.6
1341990 2466.3
1342000 2459.2
1342010 2459.2
1342020 2452.3
1342030 2446.4
1342040 2446.4
1342050 2438.5
1342060 2428.4
1342070 2428.4
1342080 2420.7
1342090 2414.0
1342100 2414.0
1342110 2408.1
1342120 2402.5
1342130 2402.5
1342140 2397.1
1342150 2391.8
1342160 2386.4
1342170 2386.4
1342180 2381.2
1342190 2376.2
1342200 2376.2
1342210 2372.1
1342220 2368.7
1342230 2368.7
1342240 2363.6
1342250 2357.0
1342260 2357.0
1342270 2350.0
1342280 2343.0
1342290 2343.0
1342300 2334.6
1342310 2327.2
1342320 2327.2
1342330 2320.9
1342340 2314.5
1342350 2314.5
1342360 2308.7
1342370 2304.3
1342380 2300.6
1342390 2300.6
1342400 2297.7
1342410 2295.0
1342420 2295.0
1342430 2292.1
1342440 2288.5
1342450 2288.5
1342460 2284.9
1342470 2281.7
1342480 2281.7
1342490 2280.1
1342500 2276.1
1342510 2276.1
1342520 2272.0
1342530 2267.2
1342540 2267.2
1342550 2263.0
1342560 2259.3
1342570 2259.3
1342580 2255.5
1342590 2252.1
1342600 2252.1
1342610 2249.7
1342620 2247.8
1342630 2245.1
1342640 2245.1
1342650 2241.6
1342660 2238.1
1342670 2238.1
1342680 2235.1
1342690 2231.7
1342700 2231.7
1342710 2227.4
1342720 2223.7
1342730 2223.7
1342740 2222.1
1342750 2220.0
1342760 2220.0
1342770 2216.6
1342780 2212.7
1342790 2212.7
1342800 2208.2
1342810 2203.1
1342820 2203.1
1342830 2200.3
1342840 2198.6
1342850 2196.3
1342860 2196.3
1342870 2193.4
1342880 2189.6
1342890 2189.6
1342900 2185.7
1342910 2181.6
1342920 2181.6
1342930 2177.3
1342940 2174.2
1342950 2174.2
1342960 2171.6
1342970 2168.1
1342980 2168.1
1342990 2164.0
1343000 2159.6
1343010 2159.6
1343020 2156.4
1343030 2153.8
1343040 2153.8
1343050 2150.1
1343060 2143.7
1343070 2143.7
1343080 2137.1
1343090 2131.2
1343100 2126.3
1343110 2126.3
1343120 2121.7
1343130 2115.3
1343140 2115.3
1343150 2106.8
1343160 2100.2
1343170 2100.2
1343180 2095.9
1343190 2093.2
1343200 2093.2
1343210 2091.4
1343220 2090.1
1343230 2090.1
1343240 2091.4
1343250 2093.9
1343260 2093.9
1343270 2093.5
1343280 2090.0
1343290 2090.0
1343300 2085.3
1343310 2079.8
1343320 2079.8
1343330 2073.8
1343340 2066.9
1343350 2060.4
1343360 2060.4
1343370 2054.1
1343380 2048.5
1343390 2048.5
1343400 2038.6
1343410 2029.3
1343420 2029.3
1343430 2018.6
1343440 2010.6
1343450 2010.6
1343460 2005.7
1343470 2000.2
1343480 2000.2
1343490 1992.8
1343500 1981.5
1343510 1981.5
1343520 1964.9
1343530 1954.2
1343540 1954.2
1343550 1946.0
1343560 1938.5
1343570 1929.0
1343580 1929.0
1343590 1922.0
1343600 1918.8
1343610 1918.8
1343620 1916.2
1343630 1915.1
1343640 1915.1
1343650 1915.5
1343660 1915.7
1343670 1915.7
1343680 1916.8
1343690 1918.1
1343700 1918.1
1343710 1917.9
1343720 1913.0
1343730 1913.0
1343740 1912.7
1343750 1915.5
1343760 1915.5
1343770 1919.4
1343780 1920.2
1343790 1920.2
1343800 1921.8
1343810 1922.5
1343820 1922.0
1343830 1922.0
1343840 1922.6
1343850 1927.5
1343860 1927.5
1343870 1934.4
1343880 1944.6
1343890 1944.6
1343900 1958.3
1343910 1969.8
1343920 1969.8
1343930 1993.8
1343940 2010.6
1343950 2010.6
1343960 2023.5
1343970 2035.7
1343980 2035.7
1343990 2045.2
1344000 2055.5
1344010 2055.5
1344020 2061.3
1344030 2070.7
1344040 2079.1
1344050 2079.1
1344060 2084.7
1344070 2089.9
1344080 2089.9
1344090 2093.7
1344100 2098.4
1344110 2098.4
1344120 2104.0
1344130 2109.8
1344140 2109.8
1344150 2116.2
1344160 2122.7
1344170 2122.7
1344180 2127.7
1344190 2132.9
1344200 2132.9
1344210 2138.5
1344220 2144.6
1344230 2144.6
1344240 2151.3
1344250 2158.3
1344260 2158.3
1344270 2166.7
1344280 2172.8
1344290 2176.6
1344300 2176.6
1344310 2180.8
1344320 2185.3
1344330 2185.3
1344340 2189.4
1344350 2192.9
1344360 2192.9
1344370 2196.2
1344380 2199.4
1344390 2199.4
1344400 2202.2
1344410 2205.4
1344420 2205.4
1344430 2208.2
1344440 2210.9
1344450 2210.9
1344460 2213.9
1344470 2217.3
1344480 2217.3
1344490 2220.1
1344500 2223.4
1344510 2227.4
1344520 2227.4
1344530 2231.2
1344540 2234.4
1344550 2234.4
1344560 2237.5
1344570 2241.1
1344580 2241.1
1344590 2244.7
1344600 2248.3
1344610 2248.3
1344620 2252.1
1344630 2255.8
1344640 2255.8
1344650 2259.2
1344660 2262.4
1344670 2262.4
1344680 2265.8
1344690 2269.8
1344700 2269.8
1344710 2274.3
1344720 2278.3
1344730 2278.3
1344740 2282.4
1344750 2286.5
1344760 2290.2
1344770 2290.2
1344780 2294.4
1344790 2299.1
1344800 2299.1
1344810 2303.7
1344820 2308.1
1344830 2308.1
1344840 2312.1
1344850 2316.0
1344860 2316.0
1344870 2319.9
1344880 2323.6
1344890 2323.6
1344900 2327.7
1344910 2333.3
1344920 2333.3
1344930 2338.8
1344940 2343.1
1344950 2343.1
1344960 2346.9
1344970 2350.1
1344980 2352.7
1344990 2352.7
1345000 2356.2
1345010 2360.1
1345020 2360.1
1345030 2363.8
1345040 2367.3
1345050 2367.3
1345060 2370.5
1345070 2373.7
1345080 2373.7
1345090 2377.0
1345100 2380.6
1345110 2380.6
1345120 2383.8
1345130 2386.7
1345140 2386.7
1345150 2390.2
1345160 2393.4
1345170 2393.4
1345180 2397.1
1345190 2398.1
1345200 2398.1
1345210 2401.3
1345220 2404.5
1345230 2408.0
1345240 2408.0
1345250 2411.8
1345260 2415.8
1345270 2415.8
1345280 2419.0
1345290 2422.8
1345300 2422.8
1345310 2427.3
1345320 2431.9
1345330 2431.9
1345340 2436.6
1345350 2441.0
1345360 2441.0
1345370 2445.3
1345380 2449.6
1345390 2449.6
1345400 2453.8
1345410 2458.7
1345420 2458.7
1345430 2463.5
1345440 2468.1
1345450 2473.0
1345460 2473.0
1345470 2477.9
1345480 2482.5
1345490 2482.5
1345500 2486.6
1345510 2490.2
1345520 2490.2
1345530 2495.9
1345540 2501.5
1345550 2501.5
1345560 2506.3
1345570 2510.8
1345580 2510.8
1345590 2515.2
1345600 2520.1
1345610 2520.1
1345620 2525.4
1345630 2531.1
1345640 2531.1
1345650 2537.1
1345660 2543.6
1345670 2543.6
1345680 2550.4
1345690 2557.2
1345700 2562.7
1345710 2562.7
1345720 2567.9
1345730 2573.6
1345740 2573.6
1345750 2582.5
1345760 2594.7
1345770 2594.7
1345880 2674.8
1345890 2674.8
1345900 2680.6
1345910 2690.1
1345920 2698.7
1345930 2698.7
1345940 2707.3
1345950 2716.5
1345960 2716.5
1345970 2725.8
1345980 2734.7
1345990 2734.7
1346000 2744.2
1346010 2755.4
1346020 2755.4
1346030 2766.6
1346040 2777.8
1346050 2777.8
1346060 2787.9
1346070 2795.8
1346080 2795.8
1346090 2802.8
1346100 2805.1
1346110 2793.4
1346120 2801.6
1346130 2811.7
1346140 2811.7
1346150 2822.4
1346160 2834.0
1346170 2846.9
1346180 2846.9
1346190 2861.7
1346200 2855.1
1346210 2855.1
1346220 2843.0
1346230 2830.9
1346240 2830.9
1346250 2819.0
1346260 2807.6
1346270 2807.6
1346280 2789.7
1346290 2775.9
1346300 2775.9
1346310 2768.1
1346320 2755.7
1346330 2755.7
1346340 2747.8
1346350 2741.3
1346360 2741.3
1346370 2735.3
1346380 2729.1
1346390 2722.1
1346400 2722.1
1346410 2715.3
1346420 2708.4
1346430 2708.4
1346440 2701.6
1346450 2694.5
1346460 2694.5
1346470 2686.5
1346480 2679.5
1346490 2679.5
1346500 2673.9
1346510 2668.7
1346520 2668.7
1346530 2663.9
1346540 2659.0
1346550 2659.0
1346560 2655.1
1346570 2651.7
1346580 2651.7
1346590 2647.6
1346600 2643.4
1346610 2643.4
1346620 2639.5
1346630 2635.8
1346640 2631.6
1346650 2631.6
1346660 2626.9
1346670 2622.6
1346680 2622.6
1346690 2618.8
1346700 2614.8
1346710 2614.8
1346720 2610.3
1346730 2606.0
1346740 2606.0
1346750 2601.8
1346760 2597.4
1346770 2597.4
1346780 2592.3
1346790 2587.7
1346800 2587.7
1346810 2584.8
1346820 2581.0
1346830 2581.0
1346840 2578.7
1346850 2576.3
1346860 2572.6
1346870 2572.6
1346880 2568.6
1346890 2564.3
1346900 2564.3
1346910 2560.9
1346920 2557.7
1346930 2557.7
1346940 2555.0
1346950 2553.2
1346960 2553.2
1346970 2550.9
1346980 2548.9
1346990 2548.9
1347000 2547.5
1347010 2546.9
1347020 2546.9
1347030 2554.3
1347040 2551.5
1347050 2551.5
1347060 2549.1
1347070 2547.2
1347080 2547.2
1347090 2545.6
1347100 2543.0
1347110 2538.3
1347120 2538.3
1347130 2527.9
1347140 2514.9
1347150 2514.9
1347160 2505.0
1347170 2490.3
1347180 2490.3
1347190 2474.6
1347200 2461.1
1347210 2461.1
1347220 2451.0
1347230 2444.7
1347240 2444.7
1347250 2438.1
1347260 2431.1
1347270 2431.1
1347280 2424.1
1347290 2417.7
1347300 2417.7
1347310 2411.9
1347320 2405.6
1347330 2399.7
1347340 2399.7
1347350 2393.5
1347360 2387.3
1347370 2387.3
1347380 2381.2
1347390 2375.9
1347400 2375.9
1347410 2373.0
1347420 2371.4
1347430 2371.4
1347440 2367.6
1347450 2362.7
1347460 2362.7
1347470 2356.9
1347480 2351.5
1347490 2351.5
1347500 2347.8
1347510 2345.5
1347520 2345.5
1347530 2342.5
1347540 2340.2
1347550 2340.2
1347560 2339.4
1347570 2337.1
1347580 2333.8
1347590 2333.8
1347600 2332.1
1347610 2331.2
1347620 2331.2
1347630 2331.1
1347640 2330.0
1347650 2330.0
1347660 2326.1
1347670 2320.6
1347680 2320.6
1347690 2315.5
1347700 2312.3
1347710 2312.3
1347720 2309.9
1347730 2307.0
1347740 2307.0
1347750 2305.1
1347760 2303.1
1347770 2303.1
1347780 2299.9
1347790 2296.9
1347800 2293.9
1347810 2293.9
1347820 2291.3
1347830 2288.2
1347840 2288.2
1347850 2285.1
1347860 2281.8
1347870 2281.8
1347880 2278.2
1347890 2274.6
1347900 2274.6
1347910 2270.9
1347920 2268.6
1347930 2268.6
1347940 2266.6
1347950 2264.4
1347960 2263.7
1347970 2261.1
1347980 2259.3
1347990 2259.3
1348000 2258.0
1348010 2256.4
1348020 2256.4
1348030 2254.8
1348040 2253.1
1348050 2251.5
1348060 2251.5
1348070 2249.8
1348080 2248.1
1348090 2248.1
1348100 2246.3
1348110 2245.3
1348120 2245.3
1348130 2244.9
1348140 2244.9
1348150 2244.9
1348160 2244.3
1348170 2243.7
1348180 2243.7
1348190 2243.2
1348200 2241.9
1348210 2241.9
1348220 2240.0
1348230 2237.9
1348240 2237.9
1348250 2235.4
1348260 2232.9
1348270 2230.5
1348280 2230.5
1348290 2227.8
1348300 2224.7
1348310 2224.7
1348320 2221.1
1348330 2217.3
1348340 2217.3
1348350 2213.2
1348360 2210.1
1348370 2210.1
1348380 2205.8
1348390 2200.2
1348400 2200.2
1348410 2194.1
1348420 2187.9
1348430 2187.9
1348440 2181.2
1348450 2174.3
1348460 2174.3
1348470 2167.9
1348480 2165.6
1348490 2165.6
1348500 2168.0
1348510 2166.6
1348520 2161.1
1348530 2161.1
1348540 2157.1
1348550 2151.4
1348560 2151.4
1348570 2146.0
1348580 2143.5
1348590 2143.5
1348600 2142.3
1348610 2139.8
1348620 2139.8
1348630 2136.6
1348640 2133.3
1348650 2133.3
1348660 2130.2
1348670 2128.2
1348680 2128.2
1348690 2125.5
1348700 2122.4
1348710 2122.4
1348720 2119.2
1348730 2116.0
1348740 2112.7
1348750 2112.7
1348760 2113.7
1348770 2115.9
1348780 2115.9
1348790 2115.4
1348800 2113.1
1348810 2113.1
1348820 2112.0
1348830 2112.1
1348840 2112.1
1348850 2112.2
1348860 2112.7
1348870 2112.7
1348880 2113.8
1348890 2121.2
1348900 2121.2
1348910 2123.3
1348920 2126.1
1348930 2126.1
1348940 2130.2
1348950 2133.0
1348960 2133.0
1348970 2138.7
1348980 2141.4
1348990 2140.8
1349000 2140.8
1349010 2135.9
1349020 2122.7
1349030 2122.7
1349040 2113.3
1349050 2121.3
1349060 2121.3
1349070 2117.6
1349080 2115.4
1349090 2115.4
1349100 2115.2
1349110 2115.8
1349120 2115.8
1349130 2118.3
1349140 2116.4
1349150 2116.4
1349160 2108.0
1349170 2106.7
1349180 2106.7
1349190 2108.7
1349200 2114.8
1349210 2120.9
1349220 2120.9
1349230 2125.8
1349240 2131.7
1349250 2131.7
1349260 2138.1
1349270 2143.0
1349280 2143.0
1349290 2151.9
1349300 2162.0
1349310 2162.0
1349320 2167.9
1349330 2175.1
1349340 2175.1
1349350 2180.0
1349360 2189.2
1349370 2189.2
1349380 2208.5
1349390 2232.5
1349400 2232.5
1349410 2240.6
1349420 2244.7
1349430 2244.7
1349440 2247.9
1349450 2251.1
1349460 2253.0
1349470 2253.0
1349480 2255.4
1349490 2257.7
1349500 2257.7
1349510 2259.7
1349520 2261.4
1349530 2261.4
1349540 2263.7
1349550 2266.4
1349560 2266.4
1349570 2268.9
1349580 2271.6
1349590 2271.6
1349600 2275.1
1349610 2278.4
1349620 2278.4
1349630 2282.0
1349640 2284.7
1349650 2284.7
1349660 2287.3
1349670 2289.9
1349680 2293.2
1349690 2293.2
1349700 2296.4
1349710 2299.6
1349720 2299.6
1349730 2303.3
1349740 2306.5
1349750 2306.5
1349760 2309.1
1349770 2312.0
1349780 2312.0
1349790 2315.6
1349800 2319.8
1349810 2319.8
1349820 2323.3
1349830 2327.5
1349840 2327.5
1349850 2331.1
1349860 2334.1
1349870 2334.1
1349880 2336.2
1349890 2338.9
1349900 2338.9
1349910 2341.7
1349920 2344.9
1349930 2349.6
1349940 2349.6
1349950 2355.3
1349960 2359.3
1349970 2359.3
1349980 2362.3
1349990 2365.3
1350000 2365.3
1350010 2370.2
1350020 2375.4
1350030 2375.4
1350040 2380.3
1350050 2385.6
1350060 2385.6
1350070 2392.8
1350080 2397.2
1350090 2397.2
1350100 2405.5
1350110 2416.5
1350120 2416.5
1350130 2425.9
1350140 2428.6
1350150 2432.0
1350160 2432.0
1350170 2441.4
1350180 2448.8
1350190 2448.8
1350200 2452.9
1350210 2456.3
1350220 2456.3
1350230 2462.2
1350240 2469.3
1350250 2469.3
1350260 2475.0
1350270 2480.2
1350280 2480.2
1350290 2484.4
1350300 2488.6
1350310 2488.6
1350320 2491.1
1350330 2494.1
1350340 2494.1
1350350 2496.7
1350360 2498.6
1350370 2498.6
1350380 2501.2
1350390 2504.9
1350400 2508.5
1350410 2508.5
1350420 2511.7
1350430 2515.9
1350440 2515.9
1350450 2520.4
1350460 2525.1
1350470 2525.1
1350480 2529.4
1350490 2535.4
1350500 2535.4
1350510 2539.8
1350520 2543.4
1350530 2543.4
1350540 2546.6
1350550 2549.7
1350560 2549.7
1350570 2552.3
1350580 2554.5
1350590 2554.5
1350600 2556.7
1350610 2558.1
1350620 2557.5
1350630 2557.5
1350640 2556.8
1350650 2558.4
1350660 2558.4
1350670 2559.6
1350680 2561.2
1350690 2561.2
1350700 2563.2
1350710 2565.1
1350720 2565.1
1350730 2567.8
1350740 2571.5
1350750 2571.5
1350760 2575.2
1350770 2578.9
1350780 2575.1
1350790 2579.4
1350800 2583.9
1350810 2583.9
1350820 2588.6
1350830 2592.2
1350840 2592.2
1350850 2595.5
1350860 2599.1
1350870 2603.0
1350880 2603.0
1350890 2606.6
1350900 2610.7
1350910 2610.7
1350920 2616.0
1350930 2620.5
1350940 2620.5
1350950 2623.0
1350960 2625.4
1350970 2625.4
1350980 2628.4
1350990 2631.3
1351000 2631.3
1351010 2634.4
1351020 2637.6
1351030 2637.6
1351040 2639.3
1351050 2642.1
1351060 2642.1
1351070 2644.6
1351080 2646.6
1351090 2650.2
1351100 2650.2
1351110 2653.8
1351120 2657.8
1351130 2657.8
1351140 2662.2
1351150 2666.3
1351160 2666.3
1351170 2671.0
1351180 2676.8
1351190 2676.8
1351200 2682.0
1351210 2685.7
1351220 2685.7
1351230 2689.8
1351240 2695.0
1351250 2695.0
1351260 2700.5
1351270 2706.1
1351280 2706.1
1351290 2711.7
1351300 2717.3
1351310 2717.3
1351320 2722.7
1351330 2728.0
1351340 2733.4
1351350 2733.4
1351360 2739.2
1351370 2745.0
1351380 2745.0
1351390 2750.1
1351400 2755.1
1351410 2755.1
1351420 2759.6
1351430 2761.8
1351440 2761.8
1351450 2766.7
1351460 2776.1
1351470 2776.1
1351480 2786.2
1351490 2805.2
1351500 2805.2
1351510 2818.9
1351520 2822.1
1351530 2822.1
1351540 2818.6
1351550 2822.3
1351560 2827.6
1351570 2827.6
1351580 2836.3
1351590 2851.2
1351600 2851.2
1351610 2866.3
1351620 2881.4
1351630 2881.4
1351640 2891.6
1351650 2904.0
1351660 2904.0
1351670 2915.8
1351680 2924.8
1351690 2924.8
1351700 2932.2
1351710 2938.6
1351720 2938.6
1351730 2950.4
1351740 2961.3
1351750 2961.3
1351760 2973.0
1351770 2983.6
1351780 2983.6
1351790 2994.1
1351800 2995.1
1351810 2993.2
1351820 2993.2
1351830 2991.0
1351840 2992.3
1351850 2992.3
1351860 2996.3
1351870 3000.4
1351880 3000.4
1351890 2999.9
1351900 3002.6
1351910 3002.6
1351920 3004.4
1351930 3003.4
1351940 3003.4
1351950 3006.4
1351960 3010.9
1351970 3010.9
1351980 3010.3
1351990 2997.8
1352000 2997.8
1352010 2982.5
1352020 2968.2
1352030 2953.9
1352040 2953.9
1352050 2936.6
1352060 2923.2
1352070 2923.2
1352080 2911.0
1352090 2902.1
1352100 2902.1
1352110 2899.4
1352120 2897.2
1352130 2897.2
1352140 2896.4
1352150 2896.3
1352160 2896.3
1352170 2894.6
1352180 2890.6
1352190 2890.6
1352200 2885.5
1352210 2881.3
1352220 2881.3
1352230 2877.5
1352240 2869.2
1352250 2869.2
1352260 2861.9
1352270 2851.6
1352280 2843.8
1352290 2843.8
1352300 2832.8
1352310 2821.1
1352320 2821.1
1352330 2813.8
1352340 2808.7
1352350 2808.7
1352360 2803.5
1352370 2798.5
1352380 2798.5
1352390 2793.8
1352400 2789.1
1352410 2789.1
1352420 2784.9
1352430 2780.8
1352440 2780.8
1352450 2777.2
1352460 2774.0
1352470 2774.0
1352480 2771.1
1352490 2768.3
1352500 2768.3
1352510 2765.6
1352520 2763.0
1352530 2760.4
1352540 2760.4
1352550 2757.9
1352560 2755.4
1352570 2755.4
1352580 2753.4
1352590 2751.2
1352600 2751.2
1352610 2748.8
1352620 2746.1
1352630 2746.1
1352640 2743.2
1352650 2739.9
1352660 2739.9
1352670 2736.6
1352680 2732.9
1352690 2738.2
1352700 2734.4
1352710 2731.6
1352720 2731.6
1352730 2728.4
1352740 2727.2
1352750 2727.2
1352760 2727.2
1352770 2727.4
1352780 2726.2
1352790 2726.2
1352800 2724.7
1352810 2724.4
1352820 2724.4
1352830 2725.8
1352840 2726.6
1352850 2726.6
1352860 2724.8
1352870 2725.3
1352880 2725.3
1352890 2729.2
1352900 2734.2
1352910 2734.2
1352920 2739.5
1352930 2740.9
1352940 2740.9
1352950 2736.7
1352960 2731.5
1352970 2731.5
1352980 2726.0
1352990 2718.9
1353000 2711.3
1353010 2711.3
1353020 2706.6
1353030 2701.5
1353040 2701.5
1353050 2693.7
1353060 2685.1
1353070 2685.1
1353080 2677.0
1353090 2668.2
1353100 2668.2
1353110 2660.2
1353120 2652.1
1353130 2652.1
1353140 2645.8
1353150 2640.4
1353160 2640.4
1353170 2635.5
1353180 2629.9
1353190 2629.9
1353200 2624.3
1353210 2618.8
1353220 2613.2
1353230 2613.2
1353240 2607.9
1353250 2603.1
1353260 2603.1
1353270 2598.0
1353280 2593.0
1353290 2593.0
1353300 2588.8
1353310 2584.2
1353320 2584.2
1353330 2579.0
1353340 2573.0
1353350 2573.0
1353360 2566.1
1353370 2559.1
1353380 2559.1
1353390 2553.0
1353400 2550.4
1353410 2550.4
1353420 2548.0
1353430 2544.9
1353440 2544.9
1353450 2541.6
1353460 2537.2
1353470 2534.3
1353480 2534.3
1353490 2531.8
1353500 2529.5
1353510 2529.5
1353520 2529.2
1353530 2531.4
1353540 2531.4
1353550 2532.9
1353560 2536.5
1353570 2536.5
1353580 2537.1
1353590 2537.7
1353600 2537.7
1353610 2544.2
1353620 2550.2
1353630 2550.2
1353640 2551.0
1353650 2550.0
1353660 2555.7
1353670 2554.9
1353680 2555.8
1353690 2556.6
1353700 2556.6
1353710 2557.0
1353720 2559.6
1353730 2559.6
1353740 2561.6
1353750 2554.2
1353760 2554.2
1353770 2541.2
1353780 2528.4
1353790 2528.4
1353800 2520.7
1353810 2513.8
1353820 2513.8
1353830 2508.4
1353840 2494.9
1353850 2494.9
1353860 2480.0
1353870 2474.3
1353880 2474.3
1353890 2472.7
1353900 2457.9
1353910 2457.9
1353920 2435.7
1353930 2420.7
1353940 2412.7
1353950 2412.7
1353960 2405.5
1353970 2399.6
1353980 2399.6
1353990 2394.1
1354000 2390.2
1354010 2390.2
1354020 2383.0
1354030 2375.2
1354040 2375.2
1354050 2367.3
1354060 2359.9
1354070 2359.9
1354080 2351.9
1354090 2344.0
1354100 2344.0
1354110 2336.5
1354120 2328.7
1354130 2328.7
1354140 2321.2
1354150 2313.8
1354160 2307.0
1354170 2307.0
1354180 2300.3
1354190 2294.2
1354200 2294.2
1354210 2288.9
1354220 2285.0
1354230 2285.0
1354240 2281.5
1354250 2276.7
1354260 2276.7
1354270 2272.0
1354280 2267.3
1354290 2267.3
1354300 2264.3
1354310 2262.7
1354320 2262.7
1354330 2259.9
1354340 2259.1
1354350 2259.1
1354360 2258.0
1354370 2256.7
1354380 2256.7
1354390 2253.9
1354400 2251.3
1354410 2248.6
1354420 2248.6
1354430 2245.9
1354440 2242.9
1354450 2242.9
1354460 2240.4
1354470 2238.0
1354480 2238.0
1354490 2237.2
1354500 2237.8
1354510 2237.8
1354520 2237.8
1354530 2237.1
1354540 2237.1
1354550 2236.5
1354560 2237.2
1354570 2237.2
1354580 2238.7
1354590 2242.5
1354600 2242.5
1354610 2240.9
1354620 2235.8
1354630 2229.2
1354640 2225.5
1354650 2218.4
1354660 2213.2
1354670 2213.2
1354680 2208.7
1354690 2203.9
1354700 2203.9
1354710 2199.4
1354720 2195.3
1354730 2195.3
1354740 2190.9
1354750 2187.2
1354760 2187.2
1354770 2183.3
1354780 2180.2
1354790 2180.2
1354800 2177.6
1354810 2174.8
1354820 2174.8
1354830 2171.6
1354840 2167.8
1354850 2167.8
1354860 2163.8
1354870 2158.8
1354880 2153.6
1354890 2153.6
1354900 2148.4
1354910 2143.9
1354920 2143.9
1354930 2138.1
1354940 2132.2
1354950 2132.2
1354960 2127.1
1354970 2120.6
1354980 2120.6
1354990 2113.9
1355000 2106.5
1355010 2106.5
1355020 2096.0
1355030 2086.9
1355040 2086.9
1355050 2080.0
1355060 2074.1
1355070 2074.1
1355080 2067.4
1355090 2060.6
1355100 2053.9
1355110 2053.9
1355120 2047.1
1355130 2041.0
1355140 2041.0
1355150 2035.5
1355160 2029.6
1355170 2029.6
1355180 2023.7
1355190 2017.8
1355200 2017.8
1355210 2011.9
1355220 2005.8
1355230 2005.8
1355240 2000.8
1355250 1996.0
1355260 1996.0
1355270 1990.5
1355280 1984.2
1355290 1984.2
1355300 1976.8
1355310 1971.4
1355320 1971.4
1355330 1965.4
1355340 1960.1
1355350 1955.1
1355360 1955.1
1355370 1949.1
1355380 1942.0
1355390 1942.0
1355400 1935.5
1355410 1929.3
1355420 1929.3
1355430 1923.8
1355440 1918.9
1355450 1918.9
1355460 1914.5
1355470 1911.7
1355480 1911.7
1355490 1909.2
1355500 1906.7
1355510 1906.7
1355520 1903.3
1355530 1897.7
1355540 1897.7
1355550 1897.6
1355560 1897.3
1355570 1897.2
1355580 1897.2
1355590 1896.0
1355600 1898.4
1355610 1898.4
1355620 1905.6
1355630 1902.0
1355640 1902.0
1355650 1896.7
1355660 1892.4
1355670 1892.4
1355680 1887.1
1355690 1880.8
1355700 1880.8
1355710 1874.5
1355720 1868.5
1355730 1868.5
1355740 1862.3
1355750 1855.3
1355760 1855.3
1355770 1847.4
1355780 1839.5
1355790 1839.5
1355800 1831.8
1355810 1824.8
1355820 1817.6
1355830 1817.6
1355840 1810.6
1355850 1803.1
1355860 1803.1
1355870 1795.5
1355880 1788.2
1355890 1788.2
1355900 1780.6
1355910 1772.6
1355920 1772.6
1355930 1764.5
1355940 1756.2
1355950 1756.2
1355960 1747.4
1355970 1740.2
1355980 1740.2
1355990 1733.6
1356000 1726.9
1356010 1726.9
1356020 1720.8
1356030 1715.3
1356040 1709.4
1356050 1709.4
1356060 1702.9
1356070 1696.5
1356080 1696.5
1356090 1690.6
1356100 1682.5
1356110 1682.5
1356120 1674.8
1356130 1668.2
1356140 1668.2
1356150 1662.7
1356160 1657.0
1356170 1657.0
1356180 1651.3
1356190 1646.6
1356200 1646.6
1356210 1642.3
1356220 1636.9
1356230 1636.9
1356240 1631.0
1356250 1625.4
1356260 1625.4
1356270 1620.0
1356280 1615.0
1356290 1610.2
1356300 1610.2
1356310 1605.5
1356320 1599.8
1356330 1599.8
1356340 1594.9
1356350 1590.9
1356360 1590.9
1356370 1588.5
1356380 1587.7
1356390 1587.7
1356400 1587.4
1356410 1587.2
1356420 1587.2
1356430 1587.1
1356440 1587.0
1356450 1587.0
1356460 1586.9
1356470 1587.2
1356480 1587.2
1356490 1587.5
1356500 1587.6
1356510 1587.6
1356520 1587.6
1356530 1587.7
1356540 1587.7
1356550 1587.7
1356560 1587.6
1356570 1587.8
1356580 1587.8
1356590 1587.8
1356600 1587.8
1356610 1587.8
1356620 1587.8
1356630 1587.8
1356640 1587.8
1356650 1587.8
1356660 1587.8
1356670 1587.8
1356680 1587.9
1356690 1587.9
1356700 1587.9
1356710 1588.1
1356720 1588.3
1356730 1588.3
1356740 1588.1
1356750 1588.1
1356760 1588.4
1356770 1588.4
1356780 1589.2
1356790 1590.0
1356800 1590.0
1356810 1591.3
1356820 1593.0
1356830 1593.0
1356840 1595.1
1356850 1597.2
1356860 1597.2
1356870 1598.7
1356880 1600.8
1356890 1600.8
1356900 1602.0
1356910 1602.6
1356920 1602.6
1356930 1603.4
1356940 1604.4
1356950 1604.4
1356960 1606.4
1356970 1608.3
1356980 1609.9
1356990 1609.9
1357000 1611.4
1357010 1614.5
1357020 1614.5
1357030 1618.4
1357040 1622.4
1357050 1622.4
1357060 1628.2
1357070 1634.5
1357080 1634.5
1357090 1640.4
1357100 1646.5
1357110 1646.5
1357120 1653.5
1357130 1661.2
1357140 1661.2
1357150 1669.9
1357160 1682.4
1357170 1682.4
1357180 1702.3
1357190 1716.7
1357200 1716.7
1357210 1724.3
1357220 1726.9
1357230 1728.3
1357240 1728.3
1357250 1733.4
1357260 1736.1
1357270 1736.1
1357280 1739.7
1357290 1747.6
1357300 1747.6
1357310 1756.8
1357320 1764.8
1357330 1764.8
1357340 1772.5
1357350 1781.1
1357360 1781.1
1357370 1794.9
1357380 1815.3
1357390 1815.3
1357400 1829.3
1357410 1839.6
1357420 1839.6
1357430 1847.8
1357440 1856.6
1357450 1865.3
1357460 1865.3
1357470 1874.6
1357480 1881.6
1357490 1881.6
1357500 1888.8
1357510 1895.9
1357520 1895.9
1357530 1903.1
1357540 1910.1
1357550 1910.1
1357560 1916.7
1357570 1923.3
1357580 1923.3
1357590 1930.0
1357600 1936.7
1357610 1933.9
1357620 1941.3
1357630 1950.0
1357640 1950.0
1357650 1959.0
1357660 1967.6
1357670 1967.6
1357680 1976.7
1357690 1985.2
1357700 1991.4
1357710 1991.4
1357720 1994.6
1357730 1987.2
1357740 1987.2
1357750 1983.0
1357760 1987.0
1357770 1987.0
1357780 1988.1
1357790 1977.9
1357800 1977.9
1357810 1977.7
1357820 1985.0
1357830 1985.0
1357840 1993.1
1357850 1996.7
1357860 1996.7
1357870 1999.6
1357880 2003.0
1357890 2003.0
1357900 2007.3
1357910 2014.2
1357920 2021.2
1357930 2021.2
1357940 2028.9
1357950 2038.9
1357960 2038.9
1357970 2049.7
1357980 2060.2
1357990 2060.2
1358000 2070.3
1358010 2079.9
1358020 2079.9
1358030 2089.2
1358040 2097.3
1358050 2097.3
1358060 2104.0
1358070 2110.7
1358080 2110.7
1358090 2116.0
1358100 2120.7
1358110 2120.7
1358120 2125.6
1358130 2131.3
1358140 2131.3
1358150 2136.5
1358160 2142.3
1358170 2149.6
1358180 2149.6
1358190 2157.6
1358200 2164.8
1358210 2164.8
1358220 2171.4
1358230 2179.5
1358240 2179.5
1358250 2186.4
1358260 2193.8
1358270 2193.8
1358280 2203.2
1358290 2212.9
1358300 2212.9
1358310 2219.0
1358320 2229.6
1358330 2229.6
1358340 2243.0
1358350 2251.4
1358360 2251.4
1358370 2259.0
1358380 2267.6
1358390 2273.7
1358400 2273.7
1358410 2278.3
1358420 2282.3
1358430 2282.3
1358440 2286.2
1358450 2289.0
1358460 2289.0
1358470 2287.1
1358480 2286.4
1358490 2286.4
1358500 2288.9
1358510 2290.5
1358520 2290.5
1358530 2286.3
1358540 2285.1
1358550 2285.1
1358560 2286.0
1358570 2286.0
1358580 2286.0
1358590 2287.8
1358600 2290.7
1358610 2290.7
1358620 2287.1
1358630 2289.3
1358640 2292.0
1358650 2292.0
1358660 2294.1
1358670 2296.8
1358680 2296.8
1358690 2298.5
1358700 2299.4
1358710 2299.4
1358720 2300.4
1358730 2302.8
1358740 2302.8
1358750 2305.3
1358760 2307.5
1358770 2307.5
1358780 2309.9
1358790 2314.4
1358800 2314.4
1358810 2318.2
1358820 2321.4
1358830 2321.4
1358840 2325.7
1358850 2332.4
1358860 2336.8
1358870 2336.8
1358880 2340.4
1358890 2344.3
1358900 2344.3
1358910 2346.8
1358920 2346.3
1358930 2346.3
1358940 2348.7
1358950 2353.1
1358960 2353.1
1358970 2359.5
1358980 2365.4
1358990 2365.4
1359000 2370.0
1359010 2374.4
1359020 2374.4
1359030 2379.9
1359040 2386.2
1359050 2386.2
1359060 2392.4
1359070 2398.5
1359080 2398.5
1359090 2403.1
1359100 2406.4
1359110 2410.7
1359120 2410.7
1359130 2415.5
1359140 2420.3
1359150 2420.3
1359160 2425.5
1359170 2431.3
1359180 2431.3
1359190 2437.4
1359200 2443.5
1359210 2443.5
1359220 2449.6
1359230 2455.5
1359240 2455.5
1359250 2461.3
1359260 2467.0
1359270 2467.0
1359280 2472.6
1359290 2478.2
1359300 2478.2
1359310 2484.2
1359320 2491.8
1359330 2504.3
1359340 2504.3
1359350 2520.6
1359360 2532.8
1359370 2532.8
1359380 2543.9
1359390 2553.2
1359400 2553.2
1359410 2562.8
1359420 2570.2
1359430 2570.2
1359440 2574.6
1359450 2578.4
1359460 2578.4
1359470 2592.9
1359480 2603.9
1359490 2603.9
1359500 2611.9
1359510 2619.3
1359520 2619.3
1359530 2626.1
1359540 2634.4
1359550 2634.4
1359560 2644.8
1359570 2655.4
1359580 2665.3
1359590 2665.3
1359600 2673.0
1359610 2680.3
1359620 2680.3
1359630 2694.3
1359640 2701.5
1359650 2701.5
1359660 2707.1
1359670 2710.6
1359680 2710.6
1359690 2716.1
1359700 2721.7
1359710 2721.7
1359720 2729.7
1359730 2737.0
1359740 2737.0
1359750 2745.1
1359760 2752.3
1359770 2752.3
1359780 2760.4
1359790 2771.1
1359800 2781.4
1359810 2781.4
1359820 2792.7
1359830 2802.7
1359840 2802.7
1359850 2810.4
1359860 2818.5
1359870 2818.5
1359880 2827.5
1359890 2837.1
1359900 2837.1
1359910 2846.6
1359920 2856.8
1359930 2856.8
1359940 2867.6
1359950 2878.5
1359960 2878.5
1359970 2889.8
1359980 2900.0
1359990 2900.0
