1340000 1913.8
1340010 1929.9
1340020 1946.6
1340030 1946.6
1340040 1960.8
1340050 1960.9
1340060 1960.9
1340070 1955.5
1340080 1965.2
1340090 1965.2
1340100 1983.0
1340110 1996.6
1340120 2015.2
1340130 2015.2
1340140 2028.2
1340150 2033.7
1340160 2033.7
1340170 2038.0
1340180 2048.5
1340190 2048.5
1340200 2055.2
1340210 2061.8
1340220 2061.8
1340230 2068.5
1340240 2075.9
1340250 2075.9
1340260 2083.9
1340270 2092.5
1340280 2092.5
1340290 2101.0
1340300 2110.2
1340310 2110.2
1340320 2119.9
1340330 2129.0
1340340 2139.6
1340350 2139.6
1340360 2150.2
1340370 2159.8
1340380 2159.8
1340390 2169.2
1340400 2179.8
1340410 2179.8
1340420 2186.5
1340430 2192.1
1340440 2192.1
1340450 2198.8
1340460 2205.9
1340470 2205.9
1340480 2212.9
1340490 2219.5
1340500 2219.5
1340510 2226.6
1340520 2233.1
1340530 2233.1
1340540 2241.5
1340550 2249.4
1340560 2249.4
1340570 2257.4
1340580 2266.1
1340590 2276.4
1340600 2276.4
1340610 2285.3
1340620 2293.7
1340630 2293.7
1340640 2302.5
1340650 2311.7
1340660 2311.7
1340670 2321.7
1340680 2330.3
1340690 2330.3
1340700 2337.1
1340710 2343.0
1340720 2343.0
1340730 2348.9
1340740 2354.4
1340750 2354.4
1340760 2359.4
1340770 2364.2
1340780 2364.2
1340790 2370.0
1340800 2376.0
1340810 2383.3
1340820 2383.3
1340830 2391.3
1340840 2399.1
1340850 2399.1
1340860 2406.7
1340870 2414.4
1340880 2414.4
1340890 2422.5
1340900 2426.9
1340910 2426.9
1340920 2436.5
1340930 2448.5
1340940 2448.5
1340950 2460.4
1340960 2470.4
1340970 2470.4
1340980 2479.3
1340990 2488.6
1341000 2488.6
1341010 2498.4
1341020 2508.0
1341030 2508.0
1341040 2518.0
1341050 2529.3
1341060 2543.4
1341070 2543.4
1341080 2555.8
1341090 2573.9
1341100 2573.9
1341110 2583.6
1341120 2586.7
1341130 2586.7
1341140 2591.5
1341150 2598.5
1341160 2598.5
1341170 2605.8
1341180 2614.7
1341190 2614.7
1341200 2622.7
1341210 2632.6
1341220 2632.6
1341230 2644.7
1341240 2654.5
1341250 2654.5
1341260 2662.6
1341270 2671.6
1341280 2671.6
1341290 2681.6
1341300 2693.8
1341310 2705.3
1341320 2705.3
1341330 2712.5
1341340 2717.0
1341350 2717.0
1341360 2721.2
1341370 2723.3
1341380 2723.3
1341390 2725.9
1341400 2731.7
1341410 2731.7
1341420 2736.4
1341430 2737.3
1341440 2737.3
1341450 2739.9
1341460 2743.9
1341470 2743.9
1341480 2748.5
1341490 2752.3
1341500 2752.3
1341510 2743.9
1341520 2735.5
1341530 2730.2
1341540 2730.2
1341550 2720.6
1341560 2707.8
1341570 2707.8
1341580 2697.6
1341590 2690.5
1341600 2690.5
1341610 2686.7
1341620 2685.1
1341630 2685.1
1341640 2684.7
1341650 2686.3
1341660 2686.3
1341670 2688.5
1341680 2686.4
1341690 2686.4
1341700 2677.7
1341710 2668.7
1341720 2668.7
1341730 2659.4
1341740 2650.3
1341750 2650.3
1341760 2640.9
1341770 2629.4
1341780 2614.7
1341790 2614.7
1341800 2603.4
1341810 2592.9
1341820 2592.9
1341830 2580.1
1341840 2568.3
1341850 2568.3
1341860 2558.4
1341870 2549.2
1341880 2549.2
1341890 2539.1
1341900 2524.3
1341910 2524.3
1341920 2512.1
1341930 2504.9
1341940 2504.9
1341950 2497.6
1341960 2490.4
1341970 2490.4
1341980 2483.4
1341990 2475.7
1342000 2468.4
1342010 2468.4
1342020 2458.8
1342030 2450.0
1342040 2450.0
1342050 2442.7
1342060 2436.7
1342070 2436.7
1342080 2430.0
1342090 2422.9
1342100 2422.9
1342110 2417.1
1342120 2411.6
1342130 2411.6
1342140 2406.0
1342150 2400.8
1342160 2400.8
1342170 2395.1
1342180 2389.0
1342190 2389.0
1342200 2383.3
1342210 2377.4
1342220 2377.4
1342230 2371.3
1342240 2365.2
1342250 2359.8
1342260 2359.8
1342270 2355.2
1342280 2349.3
1342290 2349.3
1342300 2339.8
1342310 2328.6
1342320 2328.6
1342330 2322.7
1342340 2317.1
1342350 2317.1
1342360 2312.3
1342370 2308.7
1342380 2308.7
1342390 2304.9
1342400 2300.0
1342410 2300.0
1342420 2294.9
1342430 2291.8
1342440 2291.8
1342450 2289.0
1342460 2284.5
1342470 2280.8
1342480 2280.8
1342490 2279.5
1342500 2277.0
1342510 2277.0
1342520 2271.2
1342530 2269.4
1342540 2269.4
1342550 2268.8
1342560 2265.9
1342570 2265.9
1342580 2262.8
1342590 2260.5
1342600 2260.5
1342610 2258.4
1342620 2254.5
1342630 2254.5
1342640 2252.4
1342650 2252.1
1342660 2252.1
1342670 2249.8
1342680 2250.0
1342690 2250.0
1342700 2245.8
1342710 2241.3
1342720 2238.0
1342730 2238.0
1342740 2237.0
1342750 2235.5
1342760 2235.5
1342770 2232.3
1342780 2227.2
1342790 2227.2
1342800 2223.2
1342810 2219.5
1342820 2219.5
1342830 2215.6
1342840 2211.2
1342850 2211.2
1342860 2206.8
1342870 2202.2
1342880 2202.2
1342890 2197.8
1342900 2193.2
1342910 2193.2
1342920 2189.1
1342930 2185.9
1342940 2183.3
1342950 2183.3
1342960 2181.6
1342970 2179.9
1342980 2179.9
1342990 2177.6
1343000 2174.6
1343010 2174.6
1343020 2170.8
1343030 2166.9
1343040 2166.9
1343050 2163.0
1343060 2159.4
1343070 2159.4
1343080 2155.0
1343090 2150.2
1343100 2150.2
1343110 2145.4
1343120 2139.2
1343130 2139.2
1343140 2134.4
1343150 2131.1
1343160 2131.1
1343170 2126.8
1343180 2122.1
1343190 2118.0
1343200 2118.0
1343210 2114.3
1343220 2110.8
1343230 2110.8
1343240 2108.5
1343250 2106.0
1343260 2106.0
1343270 2103.6
1343280 2102.5
1343290 2102.5
1343300 2101.1
1343310 2098.2
1343320 2098.2
1343330 2094.2
1343340 2088.8
1343350 2088.8
1343360 2083.2
1343370 2075.1
1343380 2075.1
1343390 2066.7
1343400 2059.6
1343410 2052.6
1343420 2052.6
1343430 2042.3
1343440 2026.3
1343450 2026.3
1343460 2010.0
1343470 1995.2
1343480 1995.2
1343490 1986.4
1343500 1983.2
1343510 1983.2
1343520 1984.1
1343530 1979.0
1343540 1979.0
1343550 1972.1
1343560 1965.7
1343570 1974.6
1343580 1970.8
1343590 1962.1
1343600 1962.1
1343610 1955.1
1343620 1946.9
1343630 1946.9
1343640 1942.2
1343650 1936.2
1343660 1931.6
1343670 1931.6
1343680 1929.6
1343690 1930.1
1343700 1930.1
1343710 1932.8
1343720 1933.7
1343730 1933.7
1343740 1933.3
1343750 1933.0
1343760 1933.0
1343770 1931.6
1343780 1933.2
1343790 1933.2
1343800 1938.2
1343810 1940.4
1343820 1940.4
1343830 1940.5
1343840 1941.1
1343850 1941.1
1343860 1942.2
1343870 1944.7
1343880 1951.0
1343890 1951.0
1343900 1958.6
1343910 1966.7
1343920 1966.7
1343930 1974.7
1343940 1982.7
1343950 1982.7
1343960 1990.1
1343970 1997.8
1343980 1997.8
1343990 2005.7
1344000 2014.1
1344010 2014.1
1344020 2025.4
1344030 2039.6
1344040 2039.6
1344050 2052.5
1344060 2064.2
1344070 2064.2
1344080 2073.9
1344090 2081.8
1344100 2081.8
1344110 2090.6
1344120 2097.7
1344130 2104.5
1344140 2104.5
1344150 2112.5
1344160 2121.6
1344170 2121.6
1344180 2128.5
1344190 2134.5
1344200 2134.5
1344210 2139.3
1344220 2143.5
1344230 2143.5
1344240 2147.6
1344250 2152.2
1344260 2152.2
1344270 2157.6
1344280 2163.0
1344290 2163.0
1344300 2168.4
1344310 2173.0
1344320 2173.0
1344330 2176.9
1344340 2179.7
1344350 2182.6
1344360 2182.6
1344370 2185.1
1344380 2188.2
1344390 2188.2
1344400 2192.4
1344410 2196.7
1344420 2196.7
1344430 2200.2
1344440 2204.1
1344450 2204.1
1344460 2208.5
1344470 2212.2
1344480 2213.0
1344490 2217.1
1344500 2221.2
1344510 2221.2
1344520 2225.1
1344530 2228.4
1344540 2228.4
1344550 2231.6
1344560 2234.6
1344570 2234.6
1344580 2237.8
1344590 2241.4
1344600 2244.9
1344610 2244.9
1344620 2248.5
1344630 2251.8
1344640 2251.8
1344650 2254.9
1344660 2258.1
1344670 2258.1
1344680 2261.6
1344690 2266.4
1344700 2266.4
1344710 2271.7
1344720 2277.3
1344730 2277.3
1344740 2282.5
1344750 2286.8
1344760 2286.8
1344770 2290.5
1344780 2294.1
1344790 2294.1
1344800 2297.6
1344810 2300.4
1344820 2303.1
1344830 2303.1
1344840 2306.2
1344850 2311.0
1344860 2311.0
1344870 2315.3
1344880 2318.2
1344890 2318.2
1344900 2322.4
1344910 2326.5
1344920 2326.5
1344930 2331.5
1344940 2336.7
1344950 2336.7
1344960 2341.4
1344970 2345.2
1344980 2345.2
1344990 2350.3
1345000 2354.8
1345010 2354.8
1345020 2357.8
1345030 2360.1
1345040 2360.1
1345050 2362.3
1345060 2364.7
1345070 2366.9
1345080 2366.9
1345090 2369.9
1345100 2372.2
1345110 2372.2
1345120 2374.2
1345130 2377.1
1345140 2377.1
1345150 2380.5
1345160 2384.2
1345170 2384.2
1345180 2388.0
1345190 2391.3
1345200 2391.3
1345210 2394.7
1345220 2398.7
1345230 2398.7
1345240 2402.8
1345250 2406.3
1345260 2406.3
1345270 2409.6
1345280 2413.2
1345290 2416.1
1345300 2416.1
1345310 2418.8
1345320 2422.1
1345330 2422.1
1345340 2425.9
1345350 2429.5
1345360 2429.5
1345370 2432.9
1345380 2436.6
1345390 2434.3
1345400 2437.2
1345410 2440.1
1345420 2440.1
1345430 2443.8
1345440 2447.7
1345450 2447.7
1345460 2451.6
1345470 2455.9
1345480 2455.9
1345490 2460.4
1345500 2464.9
1345510 2464.9
1345520 2469.3
1345530 2474.0
1345540 2478.6
1345550 2478.6
1345560 2483.0
1345570 2487.2
1345580 2487.2
1345590 2492.0
1345600 2497.1
1345610 2497.1
1345620 2502.1
1345630 2506.9
1345640 2506.9
1345650 2511.2
1345660 2515.3
1345670 2515.3
1345680 2520.1
1345690 2525.8
1345700 2525.8
1345710 2532.6
1345720 2542.0
1345730 2542.0
1345740 2549.9
1345750 2556.9
1345760 2564.9
1345770 2564.9
1345780 2574.1
1345790 2584.2
1345800 2584.2
1345910 2665.0
1345920 2665.0
1345930 2672.7
1345940 2681.5
1345950 2681.5
1345960 2690.7
1345970 2702.2
1345980 2702.2
1345990 2713.6
1346000 2723.2
1346010 2733.5
1346020 2733.5
1346030 2740.8
1346040 2745.3
1346050 2745.3
1346060 2751.0
1346070 2758.3
1346080 2758.3
1346090 2764.4
1346100 2770.2
1346110 2770.2
1346120 2779.3
1346130 2790.2
1346140 2790.2
1346150 2800.9
1346160 2809.6
1346170 2809.6
1346180 2820.8
1346190 2834.5
1346200 2834.5
1346210 2858.7
1346220 2860.1
1346230 2851.4
1346240 2851.4
1346250 2838.8
1346260 2825.5
1346270 2825.5
1346280 2813.5
1346290 2798.9
1346300 2802.5
1346310 2786.6
1346320 2769.5
1346330 2769.5
1346340 2754.2
1346350 2742.0
1346360 2742.0
1346370 2732.6
1346380 2726.5
1346390 2726.5
1346400 2721.2
1346410 2716.5
1346420 2716.5
1346430 2712.6
1346440 2707.5
1346450 2707.5
1346460 2701.8
1346470 2695.2
1346480 2688.4
1346490 2688.4
1346500 2682.2
1346510 2676.3
1346520 2676.3
1346530 2671.5
1346540 2666.5
1346550 2666.5
1346560 2661.8
1346570 2657.5
1346580 2657.5
1346590 2652.7
1346600 2648.7
1346610 2648.7
1346620 2644.9
1346630 2641.0
1346640 2641.0
1346650 2638.0
1346660 2634.7
1346670 2634.7
1346680 2629.0
1346690 2621.9
1346700 2616.5
1346710 2616.5
1346720 2612.0
1346730 2606.9
1346740 2606.9
1346750 2602.0
1346760 2597.4
1346770 2597.4
1346780 2593.4
1346790 2589.5
1346800 2589.5
1346810 2585.4
1346820 2580.8
1346830 2580.8
1346840 2575.8
1346850 2572.2
1346860 2572.2
1346870 2568.4
1346880 2564.5
1346890 2564.5
1346900 2560.0
1346910 2554.7
1346920 2554.7
1346930 2549.3
1346940 2543.1
1346950 2537.5
1346960 2537.5
1346970 2531.8
1346980 2526.5
1346990 2526.5
1347000 2521.5
1347010 2516.4
1347020 2516.4
1347030 2510.9
1347040 2504.9
1347050 2504.9
1347060 2498.8
1347070 2492.6
1347080 2492.6
1347090 2487.0
1347100 2480.7
1347110 2480.7
1347120 2474.7
1347130 2469.5
1347140 2469.5
1347150 2464.2
1347160 2458.5
1347170 2453.3
1347180 2453.3
1347190 2446.9
1347200 2441.0
1347210 2441.0
1347220 2435.2
1347230 2428.9
1347240 2428.9
1347250 2422.6
1347260 2417.9
1347270 2417.9
1347280 2413.7
1347290 2412.5
1347300 2412.5
1347310 2411.1
1347320 2408.9
1347330 2408.9
1347340 2408.6
1347350 2407.8
1347360 2407.8
1347370 2405.5
1347380 2402.6
1347390 2402.6
1347400 2399.3
1347410 2396.1
1347420 2391.4
1347430 2391.4
1347440 2385.7
1347450 2381.1
1347460 2381.1
1347470 2378.1
1347480 2375.3
1347490 2375.3
1347500 2372.4
1347510 2369.6
1347520 2369.6
1347530 2366.8
1347540 2365.2
1347550 2365.2
1347560 2362.5
1347570 2359.8
1347580 2359.8
1347590 2356.8
1347600 2352.5
1347610 2352.5
1347620 2347.5
1347630 2342.3
1347640 2338.1
1347650 2338.1
1347660 2334.6
1347670 2332.1
1347680 2332.1
1347690 2329.9
1347700 2327.2
1347710 2327.2
1347720 2323.1
1347730 2318.7
1347740 2318.7
1347750 2315.5
1347760 2312.7
1347770 2312.7
1347780 2309.7
1347790 2306.8
1347800 2306.8
1347810 2303.4
1347820 2300.6
1347830 2300.6
1347840 2297.9
1347850 2295.4
1347860 2295.4
1347870 2292.7
1347880 2290.1
1347890 2287.7
1347900 2287.7
1347910 2285.6
1347920 2283.0
1347930 2283.0
1347940 2280.4
1347950 2277.2
1347960 2277.2
1347970 2274.3
1347980 2270.8
1347990 2270.8
1348000 2267.0
1348010 2264.4
1348020 2264.4
1348030 2263.3
1348040 2262.8
1348050 2262.8
1348060 2262.4
1348070 2262.6
1348080 2262.6
1348090 2261.9
1348100 2260.7
1348110 2258.9
1348120 2258.9
1348130 2256.3
1348140 2253.9
1348150 2257.2
1348160 2257.0
1348170 2254.7
1348180 2254.7
1348190 2252.1
1348200 2249.9
1348210 2249.9
1348220 2247.8
1348230 2245.1
1348240 2245.1
1348250 2241.8
1348260 2238.3
1348270 2238.3
1348280 2235.8
1348290 2233.6
1348300 2233.6
1348310 2230.4
1348320 2226.5
1348330 2226.5
1348340 2223.5
1348350 2220.0
1348360 2214.7
1348370 2214.7
1348380 2209.6
1348390 2204.3
1348400 2204.3
1348410 2199.4
1348420 2195.4
1348430 2195.4
1348440 2193.1
1348450 2196.1
1348460 2196.1
1348470 2194.7
1348480 2187.4
1348490 2187.4
1348500 2180.8
1348510 2175.7
1348520 2175.7
1348530 2173.8
1348540 2170.7
1348550 2170.7
1348560 2165.8
1348570 2161.1
1348580 2158.6
1348590 2158.6
1348600 2155.1
1348610 2149.9
1348620 2149.9
1348630 2145.5
1348640 2142.6
1348650 2142.6
1348660 2140.2
1348670 2139.1
1348680 2139.1
1348690 2138.8
1348700 2137.5
1348710 2137.5
1348720 2136.2
1348730 2135.7
1348740 2135.7
1348750 2137.6
1348760 2136.3
1348770 2136.3
1348780 2135.1
1348790 2135.7
1348800 2135.7
1348810 2137.4
1348820 2139.0
1348830 2141.9
1348840 2141.9
1348850 2144.6
1348860 2148.5
1348870 2148.5
1348880 2151.4
1348890 2153.7
1348900 2153.7
1348910 2157.3
1348920 2160.6
1348930 2160.6
1348940 2163.4
1348950 2167.0
1348960 2167.0
1348970 2168.4
1348980 2166.7
1348990 2166.7
1349000 2163.8
1349010 2160.7
1349020 2160.7
1349030 2158.7
1349040 2159.8
1349050 2161.8
1349060 2161.8
1349070 2165.0
1349080 2169.4
1349090 2175.8
1349100 2179.9
1349110 2183.5
1349120 2183.5
1349130 2188.1
1349140 2193.1
1349150 2193.1
1349160 2197.7
1349170 2200.3
1349180 2200.3
1349190 2202.6
1349200 2206.0
1349210 2206.0
1349220 2195.4
1349230 2172.0
1349240 2172.0
1349250 2172.7
1349260 2178.8
1349270 2178.8
1349280 2198.1
1349290 2211.5
1349300 2222.7
1349310 2222.7
1349320 2226.8
1349330 2230.7
1349340 2230.7
1349350 2234.8
1349360 2237.9
1349370 2237.9
1349380 2239.7
1349390 2242.9
1349400 2242.9
1349410 2247.1
1349420 2252.4
1349430 2252.4
1349440 2256.5
1349450 2259.9
1349460 2259.9
1349470 2263.1
1349480 2266.5
1349490 2266.5
1349500 2270.9
1349510 2274.7
1349520 2277.3
1349530 2277.3
1349540 2279.5
1349550 2281.4
1349560 2281.4
1349570 2283.0
1349580 2284.8
1349590 2284.8
1349600 2288.3
1349610 2293.0
1349620 2293.0
1349630 2297.5
1349640 2299.8
1349650 2299.8
1349660 2301.6
1349670 2303.8
1349680 2303.8
1349690 2306.1
1349700 2308.7
1349710 2308.7
1349720 2311.6
1349730 2314.5
1349740 2314.5
1349750 2317.4
1349760 2319.7
1349770 2322.9
1349780 2322.9
1349790 2326.8
1349800 2330.3
1349810 2330.3
1349820 2330.6
1349830 2328.8
1349840 2328.8
1349850 2325.2
1349860 2322.3
1349870 2322.3
1349880 2320.6
1349890 2320.2
1349900 2320.2
1349910 2320.3
1349920 2320.9
1349930 2320.9
1349940 2322.5
1349950 2325.0
1349960 2325.0
1349970 2328.6
1349980 2332.9
1349990 2336.6
1350000 2336.6
1350010 2339.8
1350020 2344.8
1350030 2342.4
1350040 2348.1
1350050 2355.2
1350060 2355.2
1350070 2361.3
1350080 2367.9
1350090 2367.9
1350100 2375.4
1350110 2383.4
1350120 2383.4
1350130 2391.2
1350140 2399.1
1350150 2399.1
1350160 2407.2
1350170 2417.3
1350180 2417.3
1350190 2424.9
1350200 2431.5
1350210 2431.5
1350220 2436.8
1350230 2441.8
1350240 2447.6
1350250 2447.6
1350260 2452.7
1350270 2457.4
1350280 2457.4
1350290 2460.5
1350300 2464.0
1350310 2464.0
1350320 2467.1
1350330 2469.5
1350340 2469.5
1350350 2473.4
1350360 2477.2
1350370 2477.2
1350380 2483.0
1350390 2487.1
1350400 2487.1
1350410 2489.7
1350420 2492.9
1350430 2492.9
1350440 2496.5
1350450 2499.4
1350460 2504.0
1350470 2504.0
1350480 2508.1
1350490 2513.5
1350500 2513.5
1350510 2517.8
1350520 2521.7
1350530 2521.7
1350540 2523.3
1350550 2523.4
1350560 2523.4
1350570 2522.2
1350580 2520.6
1350590 2520.6
1350600 2521.5
1350610 2520.6
1350620 2520.6
1350630 2522.3
1350640 2525.9
1350650 2525.9
1350660 2529.1
1350670 2532.4
1350680 2532.4
1350690 2534.9
1350700 2537.2
1350710 2538.8
1350720 2538.8
1350730 2542.0
1350740 2544.3
1350750 2544.3
1350760 2548.5
1350770 2552.9
1350780 2552.9
1350790 2556.9
1350800 2561.5
1350810 2561.5
1350820 2567.1
1350830 2573.0
1350840 2573.0
1350850 2578.3
1350860 2585.2
1350870 2585.2
1350880 2592.1
1350890 2598.5
1350900 2598.5
1350910 2603.4
1350920 2605.3
1350930 2607.9
1350940 2607.9
1350950 2610.7
1350960 2613.6
1350970 2613.6
1350980 2616.1
1350990 2618.9
1351000 2618.9
1351010 2622.2
1351020 2625.6
1351030 2625.6
1351040 2628.2
1351050 2630.5
1351060 2630.5
1351070 2631.9
1351080 2634.0
1351090 2634.0
1351100 2636.6
1351110 2639.2
1351120 2639.2
1351130 2642.8
1351140 2646.4
1351150 2646.4
1351160 2650.6
1351170 2654.8
1351180 2659.5
1351190 2659.5
1351200 2664.2
1351210 2669.1
1351220 2669.1
1351230 2673.5
1351240 2677.9
1351250 2677.9
1351260 2682.4
1351270 2687.1
1351280 2687.1
1351290 2692.2
1351300 2697.2
1351310 2697.2
1351320 2702.0
1351330 2707.5
1351340 2707.5
1351350 2713.3
1351360 2719.1
1351370 2719.1
1351380 2725.0
1351390 2730.4
1351400 2736.0
1351410 2736.0
1351420 2741.2
1351430 2746.1
1351440 2746.1
1351450 2750.5
1351460 2754.2
1351470 2754.2
1351480 2756.8
1351490 2764.7
1351500 2764.7
1351510 2782.2
1351520 2797.0
1351530 2797.0
1351540 2810.0
1351550 2822.2
1351560 2822.2
1351570 2833.0
1351580 2843.0
1351590 2843.0
1351600 2853.3
1351610 2863.9
1351620 2863.9
1351630 2872.8
1351640 2881.6
1351650 2891.4
1351660 2891.4
1351670 2902.9
1351680 2913.9
1351690 2913.9
1351700 2923.0
1351710 2933.0
1351720 2933.0
1351730 2946.7
1351740 2952.4
1351750 2952.4
1351760 2949.7
1351770 2946.6
1351780 2946.6
1351790 2944.4
1351800 2945.1
1351810 2945.1
1351820 2946.9
1351830 2948.0
1351840 2948.0
1351850 2948.9
1351860 2951.2
1351870 2953.1
1351880 2953.1
1351890 2954.9
1351900 2956.7
1351910 2956.7
1351920 2958.2
1351930 2950.2
1351940 2950.2
1351950 2951.2
1351960 2954.9
1351970 2954.9
1351980 2954.2
1351990 2954.5
1352000 2954.5
1352010 2958.1
1352020 2964.1
1352030 2964.1
1352040 2964.7
1352050 2964.5
1352060 2964.5
1352070 2965.9
1352080 2969.6
1352090 2969.6
1352100 2978.2
1352110 2987.1
1352120 2990.9
1352130 2990.9
1352140 2985.9
1352150 2975.6
1352160 2975.6
1352170 2967.4
1352180 2961.7
1352190 2961.7
1352200 2953.9
1352210 2946.3
1352220 2946.3
1352230 2941.3
1352240 2933.6
1352250 2933.6
1352260 2923.0
1352270 2913.0
1352280 2913.0
1352290 2903.7
1352300 2892.0
1352310 2892.0
1352320 2873.7
1352330 2859.6
1352340 2845.3
1352350 2845.3
1352360 2836.9
1352370 2830.9
1352380 2830.9
1352390 2825.1
1352400 2819.3
1352410 2819.3
1352420 2814.2
1352430 2809.6
1352440 2809.6
1352450 2806.0
1352460 2802.6
1352470 2802.6
1352480 2799.7
1352490 2797.1
1352500 2797.1
1352510 2794.5
1352520 2792.1
1352530 2792.1
1352540 2789.9
1352550 2787.8
1352560 2787.8
1352570 2785.9
1352580 2784.0
1352590 2782.4
1352600 2782.4
1352610 2780.8
1352620 2779.0
1352630 2779.0
1352640 2777.1
1352650 2775.0
1352660 2775.0
1352670 2772.8
1352680 2770.5
1352690 2770.5
1352700 2768.1
1352710 2765.7
1352720 2765.7
1352730 2763.4
1352740 2761.2
1352750 2761.2
1352760 2759.5
1352770 2758.0
1352780 2758.0
1352790 2756.9
1352800 2756.1
1352810 2755.9
1352820 2755.9
1352830 2756.3
1352840 2756.9
1352850 2756.9
1352860 2757.5
1352870 2757.8
1352880 2757.8
1352890 2758.4
1352900 2765.0
1352910 2765.0
1352920 2766.7
1352930 2765.2
1352940 2765.2
1352950 2762.9
1352960 2756.7
1352970 2756.7
1352980 2747.4
1352990 2739.6
1353000 2739.6
1353010 2732.5
1353020 2724.6
1353030 2724.6
1353040 2717.0
1353050 2710.2
1353060 2702.5
1353070 2702.5
1353080 2695.4
1353090 2688.6
1353100 2688.6
1353110 2681.9
1353120 2676.3
1353130 2676.3
1353140 2670.7
1353150 2665.4
1353160 2665.4
1353170 2660.6
1353180 2656.1
1353190 2656.1
1353200 2651.4
1353210 2646.2
1353220 2646.2
1353230 2641.2
1353240 2635.9
1353250 2635.9
1353260 2629.9
1353270 2623.7
1353280 2617.5
1353290 2617.5
1353300 2611.1
1353310 2605.1
1353320 2605.1
1353330 2599.5
1353340 2595.2
1353350 2595.2
1353360 2591.4
1353370 2587.8
1353380 2587.8
1353390 2583.2
1353400 2579.7
1353410 2579.7
1353420 2579.2
1353430 2579.4
1353440 2579.4
1353450 2580.2
1353460 2581.5
1353470 2581.5
1353480 2583.5
1353490 2585.8
1353500 2585.8
1353510 2588.1
1353520 2589.6
1353530 2589.7
1353540 2589.7
1353550 2592.1
1353560 2596.3
1353570 2596.3
1353580 2596.8
1353590 2593.4
1353600 2593.4
1353610 2590.8
1353620 2588.3
1353630 2588.3
1353640 2590.5
1353650 2592.9
1353660 2592.9
1353670 2591.4
1353680 2587.0
1353690 2587.0
1353700 2574.8
1353710 2564.3
1353720 2564.3
1353730 2556.6
1353740 2550.1
1353750 2538.3
1353760 2538.3
1353770 2522.7
1353780 2510.4
1353790 2510.4
1353800 2500.3
1353810 2489.1
1353820 2489.1
1353830 2475.0
1353840 2464.6
1353850 2464.6
1353860 2455.8
1353870 2444.6
1353880 2444.6
1353890 2437.2
1353900 2430.2
1353910 2430.2
1353920 2423.4
1353930 2417.1
1353940 2417.1
1353950 2410.8
1353960 2404.9
1353970 2404.9
1353980 2400.9
1353990 2396.5
1354000 2389.8
1354010 2389.8
1354020 2382.6
1354030 2375.1
1354040 2375.1
1354050 2368.0
1354060 2360.9
1354070 2360.9
1354080 2353.5
1354090 2346.8
1354100 2346.8
1354110 2340.3
1354120 2333.4
1354130 2333.4
1354140 2326.4
1354150 2319.0
1354160 2319.0
1354170 2311.6
1354180 2305.0
1354190 2305.0
1354200 2299.5
1354210 2294.5
1354220 2288.5
1354230 2288.5
1354240 2282.5
1354250 2275.9
1354260 2275.9
1354270 2269.5
1354280 2263.4
1354290 2263.4
1354300 2255.2
1354310 2251.1
1354320 2251.1
1354330 2247.8
1354340 2243.3
1354350 2243.3
1354360 2238.7
1354370 2234.2
1354380 2234.2
1354390 2230.2
1354400 2226.7
1354410 2226.7
1354420 2225.6
1354430 2226.4
1354440 2226.4
1354450 2227.3
1354460 2227.1
1354470 2225.1
1354480 2225.1
1354490 2224.1
1354500 2224.2
1354510 2224.2
1354520 2223.7
1354530 2225.2
1354540 2225.2
1354550 2226.6
1354560 2224.5
1354570 2224.5
1354580 2222.3
1354590 2219.3
1354600 2219.3
1354610 2214.6
1354620 2212.0
1354630 2212.0
1354640 2210.6
1354650 2207.2
1354660 2207.2
1354670 2203.3
1354680 2198.7
1354690 2193.2
1354700 2193.2
1354710 2189.0
1354720 2185.4
1354730 2185.4
1354740 2182.0
1354750 2178.7
1354760 2178.7
1354770 2174.7
1354780 2170.3
1354790 2170.3
1354800 2165.9
1354810 2162.0
1354820 2162.0
1354830 2157.4
1354840 2152.2
1354850 2148.2
1354860 2142.9
1354870 2139.1
1354880 2139.1
1354890 2134.5
1354900 2129.4
1354910 2129.4
1354920 2122.7
1354930 2117.2
1354940 2112.7
1354950 2112.7
1354960 2107.6
1354970 2101.7
1354980 2101.7
1354990 2095.5
1355000 2090.1
1355010 2090.1
1355020 2084.4
1355030 2078.7
1355040 2078.7
1355050 2073.5
1355060 2068.8
1355070 2068.8
1355080 2061.9
1355090 2053.6
1355100 2053.6
1355110 2046.6
1355120 2039.9
1355130 2039.9
1355140 2033.9
1355150 2028.5
1355160 2023.1
1355170 2023.1
1355180 2018.1
1355190 2013.7
1355200 2013.7
1355210 2009.5
1355220 2005.0
1355230 2005.0
1355240 1999.4
1355250 1993.6
1355260 1993.6
1355270 1988.5
1355280 1983.2
1355290 1983.2
1355300 1978.8
1355310 1976.2
1355320 1976.2
1355330 1973.2
1355340 1970.3
1355350 1970.3
1355360 1967.8
1355370 1965.7
1355380 1965.7
1355390 1963.6
1355400 1961.0
1355410 1956.5
1355420 1956.5
1355430 1957.6
1355440 1957.4
1355450 1957.4
1355460 1951.4
1355470 1949.2
1355480 1949.2
1355490 1947.8
1355500 1944.3
1355510 1944.3
1355520 1941.2
1355530 1938.4
1355540 1938.4
1355550 1934.0
1355560 1929.5
1355570 1929.5
1355580 1926.8
1355590 1928.4
1355600 1928.4
1355610 1931.0
1355620 1929.3
1355630 1922.1
1355640 1922.1
1355650 1914.8
1355660 1908.4
1355670 1908.4
1355680 1902.0
1355690 1896.2
1355700 1896.2
1355710 1891.8
1355720 1886.3
1355730 1886.3
1355740 1879.8
1355750 1872.9
1355760 1872.9
1355770 1863.5
1355780 1855.3
1355790 1855.3
1355800 1847.3
1355810 1842.4
1355820 1842.4
1355830 1839.7
1355840 1831.1
1355850 1831.1
1355860 1822.1
1355870 1813.4
1355880 1804.8
1355890 1804.8
1355900 1797.3
1355910 1788.9
1355920 1788.9
1355930 1781.0
1355940 1773.4
1355950 1773.4
1355960 1766.4
1355970 1760.7
1355980 1760.7
1355990 1756.0
1356000 1750.2
1356010 1750.2
1356020 1743.7
1356030 1737.1
1356040 1737.1
1356050 1730.6
1356060 1722.6
1356070 1722.6
1356080 1713.7
1356090 1707.5
1356100 1707.5
1356110 1703.6
1356120 1699.4
1356130 1694.9
1356140 1694.9
1356150 1690.8
1356160 1686.2
1356170 1686.2
1356180 1681.3
1356190 1675.9
1356200 1675.9
1356210 1673.6
1356220 1669.5
1356230 1669.5
1356240 1659.8
1356250 1647.7
1356260 1647.7
1356270 1635.9
1356280 1627.9
1356290 1627.9
1356300 1621.0
1356310 1613.7
1356320 1613.7
1356330 1606.9
1356340 1599.9
1356350 1593.1
1356360 1593.1
1356370 1588.0
1356380 1587.6
1356390 1587.6
1356400 1587.5
1356410 1587.4
1356420 1587.4
1356430 1587.8
1356440 1587.9
1356450 1587.9
1356460 1587.8
1356470 1587.9
1356480 1587.9
1356490 1587.8
1356500 1587.9
1356510 1587.9
1356520 1587.9
1356530 1587.9
1356540 1587.9
1356550 1588.0
1356560 1588.1
1356570 1588.1
1356580 1588.1
1356590 1588.1
1356600 1588.2
1356610 1588.2
1356620 1588.1
1356630 1588.3
1356640 1588.3
1356650 1588.4
1356660 1588.5
1356670 1588.5
1356680 1588.5
1356690 1588.5
1356700 1588.5
1356710 1588.4
1356720 1588.5
1356730 1588.5
1356740 1588.4
1356750 1588.1
1356760 1588.1
1356770 1588.5
1356780 1588.4
1356790 1588.4
1356800 1588.5
1356810 1589.3
1356820 1589.6
1356830 1589.6
1356840 1590.4
1356850 1590.9
1356860 1590.9
1356870 1591.5
1356880 1592.1
1356890 1592.1
1356900 1592.6
1356910 1592.8
1356920 1592.8
1356930 1592.6
1356940 1593.0
1356950 1593.0
1356960 1593.8
1356970 1595.1
1356980 1595.1
1356990 1598.3
1357000 1603.4
1357010 1603.4
1357020 1608.4
1357030 1613.4
1357040 1613.4
1357050 1618.5
1357060 1624.2
1357070 1630.2
1357080 1630.2
1357090 1636.5
1357100 1642.6
1357110 1642.6
1357120 1648.7
1357130 1654.3
1357140 1654.3
1357150 1660.1
1357160 1665.9
1357170 1665.9
1357180 1672.2
1357190 1678.7
1357200 1678.7
1357210 1685.0
1357220 1691.5
1357230 1691.5
1357240 1699.4
1357250 1706.6
1357260 1706.6
1357270 1714.8
1357280 1723.9
1357290 1733.4
1357300 1733.4
1357310 1748.0
1357320 1763.7
1357330 1763.7
1357340 1775.7
1357350 1786.1
1357360 1786.1
1357370 1793.4
1357380 1803.6
1357390 1803.6
1357400 1813.8
1357410 1823.3
1357420 1823.3
1357430 1831.3
1357440 1838.9
1357450 1838.9
1357460 1846.8
1357470 1854.6
1357480 1854.6
1357490 1862.1
1357500 1870.4
1357510 1870.4
1357520 1880.3
1357530 1887.7
1357540 1891.3
1357550 1891.3
1357560 1891.6
1357570 1893.2
1357580 1893.2
1357590 1897.3
1357600 1900.7
1357610 1900.7
1357620 1898.1
1357630 1889.7
1357640 1889.7
1357650 1890.2
1357660 1891.9
1357670 1891.9
1357680 1894.6
1357690 1898.6
1357700 1898.6
1357710 1903.7
1357720 1910.1
1357730 1910.1
1357740 1916.5
1357750 1925.9
1357760 1934.7
1357770 1934.7
1357780 1943.6
1357790 1952.3
1357800 1952.3
1357810 1961.5
1357820 1981.6
1357830 1981.6
1357840 1992.7
1357850 2002.3
1357860 2002.3
1357870 2011.0
1357880 2018.5
1357890 2018.5
1357900 2025.8
1357910 2033.2
1357920 2033.2
1357930 2039.7
1357940 2047.4
1357950 2047.4
1357960 2053.9
1357970 2058.6
1357980 2058.6
1357990 2062.9
1358000 2067.3
1358010 2072.3
1358020 2072.3
1358030 2077.5
1358040 2083.5
1358050 2083.5
1358060 2089.4
1358070 2095.4
1358080 2095.4
1358090 2100.7
1358100 2106.2
1358110 2106.2
1358120 2113.3
1358130 2124.1
1358140 2124.1
1358150 2132.5
1358160 2140.4
1358170 2140.4
1358180 2146.9
1358190 2155.9
1358200 2155.9
1358210 2166.2
1358220 2171.8
1358230 2176.9
1358240 2176.9
1358250 2179.6
1358260 2181.8
1358270 2181.8
1358280 2185.9
1358290 2191.2
1358300 2191.2
1358310 2196.2
1358320 2201.7
1358330 2201.7
1358340 2207.5
1358350 2214.2
1358360 2214.2
1358370 2219.5
1358380 2223.5
1358390 2223.5
1358400 2224.7
1358410 2226.1
1358420 2226.1
1358430 2225.4
1358440 2225.3
1358450 2225.3
1358460 2229.1
1358470 2234.7
1358480 2238.1
1358490 2238.1
1358500 2240.2
1358510 2241.5
1358520 2241.5
1358530 2243.0
1358540 2244.2
1358550 2244.2
1358560 2242.7
1358570 2243.9
1358580 2243.9
1358590 2244.1
1358600 2242.5
1358610 2242.5
1358620 2243.5
1358630 2245.7
1358640 2245.7
1358650 2248.0
1358660 2250.1
1358670 2250.1
1358680 2250.7
1358690 2251.2
1358700 2256.6
1358710 2256.6
1358720 2260.4
1358730 2262.4
1358740 2262.4
1358750 2266.3
1358760 2275.5
1358770 2275.5
1358780 2284.6
1358790 2292.4
1358800 2292.4
1358810 2299.2
1358820 2303.6
1358830 2297.3
1358840 2297.8
1358850 2304.2
1358860 2304.2
1358870 2312.0
1358880 2315.2
1358890 2315.2
1358900 2316.4
1358910 2318.6
1358920 2318.6
1358930 2323.4
1358940 2330.8
1358950 2339.1
1358960 2339.1
1358970 2346.6
1358980 2353.6
1358990 2353.6
1359000 2360.2
1359010 2365.6
1359020 2365.6
1359030 2370.8
1359040 2375.8
1359050 2375.8
1359060 2380.7
1359070 2384.2
1359080 2384.2
1359090 2386.0
1359100 2388.8
1359110 2388.8
1359120 2394.0
1359130 2400.5
1359140 2400.5
1359150 2406.7
1359160 2413.0
1359170 2419.4
1359180 2419.4
1359190 2426.0
1359200 2432.7
1359210 2432.7
1359220 2440.0
1359230 2447.3
1359240 2447.3
1359250 2455.1
1359260 2467.1
1359270 2467.1
1359280 2481.1
1359290 2494.3
1359300 2494.3
1359310 2502.0
1359320 2497.1
1359330 2497.1
1359340 2492.1
1359350 2495.6
1359360 2495.6
1359370 2509.8
1359380 2526.4
1359390 2526.4
1359400 2545.2
1359410 2560.9
1359420 2573.1
1359430 2573.1
1359440 2582.8
1359450 2591.7
1359460 2591.7
1359470 2600.5
1359480 2609.2
1359490 2609.2
1359500 2618.2
1359510 2627.5
1359520 2627.5
1359530 2635.5
1359540 2643.3
1359550 2643.3
1359560 2650.9
1359570 2659.7
1359580 2659.7
1359590 2669.3
1359600 2678.8
1359610 2678.8
1359620 2687.4
1359630 2697.0
1359640 2705.5
1359650 2705.5
1359660 2711.5
1359670 2718.8
1359680 2718.8
1359690 2728.1
1359700 2737.7
1359710 2737.7
1359720 2746.8
1359730 2755.4
1359740 2755.4
1359750 2764.6
1359760 2773.7
1359770 2773.7
1359780 2781.8
1359790 2789.5
1359800 2789.5
1359810 2797.8
1359820 2808.1
1359830 2808.1
1359840 2818.7
1359850 2830.3
1359860 2830.3
1359870 2838.4
1359880 2848.7
1359890 2862.0
1359900 2862.0
1359910 2874.6
1359920 2886.0
1359930 2886.0
1359940 2897.0
1359950 2911.2
1359960 2911.2
1359970 2923.0
1359980 2928.2
1359990 2928.2
