1340000 1946.9
1340010 1946.9
1340020 1960.6
1340030 1976.2
1340040 1984.3
1340050 1984.3
1340060 2002.9
1340070 2016.6
1340080 2016.6
1340090 2021.4
1340100 2026.6
1340110 2026.6
1340120 2032.6
1340130 2047.2
1340140 2047.2
1340150 2057.5
1340160 2077.4
1340170 2077.4
1340180 2087.3
1340190 2094.2
1340200 2094.2
1340210 2101.6
1340220 2109.0
1340230 2109.0
1340240 2117.0
1340250 2124.9
1340260 2132.9
1340270 2132.9
1340280 2140.9
1340290 2149.1
1340300 2149.1
1340310 2157.5
1340320 2164.8
1340330 2164.8
1340340 2172.2
1340350 2180.1
1340360 2180.1
1340370 2188.4
1340380 2196.8
1340390 2196.8
1340400 2204.6
1340410 2213.0
1340420 2213.0
1340430 2221.9
1340440 2232.5
1340450 2232.5
1340460 2245.9
1340470 2267.6
1340480 2267.6
1340490 2289.2
1340500 2300.2
1340510 2308.9
1340520 2308.9
1340530 2318.9
1340540 2326.4
1340550 2326.4
1340560 2330.7
1340570 2334.5
1340580 2334.5
1340590 2338.9
1340600 2344.3
1340610 2344.3
1340620 2350.9
1340630 2357.1
1340640 2357.1
1340650 2361.8
1340660 2366.9
1340670 2366.9
1340680 2374.1
1340690 2382.0
1340700 2382.0
1340710 2389.6
1340720 2395.4
1340730 2399.0
1340740 2399.0
1340750 2404.1
1340760 2410.1
1340770 2410.1
1340780 2414.5
1340790 2418.9
1340800 2418.9
1340810 2424.0
1340820 2429.0
1340830 2429.0
1340840 2434.4
1340850 2438.9
1340860 2438.9
1340870 2444.3
1340880 2450.2
1340890 2450.2
1340900 2456.3
1340910 2462.1
1340920 2462.1
1340930 2467.7
1340940 2473.8
1340950 2473.8
1340960 2480.4
1340970 2488.8
1340980 2496.1
1340990 2496.1
1341000 2502.6
1341010 2509.0
1341020 2509.0
1341030 2514.9
1341040 2523.5
1341050 2523.5
1341060 2532.2
1341070 2540.9
1341080 2540.9
1341090 2549.1
1341100 2557.3
1341110 2557.3
1341120 2565.5
1341130 2573.6
1341140 2573.6
1341150 2581.8
1341160 2589.9
1341170 2589.9
1341180 2597.9
1341190 2605.6
1341200 2613.9
1341210 2613.9
1341220 2623.0
1341230 2630.8
1341240 2630.8
1341250 2638.8
1341260 2647.8
1341270 2647.8
1341280 2658.4
1341290 2672.0
1341300 2672.0
1341310 2685.3
1341320 2688.9
1341330 2688.9
1341340 2678.5
1341350 2667.9
1341360 2667.9
1341370 2658.2
1341380 2649.3
1341390 2649.3
1341400 2640.4
1341410 2628.7
1341420 2628.7
1341430 2615.5
1341440 2601.8
1341450 2584.9
1341460 2584.9
1341470 2565.6
1341480 2549.4
1341490 2549.4
1341500 2538.1
1341510 2531.2
1341520 2531.2
1341530 2524.7
1341540 2518.8
1341550 2518.8
1341560 2514.9
1341570 2512.8
1341580 2512.8
1341590 2512.0
1341600 2512.2
1341610 2512.2
1341620 2512.0
1341630 2510.8
1341640 2510.8
1341650 2510.0
1341660 2505.8
1341670 2500.0
1341680 2500.0
1341690 2494.3
1341700 2489.0
1341710 2489.0
1341720 2484.3
1341730 2480.1
1341740 2480.1
1341750 2475.6
1341760 2472.2
1341770 2472.2
1341780 2469.7
1341790 2465.8
1341800 2465.8
1341810 2459.7
1341820 2451.2
1341830 2451.2
1341840 2440.9
1341850 2431.8
1341860 2431.8
1341870 2423.7
1341880 2416.2
1341890 2416.2
1341900 2409.0
1341910 2402.1
1341920 2403.3
1341930 2403.3
1341940 2399.3
1341950 2395.6
1341960 2395.6
1341970 2391.5
1341980 2388.9
1341990 2388.9
1342000 2385.2
1342010 2378.4
1342020 2378.4
1342030 2371.1
1342040 2367.8
1342050 2367.8
1342060 2366.2
1342070 2364.9
1342080 2364.9
1342090 2362.6
1342100 2358.3
1342110 2358.3
1342120 2351.0
1342130 2341.5
1342140 2341.5
1342150 2333.9
1342160 2328.4
1342170 2324.2
1342180 2324.2
1342190 2321.0
1342200 2319.1
1342210 2319.1
1342220 2318.8
1342230 2319.3
1342240 2319.3
1342250 2315.6
1342260 2308.2
1342270 2308.2
1342280 2300.9
1342290 2293.0
1342300 2293.0
1342310 2285.0
1342320 2276.0
1342330 2276.0
1342340 2270.2
1342350 2266.9
1342360 2266.9
1342370 2264.2
1342380 2261.9
1342390 2261.7
1342400 2261.7
1342410 2264.6
1342420 2263.8
1342430 2263.8
1342440 2264.0
1342450 2263.6
1342460 2263.6
1342470 2259.9
1342480 2255.9
1342490 2255.9
1342500 2249.4
1342510 2239.6
1342520 2239.6
1342530 2232.4
1342540 2230.0
1342550 2230.0
1342560 2226.6
1342570 2226.2
1342580 2226.2
1342590 2232.0
1342600 2240.0
1342610 2240.0
1342620 2243.6
1342630 2242.2
1342640 2241.2
1342650 2241.2
1342660 2239.2
1342670 2243.1
1342680 2243.1
1342690 2246.1
1342700 2244.9
1342710 2244.9
1342720 2252.8
1342730 2252.1
1342740 2252.1
1342750 2247.9
1342760 2243.0
1342770 2243.0
1342780 2237.9
1342790 2231.7
1342800 2231.7
1342810 2222.4
1342820 2216.4
1342830 2216.4
1342840 2209.0
1342850 2200.0
1342860 2190.4
1342870 2190.4
1342880 2178.3
1342890 2166.7
1342900 2166.7
1342910 2156.9
1342920 2148.6
1342930 2148.6
1342940 2141.1
1342950 2134.7
1342960 2134.7
1342970 2129.1
1342980 2123.6
1342990 2123.6
1343000 2118.7
1343010 2114.2
1343020 2114.2
1343030 2110.6
1343040 2107.0
1343050 2107.0
1343060 2102.6
1343070 2097.1
1343080 2097.1
1343090 2091.3
1343100 2087.6
1343110 2084.3
1343120 2084.3
1343130 2080.1
1343140 2075.0
1343150 2075.0
1343160 2070.7
1343170 2064.7
1343180 2064.7
1343190 2052.5
1343200 2040.0
1343210 2040.0
1343220 2029.4
1343230 2021.0
1343240 2021.0
1343250 2011.9
1343260 2001.6
1343270 2001.6
1343280 1996.0
1343290 1989.6
1343300 1989.6
1343310 1978.2
1343320 1966.7
1343330 1958.6
1343340 1958.6
1343350 1952.2
1343360 1946.3
1343370 1946.3
1343380 1939.4
1343390 1931.8
1343400 1931.8
1343410 1923.8
1343420 1916.2
1343430 1916.2
1343440 1908.9
1343450 1903.0
1343460 1903.0
1343470 1896.8
1343480 1891.0
1343490 1891.0
1343500 1885.7
1343510 1879.8
1343520 1879.8
1343530 1874.7
1343540 1872.6
1343550 1872.6
1343560 1872.0
1343570 1870.3
1343580 1868.8
1343590 1868.8
1343600 1869.2
1343610 1872.8
1343620 1872.8
1343630 1874.0
1343640 1873.3
1343650 1873.3
1343660 1869.9
1343670 1868.9
1343680 1868.9
1343690 1873.5
1343700 1877.6
1343710 1879.0
1343720 1880.3
1343730 1881.6
1343740 1881.6
1343750 1883.7
1343760 1886.1
1343770 1886.1
1343780 1889.1
1343790 1892.8
1343800 1898.2
1343810 1898.2
1343820 1906.7
1343830 1918.0
1343840 1918.0
1343850 1933.7
1343860 1949.8
1343870 1949.8
1343880 1961.5
1343890 1973.3
1343900 1973.3
1343910 1979.4
1343920 1983.8
1343930 1983.8
1343940 1986.3
1343950 1990.5
1343960 1990.5
1343970 1995.7
1343980 2002.1
1343990 2002.1
1344000 2009.3
1344010 2018.7
1344020 2018.7
1344030 2030.7
1344040 2042.2
1344050 2052.3
1344060 2052.3
1344070 2062.3
1344080 2072.5
1344090 2072.5
1344100 2080.9
1344110 2088.4
1344120 2088.4
1344130 2095.8
1344140 2103.3
1344150 2103.3
1344160 2110.8
1344170 2117.7
1344180 2117.7
1344190 2125.5
1344200 2137.5
1344210 2137.5
1344220 2146.4
1344230 2160.9
1344240 2160.9
1344250 2170.1
1344260 2181.6
1344270 2197.2
1344280 2197.2
1344290 2214.7
1344300 2231.5
1344310 2231.5
1344320 2246.1
1344330 2258.6
1344340 2258.6
1344350 2266.4
1344360 2271.9
1344370 2271.9
1344380 2275.6
1344390 2281.3
1344400 2281.3
1344410 2287.7
1344420 2292.8
1344430 2292.8
1344440 2297.4
1344450 2301.7
1344460 2301.7
1344470 2305.4
1344480 2310.1
1344490 2310.1
1344500 2317.0
1344510 2323.6
1344520 2329.7
1344530 2329.7
1344540 2336.6
1344550 2343.5
1344560 2343.5
1344570 2349.9
1344580 2356.9
1344590 2356.9
1344600 2364.4
1344610 2372.3
1344620 2372.3
1344630 2378.9
1344640 2385.0
1344650 2385.0
1344660 2390.8
1344670 2394.9
1344680 2394.9
1344690 2396.1
1344700 2398.3
1344710 2398.3
1344720 2401.9
1344730 2405.4
1344740 2407.7
1344750 2407.7
1344760 2408.6
1344770 2409.1
1344780 2409.1
1344790 2411.8
1344800 2416.7
1344810 2416.7
1344820 2418.3
1344830 2418.7
1344840 2418.7
1344850 2422.1
1344860 2427.3
1344870 2427.3
1344880 2431.9
1344890 2436.4
1344900 2436.4
1344910 2442.2
1344920 2447.0
1344930 2447.0
1344940 2450.2
1344950 2451.1
1344960 2451.1
1344970 2452.3
1344980 2455.2
1344990 2459.4
1345000 2459.4
1345010 2462.0
1345020 2462.7
1345030 2462.7
1345040 2463.7
1345050 2463.0
1345060 2463.0
1345070 2464.3
1345080 2467.7
1345090 2467.7
1345100 2470.7
1345110 2475.2
1345120 2475.2
1345130 2478.6
1345140 2480.9
1345150 2480.9
1345160 2482.2
1345170 2486.7
1345180 2486.7
1345190 2497.8
1345200 2506.2
1345210 2514.5
1345220 2514.5
1345230 2518.6
1345240 2512.9
1345250 2512.9
1345260 2512.9
1345270 2519.7
1345280 2519.7
1345290 2535.7
1345300 2550.8
1345310 2550.8
1345320 2564.2
1345330 2576.9
1345340 2576.9
1345350 2580.3
1345360 2569.3
1345370 2569.3
1345380 2566.9
1345390 2575.8
1345400 2575.8
1345410 2589.4
1345420 2602.1
1345430 2602.1
1345440 2609.1
1345450 2609.3
1345460 2608.8
1345470 2608.8
1345480 2607.7
1345490 2606.9
1345500 2606.9
1345510 2607.2
1345520 2595.0
1345530 2595.0
1345540 2600.9
1345550 2608.5
1345560 2608.5
1345570 2617.2
1345580 2626.6
1345590 2626.6
1345600 2637.3
1345610 2646.9
1345620 2646.9
1345630 2656.3
1345640 2665.0
1345650 2665.0
1345660 2674.6
1345670 2681.5
1345680 2681.5
1345790 2722.2
1345800 2724.4
1345810 2724.4
1345820 2731.2
1345830 2739.4
1345840 2739.4
1345850 2746.7
1345860 2754.7
1345870 2754.7
1345880 2764.5
1345890 2775.1
1345900 2775.1
1345910 2784.1
1345920 2791.9
1345930 2801.0
1345940 2801.0
1345950 2810.6
1345960 2819.3
1345970 2819.3
1345980 2826.7
1345990 2837.4
1346000 2837.4
1346010 2850.6
1346020 2862.5
1346030 2862.5
1346040 2872.5
1346050 2881.8
1346060 2881.8
1346070 2899.2
1346080 2910.0
1346090 2910.0
1346100 2889.9
1346110 2871.6
1346120 2871.6
1346130 2854.8
1346140 2844.4
1346150 2844.4
1346160 2838.0
1346170 2831.5
1346180 2824.9
1346190 2824.9
1346200 2819.2
1346210 2813.0
1346220 2813.0
1346230 2806.3
1346240 2798.4
1346250 2798.4
1346260 2791.9
1346270 2784.5
1346280 2784.5
1346290 2776.2
1346300 2768.7
1346310 2768.7
1346320 2761.5
1346330 2753.8
1346340 2753.8
1346350 2745.7
1346360 2737.0
1346370 2737.0
1346380 2727.4
1346390 2720.1
1346400 2714.1
1346410 2714.1
1346420 2708.2
1346430 2702.4
1346440 2701.1
1346450 2695.2
1346460 2689.2
1346470 2689.2
1346480 2683.3
1346490 2677.5
1346500 2677.5
1346510 2671.7
1346520 2666.1
1346530 2666.1
1346540 2661.0
1346550 2656.8
1346560 2656.8
1346570 2652.0
1346580 2644.9
1346590 2644.9
1346600 2636.8
1346610 2628.4
1346620 2628.4
1346630 2618.2
1346640 2610.1
1346650 2604.8
1346660 2604.8
1346670 2601.7
1346680 2597.3
1346690 2597.3
1346700 2591.8
1346710 2586.0
1346720 2586.0
1346730 2578.9
1346740 2571.9
1346750 2571.9
1346760 2565.7
1346770 2559.8
1346780 2559.8
1346790 2553.7
1346800 2548.3
1346810 2548.3
1346820 2543.4
1346830 2538.6
1346840 2538.6
1346850 2533.8
1346860 2529.2
1346870 2524.7
1346880 2524.7
1346890 2520.1
1346900 2515.5
1346910 2515.5
1346920 2511.2
1346930 2506.7
1346940 2506.7
1346950 2502.5
1346960 2498.5
1346970 2498.5
1346980 2494.4
1346990 2490.1
1347000 2490.1
1347010 2486.2
1347020 2482.0
1347030 2482.0
1347040 2477.5
1347050 2473.0
1347060 2473.0
1347070 2468.9
1347080 2465.2
1347090 2465.2
1347100 2460.3
1347110 2455.2
1347120 2449.8
1347130 2449.8
1347140 2444.5
1347150 2439.7
1347160 2439.7
1347170 2435.9
1347180 2431.8
1347190 2431.8
1347200 2428.2
1347210 2424.0
1347220 2424.0
1347230 2419.3
1347240 2414.7
1347250 2414.7
1347260 2408.9
1347270 2403.5
1347280 2403.5
1347290 2398.6
1347300 2392.9
1347310 2392.9
1347320 2387.1
1347330 2382.6
1347340 2377.7
1347350 2377.7
1347360 2374.5
1347370 2370.8
1347380 2370.8
1347390 2367.2
1347400 2363.3
1347410 2363.3
1347420 2359.6
1347430 2355.8
1347440 2355.8
1347450 2352.5
1347460 2349.6
1347470 2349.6
1347480 2346.5
1347490 2342.6
1347500 2342.6
1347510 2337.5
1347520 2331.6
1347530 2331.6
1347540 2326.1
1347550 2323.3
1347560 2323.3
1347570 2321.7
1347580 2320.4
1347590 2318.6
1347600 2318.6
1347610 2316.4
1347620 2313.8
1347630 2313.8
1347640 2310.9
1347650 2307.9
1347660 2307.9
1347670 2305.3
1347680 2303.3
1347690 2303.3
1347700 2301.7
1347710 2298.8
1347720 2298.8
1347730 2295.4
1347740 2292.3
1347750 2292.3
1347760 2289.9
1347770 2287.2
1347780 2287.2
1347790 2283.5
1347800 2277.7
1347810 2272.1
1347820 2272.1
1347830 2267.1
1347840 2263.3
1347850 2263.3
1347860 2260.6
1347870 2258.8
1347880 2258.8
1347890 2258.1
1347900 2256.8
1347910 2256.8
1347920 2255.5
1347930 2253.7
1347940 2253.7
1347950 2251.6
1347960 2249.9
1347970 2249.9
1347980 2246.6
1347990 2243.6
1348000 2243.6
1348010 2240.6
1348020 2237.9
1348030 2237.9
1348040 2236.0
1348050 2233.9
1348060 2230.4
1348070 2230.4
1348080 2225.8
1348090 2221.3
1348100 2221.3
1348110 2217.3
1348120 2214.0
1348130 2214.0
1348140 2210.9
1348150 2208.0
1348160 2208.0
1348170 2204.5
1348180 2201.5
1348190 2201.5
1348200 2198.6
1348210 2197.1
1348220 2197.1
1348230 2194.9
1348240 2193.0
1348250 2193.0
1348260 2190.6
1348270 2187.6
1348280 2183.8
1348290 2185.5
1348300 2182.1
1348310 2178.1
1348320 2178.1
1348330 2173.9
1348340 2171.1
1348350 2171.1
1348360 2168.1
1348370 2165.2
1348380 2165.2
1348390 2162.5
1348400 2158.3
1348410 2158.3
1348420 2151.5
1348430 2142.4
1348440 2142.4
1348450 2134.8
1348460 2129.3
1348470 2129.3
1348480 2118.2
1348490 2105.7
1348500 2105.7
1348510 2094.0
1348520 2081.7
1348530 2076.4
1348540 2076.4
1348550 2084.7
1348560 2084.1
1348570 2084.1
1348580 2071.0
1348590 2056.0
1348600 2056.0
1348610 2051.4
1348620 2044.6
1348630 2044.6
1348640 2037.6
1348650 2030.8
1348660 2030.8
1348670 2025.8
1348680 2022.1
1348690 2022.1
1348700 2020.3
1348710 2016.7
1348720 2016.7
1348730 2015.2
1348740 2011.7
1348750 2009.1
1348760 2009.1
1348770 2006.7
1348780 2004.0
1348790 2004.0
1348800 2002.0
1348810 1998.7
1348820 1998.7
1348830 1994.7
1348840 1994.8
1348850 1994.8
1348860 1996.6
1348870 2000.2
1348880 2000.2
1348890 2001.2
1348900 2001.7
1348910 2001.7
1348920 2002.6
1348930 2004.5
1348940 2004.5
1348950 2006.4
1348960 2009.4
1348970 2009.4
1348980 2014.0
1348990 2018.9
1349000 2024.5
1349010 2024.5
1349020 2031.2
1349030 2038.5
1349040 2038.5
1349050 2042.5
1349060 2037.2
1349070 2037.2
1349080 2031.7
1349090 2026.4
1349100 2026.4
1349110 2022.9
1349120 2021.7
1349130 2021.7
1349140 2024.6
1349150 2029.7
1349160 2029.7
1349170 2034.5
1349180 2039.6
1349190 2039.6
1349200 2045.9
1349210 2052.1
1349220 2058.5
1349230 2061.3
1349240 2067.8
1349250 2074.3
1349260 2074.3
1349270 2081.0
1349280 2087.9
1349290 2087.9
1349300 2095.4
1349310 2103.0
1349320 2103.0
1349330 2110.2
1349340 2117.3
1349350 2117.3
1349360 2124.5
1349370 2131.5
1349380 2131.5
1349390 2138.6
1349400 2149.2
1349410 2149.2
1349420 2159.2
1349430 2168.6
1349440 2168.6
1349450 2180.3
1349460 2198.4
1349470 2216.1
1349480 2216.1
1349490 2221.8
1349500 2226.0
1349510 2226.0
1349520 2229.8
1349530 2234.3
1349540 2234.3
1349550 2239.7
1349560 2244.2
1349570 2244.2
1349580 2248.5
1349590 2253.2
1349600 2253.2
1349610 2257.5
1349620 2261.5
1349630 2261.5
1349640 2265.4
1349650 2269.2
1349660 2269.2
1349670 2273.1
1349680 2277.7
1349690 2283.0
1349700 2283.0
1349710 2289.0
1349720 2295.1
1349730 2295.1
1349740 2301.5
1349750 2308.2
1349760 2308.2
1349770 2315.2
1349780 2322.6
1349790 2322.6
1349800 2330.1
1349810 2337.3
1349820 2337.3
1349830 2347.9
1349840 2359.6
1349850 2359.6
1349860 2370.5
1349870 2381.6
1349880 2381.6
1349890 2393.6
1349900 2405.0
1349910 2405.0
1349920 2413.5
1349930 2423.1
1349940 2432.8
1349950 2432.8
1349960 2439.9
1349970 2445.6
1349980 2445.6
1349990 2450.5
1350000 2455.1
1350010 2455.1
1350020 2458.8
1350030 2462.4
1350040 2462.4
1350050 2465.9
1350060 2470.6
1350070 2470.6
1350080 2474.7
1350090 2478.6
1350100 2478.6
1350110 2481.8
1350120 2486.2
1350130 2486.2
1350140 2489.8
1350150 2492.1
1350160 2495.7
1350170 2492.8
1350180 2496.6
1350190 2500.7
1350200 2500.7
1350210 2505.2
1350220 2509.3
1350230 2509.3
1350240 2513.0
1350250 2516.1
1350260 2516.1
1350270 2520.0
1350280 2524.0
1350290 2524.0
1350300 2527.9
1350310 2531.9
1350320 2531.9
1350330 2535.4
1350340 2539.4
1350350 2539.4
1350360 2543.3
1350370 2545.8
1350380 2545.8
1350390 2548.2
1350400 2550.3
1350410 2552.5
1350420 2552.5
1350430 2554.6
1350440 2555.9
1350450 2555.9
1350460 2558.2
1350470 2562.2
1350480 2562.2
1350490 2567.1
1350500 2571.8
1350510 2571.8
1350520 2576.9
1350530 2580.8
1350540 2580.8
1350550 2582.7
1350560 2588.9
1350570 2588.9
1350580 2594.7
1350590 2599.7
1350600 2599.7
1350610 2604.1
1350620 2608.3
1350630 2608.3
1350640 2612.8
1350650 2617.6
1350660 2623.5
1350670 2623.5
1350680 2630.9
1350690 2637.4
1350700 2637.4
1350710 2644.1
1350720 2651.0
1350730 2651.0
1350740 2657.6
1350750 2664.5
1350760 2664.5
1350770 2674.0
1350780 2686.6
1350790 2686.6
1350800 2696.8
1350810 2704.0
1350820 2704.0
1350830 2709.2
1350840 2714.1
1350850 2714.1
1350860 2718.4
1350870 2721.9
1350880 2722.8
1350890 2722.8
1350900 2718.3
1350910 2713.2
1350920 2713.2
1350930 2715.0
1350940 2720.8
1350950 2720.8
1350960 2725.4
1350970 2729.0
1350980 2729.0
1350990 2732.6
1351000 2736.6
1351010 2736.6
1351020 2740.3
1351030 2745.3
1351040 2745.3
1351050 2749.5
1351060 2753.6
1351070 2753.6
1351080 2757.5
1351090 2762.3
1351100 2762.3
1351110 2767.0
1351120 2767.9
1351130 2770.5
1351140 2770.5
1351150 2775.3
1351160 2784.1
1351170 2784.1
1351180 2791.5
1351190 2801.8
1351200 2801.8
1351210 2816.1
1351220 2827.5
1351230 2827.5
1351240 2839.3
1351250 2848.2
1351260 2848.2
1351270 2855.4
1351280 2861.8
1351290 2861.8
1351300 2867.5
1351310 2871.9
1351320 2871.9
1351330 2877.7
1351340 2882.6
1351350 2887.3
1351360 2887.3
1351370 2895.3
1351380 2904.2
1351390 2904.2
1351400 2912.8
1351410 2920.0
1351420 2920.0
1351430 2926.7
1351440 2934.3
1351450 2934.3
1351460 2941.6
1351470 2949.9
1351480 2949.9
1351490 2959.7
1351500 2957.9
1351510 2957.9
1351520 2961.6
1351530 2969.4
1351540 2969.4
1351550 2973.0
1351560 2974.1
1351570 2974.1
1351580 2975.1
1351590 2973.8
1351600 2976.2
1351610 2976.2
1351620 2982.6
1351630 2988.3
1351640 2988.3
1351650 2986.6
1351660 2993.1
1351670 2993.1
1351680 2996.3
1351690 3000.2
1351700 3000.2
1351710 3007.7
1351720 3017.8
1351730 3017.8
1351740 3025.9
1351750 3023.5
1351760 3023.5
1351770 3015.9
1351780 3006.8
1351790 3006.8
1351800 3001.0
1351810 2994.2
1351820 2988.3
1351830 2988.3
1351840 2979.7
1351850 2978.3
1351860 2978.3
1351870 2973.0
1351880 2963.0
1351890 2963.0
1351900 2949.7
1351910 2934.4
1351920 2934.4
1351930 2916.3
1351940 2899.3
1351950 2899.3
1351960 2884.5
1351970 2874.0
1351980 2874.0
1351990 2866.3
1352000 2860.5
1352010 2860.5
1352020 2855.1
1352030 2849.7
1352040 2849.7
1352050 2844.8
1352060 2839.9
1352070 2835.2
1352080 2837.5
1352090 2833.4
1352100 2829.6
1352110 2829.6
1352120 2826.3
1352130 2824.6
1352140 2824.6
1352150 2823.1
1352160 2822.1
1352170 2822.1
1352180 2819.6
1352190 2815.5
1352200 2815.5
1352210 2811.2
1352220 2806.4
1352230 2806.4
1352240 2801.6
1352250 2795.5
1352260 2795.5
1352270 2788.8
1352280 2782.8
1352290 2776.4
1352300 2776.4
1352310 2769.4
1352320 2762.3
1352330 2762.3
1352340 2754.9
1352350 2750.6
1352360 2750.6
1352370 2747.2
1352380 2742.9
1352390 2742.9
1352400 2738.9
1352410 2735.1
1352420 2735.1
1352430 2731.5
1352440 2727.1
1352450 2727.1
1352460 2722.6
1352470 2719.1
1352480 2719.1
1352490 2714.0
1352500 2708.3
1352510 2708.3
1352520 2705.2
1352530 2703.6
1352540 2700.1
1352550 2700.1
1352560 2695.3
1352570 2689.2
1352580 2689.2
1352590 2681.9
1352600 2677.3
1352610 2677.3
1352620 2670.7
1352630 2664.2
1352640 2664.2
1352650 2660.3
1352660 2659.1
1352670 2659.1
1352680 2658.1
1352690 2656.4
1352700 2656.4
1352710 2653.6
1352720 2650.6
1352730 2650.6
1352740 2646.5
1352750 2643.1
1352760 2641.9
1352770 2641.9
1352780 2638.1
1352790 2635.7
1352800 2635.7
1352810 2634.0
1352820 2635.2
1352830 2635.2
1352840 2639.2
1352850 2638.8
1352860 2638.8
1352870 2638.4
1352880 2640.2
1352890 2640.2
1352900 2643.1
1352910 2643.2
1352920 2643.2
1352930 2641.8
1352940 2638.7
1352950 2638.7
1352960 2636.4
1352970 2634.0
1352980 2634.0
1352990 2631.5
1353000 2630.0
1353010 2628.0
1353020 2628.0
1353030 2626.9
1353040 2631.1
1353050 2631.1
1353060 2631.9
1353070 2633.8
1353080 2633.8
1353090 2636.1
1353100 2635.6
1353110 2635.6
1353120 2633.4
1353130 2632.0
1353140 2632.0
1353150 2627.5
1353160 2621.7
1353170 2621.7
1353180 2609.9
1353190 2594.7
1353200 2594.7
1353210 2587.2
1353220 2583.8
1353230 2576.0
1353240 2576.0
1353250 2560.4
1353260 2548.5
1353270 2548.5
1353280 2536.3
1353290 2527.0
1353300 2527.0
1353310 2520.9
1353320 2514.8
1353330 2514.8
1353340 2508.9
1353350 2502.5
1353360 2502.5
1353370 2495.6
1353380 2489.6
1353390 2489.6
1353400 2483.9
1353410 2479.9
1353420 2479.9
1353430 2477.4
1353440 2474.2
1353450 2474.2
1353460 2471.3
1353470 2469.9
1353480 2469.4
1353490 2469.4
1353500 2467.3
1353510 2465.7
1353520 2465.7
1353530 2464.8
1353540 2462.7
1353550 2462.7
1353560 2460.2
1353570 2458.8
1353580 2458.8
1353590 2457.5
1353600 2454.9
1353610 2454.9
1353620 2450.9
1353630 2447.1
1353640 2447.1
1353650 2444.2
1353660 2442.2
1353670 2442.2
1353680 2440.3
1353690 2437.3
1353700 2432.7
1353710 2432.7
1353720 2425.7
1353730 2416.8
1353740 2416.8
1353750 2414.2
1353760 2419.0
1353770 2419.0
1353780 2422.6
1353790 2424.4
1353800 2424.4
1353810 2426.8
1353820 2428.9
1353830 2428.9
1353840 2430.4
1353850 2430.9
1353860 2430.9
1353870 2432.6
1353880 2433.6
1353890 2433.6
1353900 2434.1
1353910 2435.4
1353920 2435.4
1353930 2435.7
1353940 2436.0
1353950 2436.9
1353960 2436.9
1353970 2437.8
1353980 2440.3
1353990 2440.3
1354000 2443.4
1354010 2453.3
1354020 2453.3
1354030 2460.5
1354040 2468.0
1354050 2468.0
1354060 2469.7
1354070 2463.6
1354080 2463.6
1354090 2453.3
1354100 2447.2
1354110 2447.2
1354120 2442.7
1354130 2437.0
1354140 2437.0
1354150 2431.5
1354160 2423.0
1354170 2415.0
1354180 2415.0
1354190 2404.0
1354200 2387.5
1354210 2387.5
1354220 2378.2
1354230 2376.9
1354240 2376.9
1354250 2375.3
1354260 2374.0
1354270 2374.0
1354280 2373.6
1354290 2374.4
1354300 2374.4
1354310 2375.2
1354320 2373.8
1354330 2373.8
1354340 2372.7
1354350 2370.7
1354360 2370.7
1354370 2368.2
1354380 2367.5
1354390 2367.5
1354400 2369.0
1354410 2370.9
1354420 2375.1
1354430 2375.1
1354440 2379.7
1354450 2380.0
1354460 2380.0
1354470 2380.3
1354480 2382.9
1354490 2382.9
1354500 2383.1
1354510 2381.9
1354520 2381.9
1354530 2377.3
1354540 2370.6
1354550 2370.6
1354560 2363.2
1354570 2357.2
1354580 2357.2
1354590 2350.5
1354600 2342.8
1354610 2342.8
1354620 2337.1
1354630 2333.0
1354640 2328.6
1354650 2328.6
1354660 2323.7
1354670 2318.7
1354680 2318.7
1354690 2313.0
1354700 2304.7
1354710 2304.7
1354720 2300.6
1354730 2300.9
1354740 2300.9
1354750 2293.8
1354760 2284.2
1354770 2284.2
1354780 2274.9
1354790 2269.3
1354800 2269.3
1354810 2261.3
1354820 2253.1
1354830 2253.1
1354840 2246.1
1354850 2240.5
1354860 2240.5
1354870 2235.8
1354880 2229.5
1354890 2222.2
1354900 2222.2
1354910 2216.4
1354920 2210.3
1354930 2210.3
1354940 2205.0
1354950 2200.1
1354960 2200.1
1354970 2195.4
1354980 2190.8
1354990 2184.1
1355000 2178.7
1355010 2172.7
1355020 2172.7
1355030 2167.8
1355040 2162.2
1355050 2162.2
1355060 2156.9
1355070 2150.6
1355080 2150.6
1355090 2145.0
1355100 2139.8
1355110 2134.6
1355120 2134.6
1355130 2129.3
1355140 2123.5
1355150 2123.5
1355160 2118.2
1355170 2111.6
1355180 2111.6
1355190 2105.1
1355200 2098.9
1355210 2098.9
1355220 2093.4
1355230 2087.1
1355240 2087.1
1355250 2081.5
1355260 2074.4
1355270 2074.4
1355280 2066.1
1355290 2057.1
1355300 2057.1
1355310 2048.0
1355320 2042.3
1355330 2042.3
1355340 2035.6
1355350 2029.4
1355360 2023.0
1355370 2023.0
1355380 2016.3
1355390 2008.2
1355400 2008.2
1355410 2000.3
1355420 1994.9
1355430 1994.9
1355440 1990.6
1355450 1986.4
1355460 1986.4
1355470 1983.5
1355480 1980.9
1355490 1980.9
1355500 1976.4
1355510 1970.6
1355520 1970.6
1355530 1964.0
1355540 1956.5
1355550 1956.5
1355560 1949.1
1355570 1942.6
1355580 1933.9
1355590 1933.9
1355600 1923.7
1355610 1915.4
1355620 1915.4
1355630 1907.9
1355640 1901.7
1355650 1901.7
1355660 1897.8
1355670 1895.3
1355680 1895.3
1355690 1887.8
1355700 1878.3
1355710 1878.3
1355720 1870.4
1355730 1863.2
1355740 1863.2
1355750 1853.5
1355760 1841.6
1355770 1841.6
1355780 1829.5
1355790 1819.6
1355800 1819.6
1355810 1811.3
1355820 1802.9
1355830 1794.3
1355840 1794.3
1355850 1785.5
1355860 1770.9
1355870 1770.9
1355880 1756.1
1355890 1747.8
1355900 1747.8
1355910 1740.9
1355920 1734.4
1355930 1734.4
1355940 1728.4
1355950 1722.6
1355960 1722.6
1355970 1716.7
1355980 1708.8
1355990 1708.8
1356000 1702.6
1356010 1696.5
1356020 1696.5
1356030 1690.0
1356040 1679.0
1356050 1679.0
1356060 1666.3
1356070 1655.4
1356080 1646.0
1356090 1646.0
1356100 1638.1
1356110 1633.3
1356120 1633.3
1356130 1632.5
1356140 1628.3
1356150 1628.3
1356160 1624.3
1356170 1619.3
1356180 1619.3
1356190 1615.0
1356200 1610.8
1356210 1610.8
1356220 1605.8
1356230 1603.0
1356240 1603.0
1356250 1600.8
1356260 1599.3
1356270 1599.3
1356280 1596.9
1356290 1593.2
1356300 1590.4
1356310 1590.4
1356320 1588.3
1356330 1587.5
1356340 1587.5
1356350 1587.1
1356360 1587.3
1356370 1587.3
1356380 1587.2
1356390 1586.8
1356400 1586.8
1356410 1586.5
1356420 1586.3
1356430 1586.3
1356440 1586.4
1356450 1587.1
1356460 1587.1
1356470 1587.2
1356480 1587.2
1356490 1587.2
1356500 1587.2
1356510 1587.3
1356520 1587.3
1356530 1587.3
1356540 1587.4
1356550 1587.4
1356560 1587.4
1356570 1587.5
1356580 1587.3
1356590 1587.3
1356600 1587.3
1356610 1587.2
1356620 1587.2
1356630 1587.4
1356640 1587.3
1356650 1587.3
1356660 1587.3
1356670 1587.2
1356680 1587.2
1356690 1587.2
1356700 1587.2
1356710 1587.2
1356720 1587.4
1356730 1587.3
1356740 1587.3
1356750 1587.3
1356760 1587.6
1356770 1588.8
1356780 1588.8
1356790 1590.6
1356800 1592.9
1356810 1592.9
1356820 1593.8
1356830 1595.7
1356840 1595.7
1356850 1596.5
1356860 1597.5
1356870 1597.5
1356880 1598.7
1356890 1600.5
1356900 1600.5
1356910 1606.3
1356920 1612.8
1356930 1612.8
1356940 1619.7
1356950 1627.2
1356960 1627.2
1356970 1633.6
1356980 1640.8
1356990 1640.8
1357000 1649.4
1357010 1657.0
1357020 1664.4
1357030 1664.4
1357040 1671.7
1357050 1679.6
1357060 1679.6
1357070 1686.0
1357080 1692.7
1357090 1692.7
1357100 1698.5
1357110 1700.9
1357120 1700.9
1357130 1703.4
1357140 1704.4
1357150 1704.4
1357160 1706.6
1357170 1715.7
1357180 1715.7
1357190 1725.2
1357200 1736.3
1357210 1736.3
1357220 1748.4
1357230 1758.3
1357240 1765.8
1357250 1765.8
1357260 1770.4
1357270 1778.4
1357280 1778.4
1357290 1788.0
1357300 1796.3
1357310 1796.3
1357320 1805.9
1357330 1815.1
1357340 1815.1
1357350 1825.7
1357360 1837.5
1357370 1837.5
1357380 1850.5
1357390 1863.4
1357400 1863.4
1357410 1876.4
1357420 1887.6
1357430 1887.6
1357440 1894.1
1357450 1901.5
1357460 1901.5
1357470 1909.3
1357480 1918.2
1357490 1927.7
1357500 1927.7
1357510 1937.1
1357520 1946.5
1357530 1946.5
1357540 1953.6
1357550 1958.8
1357560 1958.8
1357570 1964.5
1357580 1970.6
1357590 1970.6
1357600 1976.2
1357610 1983.6
1357620 1983.6
1357630 1990.3
1357640 1998.0
1357650 1998.0
1357660 2008.2
1357670 2015.5
1357680 2015.5
1357690 2021.6
1357700 2027.0
1357710 2031.7
1357720 2031.7
1357730 2036.4
1357740 2040.9
1357750 2040.9
1357760 2046.5
1357770 2052.2
1357780 2052.2
1357790 2058.3
1357800 2063.8
1357810 2063.8
1357820 2069.5
1357830 2076.0
1357840 2076.0
1357850 2082.7
1357860 2090.3
1357870 2090.3
1357880 2097.7
1357890 2105.0
1357900 2105.0
1357910 2112.8
1357920 2121.2
1357930 2121.2
1357940 2130.0
1357950 2140.2
1357960 2147.0
1357970 2143.4
1357980 2149.6
1357990 2156.6
1358000 2156.6
1358010 2163.7
1358020 2170.9
1358030 2170.9
1358040 2179.6
1358050 2188.5
1358060 2188.5
1358070 2199.0
1358080 2208.5
1358090 2208.5
1358100 2216.7
1358110 2222.5
1358120 2222.5
1358130 2226.1
1358140 2228.1
1358150 2228.1
1358160 2230.3
1358170 2233.4
1358180 2235.2
1358190 2235.2
1358200 2236.5
1358210 2238.2
1358220 2238.2
1358230 2241.0
1358240 2245.5
1358250 2245.5
1358260 2250.7
1358270 2255.8
1358280 2255.8
1358290 2262.3
1358300 2269.7
1358310 2269.7
1358320 2277.6
1358330 2287.0
1358340 2287.0
1358350 2294.2
1358360 2299.5
1358370 2299.5
1358380 2304.1
1358390 2310.0
1358400 2310.0
1358410 2317.5
1358420 2322.9
1358430 2326.9
1358440 2326.9
1358450 2332.3
1358460 2338.7
1358470 2338.7
1358480 2344.9
1358490 2350.8
1358500 2350.8
1358510 2356.9
1358520 2363.2
1358530 2363.2
1358540 2369.9
1358550 2375.9
1358560 2375.9
1358570 2381.2
1358580 2386.3
1358590 2386.3
1358600 2391.9
1358610 2398.2
1358620 2398.2
1358630 2404.2
1358640 2410.4
1358650 2416.0
1358660 2416.0
1358670 2421.2
1358680 2427.6
1358690 2427.6
1358700 2433.2
1358710 2437.9
1358720 2437.9
1358730 2442.2
1358740 2446.2
1358750 2446.2
1358760 2450.4
1358770 2454.0
1358780 2454.0
1358790 2457.2
1358800 2461.1
1358810 2461.1
1358820 2465.1
1358830 2467.6
1358840 2467.6
1358850 2466.8
1358860 2461.8
1358870 2461.8
1358880 2461.6
1358890 2473.3
1358900 2477.4
1358910 2477.4
1358920 2477.3
1358930 2478.1
1358940 2478.1
1358950 2476.8
1358960 2475.4
1358970 2475.4
1358980 2471.5
1358990 2466.9
1359000 2466.9
1359010 2467.3
1359020 2470.2
1359030 2470.2
1359040 2471.4
1359050 2472.1
1359060 2472.1
1359070 2479.3
1359080 2485.1
1359090 2485.1
1359100 2484.7
1359110 2487.7
1359120 2492.8
1359130 2492.8
1359140 2496.1
1359150 2496.7
1359160 2496.7
1359170 2497.6
1359180 2500.0
1359190 2500.0
1359200 2500.1
1359210 2501.6
1359220 2501.6
1359230 2505.8
1359240 2510.0
1359250 2510.0
1359260 2513.3
1359270 2517.6
1359280 2517.6
1359290 2521.0
1359300 2524.8
1359310 2524.8
1359320 2529.5
1359330 2534.6
1359340 2534.6
1359350 2540.0
1359360 2545.1
1359370 2550.1
1359380 2550.1
1359390 2555.3
1359400 2562.3
1359410 2562.3
1359420 2572.0
1359430 2581.8
1359440 2581.8
1359450 2592.3
1359460 2607.7
1359470 2607.7
1359480 2624.7
1359490 2622.8
1359500 2622.8
1359510 2625.7
1359520 2640.1
1359530 2640.1
1359540 2645.4
1359550 2652.5
1359560 2652.5
1359570 2661.9
1359580 2672.2
1359590 2678.4
1359600 2678.4
1359610 2687.0
1359620 2696.6
1359630 2696.6
1359640 2706.5
1359650 2714.5
1359660 2714.5
1359670 2719.2
1359680 2728.2
1359690 2728.2
1359700 2739.2
1359710 2750.0
1359720 2750.0
1359730 2760.5
1359740 2769.9
1359750 2769.9
1359760 2778.4
1359770 2787.4
1359780 2787.4
1359790 2798.5
1359800 2809.7
1359810 2809.7
1359820 2820.3
1359830 2830.4
1359840 2841.5
1359850 2841.5
1359860 2852.8
1359870 2866.2
1359880 2866.2
1359890 2873.3
1359900 2882.7
1359910 2882.7
1359920 2885.9
1359930 2887.0
1359940 2887.0
1359950 2890.4
1359960 2898.8
1359970 2898.8
1359980 2908.8
1359990 2918.2
