1340000 2421.6
1340010 2427.8
1340020 2434.8
1340030 2434.8
1340040 2441.3
1340050 2447.4
1340060 2446.9
1340070 2453.7
1340080 2460.7
1340090 2460.7
1340100 2468.1
1340110 2475.8
1340120 2475.8
1340130 2483.6
1340140 2491.4
1340150 2491.4
1340160 2500.6
1340170 2511.0
1340180 2511.0
1340190 2521.4
1340200 2535.3
1340210 2549.1
1340220 2549.1
1340230 2559.3
1340240 2572.0
1340250 2572.0
1340260 2582.2
1340270 2588.7
1340280 2588.7
1340290 2594.4
1340300 2607.8
1340310 2607.8
1340320 2605.3
1340330 2596.9
1340340 2596.9
1340350 2583.6
1340360 2557.5
1340370 2557.5
1340380 2546.4
1340390 2536.2
1340400 2536.2
1340410 2526.9
1340420 2517.3
1340430 2510.1
1340440 2510.1
1340450 2502.9
1340460 2495.9
1340470 2495.9
1340480 2489.3
1340490 2482.6
1340500 2482.6
1340510 2476.1
1340520 2470.1
1340530 2470.1
1340540 2465.0
1340550 2460.2
1340560 2460.2
1340570 2455.3
1340580 2451.0
1340590 2451.0
1340600 2446.4
1340610 2441.9
1340620 2441.9
1340630 2437.7
1340640 2432.9
1340650 2432.9
1340660 2427.9
1340670 2422.6
1340680 2417.4
1340690 2417.4
1340700 2414.1
1340710 2412.8
1340720 2412.8
1340730 2412.5
1340740 2411.1
1340750 2411.1
1340760 2409.3
1340770 2408.6
1340780 2408.6
1340790 2408.0
1340800 2408.5
1340810 2408.5
1340820 2410.7
1340830 2414.5
1340840 2414.5
1340850 2416.8
1340860 2418.5
1340870 2418.5
1340880 2421.1
1340890 2425.7
1340900 2434.6
1340910 2434.6
1340920 2451.4
1340930 2478.3
1340940 2502.5
1340950 2505.2
1340960 2496.8
1340970 2496.8
1340980 2484.4
1340990 2480.5
1341000 2480.5
1341010 2479.6
1341020 2467.0
1341030 2467.0
1341040 2447.7
1341050 2434.8
1341060 2434.8
1341070 2426.2
1341080 2417.3
1341090 2417.3
1341100 2409.4
1341110 2401.5
1341120 2401.5
1341130 2392.3
1341140 2382.8
1341150 2375.7
1341160 2375.7
1341170 2367.3
1341180 2358.4
1341190 2358.4
1341200 2348.5
1341210 2337.6
1341220 2337.6
1341230 2325.5
1341240 2312.8
1341250 2312.8
1341260 2301.3
1341270 2292.0
1341280 2292.0
1341290 2283.2
1341300 2273.8
1341310 2273.8
1341320 2265.9
1341330 2259.8
1341340 2259.8
1341350 2254.2
1341360 2248.5
1341370 2248.5
1341380 2242.8
1341390 2237.1
1341400 2231.3
1341410 2231.3
1341420 2225.6
1341430 2220.1
1341440 2220.1
1341450 2214.5
1341460 2209.1
1341470 2209.1
1341480 2203.6
1341490 2198.0
1341500 2198.0
1341510 2192.5
1341520 2187.0
1341530 2187.0
1341540 2181.6
1341550 2176.3
1341560 2176.3
1341570 2170.8
1341580 2164.7
1341590 2164.7
1341600 2158.5
1341610 2152.4
1341620 2146.6
1341630 2146.6
1341640 2141.7
1341650 2136.9
1341660 2136.9
1341670 2132.4
1341680 2128.2
1341690 2128.2
1341700 2123.9
1341710 2119.7
1341720 2119.7
1341730 2115.7
1341740 2111.8
1341750 2111.8
1341760 2107.8
1341770 2104.4
1341780 2104.4
1341790 2101.5
1341800 2099.0
1341810 2099.0
1341820 2096.3
1341830 2091.7
1341840 2091.7
1341850 2087.7
1341860 2083.5
1341870 2079.4
1341880 2079.4
1341890 2075.5
1341900 2071.9
1341910 2071.9
1341920 2068.1
1341930 2064.2
1341940 2064.2
1341950 2060.1
1341960 2056.1
1341970 2056.1
1341980 2052.8
1341990 2049.5
1342000 2049.5
1342010 2046.1
1342020 2042.7
1342030 2042.7
1342040 2038.5
1342050 2035.0
1342060 2035.0
1342070 2031.9
1342080 2028.6
1342090 2028.6
1342100 2024.1
1342110 2019.7
1342120 2015.6
1342130 2015.6
1342140 2012.0
1342150 2009.0
1342160 2009.0
1342170 2005.3
1342180 2001.3
1342190 2001.3
1342200 1997.1
1342210 1992.9
1342220 1992.9
1342230 1989.3
1342240 1987.1
1342250 1987.1
1342260 1985.5
1342270 1985.9
1342280 1985.9
1342290 1985.3
1342300 1983.2
1342310 1983.2
1342320 1980.3
1342330 1977.2
1342340 1974.1
1342350 1974.1
1342360 1970.5
1342370 1967.2
1342380 1967.2
1342390 1964.3
1342400 1961.5
1342410 1961.5
1342420 1958.4
1342430 1954.7
1342440 1954.7
1342450 1951.1
1342460 1947.6
1342470 1947.6
1342480 1943.8
1342490 1940.3
1342500 1940.3
1342510 1936.8
1342520 1932.8
1342530 1932.8
1342540 1926.4
1342550 1919.3
1342560 1919.3
1342570 1913.6
1342580 1907.9
1342590 1903.4
1342600 1903.4
1342610 1898.7
1342620 1893.7
1342630 1893.7
1342640 1889.3
1342650 1884.6
1342660 1884.6
1342670 1879.4
1342680 1874.1
1342690 1874.1
1342700 1868.3
1342710 1861.8
1342720 1863.4
1342730 1856.3
1342740 1850.0
1342750 1850.0
1342760 1844.4
1342770 1838.2
1342780 1838.2
1342790 1832.0
1342800 1825.4
1342810 1819.0
1342820 1819.0
1342830 1812.9
1342840 1807.1
1342850 1807.1
1342860 1801.4
1342870 1794.7
1342880 1794.7
1342890 1788.6
1342900 1784.2
1342910 1784.2
1342920 1779.3
1342930 1774.5
1342940 1774.5
1342950 1769.1
1342960 1761.2
1342970 1761.2
1342980 1750.3
1342990 1738.9
1343000 1738.9
1343010 1732.0
1343020 1726.3
1343030 1726.3
1343040 1721.0
1343050 1714.5
1343060 1710.5
1343070 1710.5
1343080 1706.4
1343090 1702.1
1343100 1702.1
1343110 1698.1
1343120 1695.1
1343130 1695.1
1343140 1692.4
1343150 1690.0
1343160 1690.0
1343170 1688.3
1343180 1686.6
1343190 1686.6
1343200 1684.9
1343210 1682.6
1343220 1682.6
1343230 1677.6
1343240 1672.0
1343250 1672.0
1343260 1672.3
1343270 1677.1
1343280 1677.1
1343290 1683.0
1343300 1686.8
1343310 1689.6
1343320 1689.6
1343330 1694.5
1343340 1700.2
1343350 1700.2
1343360 1706.5
1343370 1713.4
1343380 1713.4
1343390 1720.9
1343400 1731.2
1343410 1731.2
1343420 1742.9
1343430 1748.1
1343440 1748.1
1343450 1755.9
1343460 1767.7
1343470 1767.7
1343480 1775.0
1343490 1782.2
1343500 1782.2
1343510 1789.2
1343520 1796.4
1343530 1802.7
1343540 1802.7
1343550 1807.7
1343560 1812.9
1343570 1812.9
1343580 1818.4
1343590 1823.9
1343600 1823.9
1343610 1829.5
1343620 1836.1
1343630 1836.1
1343640 1841.3
1343650 1847.5
1343660 1847.5
1343670 1855.7
1343680 1865.0
1343690 1865.0
1343700 1873.3
1343710 1880.9
1343720 1880.9
1343730 1889.0
1343740 1897.5
1343750 1897.5
1343760 1906.1
1343770 1914.0
1343780 1922.4
1343790 1922.4
1343800 1932.5
1343810 1942.5
1343820 1942.5
1343830 1949.9
1343840 1955.6
1343850 1955.6
1343860 1960.8
1343870 1966.6
1343880 1966.6
1343890 1971.4
1343900 1975.2
1343910 1975.2
1343920 1979.0
1343930 1983.9
1343940 1983.9
1343950 1987.5
1343960 1991.4
1343970 1991.4
1343980 1995.9
1343990 2001.1
1344000 2001.1
1344010 2007.6
1344020 2013.7
1344030 2019.9
1344040 2019.9
1344050 2027.5
1344060 2036.0
1344070 2036.0
1344080 2042.9
1344090 2049.5
1344100 2049.5
1344110 2058.1
1344120 2064.1
1344130 2064.1
1344140 2072.2
1344150 2080.4
1344160 2080.4
1344170 2082.7
1344180 2084.1
1344190 2084.1
1344200 2090.3
1344210 2099.7
1344220 2099.7
1344230 2106.3
1344240 2110.9
1344250 2113.6
1344260 2113.6
1344270 2116.7
1344280 2120.1
1344290 2120.1
1344300 2126.6
1344310 2137.2
1344320 2137.2
1344330 2148.1
1344340 2157.1
1344350 2157.1
1344360 2164.9
1344370 2173.0
1344380 2173.0
1344390 2181.5
1344400 2189.3
1344410 2189.3
1344420 2197.4
1344430 2205.9
1344440 2205.9
1344450 2216.6
1344460 2233.2
1344470 2233.2
1344480 2247.6
1344490 2258.1
1344500 2268.8
1344510 2268.8
1344520 2268.5
1344530 2280.4
1344540 2280.4
1344550 2289.2
1344560 2294.0
1344570 2294.0
1344580 2300.9
1344590 2304.5
1344600 2304.5
1344610 2303.4
1344620 2301.4
1344630 2301.4
1344640 2298.7
1344650 2296.9
1344660 2296.9
1344670 2297.3
1344680 2297.9
1344690 2297.9
1344700 2298.2
1344710 2299.2
1344720 2299.2
1344730 2300.7
1344740 2303.1
1344750 2305.8
1344760 2305.8
1344770 2308.8
1344780 2311.6
1344790 2311.6
1344800 2316.2
1344810 2321.0
1344820 2321.0
1344830 2322.4
1344840 2322.1
1344850 2322.1
1344860 2319.9
1344870 2318.9
1344880 2318.9
1344890 2319.7
1344900 2320.4
1344910 2320.4
1344920 2321.1
1344930 2324.1
1344940 2324.1
1344950 2325.6
1344960 2327.6
1344970 2329.2
1344980 2329.2
1344990 2330.2
1345000 2330.5
1345010 2330.5
1345020 2328.6
1345030 2327.8
1345040 2327.8
1345050 2327.1
1345060 2328.7
1345070 2328.7
1345080 2329.3
1345090 2330.5
1345100 2330.5
1345110 2333.9
1345120 2337.8
1345130 2337.8
1345140 2341.8
1345150 2344.9
1345160 2344.9
1345170 2348.3
1345180 2351.9
1345190 2351.9
1345200 2355.6
1345210 2358.9
1345220 2362.4
1345230 2362.4
1345240 2365.7
1345250 2369.0
1345260 2369.0
1345270 2373.7
1345280 2380.7
1345290 2380.7
1345300 2388.2
1345310 2395.6
1345320 2395.6
1345330 2404.1
1345340 2417.4
1345350 2417.4
1345360 2438.0
1345370 2454.9
1345380 2454.9
1345390 2471.2
1345400 2476.9
1345410 2476.9
1345420 2479.5
1345430 2471.5
1345440 2476.8
1345450 2476.8
1345460 2484.9
1345470 2494.5
1345480 2494.5
1345490 2503.6
1345500 2512.7
1345510 2512.7
1345520 2528.4
1345530 2554.6
1345540 2554.6
1345550 2562.7
1345560 2571.6
1345570 2571.6
1345580 2579.5
1345590 2581.8
1345600 2581.8
1345610 2583.5
1345620 2587.9
1345630 2587.9
1345640 2590.3
1345650 2582.6
1345660 2582.6
1345670 2571.4
1345680 2563.7
1345690 2555.2
1345700 2555.2
1345710 2545.8
1345720 2539.2
1345730 2539.2
1345740 2533.5
1345750 2529.2
1345760 2529.2
1345770 2525.6
1345780 2524.3
1345790 2524.3
1345800 2524.7
1345810 2524.4
1345820 2524.4
1345830 2523.9
1345840 2523.4
1345850 2523.4
1345860 2522.1
1345870 2521.4
1345880 2521.4
1345890 2523.4
1345900 2522.8
1345910 2522.8
1345920 2520.7
1345930 2518.2
1345940 2513.6
1345950 2513.6
1345960 2509.4
1345970 2504.0
1345980 2504.0
1345990 2497.5
1346000 2490.6
1346010 2490.6
1346020 2482.6
1346030 2475.0
1346040 2475.0
1346050 2469.1
1346060 2464.0
1346070 2464.0
1346080 2461.3
1346090 2463.1
1346100 2463.1
1346110 2461.1
1346120 2455.9
1346130 2455.9
1346140 2450.7
1346150 2449.2
1346160 2448.0
1346170 2448.0
1346180 2447.3
1346190 2445.4
1346200 2445.4
1346210 2441.3
1346220 2437.1
1346230 2437.1
1346240 2434.7
1346250 2432.6
1346260 2432.6
1346270 2429.5
1346280 2425.4
1346290 2425.4
1346300 2420.7
1346310 2415.3
1346320 2415.3
1346330 2409.5
1346340 2405.2
1346350 2411.9
1346360 2411.2
1346370 2413.6
1346380 2413.6
1346390 2414.2
1346400 2417.0
1346410 2417.0
1346420 2417.0
1346430 2414.7
1346440 2411.9
1346450 2411.9
1346460 2411.9
1346470 2410.6
1346480 2410.6
1346490 2409.3
1346500 2409.4
1346510 2409.4
1346520 2407.8
1346530 2406.0
1346540 2406.0
1346550 2410.3
1346560 2410.0
1346570 2410.0
1346580 2405.7
1346590 2395.7
1346600 2395.7
1346610 2386.4
1346620 2380.3
1346630 2375.6
1346640 2375.6
1346650 2370.4
1346660 2366.6
1346670 2366.6
1346680 2363.1
1346690 2359.6
1346700 2359.6
1346710 2358.3
1346720 2356.2
1346730 2356.2
1346740 2353.8
1346750 2349.4
1346760 2349.4
1346770 2346.0
1346780 2343.4
1346790 2343.4
1346800 2341.6
1346810 2338.5
1346820 2338.5
1346830 2332.8
1346840 2327.1
1346850 2327.1
1346860 2323.1
1346870 2320.2
1346880 2318.5
1346890 2318.5
1346900 2314.5
1346910 2308.2
1346920 2308.2
1346930 2296.2
1346940 2286.5
1346950 2286.5
1346960 2281.4
1346970 2277.3
1346980 2277.3
1346990 2272.8
1347000 2269.5
1347010 2269.5
1347020 2266.2
1347030 2263.7
1347040 2263.7
1347050 2260.9
1347060 2259.2
1347070 2259.2
1347080 2257.5
1347090 2255.1
1347100 2255.1
1347110 2256.2
1347120 2259.8
1347130 2259.8
1347140 2259.8
1347150 2257.2
1347160 2254.9
1347170 2254.9
1347180 2252.6
1347190 2248.5
1347200 2248.5
1347210 2243.6
1347220 2239.5
1347230 2239.5
1347240 2235.6
1347250 2232.6
1347260 2232.6
1347270 2235.3
1347280 2235.0
1347290 2235.0
1347300 2231.5
1347310 2225.8
1347320 2225.8
1347330 2221.9
1347340 2218.8
1347350 2214.7
1347360 2214.7
1347370 2208.0
1347380 2205.0
1347390 2205.0
1347400 2200.7
1347410 2201.0
1347420 2201.0
1347430 2200.3
1347440 2198.1
1347450 2198.1
1347460 2203.8
1347470 2202.9
1347480 2202.9
1347490 2204.6
1347500 2203.8
1347510 2203.8
1347520 2198.3
1347530 2196.3
1347540 2196.3
1347550 2202.9
1347560 2200.4
1347570 2200.4
1347580 2194.1
1347590 2186.9
1347600 2177.8
1347610 2177.8
1347620 2171.3
1347630 2163.4
1347640 2163.4
1347650 2155.6
1347660 2147.2
1347670 2147.2
1347680 2139.7
1347690 2129.4
1347700 2129.4
1347710 2113.0
1347720 2099.6
1347730 2099.6
1347740 2091.1
1347750 2085.8
1347760 2085.8
1347770 2082.4
1347780 2076.0
1347790 2076.0
1347800 2066.9
1347810 2061.6
1347820 2061.6
1347830 2055.1
1347840 2048.5
1347850 2043.3
1347860 2043.3
1347870 2033.6
1347880 2017.9
1347890 2017.9
1347900 2007.4
1347910 1997.8
1347920 1997.8
1347930 1987.5
1347940 1978.7
1347950 1978.7
1347960 1968.3
1347970 1957.1
1347980 1957.1
1347990 1944.2
1348000 1932.9
1348010 1932.9
1348020 1921.7
1348030 1908.4
1348040 1908.4
1348050 1897.3
1348060 1888.9
1348070 1884.5
1348080 1884.5
1348090 1881.5
1348100 1878.2
1348110 1878.2
1348120 1874.2
1348130 1868.7
1348140 1868.7
1348150 1865.4
1348160 1860.1
1348170 1860.1
1348180 1853.7
1348190 1839.8
1348200 1838.4
1348210 1818.6
1348220 1809.7
1348230 1809.7
1348240 1802.1
1348250 1794.9
1348260 1794.9
1348270 1787.2
1348280 1779.9
1348290 1779.9
1348300 1772.6
1348310 1766.1
1348320 1759.2
1348330 1759.2
1348340 1750.4
1348350 1744.2
1348360 1744.2
1348370 1742.7
1348380 1742.8
1348390 1742.8
1348400 1742.4
1348410 1742.8
1348420 1742.8
1348430 1742.9
1348440 1743.1
1348450 1743.1
1348460 1744.5
1348470 1749.7
1348480 1749.7
1348490 1756.4
1348500 1762.9
1348510 1762.9
1348520 1769.7
1348530 1776.5
1348540 1781.9
1348550 1781.9
1348560 1790.0
1348570 1801.9
1348580 1801.9
1348590 1816.2
1348600 1834.1
1348610 1834.1
1348620 1848.2
1348630 1856.9
1348640 1856.9
1348650 1865.5
1348660 1872.5
1348670 1872.5
1348680 1878.4
1348690 1886.3
1348700 1886.3
1348710 1894.7
1348720 1903.0
1348730 1903.0
1348740 1909.5
1348750 1915.3
1348760 1915.3
1348770 1921.1
1348780 1927.3
1348790 1933.5
1348800 1933.5
1348810 1940.2
1348820 1951.5
1348830 1951.5
1348840 1959.0
1348850 1967.3
1348860 1967.3
1348870 1975.6
1348880 1983.3
1348890 1983.3
1348900 1990.8
1348910 1999.4
1348920 1999.4
1348930 2009.5
1348940 2020.9
1348950 2020.9
1348960 2031.6
1348970 2041.5
1348980 2041.5
1348990 2051.0
1349000 2058.7
1349010 2058.7
1349020 2066.3
1349030 2074.2
1349040 2082.9
1349050 2082.9
1349060 2090.1
1349070 2096.4
1349080 2096.4
1349090 2105.1
1349100 2111.2
1349110 2111.2
1349120 2114.0
1349130 2119.3
1349140 2121.5
1349150 2131.4
1349160 2141.6
1349170 2141.6
1349180 2150.7
1349190 2159.3
1349200 2159.3
1349210 2168.4
1349220 2176.7
1349230 2176.7
1349240 2184.8
1349250 2193.4
1349260 2203.3
1349270 2203.3
1349280 2213.8
1349290 2224.0
1349300 2224.0
1349310 2233.9
1349320 2240.4
1349330 2240.4
1349340 2247.1
1349350 2253.1
1349360 2253.1
1349370 2259.4
1349380 2265.4
1349390 2265.4
1349400 2271.4
1349410 2277.2
1349420 2277.2
1349430 2283.8
1349440 2288.8
1349450 2288.8
1349460 2291.1
1349470 2292.8
1349480 2292.8
1349490 2291.7
1349500 2285.3
1349510 2283.6
1349520 2283.6
1349530 2285.7
1349540 2290.8
1349550 2290.8
1349560 2298.8
1349570 2308.7
1349580 2308.7
1349590 2321.2
1349600 2333.9
1349610 2333.9
1349620 2342.7
1349630 2350.7
1349640 2350.7
1349650 2356.9
1349660 2362.8
1349670 2362.8
1349680 2366.9
1349690 2371.2
1349700 2371.2
1349710 2376.7
1349720 2383.2
1349730 2389.6
1349740 2389.6
1349750 2395.6
1349760 2401.9
1349770 2401.9
1349780 2408.1
1349790 2414.0
1349800 2414.0
1349810 2420.6
1349820 2427.4
1349830 2427.4
1349840 2434.3
1349850 2441.5
1349860 2441.5
1349870 2448.6
1349880 2454.4
1349890 2454.4
1349900 2460.5
1349910 2467.2
1349920 2467.2
1349930 2474.1
1349940 2481.8
1349950 2481.8
1349960 2489.9
1349970 2498.6
1349980 2506.5
1349990 2506.5
1350000 2513.0
1350010 2519.5
1350020 2519.5
1350030 2527.5
1350040 2534.4
1350050 2534.4
1350060 2541.6
1350070 2548.2
1350080 2542.8
1350090 2550.1
1350100 2557.6
1350110 2557.6
1350120 2565.9
1350130 2574.0
1350140 2574.0
1350150 2582.4
1350160 2590.1
1350170 2590.1
1350180 2597.5
1350190 2605.8
1350200 2605.8
1350210 2614.3
1350220 2622.0
1350230 2629.8
1350240 2629.8
1350250 2638.2
1350260 2646.9
1350270 2646.9
1350280 2656.3
1350290 2665.4
1350300 2665.4
1350310 2675.7
1350320 2687.4
1350330 2687.4
1350340 2698.0
1350350 2706.9
1350360 2706.9
1350370 2715.5
1350380 2724.9
1350390 2724.9
1350400 2732.9
1350410 2740.2
1350420 2740.2
1350430 2748.0
1350440 2758.4
1350450 2763.1
1350460 2763.1
1350470 2770.1
1350480 2778.1
1350490 2778.1
1350500 2784.5
1350510 2790.8
1350520 2790.8
1350530 2797.8
1350540 2802.3
1350550 2802.3
1350560 2798.8
1350570 2795.3
1350580 2795.3
1350590 2790.6
1350600 2786.8
1350610 2786.8
1350620 2782.4
1350630 2768.1
1350640 2768.1
1350650 2761.5
1350660 2758.9
1350670 2758.9
1350680 2755.4
1350690 2751.5
1350700 2748.0
1350710 2748.0
1350720 2744.7
1350730 2741.8
1350740 2741.8
1350750 2739.1
1350760 2736.8
1350770 2736.8
1350780 2734.9
1350790 2733.1
1350800 2733.1
1350810 2731.5
1350820 2730.1
1350830 2730.1
1350840 2728.9
1350850 2727.8
1350860 2727.8
1350870 2726.9
1350880 2726.2
1350890 2726.2
1350900 2725.5
1350910 2724.9
1350920 2724.9
1350930 2724.4
1350940 2723.9
1350950 2723.5
1350960 2723.5
1350970 2723.4
1350980 2723.7
1350990 2723.7
1351000 2724.1
1351010 2725.0
1351020 2725.0
1351030 2725.4
1351040 2727.3
1351050 2727.3
1351060 2729.2
1351070 2732.6
1351080 2732.6
1351090 2735.0
1351100 2735.9
1351110 2735.9
1351120 2738.1
1351130 2740.4
1351140 2740.4
1351150 2742.3
1351160 2743.9
1351170 2748.3
1351180 2748.3
1351190 2753.9
1351200 2759.5
1351210 2759.5
1351220 2764.7
1351230 2767.6
1351240 2767.6
1351250 2770.2
1351260 2774.1
1351270 2774.1
1351280 2779.0
1351290 2783.6
1351300 2783.6
1351310 2788.7
1351320 2795.1
1351330 2795.1
1351340 2800.8
1351350 2806.8
1351360 2806.8
1351370 2813.9
1351380 2821.2
1351390 2821.2
1351400 2828.7
1351410 2836.8
1351420 2846.0
1351430 2846.0
1351440 2855.7
1351450 2866.4
1351460 2866.4
1351470 2875.4
1351480 2886.7
1351490 2886.7
1351500 2897.7
1351510 2908.8
1351520 2908.8
1351530 2908.7
1351540 2900.6
1351550 2900.6
1351560 2890.8
1351570 2878.0
1351580 2878.0
1351590 2862.8
1351600 2851.6
1351610 2851.6
1351620 2843.1
1351630 2835.6
1351640 2829.3
1351650 2829.3
1351660 2823.9
1351670 2820.1
1351680 2820.1
1351690 2815.2
1351700 2810.9
1351710 2810.9
1351720 2807.6
1351730 2802.0
1351740 2802.0
1351750 2796.6
1351760 2790.7
1351770 2790.7
1351780 2785.3
1351790 2778.9
1351800 2778.9
1351810 2772.5
1351820 2765.8
1351830 2765.8
1351840 2759.5
1351850 2750.4
1351860 2750.4
1351870 2737.9
1351880 2727.3
1351890 2719.8
1351900 2719.8
1351910 2715.2
1351920 2711.6
1351930 2711.6
1351940 2708.3
1351950 2707.2
1351960 2707.2
1351970 2704.8
1351980 2704.1
1351990 2704.1
1352000 2698.3
1352010 2693.3
1352020 2693.3
1352030 2689.2
1352040 2683.4
1352050 2683.4
1352060 2677.3
1352070 2671.4
1352080 2671.4
1352090 2666.4
1352100 2659.7
1352110 2659.7
1352120 2651.7
1352130 2641.0
1352140 2634.5
1352150 2634.5
1352160 2634.1
1352170 2634.1
1352180 2634.1
1352190 2635.1
1352200 2636.8
1352210 2636.8
1352220 2637.4
1352230 2635.3
1352240 2635.3
1352250 2630.2
1352260 2628.6
1352270 2628.6
1352280 2626.4
1352290 2628.2
1352300 2628.2
1352310 2632.1
1352320 2633.2
1352330 2633.2
1352340 2631.7
1352350 2628.6
1352360 2626.3
1352370 2626.3
1352380 2624.2
1352390 2623.4
1352400 2623.4
1352410 2624.7
1352420 2626.7
1352430 2626.7
1352440 2627.4
1352450 2626.6
1352460 2626.6
1352470 2623.5
1352480 2618.4
1352490 2618.4
1352500 2612.8
1352510 2607.4
1352520 2607.4
1352530 2602.0
1352540 2597.2
1352550 2597.2
1352560 2592.7
1352570 2589.1
1352580 2589.1
1352590 2585.4
1352600 2582.0
1352610 2578.3
1352620 2578.3
1352630 2575.0
1352640 2571.5
1352650 2571.5
1352660 2568.3
1352670 2565.7
1352680 2565.7
1352690 2564.4
1352700 2559.2
1352710 2559.2
1352720 2554.7
1352730 2551.0
1352740 2551.0
1352750 2547.1
1352760 2542.3
1352770 2542.3
1352780 2538.6
1352790 2535.2
1352800 2535.2
1352810 2532.9
1352820 2530.4
1352830 2530.4
1352840 2526.9
1352850 2524.4
1352860 2521.5
1352870 2521.5
1352880 2519.5
1352890 2517.1
1352900 2517.1
1352910 2514.0
1352920 2510.6
1352930 2510.6
1352940 2507.3
1352950 2509.6
1352960 2509.6
1352970 2507.3
1352980 2504.8
1352990 2504.8
1353000 2502.5
1353010 2500.1
1353020 2500.1
1353030 2497.1
1353040 2494.0
1353050 2494.0
1353060 2492.5
1353070 2494.4
1353080 2496.7
1353090 2496.7
1353100 2497.1
1353110 2496.6
1353120 2496.6
1353130 2495.4
1353140 2494.3
1353150 2494.3
1353160 2492.8
1353170 2488.5
1353180 2488.5
1353190 2485.2
1353200 2480.8
1353210 2480.8
1353220 2474.7
1353230 2469.0
1353240 2469.0
1353250 2463.4
1353260 2457.0
1353270 2457.0
1353280 2449.6
1353290 2444.3
1353300 2444.3
1353310 2440.5
1353320 2436.6
1353330 2432.7
1353340 2432.7
1353350 2429.6
1353360 2425.9
1353370 2425.9
1353380 2421.3
1353390 2416.4
1353400 2416.4
1353410 2411.9
1353420 2406.9
1353430 2406.9
1353440 2401.7
1353450 2396.7
1353460 2396.7
1353470 2393.0
1353480 2389.6
1353490 2389.6
1353500 2385.4
1353510 2381.2
1353520 2381.2
1353530 2375.8
1353540 2370.7
1353550 2364.8
1353560 2364.8
1353570 2359.9
1353580 2355.9
1353590 2355.9
1353600 2351.4
1353610 2347.0
1353620 2347.0
1353630 2342.2
1353640 2338.1
1353650 2338.1
1353660 2332.9
1353670 2327.6
1353680 2327.6
1353690 2323.1
1353700 2317.6
1353710 2317.6
1353720 2310.9
1353730 2305.3
1353740 2305.3
1353750 2300.8
1353760 2296.9
1353770 2296.9
1353780 2293.9
1353790 2290.7
1353800 2285.7
1353810 2285.7
1353820 2281.7
1353830 2278.6
1353840 2278.6
1353850 2275.8
1353860 2273.2
1353870 2273.2
1353880 2270.8
1353890 2267.8
1353900 2267.8
1353910 2263.3
1353920 2256.5
1353930 2256.5
1353940 2252.6
1353950 2248.5
1353960 2248.5
1353970 2244.0
1353980 2242.3
1353990 2242.3
1354000 2239.5
1354010 2236.8
1354020 2236.8
1354030 2233.0
1354040 2227.9
1354050 2223.6
1354060 2223.6
1354070 2218.9
1354080 2213.3
1354090 2213.3
1354100 2208.4
1354110 2204.5
1354120 2204.5
1354130 2200.9
1354140 2195.9
1354150 2195.9
1354160 2194.6
1354170 2195.1
1354180 2195.1
1354190 2194.0
1354200 2192.7
1354210 2192.7
1354220 2191.6
1354230 2191.2
1354240 2191.2
1354250 2188.9
1354260 2187.2
1354270 2185.5
1354280 2185.5
1354290 2184.6
1354300 2184.5
1354310 2184.5
1354320 2183.8
1354330 2182.9
1354340 2182.9
1354350 2180.4
1354360 2178.6
1354370 2178.6
1354380 2175.8
1354390 2173.3
1354400 2173.3
1354410 2170.8
1354420 2167.9
1354430 2167.9
1354440 2164.0
1354450 2160.8
1354460 2160.8
1354470 2157.6
1354480 2155.4
1354490 2155.4
1354500 2153.5
1354510 2151.1
1354520 2147.9
1354530 2147.9
1354540 2143.9
1354550 2141.6
1354560 2141.6
1354570 2138.5
1354580 2136.1
1354590 2136.1
1354600 2133.0
1354610 2128.9
1354620 2128.9
1354630 2125.3
1354640 2123.2
1354650 2123.2
1354660 2122.7
1354670 2122.4
1354680 2122.4
1354690 2119.6
1354700 2116.9
1354710 2116.9
1354720 2114.9
1354730 2112.8
1354740 2110.3
1354750 2110.3
1354760 2107.5
1354770 2103.3
1354780 2103.3
1354790 2098.9
1354800 2094.8
1354810 2094.8
1354820 2089.4
1354830 2083.7
1354840 2083.7
1354850 2077.1
1354860 2069.7
1354870 2069.7
1354880 2064.1
1354890 2058.6
1354900 2059.5
1354910 2055.9
1354920 2049.4
1354930 2049.4
1354940 2040.6
1354950 2031.2
1354960 2031.2
1354970 2021.5
1354980 2012.7
1354990 2005.1
1355000 2005.1
1355010 1994.9
1355020 1986.7
1355030 1986.7
1355040 1980.7
1355050 1971.5
1355060 1971.5
1355070 1958.0
1355080 1948.4
1355090 1948.4
1355100 1939.8
1355110 1931.7
1355120 1931.7
1355130 1924.1
1355140 1916.5
1355150 1916.5
1355160 1909.6
1355170 1903.3
1355180 1903.3
1355190 1896.4
1355200 1888.5
1355210 1888.5
1355220 1881.9
1355230 1876.1
1355240 1869.2
1355250 1869.2
1355260 1862.8
1355270 1856.7
1355280 1856.7
1355290 1851.7
1355300 1848.4
1355310 1848.4
1355320 1846.8
1355330 1844.6
1355340 1844.6
1355350 1841.9
1355360 1840.0
1355370 1840.0
1355380 1838.5
1355390 1836.9
1355400 1836.9
1355410 1835.2
1355420 1834.2
1355430 1834.2
1355440 1830.5
1355450 1825.8
1355460 1819.5
1355470 1819.5
1355480 1813.8
1355490 1806.3
1355500 1806.3
1355510 1798.2
1355520 1791.5
1355530 1791.5
1355540 1783.2
1355550 1775.8
1355560 1775.8
1355570 1767.4
1355580 1760.8
1355590 1760.8
1355600 1753.6
1355610 1746.4
1355620 1746.4
1355630 1737.6
1355640 1729.5
1355650 1729.5
1355660 1721.3
1355670 1711.0
1355680 1711.0
1355690 1697.3
1355700 1687.6
1355710 1674.2
1355720 1674.2
1355730 1658.5
1355740 1649.1
1355750 1649.1
1355760 1641.4
1355770 1633.5
1355780 1633.5
1355790 1625.4
1355800 1617.2
1355810 1617.2
1355820 1608.9
1355830 1601.2
1355840 1601.2
1355850 1594.6
1355860 1589.8
1355870 1589.8
1355880 1586.5
1355890 1584.0
1355900 1584.0
1355910 1582.6
1355920 1580.0
1355930 1580.0
1355940 1579.0
1355950 1580.1
1355960 1580.0
1355970 1580.0
1355980 1579.6
1355990 1579.5
1356000 1579.5
1356010 1579.7
1356020 1580.6
1356030 1580.6
1356040 1581.4
1356050 1582.3
1356060 1582.3
1356070 1583.0
1356080 1583.9
1356090 1583.9
1356100 1585.0
1356110 1586.4
1356120 1586.4
1356130 1587.6
1356140 1588.9
1356150 1588.9
1356160 1590.4
1356170 1592.4
1356180 1594.7
1356190 1594.7
1356200 1596.8
1356210 1599.3
1356220 1599.3
1356230 1601.3
1356240 1603.9
1356250 1603.9
1356260 1606.6
1356270 1609.2
1356280 1609.2
1356290 1613.4
1356300 1617.0
1356310 1617.0
1356320 1619.8
1356330 1622.9
1356340 1622.9
1356350 1626.0
1356360 1629.2
1356370 1629.2
1356380 1632.2
1356390 1634.8
1356400 1634.8
1356410 1637.5
1356420 1640.7
1356430 1644.1
1356440 1644.1
1356450 1647.2
1356460 1646.9
1356470 1646.9
1356480 1642.6
1356490 1642.5
1356500 1642.5
1356510 1649.7
1356520 1657.7
1356530 1657.7
1356540 1663.8
1356550 1666.7
1356560 1666.7
1356570 1669.3
1356580 1671.2
1356590 1671.2
1356600 1675.3
1356610 1680.2
1356620 1680.2
1356630 1686.3
1356640 1693.5
1356650 1700.7
1356660 1700.7
1356670 1708.0
1356680 1715.2
1356690 1715.2
1356700 1722.1
1356710 1730.0
1356720 1730.0
1356730 1737.3
1356740 1744.2
1356750 1744.2
1356760 1759.7
1356770 1772.5
1356780 1772.5
1356790 1776.0
1356800 1782.3
1356810 1782.3
1356820 1790.3
1356830 1798.4
1356840 1798.4
1356850 1805.3
1356860 1810.9
1356870 1810.9
1356880 1814.3
1356890 1822.1
1356900 1830.9
1356910 1830.9
1356920 1838.8
1356930 1844.3
1356940 1844.3
1356950 1850.1
1356960 1856.9
1356970 1856.9
1356980 1863.8
1356990 1871.7
1357000 1871.7
1357010 1880.7
1357020 1889.6
1357030 1889.6
1357040 1898.9
1357050 1908.4
1357060 1908.4
1357070 1918.0
1357080 1929.6
1357090 1929.6
1357100 1942.4
1357110 1954.9
1357120 1954.9
1357130 1969.9
1357140 1986.0
1357150 1999.3
1357160 1999.3
1357170 2008.9
1357180 2016.2
1357190 2016.2
1357200 2024.0
1357210 2031.4
1357220 2031.4
1357230 2038.2
1357240 2044.8
1357250 2044.8
1357260 2051.3
1357270 2058.1
1357280 2058.1
1357290 2064.9
1357300 2072.5
1357310 2072.5
1357320 2079.6
1357330 2086.7
1357340 2086.7
1357350 2094.9
1357360 2103.2
1357370 2112.2
1357380 2112.2
1357390 2122.4
1357400 2132.6
1357410 2132.6
1357420 2141.5
1357430 2149.4
1357440 2149.4
1357450 2157.0
1357460 2164.7
1357470 2164.7
1357480 2171.5
1357490 2177.7
1357500 2177.7
1357510 2183.7
1357520 2189.9
1357530 2189.9
1357540 2194.9
1357550 2200.8
1357560 2200.8
1357570 2207.2
1357580 2212.4
1357590 2212.4
1357600 2218.6
1357610 2225.3
1357620 2232.3
1357630 2232.3
1357640 2239.0
1357650 2246.6
1357660 2246.6
1357670 2254.7
1357680 2262.9
1357690 2262.9
1357700 2271.4
1357710 2279.9
1357720 2279.9
1357730 2288.5
1357740 2296.4
1357750 2296.4
1357760 2302.3
1357770 2306.9
1357780 2306.9
1357790 2312.7
1357800 2318.6
1357810 2318.6
1357820 2324.2
1357830 2329.9
1357840 2335.0
1357850 2335.0
1357860 2337.6
1357870 2335.7
1357880 2328.2
1357890 2327.9
1357900 2327.2
1357910 2327.2
1357920 2326.5
1357930 2325.8
1357940 2325.8
1357950 2325.4
1357960 2324.2
1357970 2324.2
1357980 2323.8
1357990 2324.7
1358000 2324.7
1358010 2326.5
1358020 2328.9
1358030 2328.9
1358040 2331.3
1358050 2332.9
1358060 2332.9
1358070 2333.6
1358080 2334.8
1358090 2337.1
1358100 2337.1
1358110 2341.1
1358120 2344.4
1358130 2344.4
1358140 2347.2
1358150 2349.1
1358160 2349.1
1358170 2350.7
1358180 2354.2
1358190 2354.2
1358200 2357.2
1358210 2361.8
1358220 2361.8
1358230 2364.8
1358240 2368.1
1358250 2368.1
1358260 2371.5
1358270 2371.3
1358280 2371.3
1358290 2366.4
1358300 2369.1
1358310 2369.1
1358320 2373.5
1358330 2379.8
1358340 2387.4
1358350 2387.4
1358360 2398.0
1358370 2406.5
1358380 2406.5
1358390 2409.2
1358400 2406.3
1358410 2406.3
1358420 2403.2
1358430 2409.8
1358440 2409.8
1358450 2417.3
1358460 2422.5
1358470 2422.5
1358480 2429.2
1358490 2437.5
1358500 2437.5
1358510 2446.5
1358520 2456.4
1358530 2456.4
1358540 2465.6
1358550 2475.5
1358560 2483.8
1358570 2483.8
1358580 2491.3
1358590 2497.1
1358600 2497.1
1358610 2502.7
1358620 2508.5
1358630 2508.5
1358640 2514.5
1358650 2521.2
1358660 2521.2
1358670 2528.6
1358680 2536.6
1358690 2536.6
1358700 2544.2
1358710 2552.2
1358720 2552.2
1358730 2560.7
1358740 2570.2
1358750 2570.2
1358760 2580.2
1358770 2588.9
1358780 2588.9
1358790 2597.7
1358800 2605.7
1358810 2610.5
1358820 2610.5
1358830 2614.4
1358840 2618.6
1358850 2618.6
1358860 2621.7
1358870 2625.5
1358880 2625.5
1358890 2623.0
1358900 2626.7
1358910 2626.7
1358920 2631.3
1358930 2635.3
1358940 2635.3
1358950 2639.3
1358960 2643.7
1358970 2643.7
1358980 2646.5
1358990 2649.9
1359000 2649.9
1359010 2653.3
1359020 2657.8
1359030 2657.8
1359040 2666.3
1359050 2674.3
1359060 2677.9
1359070 2677.9
1359080 2680.9
1359090 2688.2
1359100 2688.2
1359110 2696.5
1359120 2700.6
1359130 2700.6
1359140 2704.8
1359150 2711.2
1359160 2711.2
1359170 2714.4
1359180 2717.3
1359190 2717.3
1359200 2720.2
1359210 2722.4
1359220 2722.4
1359230 2725.4
1359240 2729.9
1359250 2729.9
1359260 2735.0
1359270 2736.8
1359280 2741.5
1359290 2741.5
1359300 2747.9
1359310 2754.1
1359320 2754.1
1359330 2762.2
1359340 2769.6
1359350 2769.6
1359360 2777.8
1359370 2785.6
1359380 2785.6
1359390 2792.8
1359400 2800.4
1359410 2800.4
1359420 2808.3
1359430 2814.8
1359440 2814.8
1359450 2815.2
1359460 2810.3
1359470 2810.3
1359480 2803.0
1359490 2793.4
1359500 2793.4
1359510 2781.6
1359520 2769.2
1359530 2766.4
1359540 2766.4
1359550 2760.4
1359560 2751.0
1359570 2751.0
1359580 2734.8
1359590 2725.0
1359600 2725.0
1359610 2718.6
1359620 2714.9
1359630 2714.9
1359640 2705.7
1359650 2692.0
1359660 2692.0
1359670 2688.0
1359680 2684.6
1359690 2684.6
1359700 2676.7
1359710 2671.2
1359720 2671.2
1359730 2667.0
1359740 2664.2
1359750 2663.9
1359760 2663.9
1359770 2664.3
1359780 2665.3
1359790 2665.3
1359800 2665.8
1359810 2665.7
1359820 2665.7
1359830 2665.4
1359840 2666.4
1359850 2666.4
1359860 2666.4
1359870 2667.3
1359880 2667.3
1359890 2668.5
1359900 2680.6
1359910 2680.6
1359920 2680.9
1359930 2678.3
1359940 2678.3
1359950 2675.2
1359960 2668.4
1359970 2668.4
1359980 2661.2
1359990 2655.5
