1340000 2175.0
1340010 2175.0
1340020 2183.4
1340030 2206.6
1340040 2206.6
1340050 2223.3
1340060 2229.7
1340070 2229.7
1340080 2229.4
1340090 2227.7
1340100 2227.7
1340110 2226.8
1340120 2228.5
1340130 2228.5
1340140 2232.3
1340150 2232.1
1340160 2232.1
1340170 2231.0
1340180 2230.3
1340190 2230.3
1340200 2228.0
1340210 2226.0
1340220 2226.0
1340230 2224.2
1340240 2221.8
1340250 2219.9
1340260 2219.9
1340270 2218.0
1340280 2215.1
1340290 2215.1
1340300 2211.8
1340310 2208.6
1340320 2208.6
1340330 2206.5
1340340 2204.9
1340350 2204.9
1340360 2203.6
1340370 2201.2
1340380 2201.2
1340390 2199.4
1340400 2197.5
1340410 2197.5
1340420 2195.0
1340430 2192.1
1340440 2192.1
1340450 2188.6
1340460 2185.6
1340470 2185.6
1340480 2182.0
1340490 2179.0
1340500 2176.3
1340510 2176.3
1340520 2173.6
1340530 2170.7
1340540 2170.7
1340550 2166.4
1340560 2161.7
1340570 2161.7
1340580 2157.2
1340590 2153.2
1340600 2153.2
1340610 2149.1
1340620 2145.6
1340630 2145.6
1340640 2142.3
1340650 2138.7
1340660 2138.7
1340670 2134.4
1340680 2129.7
1340690 2129.7
1340700 2124.9
1340710 2119.8
1340720 2115.2
1340730 2115.2
1340740 2110.9
1340750 2107.0
1340760 2107.0
1340770 2104.2
1340780 2101.0
1340790 2101.0
1340800 2097.4
1340810 2093.7
1340820 2093.7
1340830 2090.1
1340840 2086.6
1340850 2086.6
1340860 2082.3
1340870 2078.0
1340880 2078.0
1340890 2074.2
1340900 2071.6
1340910 2071.6
1340920 2069.5
1340930 2067.4
1340940 2067.4
1340950 2064.2
1340960 2060.5
1340970 2056.9
1340980 2056.9
1340990 2053.0
1341000 2049.0
1341010 2049.0
1341020 2046.2
1341030 2043.5
1341040 2043.5
1341050 2040.7
1341060 2038.7
1341070 2038.7
1341080 2037.2
1341090 2036.5
1341100 2036.5
1341110 2036.5
1341120 2035.7
1341130 2035.7
1341140 2033.8
1341150 2031.2
1341160 2031.2
1341170 2028.1
1341180 2025.8
1341190 2025.8
1341200 2023.4
1341210 2019.7
1341220 2026.7
1341230 2026.7
1341240 2027.7
1341250 2027.7
1341260 2027.7
1341270 2025.7
1341280 2021.3
1341290 2021.3
1341300 2015.5
1341310 2012.2
1341320 2012.2
1341330 2010.5
1341340 2008.2
1341350 2008.2
1341360 2007.0
1341370 2004.5
1341380 2004.5
1341390 2000.7
1341400 1996.6
1341410 1996.6
1341420 1992.4
1341430 1988.8
1341440 1985.4
1341450 1985.4
1341460 1982.9
1341470 1981.2
1341480 1981.2
1341490 1977.6
1341500 1972.5
1341510 1972.5
1341520 1967.4
1341530 1963.5
1341540 1963.5
1341550 1959.9
1341560 1957.3
1341570 1957.3
1341580 1955.7
1341590 1955.0
1341600 1955.0
1341610 1952.4
1341620 1949.1
1341630 1949.1
1341640 1945.9
1341650 1943.0
1341660 1943.0
1341670 1939.8
1341680 1936.4
1341690 1933.2
1341700 1933.2
1341710 1930.2
1341720 1926.9
1341730 1926.9
1341740 1923.3
1341750 1919.6
1341760 1919.6
1341770 1916.6
1341780 1914.5
1341790 1914.5
1341800 1913.9
1341810 1912.1
1341820 1912.1
1341830 1909.4
1341840 1907.2
1341850 1907.2
1341860 1905.6
1341870 1904.0
1341880 1904.0
1341890 1905.4
1341900 1906.1
1341910 1906.1
1341920 1905.1
1341930 1902.3
1341940 1900.3
1341950 1900.3
1341960 1901.1
1341970 1901.9
1341980 1901.9
1341990 1901.2
1342000 1899.9
1342010 1899.9
1342020 1898.2
1342030 1896.1
1342040 1896.1
1342050 1893.2
1342060 1890.2
1342070 1890.2
1342080 1887.3
1342090 1883.2
1342100 1883.2
1342110 1876.9
1342120 1871.0
1342130 1871.0
1342140 1864.3
1342150 1858.6
1342160 1854.4
1342170 1854.4
1342180 1850.9
1342190 1846.5
1342200 1846.5
1342210 1842.6
1342220 1838.2
1342230 1838.2
1342240 1834.2
1342250 1830.5
1342260 1830.5
1342270 1826.4
1342280 1821.8
1342290 1821.8
1342300 1817.2
1342310 1813.1
1342320 1813.1
1342330 1809.4
1342340 1806.1
1342350 1806.1
1342360 1803.1
1342370 1800.5
1342380 1800.5
1342390 1797.7
1342400 1794.7
1342410 1791.7
1342420 1791.7
1342430 1788.6
1342440 1785.5
1342450 1785.5
1342460 1782.9
1342470 1780.2
1342480 1780.2
1342490 1776.4
1342500 1772.5
1342510 1772.5
1342520 1769.5
1342530 1767.2
1342540 1767.2
1342550 1766.0
1342560 1764.9
1342570 1764.9
1342580 1762.5
1342590 1756.1
1342600 1756.1
1342610 1748.7
1342620 1740.8
1342630 1740.8
1342640 1735.0
1342650 1731.2
1342660 1727.7
1342670 1727.7
1342680 1720.2
1342690 1711.5
1342700 1711.5
1342710 1703.9
1342720 1695.9
1342730 1695.9
1342740 1687.7
1342750 1672.5
1342760 1672.5
1342770 1621.4
1342780 1557.9
1342790 1557.9
1342800 1531.6
1342810 1523.6
1342820 1523.6
1342830 1516.0
1342840 1508.8
1342850 1508.8
1342860 1502.2
1342870 1496.3
1342880 1496.3
1342890 1490.6
1342900 1485.4
1342910 1480.9
1342920 1480.9
1342930 1478.0
1342940 1475.5
1342950 1475.5
1342960 1476.1
1342970 1477.5
1342980 1477.5
1342990 1476.8
1343000 1477.7
1343010 1477.7
1343020 1477.7
1343030 1478.3
1343040 1478.3
1343050 1478.5
1343060 1478.6
1343070 1478.6
1343080 1478.3
1343090 1478.1
1343100 1478.1
1343110 1478.2
1343120 1478.0
1343130 1478.0
1343140 1478.0
1343150 1479.3
1343160 1482.3
1343170 1482.3
1343180 1485.8
1343190 1490.1
1343200 1490.1
1343210 1494.0
1343220 1495.4
1343230 1495.4
1343240 1498.4
1343250 1501.5
1343260 1501.5
1343270 1504.4
1343280 1506.5
1343290 1506.5
1343300 1509.4
1343310 1512.6
1343320 1512.6
1343330 1517.3
1343340 1522.5
1343350 1522.5
1343360 1529.6
1343370 1536.9
1343380 1544.2
1343390 1544.2
1343400 1550.5
1343410 1560.2
1343420 1560.2
1343430 1593.0
1343440 1626.8
1343450 1626.8
1343460 1628.4
1343470 1628.7
1343480 1628.7
1343490 1638.9
1343500 1667.6
1343510 1667.6
1343520 1684.2
1343530 1697.0
1343540 1697.0
1343550 1706.9
1343560 1716.2
1343570 1716.2
1343580 1723.8
1343590 1729.1
1343600 1729.1
1343610 1734.1
1343620 1739.7
1343630 1745.6
1343640 1745.6
1343650 1751.0
1343660 1755.5
1343670 1755.5
1343680 1758.5
1343690 1761.7
1343700 1761.7
1343710 1765.0
1343720 1767.5
1343730 1767.5
1343740 1780.4
1343750 1794.4
1343760 1794.4
1343770 1806.7
1343780 1816.5
1343790 1816.5
1343800 1823.7
1343810 1832.5
1343820 1832.5
1343830 1839.7
1343840 1846.2
1343850 1853.2
1343860 1853.2
1343870 1862.0
1343880 1873.7
1343890 1873.7
1343900 1885.5
1343910 1894.9
1343920 1894.9
1343930 1902.2
1343940 1910.7
1343950 1910.7
1343960 1920.9
1343970 1929.4
1343980 1929.4
1343990 1938.8
1344000 1946.3
1344010 1946.3
1344020 1953.5
1344030 1960.7
1344040 1960.7
1344050 1968.1
1344060 1974.0
1344070 1974.0
1344080 1979.3
1344090 1989.4
1344100 2002.9
1344110 2002.9
1344120 2013.5
1344130 2023.0
1344140 2023.0
1344150 2030.7
1344160 2039.0
1344170 2039.0
1344180 2046.6
1344190 2054.7
1344200 2054.7
1344210 2062.8
1344220 2070.2
1344230 2070.2
1344240 2078.7
1344250 2090.1
1344260 2090.1
1344270 2101.5
1344280 2111.4
1344290 2111.4
1344300 2118.7
1344310 2126.6
1344320 2126.6
1344330 2135.7
1344340 2145.5
1344350 2156.0
1344360 2156.0
1344370 2165.5
1344380 2174.0
1344390 2174.0
1344400 2184.5
1344410 2194.1
1344420 2194.1
1344430 2204.2
1344440 2213.1
1344450 2213.1
1344460 2222.2
1344470 2232.4
1344480 2232.4
1344490 2242.6
1344500 2251.6
1344510 2251.6
1344520 2260.2
1344530 2270.1
1344540 2270.1
1344550 2279.3
1344560 2288.0
1344570 2295.7
1344580 2295.7
1344590 2303.1
1344600 2310.7
1344610 2310.7
1344620 2318.7
1344630 2327.5
1344640 2327.5
1344650 2336.8
1344660 2345.6
1344670 2345.6
1344680 2353.0
1344690 2360.9
1344700 2360.9
1344710 2369.2
1344720 2378.0
1344730 2378.0
1344740 2384.4
1344750 2388.5
1344760 2388.5
1344770 2392.2
1344780 2395.9
1344790 2395.9
1344800 2399.6
1344810 2396.6
1344820 2401.4
1344830 2401.4
1344840 2406.8
1344850 2412.7
1344860 2412.7
1344870 2418.8
1344880 2424.8
1344890 2424.8
1344900 2430.7
1344910 2437.0
1344920 2437.0
1344930 2442.6
1344940 2448.0
1344950 2448.0
1344960 2454.1
1344970 2461.0
1344980 2461.0
1344990 2466.7
1345000 2472.4
1345010 2472.4
1345020 2479.9
1345030 2491.0
1345040 2491.0
1345050 2501.4
1345060 2508.9
1345070 2514.8
1345080 2514.8
1345090 2519.7
1345100 2527.8
1345110 2527.8
1345120 2541.2
1345130 2549.6
1345140 2549.6
1345150 2552.9
1345160 2546.8
1345170 2546.8
1345180 2537.6
1345190 2533.5
1345200 2533.5
1345210 2528.3
1345220 2521.6
1345230 2521.6
1345240 2519.8
1345250 2516.8
1345260 2516.8
1345270 2507.4
1345280 2495.2
1345290 2484.0
1345300 2484.0
1345310 2470.9
1345320 2461.4
1345330 2461.4
1345340 2454.6
1345350 2448.6
1345360 2448.6
1345370 2441.3
1345380 2433.8
1345390 2433.8
1345400 2425.6
1345410 2418.0
1345420 2418.0
1345430 2410.4
1345440 2403.0
1345450 2403.0
1345460 2395.7
1345470 2389.0
1345480 2389.0
1345490 2383.0
1345500 2378.1
1345510 2378.1
1345520 2374.1
1345530 2371.3
1345540 2368.6
1345550 2368.6
1345560 2365.7
1345570 2363.4
1345580 2363.4
1345590 2361.0
1345600 2359.1
1345610 2359.1
1345620 2357.7
1345630 2358.0
1345640 2358.0
1345650 2355.1
1345660 2354.9
1345670 2354.9
1345680 2356.2
1345690 2356.5
1345700 2356.5
1345710 2354.5
1345720 2359.3
1345730 2359.3
1345740 2358.3
1345750 2354.5
1345760 2354.5
1345770 2350.9
1345780 2347.6
1345790 2345.0
1345800 2345.0
1345810 2343.5
1345820 2342.3
1345830 2342.3
1345840 2341.0
1345850 2339.3
1345860 2339.3
1345870 2336.8
1345880 2334.0
1345890 2334.0
1345900 2332.8
1345910 2331.4
1345920 2331.4
1345930 2330.5
1345940 2327.4
1345950 2327.4
1345960 2325.3
1345970 2322.5
1345980 2322.5
1345990 2320.9
1346000 2320.7
1346010 2321.7
1346020 2321.7
1346030 2323.6
1346040 2324.7
1346050 2324.7
1346060 2322.4
1346070 2320.5
1346080 2320.5
1346090 2320.3
1346100 2320.2
1346110 2320.2
1346120 2320.5
1346130 2319.5
1346140 2319.5
1346150 2319.4
1346160 2320.6
1346170 2320.6
1346180 2321.7
1346190 2320.7
1346200 2320.7
1346210 2319.6
1346220 2317.1
1346230 2317.1
1346240 2315.2
1346250 2312.8
1346260 2312.1
1346270 2312.1
1346280 2310.9
1346290 2311.7
1346300 2311.7
1346310 2315.7
1346320 2318.1
1346330 2318.1
1346340 2318.8
1346350 2318.8
1346360 2318.8
1346370 2316.4
1346380 2312.8
1346390 2312.8
1346400 2310.7
1346410 2311.0
1346420 2311.0
1346430 2309.9
1346440 2305.9
1346450 2305.9
1346460 2302.7
1346470 2303.2
1346480 2303.2
1346490 2302.9
1346500 2311.0
1346510 2323.5
1346520 2323.5
1346530 2336.2
1346540 2349.1
1346550 2349.1
1346560 2359.8
1346570 2363.1
1346580 2363.1
1346590 2354.9
1346600 2345.7
1346610 2345.7
1346620 2334.6
1346630 2321.1
1346640 2328.7
1346650 2315.3
1346660 2303.6
1346670 2303.6
1346680 2295.0
1346690 2288.3
1346700 2288.3
1346710 2282.4
1346720 2276.8
1346730 2271.1
1346740 2271.1
1346750 2265.7
1346760 2260.6
1346770 2260.6
1346780 2255.1
1346790 2249.7
1346800 2249.7
1346810 2245.9
1346820 2243.0
1346830 2243.0
1346840 2240.1
1346850 2237.0
1346860 2237.0
1346870 2233.7
1346880 2231.2
1346890 2231.2
1346900 2227.2
1346910 2222.5
1346920 2222.5
1346930 2216.7
1346940 2212.2
1346950 2212.2
1346960 2208.0
1346970 2203.1
1346980 2200.9
1346990 2200.9
1347000 2197.7
1347010 2197.7
1347020 2197.7
1347030 2199.9
1347040 2196.7
1347050 2196.7
1347060 2193.3
1347070 2188.6
1347080 2188.6
1347090 2183.5
1347100 2177.8
1347110 2177.8
1347120 2171.4
1347130 2165.0
1347140 2165.0
1347150 2161.0
1347160 2157.9
1347170 2157.9
1347180 2155.3
1347190 2152.2
1347200 2152.2
1347210 2149.3
1347220 2149.6
1347230 2147.8
1347240 2147.8
1347250 2144.9
1347260 2143.0
1347270 2143.0
1347280 2140.2
1347290 2138.8
1347300 2138.8
1347310 2138.0
1347320 2135.7
1347330 2135.7
1347340 2133.4
1347350 2130.5
1347360 2130.5
1347370 2126.4
1347380 2122.1
1347390 2122.1
1347400 2115.8
1347410 2107.5
1347420 2107.5
1347430 2099.8
1347440 2092.1
1347450 2083.3
1347460 2083.3
1347470 2073.0
1347480 2059.5
1347490 2059.5
1347500 2046.9
1347510 2033.9
1347520 2033.9
1347530 2019.3
1347540 2008.5
1347550 2008.5
1347560 1999.8
1347570 1991.9
1347580 1991.9
1347590 1984.7
1347600 1977.8
1347610 1977.8
1347620 1970.3
1347630 1963.1
1347640 1963.1
1347650 1955.0
1347660 1948.0
1347670 1948.0
1347680 1941.8
1347690 1935.2
1347700 1928.8
1347710 1928.8
1347720 1924.2
1347730 1921.3
1347740 1921.3
1347750 1919.2
1347760 1914.1
1347770 1914.1
1347780 1909.2
1347790 1906.0
1347800 1906.0
1347810 1903.0
1347820 1899.4
1347830 1899.4
1347840 1894.9
1347850 1890.0
1347860 1890.0
1347870 1886.0
1347880 1880.9
1347890 1880.9
1347900 1875.1
1347910 1868.9
1347920 1868.9
1347930 1861.3
1347940 1854.1
1347950 1846.0
1347960 1846.0
1347970 1838.0
1347980 1828.7
1347990 1828.7
1348000 1821.2
1348010 1815.3
1348020 1815.3
1348030 1809.2
1348040 1803.0
1348050 1803.0
1348060 1792.4
1348070 1777.9
1348080 1777.9
1348090 1765.4
1348100 1757.0
1348110 1757.0
1348120 1750.5
1348130 1742.9
1348140 1742.9
1348150 1735.9
1348160 1729.6
1348170 1723.2
1348180 1723.2
1348190 1717.0
1348200 1711.7
1348210 1711.7
1348220 1706.9
1348230 1703.6
1348240 1703.6
1348250 1701.0
1348260 1701.0
1348270 1701.0
1348280 1702.8
1348290 1705.0
1348300 1705.0
1348310 1707.3
1348320 1709.2
1348330 1709.2
1348340 1713.1
1348350 1717.0
1348360 1717.0
1348370 1723.8
1348380 1738.2
1348390 1738.2
1348400 1750.0
1348410 1755.8
1348420 1761.9
1348430 1761.9
1348440 1772.1
1348450 1783.6
1348460 1783.6
1348470 1791.3
1348480 1797.7
1348490 1797.9
1348500 1803.7
1348510 1811.6
1348520 1811.6
1348530 1819.8
1348540 1826.4
1348550 1826.4
1348560 1832.3
1348570 1839.4
1348580 1839.4
1348590 1849.6
1348600 1858.8
1348610 1858.8
1348620 1866.5
1348630 1873.0
1348640 1873.0
1348650 1880.1
1348660 1887.2
1348670 1894.2
1348680 1894.2
1348690 1901.3
1348700 1908.4
1348710 1908.4
1348720 1915.4
1348730 1921.6
1348740 1921.6
1348750 1927.7
1348760 1933.7
1348770 1933.7
1348780 1940.1
1348790 1946.4
1348800 1946.4
1348810 1953.5
1348820 1959.4
1348830 1959.4
1348840 1965.3
1348850 1972.5
1348860 1972.5
1348870 1980.8
1348880 1988.5
1348890 1995.7
1348900 1995.7
1348910 2004.8
1348920 2016.4
1348930 2016.4
1348940 2026.3
1348950 2034.0
1348960 2034.0
1348970 2042.3
1348980 2051.4
1348990 2051.4
1349000 2062.1
1349010 2073.3
1349020 2073.3
1349030 2082.5
1349040 2090.7
1349050 2090.7
1349060 2098.6
1349070 2108.5
1349080 2108.5
1349090 2112.1
1349100 2112.7
1349110 2112.7
1349120 2120.3
1349130 2128.4
1349140 2132.4
1349150 2132.4
1349160 2140.4
1349170 2149.0
1349180 2149.0
1349190 2157.3
1349200 2164.3
1349210 2164.3
1349220 2171.9
1349230 2181.8
1349240 2181.8
1349250 2193.8
1349260 2203.4
1349270 2203.4
1349280 2212.3
1349290 2221.5
1349300 2221.5
1349310 2231.3
1349320 2241.9
1349330 2241.9
1349340 2251.5
1349350 2260.3
1349360 2260.3
1349370 2269.1
1349380 2279.6
1349390 2289.7
1349400 2289.7
1349410 2299.1
1349420 2305.6
1349430 2298.7
1349440 2309.3
1349450 2319.3
1349460 2319.3
1349470 2328.5
1349480 2337.9
1349490 2337.9
1349500 2345.2
1349510 2353.3
1349520 2353.3
1349530 2362.7
1349540 2369.2
1349550 2369.2
1349560 2374.0
1349570 2379.1
1349580 2379.1
1349590 2383.7
1349600 2390.2
1349610 2397.0
1349620 2397.0
1349630 2404.4
1349640 2411.7
1349650 2411.7
1349660 2419.3
1349670 2426.8
1349680 2426.8
1349690 2434.0
1349700 2442.0
1349710 2442.0
1349720 2449.5
1349730 2457.3
1349740 2457.3
1349750 2464.9
1349760 2473.3
1349770 2473.3
1349780 2481.6
1349790 2489.7
1349800 2489.7
1349810 2498.3
1349820 2508.0
1349830 2508.0
1349840 2515.9
1349850 2524.1
1349860 2532.2
1349870 2532.2
1349880 2540.7
1349890 2547.4
1349900 2547.4
1349910 2553.1
1349920 2550.8
1349930 2550.8
1349940 2550.1
1349950 2549.8
1349960 2549.8
1349970 2547.0
1349980 2542.2
1349990 2542.2
1350000 2536.9
1350010 2534.6
1350020 2534.6
1350030 2536.7
1350040 2538.9
1350050 2538.9
1350060 2533.0
1350070 2508.8
1350080 2508.8
1350090 2504.1
1350100 2505.0
1350110 2505.8
1350120 2505.8
1350130 2503.0
1350140 2501.7
1350150 2501.7
1350160 2497.1
1350170 2491.7
1350180 2491.7
1350190 2487.4
1350200 2485.3
1350210 2485.3
1350220 2483.9
1350230 2482.6
1350240 2482.6
1350250 2480.9
1350260 2478.7
1350270 2478.7
1350280 2476.8
1350290 2475.8
1350300 2475.8
1350310 2474.9
1350320 2475.8
1350330 2477.9
1350340 2477.9
1350350 2481.2
1350360 2485.2
1350370 2485.6
1350380 2490.4
1350390 2492.9
1350400 2492.9
1350410 2491.1
1350420 2489.4
1350430 2489.4
1350440 2486.8
1350450 2484.4
1350460 2484.4
1350470 2481.9
1350480 2478.3
1350490 2478.3
1350500 2475.9
1350510 2472.3
1350520 2472.3
1350530 2474.9
1350540 2476.4
1350550 2476.4
1350560 2478.8
1350570 2483.3
1350580 2486.5
1350590 2486.5
1350600 2490.7
1350610 2494.6
1350620 2494.6
1350630 2498.4
1350640 2503.0
1350650 2503.0
1350660 2509.0
1350670 2514.1
1350680 2514.1
1350690 2516.1
1350700 2516.5
1350710 2516.5
1350720 2518.5
1350730 2521.1
1350740 2521.1
1350750 2523.4
1350760 2526.3
1350770 2526.3
1350780 2530.4
1350790 2534.6
1350800 2534.6
1350810 2537.6
1350820 2538.5
1350830 2541.9
1350840 2541.9
1350850 2545.4
1350860 2549.5
1350870 2549.5
1350880 2552.1
1350890 2552.1
1350900 2552.1
1350910 2555.2
1350920 2557.8
1350930 2557.8
1350940 2559.1
1350950 2560.7
1350960 2560.7
1350970 2563.6
1350980 2567.4
1350990 2567.4
1351000 2569.6
1351010 2572.8
1351020 2572.8
1351030 2574.4
1351040 2575.9
1351050 2577.5
1351060 2577.5
1351070 2579.8
1351080 2581.4
1351090 2581.4
1351100 2584.8
1351110 2589.4
1351120 2589.4
1351130 2592.6
1351140 2598.0
1351150 2598.0
1351160 2604.6
1351170 2610.7
1351180 2610.7
1351190 2617.0
1351200 2623.2
1351210 2623.2
1351220 2634.2
1351230 2663.2
1351240 2663.2
1351250 2679.6
1351260 2689.1
1351270 2689.1
1351280 2701.2
1351290 2709.6
1351300 2711.9
1351310 2711.9
1351320 2713.3
1351330 2714.3
1351340 2714.3
1351350 2711.6
1351360 2707.8
1351370 2707.8
1351380 2702.0
1351390 2690.0
1351400 2690.0
1351410 2677.9
1351420 2669.7
1351430 2669.7
1351440 2663.7
1351450 2657.6
1351460 2657.6
1351470 2651.3
1351480 2645.4
1351490 2645.4
1351500 2640.1
1351510 2633.8
1351520 2633.8
1351530 2628.0
1351540 2624.0
1351550 2619.7
1351560 2619.7
1351570 2615.8
1351580 2613.7
1351590 2613.7
1351600 2611.2
1351610 2609.5
1351620 2609.5
1351630 2606.0
1351640 2604.1
1351650 2604.1
1351660 2602.3
1351670 2602.4
1351680 2602.4
1351690 2602.4
1351700 2602.2
1351710 2602.2
1351720 2600.6
1351730 2598.8
1351740 2598.8
1351750 2595.2
1351760 2591.3
1351770 2591.2
1351780 2591.2
1351790 2592.1
1351800 2593.0
1351810 2593.0
1351820 2593.6
1351830 2591.8
1351840 2591.8
1351850 2589.8
1351860 2588.7
1351870 2588.7
1351880 2589.4
1351890 2589.0
1351900 2589.0
1351910 2587.3
1351920 2581.6
1351930 2581.6
1351940 2578.9
1351950 2576.2
1351960 2576.2
1351970 2573.5
1351980 2569.9
1351990 2569.9
1352000 2565.3
1352010 2558.1
1352020 2550.6
1352030 2550.6
1352040 2545.6
1352050 2541.4
1352060 2541.4
1352070 2535.7
1352080 2530.9
1352090 2530.9
1352100 2525.0
1352110 2520.6
1352120 2520.6
1352130 2517.5
1352140 2512.9
1352150 2512.9
1352160 2508.3
1352170 2505.0
1352180 2505.0
1352190 2502.6
1352200 2500.9
1352210 2500.9
1352220 2496.4
1352230 2490.9
1352240 2490.9
1352250 2484.7
1352260 2479.6
1352270 2475.7
1352280 2479.6
1352290 2477.6
1352300 2473.5
1352310 2473.5
1352320 2466.6
1352330 2461.3
1352340 2461.3
1352350 2455.1
1352360 2450.6
1352370 2450.6
1352380 2444.3
1352390 2443.0
1352400 2443.0
1352410 2437.4
1352420 2432.7
1352430 2432.7
1352440 2429.1
1352450 2427.1
1352460 2427.1
1352470 2422.6
1352480 2418.2
1352490 2414.8
1352500 2414.8
1352510 2409.8
1352520 2404.9
1352530 2404.9
1352540 2400.3
1352550 2395.8
1352560 2395.8
1352570 2393.1
1352580 2390.0
1352590 2390.0
1352600 2385.4
1352610 2381.7
1352620 2381.7
1352630 2378.5
1352640 2375.3
1352650 2375.3
1352660 2372.0
1352670 2365.5
1352680 2365.5
1352690 2361.4
1352700 2358.2
1352710 2358.2
1352720 2353.9
1352730 2348.8
1352740 2345.6
1352750 2345.6
1352760 2344.2
1352770 2340.6
1352780 2340.6
1352790 2336.6
1352800 2334.6
1352810 2334.6
1352820 2330.6
1352830 2326.4
1352840 2326.4
1352850 2322.7
1352860 2322.2
1352870 2322.2
1352880 2320.0
1352890 2314.9
1352900 2314.9
1352910 2311.5
1352920 2306.1
1352930 2306.1
1352940 2303.6
1352950 2300.6
1352960 2300.6
1352970 2298.3
1352980 2296.2
1352990 2293.4
1353000 2293.4
1353010 2291.4
1353020 2292.2
1353030 2292.2
1353040 2292.3
1353050 2290.8
1353060 2290.8
1353070 2285.7
1353080 2284.4
1353090 2284.4
1353100 2282.3
1353110 2279.5
1353120 2279.5
1353130 2277.2
1353140 2274.1
1353150 2274.1
1353160 2270.7
1353170 2269.1
1353180 2269.1
1353190 2265.0
1353200 2262.5
1353210 2259.0
1353220 2259.0
1353230 2253.7
1353240 2247.6
1353250 2246.3
1353260 2237.5
1353270 2230.2
1353280 2230.2
1353290 2225.8
1353300 2221.9
1353310 2221.9
1353320 2217.6
1353330 2211.6
1353340 2211.6
1353350 2204.5
1353360 2198.6
1353370 2198.6
1353380 2194.4
1353390 2190.5
1353400 2190.5
1353410 2188.0
1353420 2184.1
1353430 2184.1
1353440 2181.6
1353450 2182.6
1353460 2182.7
1353470 2182.7
1353480 2180.1
1353490 2175.8
1353500 2175.8
1353510 2171.7
1353520 2169.4
1353530 2169.4
1353540 2167.0
1353550 2169.6
1353560 2169.6
1353570 2170.5
1353580 2167.2
1353590 2167.2
1353600 2166.9
1353610 2167.3
1353620 2167.3
1353630 2166.9
1353640 2166.0
1353650 2166.0
1353660 2162.9
1353670 2163.2
1353680 2163.2
1353690 2160.4
1353700 2158.0
1353710 2157.7
1353720 2157.7
1353730 2157.6
1353740 2158.0
1353750 2158.0
1353760 2155.6
1353770 2151.1
1353780 2151.1
1353790 2145.8
1353800 2141.4
1353810 2141.4
1353820 2138.6
1353830 2135.8
1353840 2135.8
1353850 2134.0
1353860 2131.6
1353870 2131.6
1353880 2130.6
1353890 2128.7
1353900 2128.7
1353910 2126.7
1353920 2124.5
1353930 2120.1
1353940 2120.1
1353950 2115.6
1353960 2112.0
1353970 2112.0
1353980 2109.3
1353990 2107.4
1354000 2107.4
1354010 2106.4
1354020 2107.2
1354030 2107.2
1354040 2107.8
1354050 2107.4
1354060 2107.4
1354070 2108.6
1354080 2108.8
1354090 2108.8
1354100 2107.0
1354110 2106.2
1354120 2106.2
1354130 2104.3
1354140 2102.3
1354150 2102.3
1354160 2101.6
1354170 2099.8
1354180 2097.5
1354190 2097.5
1354200 2095.2
1354210 2093.2
1354220 2093.2
1354230 2096.0
1354240 2094.9
1354250 2094.9
1354260 2093.3
1354270 2091.1
1354280 2091.1
1354290 2089.9
1354300 2089.5
1354310 2089.5
1354320 2088.6
1354330 2086.3
1354340 2086.3
1354350 2082.3
1354360 2079.0
1354370 2079.0
1354380 2076.2
1354390 2073.6
1354400 2073.6
1354410 2071.5
1354420 2067.7
1354430 2060.4
1354440 2060.4
1354450 2056.8
1354460 2054.4
1354470 2054.4
1354480 2053.0
1354490 2051.7
1354500 2051.7
1354510 2050.6
1354520 2048.1
1354530 2048.1
1354540 2044.9
1354550 2040.6
1354560 2040.6
1354570 2035.6
1354580 2030.0
1354590 2030.0
1354600 2024.2
1354610 2019.4
1354620 2019.4
1354630 2015.4
1354640 2009.2
1354650 2002.4
1354660 2002.4
1354670 1996.7
1354680 1989.1
1354690 1989.1
1354700 1980.4
1354710 1970.4
1354720 1970.4
1354730 1961.0
1354740 1952.1
1354750 1952.1
1354760 1943.6
1354770 1935.9
1354780 1935.9
1354790 1926.5
1354800 1914.5
1354810 1914.5
1354820 1905.5
1354830 1896.3
1354840 1896.3
1354850 1887.8
1354860 1880.8
1354870 1880.8
1354880 1874.4
1354890 1867.5
1354900 1859.1
1354910 1859.1
1354920 1853.3
1354930 1848.8
1354940 1848.8
1354950 1844.1
1354960 1841.4
1354970 1841.4
1354980 1834.4
1354990 1828.2
1355000 1828.2
1355010 1816.8
1355020 1807.9
1355030 1807.9
1355040 1801.3
1355050 1793.9
1355060 1793.9
1355070 1788.5
1355080 1780.6
1355090 1780.6
1355100 1769.1
1355110 1759.8
1355120 1759.8
1355130 1751.1
1355140 1743.6
1355150 1737.2
1355160 1737.2
1355170 1732.1
1355180 1727.5
1355190 1727.5
1355200 1722.4
1355210 1721.5
1355220 1721.5
1355230 1714.8
1355240 1708.9
1355250 1708.9
1355260 1702.2
1355270 1695.8
1355280 1695.8
1355290 1689.8
1355300 1684.9
1355310 1684.9
1355320 1681.8
1355330 1676.1
1355340 1676.1
1355350 1669.5
1355360 1663.6
1355370 1658.2
1355380 1658.2
1355390 1653.0
1355400 1648.0
1355410 1648.0
1355420 1643.1
1355430 1638.3
1355440 1638.3
1355450 1634.3
1355460 1629.5
1355470 1629.5
1355480 1622.3
1355490 1614.0
1355500 1614.0
1355510 1609.2
1355520 1602.5
1355530 1602.5
1355540 1598.5
1355550 1593.7
1355560 1593.7
1355570 1589.9
1355580 1586.7
1355590 1586.7
1355600 1583.4
1355610 1582.0
1355620 1580.5
1355630 1580.5
1355640 1577.8
1355650 1574.9
1355660 1574.9
1355670 1571.9
1355680 1569.2
1355690 1569.2
1355700 1564.2
1355710 1561.4
1355720 1561.4
1355730 1561.4
1355740 1564.4
1355750 1564.4
1355760 1566.3
1355770 1570.5
1355780 1570.5
1355790 1575.2
1355800 1579.0
1355810 1579.0
1355820 1582.2
1355830 1586.7
1355840 1586.7
1355850 1591.8
1355860 1597.0
1355870 1602.5
1355880 1602.5
1355890 1607.8
1355900 1613.6
1355910 1613.6
1355920 1620.3
1355930 1626.3
1355940 1626.3
1355950 1631.1
1355960 1637.2
1355970 1637.2
1355980 1644.4
1355990 1651.0
1356000 1651.0
1356010 1655.8
1356020 1660.2
1356030 1660.2
1356040 1664.9
1356050 1670.0
1356060 1670.0
1356070 1674.9
1356080 1679.4
1356090 1684.1
1356100 1684.1
1356110 1689.2
1356120 1694.9
1356130 1694.9
1356140 1700.9
1356150 1707.4
1356160 1707.4
1356170 1714.3
1356180 1721.7
1356190 1721.7
1356200 1726.9
1356210 1735.7
1356220 1735.7
1356230 1742.1
1356240 1748.4
1356250 1748.4
1356260 1753.0
1356270 1758.5
1356280 1758.5
1356290 1765.5
1356300 1775.6
1356310 1775.6
1356320 1792.4
1356330 1807.6
1356340 1816.8
1356350 1816.8
1356360 1817.7
1356370 1817.0
1356380 1817.0
1356390 1816.7
1356400 1817.9
1356410 1817.9
1356420 1821.5
1356430 1822.7
1356440 1822.7
1356450 1828.3
1356460 1830.8
1356470 1830.8
1356480 1833.8
1356490 1839.0
1356500 1839.0
1356510 1844.6
1356520 1848.1
1356530 1848.1
1356540 1851.6
1356550 1857.6
1356560 1857.6
1356570 1862.7
1356580 1865.4
1356590 1871.3
1356600 1871.3
1356610 1879.2
1356620 1885.6
1356630 1885.6
1356640 1892.1
1356650 1899.9
1356660 1899.9
1356670 1907.6
1356680 1912.9
1356690 1912.9
1356700 1914.8
1356710 1919.1
1356720 1919.1
1356730 1926.4
1356740 1928.6
1356750 1928.6
1356760 1932.8
1356770 1940.4
1356780 1940.4
1356790 1947.1
1356800 1954.7
1356810 1962.0
1356820 1962.0
1356830 1968.3
1356840 1975.2
1356850 1975.2
1356860 1983.6
1356870 1990.8
1356880 1990.8
1356890 1998.4
1356900 2006.0
1356910 2006.0
1356920 2013.6
1356930 2022.4
1356940 2022.4
1356950 2032.7
1356960 2043.6
1356970 2043.6
1356980 2053.9
1356990 2063.0
1357000 2063.0
1357010 2069.4
1357020 2076.6
1357030 2076.6
1357040 2088.0
1357050 2096.3
1357060 2101.9
1357070 2101.9
1357080 2105.0
1357090 2112.2
1357100 2112.2
1357110 2126.8
1357120 2137.2
1357130 2137.2
1357140 2145.4
1357150 2153.1
1357160 2153.1
1357170 2163.7
1357180 2173.3
1357190 2176.0
1357200 2182.7
1357210 2189.8
1357220 2189.8
1357230 2197.1
1357240 2203.4
1357250 2203.4
1357260 2210.6
1357270 2219.3
1357280 2219.3
1357290 2228.2
1357300 2238.0
1357310 2245.8
1357320 2245.8
1357330 2253.9
1357340 2262.0
1357350 2262.0
1357360 2269.9
1357370 2277.7
1357380 2277.7
1357390 2286.3
1357400 2293.0
1357410 2293.0
1357420 2299.4
1357430 2307.6
1357440 2307.6
1357450 2316.1
1357460 2323.5
1357470 2323.5
1357480 2331.0
1357490 2337.7
1357500 2337.7
1357510 2345.5
1357520 2354.3
1357530 2363.2
1357540 2363.2
1357550 2370.8
1357560 2378.2
1357570 2378.2
1357580 2386.3
1357590 2392.6
1357600 2392.6
1357610 2399.4
1357620 2405.8
1357630 2405.8
1357640 2412.2
1357650 2418.1
1357660 2418.1
1357670 2424.9
1357680 2431.5
1357690 2431.5
1357700 2438.4
1357710 2447.3
1357720 2447.3
1357730 2455.2
1357740 2462.8
1357750 2462.8
1357760 2470.2
1357770 2478.5
1357780 2485.9
1357790 2485.9
1357800 2490.2
1357810 2487.1
1357820 2487.1
1357830 2484.3
1357840 2476.7
1357850 2476.7
1357860 2468.2
1357870 2463.8
1357880 2463.8
1357890 2462.5
1357900 2458.3
1357910 2458.3
1357920 2457.7
1357930 2459.0
1357940 2459.0
1357950 2462.8
1357960 2468.0
1357970 2468.0
1357980 2473.9
1357990 2479.1
1358000 2479.1
1358010 2484.2
1358020 2489.6
1358030 2494.8
1358040 2494.8
1358050 2498.1
1358060 2502.5
1358070 2502.5
1358080 2509.3
1358090 2513.6
1358100 2513.6
1358110 2516.7
1358120 2523.3
1358130 2523.3
1358140 2535.7
1358150 2553.0
1358160 2553.0
1358170 2567.0
1358180 2575.0
1358190 2575.0
1358200 2571.9
1358210 2579.3
1358220 2579.3
1358230 2590.2
1358240 2596.9
1358250 2606.6
1358260 2606.6
1358270 2618.5
1358280 2628.3
1358290 2628.3
1358300 2635.1
1358310 2642.9
1358320 2642.9
1358330 2649.0
1358340 2659.1
1358350 2659.1
1358360 2669.6
1358370 2678.8
1358380 2678.8
1358390 2686.0
1358400 2690.7
1358410 2690.7
1358420 2695.5
1358430 2700.4
1358440 2700.4
1358450 2706.3
1358460 2712.3
1358470 2712.3
1358480 2718.0
1358490 2723.4
1358500 2729.4
1358510 2729.4
1358520 2735.1
1358530 2740.2
1358540 2740.2
1358550 2744.3
1358560 2748.0
1358570 2748.0
1358580 2753.1
1358590 2759.1
1358600 2759.1
1358610 2765.9
1358620 2773.6
1358630 2773.6
1358640 2781.7
1358650 2790.8
1358660 2790.8
1358670 2800.3
1358680 2809.9
1358690 2809.9
1358700 2819.4
1358710 2829.0
1358720 2829.0
1358730 2838.2
1358740 2847.0
1358750 2856.9
1358760 2856.9
1358770 2865.1
1358780 2870.7
1358790 2870.7
1358800 2878.1
1358810 2887.0
1358820 2887.0
1358830 2894.5
1358840 2903.3
1358850 2903.3
1358860 2909.1
1358870 2908.1
1358880 2908.1
1358890 2903.7
1358900 2903.8
1358910 2903.8
1358920 2904.5
1358930 2902.6
1358940 2902.6
1358950 2901.3
1358960 2899.2
1358970 2894.7
1358980 2894.7
1358990 2884.8
1359000 2874.5
1359010 2874.5
1359020 2865.7
1359030 2858.6
1359040 2858.6
1359050 2849.8
1359060 2840.7
1359070 2840.7
1359080 2831.4
1359090 2822.3
1359100 2822.3
1359110 2813.4
1359120 2803.5
1359130 2803.5
1359140 2793.7
1359150 2784.2
1359160 2784.2
1359170 2773.9
1359180 2763.4
1359190 2763.4
1359200 2753.7
1359210 2744.2
1359220 2733.8
1359230 2733.8
1359240 2724.7
1359250 2715.4
1359260 2715.4
1359270 2706.2
1359280 2695.0
1359290 2695.0
1359300 2681.7
1359310 2663.6
1359320 2663.6
1359330 2644.5
1359340 2626.7
1359350 2626.7
1359360 2617.4
1359370 2608.0
1359380 2608.0
1359390 2599.5
1359400 2590.8
1359410 2590.8
1359420 2579.6
1359430 2571.4
1359440 2571.4
1359450 2564.5
1359460 2557.9
1359470 2551.7
1359480 2551.7
1359490 2545.6
1359500 2539.5
1359510 2539.5
1359520 2533.4
1359530 2527.3
1359540 2527.3
1359550 2522.3
1359560 2517.9
1359570 2517.9
1359580 2513.0
1359590 2507.8
1359600 2507.8
1359610 2502.2
1359620 2496.5
1359630 2496.5
1359640 2490.2
1359650 2483.6
1359660 2483.6
1359670 2476.2
1359680 2468.6
1359690 2461.9
1359700 2461.9
1359710 2453.1
1359720 2445.7
1359730 2445.7
1359740 2437.0
1359750 2430.1
1359760 2430.1
1359770 2423.8
1359780 2417.2
1359790 2417.2
1359800 2409.3
1359810 2401.6
1359820 2401.6
1359830 2394.7
1359840 2388.8
1359850 2388.8
1359860 2382.3
1359870 2376.2
1359880 2376.2
1359890 2370.2
1359900 2364.0
1359910 2364.0
1359920 2357.8
1359930 2351.4
1359940 2345.5
1359950 2345.5
1359960 2342.2
1359970 2338.5
1359980 2338.5
1359990 2335.2
