1340000 2147.7
1340010 2151.7
1340020 2154.6
1340030 2154.6
1340040 2158.8
1340050 2163.9
1340060 2163.9
1340070 2170.0
1340080 2177.5
1340090 2177.5
1340100 2188.0
1340110 2194.8
1340120 2200.1
1340130 2200.1
1340140 2203.4
1340150 2205.3
1340160 2205.3
1340170 2207.4
1340180 2209.8
1340190 2209.8
1340200 2211.9
1340210 2213.6
1340220 2213.6
1340230 2215.2
1340240 2216.8
1340250 2216.8
1340260 2218.6
1340270 2221.1
1340280 2221.1
1340290 2224.8
1340300 2229.7
1340310 2229.7
1340320 2233.8
1340330 2238.0
1340340 2238.0
1340350 2241.5
1340360 2238.4
1340370 2233.2
1340380 2233.2
1340390 2230.2
1340400 2227.2
1340410 2227.2
1340420 2224.6
1340430 2223.4
1340440 2223.4
1340450 2223.1
1340460 2222.9
1340470 2222.9
1340480 2221.5
1340490 2231.2
1340500 2231.2
1340510 2229.9
1340520 2230.0
1340530 2230.0
1340540 2232.5
1340550 2229.9
1340560 2229.9
1340570 2223.2
1340580 2218.6
1340590 2215.1
1340600 2215.1
1340610 2210.3
1340620 2204.4
1340630 2204.4
1340640 2198.5
1340650 2193.3
1340660 2193.3
1340670 2187.7
1340680 2180.3
1340690 2180.3
1340700 2175.8
1340710 2173.0
1340720 2173.0
1340730 2169.2
1340740 2164.8
1340750 2164.8
1340760 2159.7
1340770 2153.8
1340780 2153.8
1340790 2148.6
1340800 2143.7
1340810 2143.7
1340820 2139.7
1340830 2135.9
1340840 2132.1
1340850 2132.1
1340860 2129.0
1340870 2126.9
1340880 2126.9
1340890 2123.8
1340900 2120.1
1340910 2120.1
1340920 2115.9
1340930 2112.8
1340940 2112.8
1340950 2110.3
1340960 2107.9
1340970 2107.9
1340980 2106.3
1340990 2104.4
1341000 2104.4
1341010 2102.1
1341020 2098.9
1341030 2098.9
1341040 2092.8
1341050 2086.8
1341060 2086.8
1341070 2084.2
1341080 2082.0
1341090 2079.5
1341100 2079.5
1341110 2077.1
1341120 2076.0
1341130 2076.0
1341140 2074.8
1341150 2075.9
1341160 2075.9
1341170 2075.8
1341180 2076.9
1341190 2076.9
1341200 2076.7
1341210 2075.5
1341220 2075.5
1341230 2072.2
1341240 2066.1
1341250 2066.1
1341260 2059.9
1341270 2054.8
1341280 2054.8
1341290 2049.6
1341300 2046.1
1341310 2042.4
1341320 2042.4
1341330 2038.1
1341340 2033.7
1341350 2033.7
1341360 2030.7
1341370 2027.6
1341380 2034.3
1341390 2031.0
1341400 2025.4
1341410 2025.4
1341420 2018.9
1341430 2012.2
1341440 2012.2
1341450 2007.7
1341460 2004.4
1341470 2004.4
1341480 2001.7
1341490 1997.7
1341500 1997.7
1341510 1992.8
1341520 1989.6
1341530 1989.6
1341540 1988.9
1341550 1988.4
1341560 1987.9
1341570 1987.9
1341580 1985.3
1341590 1981.5
1341600 1981.5
1341610 1977.0
1341620 1974.4
1341630 1974.4
1341640 1972.4
1341650 1971.7
1341660 1971.7
1341670 1969.5
1341680 1966.3
1341690 1966.3
1341700 1964.0
1341710 1962.6
1341720 1962.6
1341730 1962.3
1341740 1962.4
1341750 1962.4
1341760 1961.8
1341770 1960.7
1341780 1960.7
1341790 1959.9
1341800 1959.8
1341810 1960.0
1341820 1960.0
1341830 1959.4
1341840 1957.2
1341850 1957.2
1341860 1954.5
1341870 1950.6
1341880 1950.6
1341890 1946.4
1341900 1942.6
1341910 1942.6
1341920 1938.5
1341930 1934.5
1341940 1934.5
1341950 1930.3
1341960 1924.4
1341970 1924.4
1341980 1919.7
1341990 1915.4
1342000 1915.4
1342010 1910.6
1342020 1905.7
1342030 1900.7
1342040 1900.7
1342050 1896.1
1342060 1893.1
1342070 1893.1
1342080 1891.3
1342090 1888.8
1342100 1888.8
1342110 1885.4
1342120 1881.0
1342130 1881.0
1342140 1877.0
1342150 1873.8
1342160 1873.8
1342170 1870.3
1342180 1867.0
1342190 1867.0
1342200 1864.4
1342210 1861.3
1342220 1861.3
1342230 1857.4
1342240 1853.2
1342250 1853.2
1342260 1849.1
1342270 1848.8
1342280 1845.7
1342290 1845.7
1342300 1843.4
1342310 1841.2
1342320 1841.2
1342330 1838.5
1342340 1835.2
1342350 1835.2
1342360 1831.9
1342370 1828.7
1342380 1828.7
1342390 1825.4
1342400 1822.1
1342410 1822.1
1342420 1818.2
1342430 1814.5
1342440 1814.5
1342450 1810.8
1342460 1806.3
1342470 1806.3
1342480 1801.4
1342490 1796.8
1342500 1796.8
1342510 1791.8
1342520 1786.5
1342530 1781.0
1342540 1781.0
1342550 1776.0
1342560 1771.4
1342570 1771.4
1342580 1767.0
1342590 1762.9
1342600 1762.9
1342610 1759.2
1342620 1755.2
1342630 1755.2
1342640 1751.6
1342650 1748.0
1342660 1748.0
1342670 1744.5
1342680 1740.7
1342690 1740.7
1342700 1735.4
1342710 1728.4
1342720 1728.4
1342730 1719.7
1342740 1707.4
1342750 1691.3
1342760 1691.3
1342770 1670.4
1342780 1632.5
1342790 1632.5
1342800 1571.9
1342810 1552.8
1342820 1552.8
1342830 1546.4
1342840 1540.4
1342850 1540.4
1342860 1534.7
1342870 1528.9
1342880 1528.9
1342890 1523.5
1342900 1517.2
1342910 1517.2
1342920 1510.4
1342930 1503.5
1342940 1503.5
1342950 1497.1
1342960 1491.0
1342970 1491.0
1342980 1486.4
1342990 1483.6
1343000 1483.7
1343010 1483.7
1343020 1484.1
1343030 1484.2
1343040 1484.2
1343050 1484.0
1343060 1483.6
1343070 1483.6
1343080 1484.1
1343090 1487.2
1343100 1487.2
1343110 1490.8
1343120 1494.1
1343130 1494.1
1343140 1497.4
1343150 1500.6
1343160 1503.4
1343170 1507.2
1343180 1512.7
1343190 1512.7
1343200 1516.2
1343210 1519.5
1343220 1519.5
1343230 1522.2
1343240 1526.5
1343250 1530.6
1343260 1530.6
1343270 1534.0
1343280 1539.2
1343290 1539.2
1343300 1544.3
1343310 1550.5
1343320 1550.5
1343330 1557.6
1343340 1561.8
1343350 1561.8
1343360 1566.6
1343370 1570.9
1343380 1570.9
1343390 1575.8
1343400 1580.9
1343410 1580.9
1343420 1585.1
1343430 1599.3
1343440 1599.3
1343450 1636.5
1343460 1676.4
1343470 1687.6
1343480 1687.6
1343490 1695.1
1343500 1703.4
1343510 1703.4
1343520 1711.6
1343530 1720.0
1343540 1720.0
1343550 1728.5
1343560 1736.7
1343570 1736.7
1343580 1744.2
1343590 1751.4
1343600 1751.4
1343610 1757.9
1343620 1763.2
1343630 1763.2
1343640 1768.4
1343650 1772.8
1343660 1772.8
1343670 1776.9
1343680 1781.7
1343690 1781.7
1343700 1786.8
1343710 1792.6
1343720 1797.7
1343730 1797.7
1343740 1802.9
1343750 1808.2
1343760 1808.2
1343770 1813.3
1343780 1819.1
1343790 1819.1
1343800 1825.1
1343810 1831.7
1343820 1831.7
1343830 1839.5
1343840 1848.6
1343850 1848.6
1343860 1857.9
1343870 1865.6
1343880 1865.6
1343890 1873.3
1343900 1881.5
1343910 1881.5
1343920 1895.0
1343930 1906.3
1343940 1906.3
1343950 1917.5
1343960 1929.8
1343970 1940.2
1343980 1940.2
1343990 1950.1
1344000 1964.0
1344010 1964.0
1344020 1976.6
1344030 1987.3
1344040 1987.3
1344050 1998.1
1344060 2011.9
1344070 2012.8
1344080 2024.4
1344090 2032.3
1344100 2032.3
1344110 2037.5
1344120 2043.6
1344130 2043.6
1344140 2048.9
1344150 2054.8
1344160 2054.8
1344170 2063.0
1344180 2074.9
1344190 2086.3
1344200 2086.3
1344210 2094.9
1344220 2103.2
1344230 2103.2
1344240 2111.8
1344250 2119.8
1344260 2119.8
1344270 2128.2
1344280 2138.6
1344290 2138.6
1344300 2148.8
1344310 2162.0
1344320 2162.0
1344330 2173.6
1344340 2179.6
1344350 2179.6
1344360 2186.4
1344370 2197.3
1344380 2197.3
1344390 2208.3
1344400 2214.1
1344410 2214.1
1344420 2219.4
1344430 2226.7
1344440 2234.1
1344450 2234.1
1344460 2244.2
1344470 2253.0
1344480 2253.0
1344490 2259.3
1344500 2264.4
1344510 2264.4
1344520 2268.6
1344530 2273.0
1344540 2273.0
1344550 2278.1
1344560 2282.4
1344570 2282.4
1344580 2285.8
1344590 2290.3
1344600 2290.3
1344610 2294.5
1344620 2298.7
1344630 2298.7
1344640 2301.5
1344650 2304.4
1344660 2304.4
1344670 2307.6
1344680 2312.2
1344690 2318.7
1344700 2318.7
1344710 2325.2
1344720 2331.4
1344730 2331.4
1344740 2338.0
1344750 2344.5
1344760 2344.5
1344770 2351.1
1344780 2358.3
1344790 2358.3
1344800 2365.8
1344810 2373.7
1344820 2373.7
1344830 2381.5
1344840 2389.9
1344850 2389.9
1344860 2398.6
1344870 2407.6
1344880 2407.6
1344890 2416.8
1344900 2424.0
1344910 2430.5
1344920 2430.5
1344930 2437.4
1344940 2443.5
1344950 2443.5
1344960 2449.0
1344970 2452.9
1344980 2452.9
1344990 2459.8
1345000 2465.6
1345010 2465.6
1345020 2471.8
1345030 2479.4
1345040 2479.4
1345050 2488.3
1345060 2498.3
1345070 2498.3
1345080 2507.9
1345090 2516.1
1345100 2516.1
1345110 2525.2
1345120 2532.8
1345130 2532.8
1345140 2538.5
1345150 2543.7
1345160 2549.5
1345170 2549.5
1345180 2556.4
1345190 2565.9
1345200 2565.9
1345210 2577.8
1345220 2583.1
1345230 2583.1
1345240 2578.3
1345250 2570.0
1345260 2570.0
1345270 2561.7
1345280 2553.7
1345290 2553.7
1345300 2545.1
1345310 2534.0
1345320 2534.0
1345330 2525.3
1345340 2514.6
1345350 2514.6
1345360 2504.8
1345370 2493.2
1345380 2493.2
1345390 2483.3
1345400 2475.6
1345410 2468.1
1345420 2468.1
1345430 2460.6
1345440 2452.5
1345450 2452.5
1345460 2444.4
1345470 2436.5
1345480 2436.5
1345490 2430.3
1345500 2425.2
1345510 2425.2
1345520 2419.8
1345530 2415.6
1345540 2415.6
1345550 2413.8
1345560 2414.1
1345570 2414.1
1345580 2419.1
1345590 2421.8
1345600 2421.8
1345610 2421.8
1345620 2421.5
1345630 2419.5
1345640 2419.5
1345650 2418.1
1345660 2416.3
1345670 2416.3
1345680 2413.5
1345690 2409.4
1345700 2409.4
1345710 2402.8
1345720 2400.1
1345730 2400.1
1345740 2399.3
1345750 2398.4
1345760 2398.4
1345770 2397.6
1345780 2396.3
1345790 2396.3
1345800 2394.2
1345810 2392.4
1345820 2392.4
1345830 2390.5
1345840 2389.1
1345850 2389.1
1345860 2388.2
1345870 2387.1
1345880 2383.7
1345890 2389.6
1345900 2386.1
1345910 2381.4
1345920 2381.4
1345930 2376.2
1345940 2370.9
1345950 2370.9
1345960 2366.3
1345970 2362.5
1345980 2362.5
1345990 2359.2
1346000 2355.9
1346010 2355.9
1346020 2354.8
1346030 2350.7
1346040 2350.7
1346050 2347.7
1346060 2346.6
1346070 2346.6
1346080 2347.1
1346090 2347.4
1346100 2347.4
1346110 2348.3
1346120 2351.7
1346130 2353.3
1346140 2353.3
1346150 2354.6
1346160 2354.2
1346170 2354.2
1346180 2352.8
1346190 2354.3
1346200 2354.3
1346210 2357.1
1346220 2356.4
1346230 2356.4
1346240 2354.9
1346250 2353.7
1346260 2353.7
1346270 2352.7
1346280 2352.0
1346290 2352.0
1346300 2351.1
1346310 2350.7
1346320 2350.7
1346330 2350.4
1346340 2349.6
1346350 2350.7
1346360 2350.7
1346370 2351.6
1346380 2353.2
1346390 2353.2
1346400 2354.1
1346410 2362.8
1346420 2362.8
1346430 2382.6
1346440 2394.8
1346450 2394.8
1346460 2408.2
1346470 2419.4
1346480 2419.4
1346490 2431.3
1346500 2440.9
1346510 2440.9
1346520 2443.3
1346530 2439.0
1346540 2439.0
1346550 2432.7
1346560 2426.5
1346570 2426.5
1346580 2419.2
1346590 2410.4
1346600 2401.2
1346610 2401.2
1346620 2390.8
1346630 2381.5
1346640 2381.5
1346650 2373.0
1346660 2364.9
1346670 2364.9
1346680 2357.8
1346690 2350.7
1346700 2350.7
1346710 2344.6
1346720 2339.3
1346730 2339.3
1346740 2334.9
1346750 2331.0
1346760 2331.0
1346770 2327.1
1346780 2323.6
1346790 2323.6
1346800 2321.3
1346810 2319.6
1346820 2319.6
1346830 2317.4
1346840 2315.5
1346850 2313.0
1346860 2313.0
1346870 2309.6
1346880 2305.9
1346890 2305.9
1346900 2302.7
1346910 2300.2
1346920 2300.2
1346930 2297.8
1346940 2295.3
1346950 2295.3
1346960 2292.7
1346970 2289.0
1346980 2289.0
1346990 2285.2
1347000 2280.1
1347010 2280.1
1347020 2274.6
1347030 2268.5
1347040 2268.5
1347050 2262.1
1347060 2256.5
1347070 2249.5
1347080 2249.5
1347090 2242.4
1347100 2236.9
1347110 2236.9
1347120 2230.8
1347130 2222.6
1347140 2222.6
1347150 2214.7
1347160 2207.0
1347170 2207.0
1347180 2197.3
1347190 2188.3
1347200 2188.3
1347210 2179.2
1347220 2169.6
1347230 2169.6
1347240 2156.8
1347250 2147.6
1347260 2147.6
1347270 2139.0
1347280 2129.2
1347290 2129.2
1347300 2120.1
1347310 2110.8
1347320 2101.2
1347330 2101.2
1347340 2095.1
1347350 2089.4
1347360 2089.4
1347370 2082.4
1347380 2075.0
1347390 2075.0
1347400 2067.9
1347410 2061.1
1347420 2061.1
1347430 2054.1
1347440 2047.4
1347450 2047.4
1347460 2040.5
1347470 2034.4
1347480 2034.4
1347490 2029.2
1347500 2023.4
1347510 2023.4
1347520 2017.6
1347530 2012.8
1347540 2012.8
1347550 2007.7
1347560 2003.7
1347570 1999.6
1347580 1999.6
1347590 1996.0
1347600 1994.0
1347610 1994.0
1347620 1993.9
1347630 1990.6
1347640 1990.6
1347650 1984.9
1347660 1979.9
1347670 1979.9
1347680 1976.6
1347690 1974.3
1347700 1974.3
1347710 1972.5
1347720 1969.4
1347730 1972.0
1347740 1967.6
1347750 1962.8
1347760 1962.8
1347770 1957.4
1347780 1951.7
1347790 1947.1
1347800 1947.1
1347810 1942.9
1347820 1938.6
1347830 1938.6
1347840 1933.9
1347850 1928.1
1347860 1928.1
1347870 1922.2
1347880 1916.8
1347890 1916.8
1347900 1910.6
1347910 1905.0
1347920 1905.0
1347930 1896.5
1347940 1888.9
1347950 1888.9
1347960 1883.2
1347970 1877.9
1347980 1877.9
1347990 1870.8
1348000 1861.9
1348010 1861.9
1348020 1853.7
1348030 1844.9
1348040 1831.0
1348050 1831.0
1348060 1816.4
1348070 1802.9
1348080 1802.9
1348090 1780.5
1348100 1772.8
1348110 1772.8
1348120 1759.0
1348130 1751.2
1348140 1751.2
1348150 1745.5
1348160 1739.1
1348170 1739.1
1348180 1732.7
1348190 1726.4
1348200 1726.4
1348210 1719.9
1348220 1714.0
1348230 1714.0
1348240 1708.7
1348250 1706.1
1348260 1706.1
1348270 1705.9
1348280 1705.2
1348290 1705.3
1348300 1705.3
1348310 1707.2
1348320 1710.0
1348330 1710.0
1348340 1713.0
1348350 1714.5
1348360 1714.5
1348370 1716.4
1348380 1724.6
1348390 1724.6
1348400 1735.0
1348410 1742.0
1348420 1742.0
1348430 1747.9
1348440 1757.6
1348450 1757.6
1348460 1767.2
1348470 1776.4
1348480 1776.4
1348490 1787.7
1348500 1796.8
1348510 1806.9
1348520 1806.9
1348530 1814.5
1348540 1823.7
1348550 1823.7
1348560 1834.4
1348570 1842.9
1348580 1842.9
1348590 1852.7
1348600 1862.1
1348610 1862.1
1348620 1868.7
1348630 1875.4
1348640 1875.4
1348650 1879.6
1348660 1884.6
1348670 1884.6
1348680 1893.1
1348690 1900.5
1348700 1900.5
1348710 1910.3
1348720 1919.7
1348730 1919.7
1348740 1927.5
1348750 1934.7
1348760 1942.2
1348770 1942.2
1348780 1949.6
1348790 1956.3
1348800 1956.3
1348810 1962.4
1348820 1967.9
1348830 1967.9
1348840 1973.6
1348850 1979.6
1348860 1979.6
1348870 1985.9
1348880 1992.3
1348890 1992.3
1348900 1999.6
1348910 2009.3
1348920 2009.3
1348930 2019.4
1348940 2034.9
1348950 2034.9
1348960 2048.2
1348970 2061.0
1348980 2061.0
1348990 2070.0
1349000 2074.7
1349010 2081.4
1349020 2081.4
1349030 2084.6
1349040 2090.7
1349050 2090.7
1349060 2098.0
1349070 2106.8
1349080 2106.8
1349090 2118.5
1349100 2131.6
1349110 2131.6
1349120 2141.7
1349130 2153.2
1349140 2153.2
1349150 2163.4
1349160 2174.4
1349170 2174.4
1349180 2184.6
1349190 2190.4
1349200 2190.4
1349210 2192.6
1349220 2200.0
1349230 2209.0
1349240 2209.0
1349250 2217.9
1349260 2226.2
1349270 2226.2
1349280 2232.8
1349290 2237.6
1349300 2237.6
1349310 2241.8
1349320 2247.1
1349330 2247.1
1349340 2253.1
1349350 2267.1
1349360 2267.1
1349370 2282.4
1349380 2288.6
1349390 2288.6
1349400 2296.3
1349410 2304.4
1349420 2304.4
1349430 2312.9
1349440 2321.9
1349450 2321.9
1349460 2330.8
1349470 2338.8
1349480 2346.2
1349490 2346.2
1349500 2354.6
1349510 2362.8
1349520 2362.8
1349530 2370.7
1349540 2377.7
1349550 2377.7
1349560 2384.5
1349570 2393.2
1349580 2393.2
1349590 2403.3
1349600 2417.9
1349610 2417.9
1349620 2426.3
1349630 2433.8
1349640 2433.8
1349650 2440.6
1349660 2447.2
1349670 2447.2
1349680 2454.4
1349690 2462.3
1349700 2462.3
1349710 2468.9
1349720 2475.0
1349730 2481.5
1349740 2481.5
1349750 2486.9
1349760 2493.3
1349770 2493.3
1349780 2498.7
1349790 2507.2
1349800 2507.2
1349810 2517.3
1349820 2530.0
1349830 2530.0
1349840 2540.2
1349850 2548.3
1349860 2548.3
1349870 2556.9
1349880 2563.8
1349890 2563.8
1349900 2572.7
1349910 2582.4
1349920 2582.4
1349930 2591.3
1349940 2595.0
1349950 2601.0
1349960 2601.0
1349970 2611.0
1349980 2621.8
1349990 2621.8
1350000 2626.8
1350010 2626.2
1350020 2626.2
1350030 2609.8
1350040 2598.0
1350050 2598.0
1350060 2593.4
1350070 2588.8
1350080 2588.8
1350090 2576.8
1350100 2567.0
1350110 2567.0
1350120 2551.5
1350130 2540.4
1350140 2540.4
1350150 2531.8
1350160 2524.1
1350170 2524.1
1350180 2517.5
1350190 2512.8
1350200 2508.0
1350210 2508.0
1350220 2503.0
1350230 2497.6
1350240 2497.6
1350250 2493.0
1350260 2488.3
1350270 2488.3
1350280 2484.8
1350290 2481.3
1350300 2481.3
1350310 2479.0
1350320 2478.3
1350330 2478.3
1350340 2478.8
1350350 2479.9
1350360 2479.9
1350370 2484.0
1350380 2489.9
1350390 2489.9
1350400 2495.6
1350410 2502.1
1350420 2502.1
1350430 2508.1
1350440 2513.5
1350450 2512.8
1350460 2512.8
1350470 2508.2
1350480 2504.1
1350490 2504.1
1350500 2503.2
1350510 2502.2
1350520 2502.2
1350530 2502.1
1350540 2502.5
1350550 2505.9
1350560 2506.9
1350570 2508.2
1350580 2508.2
1350590 2510.8
1350600 2513.5
1350610 2513.5
1350620 2517.6
1350630 2521.3
1350640 2521.3
1350650 2525.5
1350660 2530.3
1350670 2535.4
1350680 2535.4
1350690 2539.7
1350700 2543.8
1350710 2543.8
1350720 2546.7
1350730 2550.6
1350740 2550.6
1350750 2556.6
1350760 2561.3
1350770 2561.3
1350780 2564.3
1350790 2567.1
1350800 2567.1
1350810 2572.3
1350820 2574.7
1350830 2574.7
1350840 2575.1
1350850 2576.2
1350860 2576.2
1350870 2578.5
1350880 2579.9
1350890 2579.9
1350900 2580.6
1350910 2582.0
1350920 2583.3
1350930 2583.3
1350940 2586.8
1350950 2591.0
1350960 2591.0
1350970 2595.5
1350980 2600.3
1350990 2600.3
1351000 2605.4
1351010 2606.3
1351020 2606.3
1351030 2607.6
1351040 2608.4
1351050 2608.4
1351060 2607.6
1351070 2608.8
1351080 2608.8
1351090 2610.8
1351100 2612.4
1351110 2612.4
1351120 2614.5
1351130 2619.2
1351140 2619.2
1351150 2624.9
1351160 2630.4
1351170 2636.6
1351180 2636.6
1351190 2642.9
1351200 2648.1
1351210 2648.1
1351220 2660.9
1351230 2685.4
1351240 2685.4
1351250 2706.6
1351260 2719.3
1351270 2719.3
1351280 2727.2
1351290 2726.7
1351300 2726.7
1351310 2724.9
1351320 2722.0
1351330 2722.0
1351340 2716.8
1351350 2709.8
1351360 2709.8
1351370 2703.3
1351380 2698.9
1351390 2693.1
1351400 2693.1
1351410 2685.5
1351420 2678.2
1351430 2678.2
1351440 2672.5
1351450 2667.3
1351460 2667.3
1351470 2662.2
1351480 2658.5
1351490 2658.5
1351500 2659.6
1351510 2657.5
1351520 2657.5
1351530 2656.3
1351540 2655.5
1351550 2655.5
1351560 2654.1
1351570 2652.9
1351580 2652.9
1351590 2653.1
1351600 2651.4
1351610 2651.4
1351620 2649.7
1351630 2649.4
1351640 2648.6
1351650 2648.6
1351660 2646.4
1351670 2643.2
1351680 2643.2
1351690 2638.9
1351700 2637.3
1351710 2637.3
1351720 2636.3
1351730 2633.2
1351740 2633.2
1351750 2634.0
1351760 2630.4
1351770 2630.4
1351780 2626.4
1351790 2621.3
1351800 2621.3
1351810 2617.8
1351820 2612.7
1351830 2612.7
1351840 2611.0
1351850 2608.5
1351860 2608.5
1351870 2603.7
1351880 2600.0
1351890 2596.0
1351900 2596.0
1351910 2590.4
1351920 2583.0
1351930 2583.0
1351940 2575.6
1351950 2568.2
1351960 2568.2
1351970 2561.4
1351980 2553.7
1351990 2553.7
1352000 2547.5
1352010 2542.6
1352020 2542.6
1352030 2536.8
1352040 2532.5
1352050 2532.5
1352060 2525.1
1352070 2517.5
1352080 2517.5
1352090 2512.6
1352100 2511.7
1352110 2506.9
1352120 2506.9
1352130 2501.8
1352140 2496.1
1352150 2496.1
1352160 2492.3
1352170 2488.2
1352180 2488.2
1352190 2483.4
1352200 2479.2
1352210 2479.2
1352220 2475.1
1352230 2472.9
1352240 2472.9
1352250 2469.9
1352260 2465.5
1352270 2465.5
1352280 2460.7
1352290 2457.4
1352300 2457.4
1352310 2454.7
1352320 2453.2
1352330 2453.2
1352340 2450.2
1352350 2445.1
1352360 2440.5
1352370 2440.5
1352380 2436.4
1352390 2430.4
1352400 2430.4
1352410 2424.3
1352420 2420.4
1352430 2420.4
1352440 2414.7
1352450 2410.8
1352460 2405.8
1352470 2401.4
1352480 2397.5
1352490 2397.5
1352500 2393.4
1352510 2388.9
1352520 2388.9
1352530 2386.1
1352540 2384.3
1352550 2384.3
1352560 2383.1
1352570 2381.4
1352580 2381.4
1352590 2378.5
1352600 2376.4
1352610 2375.8
1352620 2375.8
1352630 2374.3
1352640 2370.7
1352650 2370.7
1352660 2366.9
1352670 2361.6
1352680 2361.6
1352690 2357.9
1352700 2355.1
1352710 2355.1
1352720 2353.1
1352730 2349.7
1352740 2349.7
1352750 2349.8
1352760 2349.9
1352770 2349.9
1352780 2347.6
1352790 2346.0
1352800 2346.0
1352810 2343.3
1352820 2340.4
1352830 2336.9
1352840 2336.9
1352850 2333.6
1352860 2330.0
1352870 2330.0
1352880 2326.3
1352890 2324.3
1352900 2324.3
1352910 2323.4
1352920 2323.0
1352930 2323.0
1352940 2322.2
1352950 2321.0
1352960 2321.0
1352970 2318.2
1352980 2314.5
1352990 2314.5
1353000 2311.8
1353010 2309.9
1353020 2309.9
1353030 2309.9
1353040 2312.2
1353050 2312.2
1353060 2314.5
1353070 2314.5
1353080 2311.1
1353090 2311.1
1353100 2306.4
1353110 2300.5
1353120 2300.5
1353130 2296.7
1353140 2292.5
1353150 2292.5
1353160 2285.2
1353170 2281.9
1353180 2281.9
1353190 2280.6
1353200 2277.7
1353210 2277.7
1353220 2275.5
1353230 2271.2
1353240 2271.2
1353250 2266.2
1353260 2261.8
1353270 2261.8
1353280 2256.8
1353290 2251.2
1353300 2251.2
1353310 2246.7
1353320 2242.8
1353330 2239.1
1353340 2239.1
1353350 2236.5
1353360 2233.1
1353370 2233.1
1353380 2230.1
1353390 2226.1
1353400 2226.1
1353410 2222.4
1353420 2218.7
1353430 2224.1
1353440 2222.8
1353450 2222.2
1353460 2222.2
1353470 2220.5
1353480 2218.1
1353490 2218.1
1353500 2214.3
1353510 2211.6
1353520 2211.6
1353530 2208.6
1353540 2206.8
1353550 2205.1
1353560 2205.1
1353570 2203.7
1353580 2203.5
1353590 2203.5
1353600 2202.1
1353610 2200.5
1353620 2200.5
1353630 2199.3
1353640 2199.6
1353650 2199.6
1353660 2199.1
1353670 2197.5
1353680 2197.5
1353690 2195.7
1353700 2193.1
1353710 2193.1
1353720 2191.0
1353730 2188.5
1353740 2188.5
1353750 2185.4
1353760 2183.8
1353770 2183.8
1353780 2183.0
1353790 2181.7
1353800 2179.8
1353810 2179.8
1353820 2179.0
1353830 2173.2
1353840 2173.2
1353850 2169.5
1353860 2167.6
1353870 2167.6
1353880 2166.6
1353890 2168.1
1353900 2168.1
1353910 2166.1
1353920 2166.8
1353930 2166.8
1353940 2165.8
1353950 2163.8
1353960 2163.8
1353970 2161.1
1353980 2159.1
1353990 2159.1
1354000 2156.5
1354010 2155.9
1354020 2155.9
1354030 2155.4
1354040 2155.5
1354050 2155.7
1354060 2155.7
1354070 2155.0
1354080 2153.6
1354090 2153.6
1354100 2152.3
1354110 2150.6
1354120 2150.6
1354130 2148.4
1354140 2147.2
1354150 2147.2
1354160 2146.0
1354170 2144.6
1354180 2144.6
1354190 2142.5
1354200 2139.4
1354210 2139.4
1354220 2135.0
1354230 2130.7
1354240 2130.7
1354250 2127.2
1354260 2124.4
1354270 2121.9
1354280 2121.9
1354290 2119.5
1354300 2117.3
1354310 2117.3
1354320 2115.6
1354330 2113.8
1354340 2113.8
1354350 2110.7
1354360 2107.1
1354370 2107.1
1354380 2102.6
1354390 2099.7
1354400 2102.8
1354410 2101.5
1354420 2100.4
1354430 2100.4
1354440 2101.3
1354450 2102.6
1354460 2102.6
1354470 2102.2
1354480 2099.2
1354490 2099.2
1354500 2094.5
1354510 2089.8
1354520 2085.1
1354530 2085.1
1354540 2079.8
1354550 2073.3
1354560 2073.3
1354570 2066.7
1354580 2060.2
1354590 2060.2
1354600 2054.1
1354610 2047.4
1354620 2047.4
1354630 2040.0
1354640 2033.6
1354650 2033.6
1354660 2026.0
1354670 2018.0
1354680 2018.0
1354690 2011.5
1354700 2005.2
1354710 2005.2
1354720 1999.3
1354730 1993.6
1354740 1988.7
1354750 1988.7
1354760 1982.6
1354770 1977.1
1354780 1977.1
1354790 1971.7
1354800 1964.6
1354810 1964.6
1354820 1957.6
1354830 1950.7
1354840 1950.7
1354850 1942.0
1354860 1930.1
1354870 1930.1
1354880 1920.6
1354890 1912.6
1354900 1912.6
1354910 1904.5
1354920 1896.7
1354930 1896.7
1354940 1888.2
1354950 1878.9
1354960 1878.9
1354970 1869.7
1354980 1861.6
1354990 1855.6
1355000 1855.6
1355010 1850.5
1355020 1845.1
1355030 1845.1
1355040 1840.0
1355050 1835.4
1355060 1835.4
1355070 1828.8
1355080 1822.6
1355090 1822.6
1355100 1816.0
1355110 1809.3
1355120 1809.3
1355130 1803.3
1355140 1795.6
1355150 1795.6
1355160 1787.9
1355170 1781.3
1355180 1781.3
1355190 1772.3
1355200 1761.8
1355210 1761.8
1355220 1750.8
1355230 1742.2
1355240 1734.8
1355250 1734.8
1355260 1729.0
1355270 1724.9
1355280 1724.9
1355290 1719.6
1355300 1713.8
1355310 1713.8
1355320 1707.3
1355330 1702.9
1355340 1702.9
1355350 1697.2
1355360 1690.7
1355370 1690.7
1355380 1688.7
1355390 1681.6
1355400 1681.6
1355410 1674.0
1355420 1666.3
1355430 1666.3
1355440 1660.2
1355450 1654.6
1355460 1648.4
1355470 1648.4
1355480 1642.5
1355490 1637.7
1355500 1637.7
1355510 1632.2
1355520 1626.9
1355530 1626.9
1355540 1622.9
1355550 1618.4
1355560 1618.4
1355570 1613.5
1355580 1608.2
1355590 1608.2
1355600 1603.5
1355610 1599.2
1355620 1599.2
1355630 1594.8
1355640 1590.4
1355650 1590.4
1355660 1585.0
1355670 1580.6
1355680 1580.6
1355690 1574.9
1355700 1568.4
1355710 1567.1
1355720 1567.1
1355730 1569.3
1355740 1570.4
1355750 1570.4
1355760 1573.8
1355770 1575.2
1355780 1575.2
1355790 1576.3
1355800 1578.5
1355810 1578.5
1355820 1581.0
1355830 1583.1
1355840 1583.1
1355850 1585.2
1355860 1587.0
1355870 1587.0
1355880 1589.9
1355890 1592.9
1355900 1592.9
1355910 1595.7
1355920 1598.4
1355930 1598.4
1355940 1602.3
1355950 1607.4
1355960 1611.4
1355970 1611.4
1355980 1616.4
1355990 1622.3
1356000 1622.3
1356010 1627.0
1356020 1632.2
1356030 1632.2
1356040 1638.0
1356050 1643.7
1356060 1643.7
1356070 1649.5
1356080 1655.2
1356090 1655.2
1356100 1660.8
1356110 1666.6
1356120 1666.6
1356130 1672.0
1356140 1676.9
1356150 1676.9
1356160 1682.6
1356170 1688.1
1356180 1692.6
1356190 1692.6
1356200 1698.0
1356210 1702.5
1356220 1702.5
1356230 1706.7
1356240 1710.1
1356250 1710.1
1356260 1710.5
1356270 1712.6
1356280 1712.6
1356290 1717.5
1356300 1724.6
1356310 1724.6
1356320 1732.6
1356330 1739.3
1356340 1739.3
1356350 1747.5
1356360 1756.6
1356370 1756.6
1356380 1777.8
1356390 1786.8
1356400 1786.8
1356410 1795.7
1356420 1803.8
1356430 1811.7
1356440 1811.7
1356450 1820.4
1356460 1828.9
1356470 1828.9
1356480 1836.6
1356490 1843.2
1356500 1843.2
1356510 1850.5
1356520 1856.9
1356530 1856.9
1356540 1863.9
1356550 1872.5
1356560 1872.5
1356570 1880.2
1356580 1891.6
1356590 1891.6
1356600 1905.9
1356610 1916.4
1356620 1916.4
1356630 1925.7
1356640 1933.0
1356650 1933.0
1356660 1939.9
1356670 1946.4
1356680 1953.5
1356690 1953.5
1356700 1960.3
1356710 1967.5
1356720 1967.5
1356730 1975.3
1356740 1986.0
1356750 1986.0
1356760 1997.1
1356770 2005.6
1356780 2005.6
1356790 2012.0
1356800 2017.1
1356810 2017.1
1356820 2022.4
1356830 2029.1
1356840 2029.1
1356850 2036.3
1356860 2044.1
1356870 2044.1
1356880 2050.8
1356890 2056.7
1356900 2061.8
1356910 2061.8
1356920 2068.5
1356930 2075.8
1356940 2075.8
1356950 2083.5
1356960 2089.0
1356970 2089.0
1356980 2094.9
1356990 2101.7
1357000 2101.7
1357010 2108.3
1357020 2114.0
1357030 2114.0
1357040 2121.2
1357050 2128.0
1357060 2128.0
1357070 2134.0
1357080 2138.8
1357090 2138.8
1357100 2145.8
1357110 2152.9
1357120 2152.9
1357130 2158.7
1357140 2165.1
1357150 2171.2
1357160 2171.2
1357170 2177.5
1357180 2184.7
1357190 2184.7
1357200 2191.8
1357210 2198.4
1357220 2198.4
1357230 2205.3
1357240 2212.7
1357250 2212.7
1357260 2219.0
1357270 2225.8
1357280 2225.8
1357290 2234.4
1357300 2242.2
1357310 2242.2
1357320 2250.0
1357330 2259.2
1357340 2259.2
1357350 2267.1
1357360 2274.6
1357370 2278.3
1357380 2284.5
1357390 2291.5
1357400 2298.2
1357410 2298.2
1357420 2305.4
1357430 2313.2
1357440 2313.2
1357450 2320.8
1357460 2327.5
1357470 2327.5
1357480 2334.1
1357490 2339.4
1357500 2339.4
1357510 2342.6
1357520 2346.9
1357530 2346.9
1357540 2352.0
1357550 2355.9
1357560 2355.9
1357570 2361.0
1357580 2365.8
1357590 2365.8
1357600 2365.7
1357610 2364.2
1357620 2363.4
1357630 2363.4
1357640 2359.3
1357650 2354.8
1357660 2354.8
1357670 2353.4
1357680 2352.9
1357690 2352.9
1357700 2356.3
1357710 2360.7
1357720 2360.7
1357730 2364.2
1357740 2366.9
1357750 2366.9
1357760 2369.3
1357770 2373.0
1357780 2373.0
1357790 2378.1
1357800 2383.0
1357810 2383.0
1357820 2387.9
1357830 2392.8
1357840 2392.8
1357850 2397.3
1357860 2402.0
1357870 2406.8
1357880 2406.8
1357890 2411.3
1357900 2415.7
1357910 2415.7
1357920 2417.6
1357930 2424.0
1357940 2424.0
1357950 2429.9
1357960 2434.9
1357970 2434.9
1357980 2439.7
1357990 2444.4
1358000 2444.4
1358010 2449.2
1358020 2453.9
1358030 2453.9
1358040 2458.5
1358050 2463.5
1358060 2463.5
1358070 2470.4
1358080 2478.6
1358090 2478.6
1358100 2486.2
1358110 2495.2
1358120 2505.9
1358130 2505.9
1358140 2516.7
1358150 2528.7
1358160 2528.7
1358170 2539.7
1358180 2549.6
1358190 2549.6
1358200 2558.6
1358210 2565.7
1358220 2565.7
1358230 2571.8
1358240 2578.9
1358250 2578.9
1358260 2586.6
1358270 2594.3
1358280 2594.3
1358290 2601.6
1358300 2608.0
1358310 2608.0
1358320 2613.5
1358330 2618.5
1358340 2623.9
1358350 2623.9
1358360 2629.0
1358370 2633.3
1358380 2626.7
1358390 2632.1
1358400 2639.5
1358410 2639.5
1358420 2647.3
1358430 2656.5
1358440 2656.5
1358450 2664.3
1358460 2671.3
1358470 2671.3
1358480 2678.2
1358490 2685.7
1358500 2685.7
1358510 2693.5
1358520 2701.4
1358530 2701.4
1358540 2710.0
1358550 2719.5
1358560 2719.5
1358570 2727.8
1358580 2736.5
1358590 2744.7
1358600 2744.7
1358610 2754.0
1358620 2763.9
1358630 2763.9
1358640 2775.3
1358650 2785.0
1358660 2785.0
1358670 2793.4
1358680 2802.3
1358690 2802.3
1358700 2811.6
1358710 2821.3
1358720 2821.3
1358730 2830.3
1358740 2839.3
1358750 2839.3
1358760 2847.6
1358770 2857.0
1358780 2857.0
1358790 2866.8
1358800 2877.5
1358810 2877.5
1358820 2886.5
1358830 2895.2
1358840 2902.6
1358850 2902.6
1358860 2911.2
1358870 2919.7
1358880 2919.7
1358890 2928.9
1358900 2937.2
1358910 2937.2
1358920 2947.0
1358930 2956.2
1358940 2956.2
1358950 2949.1
1358960 2935.9
1358970 2935.9
1358980 2923.2
1358990 2912.0
1359000 2912.0
1359010 2902.8
1359020 2893.4
1359030 2893.4
1359040 2881.8
1359050 2871.0
1359060 2860.6
1359070 2860.6
1359080 2850.9
1359090 2841.7
1359100 2841.7
1359110 2832.2
1359120 2822.9
1359130 2822.9
1359140 2814.1
1359150 2804.7
1359160 2804.7
1359170 2795.4
1359180 2786.5
1359190 2786.5
1359200 2778.6
1359210 2770.8
1359220 2770.8
1359230 2762.5
1359240 2752.0
1359250 2752.0
1359260 2740.4
1359270 2730.5
1359280 2730.5
1359290 2720.7
1359300 2709.9
1359310 2699.8
1359320 2699.8
1359330 2689.3
1359340 2675.2
1359350 2675.2
1359360 2660.7
1359370 2650.2
1359380 2650.2
1359390 2638.6
1359400 2628.9
1359410 2628.9
1359420 2624.9
1359430 2620.6
1359440 2620.6
1359450 2613.8
1359460 2604.0
1359470 2604.0
1359480 2591.5
1359490 2577.2
1359500 2577.2
1359510 2559.6
1359520 2546.6
1359530 2546.6
1359540 2535.9
1359550 2526.6
1359560 2518.6
1359570 2518.6
1359580 2511.0
1359590 2504.1
1359600 2504.1
1359610 2497.1
1359620 2490.6
1359630 2490.6
1359640 2484.5
1359650 2478.4
1359660 2478.4
1359670 2472.6
1359680 2467.0
1359690 2467.0
1359700 2462.6
1359710 2458.9
1359720 2458.9
1359730 2454.1
1359740 2448.2
1359750 2448.2
1359760 2442.3
1359770 2437.1
1359780 2432.2
1359790 2432.2
1359800 2425.0
1359810 2417.1
1359820 2417.1
1359830 2407.9
1359840 2398.2
1359850 2398.2
1359860 2388.1
1359870 2376.0
1359880 2376.0
1359890 2361.9
1359900 2350.2
1359910 2350.2
1359920 2341.1
1359930 2332.1
1359940 2332.1
1359950 2324.1
1359960 2317.5
1359970 2317.5
1359980 2311.8
1359990 2305.8
