1340000 2040.1
1340010 2040.8
1340020 2040.8
1340030 2042.2
1340040 2044.0
1340050 2044.0
1340060 2045.5
1340070 2046.4
1340080 2046.4
1340090 2047.8
1340100 2049.7
1340110 2049.7
1340120 2051.7
1340130 2052.9
1340140 2052.9
1340150 2054.7
1340160 2056.6
1340170 2056.6
1340180 2061.0
1340190 2064.1
1340200 2064.1
1340210 2063.7
1340220 2062.6
1340230 2062.6
1340240 2061.8
1340250 2061.8
1340260 2062.3
1340270 2062.3
1340280 2064.3
1340290 2066.5
1340300 2066.5
1340310 2068.8
1340320 2072.3
1340330 2072.3
1340340 2077.2
1340350 2083.2
1340360 2083.2
1340370 2089.7
1340380 2096.5
1340390 2096.5
1340400 2103.4
1340410 2111.1
1340420 2111.1
1340430 2120.9
1340440 2132.5
1340450 2132.5
1340460 2143.5
1340470 2153.8
1340480 2164.3
1340490 2164.3
1340500 2173.4
1340510 2183.8
1340520 2183.8
1340530 2195.0
1340540 2205.6
1340550 2205.6
1340560 2212.3
1340570 2215.4
1340580 2215.4
1340590 2217.3
1340600 2217.2
1340610 2217.2
1340620 2215.6
1340630 2213.3
1340640 2207.1
1340650 2203.4
1340660 2199.6
1340670 2199.6
1340680 2194.3
1340690 2189.2
1340700 2189.2
1340710 2183.7
1340720 2178.7
1340730 2174.8
1340740 2174.8
1340750 2170.9
1340760 2167.5
1340770 2167.5
1340780 2164.5
1340790 2162.3
1340800 2162.3
1340810 2160.1
1340820 2157.6
1340830 2157.6
1340840 2155.1
1340850 2152.5
1340860 2152.5
1340870 2149.8
1340880 2147.2
1340890 2147.2
1340900 2144.9
1340910 2142.3
1340920 2142.3
1340930 2139.8
1340940 2137.3
1340950 2137.3
1340960 2134.9
1340970 2132.5
1340980 2129.9
1340990 2129.9
1341000 2127.4
1341010 2124.7
1341020 2124.7
1341030 2122.8
1341040 2120.4
1341050 2120.4
1341060 2116.7
1341070 2110.5
1341080 2110.5
1341090 2102.2
1341100 2095.0
1341110 2095.0
1341120 2088.2
1341130 2084.3
1341140 2084.3
1341150 2081.0
1341160 2076.2
1341170 2076.2
1341180 2070.5
1341190 2064.0
1341200 2057.7
1341210 2057.7
1341220 2050.9
1341230 2045.5
1341240 2045.5
1341250 2040.6
1341260 2035.4
1341270 2035.4
1341280 2029.4
1341290 2023.9
1341300 2023.9
1341310 2018.1
1341320 2013.8
1341330 2013.8
1341340 2010.9
1341350 2007.7
1341360 2007.7
1341370 2004.1
1341380 2001.4
1341390 2001.4
1341400 1999.0
1341410 1995.7
1341420 1995.7
1341430 1991.8
1341440 1989.9
1341450 1988.4
1341460 1988.4
1341470 1986.0
1341480 1984.5
1341490 1984.5
1341500 1983.2
1341510 1981.2
1341520 1981.2
1341530 1973.5
1341540 1971.2
1341550 1971.2
1341560 1969.2
1341570 1967.0
1341580 1967.0
1341590 1964.0
1341600 1959.6
1341610 1959.6
1341620 1955.5
1341630 1951.7
1341640 1951.7
1341650 1947.1
1341660 1941.9
1341670 1941.9
1341680 1936.4
1341690 1931.2
1341700 1926.3
1341710 1926.3
1341720 1921.3
1341730 1916.7
1341740 1916.7
1341750 1912.0
1341760 1907.2
1341770 1907.2
1341780 1902.8
1341790 1898.3
1341800 1898.3
1341810 1894.8
1341820 1891.5
1341830 1891.5
1341840 1888.2
1341850 1884.4
1341860 1884.4
1341870 1880.4
1341880 1877.0
1341890 1877.0
1341900 1874.3
1341910 1872.0
1341920 1869.6
1341930 1869.6
1341940 1867.3
1341950 1864.9
1341960 1864.9
1341970 1862.3
1341980 1859.7
1341990 1859.7
1342000 1857.5
1342010 1856.2
1342020 1856.2
1342030 1855.6
1342040 1854.4
1342050 1854.4
1342060 1853.0
1342070 1851.2
1342080 1851.2
1342090 1849.3
1342100 1847.2
1342110 1847.2
1342120 1844.4
1342130 1840.5
1342140 1840.5
1342150 1836.0
1342160 1831.7
1342170 1827.2
1342180 1827.2
1342190 1822.5
1342200 1817.4
1342210 1817.4
1342220 1811.1
1342230 1805.2
1342240 1805.2
1342250 1799.6
1342260 1794.3
1342270 1794.3
1342280 1789.1
1342290 1783.7
1342300 1783.7
1342310 1777.9
1342320 1772.7
1342330 1772.7
1342340 1767.5
1342350 1761.7
1342360 1761.7
1342370 1756.5
1342380 1753.0
1342390 1753.0
1342400 1750.5
1342410 1748.1
1342420 1752.9
1342430 1752.9
1342440 1751.3
1342450 1749.3
1342460 1749.3
1342470 1746.3
1342480 1741.5
1342490 1741.5
1342500 1733.9
1342510 1727.2
1342520 1727.2
1342530 1716.6
1342540 1695.2
1342550 1695.2
1342560 1682.6
1342570 1672.3
1342580 1672.3
1342590 1655.3
1342600 1630.3
1342610 1630.3
1342620 1614.8
1342630 1594.8
1342640 1594.8
1342650 1571.9
1342660 1545.4
1342670 1533.7
1342680 1533.7
1342690 1520.8
1342700 1513.5
1342710 1513.5
1342720 1507.9
1342730 1501.9
1342740 1501.9
1342750 1495.5
1342760 1489.1
1342770 1489.1
1342780 1483.3
1342790 1477.8
1342800 1477.8
1342810 1473.0
1342820 1468.6
1342830 1468.6
1342840 1466.9
1342850 1466.4
1342860 1466.4
1342870 1466.0
1342880 1466.1
1342890 1466.1
1342900 1466.1
1342910 1466.5
1342920 1466.1
1342930 1466.1
1342940 1466.2
1342950 1466.6
1342960 1466.6
1342970 1466.8
1342980 1467.2
1342990 1467.2
1343000 1467.4
1343010 1467.6
1343020 1467.6
1343030 1467.7
1343040 1467.7
1343050 1467.7
1343060 1467.9
1343070 1468.2
1343080 1468.2
1343090 1468.6
1343100 1468.8
1343110 1468.8
1343120 1468.7
1343130 1469.2
1343140 1470.4
1343150 1470.4
1343160 1471.6
1343170 1473.0
1343180 1473.0
1343190 1474.7
1343200 1476.8
1343210 1476.8
1343220 1479.3
1343230 1482.4
1343240 1482.4
1343250 1486.0
1343260 1489.0
1343270 1489.0
1343280 1492.4
1343290 1496.1
1343300 1496.1
1343310 1500.5
1343320 1502.7
1343330 1502.7
1343340 1505.6
1343350 1509.4
1343360 1509.4
1343370 1513.8
1343380 1518.3
1343390 1521.4
1343400 1521.4
1343410 1526.0
1343420 1546.9
1343430 1546.9
1343440 1581.9
1343450 1624.5
1343460 1624.5
1343470 1639.7
1343480 1644.3
1343490 1644.3
1343500 1648.1
1343510 1651.8
1343520 1651.8
1343530 1653.8
1343540 1657.8
1343550 1657.8
1343560 1664.7
1343570 1667.2
1343580 1667.2
1343590 1669.3
1343600 1670.7
1343610 1673.9
1343620 1673.9
1343630 1678.4
1343640 1683.2
1343650 1683.2
1343660 1688.9
1343670 1694.9
1343680 1694.9
1343690 1700.3
1343700 1706.0
1343710 1706.0
1343720 1712.0
1343730 1722.0
1343740 1722.0
1343750 1734.1
1343760 1742.8
1343770 1742.8
1343780 1753.1
1343790 1769.6
1343800 1769.6
1343810 1780.9
1343820 1797.8
1343830 1797.8
1343840 1815.2
1343850 1826.1
1343860 1846.0
1343870 1846.0
1343880 1862.9
1343890 1871.9
1343900 1871.9
1343910 1880.0
1343920 1885.7
1343930 1885.7
1343940 1892.7
1343950 1904.2
1343960 1904.2
1343970 1918.1
1343980 1926.8
1343990 1926.8
1344000 1934.4
1344010 1942.1
1344020 1942.1
1344030 1949.7
1344040 1956.2
1344050 1956.2
1344060 1963.3
1344070 1971.5
1344080 1971.5
1344090 1979.5
1344100 1988.4
1344110 1997.0
1344120 1997.0
1344130 2005.5
1344140 2014.4
1344150 2014.4
1344160 2022.8
1344170 2030.6
1344180 2030.6
1344190 2038.4
1344200 2048.9
1344210 2048.9
1344220 2062.8
1344230 2070.3
1344240 2070.3
1344250 2078.0
1344260 2086.7
1344270 2086.7
1344280 2095.6
1344290 2104.1
1344300 2104.1
1344310 2112.1
1344320 2120.0
1344330 2127.0
1344340 2127.0
1344350 2134.1
1344360 2141.5
1344370 2141.5
1344380 2149.9
1344390 2160.2
1344400 2160.2
1344410 2170.4
1344420 2181.5
1344430 2181.5
1344440 2192.1
1344450 2202.2
1344460 2202.2
1344470 2211.3
1344480 2218.0
1344490 2218.0
1344500 2225.7
1344510 2234.5
1344520 2234.5
1344530 2243.7
1344540 2252.5
1344550 2252.5
1344560 2261.3
1344570 2271.0
1344580 2280.0
1344590 2280.0
1344600 2288.9
1344610 2298.4
1344620 2298.4
1344630 2306.6
1344640 2309.3
1344650 2309.3
1344660 2313.5
1344670 2317.1
1344680 2317.1
1344690 2319.8
1344700 2320.4
1344710 2320.4
1344720 2322.3
1344730 2324.5
1344740 2324.5
1344750 2328.0
1344760 2330.3
1344770 2330.3
1344780 2332.6
1344790 2333.6
1344800 2333.6
1344810 2335.2
1344820 2336.1
1344830 2336.3
1344840 2336.3
1344850 2335.8
1344860 2335.6
1344870 2335.6
1344880 2336.5
1344890 2338.4
1344900 2338.4
1344910 2341.1
1344920 2344.5
1344930 2344.5
1344940 2348.0
1344950 2352.4
1344960 2352.4
1344970 2356.5
1344980 2360.6
1344990 2360.6
1345000 2365.8
1345010 2372.1
1345020 2372.1
1345030 2378.9
1345040 2387.5
1345050 2396.2
1345060 2396.2
1345070 2417.7
1345080 2445.6
1345090 2445.6
1345100 2466.3
1345110 2481.0
1345120 2481.0
1345130 2485.7
1345140 2494.0
1345150 2494.0
1345160 2502.7
1345170 2511.5
1345180 2511.5
1345190 2522.1
1345200 2520.7
1345210 2520.7
1345220 2511.9
1345230 2502.6
1345240 2502.6
1345250 2492.9
1345260 2484.2
1345270 2484.2
1345280 2475.8
1345290 2467.8
1345300 2454.5
1345310 2454.5
1345320 2435.7
1345330 2425.4
1345340 2425.4
1345350 2417.3
1345360 2408.7
1345370 2408.7
1345380 2402.2
1345390 2395.4
1345400 2395.4
1345410 2384.9
1345420 2373.1
1345430 2373.1
1345440 2359.5
1345450 2337.6
1345460 2337.6
1345470 2330.5
1345480 2322.9
1345490 2322.9
1345500 2317.9
1345510 2314.7
1345520 2314.7
1345530 2310.8
1345540 2306.1
1345550 2300.7
1345560 2300.7
1345570 2294.9
1345580 2288.7
1345590 2288.7
1345600 2282.9
1345610 2278.9
1345620 2278.9
1345630 2276.5
1345640 2274.4
1345650 2274.4
1345660 2271.8
1345670 2269.3
1345680 2269.3
1345690 2267.0
1345700 2265.8
1345710 2265.8
1345720 2266.0
1345730 2267.0
1345740 2267.0
1345750 2266.9
1345760 2265.7
1345770 2265.1
1345780 2265.1
1345790 2262.9
1345800 2258.5
1345810 2258.5
1345820 2256.7
1345830 2254.5
1345840 2254.5
1345850 2254.2
1345860 2254.4
1345870 2254.4
1345880 2251.9
1345890 2249.1
1345900 2249.1
1345910 2246.1
1345920 2241.9
1345930 2241.9
1345940 2241.4
1345950 2241.6
1345960 2241.6
1345970 2241.4
1345980 2241.0
1345990 2241.0
1346000 2238.9
1346010 2235.1
1346020 2233.8
1346030 2233.8
1346040 2239.8
1346050 2240.7
1346060 2240.7
1346070 2243.3
1346080 2243.4
1346090 2243.4
1346100 2243.1
1346110 2244.8
1346120 2244.8
1346130 2245.5
1346140 2246.0
1346150 2246.0
1346160 2242.7
1346170 2239.4
1346180 2239.4
1346190 2240.1
1346200 2239.0
1346210 2239.0
1346220 2237.0
1346230 2236.8
1346240 2236.8
1346250 2235.6
1346260 2234.3
1346270 2233.4
1346280 2233.4
1346290 2233.0
1346300 2231.2
1346310 2231.2
1346320 2229.3
1346330 2228.9
1346340 2228.9
1346350 2228.4
1346360 2228.4
1346370 2228.4
1346380 2227.7
1346390 2227.8
1346400 2227.8
1346410 2228.2
1346420 2227.6
1346430 2227.6
1346440 2226.2
1346450 2222.2
1346460 2222.2
1346470 2220.2
1346480 2219.5
1346490 2219.9
1346500 2219.9
1346510 2223.7
1346520 2228.3
1346530 2228.3
1346540 2233.6
1346550 2238.7
1346560 2238.7
1346570 2249.2
1346580 2261.6
1346590 2261.6
1346600 2283.0
1346610 2299.4
1346620 2299.4
1346630 2295.5
1346640 2284.3
1346650 2284.3
1346660 2274.0
1346670 2265.1
1346680 2265.1
1346690 2254.3
1346700 2243.2
1346710 2243.2
1346720 2234.2
1346730 2224.5
1346740 2215.9
1346750 2215.9
1346760 2208.0
1346770 2199.3
1346780 2199.3
1346790 2190.6
1346800 2182.5
1346810 2182.5
1346820 2174.9
1346830 2167.3
1346840 2167.3
1346850 2160.5
1346860 2153.8
1346870 2153.8
1346880 2147.6
1346890 2142.5
1346900 2142.5
1346910 2138.4
1346920 2134.0
1346930 2134.0
1346940 2129.9
1346950 2125.6
1346960 2128.5
1346970 2123.5
1346980 2117.6
1346990 2110.1
1347000 2110.1
1347010 2102.8
1347020 2096.5
1347030 2096.5
1347040 2091.2
1347050 2086.4
1347060 2086.4
1347070 2081.5
1347080 2076.3
1347090 2076.3
1347100 2071.7
1347110 2066.8
1347120 2066.8
1347130 2064.3
1347140 2060.7
1347150 2060.7
1347160 2056.1
1347170 2051.3
1347180 2051.3
1347190 2046.5
1347200 2042.9
1347210 2042.9
1347220 2039.9
1347230 2035.8
1347240 2031.5
1347250 2031.5
1347260 2026.9
1347270 2021.9
1347280 2021.9
1347290 2016.2
1347300 2011.2
1347310 2011.2
1347320 2006.5
1347330 2001.6
1347340 2001.6
1347350 1996.4
1347360 1991.2
1347370 1991.2
1347380 1986.2
1347390 1980.8
1347400 1980.8
1347410 1977.0
1347420 1972.4
1347430 1972.4
1347440 1967.6
1347450 1963.2
1347460 1960.1
1347470 1960.1
1347480 1956.8
1347490 1952.9
1347500 1952.9
1347510 1949.8
1347520 1945.9
1347530 1945.9
1347540 1940.4
1347550 1933.9
1347560 1933.9
1347570 1927.6
1347580 1921.0
1347590 1921.0
1347600 1914.9
1347610 1909.0
1347620 1909.0
1347630 1902.9
1347640 1897.5
1347650 1897.5
1347660 1892.5
1347670 1886.6
1347680 1886.6
1347690 1876.5
1347700 1864.1
1347710 1855.7
1347720 1855.7
1347730 1847.9
1347740 1840.4
1347750 1840.4
1347760 1831.5
1347770 1823.5
1347780 1823.5
1347790 1817.4
1347800 1812.0
1347810 1812.0
1347820 1805.8
1347830 1800.1
1347840 1800.1
1347850 1793.8
1347860 1785.5
1347870 1785.5
1347880 1778.8
1347890 1780.1
1347900 1780.1
1347910 1775.3
1347920 1766.3
1347930 1766.3
1347940 1761.0
1347950 1757.2
1347960 1752.1
1347970 1752.1
1347980 1748.4
1347990 1745.1
1348000 1745.1
1348010 1739.0
1348020 1733.8
1348030 1733.8
1348040 1729.4
1348050 1724.7
1348060 1724.7
1348070 1720.7
1348080 1717.1
1348090 1717.1
1348100 1713.2
1348110 1709.2
1348120 1709.2
1348130 1705.7
1348140 1703.9
1348150 1703.9
1348160 1698.8
1348170 1695.0
1348180 1692.3
1348190 1692.3
1348200 1690.3
1348210 1689.6
1348220 1689.6
1348230 1687.7
1348240 1684.2
1348250 1684.2
1348260 1678.9
1348270 1681.0
1348280 1681.0
1348290 1688.7
1348300 1694.6
1348310 1694.6
1348320 1698.2
1348330 1703.6
1348340 1703.6
1348350 1708.9
1348360 1714.1
1348370 1714.1
1348380 1719.4
1348390 1724.8
1348400 1724.8
1348410 1730.5
1348420 1736.0
1348430 1742.0
1348440 1742.0
1348450 1748.5
1348460 1755.8
1348470 1755.8
1348480 1763.5
1348490 1772.9
1348500 1772.9
1348510 1781.9
1348520 1792.8
1348530 1792.8
1348540 1804.4
1348550 1813.4
1348560 1813.4
1348570 1821.4
1348580 1828.8
1348590 1828.8
1348600 1836.4
1348610 1843.1
1348620 1843.1
1348630 1850.4
1348640 1857.8
1348650 1857.8
1348660 1864.8
1348670 1872.4
1348680 1879.3
1348690 1879.3
1348700 1885.7
1348710 1891.7
1348720 1891.7
1348730 1897.9
1348740 1904.8
1348750 1904.8
1348760 1911.6
1348770 1918.0
1348780 1918.0
1348790 1925.0
1348800 1933.2
1348810 1933.2
1348820 1943.4
1348830 1952.7
1348840 1952.7
1348850 1963.2
1348860 1973.7
1348870 1973.7
1348880 1981.1
1348890 1987.3
1348900 1988.3
1348910 1988.3
1348920 1991.9
1348930 1999.5
1348940 1999.5
1348950 2009.1
1348960 2022.0
1348970 2022.0
1348980 2033.3
1348990 2043.7
1349000 2043.7
1349010 2053.2
1349020 2063.3
1349030 2063.3
1349040 2074.1
1349050 2082.1
1349060 2082.1
1349070 2092.4
1349080 2100.0
1349090 2100.0
1349100 2107.1
1349110 2116.7
1349120 2116.7
1349130 2123.5
1349140 2130.7
1349150 2138.1
1349160 2138.1
1349170 2144.3
1349180 2149.3
1349190 2149.3
1349200 2156.1
1349210 2162.6
1349220 2162.6
1349230 2169.4
1349240 2177.6
1349250 2177.6
1349260 2185.9
1349270 2193.2
1349280 2193.2
1349290 2200.5
1349300 2208.7
1349310 2208.7
1349320 2217.3
1349330 2225.7
1349340 2225.7
1349350 2233.8
1349360 2241.5
1349370 2241.5
1349380 2250.3
1349390 2259.0
1349400 2269.0
1349410 2269.0
1349420 2279.8
1349430 2289.1
1349440 2289.1
1349450 2299.2
1349460 2308.4
1349470 2308.4
1349480 2318.9
1349490 2329.5
1349500 2329.5
1349510 2340.6
1349520 2350.3
1349530 2350.3
1349540 2357.9
1349550 2366.2
1349560 2366.2
1349570 2376.0
1349580 2384.1
1349590 2384.1
1349600 2393.1
1349610 2404.6
1349620 2406.6
1349630 2406.6
1349640 2396.9
1349650 2381.6
1349660 2381.6
1349670 2369.3
1349680 2358.7
1349690 2358.7
1349700 2355.2
1349710 2354.6
1349720 2354.6
1349730 2353.9
1349740 2353.5
1349750 2353.5
1349760 2358.6
1349770 2359.4
1349780 2359.4
1349790 2358.4
1349800 2357.1
1349810 2357.1
1349820 2354.7
1349830 2351.1
1349840 2351.1
1349850 2347.3
1349860 2344.9
1349870 2344.3
1349880 2344.3
1349890 2344.9
1349900 2345.7
1349910 2345.7
1349920 2346.9
1349930 2348.8
1349940 2348.8
1349950 2350.6
1349960 2352.7
1349970 2352.7
1349980 2356.3
1349990 2359.4
1350000 2359.4
1350010 2361.5
1350020 2362.1
1350030 2362.1
1350040 2362.7
1350050 2364.2
1350060 2364.2
1350070 2365.0
1350080 2366.1
1350090 2366.1
1350100 2368.4
1350110 2371.2
1350120 2372.7
1350130 2372.7
1350140 2376.8
1350150 2380.8
1350160 2380.8
1350170 2381.0
1350180 2378.4
1350190 2378.4
1350200 2382.4
1350210 2384.6
1350220 2384.6
1350230 2386.5
1350240 2388.0
1350250 2388.0
1350260 2393.8
1350270 2399.7
1350280 2399.7
1350290 2405.2
1350300 2410.2
1350310 2410.2
1350320 2417.1
1350330 2423.4
1350340 2428.7
1350350 2428.7
1350360 2433.2
1350370 2435.7
1350380 2435.7
1350390 2435.8
1350400 2437.7
1350410 2437.7
1350420 2438.4
1350430 2439.3
1350440 2439.3
1350450 2440.9
1350460 2442.6
1350470 2442.6
1350480 2444.3
1350490 2445.3
1350500 2445.3
1350510 2445.1
1350520 2445.7
1350530 2445.7
1350540 2444.4
1350550 2444.3
1350560 2444.3
1350570 2443.4
1350580 2441.3
1350590 2440.9
1350600 2440.9
1350610 2440.9
1350620 2440.9
1350630 2440.9
1350640 2440.9
1350650 2441.4
1350660 2441.4
1350670 2444.6
1350680 2449.2
1350690 2449.2
1350700 2455.2
1350710 2465.2
1350720 2465.2
1350730 2471.1
1350740 2470.1
1350750 2470.1
1350760 2470.8
1350770 2472.8
1350780 2472.8
1350790 2474.6
1350800 2475.3
1350810 2475.3
1350820 2476.4
1350830 2477.7
1350840 2479.1
1350850 2479.1
1350860 2481.3
1350870 2483.5
1350880 2483.5
1350890 2486.7
1350900 2490.5
1350910 2490.5
1350920 2494.2
1350930 2499.9
1350940 2499.9
1350950 2506.0
1350960 2512.0
1350970 2512.0
1350980 2516.7
1350990 2520.2
1351000 2520.2
1351010 2524.1
1351020 2528.5
1351030 2528.5
1351040 2532.8
1351050 2535.3
1351060 2538.8
1351070 2538.8
1351080 2542.7
1351090 2547.7
1351100 2547.7
1351110 2552.1
1351120 2559.0
1351130 2559.0
1351140 2565.7
1351150 2572.0
1351160 2572.0
1351170 2578.5
1351180 2585.6
1351190 2585.6
1351200 2597.8
1351210 2610.3
1351220 2610.3
1351230 2600.3
1351240 2584.5
1351250 2584.5
1351260 2580.2
1351270 2573.1
1351280 2573.1
1351290 2568.4
1351300 2565.6
1351310 2564.6
1351320 2564.6
1351330 2567.5
1351340 2569.2
1351350 2569.2
1351360 2569.7
1351370 2568.9
1351380 2568.9
1351390 2567.9
1351400 2565.8
1351410 2565.8
1351420 2563.8
1351430 2563.8
1351440 2563.8
1351450 2566.9
1351460 2570.3
1351470 2570.3
1351480 2573.6
1351490 2574.2
1351500 2574.2
1351510 2564.4
1351520 2553.0
1351530 2553.0
1351540 2549.2
1351550 2544.6
1351560 2539.0
1351570 2539.0
1351580 2533.8
1351590 2528.8
1351600 2528.8
1351610 2524.3
1351620 2523.3
1351630 2523.3
1351640 2521.7
1351650 2515.3
1351660 2522.2
1351670 2521.0
1351680 2520.4
1351690 2520.4
1351700 2519.3
1351710 2516.7
1351720 2516.7
1351730 2515.7
1351740 2515.1
1351750 2515.1
1351760 2514.2
1351770 2513.0
1351780 2512.6
1351790 2512.6
1351800 2510.6
1351810 2509.1
1351820 2509.1
1351830 2507.5
1351840 2503.3
1351850 2503.3
1351860 2498.1
1351870 2496.4
1351880 2496.4
1351890 2493.4
1351900 2490.5
1351910 2490.5
1351920 2487.2
1351930 2487.5
1351940 2487.5
1351950 2489.8
1351960 2490.8
1351970 2490.8
1351980 2490.4
1351990 2488.1
1352000 2488.1
1352010 2490.8
1352020 2491.1
1352030 2491.2
1352040 2491.2
1352050 2491.5
1352060 2493.0
1352070 2493.0
1352080 2492.8
1352090 2490.1
1352100 2490.1
1352110 2485.7
1352120 2482.4
1352130 2482.4
1352140 2480.3
1352150 2479.3
1352160 2479.3
1352170 2477.3
1352180 2474.8
1352190 2474.8
1352200 2472.9
1352210 2471.0
1352220 2471.0
1352230 2468.9
1352240 2465.6
1352250 2465.6
1352260 2463.1
1352270 2460.4
1352280 2458.4
1352290 2458.4
1352300 2457.5
1352310 2457.2
1352320 2457.2
1352330 2456.8
1352340 2455.3
1352350 2455.3
1352360 2451.2
1352370 2446.5
1352380 2446.5
1352390 2441.6
1352400 2438.0
1352410 2438.0
1352420 2431.4
1352430 2421.3
1352440 2421.3
1352450 2408.3
1352460 2400.4
1352470 2400.4
1352480 2394.0
1352490 2388.9
1352500 2388.9
1352510 2383.7
1352520 2379.1
1352530 2373.9
1352540 2373.9
1352550 2368.0
1352560 2363.3
1352570 2363.3
1352580 2358.9
1352590 2353.8
1352600 2353.8
1352610 2349.3
1352620 2345.0
1352630 2344.7
1352640 2339.9
1352650 2335.7
1352660 2335.7
1352670 2331.8
1352680 2328.7
1352690 2328.7
1352700 2320.1
1352710 2313.6
1352720 2313.6
1352730 2309.8
1352740 2304.9
1352750 2299.9
1352760 2299.9
1352770 2296.6
1352780 2293.9
1352790 2293.9
1352800 2290.8
1352810 2286.5
1352820 2286.5
1352830 2282.7
1352840 2277.4
1352850 2277.4
1352860 2270.0
1352870 2267.7
1352880 2267.7
1352890 2266.1
1352900 2263.3
1352910 2263.3
1352920 2259.6
1352930 2256.8
1352940 2256.8
1352950 2253.2
1352960 2250.8
1352970 2250.8
1352980 2247.8
1352990 2245.3
1353000 2243.8
1353010 2243.8
1353020 2244.3
1353030 2242.9
1353040 2242.9
1353050 2241.0
1353060 2238.9
1353070 2238.9
1353080 2235.2
1353090 2231.9
1353100 2231.9
1353110 2229.6
1353120 2226.1
1353130 2226.1
1353140 2223.6
1353150 2220.1
1353160 2220.1
1353170 2216.6
1353180 2213.5
1353190 2213.5
1353200 2210.4
1353210 2206.0
1353220 2206.0
1353230 2202.0
1353240 2198.8
1353250 2195.6
1353260 2195.6
1353270 2193.3
1353280 2189.9
1353290 2189.9
1353300 2185.1
1353310 2179.6
1353320 2179.6
1353330 2178.3
1353340 2175.5
1353350 2175.5
1353360 2170.6
1353370 2166.0
1353380 2166.0
1353390 2160.7
1353400 2155.5
1353410 2155.5
1353420 2149.4
1353430 2144.7
1353440 2144.7
1353450 2139.9
1353460 2133.9
1353470 2129.6
1353480 2129.6
1353490 2127.0
1353500 2124.3
1353510 2124.3
1353520 2120.6
1353530 2116.3
1353540 2116.3
1353550 2112.0
1353560 2107.8
1353570 2107.8
1353580 2103.5
1353590 2100.3
1353600 2103.8
1353610 2100.8
1353620 2098.8
1353630 2098.8
1353640 2095.9
1353650 2092.6
1353660 2092.6
1353670 2089.8
1353680 2088.9
1353690 2088.9
1353700 2086.1
1353710 2084.0
1353720 2083.0
1353730 2083.0
1353740 2078.8
1353750 2074.1
1353760 2074.1
1353770 2068.8
1353780 2063.2
1353790 2063.2
1353800 2057.1
1353810 2051.6
1353820 2051.6
1353830 2047.9
1353840 2045.1
1353850 2045.1
1353860 2041.1
1353870 2038.2
1353880 2038.2
1353890 2035.6
1353900 2033.6
1353910 2033.6
1353920 2031.5
1353930 2029.7
1353940 2029.7
1353950 2028.3
1353960 2026.3
1353970 2026.0
1353980 2026.0
1353990 2025.6
1354000 2025.0
1354010 2025.0
1354020 2022.4
1354030 2020.7
1354040 2020.7
1354050 2018.3
1354060 2016.5
1354070 2016.5
1354080 2015.0
1354090 2014.1
1354100 2014.1
1354110 2013.2
1354120 2012.1
1354130 2012.1
1354140 2011.6
1354150 2010.2
1354160 2010.2
1354170 2009.0
1354180 2007.0
1354190 2005.8
1354200 2005.8
1354210 2004.3
1354220 2002.8
1354230 2002.8
1354240 2003.2
1354250 2001.0
1354260 2001.0
1354270 1998.2
1354280 1995.3
1354290 1995.3
1354300 1993.5
1354310 1992.0
1354320 1992.0
1354330 1989.7
1354340 1987.9
1354350 1987.9
1354360 1986.1
1354370 1985.0
1354380 1985.0
1354390 1983.0
1354400 1980.0
1354410 1980.0
1354420 1977.0
1354430 1973.4
1354440 1969.4
1354450 1969.4
1354460 1965.6
1354470 1962.5
1354480 1962.5
1354490 1960.3
1354500 1958.0
1354510 1958.0
1354520 1954.5
1354530 1950.0
1354540 1950.0
1354550 1945.4
1354560 1941.7
1354570 1946.0
1354580 1942.6
1354590 1938.9
1354600 1938.9
1354610 1935.7
1354620 1932.1
1354630 1932.1
1354640 1928.2
1354650 1922.9
1354660 1922.9
1354670 1917.3
1354680 1910.8
1354690 1904.3
1354700 1904.3
1354710 1898.5
1354720 1892.8
1354730 1892.8
1354740 1887.1
1354750 1882.4
1354760 1882.4
1354770 1878.1
1354780 1871.5
1354790 1871.5
1354800 1865.9
1354810 1861.0
1354820 1861.0
1354830 1854.4
1354840 1846.6
1354850 1846.6
1354860 1838.1
1354870 1829.4
1354880 1829.4
1354890 1820.1
1354900 1811.3
1354910 1801.4
1354920 1801.4
1354930 1794.2
1354940 1791.6
1354950 1791.6
1354960 1788.9
1354970 1785.8
1354980 1785.8
1354990 1780.6
1355000 1772.9
1355010 1772.9
1355020 1767.0
1355030 1759.1
1355040 1759.1
1355050 1750.0
1355060 1743.0
1355070 1743.0
1355080 1735.0
1355090 1727.7
1355100 1727.7
1355110 1719.3
1355120 1709.0
1355130 1709.0
1355140 1700.5
1355150 1692.7
1355160 1685.3
1355170 1685.3
1355180 1678.7
1355190 1672.1
1355200 1672.1
1355210 1665.3
1355220 1657.8
1355230 1657.8
1355240 1649.1
1355250 1642.5
1355260 1642.5
1355270 1635.1
1355280 1627.1
1355290 1627.1
1355300 1620.1
1355310 1613.6
1355320 1613.6
1355330 1607.2
1355340 1601.8
1355350 1601.8
1355360 1595.6
1355370 1590.5
1355380 1590.5
1355390 1585.2
1355400 1579.6
1355410 1571.8
1355420 1571.8
1355430 1566.3
1355440 1564.1
1355450 1564.1
1355460 1562.4
1355470 1561.3
1355480 1561.3
1355490 1558.4
1355500 1551.5
1355510 1551.5
1355520 1545.8
1355530 1546.2
1355540 1546.2
1355550 1547.1
1355560 1547.9
1355570 1547.9
1355580 1548.9
1355590 1551.8
1355600 1551.8
1355610 1555.9
1355620 1558.8
1355630 1561.1
1355640 1561.1
1355650 1563.7
1355660 1567.8
1355670 1567.8
1355680 1570.6
1355690 1574.3
1355700 1574.3
1355710 1579.2
1355720 1583.6
1355730 1583.6
1355740 1587.5
1355750 1591.2
1355760 1591.2
1355770 1595.1
1355780 1599.0
1355790 1599.0
1355800 1603.0
1355810 1607.5
1355820 1607.5
1355830 1611.0
1355840 1615.2
1355850 1615.2
1355860 1619.2
1355870 1623.8
1355880 1628.2
1355890 1628.2
1355900 1634.4
1355910 1640.5
1355920 1640.5
1355930 1646.9
1355940 1652.7
1355950 1652.7
1355960 1659.0
1355970 1665.4
1355980 1665.4
1355990 1679.7
1356000 1727.8
1356010 1727.8
1356020 1740.0
1356030 1730.6
1356040 1730.6
1356050 1724.0
1356060 1724.5
1356070 1724.5
1356080 1729.8
1356090 1740.2
1356100 1740.2
1356110 1749.7
1356120 1758.2
1356130 1770.0
1356140 1770.0
1356150 1786.9
1356160 1806.1
1356170 1806.1
1356180 1819.6
1356190 1836.2
1356200 1836.2
1356210 1853.4
1356220 1863.2
1356230 1863.2
1356240 1873.1
1356250 1882.7
1356260 1882.7
1356270 1892.4
1356280 1902.2
1356290 1902.2
1356300 1908.6
1356310 1915.7
1356320 1915.7
1356330 1922.8
1356340 1932.4
1356350 1945.4
1356360 1945.4
1356370 1953.6
1356380 1958.6
1356390 1958.6
1356400 1960.2
1356410 1953.7
1356420 1953.7
1356430 1949.3
1356440 1936.1
1356450 1936.1
1356460 1934.7
1356470 1940.5
1356480 1940.5
1356490 1949.3
1356500 1986.2
1356510 1986.2
1356520 2006.9
1356530 2015.9
1356540 2015.9
1356550 2031.6
1356560 2039.9
1356570 2039.9
1356580 2048.9
1356590 2059.1
1356600 2067.4
1356610 2067.4
1356620 2074.0
1356630 2080.9
1356640 2080.9
1356650 2087.7
1356660 2095.2
1356670 2095.2
1356680 2102.9
1356690 2110.5
1356700 2110.5
1356710 2117.6
1356720 2122.5
1356730 2122.5
1356740 2125.8
1356750 2129.1
1356760 2129.1
1356770 2132.8
1356780 2137.1
1356790 2137.1
1356800 2142.4
1356810 2146.0
1356820 2146.0
1356830 2150.3
1356840 2155.4
1356850 2160.1
1356860 2160.1
1356870 2163.8
1356880 2168.3
1356890 2168.3
1356900 2172.8
1356910 2176.5
1356920 2176.5
1356930 2180.6
1356940 2185.2
1356950 2185.2
1356960 2189.8
1356970 2194.1
1356980 2194.1
1356990 2197.4
1357000 2200.6
1357010 2200.6
1357020 2203.0
1357030 2206.4
1357040 2206.4
1357050 2211.4
1357060 2216.2
1357070 2219.9
1357080 2219.9
1357090 2220.4
1357100 2222.9
1357110 2222.9
1357120 2227.1
1357130 2231.1
1357140 2231.1
1357150 2235.1
1357160 2234.9
1357170 2234.9
1357180 2234.7
1357190 2234.3
1357200 2234.3
1357210 2236.0
1357220 2239.8
1357230 2239.8
1357240 2241.5
1357250 2241.0
1357260 2241.0
1357270 2243.4
1357280 2240.3
1357290 2240.3
1357300 2234.1
1357310 2233.9
1357320 2237.4
1357330 2237.4
1357340 2245.3
1357350 2256.1
1357360 2256.1
1357370 2265.9
1357380 2274.2
1357390 2274.2
1357400 2282.9
1357410 2289.5
1357420 2289.5
1357430 2302.6
1357440 2313.5
1357450 2313.5
1357460 2322.1
1357470 2330.4
1357480 2330.4
1357490 2341.0
1357500 2349.7
1357510 2349.7
1357520 2356.9
1357530 2362.8
1357540 2362.8
1357550 2367.8
1357560 2375.7
1357570 2383.2
1357580 2383.2
1357590 2390.0
1357600 2397.0
1357610 2397.0
1357620 2404.6
1357630 2411.5
1357640 2411.5
1357650 2417.9
1357660 2424.9
1357670 2424.9
1357680 2432.3
1357690 2440.2
1357700 2440.2
1357710 2447.8
1357720 2455.4
1357730 2455.4
1357740 2463.6
1357750 2471.7
1357760 2471.7
1357770 2480.6
1357780 2490.5
1357790 2498.8
1357800 2498.8
1357810 2508.0
1357820 2516.1
1357830 2516.1
1357840 2524.2
1357850 2530.0
1357860 2530.0
1357870 2534.6
1357880 2539.3
1357890 2539.3
1357900 2544.6
1357910 2550.9
1357920 2550.9
1357930 2557.3
1357940 2564.0
1357950 2564.0
1357960 2570.7
1357970 2578.5
1357980 2578.5
1357990 2586.5
1358000 2593.1
1358010 2593.1
1358020 2600.4
1358030 2607.7
1358040 2614.0
1358050 2614.0
1358060 2621.1
1358070 2628.7
1358080 2628.7
1358090 2636.9
1358100 2644.6
1358110 2644.6
1358120 2653.1
1358130 2660.3
1358140 2660.3
1358150 2667.7
1358160 2675.9
1358170 2675.9
1358180 2684.5
1358190 2695.0
1358200 2695.0
1358210 2705.7
1358220 2721.1
1358230 2721.1
1358240 2736.2
1358250 2733.2
1358260 2733.2
1358270 2726.5
1358280 2719.4
1358290 2710.3
1358300 2710.3
1358310 2703.9
1358320 2704.4
1358330 2704.4
1358340 2707.0
1358350 2706.6
1358360 2706.6
1358370 2716.6
1358380 2735.5
1358390 2735.5
1358400 2748.0
1358410 2757.5
1358420 2757.5
1358430 2765.6
1358440 2772.8
1358450 2772.8
1358460 2776.5
1358470 2778.7
1358480 2778.7
1358490 2780.5
1358500 2781.1
1358510 2779.8
1358520 2779.8
1358530 2777.1
1358540 2776.4
1358550 2786.4
1358560 2787.0
1358570 2786.8
1358580 2786.8
1358590 2778.5
1358600 2774.3
1358610 2774.3
1358620 2769.7
1358630 2763.8
1358640 2763.8
1358650 2756.5
1358660 2751.3
1358670 2751.3
1358680 2747.6
1358690 2744.9
1358700 2744.9
1358710 2743.0
1358720 2738.7
1358730 2738.7
1358740 2736.1
1358750 2734.7
1358760 2732.9
1358770 2732.9
1358780 2732.0
1358790 2731.6
1358800 2731.6
1358810 2728.2
1358820 2725.2
1358830 2725.2
1358840 2723.0
1358850 2722.6
1358860 2722.6
1358870 2721.7
1358880 2721.5
1358890 2721.5
1358900 2721.5
1358910 2721.3
1358920 2721.3
1358930 2721.4
1358940 2720.3
1358950 2720.3
1358960 2720.0
1358970 2719.7
1358980 2719.7
1358990 2720.7
1359000 2723.4
1359010 2726.4
1359020 2726.4
1359030 2729.7
1359040 2734.1
1359050 2734.1
1359060 2741.1
1359070 2749.0
1359080 2749.0
1359090 2756.1
1359100 2763.2
1359110 2763.2
1359120 2769.3
1359130 2773.5
1359140 2773.5
1359150 2775.4
1359160 2767.9
1359170 2767.9
1359180 2757.9
1359190 2749.2
1359200 2749.2
1359210 2739.8
1359220 2729.9
1359230 2729.9
1359240 2719.8
1359250 2708.6
1359260 2698.2
1359270 2698.2
1359280 2687.8
1359290 2676.9
1359300 2676.9
1359310 2665.7
1359320 2655.9
1359330 2655.9
1359340 2646.3
1359350 2636.5
1359360 2636.5
1359370 2626.4
1359380 2617.2
1359390 2617.2
1359400 2608.4
1359410 2597.0
1359420 2597.0
1359430 2587.2
1359440 2577.5
1359450 2577.5
1359460 2568.6
1359470 2559.8
1359480 2550.7
1359490 2550.7
1359500 2542.8
1359510 2534.1
1359520 2534.1
1359530 2525.8
1359540 2518.6
1359550 2518.6
1359560 2511.4
1359570 2502.7
1359580 2502.7
1359590 2495.6
1359600 2486.6
1359610 2486.6
1359620 2477.8
1359630 2469.2
1359640 2469.2
1359650 2462.0
1359660 2455.8
1359670 2455.8
1359680 2449.5
1359690 2443.3
1359700 2443.3
1359710 2437.2
1359720 2431.2
1359730 2425.2
1359740 2425.2
1359750 2419.5
1359760 2414.6
1359770 2414.6
1359780 2411.0
1359790 2408.6
1359800 2408.6
1359810 2406.1
1359820 2404.0
1359830 2404.0
1359840 2402.2
1359850 2400.7
1359860 2400.7
1359870 2399.9
1359880 2398.2
1359890 2398.2
1359900 2396.9
1359910 2395.6
1359920 2395.6
1359930 2394.5
1359940 2393.7
1359950 2393.7
1359960 2393.6
1359970 2393.9
1359980 2395.3
1359990 2395.3
