1340000 2089.9
1340010 2089.9
1340020 2094.6
1340030 2099.3
1340040 2099.3
1340050 2105.1
1340060 2109.2
1340070 2109.2
1340080 2113.3
1340090 2117.8
1340100 2117.8
1340110 2122.1
1340120 2125.7
1340130 2125.7
1340140 2127.9
1340150 2130.6
1340160 2124.9
1340170 2130.5
1340180 2136.9
1340190 2144.3
1340200 2144.3
1340210 2152.4
1340220 2159.8
1340230 2159.8
1340240 2167.2
1340250 2174.5
1340260 2174.5
1340270 2180.9
1340280 2185.3
1340290 2185.3
1340300 2186.2
1340310 2189.5
1340320 2189.5
1340330 2195.1
1340340 2201.6
1340350 2201.6
1340360 2207.0
1340370 2213.1
1340380 2213.1
1340390 2220.1
1340400 2226.9
1340410 2235.0
1340420 2235.0
1340430 2242.2
1340440 2244.5
1340450 2244.5
1340460 2246.9
1340470 2253.5
1340480 2253.5
1340490 2260.5
1340500 2266.6
1340510 2266.6
1340520 2271.0
1340530 2275.9
1340540 2275.9
1340550 2282.7
1340560 2283.5
1340570 2283.5
1340580 2283.3
1340590 2285.2
1340600 2285.2
1340610 2286.6
1340620 2291.0
1340630 2291.0
1340640 2294.0
1340650 2295.9
1340660 2295.8
1340670 2295.8
1340680 2292.3
1340690 2285.7
1340700 2285.7
1340710 2278.8
1340720 2272.5
1340730 2272.5
1340740 2265.1
1340750 2257.2
1340760 2257.2
1340770 2248.9
1340780 2241.5
1340790 2241.5
1340800 2236.0
1340810 2230.9
1340820 2230.9
1340830 2225.4
1340840 2220.3
1340850 2220.3
1340860 2215.1
1340870 2210.7
1340880 2210.7
1340890 2207.2
1340900 2203.7
1340910 2201.7
1340920 2201.7
1340930 2198.6
1340940 2193.5
1340950 2193.5
1340960 2187.6
1340970 2183.8
1340980 2183.8
1340990 2180.2
1341000 2176.9
1341010 2176.9
1341020 2175.1
1341030 2174.9
1341040 2172.3
1341050 2169.1
1341060 2165.5
1341070 2165.5
1341080 2162.2
1341090 2159.2
1341100 2159.2
1341110 2156.1
1341120 2152.5
1341130 2152.5
1341140 2148.0
1341150 2139.9
1341160 2135.1
1341170 2135.1
1341180 2132.6
1341190 2130.1
1341200 2130.1
1341210 2124.6
1341220 2117.8
1341230 2117.8
1341240 2112.4
1341250 2108.7
1341260 2108.7
1341270 2103.0
1341280 2097.6
1341290 2097.6
1341300 2094.0
1341310 2088.9
1341320 2088.9
1341330 2082.1
1341340 2074.8
1341350 2074.8
1341360 2068.4
1341370 2063.1
1341380 2058.4
1341390 2058.4
1341400 2054.8
1341410 2049.1
1341420 2049.1
1341430 2042.9
1341440 2036.9
1341450 2036.9
1341460 2028.8
1341470 2020.0
1341480 2020.0
1341490 2011.7
1341500 2004.3
1341510 2004.3
1341520 1997.0
1341530 1989.9
1341540 1989.9
1341550 1982.8
1341560 1974.5
1341570 1974.5
1341580 1965.1
1341590 1956.4
1341600 1956.4
1341610 1948.5
1341620 1941.8
1341630 1936.9
1341640 1936.9
1341650 1932.2
1341660 1927.9
1341670 1927.9
1341680 1923.8
1341690 1919.9
1341700 1919.9
1341710 1916.2
1341720 1914.0
1341730 1914.0
1341740 1911.6
1341750 1908.9
1341760 1908.9
1341770 1906.1
1341780 1903.3
1341790 1903.3
1341800 1899.9
1341810 1895.6
1341820 1895.6
1341830 1890.8
1341840 1887.1
1341850 1887.1
1341860 1883.8
1341870 1879.1
1341880 1874.4
1341890 1874.4
1341900 1871.3
1341910 1867.6
1341920 1867.6
1341930 1864.4
1341940 1860.2
1341950 1860.2
1341960 1855.4
1341970 1851.4
1341980 1851.4
1341990 1848.0
1342000 1844.0
1342010 1844.0
1342020 1840.2
1342030 1835.1
1342040 1835.1
1342050 1829.6
1342060 1823.8
1342070 1823.8
1342080 1819.2
1342090 1814.9
1342100 1810.7
1342110 1810.7
1342120 1807.6
1342130 1803.8
1342140 1803.8
1342150 1799.6
1342160 1795.1
1342170 1795.1
1342180 1790.4
1342190 1785.3
1342200 1785.3
1342210 1780.1
1342220 1774.0
1342230 1774.0
1342240 1767.1
1342250 1760.3
1342260 1760.3
1342270 1753.7
1342280 1747.6
1342290 1747.6
1342300 1743.1
1342310 1738.5
1342320 1738.5
1342330 1733.5
1342340 1729.9
1342350 1726.2
1342360 1726.2
1342370 1721.7
1342380 1717.0
1342390 1717.0
1342400 1713.0
1342410 1709.1
1342420 1709.1
1342430 1705.2
1342440 1700.1
1342450 1700.1
1342460 1691.9
1342470 1681.5
1342480 1681.5
1342490 1670.7
1342500 1657.7
1342510 1657.7
1342520 1646.9
1342530 1637.1
1342540 1637.1
1342550 1629.4
1342560 1622.4
1342570 1622.4
1342580 1617.8
1342590 1615.8
1342600 1613.5
1342610 1613.5
1342620 1609.5
1342630 1604.9
1342640 1604.9
1342650 1598.9
1342660 1593.1
1342670 1593.1
1342680 1588.3
1342690 1584.3
1342700 1584.3
1342710 1580.6
1342720 1576.9
1342730 1576.9
1342740 1572.0
1342750 1567.1
1342760 1567.1
1342770 1562.0
1342780 1558.8
1342790 1558.8
1342800 1555.4
1342810 1551.3
1342820 1551.3
1342830 1543.0
1342840 1536.8
1342850 1531.9
1342860 1531.9
1342870 1526.1
1342880 1520.3
1342890 1520.3
1342900 1515.5
1342910 1512.0
1342920 1512.0
1342930 1507.5
1342940 1501.4
1342950 1501.4
1342960 1494.8
1342970 1487.6
1342980 1487.6
1342990 1481.8
1343000 1476.8
1343010 1476.8
1343020 1473.2
1343030 1470.8
1343040 1470.8
1343050 1467.8
1343060 1464.5
1343070 1462.0
1343080 1462.0
1343090 1460.0
1343100 1457.8
1343110 1457.8
1343120 1455.0
1343130 1450.6
1343140 1450.6
1343150 1443.0
1343160 1438.2
1343170 1438.2
1343180 1442.9
1343190 1448.4
1343200 1448.4
1343210 1455.3
1343220 1460.6
1343230 1460.6
1343240 1464.2
1343250 1468.0
1343260 1468.0
1343270 1473.2
1343280 1479.3
1343290 1479.3
1343300 1485.6
1343310 1492.1
1343320 1498.6
1343330 1498.6
1343340 1505.2
1343350 1510.2
1343360 1510.2
1343370 1515.5
1343380 1520.7
1343390 1520.7
1343400 1525.2
1343410 1530.3
1343420 1530.3
1343430 1536.0
1343440 1540.0
1343450 1540.0
1343460 1543.1
1343470 1547.4
1343480 1547.4
1343490 1553.6
1343500 1558.7
1343510 1558.7
1343520 1569.0
1343530 1583.9
1343540 1583.9
1343550 1596.5
1343560 1607.3
1343570 1615.9
1343580 1615.9
1343590 1622.0
1343600 1648.8
1343610 1648.8
1343620 1663.0
1343630 1673.8
1343640 1673.8
1343650 1688.1
1343660 1703.3
1343670 1703.3
1343680 1716.5
1343690 1727.9
1343700 1727.9
1343710 1737.6
1343720 1749.5
1343730 1749.1
1343740 1759.3
1343750 1767.5
1343760 1767.5
1343770 1775.7
1343780 1783.4
1343790 1787.4
1343800 1787.4
1343810 1794.5
1343820 1808.1
1343830 1808.1
1343840 1816.6
1343850 1816.5
1343860 1816.5
1343870 1827.4
1343880 1847.5
1343890 1847.5
1343900 1872.3
1343910 1885.0
1343920 1885.0
1343930 1893.0
1343940 1902.6
1343950 1902.6
1343960 1913.8
1343970 1922.2
1343980 1922.2
1343990 1928.7
1344000 1934.8
1344010 1934.8
1344020 1941.3
1344030 1948.3
1344040 1955.6
1344050 1955.6
1344060 1960.6
1344070 1960.9
1344080 1960.9
1344090 1960.2
1344100 1959.6
1344110 1959.6
1344120 1961.2
1344130 1962.8
1344140 1962.8
1344150 1966.6
1344160 1971.3
1344170 1971.3
1344180 1979.9
1344190 1986.4
1344200 1986.4
1344210 1990.1
1344220 1993.5
1344230 1993.5
1344240 1996.8
1344250 1999.7
1344260 1999.7
1344270 2002.9
1344280 2007.5
1344290 2012.0
1344300 2012.0
1344310 2017.9
1344320 2022.4
1344330 2022.4
1344340 2024.7
1344350 2026.0
1344360 2026.0
1344370 2024.7
1344380 2023.5
1344390 2023.5
1344400 2021.8
1344410 2019.8
1344420 2019.8
1344430 2019.7
1344440 2020.8
1344450 2020.8
1344460 2021.7
1344470 2023.7
1344480 2023.7
1344490 2027.2
1344500 2030.8
1344510 2030.8
1344520 2035.2
1344530 2041.2
1344540 2048.5
1344550 2048.5
1344560 2056.4
1344570 2065.2
1344580 2065.2
1344590 2077.5
1344600 2088.1
1344610 2088.1
1344620 2095.6
1344630 2110.7
1344640 2110.7
1344650 2117.1
1344660 2121.9
1344670 2121.9
1344680 2127.9
1344690 2134.8
1344700 2134.8
1344710 2141.0
1344720 2146.0
1344730 2146.0
1344740 2157.9
1344750 2176.0
1344760 2191.8
1344770 2191.8
1344780 2210.0
1344790 2226.3
1344800 2226.3
1344810 2236.8
1344820 2245.7
1344830 2245.7
1344840 2253.5
1344850 2260.2
1344860 2260.2
1344870 2267.1
1344880 2273.4
1344890 2273.4
1344900 2281.0
1344910 2289.1
1344920 2289.1
1344930 2297.5
1344940 2306.0
1344950 2306.0
1344960 2311.7
1344970 2310.3
1344980 2310.3
1344990 2307.2
1345000 2295.0
1345010 2281.7
1345020 2281.7
1345030 2276.3
1345040 2272.6
1345050 2272.6
1345060 2268.7
1345070 2265.1
1345080 2265.1
1345090 2261.9
1345100 2258.8
1345110 2258.8
1345120 2256.1
1345130 2253.0
1345140 2253.0
1345150 2251.9
1345160 2251.3
1345170 2251.3
1345180 2250.0
1345190 2248.3
1345200 2248.3
1345210 2247.0
1345220 2244.8
1345230 2244.8
1345240 2242.0
1345250 2239.0
1345260 2236.8
1345270 2236.8
1345280 2234.3
1345290 2230.5
1345300 2230.5
1345310 2226.6
1345320 2223.5
1345330 2223.5
1345340 2220.1
1345350 2216.3
1345360 2216.3
1345370 2212.9
1345380 2209.5
1345390 2209.5
1345400 2206.1
1345410 2204.4
1345420 2204.4
1345430 2203.1
1345440 2202.2
1345450 2202.2
1345460 2207.5
1345470 2213.9
1345480 2213.9
1345490 2215.0
1345500 2213.7
1345510 2213.2
1345520 2213.2
1345530 2213.8
1345540 2257.9
1345550 2257.9
1345560 2258.9
1345570 2248.0
1345580 2248.0
1345590 2227.0
1345600 2206.0
1345610 2206.0
1345620 2190.0
1345630 2176.4
1345640 2176.4
1345650 2168.4
1345660 2162.5
1345670 2162.5
1345680 2156.7
1345690 2150.9
1345700 2150.9
1345710 2144.6
1345720 2138.0
1345730 2133.0
1345740 2133.0
1345750 2129.2
1345760 2125.5
1345770 2125.5
1345780 2121.9
1345790 2120.3
1345800 2120.3
1345810 2122.8
1345820 2122.4
1345830 2122.4
1345840 2119.7
1345850 2117.9
1345860 2117.9
1345870 2117.1
1345880 2116.5
1345890 2116.5
1345900 2115.9
1345910 2110.1
1345920 2110.1
1345930 2102.4
1345940 2092.0
1345950 2092.0
1345960 2086.1
1345970 2084.5
1345980 2080.6
1345990 2080.6
1346000 2079.7
1346010 2082.4
1346020 2082.4
1346030 2086.7
1346040 2092.3
1346050 2092.3
1346060 2095.6
1346070 2100.0
1346080 2100.0
1346090 2102.6
1346100 2105.4
1346110 2105.4
1346120 2105.3
1346130 2104.2
1346140 2104.2
1346150 2100.8
1346160 2098.6
1346170 2098.6
1346180 2097.2
1346190 2096.9
1346200 2096.9
1346210 2094.9
1346220 2093.3
1346230 2092.2
1346240 2092.2
1346250 2090.8
1346260 2090.6
1346270 2090.6
1346280 2092.9
1346290 2093.2
1346300 2093.2
1346310 2094.5
1346320 2096.7
1346330 2096.7
1346340 2098.0
1346350 2098.7
1346360 2098.7
1346370 2100.1
1346380 2101.5
1346390 2101.5
1346400 2101.9
1346410 2102.8
1346420 2102.8
1346430 2106.9
1346440 2110.3
1346450 2111.9
1346460 2115.4
1346470 2117.3
1346480 2120.4
1346490 2120.4
1346500 2122.1
1346510 2124.1
1346520 2124.1
1346530 2125.0
1346540 2126.0
1346550 2126.0
1346560 2126.8
1346570 2127.6
1346580 2127.6
1346590 2126.4
1346600 2127.3
1346610 2127.3
1346620 2129.3
1346630 2132.5
1346640 2132.5
1346650 2137.4
1346660 2144.0
1346670 2144.0
1346680 2153.2
1346690 2166.4
1346700 2177.1
1346710 2177.1
1346720 2183.2
1346730 2174.3
1346740 2174.3
1346750 2154.2
1346760 2137.5
1346770 2137.5
1346780 2128.1
1346790 2116.5
1346800 2116.5
1346810 2098.9
1346820 2082.7
1346830 2082.7
1346840 2063.1
1346850 2045.1
1346860 2045.1
1346870 2035.9
1346880 2029.7
1346890 2029.7
1346900 2024.9
1346910 2019.9
1346920 2019.9
1346930 2014.9
1346940 2008.4
1346950 2002.8
1346960 2002.8
1346970 1998.2
1346980 1988.4
1346990 1988.4
1347000 1977.8
1347010 1967.8
1347020 1967.8
1347030 1961.3
1347040 1955.4
1347050 1955.4
1347060 1949.0
1347070 1942.2
1347080 1942.2
1347090 1936.4
1347100 1930.9
1347110 1930.9
1347120 1923.3
1347130 1916.2
1347140 1916.2
1347150 1909.3
1347160 1902.0
1347170 1902.0
1347180 1894.2
1347190 1884.3
1347200 1874.5
1347210 1874.5
1347220 1866.3
1347230 1862.4
1347240 1862.4
1347250 1861.0
1347260 1853.9
1347270 1853.9
1347280 1845.8
1347290 1838.6
1347300 1838.6
1347310 1833.0
1347320 1824.8
1347330 1824.8
1347340 1812.7
1347350 1803.4
1347360 1803.4
1347370 1795.3
1347380 1780.7
1347390 1780.7
1347400 1772.8
1347410 1765.0
1347420 1757.7
1347430 1757.7
1347440 1749.7
1347450 1742.1
1347460 1742.1
1347470 1735.3
1347480 1729.2
1347490 1729.2
1347500 1722.1
1347510 1715.1
1347520 1715.1
1347530 1708.9
1347540 1702.5
1347550 1702.5
1347560 1696.9
1347570 1691.1
1347580 1691.1
1347590 1685.6
1347600 1679.9
1347610 1679.9
1347620 1674.9
1347630 1670.5
1347640 1670.5
1347650 1665.6
1347660 1660.1
1347670 1653.1
1347680 1653.1
1347690 1646.6
1347700 1642.7
1347710 1642.7
1347720 1640.0
1347730 1636.5
1347740 1636.5
1347750 1632.6
1347760 1628.8
1347770 1628.8
1347780 1625.5
1347790 1622.4
1347800 1622.4
1347810 1619.2
1347820 1615.7
1347830 1615.7
1347840 1612.7
1347850 1609.8
1347860 1609.8
1347870 1607.4
1347880 1605.3
1347890 1605.3
1347900 1602.5
1347910 1599.8
1347920 1597.6
1347930 1597.6
1347940 1595.8
1347950 1594.8
1347960 1594.8
1347970 1593.1
1347980 1590.5
1347990 1590.5
1348000 1592.1
1348010 1594.8
1348020 1594.8
1348030 1597.6
1348040 1599.5
1348050 1599.5
1348060 1601.8
1348070 1603.9
1348080 1603.9
1348090 1606.0
1348100 1609.3
1348110 1609.3
1348120 1613.5
1348130 1617.7
1348140 1622.1
1348150 1622.1
1348160 1625.4
1348170 1629.3
1348180 1629.3
1348190 1634.2
1348200 1638.7
1348210 1638.7
1348220 1643.0
1348230 1647.8
1348240 1647.8
1348250 1652.8
1348260 1657.0
1348270 1657.0
1348280 1661.7
1348290 1666.9
1348300 1666.9
1348310 1673.4
1348320 1679.8
1348330 1679.8
1348340 1686.6
1348350 1693.4
1348360 1693.4
1348370 1699.1
1348380 1702.7
1348390 1706.4
1348400 1706.4
1348410 1711.3
1348420 1717.1
1348430 1717.1
1348440 1721.7
1348450 1725.8
1348460 1725.8
1348470 1730.1
1348480 1735.0
1348490 1735.0
1348500 1739.9
1348510 1745.5
1348520 1745.5
1348530 1751.1
1348540 1756.0
1348550 1756.0
1348560 1761.2
1348570 1767.5
1348580 1767.5
1348590 1774.6
1348600 1783.6
1348610 1783.6
1348620 1793.2
1348630 1808.5
1348640 1821.5
1348650 1821.5
1348660 1831.5
1348670 1842.7
1348680 1842.7
1348690 1851.1
1348700 1858.2
1348710 1858.2
1348720 1868.3
1348730 1881.3
1348740 1881.3
1348750 1886.4
1348760 1890.8
1348770 1890.8
1348780 1898.3
1348790 1906.7
1348800 1906.7
1348810 1922.4
1348820 1931.5
1348830 1931.5
1348840 1937.5
1348850 1943.5
1348860 1943.5
1348870 1950.6
1348880 1957.8
1348890 1964.8
1348900 1964.8
1348910 1972.2
1348920 1977.7
1348930 1977.7
1348940 1982.8
1348950 1987.7
1348960 1987.7
1348970 1992.5
1348980 1997.4
1348990 1997.4
1349000 2002.6
1349010 2007.7
1349020 2007.7
1349030 2013.4
1349040 2019.9
1349050 2019.9
1349060 2026.3
1349070 2031.6
1349080 2031.6
1349090 2037.6
1349100 2045.2
1349110 2053.3
1349120 2053.3
1349130 2062.2
1349140 2070.7
1349150 2070.7
1349160 2079.9
1349170 2086.5
1349180 2086.5
1349190 2092.1
1349200 2095.3
1349210 2095.3
1349220 2099.0
1349230 2103.1
1349240 2103.1
1349250 2107.0
1349260 2111.1
1349270 2111.1
1349280 2115.3
1349290 2119.7
1349300 2119.7
1349310 2124.9
1349320 2131.1
1349330 2131.1
1349340 2140.0
1349350 2146.8
1349360 2152.4
1349370 2152.4
1349380 2156.7
1349390 2160.0
1349400 2160.0
1349410 2164.1
1349420 2167.3
1349430 2167.3
1349440 2170.4
1349450 2172.8
1349460 2172.8
1349470 2173.8
1349480 2175.4
1349490 2175.4
1349500 2176.9
1349510 2178.7
1349520 2178.7
1349530 2180.7
1349540 2181.8
1349550 2181.8
1349560 2182.8
1349570 2184.5
1349580 2184.5
1349590 2186.1
1349600 2187.4
1349610 2190.1
1349620 2190.1
1349630 2191.8
1349640 2194.4
1349650 2194.4
1349660 2195.2
1349670 2199.9
1349680 2199.9
1349690 2202.5
1349700 2206.6
1349710 2206.6
1349720 2210.4
1349730 2215.4
1349740 2215.4
1349750 2221.9
1349760 2226.5
1349770 2226.5
1349780 2229.8
1349790 2233.3
1349800 2233.3
1349810 2236.2
1349820 2238.0
1349830 2240.8
1349840 2240.8
1349850 2243.1
1349860 2245.0
1349870 2245.0
1349880 2245.3
1349890 2247.4
1349900 2247.4
1349910 2249.5
1349920 2252.4
1349930 2252.4
1349940 2254.3
1349950 2257.2
1349960 2257.2
1349970 2261.9
1349980 2268.2
1349990 2268.2
1350000 2274.7
1350010 2281.4
1350020 2281.4
1350030 2288.3
1350040 2295.6
1350050 2295.6
1350060 2302.9
1350070 2310.3
1350080 2323.1
1350090 2323.1
1350100 2338.6
1350110 2350.9
1350120 2350.9
1350130 2362.7
1350140 2375.1
1350150 2375.1
1350160 2387.7
1350170 2395.1
1350180 2395.1
1350190 2389.7
1350200 2395.0
1350210 2395.0
1350220 2402.0
1350230 2406.9
1350240 2406.9
1350250 2408.9
1350260 2411.9
1350270 2411.9
1350280 2413.1
1350290 2413.8
1350300 2413.8
1350310 2414.4
1350320 2414.1
1350330 2414.0
1350340 2414.0
1350350 2412.8
1350360 2412.2
1350370 2412.2
1350380 2410.3
1350390 2408.5
1350400 2408.5
1350410 2406.9
1350420 2406.6
1350430 2406.6
1350440 2408.1
1350450 2412.3
1350460 2412.3
1350470 2420.1
1350480 2425.9
1350490 2425.9
1350500 2434.1
1350510 2440.9
1350520 2440.9
1350530 2445.3
1350540 2448.6
1350550 2454.6
1350560 2454.6
1350570 2460.5
1350580 2467.1
1350590 2467.1
1350600 2475.2
1350610 2481.2
1350620 2481.2
1350630 2488.6
1350640 2493.1
1350650 2493.1
1350660 2493.7
1350670 2493.8
1350680 2493.8
1350690 2494.8
1350700 2494.1
1350710 2494.1
1350720 2495.1
1350730 2496.0
1350740 2496.0
1350750 2492.9
1350760 2493.7
1350770 2493.7
1350780 2493.4
1350790 2493.6
1350800 2494.6
1350810 2494.6
1350820 2491.7
1350830 2490.6
1350840 2490.6
1350850 2490.5
1350860 2490.5
1350870 2490.5
1350880 2490.5
1350890 2490.5
1350900 2490.5
1350910 2490.5
1350920 2490.5
1350930 2490.5
1350940 2491.8
1350950 2498.3
1350960 2498.3
1350970 2505.5
1350980 2513.0
1350990 2513.0
1351000 2521.8
1351010 2531.9
1351020 2531.9
1351030 2540.1
1351040 2547.6
1351050 2551.5
1351060 2551.5
1351070 2544.5
1351080 2535.3
1351090 2535.3
1351100 2527.0
1351110 2517.7
1351120 2517.7
1351130 2506.3
1351140 2483.8
1351150 2483.8
1351160 2474.0
1351170 2468.4
1351180 2468.4
1351190 2463.9
1351200 2458.7
1351210 2458.7
1351220 2452.0
1351230 2446.0
1351240 2446.0
1351250 2441.7
1351260 2437.8
1351270 2437.8
1351280 2434.9
1351290 2432.5
1351300 2429.0
1351310 2429.0
1351320 2424.9
1351330 2418.9
1351340 2418.9
1351350 2413.5
1351360 2404.7
1351370 2404.7
1351380 2400.0
1351390 2395.9
1351400 2395.9
1351410 2392.0
1351420 2389.2
1351430 2389.2
1351440 2386.7
1351450 2384.4
1351460 2384.4
1351470 2381.0
1351480 2377.1
1351490 2377.1
1351500 2375.4
1351510 2372.8
1351520 2371.2
1351530 2371.2
1351540 2369.3
1351550 2367.2
1351560 2367.2
1351570 2367.2
1351580 2368.3
1351590 2368.3
1351600 2368.0
1351610 2366.7
1351620 2366.7
1351630 2364.4
1351640 2364.8
1351650 2364.8
1351660 2362.0
1351670 2357.2
1351680 2357.2
1351690 2354.1
1351700 2348.0
1351710 2348.0
1351720 2340.9
1351730 2335.2
1351740 2335.2
1351750 2331.2
1351760 2327.1
1351770 2323.7
1351780 2323.7
1351790 2321.3
1351800 2321.1
1351810 2321.1
1351820 2322.0
1351830 2323.2
1351840 2323.2
1351850 2322.8
1351860 2320.1
1351870 2320.1
1351880 2319.8
1351890 2319.7
1351900 2319.7
1351910 2317.8
1351920 2316.8
1351930 2316.8
1351940 2315.1
1351950 2313.1
1351960 2313.1
1351970 2312.8
1351980 2309.9
1351990 2309.9
1352000 2309.0
1352010 2306.9
1352020 2304.9
1352030 2304.9
1352040 2301.4
1352050 2296.8
1352060 2296.8
1352070 2290.9
1352080 2295.0
1352090 2295.0
1352100 2292.1
1352110 2287.8
1352120 2287.8
1352130 2282.9
1352140 2278.3
1352150 2278.3
1352160 2274.5
1352170 2272.0
1352180 2272.0
1352190 2268.0
1352200 2262.4
1352210 2262.4
1352220 2252.4
1352230 2245.4
1352240 2234.6
1352250 2234.6
1352260 2230.3
1352270 2230.3
1352280 2230.3
1352290 2230.3
1352300 2230.3
1352310 2230.3
1352320 2230.3
1352330 2230.3
1352340 2230.3
1352350 2230.3
1352360 2230.3
1352370 2230.3
1352380 2230.3
1352390 2230.3
1352400 2230.3
1352410 2230.2
1352420 2230.4
1352430 2230.4
1352440 2235.7
1352450 2237.6
1352460 2237.6
1352470 2240.3
1352480 2242.6
1352490 2243.9
1352500 2243.9
1352510 2243.7
1352520 2244.6
1352530 2244.6
1352540 2245.6
1352550 2246.1
1352560 2246.1
1352570 2247.3
1352580 2251.7
1352590 2251.7
1352600 2256.0
1352610 2260.1
1352620 2260.1
1352630 2264.6
1352640 2269.5
1352650 2269.5
1352660 2275.5
1352670 2280.7
1352680 2280.7
1352690 2286.4
1352700 2292.3
1352710 2292.3
1352720 2298.3
1352730 2307.2
1352740 2323.4
1352750 2323.4
1352760 2338.9
1352770 2355.7
1352780 2355.7
1352790 2373.8
1352800 2378.4
1352810 2378.4
1352820 2374.2
1352830 2367.6
1352840 2367.6
1352850 2359.5
1352860 2351.6
1352870 2351.6
1352880 2343.1
1352890 2334.0
1352900 2334.0
1352910 2326.7
1352920 2320.1
1352930 2320.1
1352940 2314.2
1352950 2306.9
1352960 2306.9
1352970 2299.7
1352980 2292.7
1352990 2288.2
1353000 2288.2
1353010 2284.9
1353020 2279.4
1353030 2279.4
1353040 2276.1
1353050 2274.8
1353060 2274.8
1353070 2274.6
1353080 2275.0
1353090 2275.0
1353100 2274.9
1353110 2273.5
1353120 2273.5
1353130 2271.1
1353140 2269.2
1353150 2269.2
1353160 2266.5
1353170 2262.4
1353180 2262.4
1353190 2258.5
1353200 2254.6
1353210 2250.5
1353220 2250.5
1353230 2247.0
1353240 2243.1
1353250 2243.1
1353260 2239.2
1353270 2234.4
1353280 2234.4
1353290 2228.5
1353300 2222.9
1353310 2222.9
1353320 2215.7
1353330 2208.6
1353340 2208.6
1353350 2201.6
1353360 2194.1
1353370 2194.1
1353380 2187.2
1353390 2177.4
1353400 2177.4
1353410 2167.6
1353420 2160.4
1353430 2160.4
1353440 2153.9
1353450 2148.0
1353460 2142.7
1353470 2142.7
1353480 2137.3
1353490 2132.0
1353500 2132.0
1353510 2127.8
1353520 2123.1
1353530 2123.1
1353540 2118.5
1353550 2113.4
1353560 2113.4
1353570 2109.5
1353580 2106.2
1353590 2106.2
1353600 2102.2
1353610 2099.4
1353620 2099.4
1353630 2095.9
1353640 2091.0
1353650 2091.0
1353660 2086.8
1353670 2082.2
1353680 2082.2
1353690 2076.9
1353700 2072.7
1353710 2068.5
1353720 2068.5
1353730 2064.9
1353740 2059.9
1353750 2059.9
1353760 2055.2
1353770 2052.0
1353780 2052.0
1353790 2047.9
1353800 2043.2
1353810 2043.2
1353820 2040.2
1353830 2036.5
1353840 2036.5
1353850 2032.9
1353860 2028.1
1353870 2028.1
1353880 2024.4
1353890 2020.2
1353900 2020.2
1353910 2016.8
1353920 2012.7
1353930 2009.9
1353940 2009.9
1353950 2006.8
1353960 2003.2
1353970 2003.2
1353980 2000.5
1353990 1996.2
1354000 1996.2
1354010 1992.1
1354020 1987.2
1354030 1987.2
1354040 1981.0
1354050 1977.0
1354060 1977.0
1354070 1973.2
1354080 1970.7
1354090 1970.7
1354100 1967.7
1354110 1964.9
1354120 1964.9
1354130 1960.5
1354140 1956.7
1354150 1956.7
1354160 1951.7
1354170 1947.4
1354180 1942.5
1354190 1942.5
1354200 1937.5
1354210 1933.5
1354220 1933.5
1354230 1930.2
1354240 1926.4
1354250 1926.4
1354260 1921.2
1354270 1916.2
1354280 1916.2
1354290 1911.7
1354300 1906.7
1354310 1906.7
1354320 1902.0
1354330 1896.9
1354340 1896.9
1354350 1892.0
1354360 1887.4
1354370 1887.4
1354380 1883.1
1354390 1879.0
1354400 1879.0
1354410 1875.5
1354420 1871.5
1354430 1867.3
1354440 1867.3
1354450 1863.0
1354460 1857.9
1354470 1857.9
1354480 1852.8
1354490 1847.9
1354500 1847.9
1354510 1842.6
1354520 1836.7
1354530 1836.7
1354540 1831.8
1354550 1828.3
1354560 1828.3
1354570 1824.0
1354580 1819.1
1354590 1819.1
1354600 1814.2
1354610 1809.5
1354620 1809.5
1354630 1800.4
1354640 1790.5
1354650 1790.5
1354660 1780.9
1354670 1770.6
1354680 1762.6
1354690 1762.6
1354700 1755.7
1354710 1750.2
1354720 1750.2
1354730 1744.7
1354740 1737.0
1354750 1737.0
1354760 1729.3
1354770 1722.3
1354780 1722.3
1354790 1712.9
1354800 1699.7
1354810 1699.7
1354820 1691.4
1354830 1684.2
1354840 1684.2
1354850 1677.7
1354860 1668.5
1354870 1668.5
1354880 1658.8
1354890 1649.7
1354900 1641.0
1354910 1641.0
1354920 1632.1
1354930 1623.8
1354940 1623.8
1354950 1615.6
1354960 1607.5
1354970 1607.5
1354980 1598.1
1354990 1589.0
1355000 1589.0
1355010 1581.4
1355020 1560.3
1355030 1560.3
1355040 1554.4
1355050 1552.6
1355060 1552.6
1355070 1551.5
1355080 1548.7
1355090 1548.7
1355100 1544.7
1355110 1540.5
1355120 1540.5
1355130 1537.1
1355140 1533.1
1355150 1529.4
1355160 1529.4
1355170 1525.4
1355180 1521.8
1355190 1521.8
1355200 1518.6
1355210 1515.7
1355220 1515.7
1355230 1513.7
1355240 1513.6
1355250 1513.6
1355260 1516.3
1355270 1520.3
1355280 1520.3
1355290 1524.4
1355300 1530.0
1355310 1530.0
1355320 1536.9
1355330 1544.6
1355340 1544.6
1355350 1552.0
1355360 1558.9
1355370 1558.9
1355380 1566.2
1355390 1573.5
1355400 1580.9
1355410 1580.9
1355420 1588.1
1355430 1595.5
1355440 1595.5
1355450 1601.3
1355460 1610.1
1355470 1610.1
1355480 1624.8
1355490 1633.0
1355500 1633.0
1355510 1644.4
1355520 1646.4
1355530 1646.4
1355540 1649.4
1355550 1659.5
1355560 1659.5
1355570 1667.3
1355580 1675.0
1355590 1675.0
1355600 1680.6
1355610 1688.4
1355620 1697.5
1355630 1697.5
1355640 1706.9
1355650 1711.5
1355660 1711.5
1355670 1717.3
1355680 1724.1
1355690 1724.1
1355700 1730.2
1355710 1735.5
1355720 1735.5
1355730 1744.5
1355740 1751.7
1355750 1751.7
1355760 1756.8
1355770 1761.3
1355780 1761.3
1355790 1767.6
1355800 1772.0
1355810 1772.0
1355820 1776.7
1355830 1783.8
1355840 1783.8
1355850 1791.2
1355860 1800.1
1355870 1814.3
1355880 1814.3
1355890 1831.3
1355900 1861.9
1355910 1861.9
1355920 1871.6
1355930 1875.0
1355940 1875.0
1355950 1876.1
1355960 1877.3
1355970 1877.3
1355980 1880.0
1355990 1884.0
1356000 1885.7
1356010 1889.9
1356020 1893.8
1356030 1893.8
1356040 1898.6
1356050 1902.9
1356060 1902.9
1356070 1908.8
1356080 1915.6
1356090 1915.6
1356100 1920.6
1356110 1925.5
1356120 1932.7
1356130 1932.7
1356140 1940.4
1356150 1947.3
1356160 1947.3
1356170 1954.4
1356180 1962.1
1356190 1962.1
1356200 1970.5
1356210 1978.9
1356220 1978.9
1356230 1987.7
1356240 1996.5
1356250 1996.5
1356260 2009.7
1356270 2024.3
1356280 2024.3
1356290 2038.2
1356300 2049.0
1356310 2049.0
1356320 2060.2
1356330 2074.7
1356340 2074.7
1356350 2089.1
1356360 2100.3
1356370 2109.8
1356380 2109.8
1356390 2115.1
1356400 2123.2
1356410 2123.2
1356420 2130.0
1356430 2138.8
1356440 2138.8
1356450 2145.7
1356460 2151.7
1356470 2151.7
1356480 2158.9
1356490 2165.4
1356500 2165.4
1356510 2169.8
1356520 2174.6
1356530 2174.6
1356540 2180.8
1356550 2184.0
1356560 2184.0
1356570 2186.6
1356580 2190.0
1356590 2194.1
1356600 2194.1
1356610 2198.6
1356620 2204.3
1356630 2204.3
1356640 2211.2
1356650 2220.6
1356660 2220.6
1356670 2228.0
1356680 2235.3
1356690 2235.3
1356700 2239.8
1356710 2241.6
1356720 2241.6
1356730 2244.5
1356740 2246.9
1356750 2246.9
1356760 2248.6
1356770 2252.1
1356780 2252.1
1356790 2254.5
1356800 2257.1
1356810 2257.1
1356820 2260.8
1356830 2264.8
1356840 2266.3
1356850 2266.3
1356860 2268.3
1356870 2272.5
1356880 2272.5
1356890 2276.1
1356900 2278.9
1356910 2278.9
1356920 2281.2
1356930 2285.8
1356940 2285.8
1356950 2290.9
1356960 2296.5
1356970 2296.5
1356980 2302.0
1356990 2307.3
1357000 2303.4
1357010 2308.4
1357020 2312.9
1357030 2312.9
1357040 2318.1
1357050 2324.0
1357060 2324.0
1357070 2330.0
1357080 2333.9
1357090 2337.2
1357100 2337.2
1357110 2340.0
1357120 2340.1
1357130 2340.1
1357140 2343.2
1357150 2351.1
1357160 2351.1
1357170 2358.3
1357180 2365.7
1357190 2365.7
1357200 2373.8
1357210 2381.7
1357220 2381.7
1357230 2389.9
1357240 2399.1
1357250 2399.1
1357260 2408.5
1357270 2417.0
1357280 2417.0
1357290 2424.8
1357300 2433.2
1357310 2440.0
1357320 2440.0
1357330 2445.3
1357340 2450.8
1357350 2450.8
1357360 2456.2
1357370 2462.0
1357380 2462.0
1357390 2467.3
1357400 2472.3
1357410 2472.3
1357420 2478.8
1357430 2486.0
1357440 2486.0
1357450 2492.7
1357460 2499.2
1357470 2499.2
1357480 2505.3
1357490 2511.8
1357500 2511.8
1357510 2519.2
1357520 2526.9
1357530 2526.9
1357540 2534.9
1357550 2543.2
1357560 2550.3
1357570 2550.3
1357580 2556.9
1357590 2563.2
1357600 2563.2
1357610 2569.7
1357620 2576.3
1357630 2576.3
1357640 2582.2
1357650 2588.5
1357660 2588.5
1357670 2595.2
1357680 2601.9
1357690 2601.9
1357700 2608.8
1357710 2616.3
1357720 2616.3
1357730 2623.7
1357740 2632.3
1357750 2632.3
1357760 2641.0
1357770 2649.1
1357780 2649.1
1357790 2657.4
1357800 2665.4
1357810 2672.8
1357820 2672.8
1357830 2680.3
1357840 2687.9
1357850 2687.9
1357860 2695.9
1357870 2703.6
1357880 2703.6
1357890 2712.0
1357900 2721.2
1357910 2721.2
1357920 2728.2
1357930 2732.1
1357940 2732.1
1357950 2719.9
1357960 2713.1
1357970 2713.1
1357980 2713.7
1357990 2713.2
1358000 2714.4
1358010 2696.2
1358020 2679.6
1358030 2679.6
1358040 2667.5
1358050 2663.0
1358060 2656.3
1358070 2656.3
1358080 2645.3
1358090 2634.8
1358100 2634.8
1358110 2625.8
1358120 2619.8
1358130 2619.8
1358140 2613.5
1358150 2606.7
1358160 2606.7
1358170 2600.5
1358180 2594.4
1358190 2594.4
1358200 2588.9
1358210 2585.8
1358220 2585.8
1358230 2583.5
1358240 2573.3
1358250 2573.3
1358260 2562.6
1358270 2551.8
1358280 2543.3
1358290 2543.3
1358300 2538.9
1358310 2535.2
1358320 2535.2
1358330 2532.9
1358340 2528.9
1358350 2528.9
1358360 2523.7
1358370 2522.4
1358380 2522.4
1358390 2521.5
1358400 2521.4
1358410 2521.4
1358420 2523.2
1358430 2524.5
1358440 2524.5
1358450 2523.7
1358460 2520.9
1358470 2520.9
1358480 2517.1
1358490 2512.5
1358500 2512.5
1358510 2508.7
1358520 2508.2
1358530 2510.8
1358540 2510.8
1358550 2512.3
1358560 2515.1
1358570 2515.1
1358580 2517.1
1358590 2520.0
1358600 2520.0
1358610 2521.7
1358620 2523.9
1358630 2523.9
1358640 2523.8
1358650 2524.1
1358660 2524.1
1358670 2525.6
1358680 2526.1
1358690 2526.1
1358700 2526.0
1358710 2525.8
1358720 2525.8
1358730 2524.4
1358740 2525.9
1358750 2525.9
1358760 2528.9
1358770 2531.2
1358780 2533.1
1358790 2533.1
1358800 2534.9
1358810 2537.5
1358820 2537.5
1358830 2540.1
1358840 2540.6
1358850 2540.6
1358860 2541.5
1358870 2544.3
1358880 2544.3
1358890 2547.3
1358900 2550.0
1358910 2550.0
1358920 2553.4
1358930 2557.5
1358940 2557.5
1358950 2561.8
1358960 2566.1
1358970 2566.1
1358980 2572.1
1358990 2579.6
1359000 2588.3
1359010 2592.1
1359020 2599.1
1359030 2606.4
1359040 2606.4
1359050 2614.5
1359060 2620.3
1359070 2620.3
1359080 2625.4
1359090 2628.4
1359100 2628.4
1359110 2631.2
1359120 2635.1
1359130 2635.1
1359140 2638.5
1359150 2640.2
1359160 2640.2
1359170 2641.9
1359180 2644.2
1359190 2644.2
1359200 2644.9
1359210 2645.2
1359220 2645.2
1359230 2647.1
1359240 2649.3
1359250 2651.6
1359260 2651.6
1359270 2652.7
1359280 2653.3
1359290 2653.3
1359300 2654.6
1359310 2656.3
1359320 2656.3
1359330 2659.2
1359340 2664.9
1359350 2664.9
1359360 2670.8
1359370 2674.1
1359380 2674.1
1359390 2679.0
1359400 2684.7
1359410 2684.7
1359420 2691.5
1359430 2698.4
1359440 2698.4
1359450 2705.4
1359460 2712.4
1359470 2712.4
1359480 2722.6
1359490 2733.2
1359500 2743.5
1359510 2743.5
1359520 2750.2
1359530 2755.4
1359540 2755.4
1359550 2757.5
1359560 2756.7
1359570 2756.7
1359580 2755.5
1359590 2753.8
1359600 2753.8
1359610 2750.5
1359620 2743.9
1359630 2743.9
1359640 2735.5
1359650 2729.6
1359660 2729.6
1359670 2725.4
1359680 2721.2
1359690 2721.2
1359700 2717.1
1359710 2712.1
1359720 2708.1
1359730 2708.1
1359740 2707.2
1359750 2705.5
1359760 2705.5
1359770 2700.8
1359780 2697.7
1359790 2697.7
1359800 2694.7
1359810 2690.4
1359820 2690.4
1359830 2688.2
1359840 2685.7
1359850 2685.7
1359860 2685.2
1359870 2683.7
1359880 2683.7
1359890 2681.2
1359900 2677.8
1359910 2677.8
1359920 2675.5
1359930 2674.2
1359940 2674.2
1359950 2672.5
1359960 2670.7
1359970 2668.5
1359980 2668.5
1359990 2666.3
