1340000 2179.1
1340010 2185.1
1340020 2185.1
1340030 2188.7
1340040 2190.5
1340050 2190.5
1340060 2192.7
1340070 2193.2
1340080 2193.2
1340090 2191.0
1340100 2190.0
1340110 2190.0
1340120 2188.8
1340130 2186.0
1340140 2186.0
1340150 2180.7
1340160 2175.1
1340170 2175.1
1340180 2170.3
1340190 2164.7
1340200 2159.8
1340210 2159.8
1340220 2155.8
1340230 2152.6
1340240 2152.6
1340250 2150.0
1340260 2148.5
1340270 2148.5
1340280 2148.2
1340290 2147.9
1340300 2147.9
1340310 2148.1
1340320 2150.6
1340330 2150.6
1340340 2153.5
1340350 2155.0
1340360 2155.0
1340370 2155.2
1340380 2155.7
1340390 2155.7
1340400 2157.4
1340410 2162.0
1340420 2166.3
1340430 2166.3
1340440 2170.3
1340450 2174.5
1340460 2174.5
1340470 2178.6
1340480 2181.5
1340490 2181.5
1340500 2183.2
1340510 2184.6
1340520 2184.6
1340530 2184.9
1340540 2183.8
1340550 2183.8
1340560 2182.0
1340570 2180.4
1340580 2180.4
1340590 2180.0
1340600 2180.9
1340610 2180.9
1340620 2181.5
1340630 2182.2
1340640 2182.2
1340650 2182.7
1340660 2182.8
1340670 2182.5
1340680 2182.5
1340690 2182.1
1340700 2181.8
1340710 2181.8
1340720 2181.6
1340730 2181.5
1340740 2181.5
1340750 2182.4
1340760 2181.2
1340770 2181.2
1340780 2180.0
1340790 2178.4
1340800 2178.4
1340810 2176.8
1340820 2175.2
1340830 2175.2
1340840 2174.3
1340850 2173.9
1340860 2173.9
1340870 2173.5
1340880 2172.4
1340890 2172.4
1340900 2171.2
1340910 2170.3
1340920 2169.3
1340930 2169.3
1340940 2168.0
1340950 2166.4
1340960 2166.4
1340970 2164.9
1340980 2163.3
1340990 2163.3
1341000 2161.0
1341010 2158.1
1341020 2158.1
1341030 2155.5
1341040 2152.9
1341050 2152.9
1341060 2150.7
1341070 2148.6
1341080 2148.6
1341090 2146.3
1341100 2144.7
1341110 2144.7
1341120 2143.5
1341130 2142.0
1341140 2140.8
1341150 2140.8
1341160 2140.0
1341170 2140.5
1341180 2140.5
1341190 2139.8
1341200 2139.1
1341210 2139.1
1341220 2138.0
1341230 2136.3
1341240 2136.3
1341250 2134.3
1341260 2131.9
1341270 2131.9
1341280 2128.8
1341290 2125.1
1341300 2125.1
1341310 2121.8
1341320 2117.9
1341330 2117.9
1341340 2114.7
1341350 2112.1
1341360 2112.1
1341370 2109.9
1341380 2107.9
1341390 2105.9
1341400 2105.9
1341410 2103.3
1341420 2100.2
1341430 2100.2
1341440 2098.3
1341450 2096.6
1341460 2096.6
1341470 2090.8
1341480 2083.0
1341490 2083.0
1341500 2075.9
1341510 2071.2
1341520 2071.2
1341530 2067.6
1341540 2063.4
1341550 2063.4
1341560 2057.8
1341570 2051.6
1341580 2051.6
1341590 2047.8
1341600 2043.8
1341610 2043.8
1341620 2039.7
1341630 2035.2
1341640 2023.0
1341650 2023.0
1341660 2017.8
1341670 2013.9
1341680 2013.9
1341690 2009.5
1341700 2001.4
1341710 2001.4
1341720 1993.4
1341730 1985.2
1341740 1985.2
1341750 1977.4
1341760 1968.7
1341770 1968.7
1341780 1961.6
1341790 1954.4
1341800 1954.4
1341810 1944.8
1341820 1935.8
1341830 1935.8
1341840 1927.3
1341850 1920.8
1341860 1920.8
1341870 1914.8
1341880 1908.6
1341890 1901.5
1341900 1901.5
1341910 1894.9
1341920 1887.5
1341930 1887.5
1341940 1879.4
1341950 1872.0
1341960 1872.0
1341970 1866.1
1341980 1861.1
1341990 1861.1
1342000 1856.6
1342010 1853.1
1342020 1853.1
1342030 1850.4
1342040 1848.4
1342050 1848.4
1342060 1845.9
1342070 1843.5
1342080 1843.5
1342090 1840.4
1342100 1835.9
1342110 1830.1
1342120 1830.1
1342130 1823.6
1342140 1818.6
1342150 1818.6
1342160 1814.5
1342170 1809.3
1342180 1809.3
1342190 1804.0
1342200 1798.0
1342210 1798.0
1342220 1790.8
1342230 1782.2
1342240 1782.2
1342250 1772.5
1342260 1763.6
1342270 1763.6
1342280 1755.1
1342290 1747.2
1342300 1747.2
1342310 1740.8
1342320 1737.3
1342330 1737.3
1342340 1735.0
1342350 1731.7
1342360 1727.6
1342370 1727.6
1342380 1722.5
1342390 1717.1
1342400 1717.1
1342410 1709.1
1342420 1701.2
1342430 1701.2
1342440 1692.9
1342450 1684.2
1342460 1684.2
1342470 1676.7
1342480 1668.9
1342490 1668.9
1342500 1662.9
1342510 1655.2
1342520 1655.2
1342530 1647.8
1342540 1640.8
1342550 1640.8
1342560 1634.1
1342570 1629.3
1342580 1629.3
1342590 1624.9
1342600 1620.2
1342610 1615.2
1342620 1615.2
1342630 1608.8
1342640 1603.5
1342650 1603.5
1342660 1598.0
1342670 1592.2
1342680 1592.2
1342690 1586.5
1342700 1581.9
1342710 1581.9
1342720 1576.3
1342730 1571.3
1342740 1571.3
1342750 1565.0
1342760 1560.1
1342770 1560.1
1342780 1555.9
1342790 1551.4
1342800 1551.4
1342810 1547.3
1342820 1543.1
1342830 1543.1
1342840 1538.1
1342850 1534.0
1342860 1530.6
1342870 1530.6
1342880 1526.1
1342890 1521.7
1342900 1521.7
1342910 1517.0
1342920 1512.3
1342930 1512.3
1342940 1507.3
1342950 1501.5
1342960 1501.5
1342970 1495.5
1342980 1489.5
1342990 1489.5
1343000 1484.0
1343010 1477.6
1343020 1477.6
1343030 1471.9
1343040 1466.7
1343050 1466.7
1343060 1461.2
1343070 1456.7
1343080 1453.4
1343090 1453.4
1343100 1450.0
1343110 1445.4
1343120 1445.4
1343130 1441.0
1343140 1436.6
1343150 1436.6
1343160 1433.3
1343170 1429.7
1343180 1429.7
1343190 1423.6
1343200 1418.4
1343210 1418.4
1343220 1419.3
1343230 1419.6
1343240 1419.6
1343250 1421.0
1343260 1423.8
1343270 1423.8
1343280 1425.3
1343290 1429.6
1343300 1429.6
1343310 1436.0
1343320 1442.8
1343330 1449.3
1343340 1449.3
1343350 1455.2
1343360 1460.8
1343370 1460.8
1343380 1467.0
1343390 1473.9
1343400 1473.9
1343410 1482.2
1343420 1489.8
1343430 1490.9
1343440 1498.2
1343450 1505.2
1343460 1505.2
1343470 1511.8
1343480 1518.6
1343490 1518.6
1343500 1525.3
1343510 1533.0
1343520 1533.0
1343530 1540.9
1343540 1548.1
1343550 1548.1
1343560 1555.8
1343570 1563.8
1343580 1571.9
1343590 1571.9
1343600 1579.1
1343610 1586.1
1343620 1586.1
1343630 1593.9
1343640 1601.3
1343650 1601.3
1343660 1609.6
1343670 1619.1
1343680 1619.1
1343690 1631.3
1343700 1640.9
1343710 1640.9
1343720 1649.5
1343730 1658.8
1343740 1658.8
1343750 1667.2
1343760 1675.7
1343770 1675.7
1343780 1690.4
1343790 1700.7
1343800 1709.6
1343810 1709.6
1343820 1724.0
1343830 1735.5
1343840 1735.5
1343850 1745.4
1343860 1755.3
1343870 1755.3
1343880 1763.6
1343890 1769.9
1343900 1769.9
1343910 1776.9
1343920 1782.3
1343930 1782.3
1343940 1786.6
1343950 1788.8
1343960 1788.8
1343970 1790.8
1343980 1794.9
1343990 1794.9
1344000 1801.4
1344010 1805.5
1344020 1805.5
1344030 1809.2
1344040 1811.1
1344050 1809.6
1344060 1809.6
1344070 1812.5
1344080 1820.7
1344090 1820.7
1344100 1825.3
1344110 1829.5
1344120 1829.5
1344130 1834.5
1344140 1839.4
1344150 1839.4
1344160 1850.5
1344170 1866.7
1344180 1866.7
1344190 1880.2
1344200 1888.6
1344210 1888.6
1344220 1895.8
1344230 1903.3
1344240 1903.3
1344250 1911.0
1344260 1918.7
1344270 1918.7
1344280 1926.9
1344290 1934.7
1344300 1942.0
1344310 1942.0
1344320 1948.9
1344330 1955.9
1344340 1952.2
1344350 1960.3
1344360 1969.0
1344370 1969.0
1344380 1977.2
1344390 1984.8
1344400 1984.8
1344410 1991.6
1344420 1998.1
1344430 1998.1
1344440 2004.0
1344450 2009.1
1344460 2009.1
1344470 2014.4
1344480 2020.2
1344490 2020.2
1344500 2027.8
1344510 2036.2
1344520 2036.2
1344530 2044.9
1344540 2058.5
1344550 2076.1
1344560 2076.1
1344570 2089.6
1344580 2101.2
1344590 2101.2
1344600 2113.4
1344610 2126.1
1344620 2126.1
1344630 2138.3
1344640 2146.6
1344650 2146.6
1344660 2151.0
1344670 2154.6
1344680 2154.6
1344690 2157.8
1344700 2162.1
1344710 2162.1
1344720 2170.2
1344730 2184.1
1344740 2184.1
1344750 2196.4
1344760 2205.0
1344770 2213.3
1344780 2213.3
1344790 2219.1
1344800 2224.8
1344810 2224.8
1344820 2234.0
1344830 2243.6
1344840 2243.6
1344850 2253.9
1344860 2266.0
1344870 2266.0
1344880 2278.8
1344890 2294.2
1344900 2294.2
1344910 2307.7
1344920 2317.8
1344930 2317.8
1344940 2323.2
1344950 2328.8
1344960 2328.8
1344970 2335.8
1344980 2342.0
1344990 2342.0
1345000 2334.1
1345010 2324.3
1345020 2314.6
1345030 2314.6
1345040 2305.7
1345050 2296.9
1345060 2296.9
1345070 2287.9
1345080 2278.9
1345090 2278.9
1345100 2269.0
1345110 2258.9
1345120 2258.9
1345130 2248.2
1345140 2236.6
1345150 2236.6
1345160 2224.6
1345170 2212.5
1345180 2212.5
1345190 2203.8
1345200 2195.9
1345210 2195.9
1345220 2188.7
1345230 2177.9
1345240 2171.1
1345250 2161.1
1345260 2154.6
1345270 2150.3
1345280 2150.3
1345290 2146.3
1345300 2141.7
1345310 2141.7
1345320 2137.0
1345330 2132.0
1345340 2132.0
1345350 2126.7
1345360 2121.7
1345370 2121.7
1345380 2116.8
1345390 2112.5
1345400 2112.5
1345410 2108.6
1345420 2106.1
1345430 2106.1
1345440 2105.2
1345450 2104.3
1345460 2104.3
1345470 2103.7
1345480 2103.6
1345490 2103.6
1345500 2104.1
1345510 2103.8
1345520 2103.1
1345530 2103.1
1345540 2103.5
1345550 2105.9
1345560 2105.9
1345570 2106.8
1345580 2105.8
1345590 2105.8
1345600 2105.1
1345610 2103.6
1345620 2103.6
1345630 2101.3
1345640 2098.8
1345650 2098.8
1345660 2096.0
1345670 2092.5
1345680 2092.5
1345690 2087.9
1345700 2081.6
1345710 2081.6
1345720 2075.2
1345730 2068.9
1345740 2062.9
1345750 2062.9
1345760 2057.5
1345770 2052.9
1345780 2052.9
1345790 2048.1
1345800 2042.1
1345810 2042.1
1345820 2034.4
1345830 2027.2
1345840 2027.2
1345850 2019.8
1345860 2012.5
1345870 2012.5
1345880 2004.9
1345890 1997.2
1345900 1997.2
1345910 1990.2
1345920 1984.8
1345930 1984.8
1345940 1980.4
1345950 1976.4
1345960 1976.4
1345970 1973.0
1345980 1969.7
1345990 1966.6
1346000 1966.6
1346010 1963.7
1346020 1960.4
1346030 1960.4
1346040 1957.1
1346050 1954.0
1346060 1954.0
1346070 1951.7
1346080 1949.8
1346090 1949.8
1346100 1948.4
1346110 1946.2
1346120 1946.2
1346130 1944.1
1346140 1943.1
1346150 1943.1
1346160 1946.6
1346170 1948.6
1346180 1948.6
1346190 1953.4
1346200 1958.7
1346210 1958.7
1346220 1962.5
1346230 1965.4
1346240 1968.5
1346250 1968.5
1346260 1971.6
1346270 1973.8
1346280 1973.8
1346290 1975.9
1346300 1979.5
1346310 1979.5
1346320 1983.0
1346330 1986.5
1346340 1986.5
1346350 1990.5
1346360 1994.5
1346370 1994.5
1346380 1997.8
1346390 2002.2
1346400 2002.2
1346410 2008.1
1346420 2017.1
1346430 2017.1
1346440 2025.4
1346450 2028.9
1346460 2028.9
1346470 2029.7
1346480 2032.0
1346490 2035.6
1346500 2035.6
1346510 2037.0
1346520 2041.8
1346530 2041.8
1346540 2043.1
1346550 2043.8
1346560 2043.8
1346570 2047.6
1346580 2048.8
1346590 2048.8
1346600 2052.7
1346610 2055.0
1346620 2055.0
1346630 2055.1
1346640 2054.4
1346650 2054.4
1346660 2053.1
1346670 2051.6
1346680 2051.6
1346690 2048.2
1346700 2045.3
1346710 2045.2
1346720 2045.2
1346730 2042.4
1346740 2038.9
1346750 2038.9
1346760 2037.6
1346770 2037.8
1346780 2037.8
1346790 2037.5
1346800 2038.1
1346810 2038.1
1346820 2038.6
1346830 2039.8
1346840 2039.8
1346850 2038.9
1346860 2038.3
1346870 2038.3
1346880 2040.4
1346890 2039.6
1346900 2039.6
1346910 2038.2
1346920 2038.5
1346930 2038.5
1346940 2035.5
1346950 2031.0
1346960 2025.9
1346970 2025.9
1346980 2022.0
1346990 2019.1
1347000 2019.1
1347010 2016.8
1347020 2013.4
1347030 2013.4
1347040 2007.0
1347050 1998.8
1347060 1998.8
1347070 1988.7
1347080 1975.7
1347090 1975.7
1347100 1966.2
1347110 1957.7
1347120 1957.7
1347130 1948.2
1347140 1937.7
1347150 1937.7
1347160 1926.6
1347170 1916.8
1347180 1916.8
1347190 1907.6
1347200 1898.8
1347210 1889.9
1347220 1889.9
1347230 1881.2
1347240 1872.7
1347250 1872.7
1347260 1863.2
1347270 1855.8
1347280 1855.8
1347290 1849.1
1347300 1842.5
1347310 1842.5
1347320 1836.3
1347330 1830.7
1347340 1830.7
1347350 1826.2
1347360 1821.7
1347370 1821.7
1347380 1817.3
1347390 1813.0
1347400 1813.0
1347410 1807.0
1347420 1797.6
1347430 1788.1
1347440 1788.1
1347450 1779.1
1347460 1773.8
1347470 1773.8
1347480 1766.8
1347490 1755.3
1347500 1755.3
1347510 1742.6
1347520 1729.7
1347530 1729.7
1347540 1720.0
1347550 1712.8
1347560 1712.8
1347570 1703.2
1347580 1693.6
1347590 1693.6
1347600 1684.8
1347610 1676.5
1347620 1676.5
1347630 1665.6
1347640 1659.0
1347650 1659.0
1347660 1655.0
1347670 1648.6
1347680 1640.4
1347690 1640.4
1347700 1630.2
1347710 1622.0
1347720 1622.0
1347730 1615.0
1347740 1609.1
1347750 1609.1
1347760 1605.1
1347770 1599.8
1347780 1599.8
1347790 1595.7
1347800 1592.0
1347810 1592.0
1347820 1588.7
1347830 1586.8
1347840 1586.8
1347850 1582.9
1347860 1578.9
1347870 1578.9
1347880 1575.7
1347890 1573.6
1347900 1573.6
1347910 1573.4
1347920 1572.8
1347930 1571.1
1347940 1571.1
1347950 1572.9
1347960 1572.5
1347970 1572.5
1347980 1574.0
1347990 1578.0
1348000 1578.0
1348010 1581.0
1348020 1583.3
1348030 1583.3
1348040 1584.6
1348050 1586.0
1348060 1586.0
1348070 1588.6
1348080 1591.2
1348090 1591.2
1348100 1593.6
1348110 1596.3
1348120 1596.3
1348130 1599.9
1348140 1604.0
1348150 1604.0
1348160 1606.6
1348170 1610.2
1348180 1614.2
1348190 1614.2
1348200 1617.9
1348210 1619.6
1348220 1619.6
1348230 1622.3
1348240 1628.3
1348250 1628.3
1348260 1634.8
1348270 1641.0
1348280 1641.0
1348290 1647.3
1348300 1653.8
1348310 1653.8
1348320 1660.6
1348330 1667.0
1348340 1667.0
1348350 1672.8
1348360 1680.7
1348370 1680.7
1348380 1687.8
1348390 1694.3
1348400 1699.7
1348410 1699.7
1348420 1705.9
1348430 1712.5
1348440 1712.5
1348450 1719.1
1348460 1726.5
1348470 1726.5
1348480 1733.6
1348490 1740.4
1348500 1740.4
1348510 1748.2
1348520 1757.2
1348530 1757.2
1348540 1765.9
1348550 1773.4
1348560 1773.4
1348570 1782.1
1348580 1791.3
1348590 1791.3
1348600 1798.4
1348610 1811.7
1348620 1811.7
1348630 1825.0
1348640 1835.5
1348650 1851.3
1348660 1851.3
1348670 1851.6
1348680 1859.8
1348690 1859.8
1348700 1870.4
1348710 1882.9
1348720 1882.9
1348730 1897.6
1348740 1904.8
1348750 1904.8
1348760 1908.1
1348770 1908.7
1348780 1908.7
1348790 1920.9
1348800 1931.8
1348810 1931.8
1348820 1938.0
1348830 1942.3
1348840 1942.3
1348850 1946.0
1348860 1950.8
1348870 1950.8
1348880 1956.6
1348890 1962.3
1348900 1968.3
1348910 1968.3
1348920 1975.8
1348930 1984.4
1348940 1979.6
1348950 1987.4
1348960 1997.8
1348970 1997.8
1348980 2003.0
1348990 2008.7
1349000 2008.7
1349010 2014.0
1349020 2019.2
1349030 2019.2
1349040 2026.8
1349050 2035.6
1349060 2035.6
1349070 2043.1
1349080 2051.0
1349090 2051.0
1349100 2059.7
1349110 2069.0
1349120 2069.0
1349130 2074.3
1349140 2080.7
1349150 2088.2
1349160 2088.2
1349170 2092.7
1349180 2095.8
1349190 2095.8
1349200 2099.3
1349210 2101.4
1349220 2101.4
1349230 2101.8
1349240 2103.6
1349250 2103.6
1349260 2107.6
1349270 2112.8
1349280 2112.8
1349290 2118.8
1349300 2123.0
1349310 2123.0
1349320 2124.7
1349330 2127.6
1349340 2127.6
1349350 2131.7
1349360 2134.2
1349370 2136.1
1349380 2136.1
1349390 2139.9
1349400 2143.6
1349410 2143.6
1349420 2144.3
1349430 2144.5
1349440 2144.5
1349450 2146.9
1349460 2150.2
1349470 2150.2
1349480 2151.3
1349490 2152.7
1349500 2152.7
1349510 2155.5
1349520 2156.5
1349530 2156.5
1349540 2160.8
1349550 2166.3
1349560 2166.3
1349570 2169.9
1349580 2172.0
1349590 2172.0
1349600 2174.8
1349610 2180.4
1349620 2184.9
1349630 2184.9
1349640 2186.9
1349650 2187.6
1349660 2187.6
1349670 2189.3
1349680 2192.6
1349690 2192.6
1349700 2197.3
1349710 2199.9
1349720 2199.9
1349730 2202.1
1349740 2205.4
1349750 2205.4
1349760 2209.1
1349770 2211.6
1349780 2211.6
1349790 2214.9
1349800 2221.5
1349810 2221.5
1349820 2224.0
1349830 2227.0
1349840 2227.0
1349850 2231.9
1349860 2235.8
1349870 2239.5
1349880 2241.5
1349890 2248.6
1349900 2257.2
1349910 2257.2
1349920 2265.0
1349930 2269.6
1349940 2269.6
1349950 2273.1
1349960 2275.8
1349970 2275.8
1349980 2279.6
1349990 2283.1
1350000 2283.1
1350010 2288.8
1350020 2292.3
1350030 2292.3
1350040 2296.3
1350050 2299.7
1350060 2299.7
1350070 2303.1
1350080 2306.7
1350090 2309.7
1350100 2309.7
1350110 2311.7
1350120 2314.7
1350130 2314.7
1350140 2316.6
1350150 2323.5
1350160 2323.5
1350170 2326.8
1350180 2325.9
1350190 2325.9
1350200 2327.5
1350210 2329.4
1350220 2329.4
1350230 2329.5
1350240 2328.2
1350250 2328.2
1350260 2327.5
1350270 2327.6
1350280 2327.6
1350290 2328.7
1350300 2332.0
1350310 2332.0
1350320 2334.6
1350330 2339.9
1350340 2343.6
1350350 2343.6
1350360 2347.7
1350370 2352.3
1350380 2352.3
1350390 2358.1
1350400 2364.0
1350410 2364.0
1350420 2369.9
1350430 2376.3
1350440 2376.3
1350450 2383.3
1350460 2389.6
1350470 2389.6
1350480 2394.9
1350490 2400.1
1350500 2400.1
1350510 2404.6
1350520 2407.8
1350530 2407.8
1350540 2411.7
1350550 2416.4
1350560 2416.4
1350570 2421.5
1350580 2424.5
1350590 2426.0
1350600 2426.0
1350610 2426.9
1350620 2428.0
1350630 2428.0
1350640 2426.8
1350650 2425.8
1350660 2425.8
1350670 2426.0
1350680 2426.4
1350690 2426.4
1350700 2427.1
1350710 2428.5
1350720 2428.5
1350730 2428.9
1350740 2430.9
1350750 2430.9
1350760 2433.8
1350770 2437.2
1350780 2437.2
1350790 2440.9
1350800 2445.2
1350810 2445.2
1350820 2450.5
1350830 2454.9
1350840 2461.8
1350850 2461.8
1350860 2468.6
1350870 2475.4
1350880 2475.4
1350890 2483.0
1350900 2490.9
1350910 2490.9
1350920 2498.8
1350930 2506.8
1350940 2506.8
1350950 2518.2
1350960 2534.6
1350970 2534.6
1350980 2544.6
1350990 2562.4
1351000 2562.4
1351010 2572.8
1351020 2582.8
1351030 2582.8
1351040 2592.1
1351050 2601.7
1351060 2608.6
1351070 2608.6
1351080 2598.5
1351090 2588.4
1351100 2588.4
1351110 2576.4
1351120 2562.1
1351130 2562.1
1351140 2547.7
1351150 2537.0
1351160 2537.0
1351170 2526.2
1351180 2513.8
1351190 2513.8
1351200 2497.1
1351210 2475.4
1351220 2475.4
1351230 2459.8
1351240 2448.1
1351250 2448.1
1351260 2440.0
1351270 2432.5
1351280 2432.5
1351290 2425.6
1351300 2418.3
1351310 2411.4
1351320 2411.4
1351330 2405.9
1351340 2400.7
1351350 2400.7
1351360 2396.0
1351370 2392.2
1351380 2392.2
1351390 2388.5
1351400 2386.6
1351410 2386.6
1351420 2384.6
1351430 2385.3
1351440 2385.3
1351450 2385.0
1351460 2382.6
1351470 2382.6
1351480 2381.5
1351490 2378.7
1351500 2378.7
1351510 2374.2
1351520 2371.9
1351530 2371.9
1351540 2368.5
1351550 2363.7
1351560 2360.5
1351570 2360.5
1351580 2359.8
1351590 2356.9
1351600 2356.9
1351610 2354.9
1351620 2351.9
1351630 2351.9
1351640 2349.0
1351650 2346.4
1351660 2346.4
1351670 2340.3
1351680 2336.4
1351690 2336.4
1351700 2334.4
1351710 2333.3
1351720 2333.3
1351730 2334.1
1351740 2336.9
1351750 2336.9
1351760 2336.4
1351770 2332.5
1351780 2326.8
1351790 2326.8
1351800 2322.4
1351810 2318.5
1351820 2318.5
1351830 2315.1
1351840 2312.6
1351850 2312.6
1351860 2310.7
1351870 2309.2
1351880 2309.2
1351890 2308.5
1351900 2307.0
1351910 2307.0
1351920 2304.9
1351930 2299.3
1351940 2299.3
1351950 2293.8
1351960 2287.2
1351970 2287.2
1351980 2282.1
1351990 2276.4
1352000 2276.4
1352010 2271.2
1352020 2268.5
1352030 2265.0
1352040 2265.0
1352050 2261.7
1352060 2258.4
1352070 2258.4
1352080 2255.1
1352090 2251.4
1352100 2251.4
1352110 2248.0
1352120 2244.4
1352130 2244.4
1352140 2240.5
1352150 2237.3
1352160 2237.3
1352170 2235.4
1352180 2235.1
1352190 2235.1
1352200 2234.6
1352210 2235.8
1352220 2235.8
1352230 2235.2
1352240 2234.9
1352250 2234.9
1352260 2231.7
1352270 2230.5
1352280 2230.3
1352290 2230.3
1352300 2230.3
1352310 2230.3
1352320 2230.3
1352330 2230.3
1352340 2230.3
1352350 2230.3
1352360 2230.3
1352370 2230.3
1352380 2230.3
1352390 2230.3
1352400 2230.3
1352410 2230.3
1352420 2230.3
1352430 2230.3
1352440 2230.3
1352450 2230.3
1352460 2230.3
1352470 2230.3
1352480 2230.3
1352490 2230.3
1352500 2230.3
1352510 2230.3
1352520 2230.2
1352530 2230.2
1352540 2230.2
1352550 2230.2
1352560 2231.3
1352570 2231.3
1352580 2236.8
1352590 2241.6
1352600 2241.6
1352610 2247.0
1352620 2252.6
1352630 2252.6
1352640 2257.1
1352650 2260.6
1352660 2260.6
1352670 2263.8
1352680 2266.2
1352690 2266.2
1352700 2266.9
1352710 2266.5
1352720 2266.5
1352730 2265.5
1352740 2266.8
1352750 2270.6
1352760 2270.6
1352770 2270.5
1352780 2271.3
1352790 2271.3
1352800 2272.4
1352810 2274.0
1352820 2274.0
1352830 2276.1
1352840 2278.6
1352850 2278.6
1352860 2284.4
1352870 2291.6
1352880 2291.6
1352890 2304.1
1352900 2317.4
1352910 2317.4
1352920 2332.5
1352930 2345.9
1352940 2345.9
1352950 2362.9
1352960 2366.4
1352970 2366.4
1352980 2365.7
1352990 2364.7
1353000 2363.2
1353010 2363.2
1353020 2361.6
1353030 2360.8
1353040 2360.8
1353050 2359.2
1353060 2357.6
1353070 2357.6
1353080 2356.6
1353090 2354.9
1353100 2354.9
1353110 2355.9
1353120 2356.1
1353130 2356.1
1353140 2354.9
1353150 2354.7
1353160 2354.7
1353170 2354.9
1353180 2355.2
1353190 2355.2
1353200 2353.7
1353210 2352.9
1353220 2352.9
1353230 2350.4
1353240 2346.9
1353250 2342.7
1353260 2342.7
1353270 2339.6
1353280 2336.1
1353290 2336.1
1353300 2333.1
1353310 2330.4
1353320 2330.4
1353330 2325.9
1353340 2321.7
1353350 2321.7
1353360 2316.8
1353370 2312.1
1353380 2312.1
1353390 2307.3
1353400 2303.0
1353410 2303.0
1353420 2298.7
1353430 2295.4
1353440 2295.4
1353450 2291.8
1353460 2286.4
1353470 2286.4
1353480 2282.2
1353490 2278.0
1353500 2274.5
1353510 2274.5
1353520 2271.0
1353530 2267.8
1353540 2267.8
1353550 2262.7
1353560 2257.7
1353570 2257.7
1353580 2253.1
1353590 2247.5
1353600 2247.5
1353610 2240.9
1353620 2233.5
1353630 2233.5
1353640 2228.2
1353650 2222.7
1353660 2222.7
1353670 2215.7
1353680 2206.6
1353690 2206.6
1353700 2195.6
1353710 2185.0
1353720 2174.0
1353730 2174.0
1353740 2163.6
1353750 2155.3
1353760 2155.3
1353770 2148.3
1353780 2141.5
1353790 2141.5
1353800 2133.7
1353810 2124.9
1353820 2124.9
1353830 2116.4
1353840 2108.2
1353850 2108.2
1353860 2100.4
1353870 2092.7
1353880 2092.7
1353890 2085.1
1353900 2076.1
1353910 2076.1
1353920 2066.1
1353930 2058.0
1353940 2058.0
1353950 2051.1
1353960 2045.3
1353970 2040.0
1353980 2040.0
1353990 2034.1
1354000 2028.8
1354010 2028.8
1354020 2023.6
1354030 2017.9
1354040 2017.9
1354050 2012.6
1354060 2006.7
1354070 2006.7
1354080 2000.2
1354090 1993.6
1354100 1993.6
1354110 1984.8
1354120 1975.9
1354130 1975.9
1354140 1968.7
1354150 1963.4
1354160 1963.4
1354170 1957.8
1354180 1947.9
1354190 1947.9
1354200 1941.7
1354210 1934.2
1354220 1924.6
1354230 1924.6
1354240 1915.7
1354250 1908.4
1354260 1908.4
1354270 1900.1
1354280 1891.8
1354290 1891.8
1354300 1882.5
1354310 1874.3
1354320 1874.3
1354330 1868.0
1354340 1862.1
1354350 1862.1
1354360 1856.4
1354370 1849.3
1354380 1849.3
1354390 1842.5
1354400 1836.9
1354410 1836.9
1354420 1831.2
1354430 1825.1
1354440 1817.9
1354450 1817.9
1354460 1812.7
1354470 1807.1
1354480 1807.1
1354490 1800.9
1354500 1794.8
1354510 1794.8
1354520 1788.9
1354530 1781.1
1354540 1781.1
1354550 1772.3
1354560 1765.8
1354570 1765.8
1354580 1757.7
1354590 1748.7
1354600 1748.7
1354610 1740.2
1354620 1734.3
1354630 1734.3
1354640 1729.3
1354650 1719.9
1354660 1719.9
1354670 1708.6
1354680 1704.2
1354690 1701.2
1354700 1709.5
1354710 1700.8
1354720 1691.5
1354730 1691.5
1354740 1674.5
1354750 1664.0
1354760 1664.0
1354770 1654.6
1354780 1646.3
1354790 1646.3
1354800 1642.3
1354810 1636.9
1354820 1636.9
1354830 1630.0
1354840 1623.7
1354850 1623.7
1354860 1617.0
1354870 1608.5
1354880 1608.5
1354890 1601.0
1354900 1595.3
1354910 1595.3
1354920 1585.1
1354930 1571.9
1354940 1566.8
1354950 1566.8
1354960 1562.5
1354970 1556.3
1354980 1556.3
1354990 1545.7
1355000 1532.9
1355010 1532.9
1355020 1521.5
1355030 1513.3
1355040 1513.3
1355050 1507.7
1355060 1503.2
1355070 1503.2
1355080 1502.5
1355090 1502.2
1355100 1502.2
1355110 1503.0
1355120 1504.6
1355130 1504.6
1355140 1507.0
1355150 1508.6
1355160 1508.6
1355170 1512.7
1355180 1518.3
1355190 1524.3
1355200 1524.3
1355210 1529.8
1355220 1535.3
1355230 1535.3
1355240 1540.5
1355250 1546.2
1355260 1546.2
1355270 1552.6
1355280 1560.1
1355290 1560.1
1355300 1567.6
1355310 1574.1
1355320 1574.1
1355330 1582.3
1355340 1594.2
1355350 1594.2
1355360 1615.1
1355370 1631.4
1355380 1631.4
1355390 1644.3
1355400 1657.9
1355410 1665.6
1355420 1665.6
1355430 1669.6
1355440 1681.7
1355450 1681.7
1355460 1692.8
1355470 1701.3
1355480 1701.3
1355490 1710.5
1355500 1719.8
1355510 1719.8
1355520 1728.9
1355530 1739.3
1355540 1739.3
1355550 1747.4
1355560 1753.0
1355570 1753.0
1355580 1758.7
1355590 1759.6
1355600 1759.6
1355610 1762.3
1355620 1764.5
1355630 1764.5
1355640 1765.1
1355650 1766.9
1355660 1768.1
1355670 1768.1
1355680 1766.7
1355690 1763.2
1355700 1763.2
1355710 1762.6
1355720 1763.7
1355730 1763.7
1355740 1764.5
1355750 1765.1
1355760 1765.1
1355770 1765.8
1355780 1768.2
1355790 1768.2
1355800 1770.5
1355810 1775.1
1355820 1775.1
1355830 1781.0
1355840 1787.6
1355850 1787.6
1355860 1792.0
1355870 1796.8
1355880 1796.8
1355890 1800.6
1355900 1805.5
1355910 1807.7
1355920 1807.7
1355930 1810.2
1355940 1813.6
1355950 1813.6
1355960 1817.7
1355970 1821.8
1355980 1821.8
1355990 1825.4
1356000 1829.7
1356010 1829.7
1356020 1833.9
1356030 1838.5
1356040 1838.5
1356050 1844.9
1356060 1851.5
1356070 1851.5
1356080 1856.9
1356090 1861.7
1356100 1861.7
1356110 1866.0
1356120 1870.2
1356130 1875.6
1356140 1875.6
1356150 1880.6
1356160 1886.7
1356170 1886.7
1356180 1894.0
1356190 1901.6
1356200 1901.6
1356210 1909.2
1356220 1917.1
1356230 1917.1
1356240 1925.9
1356250 1933.9
1356260 1933.9
1356270 1942.1
1356280 1954.1
1356290 1954.1
1356300 1963.9
1356310 1973.3
1356320 1973.3
1356330 1988.5
1356340 2007.1
1356350 2007.1
1356360 2033.7
1356370 2064.2
1356380 2080.9
1356390 2080.9
1356400 2095.6
1356410 2104.9
1356420 2104.9
1356430 2110.0
1356440 2113.7
1356450 2113.7
1356460 2120.6
1356470 2122.5
1356480 2122.5
1356490 2124.6
1356500 2132.3
1356510 2132.3
1356520 2143.9
1356530 2151.2
1356540 2151.2
1356550 2158.2
1356560 2164.8
1356570 2164.8
1356580 2171.0
1356590 2176.4
1356600 2176.4
1356610 2181.4
1356620 2187.9
1356630 2193.8
1356640 2193.8
1356650 2200.1
1356660 2206.3
1356670 2207.9
1356680 2213.1
1356690 2218.8
1356700 2218.8
1356710 2224.4
1356720 2230.2
1356730 2230.2
1356740 2235.7
1356750 2240.8
1356760 2240.8
1356770 2246.2
1356780 2251.8
1356790 2251.8
1356800 2257.6
1356810 2263.9
1356820 2263.9
1356830 2270.2
1356840 2276.6
1356850 2276.6
1356860 2282.9
1356870 2289.1
1356880 2295.5
1356890 2295.5
1356900 2301.9
1356910 2308.1
1356920 2308.1
1356930 2314.1
1356940 2320.1
1356950 2320.1
1356960 2324.9
1356970 2329.3
1356980 2329.3
1356990 2333.9
1357000 2339.4
1357010 2339.4
1357020 2345.2
1357030 2351.2
1357040 2351.2
1357050 2358.1
1357060 2365.7
1357070 2365.7
1357080 2373.3
1357090 2381.8
1357100 2392.7
1357110 2392.7
1357120 2404.8
1357130 2414.5
1357140 2414.5
1357150 2416.2
1357160 2420.8
1357170 2420.8
1357180 2426.6
1357190 2432.2
1357200 2432.2
1357210 2439.7
1357220 2448.4
1357230 2448.4
1357240 2457.1
1357250 2466.7
1357260 2466.7
1357270 2475.7
1357280 2484.2
1357290 2484.2
1357300 2488.0
1357310 2491.6
1357320 2491.6
1357330 2496.9
1357340 2504.4
1357350 2512.1
1357360 2512.1
1357370 2519.3
1357380 2526.2
1357390 2526.2
1357400 2531.2
1357410 2535.7
1357420 2535.7
1357430 2540.6
1357440 2545.5
1357450 2545.5
1357460 2547.6
1357470 2550.6
1357480 2550.6
1357490 2555.0
1357500 2559.7
1357510 2559.7
1357520 2565.0
1357530 2570.4
1357540 2570.4
1357550 2576.2
1357560 2580.1
1357570 2580.1
1357580 2583.8
1357590 2587.5
1357600 2592.4
1357610 2592.4
1357620 2597.7
1357630 2603.1
1357640 2603.1
1357650 2609.2
1357660 2615.8
1357670 2615.5
1357680 2622.7
1357690 2629.6
1357700 2629.6
1357710 2637.0
1357720 2643.8
1357730 2643.8
1357740 2651.1
1357750 2658.9
1357760 2658.9
1357770 2666.5
1357780 2674.1
1357790 2674.1
1357800 2683.4
1357810 2691.2
1357820 2691.2
1357830 2698.3
1357840 2705.2
1357850 2712.5
1357860 2712.5
1357870 2720.8
1357880 2723.4
1357890 2723.4
1357900 2716.1
1357910 2705.9
1357920 2705.9
1357930 2696.1
1357940 2687.0
1357950 2687.0
1357960 2678.6
1357970 2673.8
1357980 2673.8
1357990 2671.3
1358000 2664.6
1358010 2664.6
1358020 2656.4
1358030 2649.3
1358040 2649.3
1358050 2643.4
1358060 2637.9
1358070 2631.5
1358080 2631.5
1358090 2623.9
1358100 2614.1
1358110 2614.1
1358120 2607.9
1358130 2602.0
1358140 2602.0
1358150 2588.5
1358160 2573.8
1358170 2573.8
1358180 2562.1
1358190 2549.7
1358200 2549.7
1358210 2540.0
1358220 2531.0
1358230 2531.0
1358240 2523.1
1358250 2516.3
1358260 2516.3
1358270 2509.1
1358280 2502.7
1358290 2502.7
1358300 2497.0
1358310 2491.9
1358320 2487.3
1358330 2487.3
1358340 2483.1
1358350 2479.7
1358360 2479.7
1358370 2477.2
1358380 2475.5
1358390 2475.5
1358400 2474.3
1358410 2473.7
1358420 2473.7
1358430 2472.8
1358440 2471.7
1358450 2471.7
1358460 2470.3
1358470 2467.2
1358480 2467.2
1358490 2465.4
1358500 2461.8
1358510 2461.8
1358520 2458.3
1358530 2457.2
1358540 2457.2
1358550 2456.9
1358560 2456.9
1358570 2457.4
1358580 2457.4
1358590 2459.1
1358600 2462.9
1358610 2462.9
1358620 2467.7
1358630 2472.5
1358640 2472.5
1358650 2476.6
1358660 2481.1
1358670 2481.1
1358680 2486.2
1358690 2492.3
1358700 2492.3
1358710 2498.8
1358720 2503.1
1358730 2503.1
1358740 2507.1
1358750 2511.0
1358760 2511.0
1358770 2515.5
1358780 2517.1
1358790 2519.3
1358800 2519.3
1358810 2522.6
1358820 2525.5
1358830 2525.5
1358840 2528.2
1358850 2530.2
1358860 2530.2
1358870 2531.5
1358880 2533.4
1358890 2533.4
1358900 2539.4
1358910 2545.2
1358920 2545.2
1358930 2548.6
1358940 2554.3
1358950 2554.3
1358960 2560.5
1358970 2566.1
1358980 2566.1
1358990 2571.3
1359000 2574.9
1359010 2574.9
1359020 2577.4
1359030 2581.7
1359040 2583.4
1359050 2583.4
1359060 2586.4
1359070 2588.9
1359080 2588.9
1359090 2590.2
1359100 2591.7
1359110 2591.7
1359120 2592.8
1359130 2593.6
1359140 2593.6
1359150 2594.1
1359160 2593.7
1359170 2593.7
1359180 2596.7
1359190 2600.8
1359200 2600.8
1359210 2607.6
1359220 2616.2
1359230 2616.2
1359240 2619.3
1359250 2619.4
1359260 2619.4
1359270 2619.8
1359280 2621.9
1359290 2624.4
1359300 2624.4
1359310 2627.5
1359320 2632.2
1359330 2632.2
1359340 2636.2
1359350 2639.9
1359360 2639.9
1359370 2646.6
1359380 2653.7
1359390 2653.7
1359400 2659.7
1359410 2666.5
1359420 2666.5
1359430 2679.6
1359440 2696.2
1359450 2696.2
1359460 2712.5
1359470 2727.2
1359480 2727.2
1359490 2743.2
1359500 2755.0
1359510 2755.0
1359520 2760.6
1359530 2763.7
1359540 2762.0
1359550 2762.0
1359560 2751.4
1359570 2737.6
1359580 2737.6
1359590 2719.3
1359600 2699.7
1359610 2699.7
1359620 2688.0
1359630 2679.2
1359640 2679.2
1359650 2670.9
1359660 2663.2
1359670 2663.2
1359680 2655.6
1359690 2648.8
1359700 2648.8
1359710 2642.4
1359720 2636.7
1359730 2636.7
1359740 2630.0
1359750 2624.1
1359760 2619.5
1359770 2619.5
1359780 2615.6
1359790 2611.8
1359800 2611.8
1359810 2607.5
1359820 2604.3
1359830 2604.3
1359840 2603.0
1359850 2602.1
1359860 2602.1
1359870 2599.3
1359880 2596.2
1359890 2596.2
1359900 2594.8
1359910 2593.4
1359920 2593.4
1359930 2590.5
1359940 2585.7
1359950 2585.7
1359960 2580.8
1359970 2578.6
1359980 2578.6
1359990 2576.3
