1340000 1973.6
1340010 1972.9
1340020 1972.9
1340030 1974.2
1340040 1975.8
1340050 1975.8
1340060 1977.1
1340070 1978.3
1340080 1978.3
1340090 1979.8
1340100 1981.8
1340110 1981.8
1340120 1984.9
1340130 1987.8
1340140 1991.2
1340150 1991.2
1340160 1994.1
1340170 1996.2
1340180 1996.2
1340190 1998.6
1340200 2001.2
1340210 2001.2
1340220 2004.2
1340230 2007.7
1340240 2007.7
1340250 2011.1
1340260 2014.3
1340270 2014.3
1340280 2017.5
1340290 2019.8
1340300 2019.8
1340310 2021.6
1340320 2023.5
1340330 2023.5
1340340 2025.7
1340350 2028.2
1340360 2028.2
1340370 2030.7
1340380 2033.2
1340390 2035.7
1340400 2035.7
1340410 2038.5
1340420 2041.1
1340430 2041.1
1340440 2044.4
1340450 2048.5
1340460 2048.5
1340470 2052.5
1340480 2057.4
1340490 2057.4
1340500 2061.7
1340510 2064.9
1340520 2064.9
1340530 2066.2
1340540 2064.2
1340550 2064.2
1340560 2063.3
1340570 2063.8
1340580 2063.8
1340590 2064.3
1340600 2063.9
1340610 2063.9
1340620 2063.5
1340630 2065.0
1340640 2068.3
1340650 2068.3
1340660 2071.0
1340670 2073.3
1340680 2073.3
1340690 2076.5
1340700 2081.4
1340710 2081.4
1340720 2086.1
1340730 2090.9
1340740 2090.9
1340750 2096.9
1340760 2103.8
1340770 2103.8
1340780 2110.8
1340790 2116.9
1340800 2116.9
1340810 2120.6
1340820 2125.4
1340830 2127.4
1340840 2130.8
1340850 2135.5
1340860 2135.5
1340870 2140.1
1340880 2143.0
1340890 2145.5
1340900 2145.5
1340910 2147.6
1340920 2148.9
1340930 2148.9
1340940 2148.7
1340950 2147.7
1340960 2147.7
1340970 2145.5
1340980 2141.8
1340990 2141.8
1341000 2138.7
1341010 2137.8
1341020 2137.8
1341030 2135.6
1341040 2130.8
1341050 2130.8
1341060 2125.4
1341070 2119.5
1341080 2119.5
1341090 2113.3
1341100 2105.4
1341110 2098.2
1341120 2098.2
1341130 2092.3
1341140 2086.0
1341150 2086.0
1341160 2079.9
1341170 2074.1
1341180 2074.1
1341190 2068.6
1341200 2063.0
1341210 2063.0
1341220 2058.8
1341230 2054.8
1341240 2054.8
1341250 2050.4
1341260 2046.5
1341270 2046.5
1341280 2042.6
1341290 2037.7
1341300 2037.7
1341310 2032.8
1341320 2027.5
1341330 2027.5
1341340 2021.3
1341350 2014.7
1341360 2008.5
1341370 2008.5
1341380 2004.0
1341390 2000.2
1341400 2000.2
1341410 1996.7
1341420 1993.3
1341430 1993.3
1341440 1991.2
1341450 1990.0
1341460 1990.0
1341470 1988.7
1341480 1987.7
1341490 1987.7
1341500 1987.1
1341510 1986.4
1341520 1986.4
1341530 1985.8
1341540 1984.3
1341550 1984.3
1341560 1982.4
1341570 1979.6
1341580 1979.6
1341590 1975.9
1341600 1971.8
1341610 1967.0
1341620 1967.0
1341630 1962.7
1341640 1958.5
1341650 1958.5
1341660 1954.2
1341670 1949.9
1341680 1949.9
1341690 1946.0
1341700 1941.6
1341710 1939.6
1341720 1935.5
1341730 1931.3
1341740 1931.3
1341750 1927.2
1341760 1923.1
1341770 1923.1
1341780 1919.9
1341790 1917.1
1341800 1917.1
1341810 1916.6
1341820 1916.6
1341830 1916.6
1341840 1915.5
1341850 1914.7
1341860 1912.8
1341870 1912.8
1341880 1910.3
1341890 1913.1
1341900 1913.1
1341910 1916.1
1341920 1918.7
1341930 1918.7
1341940 1922.1
1341950 1925.3
1341960 1925.3
1341970 1927.1
1341980 1927.2
1341990 1927.2
1342000 1923.9
1342010 1916.7
1342020 1916.7
1342030 1911.2
1342040 1907.1
1342050 1907.1
1342060 1904.8
1342070 1903.9
1342080 1904.2
1342090 1904.2
1342100 1903.2
1342110 1900.4
1342120 1900.4
1342130 1895.2
1342140 1888.3
1342150 1888.3
1342160 1880.2
1342170 1874.3
1342180 1874.3
1342190 1870.9
1342200 1868.0
1342210 1868.0
1342220 1860.8
1342230 1847.9
1342240 1847.9
1342250 1829.5
1342260 1814.8
1342270 1814.8
1342280 1803.1
1342290 1794.4
1342300 1794.4
1342310 1788.7
1342320 1781.5
1342330 1771.6
1342340 1771.6
1342350 1763.2
1342360 1757.4
1342370 1757.4
1342380 1751.2
1342390 1743.9
1342400 1743.9
1342410 1735.4
1342420 1724.8
1342430 1724.8
1342440 1710.9
1342450 1698.2
1342460 1698.2
1342470 1689.2
1342480 1681.2
1342490 1681.2
1342500 1673.3
1342510 1665.3
1342520 1665.3
1342530 1658.8
1342540 1655.4
1342550 1655.4
1342560 1649.9
1342570 1644.4
1342580 1642.9
1342590 1642.9
1342600 1641.1
1342610 1628.7
1342620 1628.7
1342630 1630.9
1342640 1627.4
1342650 1627.4
1342660 1618.4
1342670 1608.7
1342680 1608.7
1342690 1601.1
1342700 1594.3
1342710 1594.3
1342720 1584.8
1342730 1574.0
1342740 1574.0
1342750 1562.8
1342760 1554.7
1342770 1554.7
1342780 1546.4
1342790 1536.1
1342800 1536.1
1342810 1528.0
1342820 1519.8
1342830 1512.0
1342840 1512.0
1342850 1504.7
1342860 1497.7
1342870 1497.7
1342880 1490.3
1342890 1483.7
1342900 1483.7
1342910 1478.2
1342920 1472.4
1342930 1472.4
1342940 1465.4
1342950 1459.2
1342960 1459.2
1342970 1453.8
1342980 1450.7
1342990 1450.7
1343000 1450.1
1343010 1448.5
1343020 1448.5
1343030 1446.0
1343040 1442.7
1343050 1442.7
1343060 1439.2
1343070 1436.0
1343080 1433.2
1343090 1433.2
1343100 1430.1
1343110 1426.7
1343120 1426.7
1343130 1423.1
1343140 1420.2
1343150 1420.2
1343160 1417.8
1343170 1415.2
1343180 1415.2
1343190 1412.4
1343200 1410.1
1343210 1410.1
1343220 1407.9
1343230 1405.2
1343240 1405.2
1343250 1402.8
1343260 1400.4
1343270 1400.4
1343280 1395.3
1343290 1393.2
1343300 1394.8
1343310 1394.8
1343320 1395.9
1343330 1396.9
1343340 1396.9
1343350 1398.7
1343360 1401.2
1343370 1401.2
1343380 1404.6
1343390 1407.3
1343400 1407.3
1343410 1409.9
1343420 1412.5
1343430 1412.5
1343440 1416.2
1343450 1419.9
1343460 1419.9
1343470 1423.5
1343480 1426.9
1343490 1426.9
1343500 1430.3
1343510 1433.8
1343520 1433.8
1343530 1437.0
1343540 1440.9
1343550 1445.8
1343560 1445.8
1343570 1450.8
1343580 1453.6
1343590 1453.6
1343600 1457.4
1343610 1461.1
1343620 1461.1
1343630 1465.6
1343640 1469.1
1343650 1469.1
1343660 1473.0
1343670 1477.7
1343680 1477.7
1343690 1482.5
1343700 1487.9
1343710 1487.9
1343720 1494.0
1343730 1501.9
1343740 1501.9
1343750 1515.5
1343760 1522.7
1343770 1522.7
1343780 1531.1
1343790 1539.4
1343800 1548.6
1343810 1548.6
1343820 1567.9
1343830 1584.6
1343840 1584.6
1343850 1597.2
1343860 1609.3
1343870 1609.3
1343880 1621.4
1343890 1633.0
1343900 1633.0
1343910 1641.5
1343920 1651.0
1343930 1651.0
1343940 1658.2
1343950 1658.9
1343960 1658.9
1343970 1656.8
1343980 1654.8
1343990 1654.8
1344000 1656.3
1344010 1663.7
1344020 1663.7
1344030 1674.2
1344040 1684.3
1344050 1687.3
1344060 1687.3
1344070 1690.8
1344080 1694.1
1344090 1694.1
1344100 1697.6
1344110 1702.2
1344120 1702.2
1344130 1711.4
1344140 1718.4
1344150 1718.4
1344160 1724.6
1344170 1732.1
1344180 1732.1
1344190 1742.9
1344200 1759.5
1344210 1759.5
1344220 1776.5
1344230 1785.3
1344240 1785.3
1344250 1796.8
1344260 1817.1
1344270 1830.2
1344280 1830.2
1344290 1843.5
1344300 1845.8
1344310 1845.8
1344320 1848.1
1344330 1855.1
1344340 1855.1
1344350 1859.1
1344360 1863.4
1344370 1863.4
1344380 1868.3
1344390 1871.1
1344400 1871.1
1344410 1884.0
1344420 1882.4
1344430 1882.4
1344440 1886.4
1344450 1890.6
1344460 1890.6
1344470 1895.4
1344480 1902.7
1344490 1902.7
1344500 1910.1
1344510 1925.2
1344520 1957.4
1344530 1957.4
1344540 1991.1
1344550 1999.6
1344560 1999.6
1344570 2007.9
1344580 2017.0
1344590 2017.0
1344600 2026.9
1344610 2035.6
1344620 2035.6
1344630 2042.1
1344640 2047.9
1344650 2047.9
1344660 2055.7
1344670 2061.1
1344680 2061.1
1344690 2066.9
1344700 2071.4
1344710 2071.4
1344720 2076.6
1344730 2081.9
1344740 2081.9
1344750 2089.5
1344760 2094.8
1344770 2099.4
1344780 2099.4
1344790 2105.6
1344800 2110.8
1344810 2110.8
1344820 2115.9
1344830 2121.6
1344840 2121.6
1344850 2129.4
1344860 2133.7
1344870 2133.7
1344880 2139.0
1344890 2146.0
1344900 2146.0
1344910 2151.3
1344920 2154.8
1344930 2154.8
1344940 2156.6
1344950 2155.7
1344960 2155.7
1344970 2158.3
1344980 2162.4
1344990 2162.4
1345000 2167.6
1345010 2172.3
1345020 2178.1
1345030 2178.1
1345040 2184.2
1345050 2190.3
1345060 2190.3
1345070 2195.6
1345080 2201.7
1345090 2201.7
1345100 2206.5
1345110 2211.2
1345120 2211.2
1345130 2217.6
1345140 2224.2
1345150 2224.2
1345160 2230.0
1345170 2235.6
1345180 2235.6
1345190 2241.6
1345200 2241.7
1345210 2241.7
1345220 2234.6
1345230 2235.7
1345240 2243.4
1345250 2243.4
1345260 2248.0
1345270 2256.7
1345280 2256.7
1345290 2268.2
1345300 2273.1
1345310 2273.1
1345320 2295.1
1345330 2301.9
1345340 2301.9
1345350 2306.3
1345360 2315.3
1345370 2315.3
1345380 2323.6
1345390 2327.3
1345400 2327.3
1345410 2330.1
1345420 2333.9
1345430 2333.9
1345440 2340.0
1345450 2343.0
1345460 2343.0
1345470 2343.5
1345480 2350.8
1345490 2356.5
1345500 2356.5
1345510 2361.0
1345520 2366.0
1345530 2366.0
1345540 2373.9
1345550 2380.5
1345560 2380.5
1345570 2378.9
1345580 2372.3
1345590 2372.3
1345600 2364.6
1345610 2356.9
1345620 2356.9
1345630 2346.7
1345640 2335.0
1345650 2335.0
1345660 2323.6
1345670 2313.9
1345680 2313.9
1345690 2304.5
1345700 2299.0
1345710 2299.0
1345720 2291.9
1345730 2282.8
1345740 2272.3
1345750 2272.3
1345760 2262.4
1345770 2259.3
1345780 2259.3
1345790 2254.7
1345800 2246.9
1345810 2246.9
1345820 2239.9
1345830 2237.2
1345840 2237.2
1345850 2231.4
1345860 2225.7
1345870 2225.7
1345880 2220.6
1345890 2214.9
1345900 2214.9
1345910 2207.5
1345920 2201.3
1345930 2201.3
1345940 2195.5
1345950 2188.3
1345960 2188.3
1345970 2179.4
1345980 2170.4
1345990 2160.8
1346000 2160.8
1346010 2151.5
1346020 2141.4
1346030 2141.4
1346040 2131.1
1346050 2120.8
1346060 2120.8
1346070 2112.4
1346080 2105.2
1346090 2105.2
1346100 2098.9
1346110 2090.9
1346120 2090.9
1346130 2081.6
1346140 2072.5
1346150 2072.5
1346160 2064.1
1346170 2054.8
1346180 2054.8
1346190 2046.1
1346200 2037.6
1346210 2037.6
1346220 2031.1
1346230 2014.2
1346240 2005.1
1346250 2005.1
1346260 2000.9
1346270 1991.5
1346280 1991.5
1346290 1979.7
1346300 1970.2
1346310 1970.2
1346320 1961.2
1346330 1952.2
1346340 1952.2
1346350 1944.9
1346360 1939.8
1346370 1939.8
1346380 1935.8
1346390 1930.0
1346400 1930.0
1346410 1922.9
1346420 1917.2
1346430 1917.2
1346440 1910.9
1346450 1906.9
1346460 1902.8
1346470 1902.8
1346480 1898.5
1346490 1893.5
1346500 1893.5
1346510 1887.3
1346520 1878.7
1346530 1878.7
1346540 1867.7
1346550 1860.6
1346560 1860.6
1346570 1852.3
1346580 1846.0
1346590 1846.0
1346600 1840.0
1346610 1834.2
1346620 1834.2
1346630 1829.6
1346640 1826.8
1346650 1826.8
1346660 1825.2
1346670 1822.7
1346680 1822.7
1346690 1820.0
1346700 1818.0
1346710 1816.7
1346720 1816.7
1346730 1814.5
1346740 1811.9
1346750 1811.9
1346760 1809.2
1346770 1805.6
1346780 1805.6
1346790 1803.4
1346800 1801.5
1346810 1801.5
1346820 1800.4
1346830 1799.9
1346840 1799.9
1346850 1800.2
1346860 1799.9
1346870 1799.9
1346880 1799.2
1346890 1799.1
1346900 1799.1
1346910 1801.1
1346920 1801.4
1346930 1801.4
1346940 1799.0
1346950 1794.9
1346960 1788.9
1346970 1788.9
1346980 1783.2
1346990 1778.9
1347000 1778.9
1347010 1773.7
1347020 1766.8
1347030 1766.8
1347040 1758.7
1347050 1751.6
1347060 1751.6
1347070 1746.0
1347080 1740.7
1347090 1740.7
1347100 1733.9
1347110 1726.2
1347120 1726.2
1347130 1720.1
1347140 1709.1
1347150 1709.1
1347160 1666.3
1347170 1656.1
1347180 1656.1
1347190 1653.9
1347200 1652.4
1347210 1651.8
1347220 1651.8
1347230 1648.3
1347240 1643.0
1347250 1643.0
1347260 1634.4
1347270 1624.4
1347280 1624.4
1347290 1617.2
1347300 1608.9
1347310 1608.9
1347320 1597.8
1347330 1589.4
1347340 1589.4
1347350 1583.2
1347360 1575.5
1347370 1575.5
1347380 1566.8
1347390 1558.3
1347400 1558.3
1347410 1550.4
1347420 1543.2
1347430 1536.7
1347440 1536.7
1347450 1530.6
1347460 1524.1
1347470 1524.1
1347480 1517.1
1347490 1508.7
1347500 1508.7
1347510 1502.5
1347520 1497.3
1347530 1497.3
1347540 1491.7
1347550 1485.8
1347560 1485.8
1347570 1479.3
1347580 1473.1
1347590 1473.1
1347600 1467.0
1347610 1462.2
1347620 1462.2
1347630 1457.6
1347640 1454.5
1347650 1454.5
1347660 1451.3
1347670 1446.5
1347680 1445.0
1347690 1445.0
1347700 1443.6
1347710 1441.8
1347720 1441.8
1347730 1440.7
1347740 1440.1
1347750 1440.1
1347760 1438.3
1347770 1436.4
1347780 1436.4
1347790 1435.9
1347800 1436.2
1347810 1436.2
1347820 1435.4
1347830 1433.5
1347840 1433.5
1347850 1433.2
1347860 1432.7
1347870 1432.7
1347880 1431.1
1347890 1430.6
1347900 1430.6
1347910 1435.6
1347920 1436.8
1347930 1437.7
1347940 1437.7
1347950 1439.2
1347960 1441.4
1347970 1441.4
1347980 1442.0
1347990 1443.5
1348000 1443.5
1348010 1445.8
1348020 1448.1
1348030 1448.1
1348040 1450.2
1348050 1452.9
1348060 1452.9
1348070 1454.7
1348080 1459.9
1348090 1459.9
1348100 1463.3
1348110 1467.0
1348120 1467.0
1348130 1472.2
1348140 1477.3
1348150 1477.3
1348160 1480.4
1348170 1484.0
1348180 1489.5
1348190 1489.5
1348200 1495.9
1348210 1502.5
1348220 1502.5
1348230 1509.8
1348240 1517.8
1348250 1517.8
1348260 1526.2
1348270 1535.1
1348280 1535.1
1348290 1543.8
1348300 1551.9
1348310 1551.9
1348320 1560.8
1348330 1567.9
1348340 1567.9
1348350 1574.1
1348360 1579.4
1348370 1579.4
1348380 1586.2
1348390 1594.3
1348400 1602.4
1348410 1602.4
1348420 1610.5
1348430 1616.5
1348440 1616.5
1348450 1616.9
1348460 1618.6
1348470 1618.6
1348480 1625.9
1348490 1634.9
1348500 1634.9
1348510 1639.4
1348520 1644.8
1348530 1644.8
1348540 1649.5
1348550 1651.8
1348560 1651.8
1348570 1658.6
1348580 1665.2
1348590 1665.2
1348600 1670.3
1348610 1677.7
1348620 1677.7
1348630 1687.5
1348640 1696.7
1348650 1702.2
1348660 1702.2
1348670 1709.9
1348680 1719.5
1348690 1719.5
1348700 1728.2
1348710 1738.1
1348720 1738.1
1348730 1745.6
1348740 1752.0
1348750 1752.0
1348760 1756.3
1348770 1762.5
1348780 1762.5
1348790 1770.4
1348800 1781.5
1348810 1781.5
1348820 1788.8
1348830 1793.0
1348840 1793.0
1348850 1797.6
1348860 1800.9
1348870 1800.9
1348880 1806.7
1348890 1819.2
1348900 1835.7
1348910 1835.7
1348920 1842.7
1348930 1847.9
1348940 1847.9
1348950 1853.3
1348960 1858.4
1348970 1858.4
1348980 1864.9
1348990 1871.0
1349000 1871.0
1349010 1876.7
1349020 1883.8
1349030 1883.8
1349040 1890.4
1349050 1896.1
1349060 1896.1
1349070 1901.7
1349080 1906.9
1349090 1906.9
1349100 1912.3
1349110 1917.5
1349120 1917.5
1349130 1923.2
1349140 1928.4
1349150 1933.7
1349160 1933.7
1349170 1939.1
1349180 1944.0
1349190 1944.0
1349200 1948.5
1349210 1951.9
1349220 1951.9
1349230 1955.2
1349240 1958.4
1349250 1958.4
1349260 1961.1
1349270 1963.1
1349280 1963.1
1349290 1965.6
1349300 1967.4
1349310 1967.4
1349320 1968.9
1349330 1970.8
1349340 1970.8
1349350 1972.7
1349360 1974.2
1349370 1974.2
1349380 1974.8
1349390 1975.3
1349400 1978.4
1349410 1978.4
1349420 1981.4
1349430 1983.5
1349440 1983.5
1349450 1986.2
1349460 1988.9
1349470 1988.9
1349480 1993.2
1349490 1997.0
1349500 1997.0
1349510 2001.5
1349520 2005.2
1349530 2005.2
1349540 2009.3
1349550 2012.6
1349560 2012.6
1349570 2016.5
1349580 2020.7
1349590 2020.7
1349600 2024.7
1349610 2026.7
1349620 2030.4
1349630 2030.4
1349640 2035.1
1349650 2041.3
1349660 2041.3
1349670 2046.7
1349680 2051.8
1349690 2051.8
1349700 2057.9
1349710 2063.0
1349720 2063.0
1349730 2067.4
1349740 2071.8
1349750 2071.8
1349760 2078.7
1349770 2086.4
1349780 2086.4
1349790 2091.6
1349800 2097.3
1349810 2097.3
1349820 2102.0
1349830 2105.8
1349840 2105.8
1349850 2109.9
1349860 2114.0
1349870 2116.5
1349880 2116.5
1349890 2118.9
1349900 2122.0
1349910 2122.0
1349920 2124.6
1349930 2126.5
1349940 2126.5
1349950 2129.5
1349960 2135.8
1349970 2135.8
1349980 2139.9
1349990 2143.7
1350000 2143.7
1350010 2146.6
1350020 2149.9
1350030 2149.9
1350040 2154.5
1350050 2159.0
1350060 2159.0
1350070 2162.4
1350080 2166.3
1350090 2166.3
1350100 2169.9
1350110 2175.2
1350120 2183.2
1350130 2183.2
1350140 2193.9
1350150 2199.1
1350160 2199.1
1350170 2202.7
1350180 2209.1
1350190 2209.1
1350200 2215.7
1350210 2221.9
1350220 2221.9
1350230 2224.7
1350240 2228.4
1350250 2228.4
1350260 2236.9
1350270 2245.4
1350280 2245.4
1350290 2254.8
1350300 2266.7
1350310 2266.7
1350320 2273.6
1350330 2285.4
1350340 2285.4
1350350 2292.6
1350360 2302.1
1350370 2308.3
1350380 2308.3
1350390 2319.6
1350400 2327.3
1350410 2327.3
1350420 2335.3
1350430 2342.8
1350440 2342.8
1350450 2349.6
1350460 2356.4
1350470 2356.4
1350480 2363.4
1350490 2371.2
1350500 2371.2
1350510 2379.5
1350520 2388.4
1350530 2388.4
1350540 2398.1
1350550 2411.0
1350560 2411.0
1350570 2426.1
1350580 2432.6
1350590 2434.0
1350600 2434.0
1350610 2435.9
1350620 2436.5
1350630 2436.5
1350640 2434.8
1350650 2433.4
1350660 2433.4
1350670 2432.8
1350680 2430.4
1350690 2430.4
1350700 2421.9
1350710 2414.9
1350720 2414.9
1350730 2406.3
1350740 2398.8
1350750 2398.8
1350760 2392.5
1350770 2383.4
1350780 2383.4
1350790 2375.7
1350800 2370.7
1350810 2370.7
1350820 2366.5
1350830 2364.1
1350840 2360.4
1350850 2360.4
1350860 2356.6
1350870 2354.9
1350880 2354.9
1350890 2352.3
1350900 2350.0
1350910 2354.3
1350920 2352.0
1350930 2347.5
1350940 2347.5
1350950 2340.2
1350960 2334.0
1350970 2334.0
1350980 2329.8
1350990 2327.0
1351000 2327.0
1351010 2324.5
1351020 2323.4
1351030 2323.4
1351040 2323.6
1351050 2324.1
1351060 2324.1
1351070 2323.0
1351080 2323.4
1351090 2322.3
1351100 2322.3
1351110 2320.9
1351120 2318.4
1351130 2318.4
1351140 2316.2
1351150 2314.8
1351160 2314.8
1351170 2312.8
1351180 2310.5
1351190 2310.5
1351200 2308.6
1351210 2306.1
1351220 2306.1
1351230 2303.2
1351240 2300.3
1351250 2300.3
1351260 2297.0
1351270 2293.8
1351280 2293.8
1351290 2292.6
1351300 2291.8
1351310 2291.8
1351320 2290.5
1351330 2289.6
1351340 2288.3
1351350 2288.3
1351360 2286.0
1351370 2284.7
1351380 2284.7
1351390 2282.8
1351400 2281.5
1351410 2281.5
1351420 2280.2
1351430 2279.2
1351440 2279.2
1351450 2276.8
1351460 2273.9
1351470 2273.9
1351480 2271.6
1351490 2270.4
1351500 2270.4
1351510 2270.9
1351520 2269.4
1351530 2269.4
1351540 2266.3
1351550 2264.3
1351560 2265.0
1351570 2265.0
1351580 2265.0
1351590 2264.6
1351600 2264.6
1351610 2263.4
1351620 2262.0
1351630 2262.0
1351640 2263.3
1351650 2269.4
1351660 2269.4
1351670 2270.0
1351680 2267.2
1351690 2267.2
1351700 2259.2
1351710 2250.4
1351720 2250.4
1351730 2241.3
1351740 2232.4
1351750 2232.4
1351760 2223.9
1351770 2215.7
1351780 2215.7
1351790 2207.9
1351800 2200.5
1351810 2193.0
1351820 2193.0
1351830 2184.9
1351840 2177.3
1351850 2177.3
1351860 2170.2
1351870 2160.9
1351880 2160.9
1351890 2153.5
1351900 2147.4
1351910 2147.4
1351920 2142.1
1351930 2137.0
1351940 2137.0
1351950 2133.8
1351960 2130.1
1351970 2130.1
1351980 2125.4
1351990 2120.1
1352000 2120.1
1352010 2114.6
1352020 2109.6
1352030 2109.6
1352040 2103.9
1352050 2096.2
1352060 2087.3
1352070 2087.3
1352080 2077.8
1352090 2069.5
1352100 2069.5
1352110 2061.5
1352120 2054.6
1352130 2054.6
1352140 2049.2
1352150 2042.4
1352160 2042.4
1352170 2036.8
1352180 2032.3
1352190 2032.3
1352200 2028.2
1352210 2024.7
1352220 2024.7
1352230 2021.2
1352240 2016.8
1352250 2016.8
1352260 2012.7
1352270 2009.7
1352280 2009.7
1352290 2008.1
1352300 2010.6
1352310 2016.6
1352320 2016.6
1352330 2022.0
1352340 2026.6
1352350 2026.6
1352360 2031.3
1352370 2034.7
1352380 2034.7
1352390 2039.8
1352400 2045.0
1352410 2045.0
1352420 2047.5
1352430 2048.5
1352440 2048.5
1352450 2050.0
1352460 2050.7
1352470 2050.7
1352480 2051.2
1352490 2052.3
1352500 2052.3
1352510 2053.4
1352520 2054.2
1352530 2054.2
1352540 2051.2
1352550 2048.3
1352560 2043.3
1352570 2043.3
1352580 2037.3
1352590 2033.9
1352600 2033.9
1352610 2031.9
1352620 2033.0
1352630 2033.0
1352640 2032.9
1352650 2032.6
1352660 2032.6
1352670 2032.1
1352680 2033.8
1352690 2033.8
1352700 2034.7
1352710 2034.5
1352720 2034.5
1352730 2033.1
1352740 2030.9
1352750 2030.9
1352760 2029.0
1352770 2027.6
1352780 2025.6
1352790 2025.6
1352800 2022.5
1352810 2021.5
1352820 2021.5
1352830 2024.3
1352840 2022.1
1352850 2022.1
1352860 2021.4
1352870 2021.0
1352880 2021.0
1352890 2019.9
1352900 2019.0
1352910 2019.0
1352920 2017.5
1352930 2017.8
1352940 2017.8
1352950 2019.6
1352960 2020.4
1352970 2020.4
1352980 2018.6
1352990 2016.6
1353000 2016.6
1353010 2015.2
1353020 2012.3
1353030 2009.1
1353040 2009.1
1353050 2008.9
1353060 2008.8
1353070 2008.8
1353080 2009.8
1353090 2011.7
1353100 2011.7
1353110 2016.1
1353120 2020.7
1353130 2020.7
1353140 2024.9
1353150 2031.7
1353160 2031.7
1353170 2053.3
1353180 2071.3
1353190 2071.3
1353200 2082.7
1353210 2090.4
1353220 2090.4
1353230 2106.6
1353240 2117.5
1353250 2117.5
1353260 2122.5
1353270 2120.7
1353280 2116.6
1353290 2116.6
1353300 2112.9
1353310 2110.0
1353320 2110.0
1353330 2107.0
1353340 2104.7
1353350 2104.7
1353360 2101.8
1353370 2096.5
1353380 2096.5
1353390 2090.8
1353400 2084.2
1353410 2084.2
1353420 2076.9
1353430 2067.5
1353440 2067.5
1353450 2050.0
1353460 2039.6
1353470 2039.6
1353480 2031.0
1353490 2022.9
1353500 2022.9
1353510 2014.1
1353520 2007.1
1353530 1998.5
1353540 1998.5
1353550 1990.5
1353560 1982.6
1353570 1982.6
1353580 1975.3
1353590 1968.2
1353600 1968.2
1353610 1961.2
1353620 1954.0
1353630 1954.0
1353640 1947.5
1353650 1943.6
1353660 1943.6
1353670 1941.6
1353680 1939.1
1353690 1939.1
1353700 1935.3
1353710 1933.4
1353720 1933.4
1353730 1931.7
1353740 1929.4
1353750 1929.1
1353760 1929.1
1353770 1928.7
1353780 1929.2
1353790 1929.2
1353800 1936.1
1353810 1936.8
1353820 1936.8
1353830 1935.5
1353840 1933.9
1353850 1933.9
1353860 1933.2
1353870 1933.2
1353880 1933.2
1353890 1933.8
1353900 1932.9
1353910 1932.9
1353920 1933.0
1353930 1930.4
1353940 1930.4
1353950 1926.3
1353960 1922.2
1353970 1922.2
1353980 1917.6
1353990 1912.8
1354000 1907.3
1354010 1907.3
1354020 1903.0
1354030 1898.8
1354040 1898.8
1354050 1896.0
1354060 1893.1
1354070 1893.1
1354080 1889.4
1354090 1885.8
1354100 1885.8
1354110 1882.4
1354120 1876.2
1354130 1876.2
1354140 1871.0
1354150 1868.1
1354160 1868.1
1354170 1864.5
1354180 1858.4
1354190 1858.4
1354200 1853.4
1354210 1846.9
1354220 1846.9
1354230 1837.3
1354240 1825.7
1354250 1810.6
1354260 1810.6
1354270 1790.8
1354280 1775.1
1354290 1775.1
1354300 1767.5
1354310 1759.6
1354320 1759.6
1354330 1751.7
1354340 1742.3
1354350 1742.3
1354360 1731.7
1354370 1719.8
1354380 1719.8
1354390 1711.2
1354400 1702.2
1354410 1702.2
1354420 1695.3
1354430 1688.4
1354440 1688.4
1354450 1680.0
1354460 1671.8
1354470 1671.8
1354480 1664.6
1354490 1654.6
1354500 1631.8
1354510 1631.8
1354520 1615.4
1354530 1601.5
1354540 1601.5
1354550 1585.4
1354560 1575.6
1354570 1575.6
1354580 1558.4
1354590 1544.8
1354600 1544.8
1354610 1539.0
1354620 1536.6
1354630 1536.6
1354640 1533.4
1354650 1527.1
1354660 1527.1
1354670 1521.7
1354680 1522.6
1354690 1522.6
1354700 1523.6
1354710 1523.5
1354720 1519.9
1354730 1519.9
1354740 1516.2
1354750 1501.3
1354760 1501.3
1354770 1489.3
1354780 1487.2
1354790 1487.2
1354800 1479.4
1354810 1471.5
1354820 1471.5
1354830 1463.8
1354840 1457.4
1354850 1457.4
1354860 1455.0
1354870 1452.4
1354880 1452.4
1354890 1449.5
1354900 1447.9
1354910 1447.9
1354920 1448.6
1354930 1444.5
1354940 1444.5
1354950 1444.8
1354960 1448.5
1354970 1458.3
1354980 1458.3
1354990 1471.1
1355000 1474.3
1355010 1474.3
1355020 1476.5
1355030 1478.7
1355040 1478.7
1355050 1480.0
1355060 1480.7
1355070 1480.7
1355080 1482.1
1355090 1480.7
1355100 1480.7
1355110 1482.8
1355120 1486.2
1355130 1486.2
1355140 1488.8
1355150 1488.9
1355160 1488.9
1355170 1489.1
1355180 1489.6
1355190 1489.6
1355200 1489.8
1355210 1490.9
1355220 1494.3
1355230 1494.3
1355240 1497.6
1355250 1496.2
1355260 1496.2
1355270 1495.7
1355280 1498.6
1355290 1498.6
1355300 1503.5
1355310 1508.3
1355320 1508.3
1355330 1515.5
1355340 1515.0
1355350 1515.0
1355360 1511.6
1355370 1509.5
1355380 1509.5
1355390 1506.9
1355400 1503.7
1355410 1503.7
1355420 1495.9
1355430 1489.7
1355440 1489.7
1355450 1483.8
1355460 1474.9
1355470 1466.3
1355480 1466.3
1355490 1466.0
1355500 1469.9
1355510 1469.9
1355520 1470.4
1355530 1471.4
1355540 1471.4
1355550 1473.8
1355560 1478.6
1355570 1478.6
1355580 1480.6
1355590 1481.3
1355600 1481.3
1355610 1484.9
1355620 1489.6
1355630 1489.6
1355640 1493.5
1355650 1495.3
1355660 1495.3
1355670 1496.4
1355680 1497.0
1355690 1500.4
1355700 1500.4
1355710 1506.5
1355720 1509.5
1355730 1509.5
1355740 1513.0
1355750 1518.0
1355760 1520.8
1355770 1526.5
1355780 1532.1
1355790 1532.1
1355800 1538.6
1355810 1545.8
1355820 1545.8
1355830 1552.3
1355840 1559.1
1355850 1559.1
1355860 1565.8
1355870 1572.9
1355880 1572.9
1355890 1580.3
1355900 1587.3
1355910 1587.3
1355920 1594.4
1355930 1601.8
1355940 1609.0
1355950 1609.0
1355960 1616.0
1355970 1622.7
1355980 1622.7
1355990 1628.8
1356000 1640.5
1356010 1640.5
1356020 1654.2
1356030 1661.4
1356040 1661.4
1356050 1672.7
1356060 1686.8
1356070 1686.8
1356080 1712.6
1356090 1744.2
1356100 1744.2
1356110 1772.9
1356120 1789.9
1356130 1789.9
1356140 1801.1
1356150 1815.7
1356160 1815.7
1356170 1825.5
1356180 1832.3
1356190 1842.6
1356200 1842.6
1356210 1847.7
1356220 1854.8
1356230 1854.8
1356240 1864.4
1356250 1871.2
1356260 1871.2
1356270 1875.3
1356280 1882.0
1356290 1882.0
1356300 1889.6
1356310 1895.8
1356320 1895.8
1356330 1904.5
1356340 1912.9
1356350 1912.9
1356360 1920.0
1356370 1927.7
1356380 1927.7
1356390 1937.4
1356400 1949.3
1356410 1949.3
1356420 1958.2
1356430 1963.5
1356440 1971.4
1356450 1971.4
1356460 1981.6
1356470 1990.5
1356480 1990.5
1356490 1998.7
1356500 2005.8
1356510 2005.8
1356520 2012.7
1356530 2019.9
1356540 2019.9
1356550 2026.8
1356560 2033.2
1356570 2033.2
1356580 2039.0
1356590 2043.4
1356600 2043.4
1356610 2049.7
1356620 2057.0
1356630 2057.0
1356640 2064.6
1356650 2072.5
1356660 2072.5
1356670 2080.6
1356680 2088.8
1356690 2098.2
1356700 2098.2
1356710 2107.4
1356720 2118.3
1356730 2118.3
1356740 2130.6
1356750 2142.3
1356760 2144.3
1356770 2154.5
1356780 2162.0
1356790 2162.0
1356800 2169.3
1356810 2177.2
1356820 2177.2
1356830 2188.2
1356840 2196.7
1356850 2196.7
1356860 2202.7
1356870 2208.6
1356880 2208.6
1356890 2216.0
1356900 2223.5
1356910 2231.4
1356920 2231.4
1356930 2240.2
1356940 2248.9
1356950 2248.9
1356960 2255.7
1356970 2260.9
1356980 2260.9
1356990 2264.2
1357000 2267.9
1357010 2267.9
1357020 2273.7
1357030 2281.6
1357040 2281.6
1357050 2287.5
1357060 2292.4
1357070 2292.4
1357080 2297.8
1357090 2309.1
1357100 2309.1
1357110 2317.6
1357120 2326.8
1357130 2326.8
1357140 2338.7
1357150 2349.1
1357160 2358.2
1357170 2358.2
1357180 2366.0
1357190 2376.1
1357200 2376.1
1357210 2382.9
1357220 2389.3
1357230 2389.3
1357240 2395.2
1357250 2404.0
1357260 2404.0
1357270 2415.4
1357280 2420.6
1357290 2420.6
1357300 2427.7
1357310 2434.5
1357320 2434.5
1357330 2443.4
1357340 2454.5
1357350 2454.5
1357360 2464.7
1357370 2478.8
1357380 2478.8
1357390 2491.2
1357400 2504.8
1357410 2517.9
1357420 2517.9
1357430 2531.4
1357440 2543.6
1357450 2543.6
1357460 2553.9
1357470 2562.2
1357480 2562.2
1357490 2575.5
1357500 2583.8
1357510 2583.8
1357520 2582.4
1357530 2567.6
1357540 2567.6
1357550 2561.6
1357560 2555.2
1357570 2555.2
1357580 2545.8
1357590 2535.2
1357600 2535.2
1357610 2527.2
1357620 2514.3
1357630 2514.3
1357640 2496.5
1357650 2485.4
1357660 2481.3
1357670 2481.3
1357680 2483.1
1357690 2486.3
1357700 2486.3
1357710 2483.5
1357720 2475.2
1357730 2475.2
1357740 2465.6
1357750 2464.0
1357760 2464.0
1357770 2460.4
1357780 2455.3
1357790 2455.3
1357800 2446.1
1357810 2436.7
1357820 2436.7
1357830 2427.8
1357840 2416.2
1357850 2416.2
1357860 2405.8
1357870 2394.2
1357880 2386.5
1357890 2386.5
1357900 2380.8
1357910 2375.3
1357920 2375.3
1357930 2369.3
1357940 2363.4
1357950 2363.4
1357960 2358.0
1357970 2354.3
1357980 2354.3
1357990 2350.6
1358000 2347.9
1358010 2347.9
1358020 2345.3
1358030 2343.2
1358040 2343.2
1358050 2341.3
1358060 2339.8
1358070 2339.8
1358080 2338.4
1358090 2337.3
1358100 2337.3
1358110 2337.6
1358120 2338.0
1358130 2337.7
1358140 2337.7
1358150 2336.8
1358160 2337.5
1358170 2337.5
1358180 2340.5
1358190 2343.0
1358200 2343.0
1358210 2343.4
1358220 2342.7
1358230 2342.7
1358240 2344.6
1358250 2347.0
1358260 2347.0
1358270 2349.8
1358280 2353.1
1358290 2353.1
1358300 2354.6
1358310 2356.6
1358320 2356.6
1358330 2359.8
1358340 2361.9
1358350 2361.9
1358360 2363.5
1358370 2366.5
1358380 2369.3
1358390 2369.3
1358400 2371.0
1358410 2374.3
1358420 2374.3
1358430 2377.9
1358440 2379.5
1358450 2379.5
1358460 2380.8
1358470 2382.0
1358480 2382.0
1358490 2382.3
1358500 2382.3
1358510 2382.3
1358520 2382.9
1358530 2383.0
1358540 2383.0
1358550 2384.0
1358560 2384.5
1358570 2384.5
1358580 2385.0
1358590 2385.3
1358600 2385.3
1358610 2385.7
1358620 2387.0
1358630 2387.7
1358640 2387.7
1358650 2387.9
1358660 2387.4
1358670 2387.4
1358680 2386.8
1358690 2386.6
1358700 2386.6
1358710 2385.5
1358720 2384.2
1358730 2384.2
1358740 2384.6
1358750 2384.9
1358760 2388.9
1358770 2388.8
1358780 2390.0
1358790 2390.0
1358800 2392.3
1358810 2395.6
1358820 2395.6
1358830 2396.5
1358840 2396.6
1358850 2398.1
1358860 2398.1
1358870 2400.0
1358880 2400.9
1358890 2400.9
1358900 2401.5
1358910 2401.7
1358920 2401.7
1358930 2399.3
1358940 2396.1
1358950 2396.1
1358960 2393.6
1358970 2392.9
1358980 2392.9
1358990 2392.8
1359000 2392.5
1359010 2392.5
1359020 2393.3
1359030 2395.7
1359040 2395.7
1359050 2394.4
1359060 2392.3
1359070 2392.3
1359080 2390.3
1359090 2389.7
1359100 2391.1
1359110 2391.1
1359120 2394.7
1359130 2398.8
1359140 2398.8
1359150 2402.7
1359160 2406.9
1359170 2406.9
1359180 2409.8
1359190 2408.7
1359200 2408.7
1359210 2407.0
1359220 2407.0
1359230 2407.0
1359240 2407.7
1359250 2408.6
1359260 2408.6
1359270 2408.5
1359280 2408.4
1359290 2408.4
1359300 2408.6
1359310 2407.4
1359320 2407.4
1359330 2407.5
1359340 2407.1
1359350 2406.9
1359360 2406.9
1359370 2407.1
1359380 2405.8
1359390 2405.8
1359400 2405.1
1359410 2404.9
1359420 2404.9
1359430 2402.5
1359440 2400.6
1359450 2400.6
1359460 2399.8
1359470 2399.5
1359480 2399.5
1359490 2399.3
1359500 2398.6
1359510 2398.6
1359520 2397.7
1359530 2397.1
1359540 2397.1
1359550 2401.6
1359560 2405.9
1359570 2405.9
1359580 2408.2
1359590 2409.1
1359600 2411.0
1359610 2411.0
1359620 2412.5
1359630 2413.5
1359640 2413.5
1359650 2414.4
1359660 2414.3
1359670 2414.3
1359680 2413.6
1359690 2412.7
1359700 2412.7
1359710 2411.6
1359720 2410.9
1359730 2410.9
1359740 2409.8
1359750 2407.3
1359760 2407.3
1359770 2409.2
1359780 2412.2
1359790 2412.2
1359800 2411.2
1359810 2409.4
1359820 2409.4
1359830 2406.7
1359840 2405.3
1359850 2406.8
1359860 2406.8
1359870 2408.1
1359880 2407.9
1359890 2407.9
1359900 2407.0
1359910 2404.2
1359920 2404.2
1359930 2398.2
1359940 2395.5
1359950 2395.5
1359960 2398.3
1359970 2401.3
1359980 2401.3
1359990 2406.2
