1340000 1827.2
1340010 1826.4
1340020 1826.4
1340030 1825.8
1340040 1826.5
1340050 1826.5
1340060 1827.3
1340070 1828.1
1340080 1828.1
1340090 1828.8
1340100 1829.2
1340110 1829.2
1340120 1829.7
1340130 1830.5
1340140 1830.5
1340150 1831.4
1340160 1832.0
1340170 1832.7
1340180 1832.7
1340190 1833.7
1340200 1835.1
1340210 1835.1
1340220 1836.8
1340230 1838.9
1340240 1838.9
1340250 1842.4
1340260 1846.0
1340270 1846.0
1340280 1848.2
1340290 1849.6
1340300 1849.6
1340310 1851.1
1340320 1851.7
1340330 1851.7
1340340 1852.3
1340350 1852.3
1340360 1852.3
1340370 1851.7
1340380 1852.9
1340390 1852.9
1340400 1854.6
1340410 1855.4
1340420 1855.0
1340430 1855.0
1340440 1854.9
1340450 1856.1
1340460 1856.1
1340470 1858.2
1340480 1860.3
1340490 1860.3
1340500 1862.2
1340510 1864.3
1340520 1864.3
1340530 1866.9
1340540 1869.7
1340550 1869.7
1340560 1873.1
1340570 1875.7
1340580 1875.7
1340590 1877.6
1340600 1879.9
1340610 1879.9
1340620 1881.9
1340630 1883.8
1340640 1883.8
1340650 1886.1
1340660 1888.1
1340670 1890.5
1340680 1890.5
1340690 1893.5
1340700 1896.5
1340710 1896.5
1340720 1899.3
1340730 1902.4
1340740 1902.4
1340750 1905.6
1340760 1908.9
1340770 1908.9
1340780 1912.0
1340790 1915.3
1340800 1915.3
1340810 1918.1
1340820 1920.3
1340830 1923.1
1340840 1925.1
1340850 1926.6
1340860 1926.6
1340870 1928.0
1340880 1930.0
1340890 1930.0
1340900 1930.8
1340910 1930.9
1340920 1931.2
1340930 1931.2
1340940 1933.4
1340950 1935.2
1340960 1935.2
1340970 1935.1
1340980 1934.0
1340990 1934.0
1341000 1933.3
1341010 1931.1
1341020 1931.1
1341030 1929.4
1341040 1930.5
1341050 1930.5
1341060 1930.5
1341070 1930.3
1341080 1930.3
1341090 1930.1
1341100 1927.1
1341110 1927.1
1341120 1924.3
1341130 1923.2
1341140 1923.3
1341150 1923.3
1341160 1922.1
1341170 1919.4
1341180 1919.4
1341190 1916.5
1341200 1914.5
1341210 1914.5
1341220 1909.1
1341230 1905.2
1341240 1905.2
1341250 1900.9
1341260 1894.0
1341270 1894.0
1341280 1889.5
1341290 1886.9
1341300 1886.9
1341310 1883.3
1341320 1880.5
1341330 1880.5
1341340 1879.3
1341350 1877.4
1341360 1877.4
1341370 1875.8
1341380 1875.0
1341390 1872.5
1341400 1872.5
1341410 1866.8
1341420 1861.3
1341430 1861.3
1341440 1856.8
1341450 1852.3
1341460 1852.3
1341470 1847.9
1341480 1843.2
1341490 1843.2
1341500 1838.3
1341510 1833.5
1341520 1833.5
1341530 1829.7
1341540 1826.2
1341550 1826.2
1341560 1822.6
1341570 1819.5
1341580 1819.5
1341590 1816.7
1341600 1813.0
1341610 1813.0
1341620 1808.8
1341630 1804.8
1341640 1801.0
1341650 1801.0
1341660 1797.9
1341670 1794.3
1341680 1794.3
1341690 1789.9
1341700 1784.2
1341710 1784.2
1341720 1774.4
1341730 1769.2
1341740 1769.2
1341750 1764.5
1341760 1760.6
1341770 1760.6
1341780 1757.0
1341790 1752.5
1341800 1752.5
1341810 1747.9
1341820 1743.9
1341830 1743.9
1341840 1740.1
1341850 1736.9
1341860 1736.9
1341870 1733.6
1341880 1730.9
1341890 1727.4
1341900 1727.4
1341910 1723.2
1341920 1718.9
1341930 1718.9
1341940 1714.4
1341950 1709.8
1341960 1709.8
1341970 1705.2
1341980 1701.1
1341990 1701.1
1342000 1698.0
1342010 1695.8
1342020 1695.8
1342030 1693.9
1342040 1692.4
1342050 1692.4
1342060 1690.6
1342070 1687.4
1342080 1687.4
1342090 1682.8
1342100 1678.4
1342110 1678.4
1342120 1675.3
1342130 1671.8
1342140 1668.6
1342150 1668.6
1342160 1663.7
1342170 1658.3
1342180 1658.3
1342190 1652.6
1342200 1648.6
1342210 1648.6
1342220 1642.5
1342230 1636.1
1342240 1636.1
1342250 1629.7
1342260 1625.1
1342270 1625.1
1342280 1621.2
1342290 1615.2
1342300 1615.2
1342310 1609.7
1342320 1603.9
1342330 1603.9
1342340 1597.3
1342350 1590.8
1342360 1590.8
1342370 1585.5
1342380 1580.1
1342390 1574.4
1342400 1574.4
1342410 1567.8
1342420 1560.2
1342430 1560.2
1342440 1552.1
1342450 1545.0
1342460 1545.0
1342470 1537.9
1342480 1532.6
1342490 1532.6
1342500 1528.6
1342510 1524.3
1342520 1524.3
1342530 1519.1
1342540 1513.2
1342550 1513.2
1342560 1507.3
1342570 1502.0
1342580 1502.0
1342590 1496.3
1342600 1490.4
1342610 1491.7
1342620 1486.0
1342630 1481.3
1342640 1476.6
1342650 1476.6
1342660 1471.5
1342670 1466.7
1342680 1466.7
1342690 1463.6
1342700 1460.2
1342710 1460.2
1342720 1457.0
1342730 1452.3
1342740 1452.3
1342750 1447.1
1342760 1442.8
1342770 1442.8
1342780 1440.2
1342790 1437.7
1342800 1437.7
1342810 1434.7
1342820 1431.4
1342830 1431.4
1342840 1430.0
1342850 1428.3
1342860 1426.0
1342870 1426.0
1342880 1425.2
1342890 1424.8
1342900 1424.8
1342910 1424.0
1342920 1423.3
1342930 1423.3
1342940 1421.2
1342950 1418.2
1342960 1418.2
1342970 1415.8
1342980 1414.1
1342990 1414.1
1343000 1412.1
1343010 1410.8
1343020 1410.8
1343030 1407.9
1343040 1402.2
1343050 1402.2
1343060 1395.9
1343070 1391.1
1343080 1391.1
1343090 1385.9
1343100 1380.2
1343110 1374.6
1343120 1374.6
1343130 1368.9
1343140 1362.9
1343150 1362.9
1343160 1357.9
1343170 1355.6
1343180 1355.6
1343190 1354.2
1343200 1354.8
1343210 1354.8
1343220 1354.8
1343230 1354.5
1343240 1354.5
1343250 1356.2
1343260 1357.7
1343270 1357.7
1343280 1358.9
1343290 1360.5
1343300 1360.5
1343310 1362.4
1343320 1364.0
1343330 1364.0
1343340 1365.3
1343350 1366.6
1343360 1368.2
1343370 1368.2
1343380 1369.7
1343390 1371.4
1343400 1371.4
1343410 1372.6
1343420 1373.8
1343430 1373.8
1343440 1375.4
1343450 1376.8
1343460 1376.8
1343470 1378.8
1343480 1382.3
1343490 1382.3
1343500 1385.6
1343510 1388.1
1343520 1388.1
1343530 1392.4
1343540 1397.0
1343550 1397.0
1343560 1402.2
1343570 1407.1
1343580 1407.1
1343590 1411.7
1343600 1415.9
1343610 1419.0
1343620 1419.0
1343630 1421.6
1343640 1425.5
1343650 1425.5
1343660 1427.9
1343670 1429.2
1343680 1429.2
1343690 1429.7
1343700 1430.7
1343710 1430.7
1343720 1432.5
1343730 1434.8
1343740 1434.8
1343750 1437.6
1343760 1439.1
1343770 1439.1
1343780 1438.9
1343790 1439.9
1343800 1439.9
1343810 1442.5
1343820 1447.1
1343830 1447.1
1343840 1452.2
1343850 1457.5
1343860 1462.9
1343870 1462.9
1343880 1468.0
1343890 1472.7
1343900 1472.7
1343910 1478.2
1343920 1483.5
1343930 1483.5
1343940 1490.2
1343950 1497.0
1343960 1497.0
1343970 1502.1
1343980 1506.0
1343990 1506.0
1344000 1509.6
1344010 1514.7
1344020 1514.7
1344030 1518.6
1344040 1524.4
1344050 1524.4
1344060 1529.5
1344070 1533.4
1344080 1533.4
1344090 1535.7
1344100 1540.0
1344110 1544.4
1344120 1544.4
1344130 1548.9
1344140 1552.6
1344150 1552.6
1344160 1556.5
1344170 1560.1
1344180 1560.1
1344190 1564.4
1344200 1569.7
1344210 1569.7
1344220 1576.2
1344230 1582.9
1344240 1582.9
1344250 1590.0
1344260 1597.1
1344270 1597.1
1344280 1604.3
1344290 1612.1
1344300 1612.1
1344310 1619.0
1344320 1624.6
1344330 1628.5
1344340 1628.5
1344350 1632.8
1344360 1637.1
1344370 1637.1
1344380 1641.2
1344390 1645.4
1344400 1645.4
1344410 1654.4
1344420 1661.5
1344430 1661.5
1344440 1667.7
1344450 1672.2
1344460 1672.2
1344470 1677.1
1344480 1683.1
1344490 1683.1
1344500 1689.8
1344510 1697.5
1344520 1697.5
1344530 1705.2
1344540 1710.9
1344550 1710.9
1344560 1717.3
1344570 1723.7
1344580 1729.2
1344590 1729.2
1344600 1733.8
1344610 1738.1
1344620 1738.1
1344630 1742.5
1344640 1746.6
1344650 1746.6
1344660 1749.6
1344670 1752.5
1344680 1752.5
1344690 1755.8
1344700 1759.8
1344710 1759.8
1344720 1764.8
1344730 1770.9
1344740 1770.9
1344750 1776.1
1344760 1780.4
1344770 1780.4
1344780 1784.5
1344790 1788.0
1344800 1788.0
1344810 1792.3
1344820 1796.9
1344830 1800.1
1344840 1800.1
1344850 1801.8
1344860 1806.7
1344870 1806.7
1344880 1809.7
1344890 1813.5
1344900 1813.5
1344910 1818.0
1344920 1821.7
1344930 1821.7
1344940 1824.8
1344950 1828.2
1344960 1828.2
1344970 1833.9
1344980 1838.3
1344990 1838.3
1345000 1841.7
1345010 1846.1
1345020 1846.1
1345030 1850.9
1345040 1856.0
1345050 1856.0
1345060 1864.0
1345070 1872.1
1345080 1878.9
1345090 1878.9
1345100 1885.7
1345110 1893.2
1345120 1893.2
1345130 1898.2
1345140 1903.3
1345150 1903.3
1345160 1909.7
1345170 1916.0
1345180 1916.0
1345190 1922.0
1345200 1926.3
1345210 1926.3
1345220 1928.6
1345230 1930.9
1345240 1930.9
1345250 1933.7
1345260 1936.7
1345270 1936.7
1345280 1940.4
1345290 1943.9
1345300 1943.9
1345310 1945.8
1345320 1948.5
1345330 1955.2
1345340 1955.2
1345350 1958.8
1345360 1961.5
1345370 1961.5
1345380 1963.9
1345390 1965.9
1345400 1965.9
1345410 1967.8
1345420 1969.7
1345430 1969.7
1345440 1971.6
1345450 1975.7
1345460 1975.7
1345470 1979.1
1345480 1983.8
1345490 1983.8
1345500 1990.5
1345510 1995.9
1345520 1995.9
1345530 1997.5
1345540 1998.8
1345550 1998.8
1345560 2000.1
1345570 2000.0
1345580 1999.0
1345590 1999.0
1345600 1996.9
1345610 1994.3
1345620 1994.3
1345630 1991.1
1345640 1987.3
1345650 1987.3
1345660 1983.0
1345670 1979.0
1345680 1979.0
1345690 1975.3
1345700 1971.0
1345710 1971.0
1345720 1968.1
1345730 1968.0
1345740 1968.0
1345750 1969.0
1345760 1971.1
1345770 1971.1
1345780 1973.1
1345790 1975.0
1345800 1975.0
1345810 1976.4
1345820 1977.8
1345830 1978.7
1345840 1978.7
1345850 1979.6
1345860 1981.0
1345870 1981.0
1345880 1983.0
1345890 1985.7
1345900 1985.7
1345910 1989.5
1345920 1993.5
1345930 1993.5
1345940 1997.5
1345950 2000.1
1345960 2000.1
1345970 2000.8
1345980 1999.7
1345990 1999.7
1346000 1997.6
1346010 1995.6
1346020 1995.6
1346030 1997.0
1346040 1997.6
1346050 1996.8
1346060 1996.8
1346070 1992.9
1346080 1988.6
1346090 1988.6
1346100 1985.2
1346110 1982.7
1346120 1982.7
1346130 1980.8
1346140 1978.3
1346150 1978.3
1346160 1976.1
1346170 1974.5
1346180 1974.5
1346190 1972.2
1346200 1970.0
1346210 1970.0
1346220 1969.1
1346230 1968.0
1346240 1969.6
1346250 1968.0
1346260 1966.8
1346270 1966.8
1346280 1964.3
1346290 1961.8
1346300 1958.1
1346310 1958.1
1346320 1949.4
1346330 1937.1
1346340 1937.1
1346350 1927.4
1346360 1920.3
1346370 1920.3
1346380 1914.7
1346390 1908.9
1346400 1908.9
1346410 1902.1
1346420 1897.4
1346430 1897.4
1346440 1894.1
1346450 1890.6
1346460 1890.6
1346470 1887.2
1346480 1884.0
1346490 1884.0
1346500 1882.2
1346510 1880.9
1346520 1880.9
1346530 1879.1
1346540 1873.1
1346550 1865.6
1346560 1865.6
1346570 1859.5
1346580 1854.3
1346590 1854.3
1346600 1850.7
1346610 1848.1
1346620 1848.1
1346630 1846.0
1346640 1843.5
1346650 1843.5
1346660 1841.8
1346670 1841.2
1346680 1841.2
1346690 1840.3
1346700 1837.8
1346710 1837.8
1346720 1835.2
1346730 1832.4
1346740 1832.4
1346750 1829.8
1346760 1828.7
1346770 1828.7
1346780 1826.3
1346790 1820.5
1346800 1813.8
1346810 1813.8
1346820 1808.8
1346830 1806.8
1346840 1806.8
1346850 1807.4
1346860 1802.0
1346870 1802.0
1346880 1794.4
1346890 1786.2
1346900 1786.2
1346910 1779.1
1346920 1775.2
1346930 1775.2
1346940 1768.1
1346950 1759.7
1346960 1759.7
1346970 1750.5
1346980 1740.7
1346990 1740.7
1347000 1732.2
1347010 1724.3
1347020 1724.3
1347030 1715.8
1347040 1706.4
1347050 1696.8
1347060 1696.8
1347070 1688.2
1347080 1680.4
1347090 1680.4
1347100 1673.1
1347110 1665.2
1347120 1665.2
1347130 1657.4
1347140 1650.0
1347150 1650.0
1347160 1643.2
1347170 1639.7
1347180 1639.7
1347190 1632.4
1347200 1624.9
1347210 1624.9
1347220 1616.3
1347230 1607.6
1347240 1607.6
1347250 1599.1
1347260 1590.7
1347270 1590.7
1347280 1582.4
1347290 1575.4
1347300 1568.8
1347310 1568.8
1347320 1562.2
1347330 1555.5
1347340 1555.5
1347350 1549.3
1347360 1543.0
1347370 1543.0
1347380 1537.1
1347390 1531.4
1347400 1531.4
1347410 1526.2
1347420 1522.0
1347430 1522.0
1347440 1517.8
1347450 1513.0
1347460 1513.0
1347470 1508.0
1347480 1503.6
1347490 1503.6
1347500 1500.4
1347510 1496.5
1347520 1496.5
1347530 1492.4
1347540 1487.0
1347550 1481.3
1347560 1481.3
1347570 1475.7
1347580 1469.9
1347590 1469.9
1347600 1464.8
1347610 1459.8
1347620 1459.8
1347630 1454.5
1347640 1448.1
1347650 1448.1
1347660 1440.8
1347670 1433.9
1347680 1433.9
1347690 1427.4
1347700 1421.4
1347710 1421.4
1347720 1416.6
1347730 1413.8
1347740 1413.8
1347750 1412.1
1347760 1411.4
1347770 1411.4
1347780 1411.4
1347790 1411.4
1347800 1412.4
1347810 1412.4
1347820 1413.3
1347830 1412.7
1347840 1412.7
1347850 1411.4
1347860 1410.2
1347870 1410.2
1347880 1410.9
1347890 1411.1
1347900 1411.1
1347910 1411.2
1347920 1411.2
1347930 1411.2
1347940 1411.2
1347950 1411.2
1347960 1411.2
1347970 1411.2
1347980 1411.1
1347990 1411.1
1348000 1411.2
1348010 1411.2
1348020 1411.3
1348030 1411.3
1348040 1411.3
1348050 1411.3
1348060 1411.3
1348070 1411.4
1348080 1411.3
1348090 1411.4
1348100 1411.3
1348110 1411.4
1348120 1411.4
1348130 1411.5
1348140 1411.6
1348150 1411.6
1348160 1411.8
1348170 1411.8
1348180 1411.8
1348190 1411.0
1348200 1410.7
1348210 1410.7
1348220 1411.5
1348230 1411.8
1348240 1411.8
1348250 1411.7
1348260 1411.7
1348270 1412.6
1348280 1412.6
1348290 1413.9
1348300 1413.4
1348310 1413.4
1348320 1410.6
1348330 1413.1
1348340 1413.1
1348350 1416.4
1348360 1415.6
1348370 1415.6
1348380 1413.4
1348390 1414.0
1348400 1414.0
1348410 1416.0
1348420 1419.2
1348430 1419.2
1348440 1423.5
1348450 1427.9
1348460 1427.9
1348470 1432.1
1348480 1436.3
1348490 1436.3
1348500 1440.1
1348510 1446.4
1348520 1451.7
1348530 1451.7
1348540 1458.4
1348550 1462.3
1348560 1462.3
1348570 1468.4
1348580 1475.9
1348590 1475.9
1348600 1484.3
1348610 1493.5
1348620 1493.5
1348630 1504.1
1348640 1516.3
1348650 1516.3
1348660 1530.3
1348670 1543.5
1348680 1543.5
1348690 1554.6
1348700 1564.3
1348710 1564.3
1348720 1575.7
1348730 1586.4
1348740 1586.4
1348750 1597.1
1348760 1606.3
1348770 1615.9
1348780 1615.9
1348790 1623.5
1348800 1629.0
1348810 1629.0
1348820 1633.0
1348830 1642.1
1348840 1642.1
1348850 1652.4
1348860 1659.5
1348870 1659.5
1348880 1666.0
1348890 1669.7
1348900 1669.7
1348910 1674.3
1348920 1679.1
1348930 1679.1
1348940 1683.9
1348950 1689.3
1348960 1689.3
1348970 1696.4
1348980 1704.6
1348990 1704.6
1349000 1714.2
1349010 1722.8
1349020 1729.3
1349030 1729.5
1349040 1735.0
1349050 1738.5
1349060 1738.5
1349070 1741.5
1349080 1744.9
1349090 1744.9
1349100 1748.9
1349110 1752.5
1349120 1752.5
1349130 1756.3
1349140 1760.7
1349150 1760.7
1349160 1765.7
1349170 1771.4
1349180 1771.4
1349190 1776.5
1349200 1779.3
1349210 1779.3
1349220 1781.7
1349230 1786.4
1349240 1786.4
1349250 1791.4
1349260 1797.0
1349270 1802.6
1349280 1802.6
1349290 1807.8
1349300 1813.9
1349310 1813.9
1349320 1819.9
1349330 1825.7
1349340 1825.7
1349350 1831.1
1349360 1837.3
1349370 1837.3
1349380 1841.8
1349390 1843.7
1349400 1843.7
1349410 1845.8
1349420 1847.3
1349430 1847.3
1349440 1847.0
1349450 1846.0
1349460 1846.0
1349470 1847.0
1349480 1849.6
1349490 1851.1
1349500 1851.1
1349510 1852.6
1349520 1856.0
1349530 1856.0
1349540 1858.8
1349550 1857.6
1349560 1857.6
1349570 1858.1
1349580 1860.9
1349590 1860.9
1349600 1863.6
1349610 1866.3
1349620 1866.3
1349630 1868.7
1349640 1870.4
1349650 1870.4
1349660 1871.6
1349670 1872.1
1349680 1872.1
1349690 1872.1
1349700 1873.4
1349710 1873.4
1349720 1875.6
1349730 1877.5
1349740 1878.7
1349750 1878.7
1349760 1879.8
1349770 1881.4
1349780 1881.4
1349790 1884.1
1349800 1888.0
1349810 1888.0
1349820 1894.3
1349830 1901.1
1349840 1901.1
1349850 1908.0
1349860 1915.0
1349870 1915.0
1349880 1921.1
1349890 1926.3
1349900 1926.3
1349910 1931.5
1349920 1935.4
1349930 1935.4
1349940 1938.7
1349950 1941.2
1349960 1941.2
1349970 1945.6
1349980 1947.8
1349990 1950.0
1350000 1950.0
1350010 1951.6
1350020 1951.7
1350030 1951.7
1350040 1951.4
1350050 1951.5
1350060 1951.5
1350070 1951.8
1350080 1952.4
1350090 1952.4
1350100 1952.7
1350110 1952.7
1350120 1952.7
1350130 1953.4
1350140 1954.7
1350150 1954.7
1350160 1955.6
1350170 1957.4
1350180 1957.4
1350190 1959.6
1350200 1962.9
1350210 1962.9
1350220 1966.4
1350230 1971.0
1350240 1975.5
1350250 1975.5
1350260 1979.9
1350270 1983.5
1350280 1983.5
1350290 1985.9
1350300 1988.2
1350310 1988.2
1350320 1989.4
1350330 1989.0
1350340 1989.0
1350350 1990.2
1350360 1991.8
1350370 1991.8
1350380 1992.9
1350390 1993.4
1350400 1993.4
1350410 1993.1
1350420 1991.4
1350430 1991.4
1350440 1988.5
1350450 1986.3
1350460 1986.3
1350470 1984.6
1350480 1983.2
1350490 1981.8
1350500 1981.8
1350510 1980.5
1350520 1980.1
1350530 1980.1
1350540 1980.5
1350550 1979.8
1350560 1979.8
1350570 1978.3
1350580 1976.2
1350590 1976.2
1350600 1972.8
1350610 1968.9
1350620 1968.9
1350630 1964.9
1350640 1960.5
1350650 1960.5
1350660 1956.5
1350670 1953.0
1350680 1953.0
1350690 1948.8
1350700 1944.1
1350710 1944.1
1350720 1939.0
1350730 1933.9
1350740 1928.5
1350750 1928.5
1350760 1923.1
1350770 1919.0
1350780 1919.0
1350790 1914.4
1350800 1910.0
1350810 1910.0
1350820 1905.5
1350830 1901.1
1350840 1901.1
1350850 1896.6
1350860 1892.3
1350870 1892.3
1350880 1887.8
1350890 1883.0
1350900 1883.0
1350910 1878.0
1350920 1880.4
1350930 1880.4
1350940 1876.9
1350950 1873.2
1350960 1869.4
1350970 1869.4
1350980 1865.0
1350990 1861.0
1351000 1861.0
1351010 1857.2
1351020 1854.8
1351030 1854.8
1351040 1853.7
1351050 1851.9
1351060 1851.9
1351070 1849.5
1351080 1845.6
1351090 1845.6
1351100 1840.2
1351110 1837.5
1351120 1837.5
1351130 1836.8
1351140 1835.7
1351150 1835.7
1351160 1833.4
1351170 1831.0
1351180 1831.0
1351190 1827.7
1351200 1826.0
1351210 1827.8
1351220 1827.8
1351230 1828.8
1351240 1828.8
1351250 1828.8
1351260 1828.0
1351270 1828.4
1351280 1828.4
1351290 1829.8
1351300 1830.8
1351310 1830.8
1351320 1832.4
1351330 1834.1
1351340 1834.1
1351350 1836.2
1351360 1838.6
1351370 1838.6
1351380 1841.0
1351390 1843.2
1351400 1843.2
1351410 1845.0
1351420 1847.9
1351430 1847.9
1351440 1852.2
1351450 1855.6
1351460 1857.3
1351470 1857.3
1351480 1859.6
1351490 1862.1
1351500 1862.1
1351510 1865.0
1351520 1866.0
1351530 1866.0
1351540 1866.2
1351550 1865.9
1351560 1865.9
1351570 1865.6
1351580 1866.3
1351590 1866.3
1351600 1867.4
1351610 1869.6
1351620 1869.6
1351630 1871.9
1351640 1873.3
1351650 1873.3
1351660 1874.4
1351670 1876.3
1351680 1876.3
1351690 1878.6
1351700 1880.5
1351710 1885.3
1351720 1885.3
1351730 1889.8
1351740 1893.1
1351750 1893.1
1351760 1894.6
1351770 1894.4
1351780 1894.4
1351790 1891.4
1351800 1887.6
1351810 1887.6
1351820 1882.9
1351830 1879.3
1351840 1879.3
1351850 1874.0
1351860 1870.2
1351870 1870.2
1351880 1866.4
1351890 1863.2
1351900 1863.2
1351910 1859.0
1351920 1855.0
1351930 1855.0
1351940 1851.4
1351950 1847.0
1351960 1842.1
1351970 1842.1
1351980 1837.4
1351990 1835.0
1352000 1835.0
1352010 1841.7
1352020 1849.1
1352030 1849.1
1352040 1852.6
1352050 1854.1
1352060 1854.1
1352070 1855.5
1352080 1857.2
1352090 1857.2
1352100 1858.3
1352110 1857.4
1352120 1857.4
1352130 1855.6
1352140 1858.5
1352150 1858.5
1352160 1864.6
1352170 1869.9
1352180 1869.9
1352190 1890.2
1352200 1916.0
1352210 1930.4
1352220 1930.4
1352230 1936.0
1352240 1936.6
1352250 1936.6
1352260 1931.2
1352270 1928.6
1352280 1928.6
1352290 1926.6
1352300 1925.3
1352310 1925.3
1352320 1923.2
1352330 1921.3
1352340 1921.3
1352350 1921.6
1352360 1921.3
1352370 1921.3
1352380 1919.6
1352390 1920.0
1352400 1920.0
1352410 1918.9
1352420 1917.0
1352430 1917.0
1352440 1917.0
1352450 1917.6
1352460 1918.8
1352470 1918.8
1352480 1920.2
1352490 1919.3
1352500 1919.3
1352510 1916.8
1352520 1916.1
1352530 1916.1
1352540 1919.0
1352550 1922.1
1352560 1922.1
1352570 1927.1
1352580 1926.9
1352590 1926.9
1352600 1925.7
1352610 1923.2
1352620 1923.2
1352630 1918.0
1352640 1912.2
1352650 1912.2
1352660 1908.2
1352670 1905.7
1352680 1903.2
1352690 1903.2
1352700 1899.2
1352710 1894.8
1352720 1894.8
1352730 1889.6
1352740 1883.8
1352750 1883.8
1352760 1876.4
1352770 1870.2
1352780 1870.2
1352790 1865.0
1352800 1860.5
1352810 1860.5
1352820 1854.0
1352830 1847.8
1352840 1851.9
1352850 1847.7
1352860 1840.6
1352870 1840.6
1352880 1829.5
1352890 1823.7
1352900 1823.7
1352910 1814.3
1352920 1808.7
1352930 1802.7
1352940 1802.7
1352950 1796.7
1352960 1789.7
1352970 1789.7
1352980 1784.7
1352990 1777.0
1353000 1777.0
1353010 1767.7
1353020 1759.3
1353030 1759.3
1353040 1752.2
1353050 1745.1
1353060 1745.1
1353070 1737.6
1353080 1730.6
1353090 1730.6
1353100 1724.0
1353110 1718.0
1353120 1718.0
1353130 1710.2
1353140 1704.3
1353150 1704.3
1353160 1697.1
1353170 1690.3
1353180 1683.6
1353190 1683.6
1353200 1673.6
1353210 1667.3
1353220 1667.3
1353230 1661.3
1353240 1656.2
1353250 1656.2
1353260 1650.9
1353270 1644.1
1353280 1644.1
1353290 1632.8
1353300 1622.9
1353310 1622.9
1353320 1617.8
1353330 1613.3
1353340 1613.3
1353350 1607.0
1353360 1598.8
1353370 1598.8
1353380 1590.3
1353390 1583.1
1353400 1583.1
1353410 1576.0
1353420 1568.9
1353430 1561.9
1353440 1561.9
1353450 1554.1
1353460 1545.4
1353470 1545.4
1353480 1537.7
1353490 1533.0
1353500 1533.0
1353510 1526.0
1353520 1516.9
1353530 1516.9
1353540 1507.7
1353550 1500.6
1353560 1500.6
1353570 1493.0
1353580 1486.0
1353590 1486.0
1353600 1479.6
1353610 1474.0
1353620 1474.0
1353630 1468.6
1353640 1461.0
1353650 1461.0
1353660 1452.9
1353670 1445.6
1353680 1439.8
1353690 1439.8
1353700 1435.5
1353710 1429.8
1353720 1429.8
1353730 1422.4
1353740 1415.6
1353750 1415.6
1353760 1408.0
1353770 1400.7
1353780 1400.7
1353790 1393.6
1353800 1386.7
1353810 1387.9
1353820 1380.7
1353830 1373.3
1353840 1373.3
1353850 1366.7
1353860 1359.4
1353870 1359.4
1353880 1352.2
1353890 1346.6
1353900 1346.6
1353910 1342.2
1353920 1339.9
1353930 1335.9
1353940 1335.9
1353950 1319.0
1353960 1309.9
1353970 1309.9
1353980 1302.9
1353990 1296.3
1354000 1296.3
1354010 1288.8
1354020 1280.8
1354030 1280.8
1354040 1267.3
1354050 1261.1
1354060 1261.1
1354070 1254.0
1354080 1246.9
1354090 1246.9
1354100 1240.7
1354110 1234.4
1354120 1234.4
1354130 1228.5
1354140 1220.9
1354150 1212.1
1354160 1212.1
1354170 1203.0
1354180 1193.6
1354190 1193.6
1354200 1185.9
1354210 1180.1
1354220 1180.1
1354230 1172.3
1354240 1165.2
1354250 1165.2
1354260 1157.6
1354270 1150.5
1354280 1150.5
1354290 1143.1
1354300 1135.5
1354310 1135.5
1354320 1128.0
1354330 1123.1
1354340 1123.1
1354350 1119.9
1354360 1115.1
1354370 1115.1
1354380 1112.8
1354390 1110.1
1354400 1110.0
1354410 1110.0
1354420 1105.0
1354430 1098.6
1354440 1098.6
1354450 1095.3
1354460 1093.3
1354470 1093.3
1354480 1090.1
1354490 1085.6
1354500 1085.6
1354510 1081.7
1354520 1080.4
1354530 1080.4
1354540 1078.5
1354550 1076.0
1354560 1076.0
1354570 1074.7
1354580 1072.6
1354590 1072.6
1354600 1072.5
1354610 1071.0
1354620 1071.0
1354630 1068.6
1354640 1067.2
1354650 1065.7
1354660 1065.7
1354670 1064.0
1354680 1063.4
1354690 1063.4
1354700 1062.8
1354710 1063.0
1354720 1063.0
1354730 1063.1
1354740 1063.1
1354750 1063.1
1354760 1062.2
1354770 1061.9
1354780 1061.9
1354790 1062.1
1354800 1062.4
1354810 1062.4
1354820 1062.8
1354830 1062.5
1354840 1062.5
1354850 1062.1
1354860 1061.8
1354870 1061.8
1354880 1061.5
1354890 1062.8
1354900 1065.4
1354910 1065.4
1354920 1066.2
1354930 1067.0
1354940 1067.0
1354950 1067.5
1354960 1068.0
1354970 1068.0
1354980 1069.0
1354990 1070.3
1355000 1070.3
1355010 1073.7
1355020 1075.3
1355030 1075.3
1355040 1076.4
1355050 1077.3
1355060 1077.3
1355070 1078.3
1355080 1081.8
1355090 1081.8
1355100 1086.0
1355110 1089.3
1355120 1089.3
1355130 1092.6
1355140 1095.9
1355150 1098.5
1355160 1098.5
1355170 1100.6
1355180 1103.1
1355190 1103.1
1355200 1106.9
1355210 1109.6
1355220 1109.6
1355230 1111.5
1355240 1112.7
1355250 1112.7
1355260 1116.0
1355270 1118.8
1355280 1118.8
1355290 1121.3
1355300 1124.0
1355310 1124.0
1355320 1125.6
1355330 1128.1
1355340 1128.1
1355350 1131.4
1355360 1134.1
1355370 1134.1
1355380 1137.0
1355390 1141.5
1355400 1144.6
1355410 1144.6
1355420 1147.6
1355430 1151.9
1355440 1151.9
1355450 1156.1
1355460 1160.5
1355470 1160.5
1355480 1163.6
1355490 1167.1
1355500 1167.1
1355510 1171.1
1355520 1175.8
1355530 1175.8
1355540 1180.4
1355550 1185.3
1355560 1185.3
1355570 1191.8
1355580 1198.2
1355590 1198.2
1355600 1205.9
1355610 1214.1
1355620 1214.1
1355630 1220.8
1355640 1228.6
1355650 1235.3
1355660 1235.3
1355670 1241.9
1355680 1247.4
1355690 1247.4
1355700 1249.7
1355710 1254.0
1355720 1254.0
1355730 1262.0
1355740 1274.6
1355750 1274.6
1355760 1281.9
1355770 1293.8
1355780 1293.8
1355790 1302.0
1355800 1326.1
1355810 1326.1
1355820 1340.8
1355830 1345.1
1355840 1345.1
1355850 1349.6
1355860 1356.0
1355870 1369.2
1355880 1369.2
1355890 1382.4
1355900 1403.5
1355910 1403.5
1355920 1420.0
1355930 1431.2
1355940 1431.2
1355950 1435.9
1355960 1438.9
1355970 1438.9
1355980 1438.5
1355990 1438.3
1356000 1438.3
1356010 1439.8
1356020 1441.0
1356030 1441.0
1356040 1444.2
1356050 1445.2
1356060 1445.2
1356070 1444.8
1356080 1446.9
1356090 1446.9
1356100 1455.8
1356110 1466.0
1356120 1470.9
1356130 1470.9
1356140 1475.7
1356150 1481.3
1356160 1481.3
1356170 1486.8
1356180 1491.8
1356190 1491.8
1356200 1495.9
1356210 1500.5
1356220 1500.5
1356230 1505.4
1356240 1511.4
1356250 1511.4
1356260 1519.3
1356270 1526.5
1356280 1526.5
1356290 1533.6
1356300 1540.2
1356310 1540.2
1356320 1550.3
1356330 1562.2
1356340 1562.2
1356350 1570.8
1356360 1579.8
1356370 1588.6
1356380 1588.6
1356390 1598.4
1356400 1613.2
1356410 1613.2
1356420 1627.3
1356430 1645.9
1356440 1645.9
1356450 1657.3
1356460 1667.1
1356470 1667.1
1356480 1674.6
1356490 1681.1
1356500 1681.1
1356510 1692.1
1356520 1702.7
1356530 1702.7
1356540 1709.4
1356550 1718.8
1356560 1718.8
1356570 1731.8
1356580 1743.5
1356590 1743.5
1356600 1754.1
1356610 1761.2
1356620 1767.1
1356630 1767.1
1356640 1772.4
1356650 1777.5
1356660 1777.5
1356670 1779.5
1356680 1777.4
1356690 1777.4
1356700 1774.9
1356710 1779.9
1356720 1779.9
1356730 1787.7
1356740 1791.7
1356750 1791.7
1356760 1801.8
1356770 1803.5
1356780 1803.5
1356790 1804.0
1356800 1804.7
1356810 1804.7
1356820 1809.6
1356830 1817.9
1356840 1817.9
1356850 1825.9
1356860 1833.1
1356870 1840.4
1356880 1840.4
1356890 1847.3
1356900 1854.3
1356910 1854.3
1356920 1861.1
1356930 1867.8
1356940 1867.8
1356950 1871.9
1356960 1877.4
1356970 1877.4
1356980 1880.0
1356990 1883.0
1357000 1883.0
1357010 1887.8
1357020 1895.4
1357030 1895.4
1357040 1904.9
1357050 1908.3
1357060 1908.3
1357070 1913.4
1357080 1918.1
1357090 1918.1
1357100 1922.3
1357110 1927.0
1357120 1931.8
1357130 1931.8
1357140 1937.5
1357150 1945.3
1357160 1945.3
1357170 1955.3
1357180 1965.3
1357190 1965.3
1357200 1974.3
1357210 1979.5
1357220 1979.5
1357230 1977.8
1357240 1973.9
1357250 1973.9
1357260 1970.2
1357270 1969.5
1357280 1969.5
1357290 1964.9
1357300 1957.9
1357310 1957.9
1357320 1952.7
1357330 1951.1
1357340 1951.6
1357350 1951.6
1357360 1952.9
1357370 1954.2
1357380 1954.2
1357390 1955.8
1357400 1955.3
1357410 1955.3
1357420 1953.5
1357430 1952.6
1357440 1952.6
1357450 1949.5
1357460 1943.9
1357470 1943.9
1357480 1941.4
1357490 1937.2
1357500 1937.2
1357510 1932.3
1357520 1929.0
1357530 1929.0
1357540 1926.0
1357550 1922.1
1357560 1922.1
1357570 1918.0
1357580 1914.1
1357590 1910.6
1357600 1910.6
1357610 1907.6
1357620 1902.5
1357630 1902.5
1357640 1895.9
1357650 1889.0
1357660 1889.0
1357670 1882.7
1357680 1876.6
1357690 1876.6
1357700 1870.0
1357710 1863.3
1357720 1863.3
1357730 1858.0
1357740 1855.0
1357750 1855.0
1357760 1858.4
1357770 1858.4
1357780 1858.4
1357790 1860.0
1357800 1864.1
1357810 1864.1
1357820 1868.4
1357830 1873.2
1357840 1879.5
1357850 1879.5
1357860 1885.8
1357870 1889.3
1357880 1889.3
1357890 1889.6
1357900 1890.7
1357910 1890.7
1357920 1888.5
1357930 1885.0
1357940 1885.0
1357950 1886.3
1357960 1886.3
1357970 1886.3
1357980 1883.2
1357990 1878.3
1358000 1878.3
1358010 1876.0
1358020 1874.9
1358030 1874.9
1358040 1873.1
1358050 1873.4
1358060 1873.4
1358070 1874.0
1358080 1872.9
1358090 1874.0
1358100 1874.0
1358110 1878.4
1358120 1882.9
1358130 1882.9
1358140 1886.0
1358150 1886.9
1358160 1886.9
1358170 1887.3
1358180 1888.1
1358190 1888.1
1358200 1887.6
1358210 1888.0
1358220 1888.0
1358230 1889.2
1358240 1889.4
1358250 1889.4
1358260 1890.9
1358270 1892.4
1358280 1892.4
1358290 1894.1
1358300 1895.8
1358310 1895.8
1358320 1897.5
1358330 1900.4
1358340 1902.4
1358350 1902.4
1358360 1905.1
1358370 1908.5
1358380 1908.5
1358390 1913.0
1358400 1917.4
1358410 1917.4
1358420 1922.6
1358430 1928.8
1358440 1928.8
1358450 1935.2
1358460 1941.9
1358470 1941.9
1358480 1949.2
1358490 1956.2
1358500 1956.2
1358510 1962.3
1358520 1968.5
1358530 1968.5
1358540 1974.9
1358550 1980.4
1358560 1980.4
1358570 1986.4
1358580 1992.4
1358590 1998.2
1358600 1998.2
1358610 2004.9
1358620 2013.4
1358630 2013.4
1358640 2023.1
1358650 2037.3
1358660 2037.3
1358670 2049.1
1358680 2058.9
1358690 2058.9
1358700 2064.0
1358710 2073.5
1358720 2073.5
1358730 2082.6
1358740 2092.2
1358750 2092.2
1358760 2097.4
1358770 2109.8
1358780 2109.8
1358790 2108.0
1358800 2110.2
1358810 2110.2
1358820 2115.7
1358830 2122.6
1358840 2129.1
1358850 2129.1
1358860 2134.3
1358870 2142.7
1358880 2142.7
1358890 2153.7
1358900 2165.3
1358910 2165.3
1358920 2175.8
1358930 2185.9
1358940 2185.9
1358950 2204.1
1358960 2234.6
1358970 2234.6
1358980 2253.0
1358990 2251.0
1359000 2251.0
1359010 2246.6
1359020 2242.1
1359030 2242.1
1359040 2237.2
1359050 2231.1
1359060 2222.6
1359070 2222.6
1359080 2215.9
1359090 2208.3
1359100 2208.3
1359110 2201.8
1359120 2196.1
1359130 2196.1
1359140 2190.5
1359150 2184.5
1359160 2184.5
1359170 2178.2
1359180 2171.7
1359190 2171.7
1359200 2165.2
1359210 2160.1
1359220 2160.1
1359230 2155.3
1359240 2150.7
1359250 2150.7
1359260 2145.2
1359270 2138.3
1359280 2138.3
1359290 2132.1
1359300 2125.4
1359310 2118.8
1359320 2118.8
1359330 2113.7
1359340 2108.4
1359350 2108.4
1359360 2103.9
1359370 2099.7
1359380 2099.7
1359390 2094.6
1359400 2090.3
1359410 2090.3
1359420 2088.1
1359430 2085.8
1359440 2085.8
1359450 2082.3
1359460 2075.2
1359470 2075.2
1359480 2066.6
1359490 2059.1
1359500 2059.1
1359510 2052.1
1359520 2045.3
1359530 2045.3
1359540 2038.5
1359550 2034.5
1359560 2032.5
1359570 2032.5
1359580 2027.8
1359590 2023.7
1359600 2023.7
1359610 2018.9
1359620 2013.6
1359630 2013.6
1359640 2006.6
1359650 1999.2
1359660 1999.2
1359670 1990.7
1359680 1982.6
1359690 1982.6
1359700 1975.6
1359710 1969.8
1359720 1969.8
1359730 1963.6
1359740 1955.8
1359750 1955.8
1359760 1949.3
1359770 1947.9
1359780 1947.9
1359790 1943.6
1359800 1941.4
1359810 1938.5
1359820 1938.5
1359830 1936.0
1359840 1931.9
1359850 1931.9
1359860 1928.8
1359870 1925.9
1359880 1925.9
1359890 1923.7
1359900 1922.8
1359910 1922.8
1359920 1922.0
1359930 1921.0
1359940 1921.0
1359950 1920.6
1359960 1920.5
1359970 1920.5
1359980 1920.7
1359990 1921.1
