1340000 1897.0
1340010 1897.0
1340020 1900.0
1340030 1902.5
1340040 1902.5
1340050 1905.0
1340060 1908.1
1340070 1908.1
1340080 1911.7
1340090 1914.4
1340100 1914.4
1340110 1915.6
1340120 1916.5
1340130 1916.5
1340140 1917.5
1340150 1918.2
1340160 1918.2
1340170 1919.1
1340180 1919.2
1340190 1919.0
1340200 1919.0
1340210 1923.6
1340220 1923.5
1340230 1923.5
1340240 1923.6
1340250 1924.0
1340260 1924.0
1340270 1924.7
1340280 1925.6
1340290 1925.6
1340300 1926.9
1340310 1928.9
1340320 1928.9
1340330 1930.3
1340340 1931.4
1340350 1931.4
1340360 1933.3
1340370 1935.1
1340380 1935.1
1340390 1937.2
1340400 1938.8
1340410 1938.8
1340420 1940.3
1340430 1942.0
1340440 1943.5
1340450 1943.5
1340460 1945.6
1340470 1947.9
1340480 1947.9
1340490 1950.5
1340500 1953.3
1340510 1953.3
1340520 1956.5
1340530 1959.5
1340540 1959.5
1340550 1962.0
1340560 1966.3
1340570 1966.3
1340580 1970.1
1340590 1973.4
1340600 1973.4
1340610 1976.5
1340620 1979.7
1340630 1979.7
1340640 1982.7
1340650 1985.9
1340660 1985.9
1340670 1988.9
1340680 1992.2
1340690 1996.1
1340700 1996.1
1340710 2000.9
1340720 2004.4
1340730 2004.4
1340740 2006.3
1340750 2007.1
1340760 2007.1
1340770 2006.6
1340780 2005.2
1340790 2005.2
1340800 2002.7
1340810 1997.5
1340820 1997.5
1340830 1990.2
1340840 1984.6
1340850 1984.6
1340860 1982.3
1340870 1981.4
1340880 1981.4
1340890 1980.5
1340900 1979.6
1340910 1979.6
1340920 1979.4
1340930 1979.4
1340940 1978.3
1340950 1978.3
1340960 1972.9
1340970 1966.1
1340980 1966.1
1340990 1958.3
1341000 1950.4
1341010 1950.4
1341020 1945.0
1341030 1940.9
1341040 1940.9
1341050 1937.8
1341060 1934.2
1341070 1934.2
1341080 1930.1
1341090 1929.5
1341100 1929.5
1341110 1925.4
1341120 1921.1
1341130 1921.1
1341140 1917.0
1341150 1912.2
1341160 1907.8
1341170 1907.8
1341180 1904.4
1341190 1900.6
1341200 1900.6
1341210 1895.7
1341220 1892.1
1341230 1892.1
1341240 1889.3
1341250 1885.6
1341260 1885.6
1341270 1880.3
1341280 1875.3
1341290 1875.3
1341300 1871.1
1341310 1867.0
1341320 1867.0
1341330 1861.7
1341340 1855.9
1341350 1855.9
1341360 1850.0
1341370 1845.1
1341380 1845.1
1341390 1841.6
1341400 1840.8
1341410 1841.0
1341420 1841.0
1341430 1840.5
1341440 1836.7
1341450 1836.7
1341460 1831.7
1341470 1826.8
1341480 1826.8
1341490 1822.7
1341500 1821.3
1341510 1821.3
1341520 1818.3
1341530 1814.4
1341540 1814.4
1341550 1809.7
1341560 1803.9
1341570 1803.9
1341580 1798.0
1341590 1791.9
1341600 1791.9
1341610 1785.6
1341620 1779.3
1341630 1779.3
1341640 1772.7
1341650 1766.1
1341660 1759.4
1341670 1759.4
1341680 1752.1
1341690 1745.1
1341700 1745.1
1341710 1738.6
1341720 1733.2
1341730 1733.2
1341740 1729.1
1341750 1726.4
1341760 1726.4
1341770 1723.0
1341780 1720.1
1341790 1720.1
1341800 1719.2
1341810 1717.8
1341820 1717.8
1341830 1715.3
1341840 1712.5
1341850 1712.5
1341860 1709.0
1341870 1704.1
1341880 1704.1
1341890 1699.6
1341900 1695.6
1341910 1691.6
1341920 1691.6
1341930 1685.8
1341940 1679.8
1341950 1679.8
1341960 1675.9
1341970 1674.0
1341980 1671.8
1341990 1669.5
1342000 1667.1
1342010 1667.1
1342020 1664.6
1342030 1662.5
1342040 1662.5
1342050 1660.1
1342060 1655.9
1342070 1655.9
1342080 1651.6
1342090 1647.6
1342100 1647.6
1342110 1642.5
1342120 1638.2
1342130 1638.2
1342140 1633.8
1342150 1629.9
1342160 1625.7
1342170 1625.7
1342180 1621.0
1342190 1617.0
1342200 1617.0
1342210 1614.7
1342220 1612.5
1342230 1612.5
1342240 1609.6
1342250 1604.7
1342260 1604.7
1342270 1598.3
1342280 1594.4
1342290 1594.4
1342300 1590.5
1342310 1585.8
1342320 1585.8
1342330 1580.0
1342340 1576.9
1342350 1576.9
1342360 1573.3
1342370 1569.0
1342380 1569.0
1342390 1564.7
1342400 1560.0
1342410 1555.8
1342420 1555.8
1342430 1552.7
1342440 1549.4
1342450 1549.4
1342460 1545.0
1342470 1541.5
1342480 1541.5
1342490 1538.8
1342500 1536.7
1342510 1536.7
1342520 1534.8
1342530 1532.9
1342540 1532.9
1342550 1531.1
1342560 1529.4
1342570 1529.4
1342580 1527.1
1342590 1524.3
1342600 1524.3
1342610 1520.6
1342620 1516.0
1342630 1512.3
1342640 1512.3
1342650 1509.4
1342660 1506.6
1342670 1506.6
1342680 1503.4
1342690 1500.5
1342700 1500.5
1342710 1497.7
1342720 1495.3
1342730 1495.3
1342740 1493.1
1342750 1491.0
1342760 1491.0
1342770 1488.1
1342780 1485.2
1342790 1485.2
1342800 1482.1
1342810 1479.2
1342820 1479.2
1342830 1476.9
1342840 1474.3
1342850 1474.3
1342860 1470.8
1342870 1467.7
1342880 1466.1
1342890 1466.1
1342900 1463.5
1342910 1462.8
1342920 1462.8
1342930 1462.4
1342940 1461.4
1342950 1461.4
1342960 1460.2
1342970 1458.5
1342980 1458.5
1342990 1454.5
1343000 1448.8
1343010 1448.8
1343020 1442.7
1343030 1435.9
1343040 1435.9
1343050 1431.0
1343060 1427.3
1343070 1427.3
1343080 1423.6
1343090 1418.4
1343100 1418.4
1343110 1413.2
1343120 1408.7
1343130 1403.9
1343140 1403.9
1343150 1398.5
1343160 1393.0
1343170 1393.0
1343180 1386.9
1343190 1380.4
1343200 1380.4
1343210 1372.6
1343220 1364.6
1343230 1364.6
1343240 1360.1
1343250 1359.4
1343260 1359.4
1343270 1360.8
1343280 1362.2
1343290 1362.2
1343300 1363.3
1343310 1366.4
1343320 1366.4
1343330 1368.1
1343340 1368.9
1343350 1368.9
1343360 1369.6
1343370 1371.1
1343380 1372.9
1343390 1372.9
1343400 1375.0
1343410 1377.3
1343420 1377.3
1343430 1379.7
1343440 1382.0
1343450 1382.0
1343460 1384.2
1343470 1385.6
1343480 1385.6
1343490 1388.5
1343500 1393.3
1343510 1393.3
1343520 1397.6
1343530 1400.1
1343540 1400.1
1343550 1401.8
1343560 1404.0
1343570 1404.0
1343580 1406.9
1343590 1411.0
1343600 1411.0
1343610 1415.2
1343620 1417.6
1343630 1417.9
1343640 1417.9
1343650 1420.1
1343660 1425.9
1343670 1425.9
1343680 1430.0
1343690 1433.6
1343700 1433.6
1343710 1438.2
1343720 1442.3
1343730 1442.3
1343740 1446.9
1343750 1454.7
1343760 1454.7
1343770 1459.7
1343780 1468.1
1343790 1468.1
1343800 1473.6
1343810 1479.1
1343820 1479.1
1343830 1483.9
1343840 1488.7
1343850 1488.7
1343860 1493.4
1343870 1498.1
1343880 1502.3
1343890 1502.3
1343900 1506.2
1343910 1509.9
1343920 1509.9
1343930 1514.0
1343940 1517.2
1343950 1517.2
1343960 1520.5
1343970 1524.1
1343980 1524.1
1343990 1528.3
1344000 1533.6
1344010 1533.6
1344020 1539.4
1344030 1546.1
1344040 1546.1
1344050 1552.7
1344060 1559.1
1344070 1559.1
1344080 1564.5
1344090 1569.6
1344100 1573.8
1344110 1573.8
1344120 1577.9
1344130 1582.6
1344140 1582.6
1344150 1588.2
1344160 1593.6
1344170 1593.6
1344180 1598.6
1344190 1603.4
1344200 1603.4
1344210 1607.4
1344220 1611.3
1344230 1611.3
1344240 1615.1
1344250 1618.9
1344260 1618.9
1344270 1622.8
1344280 1626.3
1344290 1626.3
1344300 1630.0
1344310 1632.5
1344320 1632.5
1344330 1633.9
1344340 1634.0
1344350 1635.1
1344360 1635.1
1344370 1635.8
1344380 1640.6
1344390 1640.6
1344400 1648.3
1344410 1655.8
1344420 1655.8
1344430 1664.3
1344440 1673.2
1344450 1673.2
1344460 1680.1
1344470 1686.6
1344480 1686.6
1344490 1692.5
1344500 1698.4
1344510 1698.4
1344520 1704.3
1344530 1709.6
1344540 1709.6
1344550 1714.8
1344560 1720.0
1344570 1720.0
1344580 1725.2
1344590 1730.0
1344600 1735.8
1344610 1735.8
1344620 1742.5
1344630 1749.9
1344640 1749.9
1344650 1756.7
1344660 1762.7
1344670 1762.7
1344680 1768.7
1344690 1772.0
1344700 1772.0
1344710 1777.1
1344720 1782.7
1344730 1782.7
1344740 1788.8
1344750 1794.8
1344760 1794.8
1344770 1800.9
1344780 1806.5
1344790 1806.5
1344800 1812.5
1344810 1818.8
1344820 1818.8
1344830 1824.8
1344840 1830.6
1344850 1836.8
1344860 1836.8
1344870 1843.7
1344880 1850.5
1344890 1850.5
1344900 1856.5
1344910 1862.3
1344920 1862.3
1344930 1867.6
1344940 1873.0
1344950 1873.0
1344960 1878.8
1344970 1884.3
1344980 1884.3
1344990 1889.1
1345000 1893.5
1345010 1893.5
1345020 1898.2
1345030 1903.9
1345040 1903.9
1345050 1911.0
1345060 1918.3
1345070 1918.3
1345080 1924.0
1345090 1928.2
1345100 1934.1
1345110 1934.1
1345120 1941.4
1345130 1947.7
1345140 1947.7
1345150 1951.7
1345160 1955.6
1345170 1955.6
1345180 1961.0
1345190 1966.3
1345200 1966.3
1345210 1971.4
1345220 1974.9
1345230 1974.9
1345240 1978.3
1345250 1982.6
1345260 1982.6
1345270 1986.8
1345280 1989.2
1345290 1989.2
1345300 1991.2
1345310 1996.5
1345320 1996.5
1345330 2001.7
1345340 2002.5
1345350 2005.3
1345360 2005.3
1345370 2010.5
1345380 2016.0
1345390 2016.0
1345400 2021.4
1345410 2025.8
1345420 2025.8
1345430 2029.6
1345440 2032.1
1345450 2032.1
1345460 2033.7
1345470 2038.5
1345480 2038.5
1345490 2044.4
1345500 2048.0
1345510 2048.0
1345520 2048.5
1345530 2051.6
1345540 2051.6
1345550 2053.0
1345560 2054.4
1345570 2055.5
1345580 2055.5
1345590 2055.9
1345600 2058.1
1345610 2058.1
1345620 2056.3
1345630 2053.7
1345640 2053.7
1345650 2055.4
1345660 2059.9
1345670 2059.9
1345680 2063.5
1345690 2065.5
1345700 2065.5
1345710 2069.4
1345720 2071.8
1345730 2071.8
1345740 2071.3
1345750 2070.9
1345760 2070.9
1345770 2070.8
1345780 2071.1
1345790 2071.1
1345800 2072.6
1345810 2075.5
1345820 2076.1
1345830 2076.1
1345840 2075.6
1345850 2073.6
1345860 2073.6
1345870 2071.1
1345880 2070.0
1345890 2070.0
1345900 2069.9
1345910 2069.9
1345920 2069.9
1345930 2071.5
1345940 2074.6
1345950 2074.6
1345960 2078.9
1345970 2082.1
1345980 2082.1
1345990 2083.7
1346000 2083.9
1346010 2083.9
1346020 2083.0
1346030 2080.8
1346040 2080.8
1346050 2077.5
1346060 2071.9
1346070 2064.5
1346080 2064.5
1346090 2056.0
1346100 2049.1
1346110 2049.1
1346120 2043.0
1346130 2037.5
1346140 2037.5
1346150 2031.5
1346160 2025.1
1346170 2025.1
1346180 2018.0
1346190 2011.1
1346200 2011.1
1346210 2004.8
1346220 1998.8
1346230 1998.8
1346240 1993.2
1346250 1986.9
1346260 1986.9
1346270 1980.5
1346280 1974.2
1346290 1974.2
1346300 1968.3
1346310 1963.0
1346320 1957.8
1346330 1957.8
1346340 1952.2
1346350 1946.7
1346360 1946.7
1346370 1941.6
1346380 1936.8
1346390 1936.8
1346400 1932.6
1346410 1928.1
1346420 1928.1
1346430 1923.6
1346440 1920.0
1346450 1920.0
1346460 1916.5
1346470 1913.5
1346480 1913.5
1346490 1910.1
1346500 1907.5
1346510 1907.5
1346520 1900.2
1346530 1895.0
1346540 1895.0
1346550 1889.4
1346560 1883.8
1346570 1879.3
1346580 1879.3
1346590 1875.4
1346600 1871.1
1346610 1871.1
1346620 1866.9
1346630 1862.3
1346640 1862.3
1346650 1857.9
1346660 1853.5
1346670 1853.5
1346680 1848.4
1346690 1843.2
1346700 1843.2
1346710 1838.7
1346720 1833.1
1346730 1833.1
1346740 1826.7
1346750 1820.0
1346760 1820.0
1346770 1813.5
1346780 1806.4
1346790 1806.4
1346800 1799.4
1346810 1792.3
1346820 1785.5
1346830 1785.5
1346840 1778.4
1346850 1771.8
1346860 1771.8
1346870 1765.6
1346880 1759.3
1346890 1759.3
1346900 1752.8
1346910 1744.7
1346920 1744.7
1346930 1735.8
1346940 1726.1
1346950 1726.1
1346960 1716.6
1346970 1710.7
1346980 1710.7
1346990 1706.8
1347000 1702.7
1347010 1702.7
1347020 1698.4
1347030 1693.7
1347040 1689.5
1347050 1689.5
1347060 1686.4
1347070 1684.3
1347080 1684.3
1347090 1679.0
1347100 1670.7
1347110 1670.7
1347120 1664.2
1347130 1661.6
1347140 1661.6
1347150 1660.9
1347160 1654.3
1347170 1654.3
1347180 1648.5
1347190 1643.4
1347200 1643.4
1347210 1639.3
1347220 1634.4
1347230 1634.4
1347240 1628.4
1347250 1621.4
1347260 1621.4
1347270 1615.2
1347280 1609.7
1347290 1605.7
1347300 1605.7
1347310 1601.8
1347320 1596.3
1347330 1596.3
1347340 1590.3
1347350 1582.8
1347360 1582.8
1347370 1574.4
1347380 1567.4
1347390 1567.4
1347400 1560.4
1347410 1551.3
1347420 1551.3
1347430 1541.4
1347440 1531.7
1347450 1531.7
1347460 1523.3
1347470 1514.2
1347480 1514.2
1347490 1505.4
1347500 1498.3
1347510 1498.3
1347520 1491.7
1347530 1484.7
1347540 1477.6
1347550 1477.6
1347560 1470.5
1347570 1462.9
1347580 1462.9
1347590 1454.1
1347600 1445.7
1347610 1445.7
1347620 1437.5
1347630 1427.7
1347640 1427.7
1347650 1417.1
1347660 1414.2
1347670 1414.2
1347680 1414.3
1347690 1414.6
1347700 1414.6
1347710 1414.9
1347720 1414.5
1347730 1414.5
1347740 1414.3
1347750 1414.1
1347760 1414.1
1347770 1414.1
1347780 1413.9
1347790 1413.5
1347800 1413.5
1347810 1413.1
1347820 1412.0
1347830 1412.0
1347840 1411.8
1347850 1411.8
1347860 1411.8
1347870 1411.9
1347880 1412.0
1347890 1412.0
1347900 1412.2
1347910 1412.5
1347920 1412.5
1347930 1412.9
1347940 1413.0
1347950 1413.0
1347960 1412.9
1347970 1412.9
1347980 1412.9
1347990 1413.2
1348000 1413.3
1348010 1413.3
1348020 1413.1
1348030 1413.1
1348040 1413.2
1348050 1413.2
1348060 1413.2
1348070 1413.3
1348080 1413.3
1348090 1413.4
1348100 1413.5
1348110 1413.5
1348120 1413.0
1348130 1412.3
1348140 1412.3
1348150 1412.4
1348160 1413.1
1348170 1413.1
1348180 1414.1
1348190 1414.4
1348200 1414.4
1348210 1414.3
1348220 1414.1
1348230 1414.1
1348240 1413.9
1348250 1413.2
1348260 1413.2
1348270 1411.6
1348280 1412.4
1348290 1413.0
1348300 1413.0
1348310 1413.7
1348320 1415.2
1348330 1415.2
1348340 1419.4
1348350 1426.4
1348360 1426.4
1348370 1430.9
1348380 1439.4
1348390 1439.4
1348400 1447.2
1348410 1454.7
1348420 1454.7
1348430 1458.0
1348440 1466.5
1348450 1466.5
1348460 1476.0
1348470 1484.3
1348480 1484.3
1348490 1493.4
1348500 1502.2
1348510 1502.2
1348520 1510.2
1348530 1518.4
1348540 1526.5
1348550 1526.5
1348560 1532.6
1348570 1536.9
1348580 1536.9
1348590 1543.7
1348600 1549.7
1348610 1549.7
1348620 1571.2
1348630 1597.1
1348640 1597.1
1348650 1602.6
1348660 1603.5
1348670 1603.5
1348680 1605.9
1348690 1626.2
1348700 1626.2
1348710 1644.3
1348720 1644.7
1348730 1644.7
1348740 1653.0
1348750 1680.8
1348760 1686.9
1348770 1686.9
1348780 1686.0
1348790 1683.6
1348800 1683.6
1348810 1687.5
1348820 1709.5
1348830 1709.5
1348840 1721.7
1348850 1726.6
1348860 1726.6
1348870 1729.5
1348880 1731.3
1348890 1731.3
1348900 1738.1
1348910 1745.7
1348920 1745.7
1348930 1745.1
1348940 1741.3
1348950 1741.3
1348960 1744.4
1348970 1760.6
1348980 1760.6
1348990 1773.1
1349000 1778.8
1349010 1780.0
1349020 1780.0
1349030 1785.2
1349040 1790.7
1349050 1790.7
1349060 1796.1
1349070 1801.3
1349080 1801.3
1349090 1802.3
1349100 1806.0
1349110 1806.0
1349120 1812.0
1349130 1816.5
1349140 1816.5
1349150 1819.7
1349160 1831.6
1349170 1831.6
1349180 1845.2
1349190 1850.1
1349200 1850.1
1349210 1855.2
1349220 1861.8
1349230 1861.8
1349240 1866.0
1349250 1868.3
1349260 1869.4
1349270 1869.4
1349280 1870.1
1349290 1870.3
1349300 1870.3
1349310 1872.8
1349320 1873.2
1349330 1873.2
1349340 1873.6
1349350 1875.0
1349360 1875.0
1349370 1877.0
1349380 1880.4
1349390 1880.4
1349400 1882.3
1349410 1883.8
1349420 1883.8
1349430 1885.7
1349440 1886.6
1349450 1886.6
1349460 1887.9
1349470 1889.2
1349480 1889.2
1349490 1890.6
1349500 1893.4
1349510 1898.9
1349520 1898.9
1349530 1902.3
1349540 1903.6
1349550 1903.6
1349560 1904.5
1349570 1907.5
1349580 1907.5
1349590 1908.1
1349600 1906.6
1349610 1906.6
1349620 1908.6
1349630 1910.6
1349640 1910.6
1349650 1911.9
1349660 1914.1
1349670 1914.1
1349680 1917.6
1349690 1919.9
1349700 1919.9
1349710 1922.4
1349720 1924.3
1349730 1924.3
1349740 1926.0
1349750 1928.5
1349760 1930.4
1349770 1930.4
1349780 1931.6
1349790 1933.0
1349800 1933.0
1349810 1934.4
1349820 1937.5
1349830 1937.5
1349840 1941.5
1349850 1943.9
1349860 1943.9
1349870 1945.3
1349880 1945.9
1349890 1945.9
1349900 1948.3
1349910 1952.9
1349920 1952.9
1349930 1960.8
1349940 1968.5
1349950 1968.5
1349960 1976.2
1349970 1984.5
1349980 1984.5
1349990 1993.3
1350000 2000.1
1350010 2003.1
1350020 2003.1
1350030 2003.9
1350040 2003.9
1350050 2003.9
1350060 2004.7
1350070 2005.9
1350080 2005.9
1350090 2007.3
1350100 2009.4
1350110 2009.4
1350120 2011.3
1350130 2013.0
1350140 2013.0
1350150 2015.1
1350160 2018.6
1350170 2018.6
1350180 2023.2
1350190 2029.9
1350200 2029.9
1350210 2037.4
1350220 2044.5
1350230 2051.5
1350240 2051.5
1350250 2061.1
1350260 2069.1
1350270 2069.1
1350280 2080.9
1350290 2089.6
1350300 2089.6
1350310 2095.0
1350320 2100.3
1350330 2100.3
1350340 2105.8
1350350 2110.7
1350360 2110.7
1350370 2116.5
1350380 2122.5
1350390 2122.5
1350400 2126.7
1350410 2129.6
1350420 2129.6
1350430 2132.3
1350440 2135.0
1350450 2135.0
1350460 2136.9
1350470 2136.3
1350480 2136.2
1350490 2136.2
1350500 2137.2
1350510 2135.1
1350520 2135.1
1350530 2130.2
1350540 2123.1
1350550 2123.1
1350560 2118.2
1350570 2114.6
1350580 2114.6
1350590 2110.9
1350600 2108.3
1350610 2108.3
1350620 2108.5
1350630 2105.6
1350640 2105.6
1350650 2096.7
1350660 2080.5
1350670 2080.5
1350680 2066.6
1350690 2053.7
1350700 2053.7
1350710 2044.1
1350720 2036.4
1350730 2028.3
1350740 2028.3
1350750 2020.2
1350760 2013.6
1350770 2013.6
1350780 2007.1
1350790 2001.7
1350800 2001.7
1350810 1997.3
1350820 1993.2
1350830 1993.2
1350840 1993.2
1350850 1995.5
1350860 1995.5
1350870 1998.8
1350880 1999.7
1350890 1999.7
1350900 2000.4
1350910 2003.7
1350920 2003.7
1350930 2003.0
1350940 2002.8
1350950 2002.8
1350960 2001.7
1350970 2000.3
1350980 1998.7
1350990 1998.7
1351000 1998.3
1351010 1998.3
1351020 1998.3
1351030 1996.6
1351040 1993.2
1351050 1993.2
1351060 1990.4
1351070 1988.6
1351080 1988.6
1351090 1990.9
1351100 1993.1
1351110 1993.1
1351120 1991.4
1351130 1988.5
1351140 1988.5
1351150 1985.2
1351160 1981.8
1351170 1981.8
1351180 1979.5
1351190 1976.0
1351200 1982.7
1351210 1978.9
1351220 1974.2
1351230 1969.4
1351240 1969.4
1351250 1964.2
1351260 1959.6
1351270 1959.6
1351280 1956.6
1351290 1955.8
1351300 1955.8
1351310 1956.5
1351320 1956.0
1351330 1956.0
1351340 1955.1
1351350 1954.9
1351360 1954.9
1351370 1957.0
1351380 1960.7
1351390 1960.7
1351400 1964.9
1351410 1968.6
1351420 1968.6
1351430 1968.3
1351440 1975.0
1351450 1988.3
1351460 1988.3
1351470 1989.4
1351480 1989.4
1351490 1989.4
1351500 1988.8
1351510 1987.0
1351520 1987.0
1351530 1985.7
1351540 1986.4
1351550 1986.4
1351560 1987.7
1351570 1990.0
1351580 1990.0
1351590 1991.0
1351600 1991.0
1351610 1991.0
1351620 1990.3
1351630 1991.3
1351640 1991.3
1351650 1992.0
1351660 1992.2
1351670 1992.2
1351680 1990.2
1351690 1987.1
1351700 1985.8
1351710 1985.8
1351720 1981.7
1351730 1978.3
1351740 1978.3
1351750 1973.7
1351760 1970.0
1351770 1970.0
1351780 1967.2
1351790 1964.4
1351800 1964.4
1351810 1963.6
1351820 1962.9
1351830 1962.9
1351840 1962.5
1351850 1964.5
1351860 1964.5
1351870 1966.2
1351880 1967.6
1351890 1967.6
1351900 1964.6
1351910 1962.7
1351920 1962.7
1351930 1961.0
1351940 1959.9
1351950 1958.5
1351960 1958.5
1351970 1960.5
1351980 1960.2
1351990 1960.2
1352000 1958.2
1352010 1955.5
1352020 1955.5
1352030 1954.5
1352040 1955.3
1352050 1955.3
1352060 1952.8
1352070 1951.8
1352080 1951.8
1352090 1952.9
1352100 1952.5
1352110 1952.5
1352120 1955.2
1352130 1965.1
1352140 1965.1
1352150 1969.5
1352160 1980.1
1352170 1980.1
1352180 1981.3
1352190 1983.7
1352200 1994.8
1352210 1994.8
1352220 2027.7
1352230 2038.1
1352240 2038.1
1352250 2031.8
1352260 2025.0
1352270 2025.0
1352280 2020.0
1352290 2017.0
1352300 2017.0
1352310 2019.7
1352320 2021.3
1352330 2021.3
1352340 2010.0
1352350 2000.3
1352360 2000.3
1352370 1992.9
1352380 1997.0
1352390 1997.0
1352400 1993.8
1352410 1984.5
1352420 1984.5
1352430 1974.8
1352440 1970.7
1352450 1973.5
1352460 1973.5
1352470 1970.4
1352480 1963.3
1352490 1963.3
1352500 1955.8
1352510 1948.0
1352520 1948.0
1352530 1937.5
1352540 1931.7
1352550 1931.7
1352560 1925.8
1352570 1917.4
1352580 1917.4
1352590 1907.4
1352600 1899.0
1352610 1899.0
1352620 1888.3
1352630 1880.2
1352640 1880.2
1352650 1872.9
1352660 1865.1
1352670 1865.1
1352680 1857.0
1352690 1849.0
1352700 1838.3
1352710 1838.3
1352720 1829.8
1352730 1822.9
1352740 1822.9
1352750 1814.4
1352760 1806.2
1352770 1806.2
1352780 1797.2
1352790 1789.1
1352800 1789.1
1352810 1782.2
1352820 1776.1
1352830 1776.1
1352840 1768.5
1352850 1758.3
1352860 1758.3
1352870 1749.7
1352880 1740.7
1352890 1740.7
1352900 1726.4
1352910 1716.2
1352920 1709.8
1352930 1709.8
1352940 1706.3
1352950 1701.0
1352960 1701.0
1352970 1694.5
1352980 1688.0
1352990 1688.0
1353000 1681.3
1353010 1674.7
1353020 1674.7
1353030 1667.7
1353040 1659.5
1353050 1659.5
1353060 1650.4
1353070 1650.9
1353080 1650.9
1353090 1635.6
1353100 1626.1
1353110 1626.1
1353120 1620.7
1353130 1606.5
1353140 1606.5
1353150 1602.4
1353160 1598.8
1353170 1594.5
1353180 1594.5
1353190 1590.2
1353200 1585.8
1353210 1585.8
1353220 1581.0
1353230 1575.3
1353240 1575.3
1353250 1569.5
1353260 1563.5
1353270 1563.5
1353280 1557.6
1353290 1551.4
1353300 1551.4
1353310 1545.3
1353320 1540.2
1353330 1540.2
1353340 1535.3
1353350 1531.6
1353360 1531.6
1353370 1528.1
1353380 1525.0
1353390 1525.0
1353400 1522.3
1353410 1519.5
1353420 1515.9
1353430 1515.9
1353440 1512.6
1353450 1509.5
1353460 1509.5
1353470 1506.1
1353480 1502.2
1353490 1502.2
1353500 1497.7
1353510 1492.0
1353520 1492.0
1353530 1485.5
1353540 1476.2
1353550 1476.2
1353560 1465.9
1353570 1458.4
1353580 1458.4
1353590 1453.0
1353600 1447.3
1353610 1447.3
1353620 1439.8
1353630 1434.4
1353640 1434.4
1353650 1429.0
1353660 1424.9
1353670 1420.9
1353680 1420.9
1353690 1416.3
1353700 1412.3
1353710 1412.3
1353720 1407.9
1353730 1404.1
1353740 1404.1
1353750 1400.7
1353760 1397.3
1353770 1397.3
1353780 1393.5
1353790 1390.7
1353800 1390.7
1353810 1388.1
1353820 1384.7
1353830 1384.7
1353840 1380.6
1353850 1376.3
1353860 1376.3
1353870 1372.3
1353880 1368.5
1353890 1368.5
1353900 1363.4
1353910 1357.1
1353920 1352.2
1353930 1352.2
1353940 1349.2
1353950 1345.3
1353960 1345.3
1353970 1339.1
1353980 1333.5
1353990 1333.5
1354000 1326.2
1354010 1320.2
1354020 1320.2
1354030 1316.0
1354040 1312.7
1354050 1312.7
1354060 1308.9
1354070 1298.8
1354080 1298.8
1354090 1290.5
1354100 1293.5
1354110 1293.5
1354120 1294.6
1354130 1295.9
1354140 1295.9
1354150 1295.8
1354160 1297.8
1354170 1299.2
1354180 1299.2
1354190 1298.8
1354200 1296.5
1354210 1296.5
1354220 1292.2
1354230 1290.5
1354240 1290.5
1354250 1288.1
1354260 1283.8
1354270 1283.8
1354280 1280.5
1354290 1278.6
1354300 1278.6
1354310 1274.0
1354320 1266.6
1354330 1266.6
1354340 1260.0
1354350 1255.0
1354360 1255.0
1354370 1248.6
1354380 1240.7
1354390 1231.9
1354400 1231.9
1354410 1218.6
1354420 1203.3
1354430 1203.3
1354440 1192.0
1354450 1183.7
1354460 1183.7
1354470 1174.1
1354480 1170.6
1354490 1170.6
1354500 1165.8
1354510 1159.9
1354520 1159.9
1354530 1153.8
1354540 1147.2
1354550 1147.2
1354560 1140.4
1354570 1134.0
1354580 1134.0
1354590 1128.1
1354600 1121.6
1354610 1121.6
1354620 1116.5
1354630 1112.4
1354640 1106.7
1354650 1106.7
1354660 1100.9
1354670 1097.1
1354680 1097.1
1354690 1093.7
1354700 1091.0
1354710 1091.0
1354720 1089.1
1354730 1087.5
1354740 1087.5
1354750 1083.1
1354760 1074.8
1354770 1074.8
1354780 1071.7
1354790 1071.6
1354800 1071.6
1354810 1071.6
1354820 1071.8
1354830 1071.8
1354840 1076.4
1354850 1081.7
1354860 1081.7
1354870 1093.2
1354880 1109.8
1354890 1111.9
1354900 1111.9
1354910 1115.9
1354920 1119.7
1354930 1119.7
1354940 1123.6
1354950 1128.8
1354960 1128.8
1354970 1130.7
1354980 1132.8
1354990 1132.8
1355000 1136.9
1355010 1139.7
1355020 1139.7
1355030 1141.3
1355040 1142.9
1355050 1142.9
1355060 1143.7
1355070 1145.7
1355080 1155.0
1355090 1156.3
1355100 1156.9
1355110 1156.9
1355120 1158.1
1355130 1157.7
1355140 1157.0
1355150 1157.0
1355160 1155.5
1355170 1154.8
1355180 1154.8
1355190 1154.8
1355200 1151.7
1355210 1151.7
1355220 1150.4
1355230 1152.4
1355240 1152.4
1355250 1155.1
1355260 1158.4
1355270 1158.4
1355280 1161.3
1355290 1165.7
1355300 1165.7
1355310 1167.8
1355320 1173.4
1355330 1173.4
1355340 1178.1
1355350 1179.5
1355360 1179.5
1355370 1184.5
1355380 1187.5
1355390 1186.6
1355400 1186.6
1355410 1191.4
1355420 1198.4
1355430 1198.4
1355440 1205.6
1355450 1216.5
1355460 1216.5
1355470 1224.6
1355480 1234.9
1355490 1234.9
1355500 1242.9
1355510 1250.6
1355520 1250.6
1355530 1259.8
1355540 1276.1
1355550 1276.1
1355560 1291.6
1355570 1298.9
1355580 1298.9
1355590 1309.2
1355600 1322.1
1355610 1322.1
1355620 1331.6
1355630 1340.2
1355640 1348.2
1355650 1348.2
1355660 1357.4
1355670 1374.2
1355680 1374.2
1355690 1383.5
1355700 1390.6
1355710 1390.6
1355720 1398.3
1355730 1411.3
1355740 1411.3
1355750 1423.9
1355760 1435.4
1355770 1435.4
1355780 1448.1
1355790 1458.1
1355800 1458.1
1355810 1465.4
1355820 1471.7
1355830 1471.7
1355840 1478.2
1355850 1487.3
1355860 1499.5
1355870 1499.5
1355880 1504.9
1355890 1510.8
1355900 1510.8
1355910 1517.6
1355920 1524.3
1355930 1524.3
1355940 1528.9
1355950 1534.1
1355960 1534.1
1355970 1540.8
1355980 1550.4
1355990 1550.4
1356000 1558.6
1356010 1566.5
1356020 1566.5
1356030 1574.3
1356040 1581.9
1356050 1581.9
1356060 1589.3
1356070 1596.5
1356080 1596.5
1356090 1603.2
1356100 1610.8
1356110 1617.8
1356120 1617.8
1356130 1624.3
1356140 1631.2
1356150 1631.2
1356160 1638.5
1356170 1645.8
1356180 1645.8
1356190 1653.5
1356200 1662.7
1356210 1662.7
1356220 1667.8
1356230 1663.6
1356240 1663.6
1356250 1654.7
1356260 1644.9
1356270 1644.9
1356280 1639.5
1356290 1637.2
1356300 1637.2
1356310 1634.9
1356320 1634.5
1356330 1634.5
1356340 1641.7
1356350 1647.7
1356360 1653.6
1356370 1653.6
1356380 1659.7
1356390 1665.7
1356400 1665.7
1356410 1671.4
1356420 1678.0
1356430 1678.0
1356440 1684.9
1356450 1693.5
1356460 1693.5
1356470 1701.5
1356480 1709.6
1356490 1709.6
1356500 1719.5
1356510 1733.3
1356520 1733.3
1356530 1745.1
1356540 1753.2
1356550 1753.2
1356560 1759.9
1356570 1769.2
1356580 1769.2
1356590 1774.6
1356600 1781.2
1356610 1788.0
1356620 1788.0
1356630 1799.3
1356640 1816.9
1356650 1816.9
1356660 1831.7
1356670 1842.7
1356680 1842.7
1356690 1852.5
1356700 1863.9
1356710 1863.9
1356720 1872.3
1356730 1884.5
1356740 1884.5
1356750 1894.6
1356760 1904.3
1356770 1904.3
1356780 1913.0
1356790 1922.4
1356800 1922.4
1356810 1932.5
1356820 1944.3
1356830 1944.3
1356840 1957.0
1356850 1968.1
1356860 1977.1
1356870 1977.1
1356880 1985.8
1356890 1995.0
1356900 1995.0
1356910 2004.2
1356920 2007.2
1356930 2007.2
1356940 2010.5
1356950 2017.5
1356960 2017.5
1356970 2025.5
1356980 2030.6
1356990 2030.6
1357000 2035.2
1357010 2040.4
1357020 2040.4
1357030 2046.5
1357040 2053.7
1357050 2053.7
1357060 2065.4
1357070 2073.5
1357080 2073.5
1357090 2081.9
1357100 2089.2
1357110 2097.6
1357120 2097.6
1357130 2104.2
1357140 2107.9
1357150 2107.9
1357160 2111.0
1357170 2113.9
1357180 2113.9
1357190 2116.4
1357200 2118.6
1357210 2118.6
1357220 2121.4
1357230 2121.9
1357240 2121.9
1357250 2120.0
1357260 2116.9
1357270 2116.9
1357280 2112.0
1357290 2112.1
1357300 2112.1
1357310 2112.6
1357320 2113.4
1357330 2113.7
1357340 2113.7
1357350 2113.8
1357360 2113.1
1357370 2113.1
1357380 2112.2
1357390 2111.3
1357400 2111.3
1357410 2107.0
1357420 2102.3
1357430 2102.3
1357440 2097.2
1357450 2092.7
1357460 2092.7
1357470 2089.0
1357480 2083.5
1357490 2083.5
1357500 2075.9
1357510 2067.9
1357520 2067.9
1357530 2060.2
1357540 2053.4
1357550 2053.4
1357560 2045.6
1357570 2033.4
1357580 2020.2
1357590 2020.2
1357600 2012.1
1357610 2004.1
1357620 2004.1
1357630 1996.9
1357640 1989.7
1357650 1989.7
1357660 1982.7
1357670 1976.1
1357680 1976.1
1357690 1969.8
1357700 1962.1
1357710 1962.1
1357720 1957.4
1357730 1954.0
1357740 1954.0
1357750 1951.1
1357760 1950.0
1357770 1950.0
1357780 1950.6
1357790 1953.0
1357800 1953.0
1357810 1956.0
1357820 1958.0
1357830 1957.4
1357840 1957.4
1357850 1956.1
1357860 1955.0
1357870 1955.0
1357880 1954.7
1357890 1958.9
1357900 1958.9
1357910 1963.9
1357920 1968.2
1357930 1968.2
1357940 1973.0
1357950 1978.6
1357960 1978.6
1357970 1984.8
1357980 1991.2
1357990 1991.2
1358000 1993.3
1358010 1991.8
1358020 1991.8
1358030 1993.9
1358040 1996.4
1358050 1996.4
1358060 2003.1
1358070 2003.8
1358080 2003.0
1358090 2003.0
1358100 2003.5
1358110 2005.4
1358120 2005.4
1358130 2004.8
1358140 2006.3
1358150 2006.3
1358160 2008.4
1358170 2011.3
1358180 2011.3
1358190 2013.1
1358200 2015.3
1358210 2015.3
1358220 2017.5
1358230 2021.7
1358240 2021.7
1358250 2025.1
1358260 2025.8
1358270 2025.8
1358280 2026.7
1358290 2029.3
1358300 2029.3
1358310 2032.9
1358320 2039.2
1358330 2040.8
1358340 2040.8
1358350 2041.0
1358360 2041.6
1358370 2041.6
1358380 2042.7
1358390 2044.2
1358400 2044.2
1358410 2045.7
1358420 2046.4
1358430 2046.4
1358440 2047.4
1358450 2049.3
1358460 2049.3
1358470 2052.3
1358480 2057.6
1358490 2057.6
1358500 2061.3
1358510 2063.9
1358520 2063.9
1358530 2063.6
1358540 2063.0
1358550 2063.0
1358560 2062.7
1358570 2062.7
1358580 2064.6
1358590 2064.6
1358600 2067.1
1358610 2071.2
1358620 2071.2
1358630 2076.4
1358640 2082.2
1358650 2082.2
1358660 2089.1
1358670 2097.3
1358680 2097.3
1358690 2104.9
1358700 2112.3
1358710 2112.3
1358720 2119.9
1358730 2127.3
1358740 2127.3
1358750 2134.1
1358760 2140.8
1358770 2140.8
1358780 2147.6
1358790 2154.1
1358800 2161.3
1358810 2161.3
1358820 2168.3
1358830 2177.7
1358840 2177.7
1358850 2188.4
1358860 2200.2
1358870 2200.2
1358880 2217.0
1358890 2233.6
1358900 2233.6
1358910 2244.8
1358920 2247.7
1358930 2247.7
1358940 2239.7
1358950 2232.1
1358960 2232.1
1358970 2223.6
1358980 2213.7
1358990 2213.7
1359000 2204.2
1359010 2195.3
1359020 2195.3
1359030 2187.5
1359040 2180.2
1359050 2173.2
1359060 2173.2
1359070 2168.9
1359080 2164.6
1359090 2164.6
1359100 2160.0
1359110 2154.2
1359120 2154.2
1359130 2147.5
1359140 2142.2
1359150 2142.2
1359160 2140.6
1359170 2139.1
1359180 2139.1
1359190 2137.0
1359200 2134.5
1359210 2134.5
1359220 2132.3
1359230 2131.1
1359240 2131.1
1359250 2130.0
1359260 2128.6
1359270 2128.6
1359280 2127.0
1359290 2124.8
1359300 2121.8
1359310 2121.8
1359320 2116.5
1359330 2108.8
1359340 2108.8
1359350 2099.6
1359360 2090.2
1359370 2090.2
1359380 2082.1
1359390 2073.4
1359400 2073.4
1359410 2065.4
1359420 2057.4
1359430 2057.4
1359440 2049.6
1359450 2042.4
1359460 2042.4
1359470 2035.7
1359480 2028.5
1359490 2028.5
1359500 2022.1
1359510 2017.1
1359520 2017.1
1359530 2013.7
1359540 2009.7
1359550 2006.8
1359560 2006.8
1359570 2004.8
1359580 2005.5
1359590 2005.5
1359600 2005.9
1359610 2005.3
1359620 2005.3
1359630 2002.7
1359640 1996.9
1359650 1996.9
1359660 1987.0
1359670 1975.3
1359680 1975.3
1359690 1968.9
1359700 1961.4
1359710 1961.4
1359720 1953.8
1359730 1946.7
1359740 1946.7
1359750 1941.5
1359760 1941.2
1359770 1941.2
1359780 1941.3
1359790 1941.7
1359800 1941.7
1359810 1941.7
1359820 1941.1
1359830 1940.3
1359840 1940.3
1359850 1939.4
1359860 1938.5
1359870 1938.5
1359880 1938.0
1359890 1937.1
1359900 1937.1
1359910 1936.7
1359920 1937.3
1359930 1937.3
1359940 1939.0
1359950 1942.2
1359960 1942.2
1359970 1945.0
1359980 1948.0
1359990 1948.0
