1340000 1902.5
1340010 1902.5
1340020 1906.0
1340030 1909.0
1340040 1909.0
1340050 1911.8
1340060 1914.8
1340070 1914.8
1340080 1917.0
1340090 1918.7
1340100 1918.7
1340110 1920.0
1340120 1921.7
1340130 1921.7
1340140 1923.6
1340150 1925.1
1340160 1925.1
1340170 1926.4
1340180 1927.6
1340190 1927.6
1340200 1928.1
1340210 1928.5
1340220 1929.2
1340230 1929.2
1340240 1929.7
1340250 1930.5
1340260 1930.5
1340270 1930.5
1340280 1930.4
1340290 1930.4
1340300 1932.4
1340310 1935.1
1340320 1935.1
1340330 1936.3
1340340 1936.5
1340350 1936.5
1340360 1937.9
1340370 1939.5
1340380 1939.5
1340390 1941.2
1340400 1942.9
1340410 1942.9
1340420 1944.6
1340430 1946.5
1340440 1947.9
1340450 1947.9
1340460 1949.7
1340470 1952.3
1340480 1952.3
1340490 1955.3
1340500 1958.4
1340510 1958.4
1340520 1961.8
1340530 1965.9
1340540 1965.9
1340550 1970.0
1340560 1974.3
1340570 1974.3
1340580 1977.2
1340590 1980.0
1340600 1980.0
1340610 1982.3
1340620 1985.1
1340630 1985.1
1340640 1988.6
1340650 1992.1
1340660 1992.1
1340670 1994.2
1340680 1996.7
1340690 2000.4
1340700 2000.4
1340710 2004.7
1340720 2007.0
1340730 2007.0
1340740 2008.0
1340750 2007.8
1340760 2007.8
1340770 2006.4
1340780 2004.8
1340790 2004.8
1340800 2002.6
1340810 1997.2
1340820 1997.2
1340830 1989.4
1340840 1984.7
1340850 1984.7
1340860 1984.1
1340870 1984.2
1340880 1984.2
1340890 1982.6
1340900 1981.3
1340910 1981.3
1340920 1980.4
1340930 1978.9
1340940 1974.7
1340950 1974.7
1340960 1971.0
1340970 1966.3
1340980 1966.3
1340990 1959.5
1341000 1951.8
1341010 1951.8
1341020 1944.8
1341030 1942.6
1341040 1942.6
1341050 1941.0
1341060 1938.3
1341070 1938.3
1341080 1935.3
1341090 1932.9
1341100 1932.9
1341110 1929.0
1341120 1925.1
1341130 1925.1
1341140 1921.1
1341150 1915.9
1341160 1915.9
1341170 1910.0
1341180 1904.2
1341190 1899.2
1341200 1899.2
1341210 1893.9
1341220 1889.3
1341230 1889.3
1341240 1886.9
1341250 1883.7
1341260 1883.7
1341270 1878.4
1341280 1873.6
1341290 1873.6
1341300 1869.2
1341310 1865.2
1341320 1865.2
1341330 1860.9
1341340 1856.4
1341350 1856.4
1341360 1851.3
1341370 1846.5
1341380 1846.5
1341390 1842.0
1341400 1838.7
1341410 1838.7
1341420 1838.2
1341430 1838.2
1341440 1835.5
1341450 1835.5
1341460 1831.9
1341470 1827.8
1341480 1827.8
1341490 1824.1
1341500 1822.1
1341510 1822.1
1341520 1818.7
1341530 1814.0
1341540 1814.0
1341550 1809.6
1341560 1804.4
1341570 1804.4
1341580 1798.4
1341590 1791.6
1341600 1791.6
1341610 1785.8
1341620 1780.1
1341630 1780.1
1341640 1774.2
1341650 1767.6
1341660 1767.6
1341670 1762.2
1341680 1753.5
1341690 1745.6
1341700 1745.6
1341710 1737.8
1341720 1731.4
1341730 1731.4
1341740 1727.0
1341750 1723.4
1341760 1723.4
1341770 1719.9
1341780 1715.9
1341790 1715.9
1341800 1713.6
1341810 1712.1
1341820 1712.1
1341830 1710.6
1341840 1709.1
1341850 1709.1
1341860 1705.1
1341870 1700.3
1341880 1700.3
1341890 1696.7
1341900 1691.8
1341910 1686.9
1341920 1686.9
1341930 1681.6
1341940 1677.2
1341950 1677.2
1341960 1673.7
1341970 1670.3
1341980 1670.3
1341990 1667.4
1342000 1665.2
1342010 1665.2
1342020 1663.3
1342030 1661.3
1342040 1661.3
1342050 1658.9
1342060 1655.3
1342070 1655.3
1342080 1650.7
1342090 1646.1
1342100 1646.1
1342110 1641.2
1342120 1637.5
1342130 1637.5
1342140 1634.1
1342150 1630.4
1342160 1626.1
1342170 1626.1
1342180 1621.1
1342190 1616.3
1342200 1616.3
1342210 1613.5
1342220 1612.6
1342230 1612.6
1342240 1610.4
1342250 1605.5
1342260 1605.5
1342270 1598.7
1342280 1593.9
1342290 1593.9
1342300 1589.4
1342310 1585.6
1342320 1585.6
1342330 1580.9
1342340 1576.7
1342350 1576.7
1342360 1573.0
1342370 1568.9
1342380 1568.9
1342390 1564.8
1342400 1560.3
1342410 1556.9
1342420 1556.9
1342430 1553.7
1342440 1549.5
1342450 1549.5
1342460 1544.9
1342470 1541.0
1342480 1541.0
1342490 1538.7
1342500 1537.4
1342510 1537.4
1342520 1535.3
1342530 1533.9
1342540 1533.9
1342550 1532.2
1342560 1530.8
1342570 1530.8
1342580 1528.5
1342590 1524.8
1342600 1524.8
1342610 1519.5
1342620 1514.5
1342630 1514.5
1342640 1510.1
1342650 1507.9
1342660 1506.9
1342670 1506.9
1342680 1505.2
1342690 1502.3
1342700 1502.3
1342710 1499.6
1342720 1497.3
1342730 1497.3
1342740 1495.1
1342750 1492.8
1342760 1492.8
1342770 1489.3
1342780 1485.9
1342790 1485.9
1342800 1482.3
1342810 1479.4
1342820 1479.4
1342830 1477.2
1342840 1474.9
1342850 1474.9
1342860 1472.5
1342870 1470.2
1342880 1470.2
1342890 1467.5
1342900 1465.7
1342910 1464.9
1342920 1464.9
1342930 1464.3
1342940 1463.0
1342950 1463.0
1342960 1460.9
1342970 1457.6
1342980 1457.6
1342990 1452.6
1343000 1446.7
1343010 1446.7
1343020 1440.6
1343030 1433.8
1343040 1433.8
1343050 1428.1
1343060 1423.8
1343070 1423.8
1343080 1419.6
1343090 1415.0
1343100 1415.0
1343110 1410.1
1343120 1404.7
1343130 1404.7
1343140 1400.0
1343150 1394.8
1343160 1389.5
1343170 1389.5
1343180 1384.8
1343190 1379.6
1343200 1379.6
1343210 1372.8
1343220 1365.0
1343230 1365.0
1343240 1360.6
1343250 1359.6
1343260 1359.6
1343270 1361.2
1343280 1363.2
1343290 1363.2
1343300 1363.6
1343310 1366.4
1343320 1366.4
1343330 1369.2
1343340 1369.7
1343350 1369.7
1343360 1369.7
1343370 1370.6
1343380 1372.4
1343390 1372.4
1343400 1374.8
1343410 1377.5
1343420 1377.5
1343430 1380.0
1343440 1382.1
1343450 1382.1
1343460 1381.8
1343470 1385.4
1343480 1385.4
1343490 1390.7
1343500 1397.0
1343510 1397.0
1343520 1403.8
1343530 1409.9
1343540 1409.9
1343550 1414.2
1343560 1417.6
1343570 1417.6
1343580 1420.8
1343590 1423.6
1343600 1423.6
1343610 1426.8
1343620 1429.2
1343630 1427.8
1343640 1427.8
1343650 1426.8
1343660 1430.1
1343670 1430.1
1343680 1433.3
1343690 1439.3
1343700 1439.3
1343710 1446.7
1343720 1452.9
1343730 1452.9
1343740 1455.8
1343750 1458.4
1343760 1458.4
1343770 1463.6
1343780 1470.9
1343790 1470.9
1343800 1477.7
1343810 1483.0
1343820 1483.0
1343830 1487.4
1343840 1492.6
1343850 1492.6
1343860 1497.3
1343870 1501.1
1343880 1504.4
1343890 1504.4
1343900 1507.5
1343910 1511.0
1343920 1511.0
1343930 1514.9
1343940 1518.2
1343950 1518.2
1343960 1521.7
1343970 1525.2
1343980 1525.2
1343990 1529.6
1344000 1535.1
1344010 1535.1
1344020 1540.8
1344030 1546.9
1344040 1546.9
1344050 1553.1
1344060 1558.9
1344070 1558.9
1344080 1563.3
1344090 1567.6
1344100 1567.6
1344110 1571.6
1344120 1575.4
1344130 1580.1
1344140 1580.1
1344150 1584.9
1344160 1589.9
1344170 1589.9
1344180 1594.7
1344190 1598.4
1344200 1598.4
1344210 1601.7
1344220 1605.1
1344230 1605.1
1344240 1608.7
1344250 1612.8
1344260 1612.8
1344270 1617.3
1344280 1622.1
1344290 1622.1
1344300 1625.3
1344310 1627.3
1344320 1627.3
1344330 1628.7
1344340 1628.6
1344350 1628.6
1344360 1624.3
1344370 1629.1
1344380 1636.0
1344390 1636.0
1344400 1643.7
1344410 1651.9
1344420 1651.9
1344430 1659.7
1344440 1667.1
1344450 1667.1
1344460 1673.6
1344470 1679.8
1344480 1679.8
1344490 1685.7
1344500 1691.2
1344510 1691.2
1344520 1696.4
1344530 1701.4
1344540 1701.4
1344550 1706.3
1344560 1710.7
1344570 1710.7
1344580 1713.7
1344590 1720.2
1344600 1720.2
1344610 1728.2
1344620 1736.5
1344630 1744.9
1344640 1744.9
1344650 1752.5
1344660 1759.0
1344670 1759.0
1344680 1764.1
1344690 1769.1
1344700 1769.1
1344710 1774.5
1344720 1780.8
1344730 1780.8
1344740 1786.6
1344750 1792.1
1344760 1792.1
1344770 1797.7
1344780 1803.5
1344790 1803.5
1344800 1809.3
1344810 1815.5
1344820 1815.5
1344830 1821.2
1344840 1827.2
1344850 1833.5
1344860 1833.5
1344870 1840.6
1344880 1846.9
1344890 1846.9
1344900 1853.1
1344910 1859.1
1344920 1859.1
1344930 1864.4
1344940 1869.8
1344950 1869.8
1344960 1875.7
1344970 1881.0
1344980 1881.0
1344990 1885.5
1345000 1890.2
1345010 1890.2
1345020 1895.2
1345030 1901.3
1345040 1901.3
1345050 1908.5
1345060 1915.3
1345070 1915.3
1345080 1921.6
1345090 1926.9
1345100 1932.1
1345110 1932.1
1345120 1938.8
1345130 1944.0
1345140 1944.0
1345150 1948.2
1345160 1951.7
1345170 1951.7
1345180 1956.9
1345190 1962.4
1345200 1962.4
1345210 1967.6
1345220 1971.2
1345230 1971.2
1345240 1974.5
1345250 1979.3
1345260 1979.3
1345270 1982.6
1345280 1985.2
1345290 1985.2
1345300 1989.2
1345310 1995.0
1345320 1995.0
1345330 2000.5
1345340 2003.0
1345350 2006.0
1345360 2006.0
1345370 2011.3
1345380 2016.2
1345390 2016.2
1345400 2021.1
1345410 2026.5
1345420 2026.5
1345430 2031.9
1345440 2036.8
1345450 2036.8
1345460 2039.6
1345470 2042.6
1345480 2042.6
1345490 2046.4
1345500 2049.9
1345510 2049.9
1345520 2051.9
1345530 2053.6
1345540 2053.6
1345550 2056.3
1345560 2058.9
1345570 2058.9
1345580 2060.1
1345590 2059.9
1345600 2060.0
1345610 2060.0
1345620 2059.3
1345630 2058.5
1345640 2058.5
1345650 2059.5
1345660 2063.7
1345670 2063.7
1345680 2067.8
1345690 2069.4
1345700 2069.4
1345710 2072.9
1345720 2076.6
1345730 2076.6
1345740 2076.0
1345750 2075.2
1345760 2075.2
1345770 2075.1
1345780 2074.3
1345790 2074.3
1345800 2075.2
1345810 2078.5
1345820 2078.5
1345830 2081.0
1345840 2081.0
1345850 2079.2
1345860 2079.2
1345870 2076.8
1345880 2075.6
1345890 2075.6
1345900 2075.1
1345910 2075.3
1345920 2075.3
1345930 2076.9
1345940 2079.0
1345950 2079.0
1345960 2082.2
1345970 2085.2
1345980 2085.2
1345990 2086.2
1346000 2085.7
1346010 2085.7
1346020 2084.0
1346030 2080.5
1346040 2080.5
1346050 2075.4
1346060 2068.4
1346070 2068.4
1346080 2060.1
1346090 2052.2
1346100 2045.6
1346110 2045.6
1346120 2039.5
1346130 2033.7
1346140 2033.7
1346150 2027.9
1346160 2021.0
1346170 2021.0
1346180 2014.3
1346190 2004.8
1346200 2004.8
1346210 1998.1
1346220 1991.9
1346230 1991.9
1346240 1985.9
1346250 1978.8
1346260 1978.8
1346270 1972.8
1346280 1967.2
1346290 1967.2
1346300 1962.1
1346310 1957.1
1346320 1951.7
1346330 1951.7
1346340 1945.6
1346350 1939.6
1346360 1939.6
1346370 1934.6
1346380 1930.6
1346390 1930.6
1346400 1927.2
1346410 1923.5
1346420 1923.5
1346430 1920.0
1346440 1916.7
1346450 1916.7
1346460 1913.9
1346470 1911.6
1346480 1911.6
1346490 1907.9
1346500 1903.0
1346510 1903.0
1346520 1897.5
1346530 1891.9
1346540 1891.9
1346550 1886.4
1346560 1881.4
1346570 1877.0
1346580 1877.0
1346590 1872.9
1346600 1869.1
1346610 1869.1
1346620 1865.1
1346630 1860.2
1346640 1860.2
1346650 1855.0
1346660 1850.4
1346670 1850.4
1346680 1845.7
1346690 1840.5
1346700 1840.5
1346710 1834.9
1346720 1828.6
1346730 1828.6
1346740 1822.0
1346750 1815.5
1346760 1815.5
1346770 1809.5
1346780 1803.3
1346790 1803.3
1346800 1796.6
1346810 1789.7
1346820 1783.1
1346830 1783.1
1346840 1776.5
1346850 1769.3
1346860 1769.3
1346870 1762.1
1346880 1754.5
1346890 1754.5
1346900 1746.0
1346910 1737.7
1346920 1737.7
1346930 1729.2
1346940 1722.2
1346950 1722.2
1346960 1721.2
1346970 1721.8
1346980 1721.8
1346990 1717.6
1347000 1710.6
1347010 1710.6
1347020 1703.8
1347030 1699.2
1347040 1699.2
1347050 1695.8
1347060 1693.1
1347070 1688.6
1347080 1688.6
1347090 1683.1
1347100 1676.7
1347110 1691.5
1347120 1687.4
1347130 1679.6
1347140 1679.6
1347150 1671.1
1347160 1664.8
1347170 1664.8
1347180 1660.0
1347190 1654.4
1347200 1654.4
1347210 1648.1
1347220 1641.7
1347230 1641.7
1347240 1635.7
1347250 1629.9
1347260 1629.9
1347270 1624.6
1347280 1619.6
1347290 1619.6
1347300 1613.0
1347310 1606.2
1347320 1599.0
1347330 1599.0
1347340 1592.0
1347350 1584.3
1347360 1584.3
1347370 1576.6
1347380 1568.6
1347390 1568.6
1347400 1560.3
1347410 1550.6
1347420 1550.6
1347430 1541.0
1347440 1532.1
1347450 1532.1
1347460 1522.0
1347470 1511.9
1347480 1511.9
1347490 1503.4
1347500 1495.7
1347510 1495.7
1347520 1488.6
1347530 1482.3
1347540 1482.3
1347550 1475.2
1347560 1467.9
1347570 1460.3
1347580 1460.3
1347590 1453.0
1347600 1445.3
1347610 1445.3
1347620 1435.4
1347630 1424.1
1347640 1424.1
1347650 1415.5
1347660 1413.9
1347670 1413.9
1347680 1414.0
1347690 1414.5
1347700 1414.5
1347710 1414.5
1347720 1414.0
1347730 1414.0
1347740 1413.8
1347750 1413.8
1347760 1413.8
1347770 1413.7
1347780 1413.5
1347790 1413.5
1347800 1413.2
1347810 1412.9
1347820 1412.0
1347830 1412.0
1347840 1411.8
1347850 1411.9
1347860 1411.9
1347870 1412.3
1347880 1412.4
1347890 1412.4
1347900 1412.5
1347910 1412.7
1347920 1412.7
1347930 1413.0
1347940 1413.2
1347950 1413.2
1347960 1413.1
1347970 1413.3
1347980 1413.3
1347990 1413.5
1348000 1413.5
1348010 1413.5
1348020 1413.3
1348030 1413.1
1348040 1412.9
1348050 1412.9
1348060 1412.7
1348070 1412.8
1348080 1412.8
1348090 1412.8
1348100 1412.7
1348110 1412.7
1348120 1412.8
1348130 1413.6
1348140 1413.6
1348150 1414.2
1348160 1414.3
1348170 1414.3
1348180 1414.3
1348190 1414.4
1348200 1414.4
1348210 1414.4
1348220 1414.2
1348230 1414.2
1348240 1414.0
1348250 1412.3
1348260 1412.3
1348270 1411.8
1348280 1412.9
1348290 1413.1
1348300 1413.1
1348310 1414.7
1348320 1415.4
1348330 1415.4
1348340 1419.1
1348350 1427.5
1348360 1427.5
1348370 1432.1
1348380 1440.7
1348390 1440.7
1348400 1448.8
1348410 1456.0
1348420 1456.0
1348430 1460.2
1348440 1468.2
1348450 1468.2
1348460 1476.1
1348470 1482.9
1348480 1482.9
1348490 1497.0
1348500 1509.0
1348510 1509.0
1348520 1515.2
1348530 1521.1
1348540 1529.7
1348550 1529.7
1348560 1536.8
1348570 1542.4
1348580 1542.4
1348590 1555.2
1348600 1560.4
1348610 1560.4
1348620 1568.1
1348630 1601.2
1348640 1601.2
1348650 1614.9
1348660 1614.5
1348670 1614.5
1348680 1614.3
1348690 1632.3
1348700 1632.3
1348710 1654.3
1348720 1655.3
1348730 1655.3
1348740 1657.9
1348750 1683.5
1348760 1683.5
1348770 1693.2
1348780 1693.8
1348790 1691.9
1348800 1691.9
1348810 1695.0
1348820 1714.2
1348830 1714.2
1348840 1729.1
1348850 1733.5
1348860 1733.5
1348870 1737.4
1348880 1742.5
1348890 1742.5
1348900 1752.8
1348910 1758.0
1348920 1758.0
1348930 1755.7
1348940 1752.5
1348950 1752.5
1348960 1753.0
1348970 1765.3
1348980 1767.9
1348990 1785.1
1349000 1796.1
1349010 1796.1
1349020 1799.7
1349030 1803.8
1349040 1808.3
1349050 1808.3
1349060 1812.3
1349070 1814.8
1349080 1814.8
1349090 1815.4
1349100 1816.4
1349110 1816.4
1349120 1818.8
1349130 1822.0
1349140 1822.0
1349150 1825.8
1349160 1832.4
1349170 1832.4
1349180 1846.1
1349190 1852.7
1349200 1852.7
1349210 1858.1
1349220 1863.2
1349230 1863.2
1349240 1866.9
1349250 1870.3
1349260 1870.3
1349270 1875.0
1349280 1875.8
1349290 1876.1
1349300 1876.1
1349310 1876.6
1349320 1876.9
1349330 1876.9
1349340 1877.3
1349350 1878.6
1349360 1878.6
1349370 1880.7
1349380 1884.4
1349390 1884.4
1349400 1887.1
1349410 1888.2
1349420 1888.2
1349430 1887.9
1349440 1889.1
1349450 1889.1
1349460 1889.9
1349470 1891.1
1349480 1891.1
1349490 1893.0
1349500 1894.3
1349510 1896.8
1349520 1896.8
1349530 1901.0
1349540 1906.2
1349550 1906.2
1349560 1908.7
1349570 1909.9
1349580 1909.9
1349590 1909.6
1349600 1908.6
1349610 1908.6
1349620 1910.2
1349630 1911.0
1349640 1911.0
1349650 1913.3
1349660 1917.1
1349670 1917.1
1349680 1919.2
1349690 1921.0
1349700 1921.0
1349710 1923.0
1349720 1925.9
1349730 1925.9
1349740 1928.0
1349750 1931.5
1349760 1933.8
1349770 1933.8
1349780 1935.3
1349790 1936.8
1349800 1936.8
1349810 1938.6
1349820 1940.4
1349830 1940.4
1349840 1942.8
1349850 1946.2
1349860 1946.2
1349870 1948.9
1349880 1950.6
1349890 1950.6
1349900 1952.6
1349910 1955.7
1349920 1959.0
1349930 1963.3
1349940 1969.6
1349950 1969.6
1349960 1977.7
1349970 1987.0
1349980 1987.0
1349990 1995.3
1350000 1999.2
1350010 2002.5
1350020 2002.5
1350030 2003.8
1350040 2004.3
1350050 2004.3
1350060 2006.7
1350070 2008.4
1350080 2008.4
1350090 2010.4
1350100 2012.9
1350110 2012.9
1350120 2015.3
1350130 2018.0
1350140 2018.0
1350150 2021.6
1350160 2026.4
1350170 2026.4
1350180 2029.4
1350190 2034.6
1350200 2034.6
1350210 2041.6
1350220 2049.2
1350230 2049.2
1350240 2056.8
1350250 2063.4
1350260 2074.0
1350270 2074.0
1350280 2085.5
1350290 2095.9
1350300 2095.9
1350310 2103.2
1350320 2108.3
1350330 2108.3
1350340 2111.8
1350350 2115.9
1350360 2115.9
1350370 2121.3
1350380 2128.0
1350390 2128.0
1350400 2133.2
1350410 2137.9
1350420 2137.9
1350430 2140.5
1350440 2142.0
1350450 2142.0
1350460 2144.0
1350470 2144.3
1350480 2144.3
1350490 2144.8
1350500 2145.2
1350510 2142.9
1350520 2142.9
1350530 2136.8
1350540 2130.8
1350550 2130.8
1350560 2129.0
1350570 2126.3
1350580 2126.3
1350590 2126.8
1350600 2123.1
1350610 2123.1
1350620 2113.9
1350630 2098.5
1350640 2098.5
1350650 2088.2
1350660 2073.9
1350670 2073.9
1350680 2062.4
1350690 2054.1
1350700 2054.1
1350710 2046.5
1350720 2038.4
1350730 2038.4
1350740 2031.0
1350750 2023.3
1350760 2015.6
1350770 2015.6
1350780 2009.3
1350790 2003.8
1350800 2003.8
1350810 1999.8
1350820 1996.1
1350830 1996.1
1350840 1995.1
1350850 1997.8
1350860 2000.2
1350870 2003.7
1350880 2005.8
1350890 2005.8
1350900 2007.0
1350910 2008.3
1350920 2008.3
1350930 2008.0
1350940 2006.2
1350950 2006.2
1350960 2005.8
1350970 2004.9
1350980 2003.5
1350990 2003.5
1351000 2003.0
1351010 2003.5
1351020 2003.5
1351030 2001.7
1351040 1997.7
1351050 1997.7
1351060 1995.6
1351070 1995.2
1351080 1995.2
1351090 1995.9
1351100 1998.4
1351110 1998.4
1351120 2000.4
1351130 2000.4
1351140 2000.4
1351150 1999.1
1351160 1996.5
1351170 1996.5
1351180 1993.7
1351190 1990.0
1351200 1990.0
1351210 1985.2
1351220 1980.3
1351230 1975.4
1351240 1975.4
1351250 1970.2
1351260 1965.3
1351270 1965.3
1351280 1963.4
1351290 1963.2
1351300 1963.2
1351310 1963.6
1351320 1963.7
1351330 1963.7
1351340 1965.8
1351350 1967.4
1351360 1967.4
1351370 1969.4
1351380 1971.9
1351390 1971.9
1351400 1973.5
1351410 1975.9
1351420 1975.9
1351430 1978.9
1351440 1992.4
1351450 1992.4
1351460 1998.9
1351470 1998.9
1351480 1998.1
1351490 1998.1
1351500 1996.4
1351510 1995.3
1351520 1995.3
1351530 1994.2
1351540 1994.1
1351550 1994.1
1351560 1994.6
1351570 1996.8
1351580 1996.8
1351590 1997.3
1351600 1997.3
1351610 1997.3
1351620 1995.8
1351630 1995.3
1351640 1995.3
1351650 1996.4
1351660 1995.6
1351670 1995.6
1351680 1993.7
1351690 1990.0
1351700 1990.0
1351710 1987.1
1351720 1984.6
1351730 1980.4
1351740 1980.4
1351750 1976.3
1351760 1972.3
1351770 1972.3
1351780 1969.0
1351790 1968.0
1351800 1968.0
1351810 1967.8
1351820 1974.0
1351830 1974.0
1351840 1975.5
1351850 1974.4
1351860 1974.4
1351870 1975.6
1351880 1976.3
1351890 1976.3
1351900 1976.2
1351910 1975.1
1351920 1975.1
1351930 1977.2
1351940 1974.5
1351950 1974.5
1351960 1969.7
1351970 1970.2
1351980 1969.7
1351990 1969.7
1352000 1968.7
1352010 1968.1
1352020 1968.1
1352030 1967.4
1352040 1965.8
1352050 1965.8
1352060 1963.9
1352070 1964.5
1352080 1964.5
1352090 1966.1
1352100 1973.5
1352110 1973.5
1352120 1990.8
1352130 1991.1
1352140 1991.1
1352150 1990.8
1352160 1991.2
1352170 1991.2
1352180 1990.2
1352190 1992.0
1352200 1992.0
1352210 2004.4
1352220 2032.7
1352230 2028.5
1352240 2028.5
1352250 2020.2
1352260 2015.2
1352270 2015.2
1352280 2007.7
1352290 2005.4
1352300 2005.4
1352310 2006.0
1352320 2008.5
1352330 2008.5
1352340 2002.8
1352350 1990.6
1352360 1990.6
1352370 1982.2
1352380 1982.3
1352390 1982.3
1352400 1982.0
1352410 1973.5
1352420 1973.5
1352430 1963.4
1352440 1958.0
1352450 1959.3
1352460 1959.3
1352470 1958.1
1352480 1953.9
1352490 1953.9
1352500 1946.5
1352510 1939.0
1352520 1939.0
1352530 1930.8
1352540 1920.9
1352550 1920.9
1352560 1913.6
1352570 1908.7
1352580 1908.7
1352590 1899.6
1352600 1891.8
1352610 1891.8
1352620 1883.9
1352630 1874.9
1352640 1874.9
1352650 1868.3
1352660 1860.7
1352670 1860.7
1352680 1852.9
1352690 1845.1
1352700 1833.3
1352710 1833.3
1352720 1824.7
1352730 1816.3
1352740 1816.3
1352750 1808.7
1352760 1800.8
1352770 1800.8
1352780 1788.7
1352790 1780.2
1352800 1780.2
1352810 1769.7
1352820 1761.4
1352830 1761.4
1352840 1754.1
1352850 1747.1
1352860 1747.1
1352870 1738.8
1352880 1726.2
1352890 1726.2
1352900 1718.2
1352910 1711.1
1352920 1711.1
1352930 1701.9
1352940 1691.3
1352950 1687.3
1352960 1687.3
1352970 1684.3
1352980 1678.3
1352990 1678.3
1353000 1667.4
1353010 1655.9
1353020 1655.9
1353030 1649.1
1353040 1642.4
1353050 1642.4
1353060 1636.5
1353070 1631.5
1353080 1631.5
1353090 1625.7
1353100 1618.9
1353110 1618.9
1353120 1611.0
1353130 1603.0
1353140 1603.0
1353150 1596.5
1353160 1592.3
1353170 1592.3
1353180 1588.7
1353190 1584.4
1353200 1580.5
1353210 1580.5
1353220 1575.7
1353230 1570.7
1353240 1570.7
1353250 1565.4
1353260 1560.4
1353270 1560.4
1353280 1554.8
1353290 1548.0
1353300 1548.0
1353310 1543.2
1353320 1539.0
1353330 1539.0
1353340 1535.3
1353350 1532.2
1353360 1532.2
1353370 1529.4
1353380 1526.5
1353390 1526.5
1353400 1523.5
1353410 1520.1
1353420 1520.1
1353430 1517.2
1353440 1515.4
1353450 1513.5
1353460 1513.5
1353470 1511.4
1353480 1506.1
1353490 1506.1
1353500 1498.9
1353510 1493.0
1353520 1493.0
1353530 1480.1
1353540 1470.9
1353550 1470.9
1353560 1464.2
1353570 1459.2
1353580 1459.2
1353590 1455.9
1353600 1448.8
1353610 1448.8
1353620 1440.3
1353630 1434.9
1353640 1434.9
1353650 1430.5
1353660 1427.4
1353670 1424.4
1353680 1424.4
1353690 1421.3
1353700 1417.4
1353710 1417.4
1353720 1412.6
1353730 1409.3
1353740 1409.3
1353750 1412.4
1353760 1407.7
1353770 1407.7
1353780 1403.4
1353790 1399.3
1353800 1399.3
1353810 1393.7
1353820 1388.7
1353830 1388.7
1353840 1384.2
1353850 1380.1
1353860 1380.1
1353870 1375.8
1353880 1370.7
1353890 1370.7
1353900 1366.6
1353910 1362.6
1353920 1359.5
1353930 1359.5
1353940 1356.8
1353950 1350.7
1353960 1350.7
1353970 1344.5
1353980 1340.5
1353990 1340.5
1354000 1339.8
1354010 1337.1
1354020 1337.1
1354030 1330.1
1354040 1324.1
1354050 1324.1
1354060 1316.7
1354070 1312.2
1354080 1312.2
1354090 1310.4
1354100 1304.6
1354110 1304.6
1354120 1304.6
1354130 1306.0
1354140 1306.0
1354150 1302.3
1354160 1304.8
1354170 1306.4
1354180 1306.4
1354190 1304.3
1354200 1302.1
1354210 1302.1
1354220 1300.4
1354230 1297.2
1354240 1297.2
1354250 1293.9
1354260 1290.2
1354270 1290.2
1354280 1286.2
1354290 1282.0
1354300 1282.0
1354310 1274.4
1354320 1268.6
1354330 1268.6
1354340 1263.6
1354350 1261.5
1354360 1261.5
1354370 1261.5
1354380 1258.0
1354390 1258.0
1354400 1250.8
1354410 1236.4
1354420 1219.0
1354430 1219.0
1354440 1208.8
1354450 1197.2
1354460 1197.2
1354470 1191.9
1354480 1178.2
1354490 1178.2
1354500 1172.5
1354510 1167.0
1354520 1167.0
1354530 1160.3
1354540 1153.8
1354550 1153.8
1354560 1147.1
1354570 1139.4
1354580 1139.4
1354590 1132.7
1354600 1126.8
1354610 1126.8
1354620 1121.4
1354630 1116.9
1354640 1116.9
1354650 1111.9
1354660 1105.7
1354670 1101.6
1354680 1101.6
1354690 1098.1
1354700 1095.6
1354710 1095.6
1354720 1093.9
1354730 1095.1
1354740 1095.1
1354750 1085.6
1354760 1075.9
1354770 1075.9
1354780 1073.0
1354790 1071.6
1354800 1071.6
1354810 1077.2
1354820 1097.8
1354830 1097.8
1354840 1108.0
1354850 1115.4
1354860 1115.4
1354870 1119.9
1354880 1127.7
1354890 1127.7
1354900 1130.6
1354910 1133.3
1354920 1136.0
1354930 1136.0
1354940 1138.0
1354950 1140.2
1354960 1140.2
1354970 1145.7
1354980 1148.4
1354990 1148.4
1355000 1149.9
1355010 1153.4
1355020 1153.4
1355030 1155.2
1355040 1156.1
1355050 1156.1
1355060 1157.3
1355070 1161.1
1355080 1161.1
1355090 1162.6
1355100 1163.1
1355110 1163.1
1355120 1164.0
1355130 1164.8
1355140 1164.7
1355150 1164.7
1355160 1162.0
1355170 1160.6
1355180 1160.6
1355190 1159.6
1355200 1159.3
1355210 1159.3
1355220 1158.8
1355230 1159.7
1355240 1159.7
1355250 1161.8
1355260 1165.1
1355270 1165.1
1355280 1167.8
1355290 1171.4
1355300 1171.4
1355310 1174.2
1355320 1179.6
1355330 1179.6
1355340 1185.1
1355350 1189.3
1355360 1189.3
1355370 1197.0
1355380 1198.5
1355390 1197.6
1355400 1197.6
1355410 1202.6
1355420 1211.2
1355430 1211.2
1355440 1219.8
1355450 1227.6
1355460 1227.6
1355470 1235.0
1355480 1245.4
1355490 1245.4
1355500 1253.1
1355510 1263.0
1355520 1263.0
1355530 1276.2
1355540 1290.4
1355550 1290.4
1355560 1299.2
1355570 1307.8
1355580 1307.8
1355590 1319.1
1355600 1330.2
1355610 1330.2
1355620 1338.7
1355630 1345.3
1355640 1353.0
1355650 1353.0
1355660 1365.0
1355670 1375.5
1355680 1375.5
1355690 1383.7
1355700 1392.4
1355710 1392.4
1355720 1407.7
1355730 1419.5
1355740 1419.5
1355750 1433.6
1355760 1443.7
1355770 1443.7
1355780 1452.0
1355790 1460.2
1355800 1460.2
1355810 1468.5
1355820 1475.3
1355830 1475.3
1355840 1482.4
1355850 1491.0
1355860 1491.0
1355870 1500.5
1355880 1508.3
1355890 1516.7
1355900 1516.7
1355910 1525.4
1355920 1532.7
1355930 1532.7
1355940 1538.4
1355950 1544.1
1355960 1544.1
1355970 1548.7
1355980 1553.8
1355990 1553.8
1356000 1560.5
1356010 1567.9
1356020 1567.9
1356030 1575.9
1356040 1582.8
1356050 1582.8
1356060 1590.0
1356070 1597.2
1356080 1597.2
1356090 1603.8
1356100 1611.3
1356110 1611.3
1356120 1619.0
1356130 1625.7
1356140 1632.8
1356150 1632.8
1356160 1640.1
1356170 1648.0
1356180 1648.0
1356190 1655.5
1356200 1664.1
1356210 1664.1
1356220 1672.0
1356230 1671.8
1356240 1671.8
1356250 1665.1
1356260 1653.6
1356270 1653.6
1356280 1648.3
1356290 1646.4
1356300 1646.4
1356310 1644.3
1356320 1641.8
1356330 1641.8
1356340 1644.6
1356350 1652.2
1356360 1652.2
1356370 1658.8
1356380 1663.8
1356390 1669.5
1356400 1669.5
1356410 1675.6
1356420 1681.6
1356430 1681.6
1356440 1688.0
1356450 1694.8
1356460 1694.8
1356470 1702.2
1356480 1709.7
1356490 1709.7
1356500 1717.6
1356510 1726.5
1356520 1726.5
1356530 1739.0
1356540 1746.9
1356550 1746.9
1356560 1754.4
1356570 1761.0
1356580 1761.0
1356590 1767.6
1356600 1775.2
1356610 1787.4
1356620 1787.4
1356630 1807.0
1356640 1823.9
1356650 1823.9
1356660 1838.8
1356670 1851.5
1356680 1851.5
1356690 1861.5
1356700 1871.4
1356710 1875.2
1356720 1883.0
1356730 1891.4
1356740 1891.4
1356750 1900.4
1356760 1910.2
1356770 1910.2
1356780 1920.7
1356790 1930.9
1356800 1930.9
1356810 1939.5
1356820 1948.4
1356830 1948.4
1356840 1958.0
1356850 1968.9
1356860 1979.3
1356870 1979.3
1356880 1992.6
1356890 2008.3
1356900 2008.3
1356910 2013.6
1356920 2015.1
1356930 2015.1
1356940 2019.0
1356950 2023.9
1356960 2023.9
1356970 2029.1
1356980 2036.0
1356990 2036.0
1357000 2043.1
1357010 2050.1
1357020 2050.1
1357030 2056.5
1357040 2065.1
1357050 2065.1
1357060 2073.9
1357070 2080.5
1357080 2080.5
1357090 2087.5
1357100 2097.0
1357110 2104.3
1357120 2104.3
1357130 2108.2
1357140 2112.3
1357150 2112.3
1357160 2117.2
1357170 2119.5
1357180 2119.5
1357190 2121.4
1357200 2124.9
1357210 2124.9
1357220 2127.5
1357230 2127.1
1357240 2127.1
1357250 2123.4
1357260 2121.0
1357270 2121.0
1357280 2117.2
1357290 2117.2
1357300 2117.2
1357310 2118.4
1357320 2119.4
1357330 2119.4
1357340 2121.0
1357350 2120.5
1357360 2121.0
1357370 2121.0
1357380 2119.9
1357390 2115.3
1357400 2115.3
1357410 2108.9
1357420 2103.5
1357430 2103.5
1357440 2097.3
1357450 2091.8
1357460 2091.8
1357470 2087.6
1357480 2082.3
1357490 2082.3
1357500 2074.1
1357510 2063.8
1357520 2063.8
1357530 2057.7
1357540 2051.2
1357550 2051.2
1357560 2043.0
1357570 2033.2
1357580 2033.2
1357590 2019.0
1357600 2009.9
1357610 2002.3
1357620 2002.3
1357630 1995.8
1357640 1989.4
1357650 1989.4
1357660 1982.4
1357670 1974.8
1357680 1974.8
1357690 1967.7
1357700 1962.1
1357710 1962.5
1357720 1959.7
1357730 1958.0
1357740 1958.0
1357750 1956.6
1357760 1956.2
1357770 1956.2
1357780 1957.4
1357790 1959.5
1357800 1959.5
1357810 1961.5
1357820 1964.4
1357830 1964.4
1357840 1964.4
1357850 1963.3
1357860 1962.8
1357870 1962.8
1357880 1966.2
1357890 1971.2
1357900 1971.2
1357910 1975.9
1357920 1980.0
1357930 1980.0
1357940 1984.5
1357950 1989.7
1357960 1989.7
1357970 1995.3
1357980 2000.4
1357990 2000.4
1358000 2003.2
1358010 2001.7
1358020 2001.7
1358030 2002.5
1358040 2005.6
1358050 2005.6
1358060 2008.0
1358070 2009.0
1358080 2008.5
1358090 2008.5
1358100 2008.6
1358110 2009.6
1358120 2009.6
1358130 2008.8
1358140 2009.8
1358150 2009.8
1358160 2011.7
1358170 2015.0
1358180 2015.0
1358190 2017.4
1358200 2019.4
1358210 2019.4
1358220 2021.5
1358230 2025.6
1358240 2025.6
1358250 2028.9
1358260 2030.9
1358270 2030.9
1358280 2032.1
1358290 2034.7
1358300 2034.7
1358310 2037.7
1358320 2041.3
1358330 2043.2
1358340 2043.2
1358350 2044.8
1358360 2046.4
1358370 2046.4
1358380 2047.6
1358390 2048.3
1358400 2048.3
1358410 2049.2
1358420 2050.0
1358430 2050.0
1358440 2051.7
1358450 2054.4
1358460 2054.4
1358470 2057.3
1358480 2061.4
1358490 2061.4
1358500 2064.0
1358510 2066.4
1358520 2066.4
1358530 2066.5
1358540 2065.7
1358550 2065.7
1358560 2066.3
1358570 2067.1
1358580 2068.5
1358590 2068.5
1358600 2071.9
1358610 2076.7
1358620 2076.7
1358630 2082.0
1358640 2087.0
1358650 2087.0
1358660 2093.5
1358670 2104.2
1358680 2104.2
1358690 2111.5
1358700 2117.1
1358710 2122.7
1358720 2128.6
1358730 2135.0
1358740 2135.0
1358750 2141.0
1358760 2147.5
1358770 2147.5
1358780 2153.8
1358790 2160.8
1358800 2160.8
1358810 2167.7
1358820 2175.7
1358830 2183.4
1358840 2183.4
1358850 2195.6
1358860 2208.4
1358870 2208.4
1358880 2221.9
1358890 2234.6
1358900 2234.6
1358910 2246.0
1358920 2245.0
1358930 2245.0
1358940 2236.3
1358950 2227.5
1358960 2227.5
1358970 2219.0
1358980 2212.0
1358990 2212.0
1359000 2204.6
1359010 2197.6
1359020 2197.6
1359030 2190.0
1359040 2182.5
1359050 2182.5
1359060 2174.6
1359070 2168.4
1359080 2163.1
1359090 2163.1
1359100 2157.3
1359110 2151.0
1359120 2151.0
1359130 2146.1
1359140 2144.9
1359150 2144.9
1359160 2144.2
1359170 2142.7
1359180 2142.7
1359190 2140.6
1359200 2138.0
1359210 2138.0
1359220 2135.6
1359230 2134.2
1359240 2134.2
1359250 2132.7
1359260 2130.9
1359270 2130.9
1359280 2129.4
1359290 2127.9
1359300 2127.9
1359310 2123.7
1359320 2118.4
1359330 2111.2
1359340 2111.2
1359350 2101.3
1359360 2091.3
1359370 2091.3
1359380 2082.1
1359390 2072.8
1359400 2072.8
1359410 2064.7
1359420 2056.2
1359430 2056.2
1359440 2048.6
1359450 2041.3
1359460 2041.3
1359470 2035.0
1359480 2029.2
1359490 2029.2
1359500 2023.8
1359510 2019.6
1359520 2019.6
1359530 2015.8
1359540 2012.7
1359550 2010.5
1359560 2010.5
1359570 2008.8
1359580 2009.0
1359590 2009.0
1359600 2009.7
1359610 2009.2
1359620 2009.2
1359630 2004.7
1359640 1995.4
1359650 1995.4
1359660 1984.1
1359670 1976.1
1359680 1976.1
1359690 1967.5
1359700 1957.8
1359710 1957.8
1359720 1950.3
1359730 1944.6
1359740 1944.6
1359750 1944.1
1359760 1943.8
1359770 1943.8
1359780 1943.3
1359790 1942.7
1359800 1942.2
1359810 1942.2
1359820 1941.5
1359830 1940.7
1359840 1940.7
1359850 1940.0
1359860 1939.1
1359870 1939.1
1359880 1938.7
1359890 1938.5
1359900 1938.5
1359910 1938.6
1359920 1939.2
1359930 1939.2
1359940 1941.0
1359950 1943.9
1359960 1943.9
1359970 1947.1
1359980 1951.0
1359990 1951.0
