1340000 1568.4
1340010 1568.7
1340020 1568.7
1340030 1568.7
1340040 1569.1
1340050 1569.8
1340060 1569.8
1340070 1570.9
1340080 1572.0
1340090 1572.0
1340100 1572.6
1340110 1573.2
1340120 1573.2
1340130 1573.7
1340140 1575.5
1340150 1575.5
1340160 1578.4
1340170 1580.9
1340180 1580.9
1340190 1582.9
1340200 1585.1
1340210 1585.1
1340220 1588.7
1340230 1593.0
1340240 1593.0
1340250 1596.3
1340260 1598.4
1340270 1598.4
1340280 1599.6
1340290 1601.5
1340300 1606.1
1340310 1606.1
1340320 1611.0
1340330 1615.0
1340340 1615.0
1340350 1618.6
1340360 1622.2
1340370 1622.2
1340380 1627.1
1340390 1629.6
1340400 1629.6
1340410 1630.7
1340420 1631.9
1340430 1631.9
1340440 1633.0
1340450 1632.9
1340460 1632.9
1340470 1632.9
1340480 1633.2
1340490 1633.2
1340500 1632.8
1340510 1631.7
1340520 1631.7
1340530 1631.2
1340540 1632.5
1340550 1635.5
1340560 1635.5
1340570 1638.5
1340580 1641.3
1340590 1641.3
1340600 1643.7
1340610 1646.0
1340620 1646.0
1340630 1647.6
1340640 1649.1
1340650 1649.1
1340660 1650.8
1340670 1652.4
1340680 1652.4
1340690 1653.6
1340700 1654.3
1340710 1654.3
1340720 1656.4
1340730 1659.9
1340740 1659.9
1340750 1664.5
1340760 1669.8
1340770 1669.8
1340780 1674.3
1340790 1677.7
1340800 1680.4
1340810 1680.4
1340820 1683.1
1340830 1688.6
1340840 1688.6
1340850 1695.7
1340860 1701.2
1340870 1701.2
1340880 1706.3
1340890 1712.0
1340900 1712.0
1340910 1716.0
1340920 1719.0
1340930 1719.0
1340940 1721.4
1340950 1723.8
1340960 1723.8
1340970 1726.0
1340980 1728.3
1340990 1728.3
1341000 1730.1
1341010 1731.7
1341020 1731.7
1341030 1733.4
1341040 1735.0
1341050 1736.5
1341060 1736.5
1341070 1738.1
1341080 1740.0
1341090 1740.0
1341100 1741.8
1341110 1743.2
1341120 1743.2
1341130 1743.8
1341140 1745.0
1341150 1745.0
1341160 1746.6
1341170 1748.1
1341180 1748.1
1341190 1749.3
1341200 1750.3
1341210 1750.3
1341220 1751.4
1341230 1751.8
1341240 1751.8
1341250 1748.3
1341260 1745.1
1341270 1745.1
1341280 1737.8
1341290 1730.7
1341300 1724.3
1341310 1724.3
1341320 1718.0
1341330 1711.3
1341340 1711.3
1341350 1704.2
1341360 1696.7
1341370 1696.7
1341380 1690.4
1341390 1683.7
1341400 1683.7
1341410 1676.8
1341420 1671.4
1341430 1671.4
1341440 1667.1
1341450 1662.9
1341460 1662.9
1341470 1658.2
1341480 1653.0
1341490 1653.0
1341500 1648.9
1341510 1645.3
1341520 1645.3
1341530 1641.2
1341540 1636.9
1341550 1635.4
1341560 1635.4
1341570 1634.3
1341580 1632.6
1341590 1632.6
1341600 1631.6
1341610 1629.4
1341620 1629.4
1341630 1626.4
1341640 1624.8
1341650 1624.8
1341660 1624.2
1341670 1624.8
1341680 1624.8
1341690 1622.7
1341700 1620.5
1341710 1620.5
1341720 1617.5
1341730 1614.9
1341740 1614.9
1341750 1611.6
1341760 1607.9
1341770 1607.9
1341780 1603.9
1341790 1598.8
1341800 1592.5
1341810 1592.5
1341820 1586.4
1341830 1582.2
1341840 1582.2
1341850 1582.4
1341860 1580.6
1341870 1580.6
1341880 1577.9
1341890 1577.6
1341900 1577.6
1341910 1576.6
1341920 1575.0
1341930 1575.0
1341940 1575.1
1341950 1577.0
1341960 1577.0
1341970 1580.6
1341980 1583.4
1341990 1583.4
1342000 1584.9
1342010 1583.8
1342020 1583.8
1342030 1578.1
1342040 1573.1
1342050 1563.3
1342060 1563.3
1342070 1555.2
1342080 1551.0
1342090 1551.0
1342100 1547.9
1342110 1543.3
1342120 1543.3
1342130 1539.2
1342140 1536.7
1342150 1541.1
1342160 1537.6
1342170 1532.4
1342180 1532.4
1342190 1523.8
1342200 1516.0
1342210 1516.0
1342220 1511.5
1342230 1509.5
1342240 1509.5
1342250 1507.7
1342260 1505.1
1342270 1505.1
1342280 1503.1
1342290 1501.8
1342300 1498.3
1342310 1498.3
1342320 1492.0
1342330 1487.2
1342340 1487.2
1342350 1483.4
1342360 1479.0
1342370 1479.0
1342380 1474.1
1342390 1469.0
1342400 1469.0
1342410 1464.6
1342420 1460.4
1342430 1460.4
1342440 1456.0
1342450 1450.6
1342460 1450.6
1342470 1445.2
1342480 1439.7
1342490 1439.7
1342500 1434.8
1342510 1429.7
1342520 1424.3
1342530 1424.3
1342540 1418.8
1342550 1413.3
1342560 1413.3
1342570 1407.5
1342580 1401.9
1342590 1401.9
1342600 1396.8
1342610 1392.5
1342620 1392.5
1342630 1387.8
1342640 1383.1
1342650 1383.1
1342660 1379.1
1342670 1374.4
1342680 1374.4
1342690 1370.1
1342700 1364.7
1342710 1364.7
1342720 1358.7
1342730 1353.8
1342740 1353.8
1342750 1351.4
1342760 1349.1
1342770 1346.7
1342780 1346.7
1342790 1345.0
1342800 1344.1
1342810 1344.1
1342820 1343.2
1342830 1341.2
1342840 1341.2
1342850 1340.8
1342860 1340.8
1342870 1340.8
1342880 1340.7
1342890 1340.3
1342900 1340.3
1342910 1340.7
1342920 1341.0
1342930 1341.0
1342940 1341.8
1342950 1343.2
1342960 1343.2
1342970 1343.8
1342980 1344.3
1342990 1344.3
1343000 1344.8
1343010 1345.4
1343020 1346.0
1343030 1346.0
1343040 1346.8
1343050 1348.4
1343060 1348.4
1343070 1350.0
1343080 1351.2
1343090 1351.2
1343100 1352.9
1343110 1355.2
1343120 1355.2
1343130 1357.5
1343140 1359.6
1343150 1359.6
1343160 1361.4
1343170 1363.0
1343180 1363.0
1343190 1364.7
1343200 1367.1
1343210 1367.1
1343220 1369.6
1343230 1372.3
1343240 1372.3
1343250 1375.9
1343260 1380.0
1343270 1384.5
1343280 1384.5
1343290 1389.0
1343300 1393.7
1343310 1393.7
1343320 1398.2
1343330 1402.3
1343340 1402.3
1343350 1406.0
1343360 1410.0
1343370 1410.0
1343380 1413.2
1343390 1416.6
1343400 1416.6
1343410 1420.6
1343420 1424.0
1343430 1424.0
1343440 1427.2
1343450 1428.1
1343460 1428.1
1343470 1427.4
1343480 1427.2
1343490 1427.2
1343500 1430.8
1343510 1438.0
1343520 1445.1
1343530 1445.1
1343540 1451.9
1343550 1459.2
1343560 1459.2
1343570 1466.2
1343580 1474.2
1343590 1474.2
1343600 1483.6
1343610 1492.1
1343620 1492.1
1343630 1499.7
1343640 1507.0
1343650 1507.0
1343660 1514.5
1343670 1521.9
1343680 1521.9
1343690 1529.9
1343700 1536.8
1343710 1536.8
1343720 1545.2
1343730 1555.4
1343740 1555.4
1343750 1561.8
1343760 1566.1
1343770 1569.9
1343780 1569.9
1343790 1576.6
1343800 1584.1
1343810 1584.1
1343820 1593.3
1343830 1603.5
1343840 1603.5
1343850 1613.2
1343860 1620.6
1343870 1620.6
1343880 1626.6
1343890 1632.1
1343900 1632.1
1343910 1637.2
1343920 1641.3
1343930 1641.3
1343940 1643.5
1343950 1649.3
1343960 1649.3
1343970 1652.1
1343980 1654.8
1343990 1654.8
1344000 1658.3
1344010 1663.2
1344020 1669.9
1344030 1669.9
1344040 1680.7
1344050 1688.2
1344060 1688.2
1344070 1695.2
1344080 1702.1
1344090 1702.1
1344100 1707.7
1344110 1712.4
1344120 1712.4
1344130 1716.8
1344140 1720.8
1344150 1720.8
1344160 1724.4
1344170 1727.8
1344180 1727.8
1344190 1731.3
1344200 1735.3
1344210 1735.3
1344220 1737.5
1344230 1739.1
1344240 1739.1
1344250 1742.3
1344260 1746.6
1344270 1750.1
1344280 1750.1
1344290 1754.2
1344300 1758.6
1344310 1758.6
1344320 1762.6
1344330 1767.5
1344340 1767.5
1344350 1773.6
1344360 1779.7
1344370 1779.7
1344380 1785.6
1344390 1791.6
1344400 1791.6
1344410 1798.1
1344420 1804.4
1344430 1804.4
1344440 1809.1
1344450 1813.0
1344460 1813.0
1344470 1817.7
1344480 1823.5
1344490 1823.5
1344500 1828.9
1344510 1834.5
1344520 1841.0
1344530 1841.0
1344540 1846.7
1344550 1851.5
1344560 1851.5
1344570 1857.1
1344580 1862.3
1344590 1862.3
1344600 1867.1
1344610 1872.2
1344620 1872.2
1344630 1876.3
1344640 1880.3
1344650 1880.3
1344660 1884.1
1344670 1887.7
1344680 1887.7
1344690 1890.7
1344700 1895.3
1344710 1895.3
1344720 1900.5
1344730 1905.4
1344740 1905.4
1344750 1910.4
1344760 1915.5
1344770 1921.9
1344780 1921.9
1344790 1929.6
1344800 1937.7
1344810 1937.7
1344820 1946.8
1344830 1957.3
1344840 1957.3
1344850 1965.8
1344860 1969.9
1344870 1969.9
1344880 1977.4
1344890 1986.3
1344900 1986.3
1344910 1993.1
1344920 1996.9
1344930 1996.9
1344940 2002.9
1344950 2009.0
1344960 2009.0
1344970 2015.8
1344980 2022.7
1344990 2028.3
1345000 2028.3
1345010 2030.8
1345020 2033.0
1345030 2033.0
1345040 2035.1
1345050 2035.9
1345060 2035.9
1345070 2036.3
1345080 2036.3
1345090 2036.3
1345100 2036.2
1345110 2035.2
1345120 2035.2
1345130 2033.1
1345140 2030.7
1345150 2030.7
1345160 2029.2
1345170 2027.5
1345180 2027.5
1345190 2025.5
1345200 2023.9
1345210 2023.9
1345220 2023.2
1345230 2022.8
1345240 2023.6
1345250 2023.6
1345260 2024.7
1345270 2025.1
1345280 2025.1
1345290 2025.1
1345300 2024.6
1345310 2024.6
1345320 2023.5
1345330 2022.9
1345340 2022.9
1345350 2022.6
1345360 2022.6
1345370 2022.6
1345380 2022.1
1345390 2022.0
1345400 2022.0
1345410 2022.3
1345420 2022.7
1345430 2022.7
1345440 2022.9
1345450 2023.0
1345460 2023.0
1345470 2023.1
1345480 2023.8
1345490 2025.1
1345500 2025.1
1345510 2026.7
1345520 2028.5
1345530 2028.5
1345540 2029.9
1345550 2030.9
1345560 2030.9
1345570 2031.0
1345580 2030.4
1345590 2030.4
1345600 2029.3
1345610 2027.9
1345620 2027.9
1345630 2026.1
1345640 2024.3
1345650 2024.3
1345660 2022.4
1345670 2021.1
1345680 2021.1
1345690 2020.2
1345700 2018.6
1345710 2018.6
1345720 2016.7
1345730 2014.9
1345740 2013.1
1345750 2013.1
1345760 2011.3
1345770 2007.3
1345780 2007.3
1345790 2002.9
1345800 1995.8
1345810 1995.8
1345820 1988.4
1345830 1983.5
1345840 1983.5
1345850 1979.4
1345860 1976.8
1345870 1976.8
1345880 1973.9
1345890 1968.6
1345900 1968.6
1345910 1961.7
1345920 1957.9
1345930 1957.9
1345940 1954.2
1345950 1952.5
1345960 1952.5
1345970 1948.6
1345980 1944.3
1345990 1939.7
1346000 1939.7
1346010 1933.2
1346020 1926.4
1346030 1926.4
1346040 1921.1
1346050 1916.6
1346060 1916.6
1346070 1913.6
1346080 1910.6
1346090 1910.6
1346100 1907.6
1346110 1904.8
1346120 1904.8
1346130 1902.7
1346140 1900.1
1346150 1900.1
1346160 1896.9
1346170 1893.4
1346180 1893.4
1346190 1888.7
1346200 1883.5
1346210 1883.5
1346220 1877.5
1346230 1870.8
1346240 1864.8
1346250 1864.8
1346260 1859.2
1346270 1855.2
1346280 1855.2
1346290 1852.3
1346300 1849.7
1346310 1849.7
1346320 1846.8
1346330 1844.0
1346340 1844.0
1346350 1839.6
1346360 1834.6
1346370 1834.6
1346380 1829.5
1346390 1825.1
1346400 1825.1
1346410 1821.1
1346420 1817.5
1346430 1817.5
1346440 1813.4
1346450 1809.8
1346460 1809.8
1346470 1807.5
1346480 1805.6
1346490 1802.7
1346500 1802.7
1346510 1799.5
1346520 1797.5
1346530 1797.5
1346540 1795.1
1346550 1792.3
1346560 1792.3
1346570 1789.5
1346580 1787.0
1346590 1787.0
1346600 1784.3
1346610 1781.9
1346620 1781.9
1346630 1778.6
1346640 1774.5
1346650 1774.5
1346660 1770.0
1346670 1765.9
1346680 1765.9
1346690 1761.5
1346700 1756.9
1346710 1756.9
1346720 1752.1
1346730 1747.0
1346740 1742.6
1346750 1742.6
1346760 1738.3
1346770 1733.7
1346780 1733.7
1346790 1731.0
1346800 1727.4
1346810 1727.4
1346820 1722.5
1346830 1718.3
1346840 1718.3
1346850 1714.5
1346860 1710.0
1346870 1710.0
1346880 1703.5
1346890 1697.0
1346900 1697.0
1346910 1691.5
1346920 1686.3
1346930 1686.3
1346940 1681.0
1346950 1676.5
1346960 1676.5
1346970 1671.9
1346980 1668.3
1346990 1662.2
1347000 1662.2
1347010 1657.2
1347020 1652.8
1347030 1652.8
1347040 1648.7
1347050 1645.4
1347060 1645.4
1347070 1641.8
1347080 1636.9
1347090 1636.9
1347100 1632.1
1347110 1626.3
1347120 1626.3
1347130 1620.0
1347140 1614.7
1347150 1614.7
1347160 1609.7
1347170 1604.5
1347180 1604.5
1347190 1600.3
1347200 1596.9
1347210 1596.9
1347220 1592.3
1347230 1587.5
1347240 1583.4
1347250 1583.4
1347260 1580.0
1347270 1578.0
1347280 1578.0
1347290 1576.2
1347300 1574.2
1347310 1574.2
1347320 1571.2
1347330 1567.8
1347340 1567.8
1347350 1564.2
1347360 1561.0
1347370 1561.0
1347380 1557.8
1347390 1555.4
1347400 1555.4
1347410 1552.3
1347420 1547.4
1347430 1547.4
1347440 1541.8
1347450 1538.4
1347460 1536.4
1347470 1536.4
1347480 1533.4
1347490 1529.6
1347500 1529.6
1347510 1524.1
1347520 1517.4
1347530 1517.4
1347540 1511.7
1347550 1509.4
1347560 1509.4
1347570 1506.1
1347580 1503.0
1347590 1503.0
1347600 1498.8
1347610 1494.6
1347620 1497.3
1347630 1493.2
1347640 1488.5
1347650 1488.5
1347660 1484.8
1347670 1483.6
1347680 1483.6
1347690 1480.6
1347700 1476.4
1347710 1473.1
1347720 1473.1
1347730 1470.7
1347740 1468.1
1347750 1468.1
1347760 1464.3
1347770 1460.0
1347780 1460.0
1347790 1455.7
1347800 1451.2
1347810 1451.2
1347820 1446.5
1347830 1440.5
1347840 1440.5
1347850 1433.9
1347860 1428.7
1347870 1428.7
1347880 1426.0
1347890 1425.1
1347900 1425.1
1347910 1424.5
1347920 1423.3
1347930 1423.3
1347940 1422.3
1347950 1421.5
1347960 1420.7
1347970 1420.7
1347980 1419.6
1347990 1417.5
1348000 1417.5
1348010 1415.4
1348020 1416.3
1348030 1416.3
1348040 1415.7
1348050 1414.1
1348060 1414.1
1348070 1413.2
1348080 1412.2
1348090 1412.2
1348100 1411.2
1348110 1409.3
1348120 1409.3
1348130 1408.1
1348140 1408.1
1348150 1408.1
1348160 1406.9
1348170 1402.3
1348180 1402.3
1348190 1400.6
1348200 1400.6
1348210 1400.5
1348220 1400.5
1348230 1400.5
1348240 1401.5
1348250 1401.5
1348260 1403.1
1348270 1404.9
1348280 1404.9
1348290 1408.3
1348300 1412.8
1348310 1412.8
1348320 1418.1
1348330 1421.7
1348340 1421.7
1348350 1424.5
1348360 1425.4
1348370 1425.4
1348380 1429.4
1348390 1434.9
1348400 1434.9
1348410 1439.5
1348420 1444.2
1348430 1444.2
1348440 1448.9
1348450 1453.1
1348460 1457.2
1348470 1457.2
1348480 1461.1
1348490 1463.7
1348500 1463.7
1348510 1466.2
1348520 1468.3
1348530 1468.3
1348540 1470.1
1348550 1473.4
1348560 1473.4
1348570 1476.6
1348580 1480.1
1348590 1480.1
1348600 1483.4
1348610 1486.4
1348620 1486.4
1348630 1488.5
1348640 1490.9
1348650 1490.9
1348660 1494.8
1348670 1502.6
1348680 1502.6
1348690 1511.4
1348700 1517.5
1348710 1523.2
1348720 1523.2
1348730 1529.3
1348740 1533.6
1348750 1533.6
1348760 1538.4
1348770 1543.3
1348780 1543.3
1348790 1549.0
1348800 1553.6
1348810 1553.6
1348820 1557.3
1348830 1561.4
1348840 1561.4
1348850 1565.3
1348860 1569.0
1348870 1569.0
1348880 1573.0
1348890 1577.4
1348900 1577.4
1348910 1582.3
1348920 1587.3
1348930 1587.3
1348940 1591.6
1348950 1596.2
1348960 1599.5
1348970 1599.5
1348980 1600.8
1348990 1601.7
1349000 1601.7
1349010 1602.5
1349020 1603.3
1349030 1603.3
1349040 1604.2
1349050 1605.5
1349060 1605.5
1349070 1608.0
1349080 1611.6
1349090 1611.6
1349100 1616.2
1349110 1621.4
1349120 1621.4
1349130 1626.1
1349140 1630.1
1349150 1630.1
1349160 1633.7
1349170 1637.7
1349180 1637.7
1349190 1641.0
1349200 1644.6
1349210 1649.2
1349220 1649.2
1349230 1653.3
1349240 1656.9
1349250 1656.9
1349260 1660.8
1349270 1664.8
1349280 1664.8
1349290 1668.3
1349300 1671.7
1349310 1671.7
1349320 1675.8
1349330 1680.0
1349340 1680.0
1349350 1684.2
1349360 1687.9
1349370 1687.9
1349380 1692.5
1349390 1698.6
1349400 1698.6
1349410 1705.2
1349420 1711.0
1349430 1711.0
1349440 1717.3
1349450 1723.6
1349460 1728.9
1349470 1728.9
1349480 1733.4
1349490 1738.9
1349500 1738.9
1349510 1743.3
1349520 1747.4
1349530 1747.4
1349540 1750.9
1349550 1754.4
1349560 1754.4
1349570 1758.2
1349580 1762.6
1349590 1762.6
1349600 1766.4
1349610 1771.9
1349620 1771.9
1349630 1775.5
1349640 1778.2
1349650 1778.2
1349660 1781.4
1349670 1786.4
1349680 1786.4
1349690 1792.0
1349700 1796.5
1349710 1800.3
1349720 1800.3
1349730 1807.1
1349740 1814.3
1349750 1814.3
1349760 1821.5
1349770 1829.4
1349780 1829.4
1349790 1837.7
1349800 1845.7
1349810 1845.7
1349820 1850.3
1349830 1852.7
1349840 1852.7
1349850 1855.8
1349860 1858.1
1349870 1858.1
1349880 1860.2
1349890 1862.8
1349900 1862.8
1349910 1865.8
1349920 1872.4
1349930 1879.8
1349940 1879.8
1349950 1888.3
1349960 1895.5
1349970 1895.5
1349980 1899.5
1349990 1902.2
1350000 1902.2
1350010 1903.8
1350020 1906.0
1350030 1906.0
1350040 1910.5
1350050 1914.3
1350060 1914.3
1350070 1916.9
1350080 1921.9
1350090 1921.9
1350100 1925.1
1350110 1927.0
1350120 1927.0
1350130 1929.6
1350140 1932.2
1350150 1932.2
1350160 1933.2
1350170 1933.4
1350180 1934.1
1350190 1934.1
1350200 1935.2
1350210 1936.1
1350220 1936.1
1350230 1937.1
1350240 1937.8
1350250 1937.8
1350260 1939.1
1350270 1940.1
1350280 1940.1
1350290 1941.3
1350300 1942.2
1350310 1942.2
1350320 1942.2
1350330 1941.7
1350340 1941.7
1350350 1941.4
1350360 1941.3
1350370 1941.3
1350380 1940.8
1350390 1940.2
1350400 1940.2
1350410 1939.5
1350420 1936.8
1350430 1933.2
1350440 1936.9
1350450 1934.2
1350460 1932.2
1350470 1932.2
1350480 1930.8
1350490 1929.0
1350500 1929.0
1350510 1927.3
1350520 1926.0
1350530 1926.0
1350540 1923.2
1350550 1922.0
1350560 1922.0
1350570 1922.3
1350580 1920.0
1350590 1920.0
1350600 1916.4
1350610 1913.9
1350620 1913.9
1350630 1910.3
1350640 1905.2
1350650 1905.2
1350660 1901.3
1350670 1898.5
1350680 1895.4
1350690 1895.4
1350700 1895.7
1350710 1893.1
1350720 1893.1
1350730 1885.2
1350740 1877.4
1350750 1877.4
1350760 1868.2
1350770 1859.4
1350780 1859.4
1350790 1851.9
1350800 1847.3
1350810 1847.3
1350820 1841.4
1350830 1840.2
1350840 1840.2
1350850 1844.5
1350860 1848.8
1350870 1848.8
1350880 1852.8
1350890 1857.0
1350900 1857.0
1350910 1859.3
1350920 1855.6
1350930 1850.5
1350940 1850.5
1350950 1847.4
1350960 1845.2
1350970 1845.2
1350980 1843.3
1350990 1840.7
1351000 1840.7
1351010 1836.7
1351020 1829.7
1351030 1829.7
1351040 1821.3
1351050 1814.0
1351060 1814.0
1351070 1805.4
1351080 1797.1
1351090 1797.1
1351100 1788.4
1351110 1778.8
1351120 1778.8
1351130 1770.0
1351140 1761.6
1351150 1761.6
1351160 1753.7
1351170 1746.2
1351180 1737.8
1351190 1737.8
1351200 1730.2
1351210 1723.3
1351220 1723.3
1351230 1716.4
1351240 1709.0
1351250 1709.0
1351260 1701.0
1351270 1693.1
1351280 1693.1
1351290 1686.8
1351300 1682.1
1351310 1682.1
1351320 1679.0
1351330 1677.5
1351340 1677.5
1351350 1675.4
1351360 1670.9
1351370 1670.9
1351380 1665.9
1351390 1661.6
1351400 1661.6
1351410 1654.4
1351420 1648.0
1351430 1642.9
1351440 1642.9
1351450 1639.3
1351460 1636.3
1351470 1636.3
1351480 1633.6
1351490 1630.4
1351500 1630.4
1351510 1626.5
1351520 1622.4
1351530 1622.4
1351540 1616.6
1351550 1610.7
1351560 1610.7
1351570 1604.6
1351580 1598.0
1351590 1598.0
1351600 1593.0
1351610 1585.3
1351620 1585.3
1351630 1576.4
1351640 1568.7
1351650 1568.7
1351660 1560.4
1351670 1552.0
1351680 1543.2
1351690 1543.2
1351700 1533.8
1351710 1525.0
1351720 1525.0
1351730 1516.8
1351740 1509.2
1351750 1509.2
1351760 1507.4
1351770 1509.5
1351780 1509.5
1351790 1515.8
1351800 1519.6
1351810 1519.6
1351820 1523.9
1351830 1527.1
1351840 1527.1
1351850 1531.8
1351860 1535.6
1351870 1535.6
1351880 1539.5
1351890 1544.4
1351900 1544.4
1351910 1546.0
1351920 1548.0
1351930 1549.8
1351940 1549.8
1351950 1550.5
1351960 1552.7
1351970 1552.7
1351980 1554.7
1351990 1554.7
1352000 1554.7
1352010 1553.7
1352020 1554.3
1352030 1554.3
1352040 1555.8
1352050 1556.0
1352060 1556.0
1352070 1554.8
1352080 1551.6
1352090 1551.6
1352100 1546.3
1352110 1540.3
1352120 1540.3
1352130 1532.7
1352140 1525.9
1352150 1525.9
1352160 1518.5
1352170 1511.7
1352180 1504.5
1352190 1504.5
1352200 1496.5
1352210 1496.7
1352220 1496.7
1352230 1501.6
1352240 1505.0
1352250 1505.0
1352260 1510.8
1352270 1513.2
1352280 1513.2
1352290 1511.8
1352300 1512.9
1352310 1512.9
1352320 1508.1
1352330 1503.2
1352340 1503.2
1352350 1511.7
1352360 1509.3
1352370 1509.3
1352380 1507.6
1352390 1506.7
1352400 1508.1
1352410 1508.1
1352420 1511.6
1352430 1515.4
1352440 1515.4
1352450 1519.4
1352460 1521.6
1352470 1521.6
1352480 1522.8
1352490 1520.2
1352500 1520.2
1352510 1517.6
1352520 1514.8
1352530 1514.8
1352540 1515.5
1352550 1513.0
1352560 1513.0
1352570 1512.7
1352580 1514.9
1352590 1514.9
1352600 1515.5
1352610 1514.4
1352620 1514.4
1352630 1511.8
1352640 1507.3
1352650 1506.5
1352660 1506.5
1352670 1506.3
1352680 1507.4
1352690 1507.4
1352700 1510.0
1352710 1512.2
1352720 1512.2
1352730 1515.7
1352740 1517.1
1352750 1517.1
1352760 1517.9
1352770 1515.1
1352780 1515.1
1352790 1511.1
1352800 1504.7
1352810 1504.7
1352820 1498.3
1352830 1491.8
1352840 1491.8
1352850 1486.9
1352860 1486.0
1352870 1486.0
1352880 1484.7
1352890 1483.9
1352900 1480.8
1352910 1480.8
1352920 1478.0
1352930 1473.8
1352940 1473.8
1352950 1468.2
1352960 1462.0
1352970 1462.0
1352980 1455.7
1352990 1455.0
1353000 1455.0
1353010 1457.8
1353020 1461.5
1353030 1461.5
1353040 1464.3
1353050 1468.1
1353060 1468.1
1353070 1472.9
1353080 1475.0
1353090 1475.0
1353100 1478.1
1353110 1480.6
1353120 1480.6
1353130 1482.2
1353140 1483.8
1353150 1483.7
1353160 1483.7
1353170 1482.1
1353180 1480.0
1353190 1480.0
1353200 1476.9
1353210 1475.4
1353220 1475.4
1353230 1474.1
1353240 1472.9
1353250 1472.9
1353260 1473.2
1353270 1473.5
1353280 1473.5
1353290 1472.2
1353300 1470.7
1353310 1478.0
1353320 1477.9
1353330 1477.6
1353340 1477.6
1353350 1475.5
1353360 1471.6
1353370 1471.6
1353380 1469.8
1353390 1471.7
1353400 1473.0
1353410 1473.0
1353420 1470.6
1353430 1463.9
1353440 1463.9
1353450 1457.2
1353460 1450.6
1353470 1450.6
1353480 1443.2
1353490 1436.7
1353500 1436.7
1353510 1430.2
1353520 1424.1
1353530 1424.1
1353540 1417.5
1353550 1411.4
1353560 1411.4
1353570 1404.9
1353580 1398.0
1353590 1398.0
1353600 1391.8
1353610 1385.8
1353620 1385.8
1353630 1379.3
1353640 1372.9
1353650 1365.6
1353660 1365.6
1353670 1358.9
1353680 1352.4
1353690 1352.4
1353700 1345.6
1353710 1339.9
1353720 1339.9
1353730 1331.8
1353740 1323.0
1353750 1323.0
1353760 1315.2
1353770 1306.9
1353780 1306.9
1353790 1300.0
1353800 1295.3
1353810 1295.3
1353820 1291.3
1353830 1286.1
1353840 1286.1
1353850 1282.7
1353860 1277.1
1353870 1277.1
1353880 1269.9
1353890 1262.0
1353900 1254.4
1353910 1254.4
1353920 1247.2
1353930 1239.4
1353940 1239.4
1353950 1231.9
1353960 1224.7
1353970 1224.7
1353980 1217.6
1353990 1213.3
1354000 1213.3
1354010 1212.3
1354020 1208.9
1354030 1208.9
1354040 1206.3
1354050 1201.0
1354060 1201.0
1354070 1197.2
1354080 1192.8
1354090 1192.8
1354100 1186.5
1354110 1175.7
1354120 1175.7
1354130 1161.2
1354140 1151.3
1354150 1145.0
1354160 1145.0
1354170 1138.3
1354180 1137.3
1354190 1137.3
1354200 1136.7
1354210 1133.8
1354220 1133.8
1354230 1132.5
1354240 1132.3
1354250 1132.3
1354260 1130.1
1354270 1127.8
1354280 1127.8
1354290 1125.6
1354300 1124.4
1354310 1124.4
1354320 1122.5
1354330 1122.0
1354340 1122.0
1354350 1121.3
1354360 1120.4
1354370 1120.4
1354380 1120.0
1354390 1119.9
1354400 1119.6
1354410 1119.6
1354420 1116.8
1354430 1114.6
1354440 1114.6
1354450 1114.6
1354460 1110.7
1354470 1110.7
1354480 1104.1
1354490 1100.0
1354500 1100.0
1354510 1098.3
1354520 1094.6
1354530 1094.6
1354540 1092.0
1354550 1091.7
1354560 1091.7
1354570 1093.7
1354580 1097.8
1354590 1097.8
1354600 1104.1
1354610 1107.3
1354620 1106.2
1354630 1106.2
1354640 1105.2
1354650 1104.3
1354660 1104.3
1354670 1102.6
1354680 1100.5
1354690 1100.5
1354700 1100.1
1354710 1099.6
1354720 1099.6
1354730 1098.6
1354740 1097.9
1354750 1097.9
1354760 1097.2
1354770 1096.8
1354780 1096.8
1354790 1095.4
1354800 1094.4
1354810 1094.4
1354820 1093.4
1354830 1092.4
1354840 1092.4
1354850 1091.3
1354860 1090.1
1354870 1089.0
1354880 1089.0
1354890 1087.9
1354900 1087.0
1354910 1087.0
1354920 1086.2
1354930 1085.1
1354940 1085.1
1354950 1083.9
1354960 1082.9
1354970 1082.9
1354980 1082.0
1354990 1079.9
1355000 1079.9
1355010 1078.8
1355020 1078.4
1355030 1078.4
1355040 1077.9
1355050 1077.6
1355060 1077.6
1355070 1077.0
1355080 1074.2
1355090 1074.2
1355100 1067.6
1355110 1059.0
1355120 1050.7
1355130 1050.7
1355140 1044.1
1355150 1038.1
1355160 1038.1
1355170 1032.7
1355180 1030.8
1355190 1030.8
1355200 1029.4
1355210 1026.8
1355220 1026.8
1355230 1026.6
1355240 1029.0
1355250 1029.0
1355260 1031.1
1355270 1033.4
1355280 1033.4
1355290 1033.9
1355300 1034.2
1355310 1034.2
1355320 1035.0
1355330 1035.8
1355340 1035.8
1355350 1035.7
1355360 1036.1
1355370 1035.3
1355380 1035.3
1355390 1037.6
1355400 1039.0
1355410 1039.0
1355420 1040.9
1355430 1043.0
1355440 1043.0
1355450 1044.7
1355460 1047.8
1355470 1047.8
1355480 1049.2
1355490 1049.6
1355500 1049.6
1355510 1052.6
1355520 1055.2
1355530 1055.2
1355540 1056.8
1355550 1058.1
1355560 1058.1
1355570 1059.7
1355580 1063.0
1355590 1063.0
1355600 1064.0
1355610 1065.2
1355620 1066.6
1355630 1066.6
1355640 1068.0
1355650 1069.2
1355660 1069.2
1355670 1070.4
1355680 1072.3
1355690 1072.3
1355700 1073.9
1355710 1076.1
1355720 1076.1
1355730 1079.0
1355740 1081.3
1355750 1081.3
1355760 1083.8
1355770 1087.8
1355780 1087.8
1355790 1090.6
1355800 1092.6
1355810 1092.6
1355820 1095.0
1355830 1097.9
1355840 1097.9
1355850 1100.8
1355860 1105.0
1355870 1108.5
1355880 1108.5
1355890 1111.5
1355900 1114.9
1355910 1114.9
1355920 1117.9
1355930 1119.6
1355940 1119.6
1355950 1121.1
1355960 1122.9
1355970 1122.9
1355980 1122.4
1355990 1124.4
1356000 1124.4
1356010 1129.6
1356020 1141.7
1356030 1141.7
1356040 1150.6
1356050 1156.4
1356060 1156.4
1356070 1161.4
1356080 1166.3
1356090 1166.3
1356100 1167.4
1356110 1169.2
1356120 1173.0
1356130 1173.0
1356140 1178.2
1356150 1185.7
1356160 1185.7
1356170 1196.1
1356180 1211.5
1356190 1211.5
1356200 1224.6
1356210 1232.8
1356220 1232.8
1356230 1240.2
1356240 1246.9
1356250 1246.9
1356260 1258.0
1356270 1266.0
1356280 1266.0
1356290 1272.3
1356300 1276.2
1356310 1276.2
1356320 1281.9
1356330 1290.4
1356340 1290.4
1356350 1298.0
1356360 1305.8
1356370 1313.6
1356380 1313.6
1356390 1322.2
1356400 1328.7
1356410 1328.7
1356420 1336.8
1356430 1343.4
1356440 1343.4
1356450 1350.3
1356460 1358.0
1356470 1358.0
1356480 1362.9
1356490 1366.8
1356500 1366.8
1356510 1369.6
1356520 1372.4
1356530 1372.4
1356540 1373.9
1356550 1378.0
1356560 1378.0
1356570 1380.8
1356580 1381.8
1356590 1381.8
1356600 1381.5
1356610 1380.2
1356620 1378.4
1356630 1378.4
1356640 1377.5
1356650 1377.7
1356660 1377.7
1356670 1379.6
1356680 1382.3
1356690 1382.3
1356700 1384.9
1356710 1387.1
1356720 1387.1
1356730 1389.4
1356740 1393.5
1356750 1393.5
1356760 1397.2
1356770 1400.3
1356780 1400.3
1356790 1405.0
1356800 1407.9
1356810 1407.9
1356820 1411.3
1356830 1414.7
1356840 1414.7
1356850 1416.2
1356860 1418.7
1356870 1422.1
1356880 1422.1
1356890 1425.4
1356900 1428.2
1356910 1428.2
1356920 1429.7
1356930 1432.1
1356940 1432.1
1356950 1434.6
1356960 1437.0
1356970 1437.0
1356980 1439.7
1356990 1441.2
1357000 1441.2
1357010 1442.7
1357020 1443.7
1357030 1443.7
1357040 1443.0
1357050 1444.2
1357060 1444.2
1357070 1445.7
1357080 1448.2
1357090 1450.6
1357100 1450.6
1357110 1452.6
1357120 1451.5
1357130 1451.5
1357140 1449.2
1357150 1445.0
1357160 1445.0
1357170 1440.7
1357180 1437.6
1357190 1437.6
1357200 1444.0
1357210 1448.6
1357220 1448.6
1357230 1449.8
1357240 1450.0
1357250 1458.9
1357260 1458.4
1357270 1459.4
1357280 1459.4
1357290 1460.5
1357300 1460.4
1357310 1460.4
1357320 1461.3
1357330 1462.0
1357340 1462.5
1357350 1462.5
1357360 1462.8
1357370 1463.5
1357380 1463.5
1357390 1463.8
1357400 1462.8
1357410 1462.8
1357420 1461.5
1357430 1463.2
1357440 1463.2
1357450 1464.0
1357460 1464.1
1357470 1464.1
1357480 1461.8
1357490 1464.4
1357500 1464.4
1357510 1471.0
1357520 1480.0
1357530 1480.0
1357540 1486.0
1357550 1493.1
1357560 1493.1
1357570 1501.7
1357580 1508.5
1357590 1509.1
1357600 1509.1
1357610 1503.0
1357620 1495.7
1357630 1495.7
1357640 1489.3
1357650 1487.5
1357660 1487.5
1357670 1491.8
1357680 1502.0
1357690 1502.0
1357700 1520.3
1357710 1530.2
1357720 1530.2
1357730 1538.1
1357740 1546.4
1357750 1546.4
1357760 1556.5
1357770 1563.2
1357780 1563.2
1357790 1568.3
1357800 1573.2
1357810 1573.2
1357820 1577.1
1357830 1579.4
1357840 1581.0
1357850 1581.0
1357860 1584.2
1357870 1587.9
1357880 1587.9
1357890 1589.7
1357900 1591.0
1357910 1591.0
1357920 1591.5
1357930 1590.9
1357940 1590.9
1357950 1590.4
1357960 1593.4
1357970 1593.4
1357980 1599.3
1357990 1608.2
1358000 1608.2
1358010 1617.2
1358020 1624.7
1358030 1624.7
1358040 1631.7
1358050 1640.7
1358060 1640.7
1358070 1651.9
1358080 1665.9
1358090 1681.0
1358100 1681.0
1358110 1689.1
1358120 1697.7
1358130 1697.7
1358140 1707.6
1358150 1712.4
1358160 1712.4
1358170 1719.9
1358180 1730.0
1358190 1730.0
1358200 1739.5
1358210 1745.0
1358220 1745.0
1358230 1753.3
1358240 1756.6
1358250 1756.6
1358260 1769.0
1358270 1775.4
1358280 1775.4
1358290 1778.8
1358300 1781.7
1358310 1781.7
1358320 1782.9
1358330 1785.3
1358340 1788.8
1358350 1788.8
1358360 1794.2
1358370 1799.3
1358380 1799.3
1358390 1803.5
1358400 1806.5
1358410 1806.5
1358420 1810.2
1358430 1814.4
1358440 1814.4
1358450 1818.0
1358460 1820.7
1358470 1820.7
1358480 1823.8
1358490 1826.4
1358500 1826.4
1358510 1828.8
1358520 1831.9
1358530 1831.9
1358540 1835.1
1358550 1837.0
1358560 1837.0
1358570 1837.9
1358580 1838.7
1358590 1839.2
1358600 1839.2
1358610 1840.1
1358620 1842.1
1358630 1842.1
1358640 1845.0
1358650 1848.6
1358660 1848.6
1358670 1851.3
1358680 1855.0
1358690 1855.0
1358700 1858.4
1358710 1861.4
1358720 1861.4
1358730 1864.4
1358740 1869.7
1358750 1869.7
1358760 1876.4
1358770 1883.1
1358780 1883.1
1358790 1890.3
1358800 1896.1
1358810 1896.1
1358820 1900.3
1358830 1904.2
1358840 1907.3
1358850 1907.3
1358860 1909.6
1358870 1914.6
1358880 1914.6
1358890 1920.5
1358900 1923.9
1358910 1923.9
1358920 1926.9
1358930 1929.1
1358940 1929.1
1358950 1932.5
1358960 1935.4
1358970 1935.4
1358980 1933.7
1358990 1933.1
1359000 1933.1
1359010 1935.5
1359020 1938.3
1359030 1938.3
1359040 1942.9
1359050 1947.8
1359060 1947.8
1359070 1953.4
1359080 1959.0
1359090 1964.7
1359100 1964.7
1359110 1970.2
1359120 1975.3
1359130 1975.3
1359140 1980.2
1359150 1986.0
1359160 1986.0
1359170 1993.7
1359180 2001.8
1359190 2001.8
1359200 2013.9
1359210 2022.9
1359220 2022.9
1359230 2027.1
1359240 2029.8
1359250 2029.8
1359260 2032.9
1359270 2045.6
1359280 2045.6
1359290 2052.6
1359300 2056.0
1359310 2060.4
1359320 2060.4
1359330 2062.5
1359340 2064.1
1359350 2064.1
1359360 2065.1
1359370 2069.2
1359380 2069.2
1359390 2076.9
1359400 2083.2
1359410 2083.2
1359420 2086.5
1359430 2087.1
1359440 2087.1
1359450 2083.8
1359460 2080.9
1359470 2080.9
1359480 2074.1
1359490 2072.5
1359500 2072.5
1359510 2076.9
1359520 2085.4
1359530 2085.4
1359540 2088.6
1359550 2091.3
1359560 2092.6
1359570 2092.6
1359580 2090.4
1359590 2087.9
1359600 2087.9
1359610 2085.4
1359620 2086.9
1359630 2086.9
1359640 2088.8
1359650 2090.5
1359660 2090.5
1359670 2094.1
1359680 2099.2
1359690 2099.2
1359700 2106.8
1359710 2118.3
1359720 2118.3
1359730 2128.6
1359740 2136.9
1359750 2136.9
1359760 2137.8
1359770 2127.8
1359780 2127.8
1359790 2120.0
1359800 2107.2
1359810 2098.3
1359820 2098.3
1359830 2089.8
1359840 2081.5
1359850 2081.5
1359860 2073.4
1359870 2065.5
1359880 2065.5
1359890 2056.1
1359900 2044.9
1359910 2044.9
1359920 2035.1
1359930 2026.5
1359940 2026.5
1359950 2018.3
1359960 2010.2
1359970 2010.2
1359980 2003.1
1359990 1996.6
