1340000 1507.6
1340010 1507.6
1340020 1508.4
1340030 1507.6
1340040 1507.6
1340050 1507.0
1340060 1505.2
1340070 1505.2
1340080 1504.3
1340090 1505.8
1340100 1505.8
1340110 1506.9
1340120 1507.3
1340130 1507.3
1340140 1508.6
1340150 1511.0
1340160 1511.0
1340170 1512.4
1340180 1512.2
1340190 1512.2
1340200 1515.6
1340210 1517.9
1340220 1521.7
1340230 1521.7
1340240 1525.0
1340250 1526.1
1340260 1526.1
1340270 1526.2
1340280 1526.5
1340290 1526.5
1340300 1527.0
1340310 1528.4
1340320 1528.4
1340330 1530.2
1340340 1532.5
1340350 1532.5
1340360 1534.9
1340370 1537.2
1340380 1537.2
1340390 1539.7
1340400 1542.7
1340410 1542.7
1340420 1545.4
1340430 1547.0
1340440 1547.0
1340450 1548.8
1340460 1551.0
1340470 1553.3
1340480 1553.3
1340490 1556.4
1340500 1558.1
1340510 1558.1
1340520 1559.0
1340530 1560.1
1340540 1560.1
1340550 1561.5
1340560 1563.4
1340570 1563.4
1340580 1565.3
1340590 1567.8
1340600 1567.8
1340610 1570.3
1340620 1572.2
1340630 1572.2
1340640 1573.7
1340650 1574.7
1340660 1574.7
1340670 1576.6
1340680 1580.2
1340690 1580.2
1340700 1582.9
1340710 1585.3
1340720 1589.2
1340730 1589.2
1340740 1594.8
1340750 1601.3
1340760 1601.3
1340770 1605.9
1340780 1607.8
1340790 1607.8
1340800 1609.7
1340810 1611.6
1340820 1611.6
1340830 1615.0
1340840 1620.4
1340850 1620.4
1340860 1623.1
1340870 1624.6
1340880 1624.6
1340890 1626.4
1340900 1628.1
1340910 1628.1
1340920 1629.3
1340930 1630.7
1340940 1630.7
1340950 1631.7
1340960 1632.5
1340970 1633.5
1340980 1633.5
1340990 1634.7
1341000 1635.7
1341010 1635.7
1341020 1637.1
1341030 1638.9
1341040 1638.9
1341050 1640.6
1341060 1642.0
1341070 1642.0
1341080 1647.0
1341090 1649.5
1341100 1649.5
1341110 1651.7
1341120 1653.4
1341130 1653.4
1341140 1654.7
1341150 1655.9
1341160 1655.9
1341170 1657.5
1341180 1659.5
1341190 1661.8
1341200 1661.8
1341210 1663.3
1341220 1664.4
1341230 1664.4
1341240 1663.2
1341250 1659.4
1341260 1659.4
1341270 1659.8
1341280 1662.5
1341290 1662.5
1341300 1663.8
1341310 1664.0
1341320 1664.0
1341330 1663.6
1341340 1662.8
1341350 1662.8
1341360 1662.4
1341370 1661.9
1341380 1661.9
1341390 1661.0
1341400 1659.8
1341410 1659.8
1341420 1655.5
1341430 1643.8
1341440 1632.8
1341450 1632.8
1341460 1623.6
1341470 1616.6
1341480 1616.6
1341490 1609.7
1341500 1601.6
1341510 1601.6
1341520 1592.9
1341530 1584.3
1341540 1584.3
1341550 1576.1
1341560 1570.1
1341570 1570.1
1341580 1565.1
1341590 1560.3
1341600 1560.3
1341610 1554.8
1341620 1550.3
1341630 1550.3
1341640 1548.4
1341650 1544.9
1341660 1544.9
1341670 1541.6
1341680 1538.9
1341690 1536.5
1341700 1536.5
1341710 1533.2
1341720 1531.2
1341730 1531.2
1341740 1530.0
1341750 1527.8
1341760 1527.8
1341770 1525.6
1341780 1523.4
1341790 1523.4
1341800 1521.2
1341810 1519.4
1341820 1519.4
1341830 1517.7
1341840 1516.2
1341850 1516.2
1341860 1513.9
1341870 1512.4
1341880 1512.4
1341890 1511.2
1341900 1510.0
1341910 1510.0
1341920 1509.3
1341930 1508.8
1341940 1507.7
1341950 1507.7
1341960 1507.6
1341970 1509.8
1341980 1509.8
1341990 1510.0
1342000 1509.4
1342010 1509.4
1342020 1507.8
1342030 1506.6
1342040 1506.6
1342050 1505.2
1342060 1503.4
1342070 1503.4
1342080 1501.7
1342090 1500.0
1342100 1500.0
1342110 1497.3
1342120 1492.0
1342130 1492.0
1342140 1486.0
1342150 1479.8
1342160 1479.8
1342170 1474.2
1342180 1471.4
1342190 1470.0
1342200 1470.0
1342210 1468.3
1342220 1465.7
1342230 1465.7
1342240 1462.5
1342250 1459.7
1342260 1459.7
1342270 1457.7
1342280 1456.4
1342290 1456.4
1342300 1451.9
1342310 1446.6
1342320 1446.6
1342330 1444.7
1342340 1439.8
1342350 1439.8
1342360 1435.5
1342370 1432.2
1342380 1432.2
1342390 1429.9
1342400 1426.9
1342410 1426.9
1342420 1423.6
1342430 1421.7
1342440 1418.5
1342450 1418.5
1342460 1414.3
1342470 1410.8
1342480 1410.8
1342490 1408.0
1342500 1405.2
1342510 1405.2
1342520 1402.4
1342530 1400.1
1342540 1400.1
1342550 1397.0
1342560 1393.4
1342570 1393.4
1342580 1389.9
1342590 1385.9
1342600 1385.9
1342610 1381.1
1342620 1376.4
1342630 1376.4
1342640 1372.3
1342650 1369.2
1342660 1369.2
1342670 1366.5
1342680 1363.6
1342690 1360.1
1342700 1360.1
1342710 1357.6
1342720 1355.8
1342730 1355.8
1342740 1354.4
1342750 1352.8
1342760 1352.8
1342770 1350.6
1342780 1347.7
1342790 1347.7
1342800 1346.2
1342810 1345.7
1342820 1345.7
1342830 1345.1
1342840 1344.4
1342850 1344.4
1342860 1343.6
1342870 1338.6
1342880 1338.6
1342890 1339.5
1342900 1341.6
1342910 1341.6
1342920 1343.5
1342930 1345.3
1342940 1346.4
1342950 1346.4
1342960 1346.5
1342970 1346.9
1342980 1346.9
1342990 1348.5
1343000 1350.6
1343010 1350.6
1343020 1352.4
1343030 1354.1
1343040 1354.1
1343050 1355.6
1343060 1356.3
1343070 1356.3
1343080 1356.7
1343090 1357.3
1343100 1357.3
1343110 1358.9
1343120 1361.4
1343130 1361.4
1343140 1364.0
1343150 1368.4
1343160 1368.4
1343170 1373.6
1343180 1378.6
1343190 1383.7
1343200 1383.7
1343210 1389.0
1343220 1395.3
1343230 1395.3
1343240 1401.3
1343250 1407.3
1343260 1407.3
1343270 1413.1
1343280 1418.5
1343290 1418.5
1343300 1423.9
1343310 1429.9
1343320 1429.9
1343330 1436.0
1343340 1442.1
1343350 1442.1
1343360 1447.7
1343370 1454.0
1343380 1454.0
1343390 1458.5
1343400 1463.7
1343410 1463.7
1343420 1468.9
1343430 1472.9
1343440 1476.4
1343450 1476.4
1343460 1479.1
1343470 1482.6
1343480 1482.6
1343490 1487.8
1343500 1493.9
1343510 1493.9
1343520 1502.4
1343530 1509.8
1343540 1509.8
1343550 1516.1
1343560 1522.4
1343570 1522.4
1343580 1530.4
1343590 1538.9
1343600 1538.9
1343610 1547.2
1343620 1553.6
1343630 1553.6
1343640 1559.1
1343650 1563.9
1343660 1563.9
1343670 1569.5
1343680 1575.4
1343690 1580.7
1343700 1580.7
1343710 1585.2
1343720 1584.3
1343730 1584.3
1343740 1581.1
1343750 1581.0
1343760 1581.0
1343770 1577.8
1343780 1581.8
1343790 1581.8
1343800 1585.9
1343810 1589.6
1343820 1589.6
1343830 1594.7
1343840 1602.4
1343850 1602.4
1343860 1609.2
1343870 1615.8
1343880 1615.8
1343890 1621.8
1343900 1628.1
1343910 1628.1
1343920 1635.7
1343930 1644.7
1343940 1653.7
1343950 1653.7
1343960 1661.4
1343970 1667.2
1343980 1667.2
1343990 1673.3
1344000 1676.3
1344010 1676.3
1344020 1679.1
1344030 1686.2
1344040 1686.2
1344050 1695.5
1344060 1704.9
1344070 1704.9
1344080 1708.9
1344090 1710.0
1344100 1710.0
1344110 1717.9
1344120 1724.4
1344130 1724.4
1344140 1723.9
1344150 1720.8
1344160 1722.6
1344170 1722.6
1344180 1727.3
1344190 1732.3
1344200 1732.3
1344210 1737.4
1344220 1743.2
1344230 1743.2
1344240 1748.9
1344250 1755.0
1344260 1755.0
1344270 1760.4
1344280 1765.1
1344290 1765.1
1344300 1770.6
1344310 1776.4
1344320 1776.4
1344330 1782.5
1344340 1789.4
1344350 1789.4
1344360 1798.0
1344370 1810.0
1344380 1810.0
1344390 1821.9
1344400 1832.2
1344410 1840.0
1344420 1840.0
1344430 1847.3
1344440 1854.1
1344450 1854.1
1344460 1862.3
1344470 1870.4
1344480 1870.4
1344490 1876.3
1344500 1880.6
1344510 1880.6
1344520 1884.2
1344530 1888.1
1344540 1888.1
1344550 1892.6
1344560 1896.9
1344570 1896.9
1344580 1899.0
1344590 1901.0
1344600 1901.0
1344610 1905.3
1344620 1909.8
1344630 1909.8
1344640 1914.5
1344650 1918.7
1344660 1922.6
1344670 1922.6
1344680 1923.1
1344690 1920.7
1344700 1920.7
1344710 1918.7
1344720 1920.1
1344730 1920.1
1344740 1924.8
1344750 1933.9
1344760 1933.9
1344770 1939.0
1344780 1947.6
1344790 1947.6
1344800 1957.9
1344810 1969.9
1344820 1969.9
1344830 1977.8
1344840 1984.3
1344850 1984.3
1344860 1988.8
1344870 1989.2
1344880 1989.2
1344890 1992.4
1344900 1997.5
1344910 2005.0
1344920 2005.0
1344930 2015.1
1344940 2024.0
1344950 2024.0
1344960 2027.0
1344970 2028.7
1344980 2028.7
1344990 2029.6
1345000 2030.4
1345010 2030.4
1345020 2030.7
1345030 2030.1
1345040 2030.1
1345050 2028.5
1345060 2024.6
1345070 2024.6
1345080 2019.8
1345090 2016.4
1345100 2016.4
1345110 2011.8
1345120 2007.0
1345130 2007.0
1345140 2002.9
1345150 1999.5
1345160 1996.7
1345170 1996.7
1345180 1994.6
1345190 1993.2
1345200 1993.2
1345210 1992.6
1345220 1993.2
1345230 1993.2
1345240 1993.6
1345250 1992.4
1345260 1992.4
1345270 1989.4
1345280 1985.3
1345290 1985.3
1345300 1981.1
1345310 1977.9
1345320 1977.9
1345330 1976.8
1345340 1975.7
1345350 1975.7
1345360 1974.9
1345370 1974.7
1345380 1974.7
1345390 1974.3
1345400 1973.4
1345410 1972.2
1345420 1972.2
1345430 1970.5
1345440 1968.8
1345450 1968.8
1345460 1967.9
1345470 1967.3
1345480 1967.3
1345490 1966.5
1345500 1966.0
1345510 1966.0
1345520 1965.3
1345530 1963.4
1345540 1963.4
1345550 1962.3
1345560 1959.5
1345570 1959.5
1345580 1959.4
1345590 1961.5
1345600 1961.5
1345610 1960.3
1345620 1959.6
1345630 1959.6
1345640 1959.1
1345650 1958.2
1345660 1956.0
1345670 1956.0
1345680 1953.9
1345690 1953.6
1345700 1953.6
1345710 1953.6
1345720 1953.0
1345730 1953.0
1345740 1952.3
1345750 1951.8
1345760 1951.8
1345770 1951.5
1345780 1951.4
1345790 1951.4
1345800 1951.3
1345810 1951.2
1345820 1951.2
1345830 1950.9
1345840 1951.3
1345850 1951.3
1345860 1952.2
1345870 1952.8
1345880 1952.8
1345890 1953.3
1345900 1954.2
1345910 1955.0
1345920 1955.0
1345930 1955.7
1345940 1956.4
1345950 1956.4
1345960 1956.8
1345970 1957.2
1345980 1957.2
1345990 1957.2
1346000 1957.4
1346010 1957.4
1346020 1957.6
1346030 1957.8
1346040 1957.8
1346050 1957.9
1346060 1957.6
1346070 1957.6
1346080 1956.3
1346090 1954.2
1346100 1954.2
1346110 1952.9
1346120 1951.7
1346130 1951.7
1346140 1950.0
1346150 1948.7
1346160 1947.1
1346170 1947.1
1346180 1944.8
1346190 1942.2
1346200 1942.2
1346210 1940.3
1346220 1938.3
1346230 1938.3
1346240 1935.4
1346250 1931.7
1346260 1931.7
1346270 1925.9
1346280 1917.9
1346290 1917.9
1346300 1911.9
1346310 1906.9
1346320 1906.9
1346330 1901.6
1346340 1897.0
1346350 1897.0
1346360 1893.0
1346370 1889.3
1346380 1889.3
1346390 1885.4
1346400 1881.3
1346410 1877.7
1346420 1877.7
1346430 1874.4
1346440 1870.3
1346450 1870.3
1346460 1864.5
1346470 1859.8
1346480 1859.8
1346490 1855.8
1346500 1850.8
1346510 1848.6
1346520 1844.4
1346530 1839.5
1346540 1839.5
1346550 1834.6
1346560 1829.3
1346570 1829.3
1346580 1825.9
1346590 1823.8
1346600 1823.8
1346610 1821.5
1346620 1818.0
1346630 1818.0
1346640 1815.9
1346650 1813.7
1346660 1811.5
1346670 1811.5
1346680 1809.1
1346690 1806.0
1346700 1806.0
1346710 1802.3
1346720 1798.3
1346730 1798.3
1346740 1794.8
1346750 1792.4
1346760 1792.4
1346770 1789.3
1346780 1785.6
1346790 1785.6
1346800 1781.5
1346810 1776.5
1346820 1776.5
1346830 1771.4
1346840 1766.6
1346850 1766.6
1346860 1761.6
1346870 1756.4
1346880 1756.4
1346890 1751.1
1346900 1748.5
1346910 1742.3
1346920 1742.3
1346930 1730.8
1346940 1719.6
1346950 1719.6
1346960 1710.2
1346970 1703.2
1346980 1703.2
1346990 1695.8
1347000 1688.1
1347010 1688.1
1347020 1681.5
1347030 1676.3
1347040 1676.3
1347050 1671.6
1347060 1667.4
1347070 1667.4
1347080 1662.7
1347090 1657.7
1347100 1657.7
1347110 1654.0
1347120 1650.2
1347130 1650.2
1347140 1647.6
1347150 1644.0
1347160 1640.4
1347170 1640.4
1347180 1634.7
1347190 1628.9
1347200 1628.9
1347210 1622.9
1347220 1617.0
1347230 1617.0
1347240 1612.1
1347250 1607.1
1347260 1607.1
1347270 1601.9
1347280 1597.2
1347290 1597.2
1347300 1592.4
1347310 1587.0
1347320 1587.0
1347330 1581.0
1347340 1574.8
1347350 1574.8
1347360 1568.8
1347370 1561.9
1347380 1554.7
1347390 1554.7
1347400 1547.8
1347410 1541.5
1347420 1541.5
1347430 1534.2
1347440 1531.5
1347450 1531.5
1347460 1526.6
1347470 1520.7
1347480 1520.7
1347490 1514.5
1347500 1509.7
1347510 1509.7
1347520 1505.1
1347530 1500.2
1347540 1500.2
1347550 1495.6
1347560 1491.6
1347570 1491.6
1347580 1487.1
1347590 1482.8
1347600 1482.8
1347610 1478.6
1347620 1475.4
1347630 1471.8
1347640 1471.8
1347650 1467.4
1347660 1464.5
1347670 1464.5
1347680 1461.2
1347690 1456.1
1347700 1456.1
1347710 1450.1
1347720 1444.4
1347730 1444.4
1347740 1438.0
1347750 1432.2
1347760 1432.2
1347770 1426.0
1347780 1419.3
1347790 1419.3
1347800 1413.5
1347810 1410.4
1347820 1410.4
1347830 1406.8
1347840 1403.7
1347850 1403.7
1347860 1401.3
1347870 1400.5
1347880 1400.5
1347890 1400.5
1347900 1400.4
1347910 1400.4
1347920 1400.4
1347930 1400.5
1347940 1400.5
1347950 1400.5
1347960 1400.5
1347970 1400.5
1347980 1400.5
1347990 1400.5
1348000 1400.5
1348010 1400.5
1348020 1400.5
1348030 1400.5
1348040 1400.5
1348050 1400.5
1348060 1400.5
1348070 1400.5
1348080 1400.5
1348090 1400.5
1348100 1400.5
1348110 1400.5
1348120 1400.5
1348130 1400.5
1348140 1400.5
1348150 1400.6
1348160 1400.6
1348170 1400.6
1348180 1401.2
1348190 1402.3
1348200 1402.3
1348210 1402.7
1348220 1402.7
1348230 1402.7
1348240 1402.9
1348250 1402.9
1348260 1402.9
1348270 1402.6
1348280 1401.8
1348290 1401.8
1348300 1400.9
1348310 1400.5
1348320 1400.5
1348330 1400.6
1348340 1400.6
1348350 1400.6
1348360 1400.5
1348370 1400.9
1348380 1405.8
1348390 1405.8
1348400 1412.0
1348410 1418.0
1348420 1418.0
1348430 1420.8
1348440 1424.9
1348450 1424.9
1348460 1429.7
1348470 1434.9
1348480 1434.9
1348490 1439.9
1348500 1443.8
1348510 1443.8
1348520 1448.9
1348530 1453.0
1348540 1453.0
1348550 1458.2
1348560 1463.4
1348570 1463.4
1348580 1468.0
1348590 1473.2
1348600 1473.2
1348610 1479.0
1348620 1484.3
1348630 1489.0
1348640 1489.0
1348650 1493.4
1348660 1498.1
1348670 1498.1
1348680 1502.6
1348690 1507.2
1348700 1507.2
1348710 1511.8
1348720 1517.6
1348730 1517.6
1348740 1523.4
1348750 1529.9
1348760 1529.9
1348770 1534.2
1348780 1537.3
1348790 1537.3
1348800 1541.2
1348810 1544.9
1348820 1544.9
1348830 1548.3
1348840 1551.4
1348850 1551.4
1348860 1555.5
1348870 1559.1
1348880 1563.0
1348890 1563.0
1348900 1567.7
1348910 1572.5
1348920 1572.5
1348930 1577.3
1348940 1583.3
1348950 1583.3
1348960 1588.5
1348970 1591.9
1348980 1591.9
1348990 1593.6
1349000 1595.7
1349010 1595.7
1349020 1599.4
1349030 1603.3
1349040 1603.3
1349050 1608.2
1349060 1610.3
1349070 1610.3
1349080 1612.8
1349090 1618.2
1349100 1618.2
1349110 1622.0
1349120 1625.7
1349130 1630.4
1349140 1630.4
1349150 1634.0
1349160 1638.3
1349170 1638.3
1349180 1643.4
1349190 1647.4
1349200 1647.4
1349210 1650.5
1349220 1654.9
1349230 1654.9
1349240 1660.6
1349250 1666.7
1349260 1666.7
1349270 1670.9
1349280 1675.6
1349290 1675.6
1349300 1677.7
1349310 1683.2
1349320 1683.2
1349330 1687.1
1349340 1691.4
1349350 1691.4
1349360 1696.0
1349370 1700.2
1349380 1704.4
1349390 1704.4
1349400 1708.4
1349410 1711.8
1349420 1711.8
1349430 1715.3
1349440 1719.2
1349450 1719.2
1349460 1721.7
1349470 1723.9
1349480 1723.9
1349490 1726.5
1349500 1728.7
1349510 1728.7
1349520 1730.3
1349530 1732.6
1349540 1732.6
1349550 1736.9
1349560 1741.1
1349570 1741.1
1349580 1745.0
1349590 1748.8
1349600 1748.8
1349610 1752.0
1349620 1754.0
1349630 1756.1
1349640 1756.1
1349650 1761.3
1349660 1767.4
1349670 1767.4
1349680 1770.7
1349690 1774.0
1349700 1774.0
1349710 1779.0
1349720 1784.2
1349730 1784.2
1349740 1788.3
1349750 1791.8
1349760 1791.8
1349770 1795.2
1349780 1799.0
1349790 1799.0
1349800 1802.6
1349810 1807.0
1349820 1807.0
1349830 1811.5
1349840 1815.9
1349850 1815.9
1349860 1821.1
1349870 1824.7
1349880 1827.6
1349890 1827.6
1349900 1831.6
1349910 1837.2
1349920 1837.2
1349930 1842.7
1349940 1845.9
1349950 1845.9
1349960 1851.2
1349970 1857.0
1349980 1857.0
1349990 1862.5
1350000 1868.4
1350010 1868.4
1350020 1874.1
1350030 1879.5
1350040 1879.5
1350050 1885.8
1350060 1893.6
1350070 1893.6
1350080 1900.9
1350090 1908.5
1350100 1908.5
1350110 1914.9
1350120 1918.3
1350130 1921.1
1350140 1921.1
1350150 1924.1
1350160 1926.7
1350170 1926.7
1350180 1929.4
1350190 1932.1
1350200 1932.1
1350210 1936.0
1350220 1939.1
1350230 1939.1
1350240 1941.5
1350250 1945.8
1350260 1945.8
1350270 1948.4
1350280 1952.1
1350290 1952.1
1350300 1955.7
1350310 1960.1
1350320 1960.1
1350330 1962.4
1350340 1965.1
1350350 1965.1
1350360 1965.2
1350370 1964.9
1350380 1963.9
1350390 1963.9
1350400 1962.9
1350410 1961.7
1350420 1961.7
1350430 1958.7
1350440 1952.0
1350450 1952.0
1350460 1943.2
1350470 1935.1
1350480 1935.1
1350490 1927.8
1350500 1919.9
1350510 1919.9
1350520 1911.4
1350530 1903.7
1350540 1903.7
1350550 1896.3
1350560 1890.5
1350570 1890.5
1350580 1883.7
1350590 1875.8
1350600 1869.7
1350610 1869.7
1350620 1864.5
1350630 1859.8
1350640 1859.8
1350650 1855.7
1350660 1850.9
1350670 1850.9
1350680 1846.8
1350690 1842.5
1350700 1842.5
1350710 1837.7
1350720 1834.4
1350730 1834.4
1350740 1831.0
1350750 1826.6
1350760 1826.6
1350770 1821.3
1350780 1814.5
1350790 1814.5
1350800 1807.3
1350810 1800.6
1350820 1800.6
1350830 1795.2
1350840 1790.5
1350850 1785.3
1350860 1785.3
1350870 1780.8
1350880 1776.7
1350890 1776.7
1350900 1772.0
1350910 1767.0
1350920 1767.0
1350930 1761.8
1350940 1757.4
1350950 1757.4
1350960 1753.5
1350970 1749.8
1350980 1749.8
1350990 1745.2
1351000 1741.9
1351010 1741.9
1351020 1739.8
1351030 1737.2
1351040 1737.2
1351050 1734.2
1351060 1730.9
1351070 1730.9
1351080 1727.4
1351090 1723.7
1351100 1717.6
1351110 1717.6
1351120 1710.2
1351130 1703.5
1351140 1703.5
1351150 1697.0
1351160 1690.3
1351170 1690.3
1351180 1684.4
1351190 1679.4
1351200 1679.8
1351210 1674.1
1351220 1668.6
1351230 1668.6
1351240 1662.8
1351250 1657.8
1351260 1657.8
1351270 1656.4
1351280 1655.8
1351290 1655.8
1351300 1652.0
1351310 1648.0
1351320 1648.0
1351330 1644.1
1351340 1641.2
1351350 1638.5
1351360 1638.5
1351370 1636.9
1351380 1635.1
1351390 1635.1
1351400 1633.6
1351410 1631.3
1351420 1631.3
1351430 1630.4
1351440 1631.1
1351450 1631.1
1351460 1631.2
1351470 1630.6
1351480 1630.6
1351490 1629.8
1351500 1628.6
1351510 1628.6
1351520 1625.7
1351530 1622.7
1351540 1622.7
1351550 1618.6
1351560 1612.6
1351570 1612.6
1351580 1609.2
1351590 1606.3
1351600 1602.7
1351610 1602.7
1351620 1597.9
1351630 1592.6
1351640 1592.6
1351650 1588.0
1351660 1583.9
1351670 1583.9
1351680 1580.7
1351690 1576.8
1351700 1576.8
1351710 1573.4
1351720 1570.2
1351730 1570.2
1351740 1565.8
1351750 1561.4
1351760 1561.4
1351770 1558.1
1351780 1553.9
1351790 1553.9
1351800 1549.0
1351810 1541.4
1351820 1541.4
1351830 1534.4
1351840 1529.5
1351850 1524.6
1351860 1524.6
1351870 1520.0
1351880 1516.6
1351890 1516.6
1351900 1514.2
1351910 1511.5
1351920 1511.5
1351930 1508.7
1351940 1506.4
1351950 1506.4
1351960 1504.0
1351970 1501.2
1351980 1501.2
1351990 1498.7
1352000 1495.6
1352010 1495.6
1352020 1491.3
1352030 1485.3
1352040 1485.3
1352050 1479.8
1352060 1475.5
1352070 1475.5
1352080 1471.0
1352090 1467.9
1352100 1465.6
1352110 1465.6
1352120 1462.6
1352130 1458.7
1352140 1458.7
1352150 1455.1
1352160 1449.0
1352170 1449.0
1352180 1444.4
1352190 1442.0
1352200 1442.0
1352210 1442.1
1352220 1439.5
1352230 1439.5
1352240 1434.6
1352250 1429.3
1352260 1429.3
1352270 1424.2
1352280 1424.1
1352290 1424.1
1352300 1426.3
1352310 1425.3
1352320 1425.3
1352330 1423.2
1352340 1422.1
1352350 1420.8
1352360 1420.8
1352370 1419.1
1352380 1418.9
1352390 1418.9
1352400 1419.7
1352410 1420.1
1352420 1420.1
1352430 1420.1
1352440 1419.5
1352450 1419.5
1352460 1419.3
1352470 1418.2
1352480 1418.2
1352490 1415.5
1352500 1410.2
1352510 1410.2
1352520 1403.0
1352530 1398.4
1352540 1398.4
1352550 1394.3
1352560 1392.4
1352570 1392.4
1352580 1389.7
1352590 1387.2
1352600 1384.1
1352610 1384.1
1352620 1381.5
1352630 1379.6
1352640 1379.6
1352650 1376.5
1352660 1371.1
1352670 1371.1
1352680 1365.3
1352690 1360.2
1352700 1360.2
1352710 1356.0
1352720 1352.0
1352730 1352.0
1352740 1348.0
1352750 1340.9
1352760 1340.9
1352770 1334.4
1352780 1328.5
1352790 1328.5
1352800 1329.2
1352810 1331.5
1352820 1331.5
1352830 1330.9
1352840 1329.8
1352850 1327.9
1352860 1327.9
1352870 1326.9
1352880 1326.7
1352890 1326.7
1352900 1325.7
1352910 1324.8
1352920 1324.8
1352930 1324.1
1352940 1322.0
1352950 1322.0
1352960 1319.9
1352970 1319.0
1352980 1319.0
1352990 1317.2
1353000 1315.3
1353010 1315.3
1353020 1313.5
1353030 1311.4
1353040 1311.4
1353050 1307.5
1353060 1304.0
1353070 1304.0
1353080 1300.4
1353090 1295.4
1353100 1291.1
1353110 1291.1
1353120 1286.7
1353130 1284.8
1353140 1284.8
1353150 1282.4
1353160 1276.0
1353170 1276.0
1353180 1274.9
1353190 1274.0
1353200 1274.0
1353210 1270.4
1353220 1267.7
1353230 1267.7
1353240 1266.7
1353250 1265.7
1353260 1265.7
1353270 1264.8
1353280 1263.9
1353290 1263.9
1353300 1262.6
1353310 1263.0
1353320 1263.9
1353330 1263.9
1353340 1263.1
1353350 1262.4
1353360 1262.4
1353370 1261.4
1353380 1262.2
1353390 1262.2
1353400 1263.2
1353410 1263.7
1353420 1263.7
1353430 1262.4
1353440 1260.8
1353450 1260.8
1353460 1261.2
1353470 1262.1
1353480 1262.1
1353490 1262.6
1353500 1263.9
1353510 1263.9
1353520 1265.2
1353530 1268.0
1353540 1268.0
1353550 1269.9
1353560 1272.4
1353570 1273.8
1353580 1273.8
1353590 1273.5
1353600 1273.5
1353610 1273.5
1353620 1274.7
1353630 1274.9
1353640 1274.9
1353650 1271.3
1353660 1270.8
1353670 1270.8
1353680 1269.3
1353690 1266.2
1353700 1266.2
1353710 1265.9
1353720 1263.1
1353730 1263.1
1353740 1260.4
1353750 1256.5
1353760 1256.5
1353770 1253.7
1353780 1249.4
1353790 1249.4
1353800 1241.7
1353810 1236.7
1353820 1232.6
1353830 1232.6
1353840 1224.9
1353850 1218.8
1353860 1218.8
1353870 1213.0
1353880 1207.3
1353890 1207.3
1353900 1202.2
1353910 1198.1
1353920 1198.1
1353930 1194.0
1353940 1188.6
1353950 1188.6
1353960 1182.7
1353970 1178.5
1353980 1178.5
1353990 1177.6
1354000 1176.4
1354010 1176.4
1354020 1175.1
1354030 1172.8
1354040 1172.8
1354050 1169.1
1354060 1164.0
1354070 1159.1
1354080 1159.1
1354090 1163.6
1354100 1160.2
1354110 1160.2
1354120 1155.7
1354130 1148.8
1354140 1148.8
1354150 1144.4
1354160 1142.2
1354170 1142.2
1354180 1139.6
1354190 1138.6
1354200 1138.6
1354210 1142.4
1354220 1149.5
1354230 1149.5
1354240 1154.0
1354250 1153.3
1354260 1153.3
1354270 1151.3
1354280 1149.5
1354290 1149.5
1354300 1148.0
1354310 1146.4
1354320 1145.0
1354330 1145.0
1354340 1143.9
1354350 1142.8
1354360 1142.8
1354370 1141.9
1354380 1141.0
1354390 1141.0
1354400 1139.8
1354410 1138.7
1354420 1138.7
1354430 1137.7
1354440 1136.5
1354450 1136.5
1354460 1135.1
1354470 1133.8
1354480 1133.8
1354490 1132.4
1354500 1131.1
1354510 1131.1
1354520 1129.9
1354530 1128.5
1354540 1128.5
1354550 1127.2
1354560 1125.9
1354570 1124.7
1354580 1124.7
1354590 1123.3
1354600 1122.0
1354610 1122.0
1354620 1120.3
1354630 1118.9
1354640 1118.9
1354650 1117.6
1354660 1116.5
1354670 1116.5
1354680 1115.4
1354690 1114.4
1354700 1114.4
1354710 1113.3
1354720 1112.0
1354730 1112.0
1354740 1110.8
1354750 1109.6
1354760 1109.6
1354770 1108.2
1354780 1106.6
1354790 1106.6
1354800 1105.0
1354810 1103.9
1354820 1102.9
1354830 1102.9
1354840 1101.7
1354850 1100.8
1354860 1100.8
1354870 1099.7
1354880 1098.6
1354890 1098.6
1354900 1097.6
1354910 1096.6
1354920 1096.6
1354930 1094.9
1354940 1093.7
1354950 1093.7
1354960 1093.1
1354970 1092.2
1354980 1092.2
1354990 1091.3
1355000 1090.2
1355010 1090.2
1355020 1089.0
1355030 1085.9
1355040 1085.9
1355050 1086.2
1355060 1085.8
1355070 1084.3
1355080 1084.3
1355090 1083.8
1355100 1082.5
1355110 1082.5
1355120 1081.7
1355130 1080.3
1355140 1080.3
1355150 1079.0
1355160 1078.3
1355170 1078.3
1355180 1077.3
1355190 1076.3
1355200 1076.3
1355210 1075.1
1355220 1074.5
1355230 1074.5
1355240 1073.5
1355250 1072.1
1355260 1072.1
1355270 1071.1
1355280 1069.8
1355290 1069.8
1355300 1068.3
1355310 1067.7
1355320 1066.7
1355330 1066.7
1355340 1065.6
1355350 1065.0
1355360 1065.0
1355370 1063.9
1355380 1062.8
1355390 1062.8
1355400 1062.7
1355410 1062.2
1355420 1062.2
1355430 1059.7
1355440 1058.9
1355450 1058.9
1355460 1058.5
1355470 1056.8
1355480 1056.8
1355490 1055.6
1355500 1054.6
1355510 1054.6
1355520 1053.9
1355530 1053.4
1355540 1053.4
1355550 1052.2
1355560 1050.0
1355570 1046.0
1355580 1046.0
1355590 1037.5
1355600 1028.7
1355610 1028.7
1355620 1019.4
1355630 1012.9
1355640 1012.9
1355650 1011.7
1355660 1010.6
1355670 1010.6
1355680 1007.6
1355690 1004.9
1355700 1004.9
1355710 1001.9
1355720 1000.7
1355730 1000.7
1355740 1001.2
1355750 1002.9
1355760 1002.9
1355770 1004.8
1355780 1006.1
1355790 1006.1
1355800 1008.8
1355810 1009.7
1355820 1009.8
1355830 1009.8
1355840 1009.5
1355850 1009.3
1355860 1009.3
1355870 1009.9
1355880 1011.3
1355890 1011.3
1355900 1011.7
1355910 1012.4
1355920 1012.4
1355930 1013.5
1355940 1013.6
1355950 1013.6
1355960 1012.9
1355970 1013.5
1355980 1013.5
1355990 1014.1
1356000 1013.1
1356010 1013.1
1356020 1011.7
1356030 1012.1
1356040 1012.1
1356050 1013.0
1356060 1015.3
1356070 1021.0
1356080 1021.0
1356090 1027.9
1356100 1032.8
1356110 1032.8
1356120 1037.7
1356130 1041.2
1356140 1041.2
1356150 1045.8
1356160 1050.7
1356170 1050.7
1356180 1055.5
1356190 1059.8
1356200 1059.8
1356210 1065.8
1356220 1071.4
1356230 1071.4
1356240 1079.3
1356250 1086.1
1356260 1086.1
1356270 1093.5
1356280 1100.7
1356290 1106.2
1356300 1106.2
1356310 1127.9
1356320 1140.7
1356330 1140.7
1356340 1143.6
1356350 1145.7
1356360 1145.7
1356370 1148.3
1356380 1153.2
1356390 1153.2
1356400 1154.1
1356410 1154.1
1356420 1154.1
1356430 1153.7
1356440 1153.9
1356450 1153.9
1356460 1155.6
1356470 1156.5
1356480 1156.5
1356490 1156.6
1356500 1157.0
1356510 1157.0
1356520 1156.6
1356530 1156.2
1356540 1157.5
1356550 1157.5
1356560 1159.4
1356570 1159.6
1356580 1159.6
1356590 1160.5
1356600 1165.3
1356610 1165.3
1356620 1168.8
1356630 1174.3
1356640 1174.3
1356650 1179.3
1356660 1182.6
1356670 1182.6
1356680 1186.1
1356690 1190.3
1356700 1190.3
1356710 1194.0
1356720 1196.9
1356730 1196.9
1356740 1199.5
1356750 1202.2
1356760 1202.2
1356770 1204.9
1356780 1207.4
1356790 1210.9
1356800 1210.9
1356810 1215.9
1356820 1221.3
1356830 1221.3
1356840 1225.7
1356850 1231.7
1356860 1231.7
1356870 1235.8
1356880 1240.7
1356890 1240.7
1356900 1246.1
1356910 1251.2
1356920 1251.2
1356930 1256.6
1356940 1261.8
1356950 1261.8
1356960 1267.0
1356970 1271.1
1356980 1271.1
1356990 1271.4
1357000 1265.4
1357010 1265.4
1357020 1257.6
1357030 1249.8
1357040 1243.1
1357050 1246.9
1357060 1242.4
1357070 1240.1
1357080 1240.1
1357090 1238.4
1357100 1237.4
1357110 1237.4
1357120 1236.6
1357130 1236.3
1357140 1236.3
1357150 1236.4
1357160 1234.7
1357170 1234.7
1357180 1228.9
1357190 1229.2
1357200 1229.2
1357210 1232.8
1357220 1237.0
1357230 1237.0
1357240 1244.0
1357250 1251.8
1357260 1251.8
1357270 1258.8
1357280 1265.1
1357290 1274.0
1357300 1274.0
1357310 1282.0
1357320 1286.4
1357330 1286.4
1357340 1285.1
1357350 1288.8
1357360 1288.8
1357370 1308.0
1357380 1318.2
1357390 1318.2
1357400 1326.1
1357410 1329.5
1357420 1329.5
1357430 1329.4
1357440 1330.3
1357450 1330.3
1357460 1331.6
1357470 1334.8
1357480 1334.8
1357490 1338.7
1357500 1342.0
1357510 1342.0
1357520 1344.8
1357530 1346.8
1357540 1348.5
1357550 1348.5
1357560 1349.4
1357570 1351.1
1357580 1351.1
1357590 1353.2
1357600 1354.7
1357610 1354.7
1357620 1356.9
1357630 1360.2
1357640 1360.2
1357650 1362.1
1357660 1366.4
1357670 1366.4
1357680 1385.3
1357690 1397.6
1357700 1397.6
1357710 1407.7
1357720 1415.9
1357730 1415.9
1357740 1423.6
1357750 1430.8
1357760 1430.8
1357770 1438.3
1357780 1446.7
1357790 1454.4
1357800 1454.4
1357810 1461.7
1357820 1467.4
1357830 1467.4
1357840 1470.8
1357850 1474.3
1357860 1474.3
1357870 1477.8
1357880 1480.9
1357890 1480.9
1357900 1484.0
1357910 1488.6
1357920 1488.6
1357930 1493.5
1357940 1497.0
1357950 1497.0
1357960 1498.8
1357970 1499.8
1357980 1499.8
1357990 1502.3
1358000 1506.0
1358010 1506.0
1358020 1509.0
1358030 1512.0
1358040 1516.3
1358050 1522.4
1358060 1525.9
1358070 1529.3
1358080 1529.3
1358090 1533.3
1358100 1537.3
1358110 1537.3
1358120 1541.2
1358130 1545.7
1358140 1545.7
1358150 1550.5
1358160 1554.7
1358170 1554.7
1358180 1559.0
1358190 1563.6
1358200 1563.6
1358210 1568.4
1358220 1572.3
1358230 1572.3
1358240 1576.1
1358250 1579.6
1358260 1579.6
1358270 1583.3
1358280 1587.9
1358290 1592.8
1358300 1592.8
1358310 1598.2
1358320 1603.4
1358330 1603.4
1358340 1608.5
1358350 1612.4
1358360 1612.4
1358370 1615.6
1358380 1622.2
1358390 1622.2
1358400 1628.2
1358410 1635.3
1358420 1635.3
1358430 1642.8
1358440 1650.2
1358450 1650.2
1358460 1657.4
1358470 1664.5
1358480 1664.5
1358490 1669.7
1358500 1673.2
1358510 1673.2
1358520 1675.6
1358530 1676.5
1358540 1680.8
1358550 1680.8
1358560 1682.6
1358570 1681.1
1358580 1681.1
1358590 1684.9
1358600 1691.6
1358610 1691.6
1358620 1693.7
1358630 1696.4
1358640 1696.4
1358650 1701.8
1358660 1708.4
1358670 1708.4
1358680 1716.1
1358690 1718.9
1358700 1718.9
1358710 1718.1
1358720 1718.6
1358730 1718.6
1358740 1722.2
1358750 1729.5
1358760 1729.5
1358770 1730.2
1358780 1726.2
1358790 1733.5
1358800 1733.5
1358810 1738.9
1358820 1740.0
1358830 1740.0
1358840 1743.2
1358850 1750.1
1358860 1750.1
1358870 1757.0
1358880 1764.7
1358890 1764.7
1358900 1771.5
1358910 1774.8
1358920 1774.8
1358930 1778.4
1358940 1780.8
1358950 1780.8
1358960 1785.6
1358970 1791.0
1358980 1791.0
1358990 1796.5
1359000 1804.7
1359010 1804.7
1359020 1808.6
1359030 1811.4
1359040 1816.6
1359050 1816.6
1359060 1825.8
1359070 1831.2
1359080 1831.2
1359090 1837.0
1359100 1842.9
1359110 1842.9
1359120 1851.9
1359130 1860.8
1359140 1860.8
1359150 1866.9
1359160 1872.1
1359170 1872.1
1359180 1876.3
1359190 1880.7
1359200 1880.7
1359210 1886.8
1359220 1894.0
1359230 1894.0
1359240 1901.1
1359250 1904.6
1359260 1905.6
1359270 1905.6
1359280 1906.1
1359290 1906.4
1359300 1906.4
1359310 1906.7
1359320 1907.2
1359330 1907.2
1359340 1908.2
1359350 1910.6
1359360 1910.6
1359370 1913.3
1359380 1913.4
1359390 1913.4
1359400 1914.6
1359410 1916.3
1359420 1916.3
1359430 1918.1
1359440 1922.3
1359450 1922.3
1359460 1925.8
1359470 1929.3
1359480 1929.3
1359490 1932.7
1359500 1934.5
1359510 1935.2
1359520 1935.2
1359530 1935.1
1359540 1935.6
1359550 1935.6
1359560 1937.4
1359570 1938.0
1359580 1938.0
1359590 1937.6
1359600 1938.6
1359610 1938.6
1359620 1941.1
1359630 1944.2
1359640 1944.2
1359650 1946.7
1359660 1946.9
1359670 1946.9
1359680 1948.4
1359690 1949.4
1359700 1949.4
1359710 1952.0
1359720 1956.9
1359730 1956.9
1359740 1963.0
1359750 1969.2
1359760 1977.4
1359770 1977.4
1359780 1985.2
1359790 1991.8
1359800 1991.8
1359810 2000.9
1359820 2009.1
1359830 2009.1
1359840 2017.4
1359850 2025.7
1359860 2025.7
1359870 2032.9
1359880 2038.6
1359890 2038.6
1359900 2043.2
1359910 2048.2
1359920 2048.2
1359930 2051.9
1359940 2054.3
1359950 2054.3
1359960 2056.8
1359970 2061.6
1359980 2061.6
1359990 2070.5
