1340000 1637.6
1340010 1637.6
1340020 1637.0
1340030 1637.9
1340040 1637.9
1340050 1638.5
1340060 1638.2
1340070 1636.9
1340080 1636.9
1340090 1635.1
1340100 1633.9
1340110 1633.9
1340120 1631.6
1340130 1629.0
1340140 1629.0
1340150 1625.3
1340160 1621.7
1340170 1621.7
1340180 1619.8
1340190 1621.5
1340200 1621.5
1340210 1623.6
1340220 1625.7
1340230 1625.7
1340240 1627.3
1340250 1628.4
1340260 1628.4
1340270 1630.2
1340280 1631.7
1340290 1631.7
1340300 1632.8
1340310 1633.3
1340320 1633.8
1340330 1633.8
1340340 1634.8
1340350 1635.8
1340360 1635.8
1340370 1636.8
1340380 1638.3
1340390 1638.3
1340400 1640.3
1340410 1642.0
1340420 1642.0
1340430 1643.3
1340440 1644.4
1340450 1644.4
1340460 1645.9
1340470 1647.1
1340480 1647.1
1340490 1647.8
1340500 1648.6
1340510 1648.6
1340520 1649.5
1340530 1650.6
1340540 1652.0
1340550 1652.0
1340560 1652.6
1340570 1653.4
1340580 1653.4
1340590 1654.8
1340600 1657.6
1340610 1657.6
1340620 1660.9
1340630 1662.8
1340640 1662.8
1340650 1664.4
1340660 1666.2
1340670 1666.6
1340680 1669.3
1340690 1674.5
1340700 1674.5
1340710 1682.0
1340720 1686.8
1340730 1686.8
1340740 1689.7
1340750 1692.0
1340760 1692.0
1340770 1694.7
1340780 1696.7
1340790 1698.3
1340800 1698.3
1340810 1700.1
1340820 1702.1
1340830 1702.1
1340840 1704.3
1340850 1707.2
1340860 1707.2
1340870 1711.9
1340880 1714.4
1340890 1714.4
1340900 1716.3
1340910 1718.4
1340920 1718.4
1340930 1725.0
1340940 1732.3
1340950 1732.3
1340960 1736.9
1340970 1740.4
1340980 1740.4
1340990 1745.5
1341000 1750.8
1341010 1750.8
1341020 1756.7
1341030 1762.0
1341040 1764.6
1341050 1764.6
1341060 1765.8
1341070 1768.0
1341080 1768.0
1341090 1770.9
1341100 1773.9
1341110 1773.9
1341120 1776.8
1341130 1781.0
1341140 1781.0
1341150 1783.8
1341160 1785.2
1341170 1785.2
1341180 1787.8
1341190 1783.7
1341200 1783.7
1341210 1777.4
1341220 1772.9
1341230 1772.9
1341240 1768.9
1341250 1761.3
1341260 1761.3
1341270 1756.1
1341280 1751.9
1341290 1746.4
1341300 1746.4
1341310 1740.9
1341320 1737.8
1341330 1737.8
1341340 1736.5
1341350 1734.0
1341360 1734.0
1341370 1729.3
1341380 1724.4
1341390 1724.4
1341400 1723.1
1341410 1722.1
1341420 1722.1
1341430 1720.6
1341440 1720.5
1341450 1720.5
1341460 1721.6
1341470 1723.6
1341480 1723.6
1341490 1723.3
1341500 1721.1
1341510 1721.1
1341520 1718.0
1341530 1714.2
1341540 1710.8
1341550 1710.8
1341560 1708.7
1341570 1705.2
1341580 1705.2
1341590 1701.0
1341600 1694.9
1341610 1694.9
1341620 1688.0
1341630 1683.3
1341640 1683.3
1341650 1680.4
1341660 1678.2
1341670 1678.2
1341680 1677.1
1341690 1675.6
1341700 1675.6
1341710 1672.1
1341720 1667.0
1341730 1667.0
1341740 1662.0
1341750 1657.0
1341760 1657.0
1341770 1652.1
1341780 1647.8
1341790 1646.2
1341800 1646.2
1341810 1645.1
1341820 1642.5
1341830 1642.5
1341840 1639.6
1341850 1636.8
1341860 1636.8
1341870 1636.1
1341880 1636.2
1341890 1636.2
1341900 1636.5
1341910 1636.4
1341920 1636.4
1341930 1635.8
1341940 1634.3
1341950 1634.3
1341960 1631.7
1341970 1628.5
1341980 1628.5
1341990 1625.2
1342000 1622.6
1342010 1622.6
1342020 1621.0
1342030 1618.6
1342040 1616.6
1342050 1616.6
1342060 1613.3
1342070 1612.8
1342080 1612.8
1342090 1611.3
1342100 1609.4
1342110 1609.4
1342120 1607.0
1342130 1605.1
1342140 1605.1
1342150 1604.9
1342160 1605.5
1342170 1605.5
1342180 1603.1
1342190 1602.2
1342200 1602.2
1342210 1597.8
1342220 1594.5
1342230 1594.5
1342240 1593.0
1342250 1590.8
1342260 1590.8
1342270 1587.4
1342280 1580.5
1342290 1573.7
1342300 1573.7
1342310 1566.9
1342320 1558.5
1342330 1558.5
1342340 1550.5
1342350 1541.9
1342360 1541.9
1342370 1533.2
1342380 1524.7
1342390 1524.7
1342400 1517.0
1342410 1509.2
1342420 1509.2
1342430 1501.9
1342440 1494.5
1342450 1493.5
1342460 1487.5
1342470 1481.7
1342480 1481.7
1342490 1476.2
1342500 1469.9
1342510 1469.9
1342520 1464.8
1342530 1461.4
1342540 1457.7
1342550 1457.7
1342560 1452.1
1342570 1447.2
1342580 1447.2
1342590 1441.4
1342600 1435.5
1342610 1435.5
1342620 1429.6
1342630 1424.1
1342640 1424.1
1342650 1418.8
1342660 1414.0
1342670 1414.0
1342680 1409.8
1342690 1406.2
1342700 1406.2
1342710 1403.1
1342720 1399.9
1342730 1399.9
1342740 1396.1
1342750 1392.0
1342760 1388.5
1342770 1388.5
1342780 1384.0
1342790 1379.0
1342800 1379.0
1342810 1373.0
1342820 1366.1
1342830 1366.1
1342840 1360.6
1342850 1356.8
1342860 1356.8
1342870 1352.5
1342880 1348.4
1342890 1348.4
1342900 1346.1
1342910 1346.0
1342920 1346.0
1342930 1346.1
1342940 1346.3
1342950 1346.3
1342960 1346.3
1342970 1346.2
1342980 1346.2
1342990 1346.1
1343000 1345.9
1343010 1344.6
1343020 1344.6
1343030 1344.4
1343040 1344.5
1343050 1344.5
1343060 1344.9
1343070 1344.9
1343080 1344.9
1343090 1344.2
1343100 1344.7
1343110 1344.7
1343120 1344.5
1343130 1344.8
1343140 1344.8
1343150 1345.7
1343160 1346.9
1343170 1346.9
1343180 1347.9
1343190 1348.4
1343200 1348.4
1343210 1349.2
1343220 1349.5
1343230 1349.5
1343240 1350.3
1343250 1351.0
1343260 1351.9
1343270 1351.9
1343280 1352.7
1343290 1353.7
1343300 1353.7
1343310 1354.3
1343320 1354.8
1343330 1354.8
1343340 1355.7
1343350 1354.8
1343360 1354.8
1343370 1354.7
1343380 1354.8
1343390 1354.8
1343400 1355.7
1343410 1359.5
1343420 1359.5
1343430 1364.8
1343440 1370.3
1343450 1370.3
1343460 1376.0
1343470 1382.1
1343480 1382.1
1343490 1388.6
1343500 1394.9
1343510 1400.4
1343520 1400.4
1343530 1406.5
1343540 1411.9
1343550 1411.9
1343560 1417.1
1343570 1423.2
1343580 1423.2
1343590 1430.1
1343600 1437.5
1343610 1437.5
1343620 1445.6
1343630 1453.7
1343640 1453.7
1343650 1465.5
1343660 1478.3
1343670 1478.3
1343680 1487.5
1343690 1497.7
1343700 1497.7
1343710 1506.4
1343720 1511.3
1343730 1511.3
1343740 1511.9
1343750 1515.1
1343760 1520.0
1343770 1520.0
1343780 1527.0
1343790 1533.8
1343800 1533.8
1343810 1541.7
1343820 1551.1
1343830 1551.1
1343840 1559.7
1343850 1570.0
1343860 1570.0
1343870 1582.8
1343880 1604.2
1343890 1604.2
1343900 1611.9
1343910 1615.3
1343920 1615.3
1343930 1618.6
1343940 1624.4
1343950 1624.4
1343960 1632.0
1343970 1640.5
1343980 1640.5
1343990 1649.4
1344000 1656.2
1344010 1662.1
1344020 1662.1
1344030 1668.5
1344040 1674.5
1344050 1674.5
1344060 1679.8
1344070 1685.1
1344080 1685.1
1344090 1690.4
1344100 1696.4
1344110 1696.4
1344120 1702.0
1344130 1708.6
1344140 1708.6
1344150 1715.5
1344160 1722.0
1344170 1722.0
1344180 1728.2
1344190 1734.3
1344200 1734.3
1344210 1740.5
1344220 1747.5
1344230 1747.5
1344240 1753.8
1344250 1759.2
1344260 1768.1
1344270 1768.1
1344280 1779.3
1344290 1784.6
1344300 1784.6
1344310 1786.4
1344320 1786.4
1344330 1786.4
1344340 1786.8
1344350 1785.7
1344360 1785.7
1344370 1783.6
1344380 1783.7
1344390 1783.7
1344400 1788.3
1344410 1785.4
1344420 1785.4
1344430 1785.7
1344440 1791.8
1344450 1791.8
1344460 1800.7
1344470 1810.6
1344480 1810.6
1344490 1820.3
1344500 1829.6
1344510 1837.9
1344520 1837.9
1344530 1845.3
1344540 1858.6
1344550 1858.6
1344560 1872.8
1344570 1878.8
1344580 1878.8
1344590 1884.0
1344600 1887.9
1344610 1887.9
1344620 1890.7
1344630 1894.2
1344640 1894.2
1344650 1898.0
1344660 1900.4
1344670 1900.4
1344680 1899.4
1344690 1908.0
1344700 1908.0
1344710 1918.6
1344720 1925.3
1344730 1931.0
1344740 1931.0
1344750 1940.5
1344760 1946.4
1344770 1946.4
1344780 1943.4
1344790 1936.2
1344800 1936.2
1344810 1927.2
1344820 1921.1
1344830 1921.1
1344840 1918.1
1344850 1920.1
1344860 1920.1
1344870 1926.8
1344880 1934.4
1344890 1934.4
1344900 1945.2
1344910 1954.6
1344920 1954.6
1344930 1957.2
1344940 1960.2
1344950 1960.2
1344960 1969.6
1344970 1978.8
1344980 1980.6
1344990 1980.6
1345000 1980.8
1345010 1980.9
1345020 1980.9
1345030 1980.6
1345040 1980.9
1345050 1980.9
1345060 1981.6
1345070 1983.1
1345080 1983.1
1345090 1985.1
1345100 1989.2
1345110 1989.2
1345120 1993.8
1345130 1997.6
1345140 1997.6
1345150 2000.8
1345160 1996.4
1345170 1996.4
1345180 1997.4
1345190 1998.5
1345200 1998.5
1345210 1999.9
1345220 2001.7
1345230 2004.7
1345240 2004.7
1345250 2007.9
1345260 2010.4
1345270 2010.4
1345280 2013.4
1345290 2015.9
1345300 2015.9
1345310 2017.6
1345320 2018.7
1345330 2018.7
1345340 2019.3
1345350 2020.6
1345360 2020.6
1345370 2022.9
1345380 2025.2
1345390 2025.2
1345400 2027.5
1345410 2029.9
1345420 2029.9
1345430 2030.9
1345440 2031.8
1345450 2031.8
1345460 2031.0
1345470 2030.0
1345480 2029.6
1345490 2029.6
1345500 2029.5
1345510 2029.1
1345520 2029.1
1345530 2028.1
1345540 2027.0
1345550 2027.0
1345560 2025.7
1345570 2023.8
1345580 2023.8
1345590 2021.3
1345600 2018.4
1345610 2018.4
1345620 2015.0
1345630 2011.9
1345640 2011.9
1345650 2008.9
1345660 2006.0
1345670 2006.0
1345680 2002.8
1345690 1999.5
1345700 1999.5
1345710 1996.2
1345720 1992.9
1345730 1990.0
1345740 1990.0
1345750 1987.8
1345760 1985.3
1345770 1985.3
1345780 1982.3
1345790 1978.6
1345800 1978.6
1345810 1975.0
1345820 1970.2
1345830 1970.2
1345840 1964.2
1345850 1958.5
1345860 1958.5
1345870 1954.3
1345880 1953.1
1345890 1953.1
1345900 1948.9
1345910 1944.5
1345920 1944.5
1345930 1941.4
1345940 1938.4
1345950 1938.4
1345960 1933.9
1345970 1929.5
1345980 1924.4
1345990 1924.4
1346000 1919.6
1346010 1917.1
1346020 1917.1
1346030 1915.1
1346040 1911.8
1346050 1911.8
1346060 1905.7
1346070 1900.8
1346080 1898.5
1346090 1893.9
1346100 1889.3
1346110 1889.3
1346120 1884.0
1346130 1879.2
1346140 1879.2
1346150 1875.9
1346160 1872.8
1346170 1872.8
1346180 1869.1
1346190 1864.1
1346200 1864.1
1346210 1857.4
1346220 1851.6
1346230 1847.1
1346240 1847.1
1346250 1843.5
1346260 1840.4
1346270 1840.4
1346280 1835.9
1346290 1832.0
1346300 1832.0
1346310 1828.8
1346320 1825.2
1346330 1825.2
1346340 1822.1
1346350 1818.2
1346360 1818.2
1346370 1814.2
1346380 1811.0
1346390 1811.0
1346400 1806.9
1346410 1802.4
1346420 1802.4
1346430 1798.3
1346440 1793.7
1346450 1793.7
1346460 1785.4
1346470 1778.0
1346480 1771.6
1346490 1771.6
1346500 1767.0
1346510 1765.3
1346520 1765.3
1346530 1763.8
1346540 1762.2
1346550 1762.2
1346560 1759.3
1346570 1755.4
1346580 1755.4
1346590 1750.9
1346600 1747.1
1346610 1747.1
1346620 1744.6
1346630 1741.8
1346640 1741.8
1346650 1737.6
1346660 1732.4
1346670 1732.4
1346680 1727.1
1346690 1722.3
1346700 1722.3
1346710 1717.9
1346720 1714.0
1346730 1710.0
1346740 1710.0
1346750 1706.0
1346760 1702.0
1346770 1702.0
1346780 1697.5
1346790 1692.9
1346800 1692.9
1346810 1688.8
1346820 1685.3
1346830 1685.3
1346840 1681.3
1346850 1676.7
1346860 1676.7
1346870 1673.0
1346880 1669.4
1346890 1669.4
1346900 1666.0
1346910 1660.6
1346920 1660.6
1346930 1655.5
1346940 1651.5
1346950 1648.5
1346960 1648.5
1346970 1644.8
1346980 1640.7
1346990 1640.7
1347000 1635.0
1347010 1631.7
1347020 1631.7
1347030 1627.9
1347040 1625.2
1347050 1625.2
1347060 1622.7
1347070 1621.0
1347080 1621.0
1347090 1619.9
1347100 1620.1
1347110 1620.1
1347120 1620.7
1347130 1620.3
1347140 1620.3
1347150 1618.7
1347160 1616.3
1347170 1616.3
1347180 1613.0
1347190 1609.2
1347200 1604.6
1347210 1604.6
1347220 1598.5
1347230 1593.5
1347240 1593.5
1347250 1589.6
1347260 1584.4
1347270 1584.4
1347280 1580.2
1347290 1577.1
1347300 1577.1
1347310 1572.0
1347320 1566.7
1347330 1566.7
1347340 1562.0
1347350 1558.2
1347360 1558.2
1347370 1553.9
1347380 1546.8
1347390 1546.8
1347400 1539.5
1347410 1534.7
1347420 1534.7
1347430 1530.1
1347440 1524.4
1347450 1518.9
1347460 1518.9
1347470 1513.2
1347480 1507.9
1347490 1507.9
1347500 1503.0
1347510 1498.2
1347520 1498.2
1347530 1493.2
1347540 1487.8
1347550 1487.8
1347560 1484.0
1347570 1479.9
1347580 1479.9
1347590 1474.8
1347600 1472.2
1347610 1472.2
1347620 1469.3
1347630 1465.9
1347640 1465.9
1347650 1463.8
1347660 1463.2
1347670 1463.2
1347680 1462.6
1347690 1462.3
1347700 1460.3
1347710 1460.3
1347720 1458.1
1347730 1455.9
1347740 1455.9
1347750 1454.1
1347760 1452.4
1347770 1452.4
1347780 1451.0
1347790 1449.5
1347800 1449.5
1347810 1448.0
1347820 1446.6
1347830 1446.6
1347840 1445.0
1347850 1443.2
1347860 1443.2
1347870 1441.9
1347880 1440.9
1347890 1440.9
1347900 1439.3
1347910 1437.5
1347920 1437.5
1347930 1436.4
1347940 1435.0
1347950 1433.6
1347960 1433.6
1347970 1432.1
1347980 1430.5
1347990 1430.5
1348000 1429.2
1348010 1428.0
1348020 1428.0
1348030 1426.5
1348040 1425.2
1348050 1425.2
1348060 1423.9
1348070 1422.6
1348080 1422.6
1348090 1421.5
1348100 1420.4
1348110 1420.4
1348120 1419.2
1348130 1418.2
1348140 1418.2
1348150 1417.2
1348160 1415.8
1348170 1415.8
1348180 1415.1
1348190 1413.8
1348200 1412.9
1348210 1412.9
1348220 1412.0
1348230 1411.1
1348240 1411.1
1348250 1409.8
1348260 1404.7
1348270 1404.7
1348280 1404.5
1348290 1407.3
1348300 1407.3
1348310 1411.0
1348320 1411.9
1348330 1411.9
1348340 1418.0
1348350 1425.7
1348360 1425.7
1348370 1429.8
1348380 1437.4
1348390 1437.4
1348400 1443.5
1348410 1446.2
1348420 1446.2
1348430 1449.4
1348440 1451.8
1348450 1459.1
1348460 1459.1
1348470 1466.2
1348480 1468.5
1348490 1468.5
1348500 1470.7
1348510 1473.6
1348520 1473.6
1348530 1478.4
1348540 1482.4
1348550 1482.4
1348560 1485.4
1348570 1488.1
1348580 1488.1
1348590 1491.5
1348600 1494.1
1348610 1494.1
1348620 1496.8
1348630 1499.6
1348640 1499.6
1348650 1502.7
1348660 1506.6
1348670 1506.6
1348680 1511.6
1348690 1515.5
1348700 1518.8
1348710 1518.8
1348720 1523.4
1348730 1528.3
1348740 1528.3
1348750 1532.6
1348760 1534.3
1348770 1534.3
1348780 1535.7
1348790 1538.2
1348800 1538.2
1348810 1541.6
1348820 1546.4
1348830 1546.4
1348840 1552.1
1348850 1557.8
1348860 1557.8
1348870 1564.1
1348880 1569.9
1348890 1569.9
1348900 1575.1
1348910 1580.6
1348920 1580.6
1348930 1585.1
1348940 1589.2
1348950 1593.1
1348960 1593.1
1348970 1597.4
1348980 1602.3
1348990 1602.3
1349000 1607.1
1349010 1611.3
1349020 1611.3
1349030 1616.4
1349040 1619.9
1349050 1619.9
1349060 1623.7
1349070 1628.3
1349080 1628.3
1349090 1632.5
1349100 1636.6
1349110 1636.6
1349120 1641.2
1349130 1645.6
1349140 1645.6
1349150 1650.3
1349160 1655.1
1349170 1659.8
1349180 1659.8
1349190 1665.6
1349200 1671.9
1349210 1671.9
1349220 1678.2
1349230 1684.3
1349240 1684.3
1349250 1690.1
1349260 1695.6
1349270 1695.6
1349280 1700.4
1349290 1704.6
1349300 1704.6
1349310 1708.4
1349320 1711.4
1349330 1711.4
1349340 1714.4
1349350 1719.0
1349360 1719.0
1349370 1724.9
1349380 1731.0
1349390 1731.0
1349400 1737.9
1349410 1744.1
1349420 1750.0
1349430 1750.0
1349440 1756.0
1349450 1761.5
1349460 1761.5
1349470 1766.2
1349480 1771.7
1349490 1771.7
1349500 1778.1
1349510 1784.0
1349520 1784.0
1349530 1789.7
1349540 1795.7
1349550 1795.7
1349560 1801.8
1349570 1808.1
1349580 1808.1
1349590 1814.5
1349600 1819.8
1349610 1819.8
1349620 1823.7
1349630 1827.1
1349640 1827.1
1349650 1831.1
1349660 1835.3
1349670 1837.9
1349680 1837.9
1349690 1840.2
1349700 1843.1
1349710 1843.1
1349720 1845.8
1349730 1851.4
1349740 1851.4
1349750 1858.7
1349760 1865.0
1349770 1865.0
1349780 1870.5
1349790 1875.2
1349800 1875.2
1349810 1880.0
1349820 1884.8
1349830 1884.8
1349840 1890.0
1349850 1896.7
1349860 1896.7
1349870 1903.7
1349880 1910.7
1349890 1910.7
1349900 1919.6
1349910 1925.8
1349920 1930.5
1349930 1930.5
1349940 1934.5
1349950 1938.7
1349960 1938.7
1349970 1943.4
1349980 1949.6
1349990 1949.6
1350000 1957.6
1350010 1963.4
1350020 1963.4
1350030 1967.8
1350040 1973.8
1350050 1973.8
1350060 1979.7
1350070 1983.9
1350080 1983.9
1350090 1987.4
1350100 1990.2
1350110 1990.2
1350120 1992.2
1350130 1995.5
1350140 1995.5
1350150 1998.3
1350160 1997.4
1350170 1998.5
1350180 1998.5
1350190 2000.9
1350200 2002.4
1350210 2002.4
1350220 2003.0
1350230 2002.8
1350240 2002.8
1350250 2002.1
1350260 2001.3
1350270 2001.3
1350280 1999.4
1350290 1997.1
1350300 1997.1
1350310 1996.4
1350320 1996.1
1350330 1996.1
1350340 1995.5
1350350 1994.1
1350360 1994.1
1350370 1992.1
1350380 1988.9
1350390 1988.9
1350400 1986.8
1350410 1984.5
1350420 1981.1
1350430 1981.1
1350440 1978.3
1350450 1975.8
1350460 1975.8
1350470 1973.7
1350480 1971.3
1350490 1971.3
1350500 1969.1
1350510 1967.0
1350520 1967.0
1350530 1964.0
1350540 1961.6
1350550 1961.6
1350560 1959.6
1350570 1958.1
1350580 1958.1
1350590 1956.2
1350600 1954.3
1350610 1954.3
1350620 1953.6
1350630 1952.4
1350640 1952.4
1350650 1949.4
1350660 1944.3
1350670 1940.7
1350680 1940.7
1350690 1933.7
1350700 1926.0
1350710 1926.0
1350720 1919.4
1350730 1913.6
1350740 1913.6
1350750 1905.1
1350760 1901.0
1350770 1901.0
1350780 1898.2
1350790 1892.2
1350800 1892.2
1350810 1886.4
1350820 1881.9
1350830 1881.9
1350840 1877.3
1350850 1871.8
1350860 1871.8
1350870 1863.7
1350880 1855.7
1350890 1855.7
1350900 1848.2
1350910 1842.7
1350920 1838.9
1350930 1838.9
1350940 1836.8
1350950 1833.1
1350960 1833.1
1350970 1828.2
1350980 1823.7
1350990 1823.7
1351000 1818.3
1351010 1811.9
1351020 1811.9
1351030 1805.0
1351040 1797.5
1351050 1797.5
1351060 1790.1
1351070 1783.5
1351080 1783.5
1351090 1777.3
1351100 1773.5
1351110 1773.5
1351120 1769.8
1351130 1764.5
1351140 1764.5
1351150 1759.5
1351160 1753.3
1351170 1746.9
1351180 1746.9
1351190 1739.8
1351200 1732.0
1351210 1732.0
1351220 1725.8
1351230 1721.1
1351240 1721.1
1351250 1716.6
1351260 1712.9
1351270 1712.9
1351280 1710.0
1351290 1707.0
1351300 1707.0
1351310 1703.0
1351320 1698.2
1351330 1698.2
1351340 1692.7
1351350 1687.5
1351360 1687.5
1351370 1681.5
1351380 1676.3
1351390 1670.6
1351400 1670.6
1351410 1664.6
1351420 1658.1
1351430 1658.1
1351440 1651.0
1351450 1644.2
1351460 1644.2
1351470 1637.9
1351480 1633.3
1351490 1633.3
1351500 1633.0
1351510 1636.0
1351520 1636.0
1351530 1635.6
1351540 1635.7
1351550 1635.7
1351560 1636.6
1351570 1635.1
1351580 1635.1
1351590 1632.4
1351600 1631.6
1351610 1631.6
1351620 1628.6
1351630 1627.1
1351640 1626.9
1351650 1626.9
1351660 1629.2
1351670 1631.5
1351680 1631.5
1351690 1632.9
1351700 1634.9
1351710 1644.7
1351720 1649.6
1351730 1650.9
1351740 1650.9
1351750 1651.8
1351760 1653.6
1351770 1653.6
1351780 1655.4
1351790 1656.5
1351800 1656.5
1351810 1657.8
1351820 1657.5
1351830 1657.5
1351840 1655.5
1351850 1656.8
1351860 1656.8
1351870 1657.8
1351880 1660.6
1351890 1664.7
1351900 1664.7
1351910 1667.8
1351920 1667.8
1351930 1667.8
1351940 1667.8
1351950 1668.8
1351960 1668.8
1351970 1670.9
1351980 1672.0
1351990 1672.0
1352000 1670.0
1352010 1667.8
1352020 1667.8
1352030 1662.7
1352040 1657.6
1352050 1657.6
1352060 1651.3
1352070 1640.5
1352080 1640.5
1352090 1632.7
1352100 1630.4
1352110 1630.4
1352120 1630.5
1352130 1630.5
1352140 1632.1
1352150 1632.1
1352160 1636.9
1352170 1636.3
1352180 1636.3
1352190 1638.2
1352200 1641.2
1352210 1641.2
1352220 1642.7
1352230 1645.3
1352240 1645.3
1352250 1647.5
1352260 1648.4
1352270 1648.4
1352280 1648.8
1352290 1649.0
1352300 1649.0
1352310 1650.1
1352320 1649.5
1352330 1649.5
1352340 1648.6
1352350 1647.6
1352360 1647.6
1352370 1647.7
1352380 1646.4
1352390 1644.2
1352400 1644.2
1352410 1642.8
1352420 1641.7
1352430 1641.7
1352440 1639.1
1352450 1636.6
1352460 1636.6
1352470 1636.8
1352480 1638.6
1352490 1638.6
1352500 1640.8
1352510 1641.6
1352520 1641.6
1352530 1641.4
1352540 1639.7
1352550 1639.7
1352560 1639.8
1352570 1640.1
1352580 1640.1
1352590 1640.5
1352600 1642.2
1352610 1642.2
1352620 1643.1
1352630 1643.0
1352640 1642.7
1352650 1642.7
1352660 1641.6
1352670 1647.9
1352680 1647.9
1352690 1646.9
1352700 1645.6
1352710 1645.6
1352720 1646.3
1352730 1646.2
1352740 1646.2
1352750 1645.7
1352760 1644.9
1352770 1644.9
1352780 1642.0
1352790 1640.7
1352800 1640.7
1352810 1637.7
1352820 1634.5
1352830 1634.5
1352840 1632.6
1352850 1630.4
1352860 1630.4
1352870 1628.8
1352880 1628.5
1352890 1627.6
1352900 1627.6
1352910 1627.0
1352920 1626.4
1352930 1626.4
1352940 1625.3
1352950 1623.2
1352960 1623.2
1352970 1621.1
1352980 1618.0
1352990 1618.0
1353000 1614.0
1353010 1609.7
1353020 1609.7
1353030 1604.6
1353040 1600.6
1353050 1600.6
1353060 1597.9
1353070 1595.3
1353080 1595.3
1353090 1591.4
1353100 1588.1
1353110 1588.1
1353120 1585.3
1353130 1581.9
1353140 1579.5
1353150 1579.5
1353160 1576.7
1353170 1574.3
1353180 1574.3
1353190 1571.2
1353200 1568.9
1353210 1568.9
1353220 1566.9
1353230 1563.9
1353240 1563.9
1353250 1562.5
1353260 1559.7
1353270 1559.7
1353280 1554.5
1353290 1549.9
1353300 1549.9
1353310 1547.3
1353320 1544.5
1353330 1544.5
1353340 1542.9
1353350 1539.9
1353360 1534.4
1353370 1534.4
1353380 1528.0
1353390 1521.9
1353400 1521.9
1353410 1515.8
1353420 1509.5
1353430 1509.5
1353440 1504.1
1353450 1499.3
1353460 1499.3
1353470 1494.4
1353480 1489.6
1353490 1489.6
1353500 1485.7
1353510 1482.4
1353520 1482.4
1353530 1478.2
1353540 1473.0
1353550 1473.0
1353560 1465.4
1353570 1458.5
1353580 1458.5
1353590 1446.3
1353600 1437.4
1353610 1428.6
1353620 1428.6
1353630 1418.3
1353640 1410.1
1353650 1410.1
1353660 1402.9
1353670 1395.5
1353680 1395.5
1353690 1389.0
1353700 1382.5
1353710 1382.5
1353720 1375.8
1353730 1369.9
1353740 1369.9
1353750 1366.7
1353760 1365.6
1353770 1365.6
1353780 1363.8
1353790 1360.3
1353800 1360.3
1353810 1350.2
1353820 1335.2
1353830 1335.2
1353840 1327.3
1353850 1319.8
1353860 1314.8
1353870 1314.8
1353880 1309.0
1353890 1301.2
1353900 1301.2
1353910 1294.1
1353920 1288.3
1353930 1288.3
1353940 1281.7
1353950 1275.3
1353960 1275.3
1353970 1268.6
1353980 1262.6
1353990 1262.6
1354000 1260.2
1354010 1258.3
1354020 1258.3
1354030 1250.2
1354040 1234.0
1354050 1234.0
1354060 1220.2
1354070 1213.7
1354080 1213.7
1354090 1206.5
1354100 1191.0
1354110 1184.0
1354120 1184.0
1354130 1177.0
1354140 1163.9
1354150 1163.9
1354160 1150.3
1354170 1147.1
1354180 1147.1
1354190 1139.8
1354200 1132.3
1354210 1132.3
1354220 1125.2
1354230 1118.8
1354240 1118.8
1354250 1114.6
1354260 1113.2
1354270 1113.2
1354280 1113.1
1354290 1110.3
1354300 1110.3
1354310 1108.3
1354320 1106.9
1354330 1106.9
1354340 1105.6
1354350 1104.3
1354360 1103.1
1354370 1103.1
1354380 1101.8
1354390 1100.9
1354400 1100.9
1354410 1100.4
1354420 1099.4
1354430 1099.4
1354440 1098.6
1354450 1097.9
1354460 1097.9
1354470 1096.8
1354480 1095.9
1354490 1095.9
1354500 1095.3
1354510 1093.6
1354520 1093.6
1354530 1092.8
1354540 1093.0
1354550 1093.0
1354560 1093.2
1354570 1093.4
1354580 1093.4
1354590 1093.3
1354600 1093.2
1354610 1093.1
1354620 1092.2
1354630 1089.5
1354640 1086.5
1354650 1086.5
1354660 1086.2
1354670 1086.2
1354680 1086.2
1354690 1086.2
1354700 1086.3
1354710 1086.3
1354720 1086.1
1354730 1085.6
1354740 1085.6
1354750 1085.2
1354760 1085.2
1354770 1085.2
1354780 1084.8
1354790 1082.4
1354800 1082.4
1354810 1080.7
1354820 1079.1
1354830 1079.1
1354840 1077.1
1354850 1074.8
1354860 1072.3
1354870 1072.3
1354880 1069.0
1354890 1062.6
1354900 1062.6
1354910 1060.0
1354920 1059.5
1354930 1059.5
1354940 1058.9
1354950 1057.4
1354960 1057.4
1354970 1056.9
1354980 1057.0
1354990 1057.0
1355000 1056.7
1355010 1053.2
1355020 1053.2
1355030 1049.2
1355040 1047.2
1355050 1047.2
1355060 1045.9
1355070 1044.9
1355080 1044.9
1355090 1043.5
1355100 1041.8
1355110 1042.6
1355120 1042.6
1355130 1044.5
1355140 1047.5
1355150 1047.5
1355160 1051.3
1355170 1054.6
1355180 1054.6
1355190 1057.5
1355200 1059.6
1355210 1059.6
1355220 1060.7
1355230 1061.5
1355240 1061.5
1355250 1063.2
1355260 1067.2
1355270 1067.2
1355280 1069.7
1355290 1071.1
1355300 1071.1
1355310 1072.6
1355320 1074.4
1355330 1076.2
1355340 1076.2
1355350 1077.4
1355360 1079.7
1355370 1079.7
1355380 1082.0
1355390 1084.0
1355400 1084.0
1355410 1086.4
1355420 1088.3
1355430 1088.3
1355440 1091.4
1355450 1093.7
1355460 1093.7
1355470 1096.0
1355480 1098.4
1355490 1098.4
1355500 1101.0
1355510 1102.4
1355520 1102.4
1355530 1105.3
1355540 1108.5
1355550 1108.5
1355560 1111.5
1355570 1116.2
1355580 1120.6
1355590 1120.6
1355600 1125.7
1355610 1127.7
1355620 1127.7
1355630 1129.0
1355640 1131.5
1355650 1131.5
1355660 1134.3
1355670 1137.6
1355680 1137.6
1355690 1141.9
1355700 1143.0
1355710 1143.0
1355720 1145.4
1355730 1147.3
1355740 1147.3
1355750 1150.0
1355760 1151.9
1355770 1151.9
1355780 1153.0
1355790 1155.9
1355800 1155.9
1355810 1157.2
1355820 1158.4
1355830 1161.3
1355840 1161.3
1355850 1164.3
1355860 1168.4
1355870 1168.4
1355880 1173.5
1355890 1178.9
1355900 1178.9
1355910 1184.4
1355920 1190.3
1355930 1190.3
1355940 1195.9
1355950 1201.9
1355960 1201.9
1355970 1207.9
1355980 1213.9
1355990 1213.9
1356000 1219.6
1356010 1225.9
1356020 1225.9
1356030 1232.3
1356040 1239.2
1356050 1239.2
1356060 1246.4
1356070 1252.6
1356080 1259.5
1356090 1259.5
1356100 1265.9
1356110 1270.1
1356120 1270.1
1356130 1272.7
1356140 1277.0
1356150 1277.0
1356160 1283.7
1356170 1291.4
1356180 1291.4
1356190 1298.3
1356200 1303.0
1356210 1303.0
1356220 1307.1
1356230 1311.5
1356240 1311.5
1356250 1316.6
1356260 1323.9
1356270 1323.9
1356280 1332.8
1356290 1342.0
1356300 1342.0
1356310 1352.4
1356320 1360.3
1356330 1367.3
1356340 1367.3
1356350 1371.1
1356360 1374.2
1356370 1374.2
1356380 1377.4
1356390 1382.3
1356400 1382.3
1356410 1389.4
1356420 1397.3
1356430 1397.3
1356440 1405.0
1356450 1412.6
1356460 1412.6
1356470 1420.2
1356480 1428.1
1356490 1428.1
1356500 1435.3
1356510 1445.8
1356520 1445.8
1356530 1460.1
1356540 1469.5
1356550 1469.5
1356560 1476.5
1356570 1483.9
1356580 1491.5
1356590 1489.1
1356600 1497.5
1356610 1504.1
1356620 1504.1
1356630 1511.7
1356640 1518.5
1356650 1518.5
1356660 1523.8
1356670 1528.3
1356680 1528.3
1356690 1533.7
1356700 1541.8
1356710 1541.8
1356720 1549.0
1356730 1553.3
1356740 1553.3
1356750 1557.4
1356760 1562.7
1356770 1562.7
1356780 1568.0
1356790 1570.7
1356800 1570.7
1356810 1574.0
1356820 1577.2
1356830 1578.1
1356840 1578.1
1356850 1577.1
1356860 1574.2
1356870 1574.2
1356880 1572.1
1356890 1572.6
1356900 1572.6
1356910 1573.4
1356920 1572.0
1356930 1572.0
1356940 1573.2
1356950 1576.0
1356960 1576.0
1356970 1577.1
1356980 1577.5
1356990 1577.5
1357000 1577.3
1357010 1578.1
1357020 1578.1
1357030 1578.9
1357040 1579.9
1357050 1579.9
1357060 1579.6
1357070 1577.5
1357080 1575.1
1357090 1575.1
1357100 1575.4
1357110 1579.1
1357120 1579.1
1357130 1583.5
1357140 1588.1
1357150 1588.1
1357160 1591.3
1357170 1594.7
1357180 1594.7
1357190 1600.2
1357200 1603.6
1357210 1603.6
1357220 1609.2
1357230 1616.9
1357240 1616.9
1357250 1619.8
1357260 1619.6
1357270 1619.6
1357280 1618.8
1357290 1616.7
1357300 1616.7
1357310 1614.0
1357320 1610.1
1357330 1606.1
1357340 1606.1
1357350 1603.3
1357360 1600.7
1357370 1600.7
1357380 1600.0
1357390 1597.6
1357400 1597.6
1357410 1595.5
1357420 1592.8
1357430 1592.8
1357440 1590.4
1357450 1589.2
1357460 1589.2
1357470 1589.1
1357480 1588.4
1357490 1588.4
1357500 1582.7
1357510 1582.0
1357520 1582.0
1357530 1581.3
1357540 1579.9
1357550 1581.2
1357560 1581.2
1357570 1587.0
1357580 1593.8
1357590 1597.7
1357600 1603.1
1357610 1610.3
1357620 1610.3
1357630 1613.5
1357640 1612.9
1357650 1612.9
1357660 1612.5
1357670 1614.8
1357680 1614.8
1357690 1619.6
1357700 1625.9
1357710 1625.9
1357720 1631.0
1357730 1637.1
1357740 1637.1
1357750 1637.2
1357760 1630.3
1357770 1630.3
1357780 1627.7
1357790 1628.3
1357800 1631.4
1357810 1631.4
1357820 1629.6
1357830 1627.9
1357840 1627.9
1357850 1628.1
1357860 1627.3
1357870 1627.3
1357880 1626.7
1357890 1626.0
1357900 1626.0
1357910 1627.5
1357920 1631.7
1357930 1631.7
1357940 1637.1
1357950 1645.2
1357960 1645.2
1357970 1653.8
1357980 1662.2
1357990 1662.2
1358000 1670.5
1358010 1678.3
1358020 1678.3
1358030 1685.5
1358040 1691.9
1358050 1697.2
1358060 1697.2
1358070 1703.1
1358080 1709.4
1358090 1709.4
1358100 1715.8
1358110 1721.8
1358120 1721.8
1358130 1727.8
1358140 1734.0
1358150 1734.0
1358160 1739.7
1358170 1744.9
1358180 1744.9
1358190 1750.8
1358200 1757.5
1358210 1757.5
1358220 1765.0
1358230 1773.1
1358240 1773.1
1358250 1781.2
1358260 1789.5
1358270 1789.5
1358280 1797.0
1358290 1804.1
1358300 1812.5
1358310 1812.5
1358320 1822.2
1358330 1831.9
1358340 1831.9
1358350 1840.5
1358360 1850.7
1358370 1850.7
1358380 1858.7
1358390 1865.9
1358400 1865.9
1358410 1874.1
1358420 1883.3
1358430 1883.3
1358440 1892.1
1358450 1899.4
1358460 1899.4
1358470 1905.7
1358480 1913.8
1358490 1913.8
1358500 1921.6
1358510 1930.2
1358520 1930.2
1358530 1939.6
1358540 1948.4
1358550 1955.8
1358560 1955.8
1358570 1962.9
1358580 1970.4
1358590 1974.6
1358600 1982.1
1358610 1989.6
1358620 1989.6
1358630 1997.9
1358640 2004.7
1358650 2004.7
1358660 2007.3
1358670 2010.4
1358680 2010.4
1358690 2017.8
1358700 2022.0
1358710 2022.0
1358720 2028.4
1358730 2033.9
1358740 2033.9
1358750 2035.8
1358760 2038.7
1358770 2038.7
1358780 2046.7
1358790 2054.0
1358800 2058.7
1358810 2058.7
1358820 2061.1
1358830 2064.0
1358840 2064.0
1358850 2072.9
1358860 2082.0
1358870 2082.0
1358880 2093.2
1358890 2100.5
1358900 2100.5
1358910 2105.3
1358920 2108.3
1358930 2108.3
1358940 2113.7
1358950 2115.8
1358960 2115.8
1358970 2116.8
1358980 2120.5
1358990 2120.5
1359000 2124.2
1359010 2125.5
1359020 2125.5
1359030 2125.5
1359040 2124.5
1359050 2119.7
1359060 2119.7
1359070 2122.2
1359080 2127.0
1359090 2127.0
1359100 2131.2
1359110 2133.7
1359120 2133.7
1359130 2133.7
1359140 2133.1
1359150 2133.1
1359160 2136.6
1359170 2139.5
1359180 2139.5
1359190 2141.0
1359200 2139.8
1359210 2139.8
1359220 2136.5
1359230 2138.7
1359240 2138.7
1359250 2147.2
1359260 2150.0
1359270 2150.0
1359280 2154.1
1359290 2158.9
1359300 2160.9
1359310 2160.9
1359320 2165.0
1359330 2172.5
1359340 2172.5
1359350 2180.0
1359360 2187.8
1359370 2187.8
1359380 2195.7
1359390 2204.1
1359400 2204.1
1359410 2211.7
1359420 2217.6
1359430 2217.6
1359440 2221.0
1359450 2217.6
1359460 2217.6
1359470 2207.8
1359480 2195.7
1359490 2195.7
1359500 2186.8
1359510 2179.0
1359520 2170.9
1359530 2170.9
1359540 2163.9
1359550 2157.8
1359560 2157.8
1359570 2152.2
1359580 2147.5
1359590 2147.5
1359600 2140.8
1359610 2129.2
1359620 2129.2
1359630 2121.0
1359640 2112.2
1359650 2112.2
1359660 2104.2
1359670 2096.8
1359680 2096.8
1359690 2090.0
1359700 2083.2
1359710 2083.2
1359720 2077.1
1359730 2072.6
1359740 2072.6
1359750 2066.5
1359760 2058.1
1359770 2052.7
1359780 2052.7
1359790 2048.9
1359800 2046.2
1359810 2046.2
1359820 2043.3
1359830 2041.7
1359840 2041.7
1359850 2040.0
1359860 2036.5
1359870 2036.5
1359880 2032.1
1359890 2027.1
1359900 2027.1
1359910 2022.5
1359920 2017.4
1359930 2017.4
1359940 2011.8
1359950 2007.9
1359960 2007.9
1359970 2004.4
1359980 2000.3
1359990 2000.3
