1340000 1384.2
1340010 1384.0
1340020 1383.4
1340030 1383.4
1340040 1383.4
1340050 1384.1
1340060 1384.1
1340070 1385.6
1340080 1388.7
1340090 1388.7
1340100 1393.2
1340110 1397.9
1340120 1397.9
1340130 1401.1
1340140 1400.1
1340150 1400.1
1340160 1399.7
1340170 1400.9
1340180 1400.9
1340190 1401.5
1340200 1401.7
1340210 1401.7
1340220 1402.5
1340230 1403.6
1340240 1404.3
1340250 1404.3
1340260 1405.5
1340270 1407.4
1340280 1407.4
1340290 1409.6
1340300 1411.8
1340310 1411.8
1340320 1413.9
1340330 1415.8
1340340 1415.8
1340350 1417.0
1340360 1418.6
1340370 1418.6
1340380 1419.9
1340390 1421.6
1340400 1421.6
1340410 1424.8
1340420 1428.2
1340430 1428.2
1340440 1432.5
1340450 1436.5
1340460 1436.5
1340470 1439.1
1340480 1440.3
1340490 1443.0
1340500 1443.0
1340510 1445.6
1340520 1448.5
1340530 1448.5
1340540 1451.4
1340550 1454.0
1340560 1454.0
1340570 1456.1
1340580 1458.7
1340590 1458.7
1340600 1461.9
1340610 1464.7
1340620 1464.7
1340630 1467.1
1340640 1469.7
1340650 1469.7
1340660 1472.0
1340670 1473.4
1340680 1473.4
1340690 1474.0
1340700 1476.4
1340710 1476.4
1340720 1478.6
1340730 1479.8
1340740 1484.7
1340750 1484.7
1340760 1484.9
1340770 1485.7
1340780 1485.7
1340790 1486.6
1340800 1487.5
1340810 1487.5
1340820 1488.0
1340830 1488.9
1340840 1488.9
1340850 1489.8
1340860 1490.7
1340870 1490.7
1340880 1491.7
1340890 1493.0
1340900 1493.0
1340910 1494.3
1340920 1495.6
1340930 1495.6
1340940 1497.0
1340950 1498.7
1340960 1498.7
1340970 1499.3
1340980 1500.9
1340990 1502.7
1341000 1502.7
1341010 1504.8
1341020 1507.2
1341030 1507.2
1341040 1509.8
1341050 1512.5
1341060 1512.5
1341070 1515.2
1341080 1517.1
1341090 1517.1
1341100 1520.4
1341110 1525.8
1341120 1525.8
1341130 1530.0
1341140 1531.3
1341150 1531.3
1341160 1532.1
1341170 1533.3
1341180 1533.3
1341190 1534.0
1341200 1534.1
1341210 1534.1
1341220 1534.2
1341230 1533.9
1341240 1533.5
1341250 1533.5
1341260 1534.1
1341270 1534.8
1341280 1534.8
1341290 1535.3
1341300 1534.7
1341310 1534.7
1341320 1534.9
1341330 1535.5
1341340 1535.5
1341350 1536.9
1341360 1538.4
1341370 1538.4
1341380 1539.5
1341390 1540.6
1341400 1540.6
1341410 1541.3
1341420 1541.5
1341430 1541.5
1341440 1541.7
1341450 1541.2
1341460 1541.2
1341470 1540.6
1341480 1540.2
1341490 1539.6
1341500 1539.6
1341510 1538.6
1341520 1536.9
1341530 1536.9
1341540 1534.5
1341550 1531.5
1341560 1531.5
1341570 1529.0
1341580 1524.1
1341590 1524.1
1341600 1517.5
1341610 1511.0
1341620 1511.0
1341630 1509.9
1341640 1504.5
1341650 1504.5
1341660 1499.0
1341670 1493.1
1341680 1493.1
1341690 1484.9
1341700 1476.2
1341710 1476.2
1341720 1469.1
1341730 1461.5
1341740 1454.1
1341750 1454.1
1341760 1446.6
1341770 1437.9
1341780 1437.9
1341790 1431.5
1341800 1426.8
1341810 1426.8
1341820 1420.6
1341830 1414.5
1341840 1414.5
1341850 1408.6
1341860 1404.0
1341870 1404.0
1341880 1398.4
1341890 1393.3
1341900 1393.3
1341910 1389.1
1341920 1386.7
1341930 1386.7
1341940 1387.4
1341950 1387.8
1341960 1387.8
1341970 1387.8
1341980 1388.6
1341990 1388.8
1342000 1388.8
1342010 1387.8
1342020 1387.1
1342030 1387.1
1342040 1386.0
1342050 1385.8
1342060 1385.8
1342070 1385.1
1342080 1384.9
1342090 1384.9
1342100 1384.7
1342110 1385.0
1342120 1385.0
1342130 1383.9
1342140 1382.2
1342150 1382.2
1342160 1379.5
1342170 1376.5
1342180 1376.5
1342190 1373.0
1342200 1369.6
1342210 1369.6
1342220 1366.4
1342230 1365.5
1342240 1367.7
1342250 1367.7
1342260 1369.3
1342270 1369.5
1342280 1369.5
1342290 1369.8
1342300 1368.6
1342310 1368.6
1342320 1364.7
1342330 1361.7
1342340 1361.7
1342350 1360.0
1342360 1356.8
1342370 1356.8
1342380 1353.2
1342390 1348.8
1342400 1348.8
1342410 1343.1
1342420 1337.6
1342430 1337.6
1342440 1332.9
1342450 1328.7
1342460 1328.7
1342470 1323.9
1342480 1320.1
1342490 1316.3
1342500 1316.3
1342510 1314.1
1342520 1313.3
1342530 1313.3
1342540 1315.8
1342550 1321.3
1342560 1321.3
1342570 1326.9
1342580 1333.2
1342590 1333.2
1342600 1335.8
1342610 1337.6
1342620 1337.6
1342630 1340.3
1342640 1342.5
1342650 1342.5
1342660 1345.1
1342670 1349.3
1342680 1349.3
1342690 1354.2
1342700 1359.4
1342710 1359.4
1342720 1364.2
1342730 1368.0
1342740 1371.8
1342750 1371.8
1342760 1376.3
1342770 1381.6
1342780 1381.6
1342790 1387.6
1342800 1390.9
1342810 1390.9
1342820 1394.6
1342830 1400.0
1342840 1400.0
1342850 1402.7
1342860 1403.8
1342870 1403.8
1342880 1405.6
1342890 1408.5
1342900 1408.5
1342910 1410.8
1342920 1413.8
1342930 1413.8
1342940 1419.4
1342950 1425.6
1342960 1425.6
1342970 1429.6
1342980 1432.3
1342990 1434.8
1343000 1434.8
1343010 1437.2
1343020 1439.5
1343030 1439.5
1343040 1441.1
1343050 1442.6
1343060 1442.6
1343070 1444.2
1343080 1446.3
1343090 1446.3
1343100 1448.9
1343110 1452.9
1343120 1452.9
1343130 1456.7
1343140 1460.3
1343150 1460.3
1343160 1464.6
1343170 1470.4
1343180 1470.4
1343190 1475.6
1343200 1479.3
1343210 1479.3
1343220 1482.3
1343230 1484.9
1343240 1486.8
1343250 1486.8
1343260 1489.4
1343270 1492.1
1343280 1492.1
1343290 1495.2
1343300 1499.0
1343310 1499.0
1343320 1502.1
1343330 1505.6
1343340 1505.6
1343350 1509.0
1343360 1510.9
1343370 1510.9
1343380 1512.6
1343390 1514.2
1343400 1514.2
1343410 1515.3
1343420 1515.4
1343430 1515.4
1343440 1516.1
1343450 1516.8
1343460 1516.8
1343470 1517.3
1343480 1518.1
1343490 1519.6
1343500 1519.6
1343510 1521.8
1343520 1524.3
1343530 1524.3
1343540 1526.8
1343550 1529.4
1343560 1529.4
1343570 1532.7
1343580 1535.7
1343590 1535.7
1343600 1538.2
1343610 1540.2
1343620 1540.2
1343630 1542.7
1343640 1545.9
1343650 1545.9
1343660 1549.7
1343670 1553.6
1343680 1553.6
1343690 1556.9
1343700 1559.9
1343710 1559.9
1343720 1563.8
1343730 1569.0
1343740 1575.3
1343750 1575.3
1343760 1581.8
1343770 1589.9
1343780 1589.9
1343790 1600.3
1343800 1610.0
1343810 1610.0
1343820 1618.9
1343830 1626.7
1343840 1626.7
1343850 1633.2
1343860 1641.4
1343870 1641.4
1343880 1647.0
1343890 1652.6
1343900 1652.6
1343910 1660.8
1343920 1669.4
1343930 1669.4
1343940 1676.2
1343950 1682.0
1343960 1682.0
1343970 1688.2
1343980 1694.7
1343990 1701.3
1344000 1701.3
1344010 1708.0
1344020 1714.2
1344030 1714.2
1344040 1720.1
1344050 1726.7
1344060 1726.7
1344070 1733.7
1344080 1740.7
1344090 1740.7
1344100 1747.8
1344110 1755.6
1344120 1755.6
1344130 1763.5
1344140 1770.9
1344150 1770.9
1344160 1774.9
1344170 1774.2
1344180 1774.2
1344190 1773.1
1344200 1772.8
1344210 1772.8
1344220 1772.4
1344230 1773.2
1344240 1776.4
1344250 1776.4
1344260 1778.5
1344270 1781.6
1344280 1781.6
1344290 1785.8
1344300 1790.3
1344310 1790.3
1344320 1798.4
1344330 1801.4
1344340 1801.4
1344350 1804.8
1344360 1809.0
1344370 1809.0
1344380 1812.8
1344390 1816.2
1344400 1816.2
1344410 1819.5
1344420 1823.6
1344430 1823.6
1344440 1828.6
1344450 1834.5
1344460 1834.5
1344470 1840.6
1344480 1847.2
1344490 1853.3
1344500 1853.3
1344510 1858.7
1344520 1863.6
1344530 1863.6
1344540 1868.2
1344550 1873.2
1344560 1873.2
1344570 1876.3
1344580 1879.7
1344590 1879.7
1344600 1886.0
1344610 1894.6
1344620 1894.6
1344630 1907.5
1344640 1920.4
1344650 1920.4
1344660 1927.4
1344670 1931.2
1344680 1931.2
1344690 1934.6
1344700 1937.5
1344710 1940.6
1344720 1940.6
1344730 1944.8
1344740 1950.3
1344750 1950.3
1344760 1957.0
1344770 1963.8
1344780 1963.8
1344790 1968.0
1344800 1968.4
1344810 1968.4
1344820 1968.3
1344830 1968.1
1344840 1968.1
1344850 1967.8
1344860 1966.7
1344870 1966.7
1344880 1966.0
1344890 1965.5
1344900 1965.5
1344910 1964.9
1344920 1964.3
1344930 1964.3
1344940 1962.9
1344950 1961.7
1344960 1960.6
1344970 1960.6
1344980 1958.8
1344990 1955.7
1345000 1955.7
1345010 1952.9
1345020 1949.2
1345030 1949.2
1345040 1943.5
1345050 1939.6
1345060 1939.6
1345070 1937.4
1345080 1934.5
1345090 1934.5
1345100 1931.4
1345110 1928.2
1345120 1928.2
1345130 1925.4
1345140 1923.2
1345150 1923.2
1345160 1921.3
1345170 1918.7
1345180 1918.7
1345190 1916.9
1345200 1916.1
1345210 1915.5
1345220 1915.5
1345230 1917.1
1345240 1916.2
1345250 1916.2
1345260 1915.2
1345270 1913.5
1345280 1913.5
1345290 1911.2
1345300 1910.2
1345310 1910.2
1345320 1910.8
1345330 1911.7
1345340 1911.7
1345350 1912.2
1345360 1912.4
1345370 1912.4
1345380 1912.4
1345390 1911.8
1345400 1911.8
1345410 1910.9
1345420 1909.4
1345430 1909.4
1345440 1907.5
1345450 1905.4
1345460 1903.4
1345470 1903.4
1345480 1901.3
1345490 1899.0
1345500 1899.0
1345510 1896.2
1345520 1894.2
1345530 1894.2
1345540 1892.4
1345550 1890.6
1345560 1890.6
1345570 1888.8
1345580 1887.1
1345590 1887.1
1345600 1884.6
1345610 1881.6
1345620 1881.6
1345630 1879.5
1345640 1877.4
1345650 1877.4
1345660 1872.4
1345670 1867.9
1345680 1867.9
1345690 1866.5
1345700 1867.4
1345710 1867.1
1345720 1867.1
1345730 1861.2
1345740 1858.0
1345750 1858.0
1345760 1862.7
1345770 1868.3
1345780 1868.3
1345790 1873.3
1345800 1874.5
1345810 1874.5
1345820 1873.3
1345830 1872.5
1345840 1872.5
1345850 1873.1
1345860 1873.4
1345870 1873.4
1345880 1874.0
1345890 1876.5
1345900 1876.5
1345910 1878.6
1345920 1880.9
1345930 1880.9
1345940 1883.0
1345950 1885.7
1345960 1888.1
1345970 1888.1
1345980 1889.9
1345990 1891.5
1346000 1891.5
1346010 1892.8
1346020 1893.9
1346030 1893.9
1346040 1895.0
1346050 1896.3
1346060 1896.3
1346070 1897.5
1346080 1898.3
1346090 1898.3
1346100 1898.9
1346110 1899.9
1346120 1899.9
1346130 1900.6
1346140 1901.5
1346150 1902.9
1346160 1903.9
1346170 1904.8
1346180 1904.8
1346190 1906.2
1346200 1907.5
1346210 1908.8
1346220 1908.8
1346230 1909.8
1346240 1910.6
1346250 1910.6
1346260 1910.9
1346270 1911.5
1346280 1911.5
1346290 1912.4
1346300 1913.2
1346310 1913.2
1346320 1913.5
1346330 1914.0
1346340 1914.0
1346350 1914.3
1346360 1914.9
1346370 1914.9
1346380 1914.9
1346390 1915.4
1346400 1915.4
1346410 1914.9
1346420 1913.4
1346430 1913.4
1346440 1910.8
1346450 1905.4
1346460 1900.6
1346470 1900.6
1346480 1895.5
1346490 1891.1
1346500 1891.1
1346510 1887.5
1346520 1880.5
1346530 1880.5
1346540 1870.8
1346550 1863.0
1346560 1863.0
1346570 1858.4
1346580 1852.8
1346590 1852.8
1346600 1848.2
1346610 1843.6
1346620 1843.6
1346630 1838.8
1346640 1834.3
1346650 1834.3
1346660 1830.2
1346670 1825.4
1346680 1825.4
1346690 1820.0
1346700 1814.9
1346710 1810.4
1346720 1810.4
1346730 1805.4
1346740 1801.0
1346750 1801.0
1346760 1796.9
1346770 1793.4
1346780 1793.4
1346790 1790.1
1346800 1783.9
1346810 1783.9
1346820 1777.4
1346830 1771.3
1346840 1771.3
1346850 1765.4
1346860 1760.4
1346870 1760.4
1346880 1756.4
1346890 1752.6
1346900 1752.6
1346910 1745.9
1346920 1742.5
1346930 1742.5
1346940 1742.3
1346950 1738.9
1346960 1727.9
1346970 1727.9
1346980 1718.0
1346990 1709.6
1347000 1709.6
1347010 1703.0
1347020 1698.3
1347030 1698.3
1347040 1694.7
1347050 1691.3
1347060 1691.3
1347070 1686.8
1347080 1677.2
1347090 1677.2
1347100 1672.1
1347110 1668.0
1347120 1668.0
1347130 1665.2
1347140 1662.8
1347150 1662.8
1347160 1658.1
1347170 1650.1
1347180 1650.1
1347190 1642.0
1347200 1633.6
1347210 1624.6
1347220 1624.6
1347230 1619.4
1347240 1616.5
1347250 1616.5
1347260 1612.9
1347270 1608.0
1347280 1608.0
1347290 1602.6
1347300 1598.0
1347310 1598.0
1347320 1592.6
1347330 1587.2
1347340 1587.2
1347350 1582.1
1347360 1577.4
1347370 1577.4
1347380 1573.5
1347390 1569.8
1347400 1569.8
1347410 1565.6
1347420 1560.9
1347430 1560.9
1347440 1556.4
1347450 1552.5
1347460 1548.0
1347470 1548.0
1347480 1543.6
1347490 1539.0
1347500 1539.0
1347510 1534.3
1347520 1530.1
1347530 1530.1
1347540 1526.0
1347550 1521.6
1347560 1521.6
1347570 1516.9
1347580 1512.1
1347590 1512.1
1347600 1507.7
1347610 1504.3
1347620 1504.3
1347630 1500.8
1347640 1496.9
1347650 1496.9
1347660 1492.6
1347670 1488.3
1347680 1488.3
1347690 1484.3
1347700 1480.0
1347710 1475.9
1347720 1475.9
1347730 1471.6
1347740 1467.4
1347750 1467.4
1347760 1463.5
1347770 1459.0
1347780 1459.0
1347790 1454.7
1347800 1450.4
1347810 1450.4
1347820 1445.7
1347830 1441.2
1347840 1441.2
1347850 1436.4
1347860 1431.6
1347870 1431.6
1347880 1426.6
1347890 1421.7
1347900 1421.7
1347910 1419.4
1347920 1416.1
1347930 1416.1
1347940 1412.0
1347950 1407.4
1347960 1403.6
1347970 1403.6
1347980 1400.6
1347990 1400.4
1348000 1400.5
1348010 1400.5
1348020 1400.5
1348030 1400.5
1348040 1400.5
1348050 1400.5
1348060 1400.5
1348070 1400.5
1348080 1400.5
1348090 1400.5
1348100 1400.5
1348110 1400.5
1348120 1400.5
1348130 1400.5
1348140 1400.5
1348150 1400.5
1348160 1400.5
1348170 1400.5
1348180 1400.5
1348190 1400.5
1348200 1400.5
1348210 1400.5
1348220 1400.5
1348230 1400.5
1348240 1400.5
1348250 1400.5
1348260 1400.5
1348270 1400.5
1348280 1400.5
1348290 1400.5
1348300 1401.5
1348310 1401.5
1348320 1406.2
1348330 1411.7
1348340 1411.7
1348350 1418.2
1348360 1421.8
1348370 1421.8
1348380 1425.6
1348390 1431.3
1348400 1431.3
1348410 1436.0
1348420 1440.3
1348430 1440.3
1348440 1443.5
1348450 1445.8
1348460 1449.1
1348470 1449.1
1348480 1451.6
1348490 1452.6
1348500 1452.6
1348510 1454.0
1348520 1457.9
1348530 1457.9
1348540 1462.3
1348550 1464.6
1348560 1464.6
1348570 1467.5
1348580 1470.7
1348590 1470.7
1348600 1474.3
1348610 1477.5
1348620 1477.5
1348630 1477.2
1348640 1476.3
1348650 1476.3
1348660 1474.7
1348670 1474.8
1348680 1474.8
1348690 1475.2
1348700 1476.2
1348710 1477.5
1348720 1477.5
1348730 1480.4
1348740 1482.2
1348750 1482.2
1348760 1485.0
1348770 1490.2
1348780 1490.2
1348790 1492.8
1348800 1496.0
1348810 1496.0
1348820 1498.6
1348830 1501.7
1348840 1501.7
1348850 1506.7
1348860 1512.3
1348870 1512.3
1348880 1517.7
1348890 1521.7
1348900 1521.7
1348910 1526.6
1348920 1531.4
1348930 1531.4
1348940 1538.3
1348950 1544.0
1348960 1548.3
1348970 1548.3
1348980 1550.4
1348990 1553.7
1349000 1553.7
1349010 1557.7
1349020 1562.5
1349030 1562.5
1349040 1566.9
1349050 1570.7
1349060 1570.7
1349070 1575.0
1349080 1579.1
1349090 1579.1
1349100 1583.1
1349110 1586.7
1349120 1586.7
1349130 1590.2
1349140 1593.6
1349150 1593.6
1349160 1596.7
1349170 1599.9
1349180 1599.9
1349190 1603.2
1349200 1607.4
1349210 1612.6
1349220 1612.6
1349230 1616.3
1349240 1618.3
1349250 1618.3
1349260 1621.5
1349270 1625.9
1349280 1625.9
1349290 1628.1
1349300 1628.0
1349310 1628.0
1349320 1635.5
1349330 1642.0
1349340 1642.0
1349350 1646.4
1349360 1650.8
1349370 1650.8
1349380 1655.5
1349390 1658.5
1349400 1658.5
1349410 1662.2
1349420 1665.1
1349430 1665.1
1349440 1668.3
1349450 1674.0
1349460 1678.5
1349470 1678.5
1349480 1682.5
1349490 1687.4
1349500 1687.4
1349510 1693.0
1349520 1699.3
1349530 1699.3
1349540 1706.3
1349550 1712.7
1349560 1712.7
1349570 1717.3
1349580 1721.4
1349590 1721.4
1349600 1725.9
1349610 1731.0
1349620 1731.0
1349630 1735.5
1349640 1739.4
1349650 1739.4
1349660 1746.0
1349670 1752.8
1349680 1757.8
1349690 1757.8
1349700 1760.4
1349710 1764.0
1349720 1764.0
1349730 1769.3
1349740 1774.6
1349750 1774.6
1349760 1779.1
1349770 1785.7
1349780 1785.7
1349790 1792.6
1349800 1798.6
1349810 1798.6
1349820 1805.4
1349830 1813.3
1349840 1813.3
1349850 1821.0
1349860 1824.8
1349870 1824.8
1349880 1827.4
1349890 1836.3
1349900 1836.3
1349910 1839.6
1349920 1841.7
1349930 1845.8
1349940 1845.8
1349950 1849.3
1349960 1854.1
1349970 1854.1
1349980 1856.9
1349990 1858.5
1350000 1858.5
1350010 1861.0
1350020 1864.5
1350030 1864.5
1350040 1867.4
1350050 1869.8
1350060 1869.8
1350070 1872.4
1350080 1878.2
1350090 1878.2
1350100 1885.8
1350110 1895.3
1350120 1895.3
1350130 1901.6
1350140 1905.5
1350150 1905.5
1350160 1909.9
1350170 1913.9
1350180 1917.2
1350190 1917.2
1350200 1920.3
1350210 1925.4
1350220 1925.4
1350230 1929.5
1350240 1933.7
1350250 1933.7
1350260 1938.1
1350270 1942.6
1350280 1942.6
1350290 1946.8
1350300 1951.1
1350310 1951.1
1350320 1955.1
1350330 1958.2
1350340 1958.2
1350350 1961.8
1350360 1964.6
1350370 1964.6
1350380 1967.8
1350390 1970.7
1350400 1970.7
1350410 1973.1
1350420 1976.1
1350430 1979.4
1350440 1979.4
1350450 1982.4
1350460 1984.9
1350470 1984.9
1350480 1987.8
1350490 1990.6
1350500 1990.6
1350510 1993.1
1350520 1995.7
1350530 1995.7
1350540 1996.9
1350550 1997.4
1350560 1997.4
1350570 1997.2
1350580 1996.4
1350590 1996.4
1350600 1995.5
1350610 1994.0
1350620 1994.0
1350630 1991.7
1350640 1989.0
1350650 1989.0
1350660 1985.0
1350670 1982.2
1350680 1980.5
1350690 1980.5
1350700 1978.6
1350710 1975.9
1350720 1975.9
1350730 1973.6
1350740 1971.7
1350750 1971.7
1350760 1969.5
1350770 1966.9
1350780 1966.9
1350790 1964.4
1350800 1961.4
1350810 1961.4
1350820 1956.9
1350830 1952.2
1350840 1952.2
1350850 1947.1
1350860 1941.4
1350870 1941.4
1350880 1935.3
1350890 1928.8
1350900 1928.8
1350910 1923.2
1350920 1917.3
1350930 1912.7
1350940 1912.7
1350950 1907.4
1350960 1901.2
1350970 1901.2
1350980 1896.7
1350990 1892.2
1351000 1892.2
1351010 1884.8
1351020 1879.5
1351030 1879.5
1351040 1876.9
1351050 1872.0
1351060 1872.0
1351070 1870.4
1351080 1868.8
1351090 1868.8
1351100 1864.6
1351110 1858.0
1351120 1858.0
1351130 1852.2
1351140 1848.7
1351150 1848.7
1351160 1843.4
1351170 1839.0
1351180 1834.0
1351190 1834.0
1351200 1828.7
1351210 1824.6
1351220 1824.6
1351230 1824.0
1351240 1826.7
1351250 1826.7
1351260 1824.6
1351270 1817.2
1351280 1817.2
1351290 1808.9
1351300 1801.4
1351310 1801.4
1351320 1795.3
1351330 1787.9
1351340 1787.9
1351350 1780.3
1351360 1774.1
1351370 1774.1
1351380 1766.0
1351390 1753.9
1351400 1753.9
1351410 1744.9
1351420 1734.2
1351430 1723.9
1351440 1723.9
1351450 1714.0
1351460 1706.5
1351470 1706.5
1351480 1698.0
1351490 1687.2
1351500 1687.2
1351510 1677.3
1351520 1669.5
1351530 1669.5
1351540 1663.5
1351550 1655.7
1351560 1655.7
1351570 1646.7
1351580 1642.7
1351590 1642.7
1351600 1638.6
1351610 1636.3
1351620 1636.3
1351630 1635.4
1351640 1633.8
1351650 1633.8
1351660 1631.1
1351670 1628.3
1351680 1625.7
1351690 1625.7
1351700 1623.2
1351710 1620.1
1351720 1620.1
1351730 1617.8
1351740 1615.6
1351750 1615.6
1351760 1613.4
1351770 1609.8
1351780 1608.8
1351790 1605.3
1351800 1603.0
1351810 1603.0
1351820 1600.5
1351830 1598.3
1351840 1598.3
1351850 1595.3
1351860 1591.1
1351870 1591.1
1351880 1588.2
1351890 1585.6
1351900 1585.6
1351910 1582.1
1351920 1578.9
1351930 1575.5
1351940 1575.5
1351950 1572.3
1351960 1568.5
1351970 1568.5
1351980 1564.6
1351990 1560.0
1352000 1560.0
1352010 1554.3
1352020 1548.2
1352030 1548.2
1352040 1548.3
1352050 1549.9
1352060 1549.9
1352070 1548.8
1352080 1548.2
1352090 1548.2
1352100 1547.1
1352110 1547.2
1352120 1547.2
1352130 1548.3
1352140 1547.8
1352150 1547.8
1352160 1548.1
1352170 1549.2
1352180 1549.9
1352190 1549.9
1352200 1548.0
1352210 1547.9
1352220 1547.9
1352230 1548.2
1352240 1552.3
1352250 1552.3
1352260 1556.7
1352270 1557.2
1352280 1557.2
1352290 1556.2
1352300 1552.6
1352310 1552.6
1352320 1548.4
1352330 1544.6
1352340 1544.6
1352350 1541.3
1352360 1539.0
1352370 1539.0
1352380 1536.6
1352390 1533.3
1352400 1533.3
1352410 1529.6
1352420 1525.8
1352430 1520.8
1352440 1520.8
1352450 1517.1
1352460 1515.2
1352470 1515.2
1352480 1510.7
1352490 1505.3
1352500 1505.3
1352510 1497.9
1352520 1490.9
1352530 1490.9
1352540 1484.9
1352550 1478.9
1352560 1478.9
1352570 1472.3
1352580 1467.6
1352590 1467.6
1352600 1463.0
1352610 1460.4
1352620 1460.4
1352630 1456.7
1352640 1453.3
1352650 1453.3
1352660 1450.0
1352670 1447.2
1352680 1444.5
1352690 1444.5
1352700 1442.6
1352710 1441.7
1352720 1441.7
1352730 1441.9
1352740 1441.5
1352750 1437.1
1352760 1435.7
1352770 1434.3
1352780 1434.3
1352790 1433.6
1352800 1433.2
1352810 1433.2
1352820 1433.5
1352830 1434.1
1352840 1434.1
1352850 1434.1
1352860 1433.2
1352870 1433.2
1352880 1433.0
1352890 1430.9
1352900 1430.9
1352910 1424.5
1352920 1417.6
1352930 1411.9
1352940 1411.9
1352950 1408.6
1352960 1406.5
1352970 1406.5
1352980 1404.3
1352990 1402.0
1353000 1402.0
1353010 1400.0
1353020 1398.2
1353030 1398.2
1353040 1396.4
1353050 1394.2
1353060 1394.2
1353070 1389.8
1353080 1386.9
1353090 1386.9
1353100 1386.2
1353110 1384.7
1353120 1384.7
1353130 1384.0
1353140 1383.9
1353150 1383.9
1353160 1382.8
1353170 1379.2
1353180 1377.0
1353190 1377.0
1353200 1372.2
1353210 1370.1
1353220 1370.1
1353230 1369.2
1353240 1367.4
1353250 1367.4
1353260 1365.2
1353270 1363.6
1353280 1363.6
1353290 1361.2
1353300 1358.3
1353310 1358.3
1353320 1355.4
1353330 1352.5
1353340 1352.5
1353350 1351.4
1353360 1350.8
1353370 1350.8
1353380 1350.9
1353390 1348.9
1353400 1348.9
1353410 1343.2
1353420 1338.4
1353430 1334.5
1353440 1334.5
1353450 1331.4
1353460 1326.7
1353470 1326.7
1353480 1323.5
1353490 1319.3
1353500 1319.3
1353510 1313.1
1353520 1309.2
1353530 1309.2
1353540 1307.8
1353550 1305.8
1353560 1305.8
1353570 1303.2
1353580 1300.3
1353590 1300.3
1353600 1295.8
1353610 1294.2
1353620 1294.2
1353630 1292.6
1353640 1287.7
1353650 1287.7
1353660 1284.4
1353670 1282.9
1353680 1280.9
1353690 1280.9
1353700 1276.9
1353710 1271.3
1353720 1271.3
1353730 1266.4
1353740 1260.8
1353750 1260.8
1353760 1256.7
1353770 1251.8
1353780 1251.8
1353790 1247.5
1353800 1243.5
1353810 1243.5
1353820 1241.0
1353830 1239.5
1353840 1239.5
1353850 1237.4
1353860 1235.0
1353870 1235.0
1353880 1233.1
1353890 1230.4
1353900 1228.8
1353910 1228.8
1353920 1226.5
1353930 1223.4
1353940 1223.4
1353950 1222.3
1353960 1223.7
1353970 1223.7
1353980 1226.0
1353990 1229.6
1354000 1229.6
1354010 1231.9
1354020 1230.4
1354030 1230.4
1354040 1227.0
1354050 1226.0
1354060 1226.0
1354070 1226.2
1354080 1222.4
1354090 1222.4
1354100 1218.5
1354110 1217.6
1354120 1217.6
1354130 1215.2
1354140 1212.9
1354150 1210.1
1354160 1210.1
1354170 1206.9
1354180 1204.2
1354190 1204.2
1354200 1198.3
1354210 1193.1
1354220 1193.1
1354230 1194.4
1354240 1192.3
1354250 1192.3
1354260 1187.1
1354270 1180.6
1354280 1180.6
1354290 1175.0
1354300 1169.5
1354310 1169.5
1354320 1165.8
1354330 1161.1
1354340 1161.1
1354350 1155.9
1354360 1150.7
1354370 1150.7
1354380 1146.1
1354390 1144.2
1354400 1143.6
1354410 1143.6
1354420 1142.4
1354430 1140.4
1354440 1140.4
1354450 1138.9
1354460 1137.8
1354470 1137.8
1354480 1136.2
1354490 1134.6
1354500 1134.6
1354510 1133.3
1354520 1132.1
1354530 1132.1
1354540 1130.8
1354550 1129.0
1354560 1129.0
1354570 1127.2
1354580 1125.8
1354590 1125.8
1354600 1124.2
1354610 1122.2
1354620 1122.2
1354630 1120.5
1354640 1119.4
1354650 1117.6
1354660 1117.6
1354670 1116.1
1354680 1114.4
1354690 1114.5
1354700 1112.7
1354710 1111.1
1354720 1111.1
1354730 1109.8
1354740 1108.7
1354750 1108.7
1354760 1107.5
1354770 1105.7
1354780 1105.7
1354790 1104.2
1354800 1103.1
1354810 1103.1
1354820 1101.6
1354830 1100.3
1354840 1100.3
1354850 1099.2
1354860 1098.2
1354870 1098.2
1354880 1097.1
1354890 1095.9
1354900 1094.7
1354910 1094.7
1354920 1093.7
1354930 1092.7
1354940 1092.7
1354950 1091.3
1354960 1089.9
1354970 1089.9
1354980 1088.6
1354990 1087.7
1355000 1087.7
1355010 1086.8
1355020 1085.9
1355030 1085.9
1355040 1084.8
1355050 1083.7
1355060 1083.7
1355070 1082.7
1355080 1081.7
1355090 1081.7
1355100 1080.5
1355110 1079.2
1355120 1079.2
1355130 1078.1
1355140 1077.0
1355150 1075.8
1355160 1075.8
1355170 1074.8
1355180 1073.7
1355190 1073.7
1355200 1072.8
1355210 1071.5
1355220 1071.5
1355230 1070.9
1355240 1070.6
1355250 1070.6
1355260 1070.2
1355270 1068.9
1355280 1068.9
1355290 1068.0
1355300 1067.2
1355310 1067.2
1355320 1066.4
1355330 1065.4
1355340 1065.4
1355350 1064.4
1355360 1063.6
1355370 1063.6
1355380 1062.8
1355390 1061.4
1355400 1059.9
1355410 1059.9
1355420 1058.9
1355430 1057.8
1355440 1057.8
1355450 1056.9
1355460 1055.8
1355470 1055.8
1355480 1054.4
1355490 1053.5
1355500 1053.5
1355510 1052.7
1355520 1051.2
1355530 1051.2
1355540 1050.3
1355550 1049.4
1355560 1049.4
1355570 1048.1
1355580 1047.2
1355590 1047.2
1355600 1046.4
1355610 1045.9
1355620 1045.9
1355630 1043.6
1355640 1042.5
1355650 1041.7
1355660 1041.7
1355670 1040.8
1355680 1039.9
1355690 1039.9
1355700 1039.2
1355710 1038.3
1355720 1038.3
1355730 1037.2
1355740 1036.4
1355750 1036.4
1355760 1035.7
1355770 1034.8
1355780 1034.8
1355790 1034.0
1355800 1033.0
1355810 1033.0
1355820 1031.9
1355830 1030.8
1355840 1030.8
1355850 1029.8
1355860 1028.6
1355870 1028.6
1355880 1027.4
1355890 1026.4
1355900 1025.3
1355910 1025.3
1355920 1024.0
1355930 1022.9
1355940 1022.9
1355950 1022.0
1355960 1021.1
1355970 1021.1
1355980 1020.1
1355990 1019.1
1356000 1019.1
1356010 1018.1
1356020 1017.3
1356030 1017.3
1356040 1016.2
1356050 1015.0
1356060 1015.0
1356070 1013.9
1356080 1013.4
1356090 1013.4
1356100 1012.4
1356110 1011.5
1356120 1011.5
1356130 1010.5
1356140 1009.6
1356150 1008.6
1356160 1008.6
1356170 1007.2
1356180 1006.2
1356190 1006.2
1356200 1003.0
1356210 995.9
1356220 995.9
1356230 989.5
1356240 984.5
1356250 984.5
1356260 982.0
1356270 980.5
1356280 980.5
1356290 980.7
1356300 981.6
1356310 981.6
1356320 981.7
1356330 981.0
1356340 981.0
1356350 979.4
1356360 978.7
1356370 978.7
1356380 977.6
1356390 977.1
1356400 978.6
1356410 978.6
1356420 979.3
1356430 979.1
1356440 979.1
1356450 979.1
1356460 978.1
1356470 978.1
1356480 979.0
1356490 980.5
1356500 980.5
1356510 983.9
1356520 985.2
1356530 985.2
1356540 985.8
1356550 986.7
1356560 986.7
1356570 987.8
1356580 989.0
1356590 989.0
1356600 990.2
1356610 991.4
1356620 991.4
1356630 994.5
1356640 998.1
1356650 1001.9
1356660 1001.9
1356670 1004.7
1356680 1007.7
1356690 1007.7
1356700 1010.5
1356710 1013.8
1356720 1013.8
1356730 1016.9
1356740 1019.8
1356750 1019.8
1356760 1022.8
1356770 1026.0
1356780 1026.0
1356790 1029.8
1356800 1032.7
1356810 1032.7
1356820 1035.8
1356830 1038.3
1356840 1038.3
1356850 1040.4
1356860 1043.2
1356870 1043.2
1356880 1045.3
1356890 1045.0
1356900 1046.8
1356910 1046.8
1356920 1048.9
1356930 1046.6
1356940 1046.6
1356950 1044.8
1356960 1043.6
1356970 1043.6
1356980 1048.8
1356990 1057.5
1357000 1057.5
1357010 1061.9
1357020 1064.0
1357030 1064.0
1357040 1068.7
1357050 1071.4
1357060 1071.4
1357070 1072.2
1357080 1073.8
1357090 1073.8
1357100 1075.3
1357110 1078.7
1357120 1078.7
1357130 1082.6
1357140 1084.3
1357150 1084.4
1357160 1084.4
1357170 1087.7
1357180 1092.2
1357190 1092.2
1357200 1097.8
1357210 1104.9
1357220 1104.9
1357230 1112.1
1357240 1119.7
1357250 1119.7
1357260 1126.7
1357270 1132.8
1357280 1132.8
1357290 1138.6
1357300 1145.1
1357310 1145.1
1357320 1150.1
1357330 1152.7
1357340 1152.7
1357350 1154.8
1357360 1157.5
1357370 1157.5
1357380 1161.0
1357390 1163.0
1357400 1162.8
1357410 1162.8
1357420 1165.2
1357430 1171.2
1357440 1171.2
1357450 1178.8
1357460 1183.6
1357470 1183.6
1357480 1190.9
1357490 1197.0
1357500 1197.0
1357510 1203.2
1357520 1209.5
1357530 1209.5
1357540 1215.8
1357550 1220.8
1357560 1220.8
1357570 1225.8
1357580 1231.5
1357590 1231.5
1357600 1236.8
1357610 1240.8
1357620 1240.8
1357630 1245.5
1357640 1249.6
1357650 1253.0
1357660 1253.0
1357670 1261.4
1357680 1265.5
1357690 1265.5
1357700 1267.7
1357710 1270.8
1357720 1270.8
1357730 1274.2
1357740 1276.7
1357750 1276.7
1357760 1279.5
1357770 1281.6
1357780 1281.6
1357790 1282.1
1357800 1281.5
1357810 1281.5
1357820 1280.9
1357830 1284.3
1357840 1284.3
1357850 1289.7
1357860 1295.7
1357870 1302.3
1357880 1302.3
1357890 1307.9
1357900 1311.7
1357910 1311.7
1357920 1313.2
1357930 1314.3
1357940 1314.3
1357950 1320.8
1357960 1328.0
1357970 1328.0
1357980 1332.4
1357990 1336.1
1358000 1336.1
1358010 1339.7
1358020 1343.6
1358030 1343.6
1358040 1347.9
1358050 1351.4
1358060 1351.4
1358070 1351.7
1358080 1349.7
1358090 1349.7
1358100 1348.5
1358110 1349.4
1358120 1351.7
1358130 1351.7
1358140 1355.8
1358150 1360.2
1358160 1360.2
1358170 1366.2
1358180 1367.4
1358190 1367.4
1358200 1369.6
1358210 1377.4
1358220 1377.4
1358230 1380.1
1358240 1377.5
1358250 1377.5
1358260 1375.5
1358270 1375.0
1358280 1375.0
1358290 1378.1
1358300 1380.5
1358310 1380.5
1358320 1387.5
1358330 1394.5
1358340 1394.5
1358350 1405.1
1358360 1419.3
1358370 1430.9
1358380 1430.9
1358390 1437.1
1358400 1445.7
1358410 1445.7
1358420 1455.7
1358430 1464.6
1358440 1464.6
1358450 1470.4
1358460 1475.6
1358470 1475.6
1358480 1481.9
1358490 1489.1
1358500 1489.1
1358510 1496.9
1358520 1504.4
1358530 1504.4
1358540 1509.2
1358550 1513.0
1358560 1513.0
1358570 1518.0
1358580 1524.8
1358590 1524.8
1358600 1532.0
1358610 1539.0
1358620 1546.9
1358630 1546.9
1358640 1553.1
1358650 1557.7
1358660 1557.7
1358670 1567.9
1358680 1571.3
1358690 1571.3
1358700 1574.8
1358710 1578.0
1358720 1578.0
1358730 1580.4
1358740 1581.7
1358750 1581.7
1358760 1582.7
1358770 1584.2
1358780 1584.2
1358790 1586.7
1358800 1590.3
1358810 1590.3
1358820 1592.4
1358830 1595.2
1358840 1595.2
1358850 1599.7
1358860 1604.0
1358870 1608.2
1358880 1608.2
1358890 1613.1
1358900 1616.5
1358910 1616.5
1358920 1617.9
1358930 1618.2
1358940 1618.2
1358950 1619.6
1358960 1624.2
1358970 1624.2
1358980 1629.3
1358990 1634.1
1359000 1634.1
1359010 1638.6
1359020 1643.7
1359030 1643.7
1359040 1650.6
1359050 1656.1
1359060 1656.1
1359070 1660.3
1359080 1664.0
1359090 1664.0
1359100 1666.2
1359110 1667.9
1359120 1669.6
1359130 1669.6
1359140 1671.1
1359150 1672.0
1359160 1672.0
1359170 1671.2
1359180 1670.3
1359190 1670.3
1359200 1669.4
1359210 1669.5
1359220 1669.5
1359230 1670.9
1359240 1671.8
1359250 1671.8
1359260 1673.0
1359270 1675.4
1359280 1675.4
1359290 1679.8
1359300 1680.8
1359310 1680.8
1359320 1682.9
1359330 1689.1
1359340 1689.1
1359350 1698.2
1359360 1705.8
1359370 1711.1
1359380 1711.1
1359390 1719.0
1359400 1727.4
1359410 1727.4
1359420 1735.1
1359430 1743.1
1359440 1743.1
1359450 1749.3
1359460 1755.4
1359470 1755.4
1359480 1760.8
1359490 1766.0
1359500 1766.0
1359510 1770.8
1359520 1775.4
1359530 1775.4
1359540 1780.2
1359550 1784.5
1359560 1784.5
1359570 1787.8
1359580 1790.7
1359590 1790.7
1359600 1793.4
1359610 1796.5
1359620 1799.3
1359630 1799.3
1359640 1803.0
1359650 1807.2
1359660 1807.2
1359670 1811.4
1359680 1815.3
1359690 1818.9
1359700 1823.4
1359710 1826.5
1359720 1826.5
1359730 1830.1
1359740 1833.4
1359750 1833.4
1359760 1835.8
1359770 1837.4
1359780 1837.4
1359790 1840.0
1359800 1843.7
1359810 1843.7
1359820 1846.2
1359830 1848.9
1359840 1848.9
1359850 1851.4
1359860 1853.8
1359870 1857.0
1359880 1857.0
1359890 1860.3
1359900 1861.2
1359910 1861.2
1359920 1862.6
1359930 1866.3
1359940 1866.3
1359950 1865.8
1359960 1861.5
1359970 1861.5
1359980 1861.6
1359990 1867.4
