1340000 1306.2
1340010 1306.2
1340020 1309.0
1340030 1311.1
1340040 1311.1
1340050 1313.2
1340060 1315.1
1340070 1315.1
1340080 1316.8
1340090 1317.9
1340100 1317.9
1340110 1318.7
1340120 1318.3
1340130 1318.3
1340140 1317.2
1340150 1317.0
1340160 1317.0
1340170 1317.9
1340180 1319.0
1340190 1319.0
1340200 1320.0
1340210 1321.7
1340220 1321.1
1340230 1321.1
1340240 1323.0
1340250 1324.0
1340260 1324.0
1340270 1323.2
1340280 1323.3
1340290 1323.3
1340300 1323.8
1340310 1321.8
1340320 1321.8
1340330 1318.5
1340340 1321.2
1340350 1321.2
1340360 1324.1
1340370 1326.4
1340380 1326.4
1340390 1328.7
1340400 1331.7
1340410 1331.7
1340420 1334.9
1340430 1337.9
1340440 1337.9
1340450 1341.2
1340460 1344.3
1340470 1347.7
1340480 1347.7
1340490 1351.2
1340500 1354.4
1340510 1354.4
1340520 1357.0
1340530 1359.3
1340540 1359.3
1340550 1361.6
1340560 1364.4
1340570 1364.4
1340580 1367.5
1340590 1371.5
1340600 1371.5
1340610 1374.4
1340620 1376.8
1340630 1376.8
1340640 1379.1
1340650 1381.1
1340660 1381.1
1340670 1382.4
1340680 1384.2
1340690 1384.2
1340700 1386.2
1340710 1387.5
1340720 1389.0
1340730 1389.0
1340740 1390.6
1340750 1391.9
1340760 1391.9
1340770 1392.6
1340780 1397.4
1340790 1397.4
1340800 1398.7
1340810 1399.7
1340820 1399.7
1340830 1402.0
1340840 1402.8
1340850 1402.8
1340860 1404.1
1340870 1405.7
1340880 1405.7
1340890 1407.5
1340900 1409.3
1340910 1409.3
1340920 1411.4
1340930 1414.0
1340940 1414.0
1340950 1416.8
1340960 1420.7
1340970 1425.7
1340980 1425.7
1340990 1433.8
1341000 1440.9
1341010 1440.9
1341020 1445.3
1341030 1450.0
1341040 1450.0
1341050 1453.0
1341060 1454.8
1341070 1454.8
1341080 1455.2
1341090 1452.6
1341100 1452.6
1341110 1450.4
1341120 1449.5
1341130 1449.5
1341140 1449.3
1341150 1449.6
1341160 1449.6
1341170 1450.2
1341180 1451.9
1341190 1451.9
1341200 1454.3
1341210 1456.9
1341220 1459.5
1341230 1459.5
1341240 1461.7
1341250 1462.7
1341260 1462.7
1341270 1463.7
1341280 1464.6
1341290 1464.6
1341300 1465.1
1341310 1465.4
1341320 1465.4
1341330 1464.7
1341340 1462.8
1341350 1462.8
1341360 1460.1
1341370 1457.2
1341380 1457.2
1341390 1454.3
1341400 1451.3
1341410 1451.3
1341420 1448.6
1341430 1445.2
1341440 1445.2
1341450 1440.8
1341460 1435.8
1341470 1431.7
1341480 1431.7
1341490 1427.4
1341500 1422.2
1341510 1422.2
1341520 1415.5
1341530 1408.6
1341540 1408.6
1341550 1402.6
1341560 1395.8
1341570 1395.8
1341580 1390.2
1341590 1386.0
1341600 1386.0
1341610 1382.8
1341620 1380.1
1341630 1380.1
1341640 1375.5
1341650 1371.8
1341660 1371.8
1341670 1372.2
1341680 1367.6
1341690 1367.6
1341700 1363.5
1341710 1360.9
1341720 1358.1
1341730 1358.1
1341740 1354.9
1341750 1351.8
1341760 1351.8
1341770 1348.9
1341780 1345.3
1341790 1345.3
1341800 1340.8
1341810 1337.3
1341820 1337.3
1341830 1333.3
1341840 1329.0
1341850 1329.0
1341860 1323.7
1341870 1318.2
1341880 1318.2
1341890 1314.9
1341900 1311.7
1341910 1311.7
1341920 1308.7
1341930 1304.9
1341940 1304.9
1341950 1301.2
1341960 1297.9
1341970 1294.6
1341980 1294.6
1341990 1292.3
1342000 1295.5
1342010 1295.5
1342020 1298.0
1342030 1299.1
1342040 1299.1
1342050 1299.0
1342060 1298.5
1342070 1298.5
1342080 1298.0
1342090 1297.1
1342100 1297.1
1342110 1296.7
1342120 1296.4
1342130 1296.4
1342140 1295.6
1342150 1294.3
1342160 1294.3
1342170 1293.3
1342180 1292.0
1342190 1292.0
1342200 1291.2
1342210 1290.7
1342220 1289.3
1342230 1289.3
1342240 1288.7
1342250 1288.5
1342260 1288.5
1342270 1287.8
1342280 1287.8
1342290 1287.8
1342300 1287.4
1342310 1288.9
1342320 1288.9
1342330 1291.2
1342340 1293.7
1342350 1293.7
1342360 1296.2
1342370 1298.2
1342380 1298.2
1342390 1299.7
1342400 1301.2
1342410 1301.2
1342420 1302.9
1342430 1304.6
1342440 1304.6
1342450 1306.4
1342460 1308.4
1342470 1310.4
1342480 1310.4
1342490 1312.4
1342500 1314.5
1342510 1314.5
1342520 1317.4
1342530 1321.5
1342540 1321.5
1342550 1325.8
1342560 1331.0
1342570 1333.3
1342580 1339.2
1342590 1345.0
1342600 1345.0
1342610 1347.3
1342620 1349.5
1342630 1349.5
1342640 1353.5
1342650 1357.6
1342660 1357.6
1342670 1361.5
1342680 1365.0
1342690 1367.7
1342700 1367.7
1342710 1370.5
1342720 1372.7
1342730 1372.7
1342740 1375.4
1342750 1379.3
1342760 1379.3
1342770 1383.2
1342780 1386.7
1342790 1386.7
1342800 1389.9
1342810 1393.2
1342820 1393.2
1342830 1396.6
1342840 1401.0
1342850 1401.0
1342860 1405.4
1342870 1409.0
1342880 1409.0
1342890 1412.0
1342900 1415.1
1342910 1415.1
1342920 1418.8
1342930 1422.7
1342940 1427.7
1342950 1427.7
1342960 1432.6
1342970 1436.2
1342980 1436.2
1342990 1439.5
1343000 1442.8
1343010 1442.8
1343020 1446.2
1343030 1449.2
1343040 1449.2
1343050 1452.6
1343060 1457.1
1343070 1457.1
1343080 1461.5
1343090 1465.6
1343100 1465.6
1343110 1470.1
1343120 1475.2
1343130 1475.2
1343140 1479.9
1343150 1483.5
1343160 1483.5
1343170 1486.6
1343180 1491.4
1343190 1497.3
1343200 1497.3
1343210 1504.2
1343220 1510.0
1343230 1510.0
1343240 1515.6
1343250 1519.3
1343260 1519.3
1343270 1522.7
1343280 1525.6
1343290 1525.6
1343300 1528.2
1343310 1531.6
1343320 1531.6
1343330 1533.7
1343340 1535.7
1343350 1535.7
1343360 1537.7
1343370 1538.9
1343380 1538.9
1343390 1540.1
1343400 1542.0
1343410 1542.0
1343420 1543.9
1343430 1544.2
1343440 1544.2
1343450 1544.2
1343460 1544.0
1343470 1545.5
1343480 1545.5
1343490 1547.8
1343500 1549.5
1343510 1549.5
1343520 1550.4
1343530 1552.7
1343540 1552.7
1343550 1556.2
1343560 1559.2
1343570 1559.2
1343580 1562.4
1343590 1565.4
1343600 1565.4
1343610 1568.2
1343620 1571.8
1343630 1571.8
1343640 1576.1
1343650 1580.5
1343660 1580.5
1343670 1585.6
1343680 1591.4
1343690 1597.8
1343700 1597.8
1343710 1603.6
1343720 1607.4
1343730 1607.4
1343740 1611.9
1343750 1617.4
1343760 1617.4
1343770 1621.1
1343780 1623.8
1343790 1623.8
1343800 1626.9
1343810 1629.9
1343820 1629.9
1343830 1633.2
1343840 1637.0
1343850 1637.0
1343860 1640.0
1343870 1643.2
1343880 1643.2
1343890 1647.4
1343900 1651.6
1343910 1651.6
1343920 1655.2
1343930 1659.2
1343940 1663.2
1343950 1663.2
1343960 1666.5
1343970 1668.5
1343980 1668.5
1343990 1669.5
1344000 1669.8
1344010 1669.8
1344020 1670.1
1344030 1670.5
1344040 1670.5
1344050 1670.5
1344060 1672.1
1344070 1672.1
1344080 1674.3
1344090 1676.7
1344100 1676.7
1344110 1679.7
1344120 1684.5
1344130 1684.5
1344140 1688.3
1344150 1690.6
1344160 1690.6
1344170 1693.5
1344180 1697.6
1344190 1702.0
1344200 1702.0
1344210 1705.0
1344220 1707.6
1344230 1707.6
1344240 1712.0
1344250 1717.3
1344260 1717.3
1344270 1720.9
1344280 1723.7
1344290 1723.7
1344300 1731.0
1344310 1750.5
1344320 1750.5
1344330 1762.5
1344340 1770.0
1344350 1770.0
1344360 1775.9
1344370 1785.0
1344380 1785.0
1344390 1792.3
1344400 1799.2
1344410 1799.2
1344420 1807.8
1344430 1816.6
1344440 1823.3
1344450 1823.3
1344460 1830.0
1344470 1838.0
1344480 1838.0
1344490 1845.3
1344500 1852.4
1344510 1852.4
1344520 1859.6
1344530 1866.3
1344540 1866.3
1344550 1873.4
1344560 1879.8
1344570 1879.8
1344580 1884.7
1344590 1888.1
1344600 1888.1
1344610 1890.5
1344620 1892.3
1344630 1892.3
1344640 1894.1
1344650 1895.9
1344660 1895.9
1344670 1896.9
1344680 1897.5
1344690 1897.9
1344700 1897.9
1344710 1897.8
1344720 1897.4
1344730 1897.4
1344740 1897.0
1344750 1896.0
1344760 1896.0
1344770 1895.4
1344780 1895.0
1344790 1895.0
1344800 1894.5
1344810 1893.8
1344820 1893.8
1344830 1893.1
1344840 1892.3
1344850 1892.3
1344860 1891.4
1344870 1890.5
1344880 1890.5
1344890 1889.4
1344900 1887.9
1344910 1887.9
1344920 1886.6
1344930 1885.2
1344940 1883.3
1344950 1883.3
1344960 1881.2
1344970 1878.6
1344980 1878.6
1344990 1875.7
1345000 1872.7
1345010 1872.7
1345020 1870.3
1345030 1868.6
1345040 1868.6
1345050 1866.8
1345060 1865.3
1345070 1865.3
1345080 1863.7
1345090 1862.4
1345100 1862.4
1345110 1860.8
1345120 1859.3
1345130 1859.3
1345140 1857.5
1345150 1855.7
1345160 1855.7
1345170 1853.6
1345180 1851.1
1345190 1848.0
1345200 1848.0
1345210 1844.8
1345220 1842.1
1345230 1842.1
1345240 1840.7
1345250 1839.8
1345260 1839.8
1345270 1838.8
1345280 1839.1
1345290 1839.1
1345300 1837.4
1345310 1835.6
1345320 1835.6
1345330 1833.7
1345340 1832.9
1345350 1832.9
1345360 1832.0
1345370 1831.0
1345380 1831.0
1345390 1829.9
1345400 1828.5
1345410 1828.5
1345420 1827.6
1345430 1826.8
1345440 1826.0
1345450 1826.0
1345460 1825.2
1345470 1823.9
1345480 1823.9
1345490 1823.8
1345500 1824.2
1345510 1824.2
1345520 1823.8
1345530 1823.1
1345540 1823.1
1345550 1822.7
1345560 1822.3
1345570 1822.3
1345580 1821.8
1345590 1821.0
1345600 1821.0
1345610 1819.5
1345620 1818.2
1345630 1818.2
1345640 1815.5
1345650 1809.4
1345660 1809.4
1345670 1801.9
1345680 1796.6
1345690 1799.8
1345700 1799.8
1345710 1806.2
1345720 1812.5
1345730 1812.5
1345740 1817.5
1345750 1822.3
1345760 1822.3
1345770 1825.7
1345780 1827.3
1345790 1827.3
1345800 1828.8
1345810 1830.5
1345820 1830.5
1345830 1832.2
1345840 1833.8
1345850 1833.8
1345860 1835.7
1345870 1837.4
1345880 1837.4
1345890 1839.4
1345900 1841.8
1345910 1841.8
1345920 1843.4
1345930 1844.7
1345940 1846.0
1345950 1846.0
1345960 1847.2
1345970 1848.0
1345980 1848.0
1345990 1846.7
1346000 1847.3
1346010 1847.3
1346020 1850.9
1346030 1852.6
1346040 1852.6
1346050 1854.0
1346060 1855.5
1346070 1855.5
1346080 1857.0
1346090 1858.8
1346100 1858.8
1346110 1860.7
1346120 1862.5
1346130 1862.5
1346140 1864.1
1346150 1865.5
1346160 1865.5
1346170 1867.2
1346180 1868.8
1346190 1870.6
1346200 1871.6
1346210 1873.1
1346220 1874.6
1346230 1874.6
1346240 1876.2
1346250 1878.1
1346260 1878.1
1346270 1879.9
1346280 1881.5
1346290 1881.5
1346300 1883.1
1346310 1884.6
1346320 1884.6
1346330 1886.4
1346340 1888.7
1346350 1888.7
1346360 1890.4
1346370 1891.7
1346380 1891.7
1346390 1892.9
1346400 1894.1
1346410 1894.1
1346420 1895.8
1346430 1897.2
1346440 1898.4
1346450 1898.4
1346460 1899.6
1346470 1900.6
1346480 1900.6
1346490 1901.3
1346500 1901.5
1346510 1901.5
1346520 1901.3
1346530 1899.7
1346540 1899.7
1346550 1896.9
1346560 1892.9
1346570 1892.9
1346580 1888.8
1346590 1883.5
1346600 1883.5
1346610 1877.4
1346620 1870.5
1346630 1870.5
1346640 1861.9
1346650 1854.9
1346660 1854.9
1346670 1849.2
1346680 1844.7
1346690 1842.1
1346700 1842.1
1346710 1839.4
1346720 1834.8
1346730 1834.8
1346740 1830.6
1346750 1825.5
1346760 1825.5
1346770 1818.7
1346780 1812.2
1346790 1812.2
1346800 1807.2
1346810 1801.6
1346820 1801.6
1346830 1796.5
1346840 1789.7
1346850 1789.7
1346860 1782.6
1346870 1776.5
1346880 1776.5
1346890 1769.7
1346900 1761.3
1346910 1761.3
1346920 1755.1
1346930 1748.3
1346940 1741.9
1346950 1741.9
1346960 1735.4
1346970 1729.8
1346980 1729.8
1346990 1725.4
1347000 1722.3
1347010 1722.3
1347020 1717.4
1347030 1712.8
1347040 1712.8
1347050 1708.1
1347060 1703.7
1347070 1703.7
1347080 1698.3
1347090 1692.7
1347100 1692.7
1347110 1686.5
1347120 1683.0
1347130 1683.0
1347140 1675.8
1347150 1671.1
1347160 1671.1
1347170 1665.8
1347180 1652.7
1347190 1644.3
1347200 1644.3
1347210 1637.2
1347220 1631.3
1347230 1631.3
1347240 1626.1
1347250 1619.5
1347260 1619.5
1347270 1609.0
1347280 1599.1
1347290 1599.1
1347300 1591.2
1347310 1585.7
1347320 1585.7
1347330 1580.9
1347340 1576.2
1347350 1576.2
1347360 1569.4
1347370 1557.8
1347380 1557.8
1347390 1547.4
1347400 1538.2
1347410 1538.2
1347420 1533.1
1347430 1528.6
1347440 1524.4
1347450 1524.4
1347460 1519.5
1347470 1516.3
1347480 1516.3
1347490 1511.3
1347500 1502.1
1347510 1502.1
1347520 1496.3
1347530 1493.5
1347540 1493.5
1347550 1490.6
1347560 1487.8
1347570 1487.8
1347580 1484.4
1347590 1480.4
1347600 1480.4
1347610 1476.3
1347620 1472.4
1347630 1472.4
1347640 1468.4
1347650 1464.5
1347660 1464.5
1347670 1460.9
1347680 1457.6
1347690 1454.1
1347700 1454.1
1347710 1450.1
1347720 1446.2
1347730 1446.2
1347740 1442.6
1347750 1438.6
1347760 1438.6
1347770 1433.5
1347780 1429.1
1347790 1429.1
1347800 1425.0
1347810 1420.8
1347820 1420.8
1347830 1417.0
1347840 1414.1
1347850 1414.1
1347860 1411.2
1347870 1408.8
1347880 1408.8
1347890 1406.5
1347900 1403.3
1347910 1403.3
1347920 1400.8
1347930 1400.5
1347940 1400.5
1347950 1400.5
1347960 1400.5
1347970 1400.5
1347980 1400.5
1347990 1400.5
1348000 1400.5
1348010 1400.5
1348020 1400.5
1348030 1400.5
1348040 1400.5
1348050 1400.5
1348060 1400.5
1348070 1400.5
1348080 1400.5
1348090 1400.5
1348100 1400.5
1348110 1400.5
1348120 1400.5
1348130 1400.5
1348140 1400.5
1348150 1400.5
1348160 1400.5
1348170 1400.5
1348180 1400.5
1348190 1400.5
1348200 1400.5
1348210 1400.5
1348220 1400.5
1348230 1400.5
1348240 1400.4
1348250 1400.6
1348260 1400.6
1348270 1401.6
1348280 1402.4
1348290 1402.4
1348300 1402.9
1348310 1403.1
1348320 1403.1
1348330 1403.0
1348340 1402.9
1348350 1402.9
1348360 1402.8
1348370 1402.3
1348380 1402.3
1348390 1401.9
1348400 1403.3
1348410 1403.3
1348420 1406.5
1348430 1410.3
1348440 1414.3
1348450 1414.3
1348460 1419.0
1348470 1422.5
1348480 1422.5
1348490 1423.9
1348500 1425.5
1348510 1425.5
1348520 1427.9
1348530 1431.2
1348540 1431.2
1348550 1435.9
1348560 1441.5
1348570 1441.5
1348580 1446.3
1348590 1450.3
1348600 1450.3
1348610 1453.4
1348620 1455.4
1348630 1455.4
1348640 1457.1
1348650 1459.5
1348660 1459.5
1348670 1461.0
1348680 1463.5
1348690 1467.5
1348700 1467.5
1348710 1472.6
1348720 1477.0
1348730 1477.0
1348740 1481.0
1348750 1484.7
1348760 1484.7
1348770 1490.0
1348780 1495.2
1348790 1495.2
1348800 1500.6
1348810 1505.7
1348820 1505.7
1348830 1511.3
1348840 1517.5
1348850 1517.5
1348860 1523.7
1348870 1530.3
1348880 1530.3
1348890 1536.9
1348900 1544.0
1348910 1544.0
1348920 1551.6
1348930 1558.5
1348940 1564.6
1348950 1564.6
1348960 1569.8
1348970 1574.9
1348980 1574.9
1348990 1578.2
1349000 1583.4
1349010 1583.4
1349020 1589.3
1349030 1596.2
1349040 1596.2
1349050 1603.0
1349060 1610.7
1349070 1610.7
1349080 1618.5
1349090 1625.8
1349100 1625.8
1349110 1633.3
1349120 1639.7
1349130 1639.7
1349140 1645.6
1349150 1650.4
1349160 1650.4
1349170 1652.5
1349180 1654.7
1349190 1657.9
1349200 1657.9
1349210 1661.6
1349220 1667.0
1349230 1667.0
1349240 1673.5
1349250 1682.4
1349260 1682.4
1349270 1691.5
1349280 1699.5
1349290 1699.5
1349300 1710.5
1349310 1720.8
1349320 1720.8
1349330 1728.3
1349340 1734.3
1349350 1734.3
1349360 1741.2
1349370 1746.1
1349380 1746.1
1349390 1749.9
1349400 1757.6
1349410 1757.6
1349420 1763.8
1349430 1768.3
1349440 1772.8
1349450 1772.8
1349460 1776.8
1349470 1781.4
1349480 1781.4
1349490 1785.0
1349500 1788.5
1349510 1788.5
1349520 1793.2
1349530 1798.1
1349540 1798.1
1349550 1802.5
1349560 1806.3
1349570 1806.3
1349580 1809.9
1349590 1813.7
1349600 1813.7
1349610 1817.7
1349620 1821.9
1349630 1821.9
1349640 1827.2
1349650 1831.7
1349660 1834.9
1349670 1834.9
1349680 1838.1
1349690 1841.6
1349700 1841.6
1349710 1844.6
1349720 1846.7
1349730 1846.7
1349740 1849.0
1349750 1852.0
1349760 1852.0
1349770 1854.9
1349780 1858.0
1349790 1858.0
1349800 1861.0
1349810 1863.7
1349820 1863.7
1349830 1865.8
1349840 1868.1
1349850 1868.1
1349860 1871.3
1349870 1874.3
1349880 1874.3
1349890 1877.4
1349900 1879.9
1349910 1882.3
1349920 1882.3
1349930 1884.1
1349940 1886.6
1349950 1886.6
1349960 1889.5
1349970 1891.3
1349980 1891.3
1349990 1893.2
1350000 1897.7
1350010 1897.7
1350020 1900.7
1350030 1903.8
1350040 1903.8
1350050 1907.5
1350060 1911.5
1350070 1911.5
1350080 1914.9
1350090 1917.6
1350100 1917.6
1350110 1921.4
1350120 1925.2
1350130 1925.2
1350140 1928.7
1350150 1931.8
1350160 1935.0
1350170 1935.0
1350180 1938.2
1350190 1941.2
1350200 1941.2
1350210 1943.8
1350220 1947.3
1350230 1947.3
1350240 1950.7
1350250 1954.6
1350260 1954.6
1350270 1956.9
1350280 1959.3
1350290 1959.3
1350300 1963.3
1350310 1966.4
1350320 1966.4
1350330 1968.2
1350340 1971.3
1350350 1971.3
1350360 1974.9
1350370 1978.2
1350380 1978.2
1350390 1981.2
1350400 1983.6
1350410 1985.2
1350420 1985.2
1350430 1988.1
1350440 1991.0
1350450 1991.0
1350460 1994.2
1350470 1997.2
1350480 1997.2
1350490 2000.5
1350500 2003.3
1350510 2003.3
1350520 2006.1
1350530 2008.8
1350540 2008.8
1350550 2011.3
1350560 2013.8
1350570 2013.8
1350580 2016.1
1350590 2018.3
1350600 2018.3
1350610 2020.7
1350620 2022.5
1350630 2022.5
1350640 2024.3
1350650 2026.1
1350660 2027.6
1350670 2027.6
1350680 2028.9
1350690 2030.0
1350700 2030.0
1350710 2030.9
1350720 2031.4
1350730 2031.4
1350740 2032.2
1350750 2032.7
1350760 2032.7
1350770 2032.1
1350780 2030.7
1350790 2030.7
1350800 2029.0
1350810 2026.7
1350820 2026.7
1350830 2024.6
1350840 2022.8
1350850 2022.8
1350860 2020.3
1350870 2016.9
1350880 2011.3
1350890 2007.9
1350900 2004.5
1350910 2001.3
1350920 2001.3
1350930 1998.1
1350940 1995.4
1350950 1995.4
1350960 1993.4
1350970 1991.1
1350980 1991.1
1350990 1988.8
1351000 1987.2
1351010 1987.2
1351020 1984.0
1351030 1977.9
1351040 1977.9
1351050 1974.0
1351060 1964.3
1351070 1964.3
1351080 1954.0
1351090 1945.3
1351100 1945.3
1351110 1942.4
1351120 1942.2
1351130 1942.2
1351140 1938.0
1351150 1928.3
1351160 1918.7
1351170 1918.7
1351180 1911.7
1351190 1910.3
1351200 1910.3
1351210 1899.1
1351220 1883.7
1351230 1883.7
1351240 1872.2
1351250 1856.2
1351260 1856.2
1351270 1843.5
1351280 1835.4
1351290 1835.4
1351300 1829.9
1351310 1831.0
1351320 1831.0
1351330 1831.4
1351340 1825.3
1351350 1825.3
1351360 1813.3
1351370 1801.7
1351380 1801.7
1351390 1792.1
1351400 1783.8
1351410 1776.7
1351420 1776.7
1351430 1777.4
1351440 1780.0
1351450 1780.0
1351460 1776.5
1351470 1772.9
1351480 1772.9
1351490 1762.6
1351500 1750.6
1351510 1750.6
1351520 1742.1
1351530 1731.0
1351540 1731.0
1351550 1721.8
1351560 1715.7
1351570 1715.7
1351580 1714.9
1351590 1713.7
1351600 1713.7
1351610 1712.3
1351620 1711.2
1351630 1711.2
1351640 1710.5
1351650 1710.4
1351660 1710.7
1351670 1710.7
1351680 1711.7
1351690 1711.5
1351700 1711.5
1351710 1712.4
1351720 1713.6
1351730 1713.6
1351740 1714.3
1351750 1715.4
1351760 1715.4
1351770 1713.0
1351780 1708.5
1351790 1708.5
1351800 1705.9
1351810 1705.8
1351820 1705.8
1351830 1699.8
1351840 1702.9
1351850 1702.9
1351860 1702.0
1351870 1702.9
1351880 1702.9
1351890 1701.6
1351900 1697.6
1351910 1694.9
1351920 1694.9
1351930 1693.1
1351940 1692.4
1351950 1692.4
1351960 1693.6
1351970 1691.0
1351980 1691.0
1351990 1684.0
1352000 1679.6
1352010 1679.6
1352020 1676.2
1352030 1669.6
1352040 1669.6
1352050 1665.4
1352060 1661.6
1352070 1661.6
1352080 1656.3
1352090 1651.5
1352100 1651.5
1352110 1646.5
1352120 1644.6
1352130 1644.6
1352140 1643.7
1352150 1642.1
1352160 1640.3
1352170 1640.3
1352180 1635.3
1352190 1631.9
1352200 1631.9
1352210 1630.1
1352220 1629.3
1352230 1629.3
1352240 1628.7
1352250 1626.8
1352260 1626.8
1352270 1624.9
1352280 1624.5
1352290 1624.5
1352300 1622.8
1352310 1620.6
1352320 1620.6
1352330 1618.6
1352340 1619.0
1352350 1619.0
1352360 1620.0
1352370 1620.2
1352380 1620.2
1352390 1620.4
1352400 1623.2
1352410 1624.8
1352420 1624.8
1352430 1624.9
1352440 1624.5
1352450 1624.5
1352460 1624.2
1352470 1625.4
1352480 1625.4
1352490 1625.6
1352500 1626.2
1352510 1626.2
1352520 1624.4
1352530 1620.3
1352540 1620.3
1352550 1618.3
1352560 1614.8
1352570 1614.8
1352580 1606.3
1352590 1597.7
1352600 1597.7
1352610 1589.8
1352620 1585.7
1352630 1585.7
1352640 1584.1
1352650 1581.2
1352660 1576.3
1352670 1576.3
1352680 1572.2
1352690 1568.1
1352700 1568.1
1352710 1567.3
1352720 1564.9
1352730 1564.9
1352740 1559.8
1352750 1555.4
1352760 1555.4
1352770 1550.7
1352780 1551.9
1352790 1545.6
1352800 1548.3
1352810 1550.1
1352820 1550.1
1352830 1547.8
1352840 1546.1
1352850 1546.1
1352860 1547.6
1352870 1546.6
1352880 1546.6
1352890 1546.1
1352900 1546.8
1352910 1551.7
1352920 1551.7
1352930 1547.6
1352940 1543.3
1352950 1543.3
1352960 1542.1
1352970 1539.9
1352980 1539.9
1352990 1528.5
1353000 1525.7
1353010 1525.7
1353020 1534.5
1353030 1535.7
1353040 1535.7
1353050 1533.1
1353060 1530.5
1353070 1530.5
1353080 1530.2
1353090 1528.6
1353100 1528.6
1353110 1526.2
1353120 1521.2
1353130 1521.2
1353140 1518.7
1353150 1516.3
1353160 1512.0
1353170 1512.0
1353180 1504.2
1353190 1496.5
1353200 1496.5
1353210 1490.6
1353220 1484.6
1353230 1484.6
1353240 1480.5
1353250 1475.2
1353260 1475.2
1353270 1469.7
1353280 1465.0
1353290 1465.0
1353300 1458.3
1353310 1448.5
1353320 1448.5
1353330 1435.8
1353340 1421.6
1353350 1421.6
1353360 1408.2
1353370 1397.0
1353380 1397.0
1353390 1390.8
1353400 1385.8
1353410 1380.1
1353420 1380.1
1353430 1376.0
1353440 1371.6
1353450 1371.6
1353460 1364.8
1353470 1356.5
1353480 1356.5
1353490 1347.6
1353500 1341.4
1353510 1341.4
1353520 1336.8
1353530 1334.1
1353540 1334.1
1353550 1331.9
1353560 1328.0
1353570 1328.0
1353580 1321.5
1353590 1317.6
1353600 1317.6
1353610 1314.2
1353620 1309.2
1353630 1309.2
1353640 1301.2
1353650 1293.8
1353660 1286.2
1353670 1286.2
1353680 1278.8
1353690 1270.2
1353700 1270.2
1353710 1264.1
1353720 1260.4
1353730 1260.4
1353740 1258.7
1353750 1256.8
1353760 1255.7
1353770 1253.6
1353780 1252.8
1353790 1252.8
1353800 1250.8
1353810 1249.3
1353820 1249.3
1353830 1246.8
1353840 1244.4
1353850 1244.4
1353860 1242.3
1353870 1240.8
1353880 1240.8
1353890 1238.7
1353900 1237.2
1353910 1234.0
1353920 1234.0
1353930 1232.3
1353940 1231.1
1353950 1231.1
1353960 1229.5
1353970 1226.7
1353980 1226.7
1353990 1223.7
1354000 1220.6
1354010 1220.6
1354020 1217.7
1354030 1214.9
1354040 1214.9
1354050 1211.7
1354060 1208.6
1354070 1208.6
1354080 1205.6
1354090 1202.4
1354100 1202.4
1354110 1199.5
1354120 1197.0
1354130 1197.0
1354140 1194.3
1354150 1191.3
1354160 1188.6
1354170 1188.6
1354180 1186.5
1354190 1184.1
1354200 1184.1
1354210 1181.9
1354220 1178.7
1354230 1178.7
1354240 1174.4
1354250 1169.4
1354260 1169.4
1354270 1165.8
1354280 1163.0
1354290 1163.0
1354300 1160.7
1354310 1158.4
1354320 1158.4
1354330 1156.3
1354340 1154.2
1354350 1154.2
1354360 1152.3
1354370 1150.6
1354380 1150.6
1354390 1148.8
1354400 1147.1
1354410 1145.2
1354420 1145.2
1354430 1143.3
1354440 1141.3
1354450 1141.3
1354460 1139.5
1354470 1137.3
1354480 1137.3
1354490 1135.4
1354500 1133.1
1354510 1133.1
1354520 1131.1
1354530 1129.5
1354540 1129.5
1354550 1127.9
1354560 1126.0
1354570 1126.0
1354580 1124.3
1354590 1122.5
1354600 1122.5
1354610 1120.8
1354620 1119.0
1354630 1119.0
1354640 1117.1
1354650 1115.0
1354660 1113.3
1354670 1113.3
1354680 1112.0
1354690 1110.6
1354700 1110.6
1354710 1109.0
1354720 1107.6
1354730 1107.6
1354740 1106.3
1354750 1104.7
1354760 1104.7
1354770 1103.3
1354780 1101.9
1354790 1101.9
1354800 1100.4
1354810 1098.9
1354820 1098.9
1354830 1097.3
1354840 1095.6
1354850 1095.6
1354860 1094.2
1354870 1092.6
1354880 1092.6
1354890 1091.1
1354900 1089.4
1354910 1087.6
1354920 1087.6
1354930 1086.4
1354940 1085.3
1354950 1085.3
1354960 1084.2
1354970 1082.4
1354980 1082.4
1354990 1081.1
1355000 1080.2
1355010 1080.2
1355020 1078.9
1355030 1077.4
1355040 1077.4
1355050 1076.0
1355060 1074.9
1355070 1074.9
1355080 1074.0
1355090 1072.8
1355100 1072.8
1355110 1071.7
1355120 1071.1
1355130 1071.1
1355140 1070.1
1355150 1069.1
1355160 1068.2
1355170 1068.2
1355180 1066.5
1355190 1065.6
1355200 1065.6
1355210 1064.6
1355220 1062.9
1355230 1062.9
1355240 1062.0
1355250 1061.2
1355260 1061.2
1355270 1060.5
1355280 1059.2
1355290 1059.2
1355300 1057.9
1355310 1056.9
1355320 1056.9
1355330 1055.8
1355340 1054.7
1355350 1054.7
1355360 1053.7
1355370 1052.8
1355380 1052.3
1355390 1052.3
1355400 1051.6
1355410 1050.2
1355420 1050.2
1355430 1049.1
1355440 1048.3
1355450 1048.3
1355460 1047.4
1355470 1046.7
1355480 1046.7
1355490 1045.9
1355500 1045.2
1355510 1045.2
1355520 1044.3
1355530 1043.3
1355540 1043.3
1355550 1042.4
1355560 1041.6
1355570 1041.6
1355580 1040.8
1355590 1040.1
1355600 1040.1
1355610 1039.3
1355620 1038.4
1355630 1037.6
1355640 1037.6
1355650 1036.7
1355660 1036.0
1355670 1036.0
1355680 1035.3
1355690 1034.6
1355700 1034.6
1355710 1033.8
1355720 1033.1
1355730 1033.4
1355740 1032.8
1355750 1031.9
1355760 1031.9
1355770 1030.3
1355780 1029.0
1355790 1029.0
1355800 1027.9
1355810 1026.9
1355820 1026.9
1355830 1025.9
1355840 1024.9
1355850 1024.9
1355860 1024.1
1355870 1023.2
1355880 1022.2
1355890 1022.2
1355900 1021.2
1355910 1020.4
1355920 1020.4
1355930 1019.7
1355940 1019.0
1355950 1019.0
1355960 1018.1
1355970 1017.2
1355980 1017.2
1355990 1016.5
1356000 1015.7
1356010 1015.7
1356020 1014.7
1356030 1013.8
1356040 1013.8
1356050 1012.9
1356060 1012.0
1356070 1012.0
1356080 1010.9
1356090 1009.8
1356100 1009.8
1356110 1008.8
1356120 1007.7
1356130 1006.7
1356140 1006.7
1356150 1005.8
1356160 1004.8
1356170 1004.8
1356180 1003.9
1356190 1003.1
1356200 1003.1
1356210 1002.2
1356220 1001.2
1356230 1001.2
1356240 1000.6
1356250 1000.3
1356260 1000.3
1356270 1000.0
1356280 998.8
1356290 998.8
1356300 998.1
1356310 997.3
1356320 997.3
1356330 996.4
1356340 995.5
1356350 995.5
1356360 994.9
1356370 994.1
1356380 992.3
1356390 992.3
1356400 986.1
1356410 978.2
1356420 978.2
1356430 971.6
1356440 969.6
1356450 969.6
1356460 968.3
1356470 968.1
1356480 968.1
1356490 968.4
1356500 968.4
1356510 968.4
1356520 968.3
1356530 968.6
1356540 968.6
1356550 968.9
1356560 969.1
1356570 969.1
1356580 969.7
1356590 970.1
1356600 970.1
1356610 970.8
1356620 971.8
1356630 975.4
1356640 975.4
1356650 977.8
1356660 979.6
1356670 979.6
1356680 981.9
1356690 983.4
1356700 983.4
1356710 984.9
1356720 987.9
1356730 987.9
1356740 990.3
1356750 992.6
1356760 992.6
1356770 992.3
1356780 994.0
1356790 994.0
1356800 995.1
1356810 994.6
1356820 994.6
1356830 992.9
1356840 990.9
1356850 990.9
1356860 988.1
1356870 987.0
1356880 988.5
1356890 988.5
1356900 990.4
1356910 991.9
1356920 991.9
1356930 992.9
1356940 995.0
1356950 995.0
1356960 996.2
1356970 998.0
1356980 998.0
1356990 1000.1
1357000 1000.8
1357010 1000.8
1357020 1002.1
1357030 1002.7
1357040 1002.7
1357050 1004.2
1357060 1006.0
1357070 1006.0
1357080 1007.3
1357090 1008.0
1357100 1008.0
1357110 1008.7
1357120 1009.0
1357130 1011.4
1357140 1011.4
1357150 1015.6
1357160 1018.4
1357170 1018.4
1357180 1021.4
1357190 1025.3
1357200 1025.3
1357210 1028.3
1357220 1030.2
1357230 1030.2
1357240 1034.4
1357250 1035.7
1357260 1035.7
1357270 1036.2
1357280 1040.4
1357290 1040.4
1357300 1047.7
1357310 1054.3
1357320 1054.3
1357330 1059.0
1357340 1064.4
1357350 1064.4
1357360 1070.0
1357370 1075.2
1357380 1078.1
1357390 1078.1
1357400 1080.9
1357410 1085.4
1357420 1085.4
1357430 1090.1
1357440 1094.3
1357450 1094.3
1357460 1097.9
1357470 1099.9
1357480 1099.9
1357490 1100.1
1357500 1102.9
1357510 1102.9
1357520 1111.7
1357530 1119.3
1357540 1119.3
1357550 1124.7
1357560 1129.0
1357570 1129.0
1357580 1133.3
1357590 1137.6
1357600 1137.6
1357610 1142.1
1357620 1146.5
1357630 1150.6
1357640 1150.6
1357650 1154.0
1357660 1157.8
1357670 1157.8
1357680 1160.8
1357690 1164.4
1357700 1164.4
1357710 1168.2
1357720 1176.2
1357730 1176.2
1357740 1179.5
1357750 1182.4
1357760 1182.4
1357770 1185.1
1357780 1188.2
1357790 1188.2
1357800 1190.9
1357810 1193.8
1357820 1193.8
1357830 1196.5
1357840 1196.9
1357850 1196.9
1357860 1194.9
1357870 1194.8
1357880 1196.2
1357890 1196.2
1357900 1199.3
1357910 1203.0
1357920 1203.0
1357930 1205.8
1357940 1208.6
1357950 1208.6
1357960 1211.5
1357970 1213.2
1357980 1213.2
1357990 1213.5
1358000 1214.6
1358010 1214.6
1358020 1215.8
1358030 1221.0
1358040 1221.0
1358050 1225.5
1358060 1231.9
1358070 1231.9
1358080 1240.4
1358090 1247.7
1358100 1247.7
1358110 1253.0
1358120 1255.9
1358130 1258.1
1358140 1258.1
1358150 1261.3
1358160 1265.0
1358170 1265.0
1358180 1270.5
1358190 1276.3
1358200 1276.3
1358210 1281.6
1358220 1285.3
1358230 1285.3
1358240 1288.6
1358250 1292.4
1358260 1292.4
1358270 1295.9
1358280 1299.9
1358290 1299.9
1358300 1305.6
1358310 1312.2
1358320 1312.2
1358330 1318.4
1358340 1324.2
1358350 1324.2
1358360 1330.4
1358370 1337.0
1358380 1343.9
1358390 1343.9
1358400 1350.4
1358410 1356.9
1358420 1356.9
1358430 1360.6
1358440 1366.3
1358450 1366.3
1358460 1372.3
1358470 1377.9
1358480 1377.9
1358490 1382.2
1358500 1386.6
1358510 1386.6
1358520 1391.5
1358530 1395.8
1358540 1395.8
1358550 1398.9
1358560 1401.3
1358570 1401.3
1358580 1403.4
1358590 1405.8
1358600 1405.8
1358610 1407.3
1358620 1408.9
1358630 1410.6
1358640 1410.6
1358650 1412.8
1358660 1415.1
1358670 1415.1
1358680 1417.3
1358690 1418.9
1358700 1418.9
1358710 1421.2
1358720 1428.5
1358730 1428.5
1358740 1429.5
1358750 1430.0
1358760 1430.0
1358770 1431.1
1358780 1432.7
1358790 1432.7
1358800 1435.4
1358810 1437.6
1358820 1437.6
1358830 1438.8
1358840 1440.8
1358850 1440.8
1358860 1444.2
1358870 1447.9
1358880 1452.8
1358890 1452.8
1358900 1458.0
1358910 1462.0
1358920 1462.0
1358930 1465.6
1358940 1470.1
1358950 1470.1
1358960 1473.7
1358970 1476.7
1358980 1476.7
1358990 1480.2
1359000 1485.2
1359010 1485.2
1359020 1491.3
1359030 1496.1
1359040 1496.1
1359050 1500.6
1359060 1505.8
1359070 1505.8
1359080 1511.5
1359090 1518.9
1359100 1518.9
1359110 1526.4
1359120 1535.3
1359130 1544.4
1359140 1544.4
1359150 1551.1
1359160 1557.3
1359170 1557.3
1359180 1561.7
1359190 1564.4
1359200 1564.4
1359210 1567.2
1359220 1569.5
1359230 1569.5
1359240 1572.7
1359250 1578.3
1359260 1578.3
1359270 1584.8
1359280 1590.9
1359290 1590.9
1359300 1596.5
1359310 1602.0
1359320 1602.0
1359330 1607.7
1359340 1614.5
1359350 1614.5
1359360 1621.7
1359370 1627.3
1359380 1632.8
1359390 1632.8
1359400 1638.5
1359410 1643.9
1359420 1643.9
1359430 1649.6
1359440 1655.6
1359450 1655.6
1359460 1661.6
1359470 1666.2
1359480 1666.2
1359490 1670.6
1359500 1674.4
1359510 1674.4
1359520 1679.2
1359530 1685.2
1359540 1685.2
1359550 1691.0
1359560 1696.0
1359570 1696.0
1359580 1700.9
1359590 1705.0
1359600 1705.0
1359610 1706.8
1359620 1708.4
1359630 1710.2
1359640 1710.2
1359650 1713.4
1359660 1718.0
1359670 1718.0
1359680 1720.2
1359690 1721.3
1359700 1721.3
1359710 1723.0
1359720 1724.1
1359730 1724.1
1359740 1731.2
1359750 1733.4
1359760 1733.4
1359770 1734.5
1359780 1736.4
1359790 1736.4
1359800 1739.8
1359810 1742.9
1359820 1742.9
1359830 1746.6
1359840 1750.8
1359850 1750.8
1359860 1754.1
1359870 1757.6
1359880 1760.8
1359890 1760.8
1359900 1764.4
1359910 1766.3
1359920 1766.3
1359930 1767.8
1359940 1768.6
1359950 1768.6
1359960 1767.2
1359970 1766.4
1359980 1766.4
1359990 1768.5
