1340000 1343.7
1340010 1344.2
1340020 1349.2
1340030 1349.2
1340040 1353.0
1340050 1355.3
1340060 1355.3
1340070 1357.8
1340080 1359.8
1340090 1359.8
1340100 1361.3
1340110 1362.5
1340120 1362.5
1340130 1364.4
1340140 1367.4
1340150 1368.4
1340160 1368.4
1340170 1367.2
1340180 1368.7
1340190 1368.7
1340200 1370.3
1340210 1371.1
1340220 1371.1
1340230 1372.7
1340240 1374.2
1340250 1374.2
1340260 1376.3
1340270 1378.8
1340280 1378.8
1340290 1384.3
1340300 1384.9
1340310 1384.9
1340320 1386.5
1340330 1389.5
1340340 1389.5
1340350 1391.2
1340360 1394.6
1340370 1396.8
1340380 1396.8
1340390 1395.3
1340400 1392.1
1340410 1392.1
1340420 1392.0
1340430 1398.6
1340440 1398.6
1340450 1400.4
1340460 1404.3
1340470 1404.3
1340480 1409.9
1340490 1413.6
1340500 1413.6
1340510 1416.2
1340520 1418.7
1340530 1418.7
1340540 1420.8
1340550 1422.2
1340560 1422.2
1340570 1423.2
1340580 1424.8
1340590 1424.8
1340600 1425.9
1340610 1427.6
1340620 1429.5
1340630 1429.5
1340640 1431.0
1340650 1432.4
1340660 1432.4
1340670 1434.0
1340680 1435.7
1340690 1435.7
1340700 1437.2
1340710 1438.7
1340720 1438.7
1340730 1440.2
1340740 1441.8
1340750 1441.8
1340760 1443.2
1340770 1444.4
1340780 1444.4
1340790 1445.6
1340800 1447.6
1340810 1447.6
1340820 1449.3
1340830 1450.4
1340840 1450.4
1340850 1451.3
1340860 1452.7
1340870 1453.8
1340880 1453.8
1340890 1454.8
1340900 1456.1
1340910 1456.1
1340920 1458.1
1340930 1460.9
1340940 1460.9
1340950 1463.7
1340960 1465.7
1340970 1465.7
1340980 1467.2
1340990 1468.8
1341000 1468.8
1341010 1470.9
1341020 1472.9
1341030 1472.9
1341040 1475.0
1341050 1476.9
1341060 1476.9
1341070 1478.4
1341080 1479.8
1341090 1479.8
1341100 1481.4
1341110 1483.0
1341120 1484.5
1341130 1484.5
1341140 1486.1
1341150 1487.7
1341160 1487.7
1341170 1489.1
1341180 1493.8
1341190 1493.8
1341200 1494.8
1341210 1495.9
1341220 1495.9
1341230 1497.5
1341240 1499.2
1341250 1499.2
1341260 1500.7
1341270 1501.9
1341280 1501.9
1341290 1502.8
1341300 1502.6
1341310 1502.6
1341320 1502.1
1341330 1502.5
1341340 1502.5
1341350 1503.1
1341360 1504.5
1341370 1505.5
1341380 1505.5
1341390 1505.7
1341400 1505.0
1341410 1505.0
1341420 1503.9
1341430 1502.2
1341440 1502.2
1341450 1499.8
1341460 1497.8
1341470 1497.8
1341480 1496.4
1341490 1495.0
1341500 1495.0
1341510 1493.3
1341520 1490.0
1341530 1490.0
1341540 1484.4
1341550 1479.2
1341560 1479.2
1341570 1474.4
1341580 1469.6
1341590 1469.6
1341600 1464.3
1341610 1458.3
1341620 1450.1
1341630 1450.1
1341640 1440.9
1341650 1433.8
1341660 1433.8
1341670 1427.5
1341680 1421.8
1341690 1421.8
1341700 1415.7
1341710 1410.5
1341720 1410.5
1341730 1406.1
1341740 1401.3
1341750 1401.3
1341760 1397.3
1341770 1392.8
1341780 1392.8
1341790 1388.1
1341800 1383.8
1341810 1383.8
1341820 1380.1
1341830 1376.0
1341840 1376.0
1341850 1371.1
1341860 1366.0
1341870 1361.4
1341880 1361.4
1341890 1356.5
1341900 1352.6
1341910 1352.6
1341920 1348.6
1341930 1344.1
1341940 1344.1
1341950 1342.0
1341960 1343.6
1341970 1343.6
1341980 1344.8
1341990 1343.7
1342000 1343.7
1342010 1343.7
1342020 1344.9
1342030 1344.9
1342040 1346.5
1342050 1346.1
1342060 1346.1
1342070 1349.0
1342080 1349.6
1342090 1349.6
1342100 1349.9
1342110 1349.9
1342120 1349.8
1342130 1349.8
1342140 1347.8
1342150 1346.4
1342160 1346.4
1342170 1345.6
1342180 1345.7
1342190 1345.7
1342200 1344.9
1342210 1343.8
1342220 1343.8
1342230 1343.1
1342240 1342.8
1342250 1342.8
1342260 1342.2
1342270 1340.7
1342280 1340.7
1342290 1338.1
1342300 1336.0
1342310 1336.0
1342320 1333.7
1342330 1331.2
1342340 1331.2
1342350 1331.3
1342360 1329.1
1342370 1325.3
1342380 1325.3
1342390 1322.7
1342400 1320.7
1342410 1320.7
1342420 1317.2
1342430 1311.8
1342440 1311.8
1342450 1305.6
1342460 1301.9
1342470 1301.9
1342480 1303.6
1342490 1310.6
1342500 1310.6
1342510 1317.8
1342520 1322.6
1342530 1322.6
1342540 1327.4
1342550 1331.5
1342560 1331.5
1342570 1334.7
1342580 1337.8
1342590 1337.8
1342600 1340.6
1342610 1344.2
1342620 1347.8
1342630 1347.8
1342640 1352.3
1342650 1356.3
1342660 1356.3
1342670 1359.2
1342680 1363.8
1342690 1363.8
1342700 1370.1
1342710 1378.5
1342720 1378.5
1342730 1386.1
1342740 1390.1
1342750 1390.1
1342760 1393.0
1342770 1396.1
1342780 1396.1
1342790 1398.5
1342800 1400.4
1342810 1400.4
1342820 1402.6
1342830 1403.4
1342840 1403.4
1342850 1403.5
1342860 1404.4
1342870 1406.0
1342880 1406.0
1342890 1407.5
1342900 1409.1
1342910 1409.1
1342920 1410.9
1342930 1412.8
1342940 1412.8
1342950 1415.1
1342960 1419.1
1342970 1419.1
1342980 1422.4
1342990 1426.2
1343000 1426.2
1343010 1430.3
1343020 1434.3
1343030 1434.3
1343040 1438.4
1343050 1443.2
1343060 1443.2
1343070 1449.2
1343080 1455.4
1343090 1455.4
1343100 1461.9
1343110 1466.8
1343120 1469.4
1343130 1469.4
1343140 1472.7
1343150 1477.3
1343160 1477.3
1343170 1483.6
1343180 1488.4
1343190 1488.4
1343200 1492.3
1343210 1494.8
1343220 1494.8
1343230 1498.5
1343240 1502.1
1343250 1502.1
1343260 1504.5
1343270 1507.0
1343280 1507.0
1343290 1509.1
1343300 1510.7
1343310 1510.7
1343320 1512.6
1343330 1514.8
1343340 1514.8
1343350 1515.8
1343360 1516.2
1343370 1516.6
1343380 1516.6
1343390 1518.2
1343400 1520.3
1343410 1520.3
1343420 1521.3
1343430 1522.2
1343440 1522.2
1343450 1524.2
1343460 1526.8
1343470 1526.8
1343480 1529.6
1343490 1534.3
1343500 1534.3
1343510 1538.5
1343520 1541.9
1343530 1541.9
1343540 1545.8
1343550 1549.0
1343560 1549.0
1343570 1551.0
1343580 1552.6
1343590 1552.6
1343600 1554.2
1343610 1556.3
1343620 1558.9
1343630 1558.9
1343640 1561.8
1343650 1565.1
1343660 1565.1
1343670 1569.5
1343680 1574.3
1343690 1574.3
1343700 1580.0
1343710 1585.9
1343720 1585.9
1343730 1592.2
1343740 1599.0
1343750 1599.0
1343760 1605.3
1343770 1611.5
1343780 1611.5
1343790 1616.9
1343800 1621.8
1343810 1621.8
1343820 1626.8
1343830 1632.4
1343840 1632.4
1343850 1638.7
1343860 1648.8
1343870 1661.6
1343880 1661.6
1343890 1669.7
1343900 1671.6
1343910 1671.6
1343920 1673.7
1343930 1676.9
1343940 1676.9
1343950 1680.5
1343960 1683.3
1343970 1683.3
1343980 1686.8
1343990 1691.0
1344000 1691.0
1344010 1694.0
1344020 1697.2
1344030 1697.2
1344040 1702.6
1344050 1706.6
1344060 1706.6
1344070 1710.3
1344080 1714.2
1344090 1714.2
1344100 1718.0
1344110 1720.8
1344120 1721.9
1344130 1721.9
1344140 1723.2
1344150 1725.3
1344160 1725.3
1344170 1727.2
1344180 1729.3
1344190 1729.3
1344200 1731.3
1344210 1734.0
1344220 1734.0
1344230 1738.0
1344240 1743.9
1344250 1743.9
1344260 1750.4
1344270 1755.7
1344280 1755.7
1344290 1761.6
1344300 1767.5
1344310 1767.5
1344320 1772.7
1344330 1780.4
1344340 1780.4
1344350 1787.3
1344360 1791.5
1344370 1796.9
1344380 1796.9
1344390 1805.3
1344400 1812.7
1344410 1812.7
1344420 1819.6
1344430 1827.4
1344440 1827.4
1344450 1833.6
1344460 1839.6
1344470 1839.6
1344480 1845.4
1344490 1851.9
1344500 1851.9
1344510 1859.6
1344520 1867.3
1344530 1867.3
1344540 1874.4
1344550 1881.4
1344560 1881.4
1344570 1887.4
1344580 1893.6
1344590 1893.6
1344600 1899.4
1344610 1905.5
1344620 1911.4
1344630 1911.4
1344640 1917.5
1344650 1924.2
1344660 1924.2
1344670 1931.0
1344680 1936.4
1344690 1936.4
1344700 1939.4
1344710 1941.2
1344720 1941.2
1344730 1941.5
1344740 1941.1
1344750 1941.1
1344760 1940.8
1344770 1943.6
1344780 1943.6
1344790 1943.4
1344800 1943.3
1344810 1943.3
1344820 1942.6
1344830 1941.6
1344840 1941.6
1344850 1941.0
1344860 1940.3
1344870 1939.2
1344880 1939.2
1344890 1937.5
1344900 1936.0
1344910 1936.0
1344920 1934.2
1344930 1931.9
1344940 1931.9
1344950 1930.1
1344960 1928.2
1344970 1928.2
1344980 1925.7
1344990 1922.3
1345000 1922.3
1345010 1917.1
1345020 1912.8
1345030 1912.8
1345040 1910.9
1345050 1909.9
1345060 1909.9
1345070 1908.5
1345080 1907.2
1345090 1907.2
1345100 1905.2
1345110 1902.7
1345120 1899.9
1345130 1899.9
1345140 1897.1
1345150 1892.9
1345160 1892.9
1345170 1888.5
1345180 1885.2
1345190 1885.2
1345200 1882.1
1345210 1879.7
1345220 1879.7
1345230 1878.7
1345240 1878.5
1345250 1878.5
1345260 1878.0
1345270 1877.4
1345280 1877.4
1345290 1876.5
1345300 1875.2
1345310 1875.2
1345320 1873.9
1345330 1872.9
1345340 1872.9
1345350 1871.5
1345360 1870.3
1345370 1870.0
1345380 1870.0
1345390 1869.5
1345400 1869.0
1345410 1869.0
1345420 1868.8
1345430 1868.2
1345440 1868.2
1345450 1867.2
1345460 1866.2
1345470 1866.2
1345480 1864.1
1345490 1862.2
1345500 1862.2
1345510 1860.1
1345520 1858.1
1345530 1858.1
1345540 1857.3
1345550 1856.8
1345560 1856.8
1345570 1855.9
1345580 1855.2
1345590 1854.9
1345600 1854.9
1345610 1854.3
1345620 1853.4
1345630 1853.4
1345640 1852.6
1345650 1850.9
1345660 1850.9
1345670 1847.0
1345680 1844.3
1345690 1844.3
1345700 1840.6
1345710 1835.9
1345720 1835.9
1345730 1834.0
1345740 1834.1
1345750 1834.1
1345760 1839.3
1345770 1845.9
1345780 1845.9
1345790 1850.9
1345800 1852.9
1345810 1852.9
1345820 1854.5
1345830 1856.8
1345840 1860.1
1345850 1860.1
1345860 1864.1
1345870 1866.9
1345880 1866.9
1345890 1868.4
1345900 1869.8
1345910 1869.8
1345920 1871.0
1345930 1872.3
1345940 1872.3
1345950 1873.6
1345960 1874.8
1345970 1874.8
1345980 1875.7
1345990 1876.4
1346000 1876.4
1346010 1876.8
1346020 1877.6
1346030 1877.6
1346040 1879.0
1346050 1880.2
1346060 1880.2
1346070 1881.5
1346080 1882.9
1346090 1883.9
1346100 1883.9
1346110 1884.6
1346120 1885.2
1346130 1885.2
1346140 1885.3
1346150 1883.8
1346160 1883.8
1346170 1884.1
1346180 1886.0
1346190 1886.0
1346200 1888.1
1346210 1890.5
1346220 1890.5
1346230 1893.3
1346240 1896.6
1346250 1896.6
1346260 1899.9
1346270 1902.3
1346280 1902.3
1346290 1904.0
1346300 1905.5
1346310 1905.5
1346320 1906.8
1346330 1907.9
1346340 1908.3
1346350 1908.3
1346360 1908.8
1346370 1909.2
1346380 1909.2
1346390 1908.9
1346400 1908.4
1346410 1908.4
1346420 1907.8
1346430 1907.6
1346440 1907.6
1346450 1907.0
1346460 1905.8
1346470 1905.8
1346480 1904.7
1346490 1903.6
1346500 1903.6
1346510 1901.6
1346520 1899.0
1346530 1899.0
1346540 1898.9
1346550 1897.4
1346560 1897.4
1346570 1894.6
1346580 1890.4
1346590 1886.3
1346600 1885.4
1346610 1880.8
1346620 1875.9
1346630 1875.9
1346640 1869.4
1346650 1862.7
1346660 1862.7
1346670 1857.6
1346680 1852.7
1346690 1852.7
1346700 1847.8
1346710 1842.8
1346720 1842.8
1346730 1838.7
1346740 1833.5
1346750 1833.5
1346760 1828.5
1346770 1825.7
1346780 1825.7
1346790 1821.4
1346800 1816.9
1346810 1816.9
1346820 1810.9
1346830 1803.8
1346840 1796.4
1346850 1796.4
1346860 1789.5
1346870 1783.4
1346880 1783.4
1346890 1778.0
1346900 1774.5
1346910 1774.5
1346920 1770.6
1346930 1764.4
1346940 1764.4
1346950 1757.8
1346960 1753.2
1346970 1753.2
1346980 1748.6
1346990 1745.5
1347000 1745.5
1347010 1743.1
1347020 1739.1
1347030 1739.1
1347040 1733.3
1347050 1728.5
1347060 1728.5
1347070 1724.2
1347080 1720.7
1347090 1717.3
1347100 1717.3
1347110 1710.4
1347120 1699.3
1347130 1699.3
1347140 1688.6
1347150 1677.5
1347160 1677.5
1347170 1668.1
1347180 1658.9
1347190 1658.9
1347200 1650.5
1347210 1643.1
1347220 1643.1
1347230 1635.6
1347240 1628.5
1347250 1628.5
1347260 1621.5
1347270 1614.5
1347280 1614.5
1347290 1607.9
1347300 1602.6
1347310 1602.6
1347320 1597.3
1347330 1593.4
1347340 1588.7
1347350 1588.7
1347360 1581.5
1347370 1573.8
1347380 1573.8
1347390 1566.0
1347400 1558.7
1347410 1558.7
1347420 1551.6
1347430 1544.1
1347440 1544.1
1347450 1536.5
1347460 1529.3
1347470 1529.3
1347480 1526.2
1347490 1523.2
1347500 1523.2
1347510 1519.8
1347520 1516.2
1347530 1518.1
1347540 1514.0
1347550 1509.4
1347560 1509.4
1347570 1504.5
1347580 1501.4
1347590 1498.6
1347600 1498.6
1347610 1496.8
1347620 1493.7
1347630 1493.7
1347640 1489.9
1347650 1485.7
1347660 1485.7
1347670 1481.3
1347680 1476.6
1347690 1476.6
1347700 1471.6
1347710 1467.0
1347720 1467.0
1347730 1462.2
1347740 1457.1
1347750 1457.1
1347760 1451.7
1347770 1446.2
1347780 1446.2
1347790 1441.2
1347800 1437.5
1347810 1437.5
1347820 1433.2
1347830 1428.1
1347840 1423.5
1347850 1423.5
1347860 1419.8
1347870 1416.5
1347880 1416.5
1347890 1413.9
1347900 1411.0
1347910 1411.0
1347920 1407.9
1347930 1404.6
1347940 1404.6
1347950 1401.5
1347960 1400.5
1347970 1400.5
1347980 1400.5
1347990 1400.5
1348000 1400.5
1348010 1400.5
1348020 1400.5
1348030 1400.5
1348040 1400.5
1348050 1400.5
1348060 1400.5
1348070 1400.5
1348080 1400.5
1348090 1400.5
1348100 1400.5
1348110 1400.5
1348120 1400.5
1348130 1400.5
1348140 1400.5
1348150 1400.6
1348160 1400.6
1348170 1402.0
1348180 1402.5
1348190 1402.5
1348200 1402.6
1348210 1404.1
1348220 1404.1
1348230 1405.5
1348240 1406.3
1348250 1406.3
1348260 1407.2
1348270 1408.2
1348280 1408.2
1348290 1409.5
1348300 1410.5
1348310 1410.5
1348320 1411.6
1348330 1412.7
1348340 1413.9
1348350 1413.9
1348360 1415.8
1348370 1419.8
1348380 1419.8
1348390 1422.5
1348400 1423.3
1348410 1423.3
1348420 1424.1
1348430 1425.7
1348440 1425.7
1348450 1426.7
1348460 1428.4
1348470 1428.4
1348480 1429.4
1348490 1431.4
1348500 1431.4
1348510 1433.4
1348520 1435.6
1348530 1435.6
1348540 1437.6
1348550 1439.5
1348560 1439.5
1348570 1441.6
1348580 1441.1
1348590 1440.2
1348600 1440.2
1348610 1444.9
1348620 1451.6
1348630 1451.6
1348640 1458.0
1348650 1463.8
1348660 1463.8
1348670 1468.7
1348680 1472.9
1348690 1472.9
1348700 1476.9
1348710 1481.2
1348720 1481.2
1348730 1486.5
1348740 1492.4
1348750 1492.4
1348760 1497.8
1348770 1503.3
1348780 1503.3
1348790 1508.2
1348800 1512.4
1348810 1512.4
1348820 1515.0
1348830 1516.9
1348840 1518.3
1348850 1518.3
1348860 1520.2
1348870 1523.2
1348880 1523.2
1348890 1527.6
1348900 1532.5
1348910 1532.5
1348920 1537.4
1348930 1540.9
1348940 1540.9
1348950 1543.8
1348960 1547.4
1348970 1547.4
1348980 1550.8
1348990 1553.7
1349000 1553.7
1349010 1556.8
1349020 1561.6
1349030 1561.6
1349040 1567.4
1349050 1571.5
1349060 1571.5
1349070 1575.6
1349080 1579.3
1349090 1583.0
1349100 1583.0
1349110 1587.1
1349120 1590.7
1349130 1590.7
1349140 1593.6
1349150 1596.9
1349160 1596.9
1349170 1600.2
1349180 1603.4
1349190 1603.4
1349200 1605.9
1349210 1608.8
1349220 1608.8
1349230 1612.7
1349240 1618.3
1349250 1618.3
1349260 1624.4
1349270 1628.7
1349280 1628.7
1349290 1633.1
1349300 1638.0
1349310 1638.0
1349320 1643.2
1349330 1650.6
1349340 1657.8
1349350 1657.8
1349360 1663.3
1349370 1666.5
1349380 1666.5
1349390 1673.1
1349400 1678.5
1349410 1678.5
1349420 1684.8
1349430 1689.2
1349440 1689.2
1349450 1695.4
1349460 1700.9
1349470 1700.9
1349480 1707.7
1349490 1715.2
1349500 1715.2
1349510 1720.9
1349520 1723.8
1349530 1723.8
1349540 1726.6
1349550 1729.9
1349560 1729.9
1349570 1734.5
1349580 1739.4
1349590 1743.1
1349600 1743.1
1349610 1746.3
1349620 1749.7
1349630 1749.7
1349640 1757.7
1349650 1766.9
1349660 1766.9
1349670 1774.9
1349680 1780.3
1349690 1780.3
1349700 1782.3
1349710 1785.4
1349720 1785.4
1349730 1793.7
1349740 1803.8
1349750 1803.8
1349760 1812.9
1349770 1820.2
1349780 1820.2
1349790 1824.6
1349800 1828.8
1349810 1828.8
1349820 1834.9
1349830 1841.1
1349840 1847.8
1349850 1847.8
1349860 1854.2
1349870 1858.5
1349880 1858.5
1349890 1861.5
1349900 1865.0
1349910 1865.0
1349920 1868.8
1349930 1871.1
1349940 1871.1
1349950 1873.3
1349960 1876.2
1349970 1876.2
1349980 1879.3
1349990 1882.7
1350000 1882.7
1350010 1885.8
1350020 1889.6
1350030 1889.6
1350040 1893.9
1350050 1898.2
1350060 1898.2
1350070 1902.1
1350080 1905.0
1350090 1908.1
1350100 1908.1
1350110 1911.6
1350120 1915.8
1350130 1915.8
1350140 1920.0
1350150 1923.8
1350160 1923.8
1350170 1927.8
1350180 1932.2
1350190 1932.2
1350200 1936.5
1350210 1940.7
1350220 1940.7
1350230 1945.0
1350240 1949.1
1350250 1949.1
1350260 1953.2
1350270 1957.1
1350280 1957.1
1350290 1961.5
1350300 1965.9
1350310 1965.9
1350320 1970.2
1350330 1974.7
1350340 1979.1
1350350 1977.3
1350360 1981.4
1350370 1985.6
1350380 1985.6
1350390 1989.2
1350400 1992.4
1350410 1992.4
1350420 1995.6
1350430 1999.4
1350440 1999.4
1350450 2002.7
1350460 2006.0
1350470 2006.0
1350480 2009.2
1350490 2012.1
1350500 2012.1
1350510 2014.2
1350520 2015.9
1350530 2015.9
1350540 2017.1
1350550 2018.3
1350560 2018.3
1350570 2019.1
1350580 2019.5
1350590 2020.4
1350600 2020.4
1350610 2021.0
1350620 2021.3
1350630 2021.3
1350640 2021.5
1350650 2021.3
1350660 2021.3
1350670 2020.2
1350680 2018.2
1350690 2018.2
1350700 2016.2
1350710 2013.6
1350720 2013.6
1350730 2010.2
1350740 2006.4
1350750 2006.4
1350760 2003.3
1350770 2001.0
1350780 2001.0
1350790 1997.9
1350800 1993.9
1350810 1993.9
1350820 1989.5
1350830 1985.2
1350840 1981.0
1350850 1981.0
1350860 1977.3
1350870 1973.4
1350880 1973.4
1350890 1969.6
1350900 1966.7
1350910 1966.7
1350920 1962.6
1350930 1955.6
1350940 1955.6
1350950 1946.0
1350960 1942.0
1350970 1942.0
1350980 1937.2
1350990 1929.6
1351000 1929.6
1351010 1921.8
1351020 1914.6
1351030 1914.6
1351040 1908.7
1351050 1903.4
1351060 1899.4
1351070 1899.4
1351080 1891.7
1351090 1882.7
1351100 1882.7
1351110 1875.9
1351120 1869.4
1351130 1869.4
1351140 1860.6
1351150 1853.7
1351160 1853.7
1351170 1850.2
1351180 1843.3
1351190 1843.3
1351200 1828.8
1351210 1822.5
1351220 1822.5
1351230 1815.7
1351240 1809.0
1351250 1809.0
1351260 1801.7
1351270 1794.0
1351280 1794.0
1351290 1786.1
1351300 1783.3
1351310 1776.8
1351320 1776.8
1351330 1770.5
1351340 1765.5
1351350 1765.5
1351360 1762.4
1351370 1760.6
1351380 1760.6
1351390 1758.1
1351400 1754.0
1351410 1754.0
1351420 1749.8
1351430 1745.2
1351440 1745.2
1351450 1739.3
1351460 1729.7
1351470 1729.7
1351480 1719.8
1351490 1713.8
1351500 1713.8
1351510 1707.2
1351520 1698.1
1351530 1698.1
1351540 1688.2
1351550 1677.0
1351560 1671.7
1351570 1671.7
1351580 1669.4
1351590 1666.6
1351600 1666.6
1351610 1664.2
1351620 1662.5
1351630 1662.5
1351640 1660.0
1351650 1657.4
1351660 1657.4
1351670 1654.9
1351680 1652.7
1351690 1652.7
1351700 1650.5
1351710 1647.2
1351720 1647.2
1351730 1643.1
1351740 1638.7
1351750 1638.7
1351760 1633.6
1351770 1627.7
1351780 1627.7
1351790 1621.1
1351800 1616.3
1351810 1614.6
1351820 1614.6
1351830 1614.1
1351840 1613.5
1351850 1613.5
1351860 1613.3
1351870 1613.2
1351880 1613.2
1351890 1611.0
1351900 1610.9
1351910 1610.9
1351920 1611.2
1351930 1606.6
1351940 1606.6
1351950 1603.1
1351960 1601.6
1351970 1601.6
1351980 1601.5
1351990 1600.6
1352000 1600.6
1352010 1602.5
1352020 1605.5
1352030 1605.5
1352040 1605.0
1352050 1604.9
1352060 1605.8
1352070 1605.8
1352080 1603.9
1352090 1602.1
1352100 1602.1
1352110 1600.1
1352120 1598.3
1352130 1598.3
1352140 1594.9
1352150 1591.7
1352160 1591.7
1352170 1590.9
1352180 1590.6
1352190 1590.6
1352200 1589.8
1352210 1589.3
1352220 1589.3
1352230 1588.3
1352240 1587.3
1352250 1587.3
1352260 1582.9
1352270 1582.0
1352280 1582.0
1352290 1582.4
1352300 1583.2
1352310 1584.2
1352320 1584.2
1352330 1585.3
1352340 1584.3
1352350 1584.3
1352360 1580.3
1352370 1576.2
1352380 1576.2
1352390 1569.8
1352400 1564.7
1352410 1564.7
1352420 1562.3
1352430 1559.7
1352440 1559.7
1352450 1556.2
1352460 1551.9
1352470 1551.9
1352480 1550.8
1352490 1548.6
1352500 1548.6
1352510 1541.7
1352520 1529.9
1352530 1529.9
1352540 1521.6
1352550 1516.1
1352560 1510.8
1352570 1510.8
1352580 1506.4
1352590 1500.6
1352600 1500.6
1352610 1497.0
1352620 1495.1
1352630 1495.1
1352640 1491.6
1352650 1487.3
1352660 1487.3
1352670 1486.2
1352680 1484.8
1352690 1484.8
1352700 1483.6
1352710 1481.9
1352720 1481.9
1352730 1480.0
1352740 1478.0
1352750 1478.0
1352760 1476.3
1352770 1474.8
1352780 1474.8
1352790 1473.1
1352800 1470.6
1352810 1467.0
1352820 1467.0
1352830 1462.2
1352840 1457.6
1352850 1457.6
1352860 1454.3
1352870 1453.4
1352880 1453.4
1352890 1450.2
1352900 1447.5
1352910 1447.5
1352920 1445.2
1352930 1442.5
1352940 1442.5
1352950 1439.3
1352960 1437.7
1352970 1437.7
1352980 1437.5
1352990 1436.9
1353000 1436.9
1353010 1436.3
1353020 1435.3
1353030 1435.3
1353040 1433.0
1353050 1430.9
1353060 1429.1
1353070 1429.1
1353080 1428.9
1353090 1430.4
1353100 1430.4
1353110 1430.5
1353120 1429.7
1353130 1429.7
1353140 1428.5
1353150 1425.7
1353160 1425.7
1353170 1423.1
1353180 1419.9
1353190 1419.9
1353200 1416.6
1353210 1414.7
1353220 1407.4
1353230 1409.3
1353240 1408.8
1353250 1408.8
1353260 1406.6
1353270 1404.8
1353280 1404.8
1353290 1404.8
1353300 1405.4
1353310 1404.2
1353320 1404.2
1353330 1400.5
1353340 1397.0
1353350 1397.0
1353360 1395.7
1353370 1388.7
1353380 1388.7
1353390 1379.9
1353400 1372.7
1353410 1372.7
1353420 1367.7
1353430 1363.3
1353440 1363.3
1353450 1359.5
1353460 1355.6
1353470 1355.6
1353480 1350.1
1353490 1341.9
1353500 1341.9
1353510 1335.2
1353520 1331.5
1353530 1331.5
1353540 1328.0
1353550 1324.4
1353560 1320.7
1353570 1320.7
1353580 1317.2
1353590 1313.9
1353600 1313.9
1353610 1310.5
1353620 1306.7
1353630 1306.7
1353640 1303.0
1353650 1301.6
1353660 1301.6
1353670 1301.4
1353680 1301.2
1353690 1301.2
1353700 1300.1
1353710 1295.8
1353720 1295.8
1353730 1293.4
1353740 1294.0
1353750 1294.0
1353760 1292.4
1353770 1289.9
1353780 1289.9
1353790 1285.7
1353800 1281.8
1353810 1276.8
1353820 1276.8
1353830 1271.3
1353840 1263.9
1353850 1263.9
1353860 1257.2
1353870 1251.3
1353880 1251.3
1353890 1244.9
1353900 1238.7
1353910 1238.7
1353920 1232.2
1353930 1229.3
1353940 1229.3
1353950 1224.6
1353960 1219.2
1353970 1219.2
1353980 1214.9
1353990 1211.2
1354000 1211.2
1354010 1207.2
1354020 1203.1
1354030 1203.1
1354040 1200.8
1354050 1199.1
1354060 1196.5
1354070 1196.5
1354080 1194.4
1354090 1193.8
1354100 1193.8
1354110 1192.9
1354120 1189.6
1354130 1189.6
1354140 1185.9
1354150 1184.0
1354160 1184.0
1354170 1182.0
1354180 1179.8
1354190 1180.0
1354200 1178.0
1354210 1175.8
1354220 1175.8
1354230 1173.3
1354240 1170.9
1354250 1170.9
1354260 1168.9
1354270 1166.7
1354280 1166.7
1354290 1164.8
1354300 1162.7
1354310 1159.9
1354320 1159.9
1354330 1157.3
1354340 1155.5
1354350 1155.5
1354360 1153.6
1354370 1151.9
1354380 1151.9
1354390 1150.1
1354400 1148.4
1354410 1148.4
1354420 1146.4
1354430 1144.3
1354440 1144.3
1354450 1142.6
1354460 1140.7
1354470 1140.7
1354480 1138.1
1354490 1136.5
1354500 1136.5
1354510 1134.8
1354520 1132.6
1354530 1132.6
1354540 1130.6
1354550 1128.8
1354560 1127.2
1354570 1127.2
1354580 1125.2
1354590 1123.4
1354600 1123.4
1354610 1121.8
1354620 1120.7
1354630 1120.7
1354640 1119.0
1354650 1117.3
1354660 1117.3
1354670 1116.0
1354680 1114.9
1354690 1114.9
1354700 1113.4
1354710 1112.0
1354720 1112.0
1354730 1110.7
1354740 1109.5
1354750 1109.5
1354760 1107.4
1354770 1105.6
1354780 1105.6
1354790 1104.0
1354800 1102.3
1354810 1100.7
1354820 1100.7
1354830 1099.3
1354840 1098.0
1354850 1098.0
1354860 1096.6
1354870 1095.4
1354880 1095.4
1354890 1094.0
1354900 1092.7
1354910 1092.7
1354920 1091.5
1354930 1090.3
1354940 1090.3
1354950 1089.4
1354960 1088.3
1354970 1088.3
1354980 1087.5
1354990 1085.3
1355000 1085.3
1355010 1083.9
1355020 1082.5
1355030 1082.5
1355040 1081.3
1355050 1080.2
1355060 1079.2
1355070 1079.2
1355080 1078.1
1355090 1077.1
1355100 1077.1
1355110 1076.1
1355120 1075.0
1355130 1075.0
1355140 1073.8
1355150 1072.7
1355160 1072.7
1355170 1071.8
1355180 1071.6
1355190 1071.6
1355200 1071.0
1355210 1069.7
1355220 1069.7
1355230 1068.9
1355240 1067.9
1355250 1067.9
1355260 1067.0
1355270 1066.1
1355280 1066.1
1355290 1065.2
1355300 1064.4
1355310 1063.5
1355320 1063.5
1355330 1062.5
1355340 1061.6
1355350 1061.6
1355360 1060.7
1355370 1059.9
1355380 1059.9
1355390 1059.4
1355400 1058.6
1355410 1058.6
1355420 1056.5
1355430 1055.2
1355440 1055.2
1355450 1054.1
1355460 1053.1
1355470 1053.1
1355480 1052.0
1355490 1050.8
1355500 1050.8
1355510 1049.6
1355520 1048.5
1355530 1047.7
1355540 1047.7
1355550 1046.7
1355560 1046.1
1355570 1046.1
1355580 1046.2
1355590 1046.8
1355600 1046.8
1355610 1046.8
1355620 1043.3
1355630 1043.3
1355640 1042.4
1355650 1040.4
1355660 1040.4
1355670 1038.8
1355680 1037.9
1355690 1037.9
1355700 1036.8
1355710 1035.9
1355720 1035.9
1355730 1035.0
1355740 1034.3
1355750 1034.3
1355760 1033.5
1355770 1032.7
1355780 1031.7
1355790 1031.7
1355800 1030.6
1355810 1029.6
1355820 1029.6
1355830 1028.8
1355840 1027.9
1355850 1027.9
1355860 1027.1
1355870 1026.3
1355880 1026.3
1355890 1025.6
1355900 1024.9
1355910 1024.9
1355920 1024.2
1355930 1023.3
1355940 1023.3
1355950 1022.3
1355960 1021.5
1355970 1021.5
1355980 1020.7
1355990 1019.8
1356000 1019.8
1356010 1018.9
1356020 1017.9
1356030 1016.9
1356040 1016.9
1356050 1015.9
1356060 1014.9
1356070 1014.9
1356080 1014.1
1356090 1013.3
1356100 1013.3
1356110 1012.3
1356120 1011.3
1356130 1011.3
1356140 1010.4
1356150 1009.5
1356160 1009.3
1356170 1008.4
1356180 1007.4
1356190 1007.4
1356200 1006.7
1356210 1006.0
1356220 1006.0
1356230 1005.1
1356240 1004.0
1356250 1004.0
1356260 1003.2
1356270 999.1
1356280 993.3
1356290 993.3
1356300 987.2
1356310 982.7
1356320 982.7
1356330 979.7
1356340 978.6
1356350 978.6
1356360 977.5
1356370 976.1
1356380 976.1
1356390 975.6
1356400 974.6
1356410 974.6
1356420 972.9
1356430 973.9
1356440 973.9
1356450 976.0
1356460 975.8
1356470 975.8
1356480 975.6
1356490 975.8
1356500 975.8
1356510 975.2
1356520 974.7
1356530 976.0
1356540 976.0
1356550 980.3
1356560 983.7
1356570 983.7
1356580 983.8
1356590 984.7
1356600 984.7
1356610 985.6
1356620 986.7
1356630 986.7
1356640 985.4
1356650 987.3
1356660 987.3
1356670 990.9
1356680 995.3
1356690 995.3
1356700 997.5
1356710 998.9
1356720 998.9
1356730 1000.7
1356740 1002.8
1356750 1002.8
1356760 1005.9
1356770 1008.8
1356780 1009.0
1356790 1009.0
1356800 1011.9
1356810 1014.4
1356820 1014.4
1356830 1017.5
1356840 1019.4
1356850 1019.4
1356860 1017.7
1356870 1018.9
1356880 1018.9
1356890 1022.5
1356900 1025.3
1356910 1025.3
1356920 1024.4
1356930 1025.9
1356940 1025.9
1356950 1030.2
1356960 1034.0
1356970 1034.0
1356980 1036.2
1356990 1037.6
1357000 1037.6
1357010 1039.3
1357020 1040.1
1357030 1039.5
1357040 1039.5
1357050 1040.2
1357060 1041.8
1357070 1041.8
1357080 1043.5
1357090 1046.4
1357100 1046.4
1357110 1046.2
1357120 1047.9
1357130 1047.9
1357140 1049.7
1357150 1052.1
1357160 1055.9
1357170 1058.8
1357180 1063.4
1357190 1063.4
1357200 1069.8
1357210 1077.3
1357220 1077.3
1357230 1084.6
1357240 1090.7
1357250 1090.7
1357260 1093.2
1357270 1094.7
1357280 1097.3
1357290 1097.3
1357300 1101.1
1357310 1105.5
1357320 1105.5
1357330 1109.7
1357340 1112.5
1357350 1112.5
1357360 1114.0
1357370 1114.5
1357380 1114.5
1357390 1116.2
1357400 1121.8
1357410 1121.8
1357420 1127.4
1357430 1133.7
1357440 1133.7
1357450 1141.0
1357460 1147.8
1357470 1147.8
1357480 1152.9
1357490 1159.2
1357500 1159.2
1357510 1167.6
1357520 1171.3
1357530 1172.7
1357540 1172.7
1357550 1178.4
1357560 1184.9
1357570 1184.9
1357580 1189.8
1357590 1194.2
1357600 1194.2
1357610 1197.7
1357620 1200.9
1357630 1200.9
1357640 1202.9
1357650 1204.4
1357660 1204.4
1357670 1205.0
1357680 1205.1
1357690 1205.1
1357700 1205.5
1357710 1208.8
1357720 1208.8
1357730 1213.3
1357740 1218.3
1357750 1218.3
1357760 1223.1
1357770 1227.6
1357780 1234.6
1357790 1234.6
1357800 1242.3
1357810 1247.0
1357820 1247.0
1357830 1252.3
1357840 1256.8
1357850 1256.8
1357860 1260.7
1357870 1264.0
1357880 1264.0
1357890 1267.5
1357900 1270.2
1357910 1270.2
1357920 1273.1
1357930 1276.0
1357940 1276.0
1357950 1278.8
1357960 1281.7
1357970 1281.7
1357980 1283.3
1357990 1281.6
1358000 1281.6
1358010 1278.7
1358020 1275.8
1358030 1274.4
1358040 1274.4
1358050 1277.2
1358060 1280.0
1358070 1280.0
1358080 1283.9
1358090 1287.5
1358100 1287.5
1358110 1291.3
1358120 1291.7
1358130 1291.7
1358140 1295.1
1358150 1302.5
1358160 1304.5
1358170 1310.9
1358180 1315.3
1358190 1315.3
1358200 1321.5
1358210 1327.5
1358220 1327.5
1358230 1334.2
1358240 1342.2
1358250 1342.2
1358260 1350.4
1358270 1356.5
1358280 1365.3
1358290 1365.3
1358300 1373.8
1358310 1381.0
1358320 1381.0
1358330 1387.9
1358340 1395.0
1358350 1395.0
1358360 1401.5
1358370 1408.6
1358380 1408.6
1358390 1415.9
1358400 1423.1
1358410 1423.1
1358420 1427.9
1358430 1429.0
1358440 1429.0
1358450 1430.5
1358460 1434.1
1358470 1434.1
1358480 1440.7
1358490 1451.2
1358500 1451.2
1358510 1461.3
1358520 1465.6
1358530 1467.2
1358540 1467.2
1358550 1469.9
1358560 1473.1
1358570 1473.1
1358580 1477.0
1358590 1480.9
1358600 1480.9
1358610 1484.0
1358620 1486.3
1358630 1486.3
1358640 1488.5
1358650 1489.9
1358660 1489.9
1358670 1492.3
1358680 1494.0
1358690 1494.0
1358700 1496.4
1358710 1499.7
1358720 1499.7
1358730 1503.3
1358740 1506.7
1358750 1506.7
1358760 1510.6
1358770 1514.6
1358780 1517.7
1358790 1517.7
1358800 1521.1
1358810 1525.4
1358820 1525.4
1358830 1529.4
1358840 1533.5
1358850 1533.5
1358860 1537.3
1358870 1541.1
1358880 1541.1
1358890 1545.5
1358900 1549.9
1358910 1549.9
1358920 1554.2
1358930 1558.4
1358940 1558.4
1358950 1562.6
1358960 1566.8
1358970 1566.8
1358980 1571.6
1358990 1577.2
1359000 1577.2
1359010 1582.1
1359020 1585.9
1359030 1590.2
1359040 1590.2
1359050 1595.8
1359060 1600.8
1359070 1600.8
1359080 1605.8
1359090 1610.6
1359100 1610.6
1359110 1613.4
1359120 1615.5
1359130 1615.5
1359140 1616.2
1359150 1616.0
1359160 1616.0
1359170 1624.0
1359180 1621.5
1359190 1621.5
1359200 1621.9
1359210 1627.8
1359220 1627.8
1359230 1631.7
1359240 1631.9
1359250 1631.9
1359260 1632.4
1359270 1636.5
1359280 1640.9
1359290 1640.9
1359300 1646.7
1359310 1652.6
1359320 1652.6
1359330 1660.4
1359340 1670.4
1359350 1670.4
1359360 1684.1
1359370 1693.1
1359380 1693.1
1359390 1699.2
1359400 1704.5
1359410 1704.5
1359420 1709.2
1359430 1713.8
1359440 1713.8
1359450 1715.4
1359460 1718.8
1359470 1718.8
1359480 1725.0
1359490 1733.2
1359500 1733.2
1359510 1741.4
1359520 1748.9
1359530 1752.4
1359540 1752.4
1359550 1756.4
1359560 1763.2
1359570 1763.2
1359580 1769.6
1359590 1774.8
1359600 1774.8
1359610 1778.8
1359620 1782.7
1359630 1782.7
1359640 1785.8
1359650 1790.5
1359660 1790.5
1359670 1794.3
1359680 1795.8
1359690 1795.8
1359700 1797.4
1359710 1798.6
1359720 1798.6
1359730 1798.5
1359740 1799.8
1359750 1799.8
1359760 1801.9
1359770 1803.5
1359780 1805.3
1359790 1805.3
1359800 1806.3
1359810 1806.8
1359820 1806.8
1359830 1810.1
1359840 1814.1
1359850 1814.1
1359860 1817.1
1359870 1819.6
1359880 1819.6
1359890 1822.6
1359900 1825.3
1359910 1825.3
1359920 1827.3
1359930 1830.0
1359940 1830.0
1359950 1832.3
1359960 1834.0
1359970 1834.0
1359980 1834.5
1359990 1835.5
