1340000 1447.1
1340010 1446.9
1340020 1446.9
1340030 1445.7
1340040 1444.2
1340050 1444.2
1340060 1441.5
1340070 1438.3
1340080 1438.3
1340090 1435.7
1340100 1434.0
1340110 1434.0
1340120 1431.5
1340130 1429.1
1340140 1429.1
1340150 1426.7
1340160 1423.3
1340170 1423.3
1340180 1415.9
1340190 1415.5
1340200 1415.5
1340210 1412.7
1340220 1410.3
1340230 1408.4
1340240 1408.4
1340250 1405.7
1340260 1403.2
1340270 1403.2
1340280 1400.6
1340290 1396.7
1340300 1396.7
1340310 1394.5
1340320 1393.5
1340330 1393.5
1340340 1391.4
1340350 1388.1
1340360 1388.1
1340370 1386.8
1340380 1385.9
1340390 1385.9
1340400 1384.6
1340410 1383.0
1340420 1383.0
1340430 1380.8
1340440 1378.3
1340450 1378.3
1340460 1377.4
1340470 1375.1
1340480 1371.1
1340490 1371.1
1340500 1367.7
1340510 1364.3
1340520 1364.3
1340530 1361.9
1340540 1360.1
1340550 1360.1
1340560 1359.1
1340570 1358.9
1340580 1358.9
1340590 1356.2
1340600 1353.0
1340610 1353.0
1340620 1355.6
1340630 1356.7
1340640 1356.7
1340650 1354.6
1340660 1351.2
1340670 1351.2
1340680 1347.7
1340690 1345.2
1340700 1345.2
1340710 1342.5
1340720 1338.9
1340730 1335.0
1340740 1335.0
1340750 1332.0
1340760 1328.3
1340770 1328.3
1340780 1325.5
1340790 1322.1
1340800 1322.1
1340810 1317.4
1340820 1312.6
1340830 1312.6
1340840 1309.0
1340850 1305.7
1340860 1305.7
1340870 1302.3
1340880 1299.3
1340890 1299.3
1340900 1296.1
1340910 1292.5
1340920 1292.5
1340930 1288.7
1340940 1284.6
1340950 1284.6
1340960 1280.4
1340970 1276.7
1340980 1274.1
1340990 1274.1
1341000 1272.7
1341010 1271.8
1341020 1271.8
1341030 1271.1
1341040 1270.3
1341050 1270.3
1341060 1268.5
1341070 1267.6
1341080 1267.6
1341090 1266.6
1341100 1265.7
1341110 1265.7
1341120 1265.0
1341130 1264.4
1341140 1264.4
1341150 1263.8
1341160 1263.1
1341170 1263.1
1341180 1262.6
1341190 1262.1
1341200 1262.1
1341210 1261.6
1341220 1261.2
1341230 1260.7
1341240 1260.7
1341250 1260.3
1341260 1259.8
1341270 1259.8
1341280 1259.3
1341290 1258.8
1341300 1258.8
1341310 1258.2
1341320 1257.4
1341330 1257.4
1341340 1256.7
1341350 1256.6
1341360 1256.6
1341370 1257.1
1341380 1257.3
1341390 1257.3
1341400 1257.3
1341410 1257.4
1341420 1257.4
1341430 1257.2
1341440 1257.1
1341450 1257.1
1341460 1257.2
1341470 1257.3
1341480 1257.5
1341490 1257.5
1341500 1257.7
1341510 1257.9
1341520 1257.9
1341530 1258.1
1341540 1258.3
1341550 1258.3
1341560 1258.5
1341570 1258.7
1341580 1258.7
1341590 1259.3
1341600 1259.8
1341610 1259.8
1341620 1257.9
1341630 1258.8
1341640 1258.8
1341650 1260.2
1341660 1259.7
1341670 1259.7
1341680 1259.7
1341690 1259.8
1341700 1259.8
1341710 1259.8
1341720 1260.0
1341730 1261.8
1341740 1261.8
1341750 1263.5
1341760 1263.5
1341770 1263.5
1341780 1264.0
1341790 1263.6
1341800 1263.6
1341810 1264.4
1341820 1265.1
1341830 1265.1
1341840 1265.5
1341850 1266.2
1341860 1266.2
1341870 1267.1
1341880 1268.7
1341890 1268.7
1341900 1271.1
1341910 1273.7
1341920 1273.7
1341930 1276.2
1341940 1278.8
1341950 1280.9
1341960 1284.0
1341970 1287.7
1341980 1290.9
1341990 1290.9
1342000 1293.3
1342010 1295.9
1342020 1295.9
1342030 1299.7
1342040 1304.7
1342050 1304.7
1342060 1309.4
1342070 1314.0
1342080 1314.0
1342090 1318.4
1342100 1322.1
1342110 1322.1
1342120 1325.5
1342130 1329.5
1342140 1329.5
1342150 1334.3
1342160 1338.8
1342170 1338.8
1342180 1343.1
1342190 1347.7
1342200 1347.7
1342210 1352.2
1342220 1356.9
1342230 1361.6
1342240 1361.6
1342250 1366.3
1342260 1371.7
1342270 1371.7
1342280 1375.4
1342290 1379.0
1342300 1379.0
1342310 1381.8
1342320 1384.4
1342330 1384.4
1342340 1389.0
1342350 1393.9
1342360 1393.9
1342370 1397.5
1342380 1400.7
1342390 1400.7
1342400 1404.7
1342410 1410.9
1342420 1410.9
1342430 1416.9
1342440 1423.0
1342450 1423.0
1342460 1429.2
1342470 1434.8
1342480 1440.0
1342490 1440.0
1342500 1446.3
1342510 1453.2
1342520 1453.2
1342530 1459.2
1342540 1464.1
1342550 1464.1
1342560 1467.8
1342570 1470.4
1342580 1470.4
1342590 1473.3
1342600 1477.5
1342610 1477.5
1342620 1480.8
1342630 1484.3
1342640 1484.3
1342650 1489.0
1342660 1491.8
1342670 1491.8
1342680 1493.1
1342690 1494.5
1342700 1494.5
1342710 1495.4
1342720 1497.2
1342730 1499.2
1342740 1499.2
1342750 1500.8
1342760 1501.8
1342770 1501.8
1342780 1501.3
1342790 1501.4
1342800 1501.4
1342810 1505.2
1342820 1510.8
1342830 1510.8
1342840 1516.4
1342850 1524.0
1342860 1524.0
1342870 1534.8
1342880 1545.1
1342890 1545.1
1342900 1558.0
1342910 1570.3
1342920 1570.3
1342930 1575.1
1342940 1576.8
1342950 1576.8
1342960 1578.3
1342970 1580.2
1342980 1582.0
1342990 1582.0
1343000 1583.8
1343010 1585.5
1343020 1585.5
1343030 1587.4
1343040 1587.7
1343050 1587.7
1343060 1586.0
1343070 1586.6
1343080 1586.6
1343090 1587.5
1343100 1588.2
1343110 1588.2
1343120 1588.6
1343130 1588.2
1343140 1588.2
1343150 1587.5
1343160 1586.2
1343170 1586.2
1343180 1584.2
1343190 1582.1
1343200 1582.1
1343210 1579.0
1343220 1575.7
1343230 1571.3
1343240 1571.3
1343250 1568.7
1343260 1569.0
1343270 1569.0
1343280 1570.5
1343290 1571.4
1343300 1571.4
1343310 1572.4
1343320 1574.2
1343330 1574.2
1343340 1573.2
1343350 1571.5
1343360 1571.5
1343370 1571.3
1343380 1570.8
1343390 1570.8
1343400 1570.7
1343410 1570.7
1343420 1570.7
1343430 1569.9
1343440 1572.6
1343450 1572.6
1343460 1576.2
1343470 1576.7
1343480 1576.9
1343490 1576.9
1343500 1578.6
1343510 1578.4
1343520 1578.4
1343530 1577.0
1343540 1576.1
1343550 1576.1
1343560 1576.0
1343570 1576.0
1343580 1576.0
1343590 1575.6
1343600 1575.0
1343610 1575.0
1343620 1574.1
1343630 1572.4
1343640 1572.4
1343650 1570.4
1343660 1567.5
1343670 1567.5
1343680 1564.9
1343690 1563.8
1343700 1563.8
1343710 1564.3
1343720 1566.0
1343730 1567.1
1343740 1567.1
1343750 1574.5
1343760 1573.1
1343770 1573.1
1343780 1572.4
1343790 1571.8
1343800 1571.8
1343810 1571.7
1343820 1572.7
1343830 1572.7
1343840 1573.5
1343850 1574.2
1343860 1574.2
1343870 1574.5
1343880 1574.4
1343890 1574.4
1343900 1574.8
1343910 1574.1
1343920 1574.1
1343930 1573.9
1343940 1574.7
1343950 1574.7
1343960 1574.9
1343970 1574.8
1343980 1574.9
1343990 1574.9
1344000 1574.1
1344010 1573.6
1344020 1573.6
1344030 1573.0
1344040 1572.2
1344050 1572.2
1344060 1571.5
1344070 1570.2
1344080 1570.2
1344090 1570.0
1344100 1570.2
1344110 1570.2
1344120 1570.5
1344130 1571.2
1344140 1571.2
1344150 1571.9
1344160 1573.5
1344170 1573.5
1344180 1575.0
1344190 1575.6
1344200 1575.6
1344210 1576.7
1344220 1578.3
1344230 1579.7
1344240 1579.7
1344250 1581.2
1344260 1582.5
1344270 1582.5
1344280 1583.6
1344290 1584.5
1344300 1584.5
1344310 1585.9
1344320 1587.2
1344330 1587.2
1344340 1588.1
1344350 1590.2
1344360 1590.2
1344370 1592.5
1344380 1593.6
1344390 1593.6
1344400 1593.9
1344410 1594.3
1344420 1594.3
1344430 1594.4
1344440 1594.8
1344450 1594.8
1344460 1595.1
1344470 1595.1
1344480 1595.6
1344490 1595.6
1344500 1596.2
1344510 1596.4
1344520 1596.4
1344530 1596.6
1344540 1597.0
1344550 1597.0
1344560 1597.3
1344570 1597.4
1344580 1597.4
1344590 1597.7
1344600 1598.0
1344610 1598.0
1344620 1597.5
1344630 1595.8
1344640 1595.8
1344650 1595.0
1344660 1591.8
1344670 1591.8
1344680 1593.1
1344690 1593.9
1344700 1593.9
1344710 1594.4
1344720 1594.9
1344730 1595.4
1344740 1595.4
1344750 1596.3
1344760 1597.9
1344770 1597.9
1344780 1598.3
1344790 1598.2
1344800 1598.2
1344810 1599.0
1344820 1600.2
1344830 1600.2
1344840 1600.6
1344850 1600.2
1344860 1600.2
1344870 1599.7
1344880 1599.8
1344890 1599.8
1344900 1600.1
1344910 1600.1
1344920 1600.1
1344930 1600.3
1344940 1600.0
1344950 1600.0
1344960 1599.9
1344970 1600.9
1344980 1601.7
1344990 1601.7
1345000 1601.1
1345010 1601.2
1345020 1601.2
1345030 1600.8
1345040 1601.6
1345050 1601.6
1345060 1603.7
1345070 1605.1
1345080 1605.1
1345090 1606.3
1345100 1608.0
1345110 1608.0
1345120 1609.1
1345130 1610.3
1345140 1610.3
1345150 1610.9
1345160 1612.9
1345170 1612.9
1345180 1615.2
1345190 1616.6
1345200 1616.6
1345210 1618.5
1345220 1620.2
1345230 1621.7
1345240 1621.7
1345250 1622.5
1345260 1622.7
1345270 1622.7
1345280 1622.8
1345290 1623.2
1345300 1623.2
1345310 1624.2
1345320 1624.5
1345330 1624.5
1345340 1624.7
1345350 1626.2
1345360 1626.2
1345370 1629.4
1345380 1631.8
1345390 1631.8
1345400 1633.0
1345410 1634.2
1345420 1634.2
1345430 1635.8
1345440 1635.6
1345450 1635.6
1345460 1635.3
1345470 1636.0
1345480 1636.2
1345490 1636.2
1345500 1636.3
1345510 1636.3
1345520 1636.3
1345530 1632.8
1345540 1624.9
1345550 1624.9
1345560 1617.7
1345570 1615.4
1345580 1615.4
1345590 1610.0
1345600 1605.6
1345610 1605.6
1345620 1601.2
1345630 1604.2
1345640 1604.2
1345650 1610.1
1345660 1617.9
1345670 1617.9
1345680 1622.8
1345690 1627.2
1345700 1627.2
1345710 1632.6
1345720 1637.7
1345730 1642.7
1345740 1642.7
1345750 1647.7
1345760 1653.2
1345770 1653.2
1345780 1657.5
1345790 1661.8
1345800 1661.8
1345810 1665.2
1345820 1667.4
1345830 1667.4
1345840 1669.4
1345850 1670.7
1345860 1670.7
1345870 1671.6
1345880 1672.2
1345890 1672.2
1345900 1673.0
1345910 1674.2
1345920 1674.2
1345930 1675.5
1345940 1676.7
1345950 1676.7
1345960 1677.9
1345970 1679.3
1345980 1679.4
1345990 1679.4
1346000 1678.4
1346010 1675.6
1346020 1675.6
1346030 1675.7
1346040 1676.2
1346050 1676.2
1346060 1677.1
1346070 1677.0
1346080 1677.0
1346090 1675.8
1346100 1675.3
1346110 1675.3
1346120 1674.6
1346130 1673.5
1346140 1673.5
1346150 1671.5
1346160 1668.5
1346170 1668.5
1346180 1663.9
1346190 1660.2
1346200 1660.2
1346210 1657.5
1346220 1655.5
1346230 1654.4
1346240 1654.4
1346250 1651.5
1346260 1647.8
1346270 1647.8
1346280 1645.2
1346290 1643.4
1346300 1643.4
1346310 1641.2
1346320 1639.7
1346330 1639.7
1346340 1639.3
1346350 1637.6
1346360 1637.6
1346370 1634.0
1346380 1629.8
1346390 1629.8
1346400 1625.8
1346410 1622.1
1346420 1622.1
1346430 1619.0
1346440 1616.5
1346450 1616.5
1346460 1617.9
1346470 1619.8
1346480 1620.9
1346490 1624.7
1346500 1624.9
1346510 1624.8
1346520 1624.8
1346530 1624.2
1346540 1623.7
1346550 1623.7
1346560 1623.8
1346570 1624.1
1346580 1624.1
1346590 1624.9
1346600 1625.9
1346610 1625.9
1346620 1627.1
1346630 1628.1
1346640 1628.1
1346650 1629.0
1346660 1629.2
1346670 1629.2
1346680 1628.9
1346690 1628.1
1346700 1628.1
1346710 1626.6
1346720 1624.1
1346730 1620.9
1346740 1620.9
1346750 1616.4
1346760 1611.6
1346770 1611.6
1346780 1607.3
1346790 1603.3
1346800 1603.3
1346810 1599.2
1346820 1595.5
1346830 1595.5
1346840 1591.5
1346850 1587.1
1346860 1587.1
1346870 1582.2
1346880 1579.2
1346890 1579.2
1346900 1577.6
1346910 1576.8
1346920 1576.8
1346930 1575.8
1346940 1570.7
1346950 1570.7
1346960 1570.4
1346970 1562.8
1346980 1560.1
1346990 1560.1
1347000 1558.6
1347010 1556.4
1347020 1556.4
1347030 1551.3
1347040 1546.8
1347050 1546.8
1347060 1544.4
1347070 1543.2
1347080 1543.2
1347090 1542.5
1347100 1540.6
1347110 1540.6
1347120 1539.2
1347130 1537.9
1347140 1537.9
1347150 1537.2
1347160 1536.4
1347170 1536.4
1347180 1534.3
1347190 1528.8
1347200 1528.8
1347210 1522.1
1347220 1515.2
1347230 1508.9
1347240 1508.9
1347250 1502.6
1347260 1496.2
1347270 1496.2
1347280 1491.8
1347290 1487.2
1347300 1487.2
1347310 1481.7
1347320 1476.2
1347330 1476.2
1347340 1471.3
1347350 1466.7
1347360 1466.7
1347370 1462.8
1347380 1460.0
1347390 1460.0
1347400 1456.0
1347410 1452.5
1347420 1453.8
1347430 1449.8
1347440 1443.7
1347450 1443.7
1347460 1438.3
1347470 1433.5
1347480 1430.0
1347490 1430.0
1347500 1425.9
1347510 1420.9
1347520 1420.9
1347530 1415.1
1347540 1409.8
1347550 1409.8
1347560 1405.5
1347570 1401.2
1347580 1401.2
1347590 1400.6
1347600 1400.5
1347610 1400.5
1347620 1400.5
1347630 1400.5
1347640 1400.5
1347650 1400.5
1347660 1400.5
1347670 1400.5
1347680 1400.5
1347690 1400.5
1347700 1400.5
1347710 1400.5
1347720 1400.5
1347730 1400.5
1347740 1400.5
1347750 1400.5
1347760 1400.5
1347770 1400.5
1347780 1400.5
1347790 1400.5
1347800 1400.5
1347810 1400.5
1347820 1400.5
1347830 1400.5
1347840 1400.5
1347850 1400.5
1347860 1400.5
1347870 1400.5
1347880 1400.5
1347890 1400.5
1347900 1400.5
1347910 1400.5
1347920 1400.5
1347930 1400.5
1347940 1400.5
1347950 1400.5
1347960 1400.5
1347970 1400.5
1347980 1400.5
1347990 1400.5
1348000 1400.5
1348010 1400.5
1348020 1400.5
1348030 1400.5
1348040 1400.5
1348050 1400.5
1348060 1400.5
1348070 1400.5
1348080 1400.5
1348090 1400.5
1348100 1400.5
1348110 1400.5
1348120 1400.5
1348130 1400.5
1348140 1400.5
1348150 1400.5
1348160 1400.5
1348170 1400.5
1348180 1400.5
1348190 1400.5
1348200 1400.5
1348210 1400.5
1348220 1400.5
1348230 1400.5
1348240 1400.5
1348250 1400.5
1348260 1400.5
1348270 1400.5
1348280 1400.5
1348290 1400.5
1348300 1400.5
1348310 1400.5
1348320 1400.5
1348330 1400.5
1348340 1400.5
1348350 1400.5
1348360 1400.5
1348370 1400.7
1348380 1404.6
1348390 1404.6
1348400 1413.0
1348410 1422.0
1348420 1422.0
1348430 1429.0
1348440 1430.2
1348450 1430.2
1348460 1435.6
1348470 1441.1
1348480 1445.6
1348490 1445.6
1348500 1452.1
1348510 1459.2
1348520 1459.2
1348530 1465.7
1348540 1471.4
1348550 1471.4
1348560 1477.0
1348570 1482.2
1348580 1482.2
1348590 1487.4
1348600 1493.7
1348610 1493.7
1348620 1498.9
1348630 1504.2
1348640 1504.2
1348650 1510.7
1348660 1516.9
1348670 1516.9
1348680 1521.0
1348690 1525.0
1348700 1525.0
1348710 1530.1
1348720 1536.6
1348730 1536.6
1348740 1541.7
1348750 1545.2
1348760 1548.4
1348770 1548.4
1348780 1553.3
1348790 1559.5
1348800 1559.5
1348810 1564.2
1348820 1568.9
1348830 1568.9
1348840 1575.0
1348850 1582.3
1348860 1582.3
1348870 1589.0
1348880 1595.0
1348890 1595.0
1348900 1600.9
1348910 1608.0
1348920 1608.0
1348930 1615.4
1348940 1623.4
1348950 1623.4
1348960 1630.8
1348970 1636.5
1348980 1636.5
1348990 1641.5
1349000 1646.6
1349010 1652.0
1349020 1652.0
1349030 1657.0
1349040 1661.7
1349050 1661.7
1349060 1666.6
1349070 1671.2
1349080 1671.2
1349090 1676.5
1349100 1683.0
1349110 1683.0
1349120 1689.3
1349130 1694.2
1349140 1694.2
1349150 1700.0
1349160 1707.0
1349170 1707.0
1349180 1714.5
1349190 1721.2
1349200 1721.2
1349210 1725.2
1349220 1728.3
1349230 1728.3
1349240 1731.5
1349250 1734.5
1349260 1738.3
1349270 1738.3
1349280 1743.0
1349290 1747.1
1349300 1747.1
1349310 1750.3
1349320 1753.2
1349330 1753.2
1349340 1755.2
1349350 1757.1
1349360 1757.1
1349370 1759.2
1349380 1761.0
1349390 1761.0
1349400 1762.6
1349410 1764.5
1349420 1764.5
1349430 1766.6
1349440 1769.1
1349450 1769.1
1349460 1772.3
1349470 1775.6
1349480 1775.6
1349490 1778.7
1349500 1781.2
1349510 1783.3
1349520 1783.3
1349530 1785.6
1349540 1787.9
1349550 1787.9
1349560 1790.1
1349570 1792.4
1349580 1792.4
1349590 1794.4
1349600 1795.8
1349610 1795.8
1349620 1797.4
1349630 1799.0
1349640 1799.0
1349650 1800.7
1349660 1802.5
1349670 1802.5
1349680 1803.8
1349690 1806.1
1349700 1806.1
1349710 1807.3
1349720 1808.6
1349730 1808.6
1349740 1810.3
1349750 1812.4
1349760 1814.1
1349770 1814.1
1349780 1815.6
1349790 1817.3
1349800 1817.3
1349810 1818.9
1349820 1820.4
1349830 1820.4
1349840 1821.3
1349850 1822.8
1349860 1822.8
1349870 1824.4
1349880 1826.2
1349890 1826.2
1349900 1827.9
1349910 1829.2
1349920 1829.2
1349930 1830.4
1349940 1831.5
1349950 1831.5
1349960 1832.5
1349970 1833.5
1349980 1833.5
1349990 1835.4
1350000 1835.6
1350010 1836.8
1350020 1836.8
1350030 1838.2
1350040 1838.6
1350050 1838.6
1350060 1838.9
1350070 1839.4
1350080 1839.4
1350090 1840.0
1350100 1841.0
1350110 1841.0
1350120 1842.1
1350130 1843.1
1350140 1843.1
1350150 1844.5
1350160 1844.5
1350170 1844.5
1350180 1845.4
1350190 1848.1
1350200 1848.1
1350210 1849.2
1350220 1850.4
1350230 1852.4
1350240 1853.3
1350250 1854.5
1350260 1854.9
1350270 1854.9
1350280 1854.8
1350290 1855.3
1350300 1855.3
1350310 1856.2
1350320 1856.2
1350330 1856.2
1350340 1855.9
1350350 1855.5
1350360 1855.5
1350370 1855.7
1350380 1856.6
1350390 1856.6
1350400 1857.4
1350410 1857.8
1350420 1857.8
1350430 1858.1
1350440 1858.3
1350450 1858.3
1350460 1858.6
1350470 1859.0
1350480 1859.0
1350490 1859.1
1350500 1859.0
1350510 1858.6
1350520 1858.6
1350530 1857.7
1350540 1857.1
1350550 1857.1
1350560 1856.3
1350570 1855.9
1350580 1855.9
1350590 1855.2
1350600 1854.6
1350610 1854.6
1350620 1854.0
1350630 1853.4
1350640 1853.4
1350650 1853.5
1350660 1852.8
1350670 1852.8
1350680 1851.3
1350690 1852.2
1350700 1852.2
1350710 1852.9
1350720 1852.9
1350730 1852.9
1350740 1853.4
1350750 1852.4
1350760 1851.6
1350770 1851.6
1350780 1850.9
1350790 1850.0
1350800 1850.0
1350810 1848.3
1350820 1846.5
1350830 1846.5
1350840 1845.7
1350850 1844.9
1350860 1844.9
1350870 1845.1
1350880 1845.2
1350890 1845.2
1350900 1844.8
1350910 1844.1
1350920 1844.1
1350930 1843.0
1350940 1842.8
1350950 1842.8
1350960 1842.6
1350970 1842.7
1350980 1842.7
1350990 1842.5
1351000 1842.2
1351010 1841.5
1351020 1841.5
1351030 1840.8
1351040 1839.5
1351050 1839.5
1351060 1838.7
1351070 1837.8
1351080 1837.8
1351090 1837.7
1351100 1837.2
1351110 1837.2
1351120 1835.5
1351130 1834.8
1351140 1834.8
1351150 1832.3
1351160 1829.5
1351170 1829.5
1351180 1832.4
1351190 1832.4
1351200 1832.4
1351210 1831.3
1351220 1830.0
1351230 1830.0
1351240 1830.1
1351250 1829.7
1351260 1828.8
1351270 1828.8
1351280 1828.3
1351290 1828.0
1351300 1828.0
1351310 1827.7
1351320 1825.9
1351330 1825.9
1351340 1823.9
1351350 1822.3
1351360 1822.3
1351370 1820.5
1351380 1818.8
1351390 1818.8
1351400 1816.5
1351410 1815.0
1351420 1815.0
1351430 1815.6
1351440 1817.1
1351450 1817.1
1351460 1817.4
1351470 1816.6
1351480 1816.6
1351490 1816.0
1351500 1815.9
1351510 1814.8
1351520 1814.8
1351530 1811.8
1351540 1809.5
1351550 1809.5
1351560 1808.7
1351570 1805.7
1351580 1805.7
1351590 1806.4
1351600 1806.5
1351610 1806.5
1351620 1805.8
1351630 1805.2
1351640 1805.2
1351650 1804.4
1351660 1803.9
1351670 1803.9
1351680 1802.4
1351690 1800.5
1351700 1800.5
1351710 1799.0
1351720 1796.4
1351730 1796.4
1351740 1793.4
1351750 1790.9
1351760 1790.3
1351770 1790.3
1351780 1790.8
1351790 1790.4
1351800 1790.4
1351810 1790.5
1351820 1790.7
1351830 1790.7
1351840 1790.6
1351850 1790.0
1351860 1790.0
1351870 1787.5
1351880 1786.0
1351890 1786.0
1351900 1784.8
1351910 1783.6
1351920 1783.6
1351930 1781.6
1351940 1779.7
1351950 1779.7
1351960 1778.5
1351970 1777.2
1351980 1777.2
1351990 1775.5
1352000 1773.8
1352010 1772.2
1352020 1772.2
1352030 1771.1
1352040 1769.7
1352050 1769.7
1352060 1767.4
1352070 1765.3
1352080 1765.3
1352090 1763.2
1352100 1761.3
1352110 1761.3
1352120 1759.6
1352130 1757.8
1352140 1760.8
1352150 1759.0
1352160 1756.9
1352170 1756.9
1352180 1755.2
1352190 1754.4
1352200 1754.4
1352210 1753.4
1352220 1752.0
1352230 1752.0
1352240 1750.9
1352250 1750.1
1352260 1747.6
1352270 1747.6
1352280 1745.6
1352290 1744.2
1352300 1744.2
1352310 1743.2
1352320 1742.1
1352330 1742.1
1352340 1740.1
1352350 1737.4
1352360 1737.4
1352370 1735.5
1352380 1734.3
1352390 1734.3
1352400 1732.7
1352410 1731.5
1352420 1731.5
1352430 1729.9
1352440 1728.4
1352450 1728.4
1352460 1727.7
1352470 1726.1
1352480 1726.1
1352490 1724.6
1352500 1723.2
1352510 1722.0
1352520 1722.0
1352530 1721.4
1352540 1721.4
1352550 1721.4
1352560 1720.2
1352570 1718.2
1352580 1718.2
1352590 1716.5
1352600 1715.0
1352610 1715.0
1352620 1713.7
1352630 1711.9
1352640 1711.9
1352650 1710.5
1352660 1708.8
1352670 1708.8
1352680 1707.3
1352690 1706.0
1352700 1706.0
1352710 1704.2
1352720 1702.1
1352730 1702.1
1352740 1700.1
1352750 1698.0
1352760 1696.3
1352770 1696.3
1352780 1694.8
1352790 1693.3
1352800 1693.3
1352810 1691.7
1352820 1689.9
1352830 1689.9
1352840 1687.8
1352850 1685.7
1352860 1685.7
1352870 1683.8
1352880 1682.2
1352890 1682.2
1352900 1680.5
1352910 1678.6
1352920 1678.6
1352930 1677.1
1352940 1676.2
1352950 1676.2
1352960 1674.7
1352970 1673.0
1352980 1673.0
1352990 1671.3
1353000 1668.8
1353010 1667.3
1353020 1667.3
1353030 1666.3
1353040 1665.3
1353050 1665.3
1353060 1664.0
1353070 1662.0
1353080 1662.0
1353090 1659.9
1353100 1655.7
1353110 1655.7
1353120 1652.8
1353130 1649.6
1353140 1649.6
1353150 1646.0
1353160 1641.7
1353170 1641.7
1353180 1639.0
1353190 1637.5
1353200 1637.5
1353210 1636.1
1353220 1635.1
1353230 1635.1
1353240 1634.2
1353250 1633.6
1353260 1632.9
1353270 1632.9
1353280 1632.2
1353290 1630.9
1353300 1630.9
1353310 1629.4
1353320 1627.4
1353330 1627.4
1353340 1624.1
1353350 1620.9
1353360 1620.9
1353370 1618.8
1353380 1616.1
1353390 1616.1
1353400 1613.7
1353410 1611.7
1353420 1611.7
1353430 1609.7
1353440 1608.1
1353450 1608.1
1353460 1605.6
1353470 1603.6
1353480 1603.6
1353490 1601.8
1353500 1600.0
1353510 1599.1
1353520 1599.1
1353530 1597.5
1353540 1596.2
1353550 1596.2
1353560 1595.2
1353570 1593.8
1353580 1593.8
1353590 1592.8
1353600 1590.9
1353610 1590.9
1353620 1588.4
1353630 1585.8
1353640 1585.8
1353650 1584.0
1353660 1582.0
1353670 1582.0
1353680 1578.7
1353690 1575.6
1353700 1575.6
1353710 1575.4
1353720 1572.0
1353730 1572.0
1353740 1568.6
1353750 1565.1
1353760 1563.8
1353770 1563.8
1353780 1561.1
1353790 1558.3
1353800 1558.3
1353810 1555.5
1353820 1552.6
1353830 1552.6
1353840 1549.8
1353850 1546.2
1353860 1546.2
1353870 1540.5
1353880 1534.4
1353890 1534.4
1353900 1528.8
1353910 1523.7
1353920 1523.7
1353930 1518.6
1353940 1515.8
1353950 1515.8
1353960 1510.4
1353970 1504.2
1353980 1504.2
1353990 1500.5
1354000 1496.9
1354010 1491.9
1354020 1491.9
1354030 1486.8
1354040 1483.8
1354050 1483.8
1354060 1480.5
1354070 1474.5
1354080 1474.5
1354090 1473.3
1354100 1471.7
1354110 1471.7
1354120 1469.3
1354130 1465.9
1354140 1465.9
1354150 1463.0
1354160 1460.6
1354170 1460.6
1354180 1458.2
1354190 1455.4
1354200 1455.4
1354210 1453.0
1354220 1449.8
1354230 1449.8
1354240 1446.6
1354250 1444.9
1354260 1442.3
1354270 1442.3
1354280 1438.7
1354290 1434.7
1354300 1434.7
1354310 1430.3
1354320 1425.6
1354330 1425.6
1354340 1419.9
1354350 1414.8
1354360 1414.8
1354370 1407.2
1354380 1402.0
1354390 1402.0
1354400 1397.5
1354410 1392.1
1354420 1392.1
1354430 1383.9
1354440 1377.5
1354450 1377.5
1354460 1371.3
1354470 1364.9
1354480 1364.9
1354490 1356.9
1354500 1350.5
1354510 1346.6
1354520 1346.6
1354530 1342.3
1354540 1337.7
1354550 1337.7
1354560 1333.0
1354570 1327.9
1354580 1327.9
1354590 1323.6
1354600 1318.1
1354610 1318.1
1354620 1311.8
1354630 1306.9
1354640 1306.9
1354650 1302.6
1354660 1298.2
1354670 1298.2
1354680 1293.2
1354690 1287.9
1354700 1287.9
1354710 1282.7
1354720 1277.7
1354730 1277.7
1354740 1272.3
1354750 1266.3
1354760 1261.2
1354770 1261.2
1354780 1257.5
1354790 1252.6
1354800 1252.6
1354810 1249.0
1354820 1244.8
1354830 1244.8
1354840 1241.2
1354850 1236.1
1354860 1236.1
1354870 1230.5
1354880 1224.6
1354890 1224.6
1354900 1214.7
1354910 1207.8
1354920 1207.8
1354930 1204.2
1354940 1198.5
1354950 1198.5
1354960 1190.5
1354970 1181.3
1354980 1181.3
1354990 1172.0
1355000 1165.7
1355010 1159.1
1355020 1159.1
1355030 1155.4
1355040 1152.1
1355050 1152.7
1355060 1147.7
1355070 1141.6
1355080 1141.6
1355090 1136.2
1355100 1131.5
1355110 1131.5
1355120 1128.1
1355130 1124.4
1355140 1124.4
1355150 1123.6
1355160 1127.4
1355170 1127.4
1355180 1131.6
1355190 1133.2
1355200 1133.2
1355210 1133.9
1355220 1136.2
1355230 1136.2
1355240 1139.1
1355250 1142.1
1355260 1143.6
1355270 1143.6
1355280 1144.6
1355290 1146.8
1355300 1146.8
1355310 1149.2
1355320 1148.6
1355330 1148.6
1355340 1146.7
1355350 1144.5
1355360 1144.5
1355370 1142.7
1355380 1141.3
1355390 1141.3
1355400 1140.5
1355410 1140.4
1355420 1140.4
1355430 1140.7
1355440 1140.8
1355450 1140.8
1355460 1140.0
1355470 1138.0
1355480 1138.0
1355490 1134.7
1355500 1127.8
1355510 1121.3
1355520 1121.3
1355530 1116.7
1355540 1112.2
1355550 1112.2
1355560 1107.8
1355570 1103.8
1355580 1103.8
1355590 1101.1
1355600 1098.6
1355610 1098.6
1355620 1095.8
1355630 1093.6
1355640 1093.6
1355650 1092.5
1355660 1090.7
1355670 1090.7
1355680 1090.7
1355690 1088.4
1355700 1088.4
1355710 1084.9
1355720 1078.7
1355730 1078.7
1355740 1073.4
1355750 1070.6
1355760 1067.3
1355770 1067.3
1355780 1065.6
1355790 1064.7
1355800 1064.7
1355810 1064.9
1355820 1064.5
1355830 1064.5
1355840 1062.6
1355850 1059.3
1355860 1059.3
1355870 1056.9
1355880 1055.6
1355890 1055.6
1355900 1055.7
1355910 1055.6
1355920 1055.6
1355930 1054.8
1355940 1052.6
1355950 1052.6
1355960 1050.3
1355970 1047.8
1355980 1047.8
1355990 1046.4
1356000 1043.7
1356010 1041.1
1356020 1041.1
1356030 1040.6
1356040 1035.3
1356050 1035.3
1356060 1035.4
1356070 1034.3
1356080 1034.3
1356090 1031.8
1356100 1030.6
1356110 1030.6
1356120 1028.9
1356130 1027.1
1356140 1027.1
1356150 1025.0
1356160 1023.0
1356170 1023.0
1356180 1022.2
1356190 1021.6
1356200 1021.6
1356210 1021.2
1356220 1019.7
1356230 1019.7
1356240 1017.0
1356250 1014.8
1356260 1012.6
1356270 1012.6
1356280 1011.2
1356290 1009.4
1356300 1009.4
1356310 1007.5
1356320 1006.0
1356330 1006.0
1356340 1004.8
1356350 1003.8
1356360 1003.8
1356370 1002.6
1356380 1000.2
1356390 1000.2
1356400 997.2
1356410 995.8
1356420 995.8
1356430 994.5
1356440 993.0
1356450 993.0
1356460 992.1
1356470 991.8
1356480 991.8
1356490 991.0
1356500 990.2
1356510 989.4
1356520 989.4
1356530 989.4
1356540 988.2
1356550 988.2
1356560 985.4
1356570 982.6
1356580 982.6
1356590 980.0
1356600 977.6
1356610 977.6
1356620 975.8
1356630 974.4
1356640 974.4
1356650 972.5
1356660 970.3
1356670 970.3
1356680 968.0
1356690 966.3
1356700 966.3
1356710 964.1
1356720 962.0
1356730 962.0
1356740 959.8
1356750 958.7
1356760 957.1
1356770 957.1
1356780 955.8
1356790 955.2
1356800 955.2
1356810 954.8
1356820 952.9
1356830 952.9
1356840 951.0
1356850 949.9
1356860 949.9
1356870 949.0
1356880 948.2
1356890 948.2
1356900 947.3
1356910 946.5
1356920 946.5
1356930 945.7
1356940 945.0
1356950 945.0
1356960 944.3
1356970 943.6
1356980 943.6
1356990 942.8
1357000 942.2
1357010 941.7
1357020 941.7
1357030 940.9
1357040 940.1
1357050 940.1
1357060 939.4
1357070 939.0
1357080 939.0
1357090 938.6
1357100 938.3
1357110 938.3
1357120 938.1
1357130 937.7
1357140 937.7
1357150 937.4
1357160 936.9
1357170 936.9
1357180 936.2
1357190 935.3
1357200 935.3
1357210 934.2
1357220 933.1
1357230 933.1
1357240 932.2
1357250 931.4
1357260 931.1
1357270 931.1
1357280 930.7
1357290 930.2
1357300 930.2
1357310 929.9
1357320 929.5
1357330 929.5
1357340 929.4
1357350 929.3
1357360 929.3
1357370 929.2
1357380 929.2
1357390 929.2
1357400 928.7
1357410 928.3
1357420 928.3
1357430 928.9
1357440 929.3
1357450 929.3
1357460 926.5
1357470 924.4
1357480 924.4
1357490 925.1
1357500 927.1
1357510 927.6
1357520 927.6
1357530 927.5
1357540 928.2
1357550 928.2
1357560 929.2
1357570 930.0
1357580 930.0
1357590 931.3
1357600 933.2
1357610 933.2
1357620 936.6
1357630 940.0
1357640 940.0
1357650 939.9
1357660 944.1
1357670 944.1
1357680 947.3
1357690 949.1
1357700 949.1
1357710 950.0
1357720 950.9
1357730 950.9
1357740 951.9
1357750 953.3
1357760 954.4
1357770 954.4
1357780 954.9
1357790 956.0
1357800 956.0
1357810 957.6
1357820 959.2
1357830 959.2
1357840 960.5
1357850 961.8
1357860 961.8
1357870 963.5
1357880 965.1
1357890 965.1
1357900 966.3
1357910 967.4
1357920 967.4
1357930 968.8
1357940 970.0
1357950 970.0
1357960 971.3
1357970 972.9
1357980 972.9
1357990 974.4
1358000 976.1
1358010 979.0
1358020 979.0
1358030 983.7
1358040 985.3
1358050 985.3
1358060 985.9
1358070 986.3
1358080 986.3
1358090 989.3
1358100 990.4
1358110 990.4
1358120 990.5
1358130 991.0
1358140 991.0
1358150 992.9
1358160 993.3
1358170 993.3
1358180 994.0
1358190 994.3
1358200 994.3
1358210 996.1
1358220 996.9
1358230 996.9
1358240 997.9
1358250 1000.0
1358260 1001.9
1358270 1001.9
1358280 1002.5
1358290 1002.4
1358300 1002.4
1358310 1002.3
1358320 1002.1
1358330 1002.1
1358340 1002.5
1358350 1004.7
1358360 1004.7
1358370 1007.8
1358380 1010.8
1358390 1010.8
1358400 1014.2
1358410 1018.0
1358420 1018.0
1358430 1022.6
1358440 1027.6
1358450 1027.6
1358460 1032.3
1358470 1037.2
1358480 1037.2
1358490 1042.7
1358500 1048.2
1358510 1053.6
1358520 1053.6
1358530 1059.2
1358540 1065.3
1358550 1065.3
1358560 1071.3
1358570 1077.4
1358580 1077.4
1358590 1083.4
1358600 1088.0
1358610 1088.0
1358620 1090.9
1358630 1095.1
1358640 1095.1
1358650 1100.1
1358660 1105.5
1358670 1105.5
1358680 1111.8
1358690 1118.1
1358700 1118.1
1358710 1124.5
1358720 1133.9
1358730 1133.9
1358740 1143.4
1358750 1141.4
1358760 1139.7
1358770 1139.7
1358780 1139.3
1358790 1136.9
1358800 1136.9
1358810 1137.2
1358820 1136.1
1358830 1136.1
1358840 1134.8
1358850 1131.8
1358860 1131.8
1358870 1128.3
1358880 1126.9
1358890 1126.9
1358900 1125.5
1358910 1121.7
1358920 1121.7
1358930 1122.6
1358940 1124.1
1358950 1124.1
1358960 1124.8
1358970 1125.6
1358980 1125.6
1358990 1128.3
1359000 1129.2
1359010 1128.7
1359020 1128.7
1359030 1128.0
1359040 1137.3
1359050 1137.3
1359060 1136.7
1359070 1137.6
1359080 1137.6
1359090 1138.7
1359100 1142.3
1359110 1142.3
1359120 1145.2
1359130 1150.5
1359140 1150.5
1359150 1156.8
1359160 1162.4
1359170 1162.4
1359180 1167.4
1359190 1172.1
1359200 1172.1
1359210 1177.0
1359220 1181.6
1359230 1181.6
1359240 1185.6
1359250 1190.5
1359260 1197.1
1359270 1197.1
1359280 1203.3
1359290 1209.2
1359300 1209.2
1359310 1214.9
1359320 1220.5
1359330 1220.5
1359340 1225.7
1359350 1231.8
1359360 1231.8
1359370 1238.0
1359380 1242.9
1359390 1242.9
1359400 1246.3
1359410 1249.5
1359420 1249.5
1359430 1252.2
1359440 1255.0
1359450 1255.0
1359460 1259.8
1359470 1264.6
1359480 1264.6
1359490 1269.1
1359500 1273.3
1359510 1279.5
1359520 1279.5
1359530 1285.8
1359540 1290.6
1359550 1290.6
1359560 1296.0
1359570 1301.9
1359580 1301.9
1359590 1306.9
1359600 1310.9
1359610 1310.9
1359620 1314.8
1359630 1318.9
1359640 1318.9
1359650 1323.8
1359660 1328.9
1359670 1328.9
1359680 1335.4
1359690 1341.6
1359700 1341.6
1359710 1343.4
1359720 1344.9
1359730 1344.9
1359740 1345.8
1359750 1347.8
1359760 1352.6
1359770 1352.6
1359780 1356.4
1359790 1360.5
1359800 1360.5
1359810 1364.8
1359820 1368.0
1359830 1368.0
1359840 1371.7
1359850 1375.7
1359860 1375.7
1359870 1378.4
1359880 1382.5
1359890 1382.5
1359900 1385.5
1359910 1388.3
1359920 1388.3
1359930 1391.0
1359940 1394.3
1359950 1394.3
1359960 1398.9
1359970 1404.6
1359980 1404.6
1359990 1410.8
