1340000 1387.7
1340010 1387.7
1340020 1383.6
1340030 1380.0
1340040 1380.0
1340050 1377.0
1340060 1373.1
1340070 1373.1
1340080 1368.5
1340090 1363.1
1340100 1363.1
1340110 1359.4
1340120 1357.0
1340130 1351.7
1340140 1351.7
1340150 1348.5
1340160 1347.3
1340170 1347.3
1340180 1341.3
1340190 1337.1
1340200 1337.1
1340210 1339.1
1340220 1339.3
1340230 1339.3
1340240 1339.0
1340250 1338.1
1340260 1338.1
1340270 1337.7
1340280 1337.3
1340290 1337.3
1340300 1336.8
1340310 1335.3
1340320 1335.3
1340330 1333.4
1340340 1331.7
1340350 1331.7
1340360 1329.4
1340370 1326.0
1340380 1322.7
1340390 1322.7
1340400 1321.8
1340410 1322.7
1340420 1322.7
1340430 1323.4
1340440 1323.6
1340450 1323.6
1340460 1324.1
1340470 1324.6
1340480 1324.6
1340490 1323.9
1340500 1322.7
1340510 1322.7
1340520 1322.0
1340530 1320.9
1340540 1320.9
1340550 1319.6
1340560 1317.3
1340570 1313.0
1340580 1311.2
1340590 1309.0
1340600 1309.0
1340610 1304.4
1340620 1300.4
1340630 1299.5
1340640 1299.5
1340650 1304.3
1340660 1307.0
1340670 1307.0
1340680 1305.9
1340690 1304.3
1340700 1304.3
1340710 1302.1
1340720 1299.6
1340730 1299.6
1340740 1298.2
1340750 1296.5
1340760 1296.5
1340770 1293.0
1340780 1289.1
1340790 1289.1
1340800 1285.4
1340810 1282.4
1340820 1282.4
1340830 1280.0
1340840 1278.1
1340850 1278.1
1340860 1276.1
1340870 1274.5
1340880 1272.8
1340890 1272.8
1340900 1271.0
1340910 1269.2
1340920 1269.2
1340930 1268.1
1340940 1267.0
1340950 1267.0
1340960 1262.8
1340970 1258.2
1340980 1258.2
1340990 1259.4
1341000 1258.9
1341010 1258.9
1341020 1257.7
1341030 1257.4
1341040 1257.4
1341050 1257.1
1341060 1256.9
1341070 1256.9
1341080 1256.9
1341090 1257.0
1341100 1257.0
1341110 1257.1
1341120 1257.0
1341130 1257.0
1341140 1257.0
1341150 1256.6
1341160 1256.3
1341170 1256.3
1341180 1255.8
1341190 1255.1
1341200 1255.1
1341210 1254.3
1341220 1254.3
1341230 1254.3
1341240 1254.4
1341250 1255.6
1341260 1255.6
1341270 1255.6
1341280 1255.8
1341290 1255.8
1341300 1255.6
1341310 1255.2
1341320 1255.2
1341330 1255.0
1341340 1255.2
1341350 1255.2
1341360 1255.5
1341370 1255.7
1341380 1256.0
1341390 1256.0
1341400 1256.2
1341410 1256.4
1341420 1256.4
1341430 1257.0
1341440 1257.6
1341450 1257.6
1341460 1255.9
1341470 1257.2
1341480 1257.2
1341490 1258.1
1341500 1257.9
1341510 1257.9
1341520 1257.8
1341530 1257.7
1341540 1257.7
1341550 1257.6
1341560 1258.7
1341570 1258.7
1341580 1260.0
1341590 1259.4
1341600 1259.4
1341610 1258.0
1341620 1257.6
1341630 1257.6
1341640 1257.6
1341650 1257.6
1341660 1257.7
1341670 1257.7
1341680 1257.9
1341690 1258.1
1341700 1258.1
1341710 1258.3
1341720 1258.8
1341730 1258.8
1341740 1259.5
1341750 1259.9
1341760 1259.9
1341770 1260.2
1341780 1260.3
1341790 1260.3
1341800 1260.4
1341810 1260.5
1341820 1260.5
1341830 1261.1
1341840 1262.9
1341850 1262.9
1341860 1266.3
1341870 1270.1
1341880 1270.1
1341890 1273.9
1341900 1277.9
1341910 1282.0
1341920 1282.0
1341930 1286.8
1341940 1291.2
1341950 1291.2
1341960 1296.0
1341970 1301.0
1341980 1301.0
1341990 1305.8
1342000 1309.7
1342010 1309.7
1342020 1313.2
1342030 1316.6
1342040 1316.6
1342050 1322.1
1342060 1328.0
1342070 1328.0
1342080 1332.8
1342090 1337.4
1342100 1337.4
1342110 1341.6
1342120 1345.7
1342130 1345.7
1342140 1350.2
1342150 1354.5
1342160 1358.5
1342170 1358.5
1342180 1362.7
1342190 1366.8
1342200 1366.8
1342210 1370.5
1342220 1374.9
1342230 1374.9
1342240 1379.3
1342250 1383.7
1342260 1383.7
1342270 1387.2
1342280 1391.4
1342290 1391.4
1342300 1397.2
1342310 1404.1
1342320 1404.1
1342330 1411.4
1342340 1418.2
1342350 1419.6
1342360 1426.3
1342370 1432.4
1342380 1432.4
1342390 1438.0
1342400 1443.3
1342410 1448.8
1342420 1448.8
1342430 1455.4
1342440 1460.3
1342450 1460.3
1342460 1465.5
1342470 1472.0
1342480 1472.0
1342490 1478.9
1342500 1485.0
1342510 1485.0
1342520 1491.3
1342530 1498.5
1342540 1498.5
1342550 1505.7
1342560 1511.9
1342570 1511.9
1342580 1515.6
1342590 1517.3
1342600 1517.3
1342610 1517.8
1342620 1517.9
1342630 1517.9
1342640 1519.0
1342650 1519.5
1342660 1520.3
1342670 1520.3
1342680 1521.5
1342690 1524.2
1342700 1524.2
1342710 1526.3
1342720 1526.6
1342730 1526.6
1342740 1528.2
1342750 1529.8
1342760 1529.8
1342770 1530.8
1342780 1532.9
1342790 1532.9
1342800 1535.8
1342810 1537.4
1342820 1537.4
1342830 1538.7
1342840 1539.0
1342850 1539.0
1342860 1540.6
1342870 1542.6
1342880 1542.6
1342890 1545.3
1342900 1548.9
1342910 1553.7
1342920 1553.7
1342930 1558.7
1342940 1563.2
1342950 1563.2
1342960 1568.8
1342970 1576.1
1342980 1576.1
1342990 1582.3
1343000 1586.0
1343010 1586.0
1343020 1591.5
1343030 1599.7
1343040 1599.7
1343050 1606.0
1343060 1608.4
1343070 1608.4
1343080 1611.2
1343090 1614.2
1343100 1614.2
1343110 1617.6
1343120 1620.6
1343130 1620.6
1343140 1622.4
1343150 1623.3
1343160 1624.2
1343170 1624.2
1343180 1624.9
1343190 1626.6
1343200 1626.6
1343210 1629.5
1343220 1631.4
1343230 1631.4
1343240 1629.7
1343250 1628.9
1343260 1628.9
1343270 1625.3
1343280 1623.4
1343290 1623.4
1343300 1621.6
1343310 1619.4
1343320 1619.4
1343330 1618.1
1343340 1619.3
1343350 1619.3
1343360 1622.7
1343370 1625.3
1343380 1625.3
1343390 1626.8
1343400 1628.2
1343410 1629.1
1343420 1629.1
1343430 1629.1
1343440 1629.2
1343450 1629.2
1343460 1628.3
1343470 1627.1
1343480 1627.1
1343490 1626.0
1343500 1624.8
1343510 1624.8
1343520 1624.8
1343530 1625.5
1343540 1625.5
1343550 1626.2
1343560 1627.1
1343570 1627.1
1343580 1628.7
1343590 1629.7
1343600 1629.7
1343610 1630.7
1343620 1631.1
1343630 1631.1
1343640 1630.0
1343650 1628.5
1343660 1627.1
1343670 1627.1
1343680 1625.3
1343690 1624.0
1343700 1624.0
1343710 1623.7
1343720 1622.6
1343730 1622.6
1343740 1621.1
1343750 1619.7
1343760 1619.7
1343770 1618.6
1343780 1618.5
1343790 1618.5
1343800 1618.9
1343810 1618.7
1343820 1618.7
1343830 1617.9
1343840 1615.9
1343850 1615.9
1343860 1612.9
1343870 1610.3
1343880 1610.3
1343890 1609.5
1343900 1611.4
1343910 1612.2
1343920 1612.2
1343930 1611.7
1343940 1611.7
1343950 1611.7
1343960 1611.9
1343970 1611.6
1343980 1611.6
1343990 1611.8
1344000 1614.0
1344010 1614.0
1344020 1614.4
1344030 1613.6
1344040 1613.6
1344050 1613.3
1344060 1613.9
1344070 1613.9
1344080 1614.0
1344090 1612.7
1344100 1612.7
1344110 1612.1
1344120 1611.6
1344130 1611.6
1344140 1612.2
1344150 1620.3
1344160 1622.6
1344170 1622.6
1344180 1623.6
1344190 1623.9
1344200 1623.9
1344210 1624.3
1344220 1625.5
1344230 1625.5
1344240 1627.2
1344250 1629.3
1344260 1629.3
1344270 1632.4
1344280 1636.0
1344290 1636.0
1344300 1638.6
1344310 1639.0
1344320 1639.0
1344330 1639.1
1344340 1640.0
1344350 1640.0
1344360 1640.7
1344370 1641.1
1344380 1641.1
1344390 1640.7
1344400 1640.9
1344410 1641.3
1344420 1641.3
1344430 1642.3
1344440 1643.4
1344450 1643.4
1344460 1644.6
1344470 1645.7
1344480 1645.7
1344490 1646.9
1344500 1648.6
1344510 1648.6
1344520 1650.4
1344530 1652.1
1344540 1652.1
1344550 1654.3
1344560 1656.7
1344570 1656.7
1344580 1657.7
1344590 1657.5
1344600 1657.5
1344610 1657.6
1344620 1658.8
1344630 1658.8
1344640 1660.7
1344650 1663.0
1344660 1664.3
1344670 1664.3
1344680 1664.9
1344690 1665.2
1344700 1665.2
1344710 1665.4
1344720 1666.1
1344730 1666.1
1344740 1667.0
1344750 1667.9
1344760 1667.9
1344770 1669.7
1344780 1671.4
1344790 1671.4
1344800 1673.2
1344810 1675.2
1344820 1675.2
1344830 1676.1
1344840 1677.2
1344850 1677.2
1344860 1678.0
1344870 1678.6
1344880 1678.6
1344890 1678.6
1344900 1678.7
1344910 1678.6
1344920 1678.6
1344930 1677.2
1344940 1675.1
1344950 1675.1
1344960 1674.3
1344970 1673.7
1344980 1673.7
1344990 1673.7
1345000 1673.6
1345010 1673.6
1345020 1672.6
1345030 1671.9
1345040 1671.9
1345050 1671.7
1345060 1676.0
1345070 1676.0
1345080 1675.9
1345090 1675.2
1345100 1675.2
1345110 1674.9
1345120 1674.1
1345130 1674.1
1345140 1673.7
1345150 1674.0
1345160 1674.9
1345170 1674.9
1345180 1676.7
1345190 1678.1
1345200 1678.1
1345210 1678.4
1345220 1678.1
1345230 1678.1
1345240 1677.0
1345250 1676.1
1345260 1676.1
1345270 1675.2
1345280 1674.5
1345290 1674.5
1345300 1674.2
1345310 1674.2
1345320 1674.2
1345330 1674.8
1345340 1675.6
1345350 1675.6
1345360 1676.7
1345370 1678.3
1345380 1678.3
1345390 1678.5
1345400 1678.2
1345410 1678.9
1345420 1678.9
1345430 1679.9
1345440 1680.6
1345450 1680.6
1345460 1681.0
1345470 1680.5
1345480 1680.5
1345490 1680.4
1345500 1679.1
1345510 1679.1
1345520 1678.1
1345530 1676.3
1345540 1676.3
1345550 1672.7
1345560 1668.4
1345570 1668.4
1345580 1665.2
1345590 1663.6
1345600 1663.6
1345610 1656.8
1345620 1642.6
1345630 1642.6
1345640 1630.0
1345650 1640.3
1345660 1650.2
1345670 1650.2
1345680 1656.2
1345690 1661.8
1345700 1661.8
1345710 1665.9
1345720 1670.4
1345730 1670.4
1345740 1672.9
1345750 1675.0
1345760 1675.0
1345770 1677.9
1345780 1681.1
1345790 1681.1
1345800 1684.3
1345810 1688.4
1345820 1688.4
1345830 1692.3
1345840 1696.2
1345850 1696.2
1345860 1699.3
1345870 1701.7
1345880 1701.7
1345890 1704.4
1345900 1706.9
1345910 1709.1
1345920 1709.1
1345930 1711.4
1345940 1713.0
1345950 1713.0
1345960 1713.9
1345970 1714.9
1345980 1716.7
1345990 1717.4
1346000 1718.4
1346010 1718.4
1346020 1719.4
1346030 1720.8
1346040 1720.8
1346050 1722.1
1346060 1723.1
1346070 1723.1
1346080 1723.8
1346090 1723.9
1346100 1723.9
1346110 1723.7
1346120 1724.8
1346130 1724.8
1346140 1725.9
1346150 1726.7
1346160 1727.7
1346170 1727.7
1346180 1728.1
1346190 1728.6
1346200 1728.6
1346210 1727.3
1346220 1723.6
1346230 1723.6
1346240 1718.9
1346250 1712.3
1346260 1712.3
1346270 1708.7
1346280 1706.7
1346290 1706.7
1346300 1702.4
1346310 1693.2
1346320 1693.2
1346330 1689.8
1346340 1690.1
1346350 1690.1
1346360 1690.1
1346370 1692.7
1346380 1692.7
1346390 1693.9
1346400 1692.6
1346410 1691.0
1346420 1691.0
1346430 1689.1
1346440 1685.5
1346450 1685.5
1346460 1681.1
1346470 1678.3
1346480 1678.3
1346490 1675.4
1346500 1672.2
1346510 1672.2
1346520 1669.2
1346530 1667.4
1346540 1667.4
1346550 1667.7
1346560 1668.3
1346570 1668.3
1346580 1669.0
1346590 1669.2
1346600 1669.2
1346610 1668.2
1346620 1666.1
1346630 1666.1
1346640 1663.2
1346650 1661.0
1346660 1659.9
1346670 1659.9
1346680 1659.5
1346690 1658.7
1346700 1658.7
1346710 1654.8
1346720 1649.4
1346730 1649.4
1346740 1644.9
1346750 1641.8
1346760 1641.8
1346770 1639.8
1346780 1637.7
1346790 1637.7
1346800 1634.0
1346810 1630.7
1346820 1630.7
1346830 1627.1
1346840 1624.5
1346850 1624.5
1346860 1622.0
1346870 1619.9
1346880 1619.9
1346890 1618.4
1346900 1619.5
1346910 1616.7
1346920 1616.7
1346930 1615.7
1346940 1614.5
1346950 1614.5
1346960 1612.4
1346970 1609.8
1346980 1609.8
1346990 1606.1
1347000 1601.2
1347010 1601.2
1347020 1596.7
1347030 1593.0
1347040 1593.0
1347050 1589.3
1347060 1587.3
1347070 1587.3
1347080 1585.5
1347090 1584.4
1347100 1584.4
1347110 1583.7
1347120 1583.4
1347130 1583.4
1347140 1581.4
1347150 1576.5
1347160 1570.9
1347170 1570.9
1347180 1566.2
1347190 1560.5
1347200 1560.5
1347210 1554.2
1347220 1547.5
1347230 1547.5
1347240 1542.2
1347250 1535.2
1347260 1535.2
1347270 1530.1
1347280 1525.5
1347290 1525.5
1347300 1520.9
1347310 1515.4
1347320 1515.4
1347330 1509.5
1347340 1505.6
1347350 1505.6
1347360 1502.5
1347370 1498.3
1347380 1498.3
1347390 1492.8
1347400 1486.7
1347410 1480.7
1347420 1480.7
1347430 1475.1
1347440 1470.5
1347450 1470.5
1347460 1465.9
1347470 1460.3
1347480 1460.3
1347490 1454.3
1347500 1448.2
1347510 1448.2
1347520 1442.4
1347530 1436.9
1347540 1436.9
1347550 1430.5
1347560 1425.5
1347570 1425.5
1347580 1420.7
1347590 1416.4
1347600 1416.4
1347610 1412.2
1347620 1407.1
1347630 1407.1
1347640 1402.1
1347650 1400.5
1347660 1400.5
1347670 1400.5
1347680 1400.5
1347690 1400.5
1347700 1400.5
1347710 1400.5
1347720 1400.5
1347730 1400.5
1347740 1400.5
1347750 1400.5
1347760 1400.5
1347770 1400.5
1347780 1400.5
1347790 1400.5
1347800 1400.5
1347810 1400.5
1347820 1400.5
1347830 1400.5
1347840 1400.5
1347850 1400.5
1347860 1400.5
1347870 1400.5
1347880 1400.5
1347890 1400.5
1347900 1400.5
1347910 1400.5
1347920 1400.5
1347930 1400.5
1347940 1400.5
1347950 1400.5
1347960 1400.5
1347970 1400.5
1347980 1400.5
1347990 1400.5
1348000 1400.5
1348010 1400.5
1348020 1400.5
1348030 1400.5
1348040 1400.5
1348050 1400.5
1348060 1400.5
1348070 1400.5
1348080 1400.5
1348090 1400.5
1348100 1400.5
1348110 1400.5
1348120 1400.5
1348130 1400.5
1348140 1400.5
1348150 1400.5
1348160 1400.5
1348170 1400.5
1348180 1400.5
1348190 1400.5
1348200 1400.5
1348210 1400.5
1348220 1400.5
1348230 1400.5
1348240 1400.5
1348250 1400.5
1348260 1400.5
1348270 1400.5
1348280 1400.5
1348290 1400.5
1348300 1400.5
1348310 1400.5
1348320 1400.5
1348330 1400.5
1348340 1400.5
1348350 1400.5
1348360 1400.5
1348370 1400.5
1348380 1400.5
1348390 1400.5
1348400 1400.5
1348410 1400.6
1348420 1400.6
1348430 1402.9
1348440 1410.2
1348450 1410.2
1348460 1418.3
1348470 1424.6
1348480 1424.6
1348490 1430.6
1348500 1436.5
1348510 1436.5
1348520 1442.1
1348530 1448.0
1348540 1448.0
1348550 1452.1
1348560 1455.9
1348570 1455.9
1348580 1460.3
1348590 1464.9
1348600 1464.9
1348610 1469.3
1348620 1472.4
1348630 1472.4
1348640 1472.2
1348650 1471.4
1348660 1477.8
1348670 1477.8
1348680 1486.8
1348690 1493.7
1348700 1493.7
1348710 1502.2
1348720 1506.8
1348730 1506.8
1348740 1508.5
1348750 1512.6
1348760 1515.0
1348770 1523.7
1348780 1532.2
1348790 1532.2
1348800 1540.1
1348810 1549.3
1348820 1549.3
1348830 1559.6
1348840 1569.0
1348850 1569.0
1348860 1577.1
1348870 1584.9
1348880 1584.9
1348890 1592.9
1348900 1600.9
1348910 1608.8
1348920 1608.8
1348930 1615.2
1348940 1621.7
1348950 1621.7
1348960 1628.2
1348970 1633.9
1348980 1633.9
1348990 1639.3
1349000 1646.6
1349010 1646.6
1349020 1653.1
1349030 1658.9
1349040 1658.9
1349050 1664.4
1349060 1669.9
1349070 1669.9
1349080 1675.9
1349090 1681.5
1349100 1681.5
1349110 1687.4
1349120 1693.4
1349130 1693.4
1349140 1699.9
1349150 1705.3
1349160 1710.6
1349170 1710.6
1349180 1715.8
1349190 1720.9
1349200 1720.9
1349210 1725.9
1349220 1731.2
1349230 1731.2
1349240 1736.2
1349250 1741.3
1349260 1741.3
1349270 1745.9
1349280 1750.5
1349290 1750.5
1349300 1755.1
1349310 1759.5
1349320 1759.5
1349330 1763.6
1349340 1766.9
1349350 1766.9
1349360 1769.9
1349370 1773.4
1349380 1773.4
1349390 1777.3
1349400 1780.6
1349410 1783.2
1349420 1783.2
1349430 1785.8
1349440 1788.5
1349450 1788.5
1349460 1791.4
1349470 1794.1
1349480 1794.1
1349490 1796.6
1349500 1799.8
1349510 1799.8
1349520 1803.3
1349530 1806.5
1349540 1806.5
1349550 1809.0
1349560 1811.3
1349570 1811.3
1349580 1813.6
1349590 1815.8
1349600 1815.8
1349610 1818.2
1349620 1820.7
1349630 1820.7
1349640 1823.0
1349650 1826.0
1349660 1828.2
1349670 1828.2
1349680 1830.2
1349690 1832.2
1349700 1833.8
1349710 1835.3
1349720 1836.8
1349730 1836.8
1349740 1837.9
1349750 1838.9
1349760 1838.9
1349770 1840.5
1349780 1842.0
1349790 1842.0
1349800 1843.0
1349810 1844.3
1349820 1844.3
1349830 1845.9
1349840 1847.2
1349850 1847.2
1349860 1848.4
1349870 1849.7
1349880 1849.7
1349890 1850.8
1349900 1852.5
1349910 1854.1
1349920 1854.1
1349930 1855.9
1349940 1857.4
1349950 1857.4
1349960 1858.3
1349970 1859.0
1349980 1859.0
1349990 1859.5
1350000 1860.6
1350010 1860.6
1350020 1861.8
1350030 1862.8
1350040 1862.8
1350050 1863.8
1350060 1865.0
1350070 1865.0
1350080 1866.3
1350090 1867.2
1350100 1867.2
1350110 1867.9
1350120 1868.7
1350130 1868.7
1350140 1869.5
1350150 1870.0
1350160 1870.3
1350170 1870.3
1350180 1870.9
1350190 1870.9
1350200 1870.9
1350210 1870.9
1350220 1870.9
1350230 1870.9
1350240 1871.8
1350250 1873.2
1350260 1873.2
1350270 1875.0
1350280 1876.9
1350290 1876.9
1350300 1878.2
1350310 1879.0
1350320 1879.0
1350330 1879.6
1350340 1880.2
1350350 1880.2
1350360 1880.5
1350370 1880.9
1350380 1880.9
1350390 1881.3
1350400 1881.8
1350410 1882.8
1350420 1882.8
1350430 1883.5
1350440 1883.9
1350450 1883.9
1350460 1883.7
1350470 1882.9
1350480 1882.9
1350490 1883.0
1350500 1883.3
1350510 1883.3
1350520 1883.7
1350530 1884.4
1350540 1884.4
1350550 1885.1
1350560 1885.5
1350570 1885.5
1350580 1885.9
1350590 1886.1
1350600 1886.1
1350610 1886.1
1350620 1886.1
1350630 1886.1
1350640 1886.1
1350650 1889.2
1350660 1889.2
1350670 1889.2
1350680 1889.6
1350690 1889.9
1350700 1889.9
1350710 1890.3
1350720 1890.5
1350730 1890.5
1350740 1890.3
1350750 1889.9
1350760 1889.9
1350770 1889.1
1350780 1888.7
1350790 1888.7
1350800 1888.4
1350810 1888.4
1350820 1888.4
1350830 1888.3
1350840 1887.9
1350850 1887.9
1350860 1887.2
1350870 1886.2
1350880 1886.2
1350890 1885.2
1350900 1884.1
1350910 1883.0
1350920 1883.0
1350930 1881.9
1350940 1881.1
1350950 1881.1
1350960 1880.6
1350970 1880.9
1350980 1880.9
1350990 1880.9
1351000 1880.8
1351010 1880.8
1351020 1880.7
1351030 1879.9
1351040 1879.9
1351050 1879.3
1351060 1878.9
1351070 1878.9
1351080 1878.9
1351090 1878.2
1351100 1878.2
1351110 1876.6
1351120 1875.6
1351130 1875.6
1351140 1874.8
1351150 1875.1
1351160 1875.0
1351170 1875.0
1351180 1873.4
1351190 1873.9
1351200 1873.9
1351210 1873.7
1351220 1872.9
1351230 1872.9
1351240 1871.7
1351250 1870.0
1351260 1870.0
1351270 1868.0
1351280 1866.6
1351290 1866.6
1351300 1865.3
1351310 1864.3
1351320 1864.3
1351330 1864.0
1351340 1864.0
1351350 1864.0
1351360 1863.2
1351370 1860.6
1351380 1860.6
1351390 1860.9
1351400 1860.0
1351410 1860.0
1351420 1860.0
1351430 1859.3
1351440 1859.5
1351450 1859.5
1351460 1858.4
1351470 1857.0
1351480 1857.0
1351490 1854.6
1351500 1853.4
1351510 1853.4
1351520 1850.3
1351530 1850.1
1351540 1850.1
1351550 1850.2
1351560 1849.4
1351570 1849.4
1351580 1848.9
1351590 1848.6
1351600 1850.1
1351610 1848.6
1351620 1847.4
1351630 1847.4
1351640 1845.7
1351650 1844.4
1351660 1843.7
1351670 1843.7
1351680 1840.9
1351690 1840.4
1351700 1840.4
1351710 1839.4
1351720 1838.2
1351730 1838.2
1351740 1837.2
1351750 1835.8
1351760 1835.8
1351770 1834.6
1351780 1833.5
1351790 1833.5
1351800 1832.4
1351810 1831.3
1351820 1831.3
1351830 1829.8
1351840 1828.9
1351850 1828.9
1351860 1828.0
1351870 1827.0
1351880 1827.0
1351890 1825.7
1351900 1823.8
1351910 1822.4
1351920 1822.4
1351930 1821.3
1351940 1820.2
1351950 1820.2
1351960 1818.3
1351970 1816.5
1351980 1816.5
1351990 1815.1
1352000 1814.0
1352010 1814.0
1352020 1812.8
1352030 1811.4
1352040 1811.4
1352050 1809.7
1352060 1808.2
1352070 1808.2
1352080 1806.9
1352090 1805.4
1352100 1805.4
1352110 1803.5
1352120 1800.3
1352130 1800.3
1352140 1799.5
1352150 1797.9
1352160 1797.3
1352170 1797.3
1352180 1796.5
1352190 1795.3
1352200 1795.3
1352210 1793.4
1352220 1791.4
1352230 1791.4
1352240 1789.9
1352250 1788.2
1352260 1788.2
1352270 1785.9
1352280 1783.9
1352290 1783.9
1352300 1782.2
1352310 1780.5
1352320 1780.5
1352330 1778.0
1352340 1776.3
1352350 1776.3
1352360 1774.8
1352370 1772.6
1352380 1772.6
1352390 1770.4
1352400 1768.0
1352410 1766.2
1352420 1766.2
1352430 1764.7
1352440 1763.5
1352450 1763.5
1352460 1762.6
1352470 1761.5
1352480 1761.5
1352490 1760.0
1352500 1758.1
1352510 1758.1
1352520 1756.0
1352530 1752.5
1352540 1752.5
1352550 1748.7
1352560 1746.8
1352570 1746.8
1352580 1743.1
1352590 1740.1
1352600 1740.1
1352610 1738.5
1352620 1737.5
1352630 1737.5
1352640 1737.0
1352650 1735.3
1352660 1733.9
1352670 1733.9
1352680 1731.8
1352690 1727.8
1352700 1727.8
1352710 1722.0
1352720 1718.1
1352730 1718.1
1352740 1716.4
1352750 1715.3
1352760 1715.3
1352770 1711.8
1352780 1706.7
1352790 1706.7
1352800 1699.9
1352810 1691.8
1352820 1691.8
1352830 1686.3
1352840 1684.4
1352850 1684.4
1352860 1681.6
1352870 1678.8
1352880 1678.8
1352890 1674.7
1352900 1668.4
1352910 1664.1
1352920 1664.1
1352930 1660.7
1352940 1660.0
1352950 1660.0
1352960 1660.7
1352970 1663.8
1352980 1663.8
1352990 1662.5
1353000 1659.1
1353010 1659.1
1353020 1656.0
1353030 1655.6
1353040 1655.6
1353050 1655.1
1353060 1655.4
1353070 1655.4
1353080 1656.9
1353090 1657.6
1353100 1657.6
1353110 1655.1
1353120 1651.0
1353130 1651.0
1353140 1647.5
1353150 1644.5
1353160 1641.8
1353170 1641.8
1353180 1639.3
1353190 1636.9
1353200 1636.9
1353210 1634.1
1353220 1632.1
1353230 1632.1
1353240 1629.8
1353250 1625.4
1353260 1625.4
1353270 1620.4
1353280 1615.9
1353290 1615.9
1353300 1612.1
1353310 1608.3
1353320 1608.3
1353330 1605.1
1353340 1601.6
1353350 1601.6
1353360 1597.4
1353370 1594.6
1353380 1594.6
1353390 1593.1
1353400 1591.4
1353410 1590.1
1353420 1590.1
1353430 1588.7
1353440 1586.9
1353450 1586.9
1353460 1585.8
1353470 1586.1
1353480 1586.1
1353490 1586.9
1353500 1585.1
1353510 1585.1
1353520 1579.7
1353530 1572.9
1353540 1572.9
1353550 1571.5
1353560 1570.7
1353570 1570.7
1353580 1568.9
1353590 1566.6
1353600 1566.6
1353610 1564.5
1353620 1563.6
1353630 1563.6
1353640 1561.7
1353650 1559.3
1353660 1556.1
1353670 1556.1
1353680 1553.3
1353690 1550.3
1353700 1550.3
1353710 1547.7
1353720 1545.2
1353730 1545.2
1353740 1541.8
1353750 1537.4
1353760 1537.4
1353770 1533.5
1353780 1530.3
1353790 1530.3
1353800 1528.1
1353810 1525.8
1353820 1525.8
1353830 1522.2
1353840 1520.2
1353850 1520.2
1353860 1516.5
1353870 1511.5
1353880 1511.5
1353890 1505.5
1353900 1500.4
1353910 1496.4
1353920 1496.4
1353930 1491.7
1353940 1487.6
1353950 1487.6
1353960 1484.2
1353970 1480.0
1353980 1480.0
1353990 1475.9
1354000 1473.0
1354010 1473.0
1354020 1471.4
1354030 1469.9
1354040 1469.9
1354050 1468.5
1354060 1465.8
1354070 1465.8
1354080 1461.9
1354090 1457.3
1354100 1457.3
1354110 1451.8
1354120 1446.7
1354130 1446.7
1354140 1441.6
1354150 1437.6
1354160 1434.1
1354170 1434.1
1354180 1430.1
1354190 1426.4
1354200 1426.4
1354210 1422.4
1354220 1418.4
1354230 1418.4
1354240 1415.9
1354250 1414.0
1354260 1414.0
1354270 1410.5
1354280 1403.8
1354290 1403.8
1354300 1397.7
1354310 1393.9
1354320 1393.9
1354330 1391.3
1354340 1386.5
1354350 1386.5
1354360 1380.5
1354370 1373.0
1354380 1373.0
1354390 1364.2
1354400 1356.8
1354410 1351.4
1354420 1351.4
1354430 1348.2
1354440 1346.4
1354450 1346.4
1354460 1343.4
1354470 1339.4
1354480 1339.4
1354490 1335.7
1354500 1331.7
1354510 1330.3
1354520 1325.5
1354530 1320.0
1354540 1320.0
1354550 1314.7
1354560 1310.3
1354570 1310.3
1354580 1306.2
1354590 1302.2
1354600 1302.2
1354610 1299.1
1354620 1296.5
1354630 1296.5
1354640 1293.3
1354650 1288.8
1354660 1283.7
1354670 1283.7
1354680 1279.6
1354690 1276.1
1354700 1276.1
1354710 1271.9
1354720 1267.6
1354730 1267.6
1354740 1264.7
1354750 1260.1
1354760 1260.1
1354770 1256.3
1354780 1253.3
1354790 1253.3
1354800 1250.9
1354810 1248.3
1354820 1248.3
1354830 1246.4
1354840 1244.9
1354850 1244.9
1354860 1243.6
1354870 1243.1
1354880 1243.1
1354890 1241.3
1354900 1238.9
1354910 1235.5
1354920 1235.5
1354930 1230.3
1354940 1225.8
1354950 1225.8
1354960 1219.7
1354970 1212.8
1354980 1212.8
1354990 1202.3
1355000 1195.6
1355010 1195.6
1355020 1185.4
1355030 1168.8
1355040 1168.8
1355050 1157.9
1355060 1150.9
1355070 1150.9
1355080 1145.5
1355090 1143.1
1355100 1143.1
1355110 1140.5
1355120 1135.8
1355130 1135.8
1355140 1129.5
1355150 1123.6
1355160 1117.4
1355170 1117.4
1355180 1112.6
1355190 1107.6
1355200 1107.6
1355210 1103.4
1355220 1100.9
1355230 1100.9
1355240 1098.1
1355250 1094.5
1355260 1094.5
1355270 1089.3
1355280 1087.1
1355290 1087.1
1355300 1086.4
1355310 1088.1
1355320 1088.1
1355330 1093.6
1355340 1100.5
1355350 1100.5
1355360 1107.1
1355370 1110.4
1355380 1110.4
1355390 1110.3
1355400 1110.0
1355410 1109.9
1355420 1109.9
1355430 1108.7
1355440 1105.4
1355450 1105.4
1355460 1101.5
1355470 1097.3
1355480 1097.3
1355490 1091.4
1355500 1089.2
1355510 1089.2
1355520 1087.4
1355530 1085.9
1355540 1085.9
1355550 1084.8
1355560 1082.5
1355570 1082.5
1355580 1080.2
1355590 1077.7
1355600 1077.7
1355610 1073.8
1355620 1067.1
1355630 1067.1
1355640 1061.6
1355650 1057.1
1355660 1052.4
1355670 1052.4
1355680 1047.0
1355690 1042.0
1355700 1042.0
1355710 1037.8
1355720 1034.5
1355730 1034.5
1355740 1032.9
1355750 1031.0
1355760 1031.0
1355770 1028.7
1355780 1027.8
1355790 1027.8
1355800 1026.9
1355810 1025.9
1355820 1025.9
1355830 1024.9
1355840 1024.1
1355850 1024.1
1355860 1023.5
1355870 1022.4
1355880 1022.4
1355890 1021.5
1355900 1020.4
1355910 1019.6
1355920 1019.6
1355930 1018.7
1355940 1017.5
1355950 1017.5
1355960 1016.2
1355970 1015.0
1355980 1015.0
1355990 1012.9
1356000 1011.5
1356010 1011.5
1356020 1010.4
1356030 1009.3
1356040 1009.3
1356050 1008.2
1356060 1007.2
1356070 1007.2
1356080 1006.1
1356090 1004.7
1356100 1004.7
1356110 1004.1
1356120 1002.7
1356130 1002.7
1356140 1001.8
1356150 1000.7
1356160 999.7
1356170 999.7
1356180 998.6
1356190 997.0
1356200 997.0
1356210 996.0
1356220 994.7
1356230 994.7
1356240 993.5
1356250 992.7
1356260 992.7
1356270 992.5
1356280 990.6
1356290 990.6
1356300 988.7
1356310 987.3
1356320 987.3
1356330 986.2
1356340 985.2
1356350 985.2
1356360 984.4
1356370 983.7
1356380 983.7
1356390 982.4
1356400 981.0
1356410 980.3
1356420 980.3
1356430 978.8
1356440 977.3
1356450 977.3
1356460 975.7
1356470 974.4
1356480 974.4
1356490 973.4
1356500 972.4
1356510 972.4
1356520 971.2
1356530 970.0
1356540 970.0
1356550 969.0
1356560 967.9
1356570 967.9
1356580 966.9
1356590 966.0
1356600 966.0
1356610 965.1
1356620 964.4
1356630 964.4
1356640 964.5
1356650 964.0
1356660 962.1
1356670 962.1
1356680 960.6
1356690 959.7
1356700 959.7
1356710 958.6
1356720 957.2
1356730 957.2
1356740 956.0
1356750 955.0
1356760 955.0
1356770 954.2
1356780 953.4
1356790 953.4
1356800 952.5
1356810 951.7
1356820 951.7
1356830 950.8
1356840 950.0
1356850 950.0
1356860 949.3
1356870 948.5
1356880 948.5
1356890 947.5
1356900 946.2
1356910 944.8
1356920 944.8
1356930 943.4
1356940 942.3
1356950 942.3
1356960 941.3
1356970 940.4
1356980 940.4
1356990 939.6
1357000 939.1
1357010 939.1
1357020 938.7
1357030 938.5
1357040 938.5
1357050 938.3
1357060 938.1
1357070 938.1
1357080 937.8
1357090 937.4
1357100 937.4
1357110 936.9
1357120 936.5
1357130 936.5
1357140 936.2
1357150 935.5
1357160 933.9
1357170 933.9
1357180 932.5
1357190 932.1
1357200 932.1
1357210 933.0
1357220 934.4
1357230 934.4
1357240 935.4
1357250 936.3
1357260 936.3
1357270 938.5
1357280 941.7
1357290 941.7
1357300 942.0
1357310 942.4
1357320 942.4
1357330 943.1
1357340 944.0
1357350 944.0
1357360 946.7
1357370 948.1
1357380 948.1
1357390 949.0
1357400 949.2
1357410 949.5
1357420 949.5
1357430 950.8
1357440 950.9
1357450 950.9
1357460 950.5
1357470 951.5
1357480 954.0
1357490 955.3
1357500 956.5
1357510 956.5
1357520 956.9
1357530 957.6
1357540 957.6
1357550 959.3
1357560 961.0
1357570 961.0
1357580 962.0
1357590 962.6
1357600 962.6
1357610 964.6
1357620 966.4
1357630 966.4
1357640 967.4
1357650 968.9
1357660 970.5
1357670 970.5
1357680 972.3
1357690 973.4
1357700 973.4
1357710 974.2
1357720 974.4
1357730 974.4
1357740 975.2
1357750 976.4
1357760 976.4
1357770 977.1
1357780 977.9
1357790 977.9
1357800 978.8
1357810 979.6
1357820 979.6
1357830 980.5
1357840 981.3
1357850 981.3
1357860 982.5
1357870 984.0
1357880 984.0
1357890 986.3
1357900 987.6
1357910 989.7
1357920 989.7
1357930 991.3
1357940 992.7
1357950 992.7
1357960 994.8
1357970 997.5
1357980 997.5
1357990 1000.3
1358000 1003.1
1358010 1003.1
1358020 1006.3
1358030 1009.2
1358040 1009.2
1358050 1011.7
1358060 1014.1
1358070 1014.1
1358080 1016.8
1358090 1018.9
1358100 1018.9
1358110 1021.0
1358120 1023.3
1358130 1023.3
1358140 1025.8
1358150 1028.7
1358160 1029.8
1358170 1029.8
1358180 1033.3
1358190 1035.5
1358200 1035.5
1358210 1037.0
1358220 1038.3
1358230 1038.3
1358240 1039.6
1358250 1041.4
1358260 1041.4
1358270 1041.4
1358280 1041.0
1358290 1041.0
1358300 1041.4
1358310 1041.3
1358320 1041.3
1358330 1040.7
1358340 1042.4
1358350 1042.4
1358360 1046.7
1358370 1053.7
1358380 1053.7
1358390 1060.4
1358400 1066.3
1358410 1072.1
1358420 1072.1
1358430 1077.0
1358440 1079.9
1358450 1079.9
1358460 1080.5
1358470 1080.2
1358480 1086.9
1358490 1087.1
1358500 1089.2
1358510 1089.2
1358520 1092.5
1358530 1096.3
1358540 1096.3
1358550 1100.2
1358560 1104.7
1358570 1104.7
1358580 1109.6
1358590 1117.2
1358600 1117.2
1358610 1126.6
1358620 1133.2
1358630 1133.2
1358640 1137.4
1358650 1143.2
1358660 1150.2
1358670 1150.2
1358680 1157.1
1358690 1163.9
1358700 1163.9
1358710 1170.9
1358720 1178.6
1358730 1178.6
1358740 1186.2
1358750 1193.5
1358760 1193.5
1358770 1200.7
1358780 1208.0
1358790 1208.0
1358800 1215.4
1358810 1222.5
1358820 1222.5
1358830 1229.6
1358840 1236.2
1358850 1236.2
1358860 1240.6
1358870 1242.5
1358880 1242.5
1358890 1242.4
1358900 1245.1
1358910 1246.5
1358920 1246.5
1358930 1247.1
1358940 1246.1
1358950 1246.1
1358960 1243.7
1358970 1243.1
1358980 1243.1
1358990 1243.4
1359000 1244.1
1359010 1244.1
1359020 1245.4
1359030 1246.4
1359040 1246.4
1359050 1248.2
1359060 1248.4
1359070 1248.4
1359080 1243.3
1359090 1235.7
1359100 1235.7
1359110 1229.2
1359120 1225.2
1359130 1225.2
1359140 1231.7
1359150 1239.5
1359160 1247.1
1359170 1247.1
1359180 1252.9
1359190 1252.1
1359200 1252.1
1359210 1248.8
1359220 1248.9
1359230 1248.9
1359240 1249.4
1359250 1249.4
1359260 1249.4
1359270 1250.3
1359280 1249.5
1359290 1249.5
1359300 1247.6
1359310 1245.5
1359320 1245.5
1359330 1243.8
1359340 1245.0
1359350 1245.0
1359360 1247.7
1359370 1251.5
1359380 1251.5
1359390 1254.9
1359400 1259.3
1359410 1265.3
1359420 1265.3
1359430 1271.0
1359440 1275.8
1359450 1275.8
1359460 1279.8
1359470 1283.2
1359480 1283.2
1359490 1290.3
1359500 1293.9
1359510 1293.9
1359520 1296.8
1359530 1299.6
1359540 1299.6
1359550 1302.2
1359560 1305.3
1359570 1305.3
1359580 1308.1
1359590 1310.9
1359600 1310.9
1359610 1316.3
1359620 1321.7
1359630 1321.7
1359640 1326.6
1359650 1331.6
1359660 1336.1
1359670 1336.1
1359680 1340.5
1359690 1345.0
1359700 1345.0
1359710 1348.9
1359720 1352.9
1359730 1352.9
1359740 1356.9
1359750 1361.2
1359760 1361.2
1359770 1367.0
1359780 1371.7
1359790 1371.7
1359800 1378.0
1359810 1383.0
1359820 1383.0
1359830 1387.2
1359840 1390.3
1359850 1390.3
1359860 1394.4
1359870 1400.9
1359880 1400.9
1359890 1407.6
1359900 1413.3
1359910 1418.7
1359920 1418.7
1359930 1424.0
1359940 1429.6
1359950 1429.6
1359960 1435.0
1359970 1443.3
1359980 1443.3
1359990 1452.3
