1340000 1404.6
1340010 1404.6
1340020 1401.9
1340030 1399.1
1340040 1399.1
1340050 1396.1
1340060 1392.8
1340070 1392.8
1340080 1388.9
1340090 1384.8
1340100 1379.8
1340110 1379.8
1340120 1376.2
1340130 1374.2
1340140 1374.2
1340150 1371.5
1340160 1367.2
1340170 1367.2
1340180 1361.3
1340190 1355.3
1340200 1355.3
1340210 1355.1
1340220 1356.1
1340230 1356.1
1340240 1355.5
1340250 1354.8
1340260 1354.8
1340270 1353.5
1340280 1353.0
1340290 1353.0
1340300 1352.4
1340310 1345.7
1340320 1345.7
1340330 1343.9
1340340 1341.2
1340350 1338.4
1340360 1338.4
1340370 1335.5
1340380 1332.8
1340390 1332.8
1340400 1331.9
1340410 1333.0
1340420 1333.0
1340430 1333.9
1340440 1333.9
1340450 1333.9
1340460 1333.4
1340470 1333.3
1340480 1333.3
1340490 1332.5
1340500 1332.0
1340510 1332.0
1340520 1331.4
1340530 1330.0
1340540 1330.0
1340550 1328.0
1340560 1325.8
1340570 1325.8
1340580 1321.9
1340590 1316.7
1340600 1313.1
1340610 1313.1
1340620 1309.5
1340630 1309.3
1340640 1309.3
1340650 1315.1
1340660 1316.8
1340670 1316.8
1340680 1315.4
1340690 1313.4
1340700 1313.4
1340710 1310.9
1340720 1308.3
1340730 1308.3
1340740 1305.5
1340750 1302.4
1340760 1302.4
1340770 1298.6
1340780 1294.7
1340790 1294.7
1340800 1291.0
1340810 1287.9
1340820 1287.9
1340830 1286.0
1340840 1283.7
1340850 1281.9
1340860 1281.9
1340870 1279.7
1340880 1277.6
1340890 1277.6
1340900 1275.3
1340910 1273.8
1340920 1273.8
1340930 1272.2
1340940 1270.6
1340950 1270.6
1340960 1268.6
1340970 1266.2
1340980 1266.2
1340990 1263.2
1341000 1261.9
1341010 1261.9
1341020 1260.8
1341030 1259.8
1341040 1259.8
1341050 1259.8
1341060 1260.6
1341070 1260.6
1341080 1259.9
1341090 1259.0
1341100 1258.9
1341110 1258.9
1341120 1258.8
1341130 1258.5
1341140 1258.5
1341150 1258.2
1341160 1257.8
1341170 1257.8
1341180 1257.6
1341190 1257.3
1341200 1256.6
1341210 1255.3
1341220 1254.5
1341230 1254.5
1341240 1254.5
1341250 1254.7
1341260 1254.7
1341270 1255.0
1341280 1255.3
1341290 1255.3
1341300 1255.7
1341310 1255.5
1341320 1255.5
1341330 1255.4
1341340 1255.2
1341350 1255.3
1341360 1255.3
1341370 1255.6
1341380 1255.8
1341390 1255.8
1341400 1256.1
1341410 1256.3
1341420 1256.3
1341430 1256.5
1341440 1256.8
1341450 1256.8
1341460 1257.3
1341470 1257.9
1341480 1257.9
1341490 1257.7
1341500 1256.5
1341510 1256.5
1341520 1256.4
1341530 1257.9
1341540 1257.9
1341550 1258.6
1341560 1258.0
1341570 1258.0
1341580 1257.9
1341590 1258.0
1341600 1258.1
1341610 1258.1
1341620 1259.0
1341630 1260.5
1341640 1260.5
1341650 1259.5
1341660 1258.0
1341670 1258.0
1341680 1257.8
1341690 1257.9
1341700 1257.9
1341710 1258.1
1341720 1258.3
1341730 1258.3
1341740 1258.8
1341750 1259.5
1341760 1259.5
1341770 1260.6
1341780 1260.1
1341790 1260.1
1341800 1261.1
1341810 1262.9
1341820 1262.9
1341830 1265.5
1341840 1268.1
1341850 1270.8
1341860 1270.8
1341870 1273.9
1341880 1277.5
1341890 1277.5
1341900 1281.4
1341910 1285.7
1341920 1285.7
1341930 1290.0
1341940 1294.3
1341950 1294.3
1341960 1299.0
1341970 1303.8
1341980 1303.8
1341990 1308.5
1342000 1313.3
1342010 1313.3
1342020 1318.3
1342030 1323.1
1342040 1323.1
1342050 1326.7
1342060 1330.9
1342070 1330.9
1342080 1334.7
1342090 1336.9
1342100 1340.9
1342110 1340.9
1342120 1345.4
1342130 1349.6
1342140 1349.6
1342150 1353.3
1342160 1356.2
1342170 1356.2
1342180 1359.9
1342190 1365.4
1342200 1365.4
1342210 1369.5
1342220 1373.8
1342230 1373.8
1342240 1378.3
1342250 1382.5
1342260 1382.5
1342270 1386.3
1342280 1390.6
1342290 1390.6
1342300 1395.6
1342310 1401.7
1342320 1401.7
1342330 1408.4
1342340 1415.3
1342350 1422.3
1342360 1422.3
1342370 1428.8
1342380 1434.8
1342390 1434.8
1342400 1440.7
1342410 1446.0
1342420 1446.0
1342430 1449.7
1342440 1451.6
1342450 1451.6
1342460 1453.2
1342470 1459.8
1342480 1459.8
1342490 1468.0
1342500 1475.6
1342510 1475.6
1342520 1484.4
1342530 1491.6
1342540 1491.6
1342550 1496.4
1342560 1500.8
1342570 1500.8
1342580 1503.7
1342590 1503.4
1342600 1502.0
1342610 1502.0
1342620 1501.6
1342630 1501.8
1342640 1501.8
1342650 1503.7
1342660 1507.1
1342670 1507.1
1342680 1512.2
1342690 1516.5
1342700 1516.5
1342710 1520.1
1342720 1521.5
1342730 1521.5
1342740 1522.5
1342750 1524.2
1342760 1524.2
1342770 1526.2
1342780 1528.8
1342790 1528.8
1342800 1531.1
1342810 1531.7
1342820 1531.7
1342830 1532.1
1342840 1534.1
1342850 1537.6
1342860 1537.6
1342870 1542.2
1342880 1549.9
1342890 1549.9
1342900 1556.2
1342910 1560.2
1342920 1560.2
1342930 1562.9
1342940 1566.8
1342950 1566.8
1342960 1571.1
1342970 1572.5
1342980 1572.5
1342990 1578.8
1343000 1586.2
1343010 1586.2
1343020 1596.2
1343030 1604.4
1343040 1604.4
1343050 1606.6
1343060 1608.2
1343070 1608.2
1343080 1610.3
1343090 1612.0
1343100 1613.7
1343110 1613.7
1343120 1614.0
1343130 1613.4
1343140 1613.4
1343150 1613.6
1343160 1616.0
1343170 1616.0
1343180 1617.8
1343190 1618.9
1343200 1618.9
1343210 1620.7
1343220 1622.6
1343230 1622.6
1343240 1621.7
1343250 1615.3
1343260 1615.3
1343270 1611.1
1343280 1608.6
1343290 1608.6
1343300 1607.0
1343310 1607.4
1343320 1607.4
1343330 1609.1
1343340 1610.0
1343350 1608.9
1343360 1608.9
1343370 1608.4
1343380 1608.5
1343390 1608.5
1343400 1611.3
1343410 1615.8
1343420 1615.8
1343430 1619.4
1343440 1619.8
1343450 1619.8
1343460 1619.1
1343470 1618.0
1343480 1618.0
1343490 1616.0
1343500 1614.6
1343510 1614.6
1343520 1614.6
1343530 1614.9
1343540 1614.9
1343550 1613.9
1343560 1611.5
1343570 1611.5
1343580 1610.5
1343590 1610.4
1343600 1610.8
1343610 1610.8
1343620 1611.1
1343630 1610.8
1343640 1610.8
1343650 1610.2
1343660 1610.4
1343670 1610.4
1343680 1610.0
1343690 1609.7
1343700 1609.7
1343710 1608.9
1343720 1608.0
1343730 1608.0
1343740 1607.9
1343750 1607.3
1343760 1607.3
1343770 1606.8
1343780 1606.3
1343790 1606.3
1343800 1604.9
1343810 1602.5
1343820 1602.5
1343830 1599.5
1343840 1597.0
1343850 1595.9
1343860 1595.9
1343870 1595.8
1343880 1595.5
1343890 1600.2
1343900 1600.4
1343910 1599.1
1343920 1599.1
1343930 1598.0
1343940 1598.5
1343950 1598.5
1343960 1598.1
1343970 1598.6
1343980 1598.6
1343990 1599.3
1344000 1599.8
1344010 1599.8
1344020 1600.5
1344030 1601.9
1344040 1601.9
1344050 1603.8
1344060 1604.3
1344070 1604.3
1344080 1603.4
1344090 1602.6
1344100 1601.8
1344110 1601.8
1344120 1601.3
1344130 1600.8
1344140 1600.8
1344150 1601.2
1344160 1603.1
1344170 1603.1
1344180 1605.7
1344190 1607.9
1344200 1607.9
1344210 1608.0
1344220 1608.4
1344230 1608.4
1344240 1609.7
1344250 1611.8
1344260 1611.8
1344270 1614.3
1344280 1617.5
1344290 1617.5
1344300 1620.7
1344310 1623.3
1344320 1623.3
1344330 1624.1
1344340 1623.6
1344350 1622.3
1344360 1622.3
1344370 1623.1
1344380 1625.1
1344390 1625.1
1344400 1625.8
1344410 1626.1
1344420 1626.1
1344430 1627.2
1344440 1628.8
1344450 1628.8
1344460 1630.1
1344470 1631.3
1344480 1631.3
1344490 1632.9
1344500 1635.1
1344510 1635.1
1344520 1636.5
1344530 1637.4
1344540 1637.4
1344550 1638.2
1344560 1639.0
1344570 1639.0
1344580 1639.9
1344590 1641.6
1344600 1641.6
1344610 1643.1
1344620 1643.9
1344630 1644.1
1344640 1644.1
1344650 1644.6
1344660 1645.6
1344670 1645.6
1344680 1647.6
1344690 1650.0
1344700 1650.0
1344710 1651.7
1344720 1653.0
1344730 1653.0
1344740 1654.2
1344750 1655.1
1344760 1655.1
1344770 1656.2
1344780 1656.9
1344790 1656.9
1344800 1662.7
1344810 1665.0
1344820 1665.0
1344830 1666.8
1344840 1667.9
1344850 1667.9
1344860 1668.0
1344870 1667.2
1344880 1666.6
1344890 1666.6
1344900 1667.0
1344910 1667.4
1344920 1667.4
1344930 1667.3
1344940 1666.6
1344950 1666.6
1344960 1666.1
1344970 1666.1
1344980 1666.1
1344990 1666.1
1345000 1665.3
1345010 1665.3
1345020 1664.4
1345030 1663.2
1345040 1663.2
1345050 1662.7
1345060 1662.7
1345070 1662.7
1345080 1662.9
1345090 1663.2
1345100 1663.2
1345110 1663.2
1345120 1662.9
1345130 1662.9
1345140 1662.9
1345150 1662.4
1345160 1660.2
1345170 1660.2
1345180 1659.3
1345190 1660.4
1345200 1660.4
1345210 1662.4
1345220 1663.7
1345230 1663.7
1345240 1664.9
1345250 1665.1
1345260 1665.1
1345270 1665.2
1345280 1665.8
1345290 1665.8
1345300 1666.8
1345310 1667.8
1345320 1667.8
1345330 1668.4
1345340 1668.1
1345350 1668.1
1345360 1667.2
1345370 1666.7
1345380 1666.5
1345390 1666.5
1345400 1667.0
1345410 1668.3
1345420 1668.3
1345430 1669.8
1345440 1670.8
1345450 1670.8
1345460 1671.5
1345470 1671.3
1345480 1671.3
1345490 1672.2
1345500 1673.2
1345510 1673.2
1345520 1671.9
1345530 1668.8
1345540 1668.8
1345550 1664.3
1345560 1658.0
1345570 1658.0
1345580 1651.2
1345590 1644.9
1345600 1644.9
1345610 1638.0
1345620 1629.7
1345630 1621.0
1345640 1621.0
1345650 1622.2
1345660 1630.0
1345670 1630.0
1345680 1637.1
1345690 1644.1
1345700 1644.1
1345710 1653.9
1345720 1658.4
1345730 1658.4
1345740 1662.5
1345750 1666.4
1345760 1666.4
1345770 1670.6
1345780 1675.4
1345790 1675.4
1345800 1679.6
1345810 1683.4
1345820 1683.4
1345830 1687.3
1345840 1689.4
1345850 1689.4
1345860 1692.6
1345870 1696.9
1345880 1699.9
1345890 1699.9
1345900 1702.1
1345910 1703.8
1345920 1703.8
1345930 1706.0
1345940 1708.2
1345950 1708.2
1345960 1709.8
1345970 1711.1
1345980 1711.1
1345990 1711.8
1346000 1712.2
1346010 1712.2
1346020 1712.5
1346030 1712.8
1346040 1712.8
1346050 1713.8
1346060 1714.7
1346070 1714.7
1346080 1715.3
1346090 1715.7
1346100 1715.7
1346110 1716.7
1346120 1718.1
1346130 1719.1
1346140 1719.1
1346150 1719.7
1346160 1719.9
1346170 1719.9
1346180 1719.7
1346190 1715.7
1346200 1715.7
1346210 1709.5
1346220 1702.2
1346230 1702.2
1346240 1695.1
1346250 1691.5
1346260 1691.5
1346270 1688.8
1346280 1687.1
1346290 1687.1
1346300 1685.0
1346310 1682.2
1346320 1682.2
1346330 1679.0
1346340 1677.5
1346350 1677.5
1346360 1679.0
1346370 1680.2
1346380 1680.6
1346390 1680.6
1346400 1680.4
1346410 1677.3
1346420 1677.3
1346430 1674.0
1346440 1669.7
1346450 1669.7
1346460 1665.3
1346470 1661.3
1346480 1661.3
1346490 1657.9
1346500 1655.3
1346510 1655.3
1346520 1651.9
1346530 1650.6
1346540 1650.6
1346550 1650.0
1346560 1650.8
1346570 1650.8
1346580 1651.3
1346590 1651.0
1346600 1651.0
1346610 1650.3
1346620 1649.9
1346630 1654.3
1346640 1654.3
1346650 1653.0
1346660 1652.4
1346670 1652.4
1346680 1651.2
1346690 1650.2
1346700 1650.2
1346710 1647.0
1346720 1641.6
1346730 1641.6
1346740 1635.6
1346750 1633.2
1346760 1633.2
1346770 1631.3
1346780 1627.6
1346790 1627.6
1346800 1624.2
1346810 1621.9
1346820 1621.9
1346830 1619.6
1346840 1617.3
1346850 1617.3
1346860 1615.3
1346870 1613.5
1346880 1612.6
1346890 1612.6
1346900 1611.4
1346910 1608.7
1346920 1608.7
1346930 1605.4
1346940 1604.1
1346950 1604.1
1346960 1602.7
1346970 1600.7
1346980 1600.7
1346990 1597.9
1347000 1594.7
1347010 1594.7
1347020 1590.4
1347030 1586.6
1347040 1586.6
1347050 1582.6
1347060 1580.0
1347070 1580.0
1347080 1578.8
1347090 1578.1
1347100 1578.1
1347110 1576.7
1347120 1573.8
1347130 1569.5
1347140 1569.5
1347150 1566.8
1347160 1564.2
1347170 1564.2
1347180 1559.3
1347190 1554.1
1347200 1554.1
1347210 1548.2
1347220 1542.1
1347230 1542.1
1347240 1535.8
1347250 1528.8
1347260 1528.8
1347270 1522.5
1347280 1516.0
1347290 1516.0
1347300 1512.5
1347310 1508.9
1347320 1508.9
1347330 1504.4
1347340 1498.8
1347350 1498.8
1347360 1493.9
1347370 1489.3
1347380 1484.5
1347390 1484.5
1347400 1479.8
1347410 1475.1
1347420 1475.1
1347430 1470.7
1347440 1465.3
1347450 1465.3
1347460 1459.8
1347470 1454.3
1347480 1454.3
1347490 1449.2
1347500 1442.9
1347510 1442.9
1347520 1437.4
1347530 1431.5
1347540 1431.5
1347550 1426.0
1347560 1423.0
1347570 1423.0
1347580 1418.4
1347590 1413.6
1347600 1413.6
1347610 1409.2
1347620 1404.6
1347630 1400.9
1347640 1400.9
1347650 1400.5
1347660 1400.5
1347670 1400.5
1347680 1400.5
1347690 1400.5
1347700 1400.5
1347710 1400.5
1347720 1400.5
1347730 1400.5
1347740 1400.5
1347750 1400.5
1347760 1400.5
1347770 1400.5
1347780 1400.5
1347790 1400.5
1347800 1400.5
1347810 1400.5
1347820 1400.5
1347830 1400.5
1347840 1400.5
1347850 1400.5
1347860 1400.5
1347870 1400.5
1347880 1400.5
1347890 1400.5
1347900 1400.5
1347910 1400.5
1347920 1400.5
1347930 1400.5
1347940 1400.5
1347950 1400.5
1347960 1400.5
1347970 1400.5
1347980 1400.5
1347990 1400.5
1348000 1400.5
1348010 1400.5
1348020 1400.5
1348030 1400.5
1348040 1400.5
1348050 1400.5
1348060 1400.5
1348070 1400.5
1348080 1400.5
1348090 1400.5
1348100 1400.5
1348110 1400.5
1348120 1400.5
1348130 1400.5
1348140 1400.5
1348150 1400.5
1348160 1400.5
1348170 1400.5
1348180 1400.5
1348190 1400.5
1348200 1400.5
1348210 1400.5
1348220 1400.5
1348230 1400.5
1348240 1400.5
1348250 1400.5
1348260 1400.5
1348270 1400.5
1348280 1400.5
1348290 1400.5
1348300 1400.5
1348310 1400.5
1348320 1400.5
1348330 1400.5
1348340 1400.5
1348350 1400.5
1348360 1400.5
1348370 1400.5
1348380 1400.5
1348390 1400.5
1348400 1400.6
1348410 1401.8
1348420 1401.8
1348430 1407.7
1348440 1414.4
1348450 1414.4
1348460 1422.2
1348470 1427.2
1348480 1427.2
1348490 1431.9
1348500 1439.0
1348510 1439.0
1348520 1445.2
1348530 1450.5
1348540 1450.5
1348550 1453.9
1348560 1457.8
1348570 1457.8
1348580 1461.9
1348590 1466.1
1348600 1466.1
1348610 1471.6
1348620 1478.0
1348630 1484.1
1348640 1484.1
1348650 1486.9
1348660 1487.5
1348670 1487.5
1348680 1494.4
1348690 1500.6
1348700 1500.6
1348710 1506.2
1348720 1513.8
1348730 1513.8
1348740 1522.6
1348750 1526.7
1348760 1526.7
1348770 1528.0
1348780 1532.4
1348790 1532.4
1348800 1538.1
1348810 1542.6
1348820 1542.6
1348830 1548.4
1348840 1555.4
1348850 1555.4
1348860 1563.6
1348870 1571.5
1348880 1580.0
1348890 1580.0
1348900 1589.5
1348910 1599.0
1348920 1599.0
1348930 1609.0
1348940 1616.9
1348950 1616.9
1348960 1623.6
1348970 1629.2
1348980 1629.2
1348990 1633.2
1349000 1637.2
1349010 1637.2
1349020 1642.0
1349030 1648.3
1349040 1648.3
1349050 1655.6
1349060 1662.5
1349070 1662.5
1349080 1669.7
1349090 1676.6
1349100 1676.6
1349110 1682.5
1349120 1687.5
1349130 1693.2
1349140 1693.2
1349150 1699.4
1349160 1705.1
1349170 1705.1
1349180 1711.2
1349190 1716.6
1349200 1716.6
1349210 1722.4
1349220 1728.2
1349230 1728.2
1349240 1733.3
1349250 1738.7
1349260 1738.7
1349270 1743.4
1349280 1747.3
1349290 1747.3
1349300 1750.7
1349310 1754.4
1349320 1754.4
1349330 1758.2
1349340 1761.9
1349350 1761.9
1349360 1765.2
1349370 1768.9
1349380 1773.0
1349390 1773.0
1349400 1776.6
1349410 1779.4
1349420 1779.4
1349430 1782.8
1349440 1785.7
1349450 1785.7
1349460 1788.7
1349470 1791.9
1349480 1791.9
1349490 1795.2
1349500 1798.2
1349510 1798.2
1349520 1801.3
1349530 1804.8
1349540 1804.8
1349550 1808.2
1349560 1811.0
1349570 1811.0
1349580 1813.1
1349590 1815.1
1349600 1815.1
1349610 1816.8
1349620 1818.9
1349630 1821.6
1349640 1821.6
1349650 1824.2
1349660 1826.6
1349670 1826.6
1349680 1828.8
1349690 1830.8
1349700 1830.8
1349710 1832.4
1349720 1833.9
1349730 1833.9
1349740 1835.2
1349750 1836.7
1349760 1836.7
1349770 1837.8
1349780 1838.6
1349790 1838.6
1349800 1839.5
1349810 1840.6
1349820 1840.6
1349830 1841.5
1349840 1842.8
1349850 1842.8
1349860 1844.1
1349870 1846.0
1349880 1847.4
1349890 1847.4
1349900 1848.7
1349910 1850.2
1349920 1850.2
1349930 1852.1
1349940 1853.8
1349950 1853.8
1349960 1854.7
1349970 1856.0
1349980 1856.0
1349990 1857.6
1350000 1858.7
1350010 1858.7
1350020 1859.8
1350030 1860.4
1350040 1860.4
1350050 1861.1
1350060 1861.7
1350070 1861.7
1350080 1862.3
1350090 1862.9
1350100 1862.9
1350110 1863.3
1350120 1863.9
1350130 1864.1
1350140 1864.1
1350150 1863.9
1350160 1863.7
1350170 1863.7
1350180 1863.7
1350190 1864.3
1350200 1864.3
1350210 1864.9
1350220 1865.8
1350230 1865.8
1350240 1866.7
1350250 1868.1
1350260 1868.1
1350270 1870.5
1350280 1872.5
1350290 1872.5
1350300 1873.5
1350310 1874.8
1350320 1874.8
1350330 1875.7
1350340 1876.3
1350350 1876.3
1350360 1876.7
1350370 1878.5
1350380 1878.7
1350390 1878.7
1350400 1878.6
1350410 1879.4
1350420 1879.4
1350430 1879.5
1350440 1879.3
1350450 1879.3
1350460 1879.1
1350470 1879.4
1350480 1879.4
1350490 1880.0
1350500 1880.4
1350510 1880.4
1350520 1880.6
1350530 1880.6
1350540 1880.6
1350550 1880.8
1350560 1880.9
1350570 1880.9
1350580 1881.1
1350590 1881.3
1350600 1881.3
1350610 1881.3
1350620 1881.3
1350630 1880.9
1350640 1880.9
1350650 1880.4
1350660 1880.0
1350670 1880.0
1350680 1879.2
1350690 1878.8
1350700 1878.8
1350710 1878.6
1350720 1878.5
1350730 1878.5
1350740 1878.0
1350750 1877.7
1350760 1877.7
1350770 1877.4
1350780 1877.5
1350790 1877.5
1350800 1877.7
1350810 1877.7
1350820 1877.7
1350830 1877.5
1350840 1877.9
1350850 1877.9
1350860 1877.7
1350870 1877.0
1350880 1876.0
1350890 1876.0
1350900 1875.1
1350910 1874.1
1350920 1874.1
1350930 1874.1
1350940 1874.1
1350950 1874.1
1350960 1873.8
1350970 1873.1
1350980 1873.1
1350990 1872.4
1351000 1871.9
1351010 1871.9
1351020 1871.5
1351030 1871.0
1351040 1871.0
1351050 1870.5
1351060 1870.2
1351070 1870.2
1351080 1869.4
1351090 1868.4
1351100 1868.4
1351110 1867.9
1351120 1867.3
1351130 1866.6
1351140 1866.6
1351150 1866.1
1351160 1865.9
1351170 1865.9
1351180 1865.7
1351190 1865.1
1351200 1865.1
1351210 1864.4
1351220 1862.7
1351230 1862.7
1351240 1860.2
1351250 1857.9
1351260 1857.9
1351270 1857.7
1351280 1858.0
1351290 1858.0
1351300 1857.5
1351310 1856.7
1351320 1856.7
1351330 1859.3
1351340 1858.8
1351350 1858.8
1351360 1857.7
1351370 1855.9
1351380 1853.3
1351390 1853.3
1351400 1852.6
1351410 1853.4
1351420 1853.4
1351430 1853.8
1351440 1854.1
1351450 1854.1
1351460 1852.8
1351470 1850.1
1351480 1850.1
1351490 1847.6
1351500 1845.3
1351510 1845.3
1351520 1843.4
1351530 1843.5
1351540 1843.5
1351550 1844.7
1351560 1844.4
1351570 1844.4
1351580 1844.2
1351590 1843.4
1351600 1843.4
1351610 1841.3
1351620 1839.6
1351630 1837.4
1351640 1837.4
1351650 1835.2
1351660 1834.0
1351670 1834.0
1351680 1833.9
1351690 1832.2
1351700 1832.2
1351710 1831.9
1351720 1830.7
1351730 1830.7
1351740 1829.8
1351750 1828.9
1351760 1828.9
1351770 1827.9
1351780 1826.7
1351790 1826.7
1351800 1826.0
1351810 1824.3
1351820 1824.3
1351830 1823.4
1351840 1822.7
1351850 1822.7
1351860 1820.2
1351870 1819.0
1351880 1817.8
1351890 1817.8
1351900 1816.5
1351910 1815.7
1351920 1815.7
1351930 1814.3
1351940 1812.0
1351950 1812.0
1351960 1809.4
1351970 1808.1
1351980 1808.1
1351990 1807.3
1352000 1806.4
1352010 1806.4
1352020 1805.3
1352030 1803.9
1352040 1803.9
1352050 1803.0
1352060 1801.2
1352070 1801.2
1352080 1798.6
1352090 1796.9
1352100 1796.9
1352110 1795.3
1352120 1793.8
1352130 1792.1
1352140 1792.1
1352150 1790.2
1352160 1789.5
1352170 1789.5
1352180 1787.8
1352190 1786.2
1352200 1786.2
1352210 1784.6
1352220 1782.6
1352230 1782.6
1352240 1781.0
1352250 1778.8
1352260 1778.8
1352270 1776.7
1352280 1778.0
1352290 1778.0
1352300 1775.6
1352310 1773.8
1352320 1773.8
1352330 1772.8
1352340 1771.7
1352350 1771.7
1352360 1770.1
1352370 1768.3
1352380 1766.4
1352390 1766.4
1352400 1764.2
1352410 1762.3
1352420 1762.3
1352430 1760.9
1352440 1759.5
1352450 1759.5
1352460 1758.2
1352470 1756.7
1352480 1756.7
1352490 1754.8
1352500 1752.8
1352510 1752.8
1352520 1751.0
1352530 1749.3
1352540 1749.3
1352550 1746.8
1352560 1744.0
1352570 1744.0
1352580 1741.9
1352590 1740.2
1352600 1740.2
1352610 1738.2
1352620 1735.2
1352630 1732.6
1352640 1732.6
1352650 1731.3
1352660 1730.0
1352670 1730.0
1352680 1727.7
1352690 1724.0
1352700 1724.0
1352710 1720.3
1352720 1717.2
1352730 1717.2
1352740 1714.5
1352750 1712.3
1352760 1712.3
1352770 1710.4
1352780 1707.7
1352790 1707.7
1352800 1704.9
1352810 1702.8
1352820 1702.8
1352830 1699.7
1352840 1697.7
1352850 1697.7
1352860 1694.8
1352870 1691.6
1352880 1688.5
1352890 1688.5
1352900 1685.8
1352910 1684.2
1352920 1684.2
1352930 1682.8
1352940 1681.4
1352950 1681.4
1352960 1680.0
1352970 1675.1
1352980 1675.1
1352990 1672.1
1353000 1669.4
1353010 1669.4
1353020 1667.9
1353030 1666.5
1353040 1666.5
1353050 1665.2
1353060 1663.4
1353070 1663.4
1353080 1661.2
1353090 1659.3
1353100 1659.3
1353110 1657.4
1353120 1656.0
1353130 1654.2
1353140 1654.2
1353150 1649.7
1353160 1644.3
1353170 1644.3
1353180 1639.1
1353190 1636.1
1353200 1636.1
1353210 1634.6
1353220 1633.3
1353230 1633.3
1353240 1631.5
1353250 1627.5
1353260 1627.5
1353270 1622.8
1353280 1618.3
1353290 1618.3
1353300 1614.5
1353310 1610.5
1353320 1610.5
1353330 1607.3
1353340 1603.2
1353350 1603.2
1353360 1599.0
1353370 1596.1
1353380 1594.6
1353390 1594.6
1353400 1592.9
1353410 1591.1
1353420 1591.1
1353430 1589.6
1353440 1588.0
1353450 1588.0
1353460 1586.3
1353470 1584.9
1353480 1584.9
1353490 1584.5
1353500 1584.3
1353510 1584.3
1353520 1583.5
1353530 1580.4
1353540 1580.4
1353550 1577.1
1353560 1573.0
1353570 1573.0
1353580 1571.8
1353590 1570.6
1353600 1570.6
1353610 1568.6
1353620 1566.8
1353630 1564.8
1353640 1564.8
1353650 1564.4
1353660 1562.5
1353670 1562.5
1353680 1559.3
1353690 1556.1
1353700 1556.1
1353710 1552.7
1353720 1549.8
1353730 1549.8
1353740 1547.1
1353750 1544.1
1353760 1544.1
1353770 1540.4
1353780 1536.3
1353790 1536.3
1353800 1532.4
1353810 1529.4
1353820 1529.4
1353830 1526.5
1353840 1521.9
1353850 1521.9
1353860 1518.8
1353870 1513.2
1353880 1507.0
1353890 1507.0
1353900 1501.6
1353910 1497.5
1353920 1497.5
1353930 1493.9
1353940 1490.9
1353950 1490.9
1353960 1488.3
1353970 1485.6
1353980 1485.6
1353990 1482.6
1354000 1479.3
1354010 1479.3
1354020 1475.4
1354030 1470.8
1354040 1470.8
1354050 1468.0
1354060 1466.8
1354070 1466.8
1354080 1466.5
1354090 1464.0
1354100 1464.0
1354110 1459.5
1354120 1454.4
1354130 1449.8
1354140 1449.8
1354150 1444.6
1354160 1439.0
1354170 1439.0
1354180 1434.7
1354190 1431.3
1354200 1431.3
1354210 1427.6
1354220 1420.3
1354230 1420.3
1354240 1415.0
1354250 1410.8
1354260 1410.8
1354270 1407.4
1354280 1402.6
1354290 1402.6
1354300 1397.2
1354310 1392.8
1354320 1392.8
1354330 1388.4
1354340 1382.3
1354350 1382.3
1354360 1377.7
1354370 1372.4
1354380 1364.9
1354390 1364.9
1354400 1359.3
1354410 1358.4
1354420 1358.4
1354430 1354.6
1354440 1350.6
1354450 1350.6
1354460 1347.2
1354470 1342.9
1354480 1342.9
1354490 1338.9
1354500 1335.1
1354510 1335.1
1354520 1331.7
1354530 1328.1
1354540 1328.1
1354550 1324.7
1354560 1322.1
1354570 1322.1
1354580 1318.7
1354590 1314.7
1354600 1314.7
1354610 1310.7
1354620 1306.9
1354630 1302.3
1354640 1302.3
1354650 1297.3
1354660 1292.8
1354670 1292.8
1354680 1288.7
1354690 1284.0
1354700 1284.0
1354710 1279.2
1354720 1276.0
1354730 1276.0
1354740 1274.0
1354750 1271.6
1354760 1271.6
1354770 1267.4
1354780 1263.2
1354790 1263.2
1354800 1260.6
1354810 1258.1
1354820 1258.1
1354830 1255.0
1354840 1251.8
1354850 1251.8
1354860 1250.1
1354870 1247.7
1354880 1242.3
1354890 1242.3
1354900 1236.7
1354910 1231.8
1354920 1231.8
1354930 1228.7
1354940 1223.0
1354950 1223.0
1354960 1214.4
1354970 1204.2
1354980 1204.2
1354990 1193.6
1355000 1183.7
1355010 1183.7
1355020 1175.5
1355030 1166.7
1355040 1166.7
1355050 1158.4
1355060 1149.6
1355070 1149.6
1355080 1141.8
1355090 1135.8
1355100 1135.8
1355110 1129.9
1355120 1125.4
1355130 1122.0
1355140 1122.0
1355150 1118.8
1355160 1116.2
1355170 1116.2
1355180 1113.2
1355190 1110.7
1355200 1109.5
1355210 1106.4
1355220 1102.7
1355230 1102.7
1355240 1096.4
1355250 1091.9
1355260 1091.9
1355270 1092.2
1355280 1094.4
1355290 1094.4
1355300 1094.6
1355310 1097.8
1355320 1097.8
1355330 1102.7
1355340 1109.2
1355350 1109.2
1355360 1115.1
1355370 1115.8
1355380 1114.7
1355390 1114.7
1355400 1113.1
1355410 1112.4
1355420 1112.4
1355430 1111.7
1355440 1110.3
1355450 1110.3
1355460 1108.2
1355470 1105.6
1355480 1105.6
1355490 1101.6
1355500 1097.5
1355510 1097.5
1355520 1094.1
1355530 1091.4
1355540 1091.4
1355550 1089.0
1355560 1087.1
1355570 1087.1
1355580 1084.1
1355590 1078.8
1355600 1078.8
1355610 1071.7
1355620 1065.5
1355630 1061.0
1355640 1061.0
1355650 1056.9
1355660 1052.1
1355670 1052.1
1355680 1047.9
1355690 1045.7
1355700 1045.7
1355710 1043.6
1355720 1042.1
1355730 1042.1
1355740 1040.5
1355750 1037.9
1355760 1037.9
1355770 1034.5
1355780 1032.2
1355790 1032.2
1355800 1029.8
1355810 1027.3
1355820 1027.3
1355830 1026.4
1355840 1026.3
1355850 1026.3
1355860 1025.9
1355870 1024.1
1355880 1021.6
1355890 1021.6
1355900 1019.4
1355910 1018.4
1355920 1018.4
1355930 1017.5
1355940 1016.6
1355950 1016.6
1355960 1015.0
1355970 1013.4
1355980 1013.4
1355990 1012.4
1356000 1011.1
1356010 1011.1
1356020 1009.6
1356030 1008.3
1356040 1008.3
1356050 1007.1
1356060 1005.9
1356070 1005.9
1356080 1004.9
1356090 1003.6
1356100 1003.6
1356110 1002.5
1356120 1001.6
1356130 1000.6
1356140 1000.6
1356150 999.8
1356160 998.8
1356170 998.8
1356180 997.7
1356190 997.1
1356200 997.1
1356210 995.9
1356220 994.8
1356230 994.8
1356240 994.1
1356250 992.8
1356260 992.8
1356270 991.6
1356280 990.5
1356290 990.5
1356300 989.4
1356310 988.3
1356320 988.3
1356330 987.2
1356340 986.1
1356350 986.1
1356360 984.9
1356370 983.7
1356380 982.9
1356390 982.9
1356400 981.8
1356410 980.3
1356420 980.3
1356430 979.2
1356440 977.4
1356450 977.4
1356460 976.1
1356470 975.1
1356480 975.1
1356490 974.1
1356500 973.0
1356510 973.0
1356520 971.9
1356530 970.9
1356540 970.9
1356550 969.8
1356560 968.6
1356570 968.6
1356580 967.3
1356590 966.2
1356600 966.2
1356610 965.1
1356620 964.1
1356630 963.1
1356640 963.1
1356650 962.2
1356660 961.3
1356670 961.3
1356680 960.8
1356690 960.9
1356700 960.9
1356710 959.9
1356720 958.1
1356730 958.1
1356740 956.8
1356750 955.3
1356760 955.3
1356770 954.0
1356780 953.2
1356790 953.2
1356800 952.5
1356810 951.7
1356820 951.7
1356830 951.0
1356840 950.2
1356850 950.2
1356860 949.5
1356870 948.8
1356880 948.1
1356890 948.1
1356900 947.4
1356910 946.7
1356920 946.7
1356930 945.9
1356940 945.0
1356950 945.0
1356960 943.6
1356970 942.3
1356980 942.3
1356990 941.1
1357000 940.0
1357010 940.0
1357020 939.0
1357030 938.2
1357040 938.2
1357050 937.6
1357060 937.1
1357070 937.1
1357080 936.8
1357090 936.5
1357100 936.5
1357110 936.3
1357120 936.1
1357130 935.9
1357140 935.9
1357150 935.6
1357160 935.1
1357170 935.1
1357180 934.7
1357190 934.3
1357200 934.3
1357210 933.4
1357220 931.9
1357230 931.9
1357240 931.1
1357250 931.4
1357260 931.4
1357270 932.8
1357280 934.7
1357290 934.7
1357300 935.8
1357310 936.5
1357320 936.5
1357330 937.1
1357340 937.2
1357350 937.2
1357360 936.9
1357370 937.7
1357380 940.7
1357390 940.7
1357400 943.9
1357410 945.7
1357420 945.7
1357430 947.4
1357440 947.6
1357450 947.6
1357460 947.8
1357470 948.6
1357480 948.6
1357490 950.0
1357500 950.8
1357510 950.8
1357520 951.6
1357530 952.8
1357540 952.8
1357550 954.3
1357560 955.7
1357570 955.7
1357580 957.4
1357590 958.7
1357600 958.7
1357610 959.6
1357620 960.4
1357630 962.6
1357640 962.6
1357650 963.7
1357660 965.5
1357670 965.5
1357680 966.5
1357690 967.8
1357700 967.8
1357710 968.8
1357720 969.6
1357730 969.6
1357740 971.0
1357750 971.3
1357760 971.3
1357770 971.3
1357780 972.4
1357790 972.4
1357800 973.0
1357810 973.9
1357820 973.9
1357830 975.0
1357840 976.4
1357850 976.4
1357860 977.3
1357870 978.9
1357880 980.4
1357890 980.4
1357900 982.6
1357910 984.8
1357920 984.8
1357930 987.1
1357940 989.8
1357950 989.8
1357960 992.0
1357970 994.3
1357980 994.3
1357990 996.1
1358000 998.7
1358010 998.7
1358020 1001.3
1358030 1003.3
1358040 1003.3
1358050 1006.3
1358060 1009.1
1358070 1009.1
1358080 1010.7
1358090 1011.6
1358100 1011.6
1358110 1014.3
1358120 1017.3
1358130 1019.0
1358140 1019.0
1358150 1020.0
1358160 1021.7
1358170 1021.7
1358180 1023.2
1358190 1026.8
1358200 1026.8
1358210 1028.7
1358220 1031.1
1358230 1031.1
1358240 1031.7
1358250 1033.6
1358260 1033.6
1358270 1034.7
1358280 1035.5
1358290 1035.5
1358300 1035.0
1358310 1033.6
1358320 1033.6
1358330 1033.5
1358340 1035.7
1358350 1035.7
1358360 1041.3
1358370 1047.7
1358380 1053.9
1358390 1053.9
1358400 1060.0
1358410 1064.2
1358420 1064.2
1358430 1065.4
1358440 1065.9
1358450 1065.9
1358460 1066.3
1358470 1068.1
1358480 1068.1
1358490 1071.6
1358500 1075.5
1358510 1075.5
1358520 1079.3
1358530 1083.3
1358540 1083.3
1358550 1088.1
1358560 1094.3
1358570 1094.3
1358580 1101.8
1358590 1109.5
1358600 1109.5
1358610 1117.1
1358620 1124.4
1358630 1131.8
1358640 1131.8
1358650 1139.3
1358660 1146.5
1358670 1146.5
1358680 1154.0
1358690 1161.9
1358700 1161.9
1358710 1170.2
1358720 1178.4
1358730 1178.4
1358740 1186.4
1358750 1194.6
1358760 1194.6
1358770 1203.0
1358780 1211.4
1358790 1211.4
1358800 1219.3
1358810 1227.1
1358820 1227.1
1358830 1234.2
1358840 1238.3
1358850 1238.3
1358860 1237.7
1358870 1237.0
1358880 1234.0
1358890 1234.0
1358900 1231.4
1358910 1230.0
1358920 1230.0
1358930 1229.4
1358940 1226.4
1358950 1226.4
1358960 1224.6
1358970 1223.9
1358980 1223.9
1358990 1224.3
1359000 1224.6
1359010 1224.6
1359020 1225.4
1359030 1226.8
1359040 1226.8
1359050 1226.9
1359060 1226.8
1359070 1226.8
1359080 1223.1
1359090 1216.5
1359100 1216.5
1359110 1208.8
1359120 1207.7
1359130 1216.0
1359140 1216.0
1359150 1223.1
1359160 1225.6
1359170 1225.6
1359180 1223.0
1359190 1221.3
1359200 1234.8
1359210 1230.2
1359220 1228.7
1359230 1228.7
1359240 1228.9
1359250 1229.4
1359260 1229.4
1359270 1228.2
1359280 1227.5
1359290 1227.5
1359300 1227.0
1359310 1230.1
1359320 1230.1
1359330 1235.8
1359340 1239.5
1359350 1239.5
1359360 1244.3
1359370 1250.8
1359380 1256.5
1359390 1256.5
1359400 1260.0
1359410 1263.0
1359420 1263.0
1359430 1266.6
1359440 1270.6
1359450 1270.6
1359460 1274.4
1359470 1276.7
1359480 1276.7
1359490 1278.5
1359500 1280.7
1359510 1280.7
1359520 1284.5
1359530 1289.8
1359540 1289.8
1359550 1295.7
1359560 1300.1
1359570 1300.1
1359580 1304.7
1359590 1309.0
1359600 1309.0
1359610 1310.3
1359620 1312.3
1359630 1315.8
1359640 1315.8
1359650 1320.1
1359660 1324.7
1359670 1324.7
1359680 1329.8
1359690 1335.7
1359700 1335.7
1359710 1341.1
1359720 1346.4
1359730 1346.4
1359740 1351.3
1359750 1355.5
1359760 1355.5
1359770 1359.0
1359780 1363.0
1359790 1363.0
1359800 1367.2
1359810 1369.2
1359820 1369.2
1359830 1371.8
1359840 1374.0
1359850 1374.0
1359860 1378.2
1359870 1383.2
1359880 1387.8
1359890 1387.8
1359900 1392.5
1359910 1397.4
1359920 1397.4
1359930 1402.2
1359940 1407.1
1359950 1407.1
1359960 1415.5
1359970 1424.6
1359980 1424.6
1359990 1432.2
