1340000 1714.9
1340010 1715.0
1340020 1714.4
1340030 1714.4
1340040 1713.3
1340050 1711.8
1340060 1711.8
1340070 1709.7
1340080 1708.6
1340090 1708.6
1340100 1707.2
1340110 1705.9
1340120 1704.3
1340130 1704.3
1340140 1702.3
1340150 1699.8
1340160 1699.8
1340170 1697.6
1340180 1696.8
1340190 1696.8
1340200 1695.0
1340210 1692.4
1340220 1692.4
1340230 1689.5
1340240 1685.0
1340250 1685.0
1340260 1679.7
1340270 1674.5
1340280 1674.5
1340290 1670.2
1340300 1665.8
1340310 1665.8
1340320 1659.6
1340330 1656.0
1340340 1656.0
1340350 1653.4
1340360 1649.6
1340370 1645.4
1340380 1645.4
1340390 1642.3
1340400 1639.8
1340410 1639.8
1340420 1636.6
1340430 1632.5
1340440 1632.5
1340450 1627.7
1340460 1624.0
1340470 1624.0
1340480 1621.8
1340490 1620.2
1340500 1620.2
1340510 1617.8
1340520 1623.6
1340530 1623.6
1340540 1623.6
1340550 1623.2
1340560 1623.2
1340570 1620.7
1340580 1618.3
1340590 1618.3
1340600 1615.2
1340610 1611.4
1340620 1611.4
1340630 1608.3
1340640 1606.1
1340650 1603.9
1340660 1603.9
1340670 1602.0
1340680 1599.5
1340690 1599.5
1340700 1596.7
1340710 1593.9
1340720 1593.9
1340730 1591.2
1340740 1588.7
1340750 1588.7
1340760 1586.3
1340770 1584.0
1340780 1584.0
1340790 1581.8
1340800 1579.3
1340810 1579.3
1340820 1576.5
1340830 1573.8
1340840 1573.8
1340850 1570.3
1340860 1566.5
1340870 1566.5
1340880 1564.5
1340890 1563.9
1340900 1560.8
1340910 1560.8
1340920 1556.6
1340930 1551.4
1340940 1551.4
1340950 1545.0
1340960 1538.8
1340970 1538.8
1340980 1531.8
1340990 1523.6
1341000 1523.6
1341010 1513.7
1341020 1506.4
1341030 1506.4
1341040 1501.1
1341050 1496.3
1341060 1496.3
1341070 1491.7
1341080 1487.0
1341090 1487.0
1341100 1482.6
1341110 1479.2
1341120 1479.2
1341130 1476.1
1341140 1473.6
1341150 1471.3
1341160 1471.3
1341170 1468.7
1341180 1465.4
1341190 1465.4
1341200 1461.6
1341210 1457.8
1341220 1457.8
1341230 1454.9
1341240 1452.3
1341250 1452.3
1341260 1448.7
1341270 1444.3
1341280 1444.3
1341290 1439.4
1341300 1434.1
1341310 1434.1
1341320 1428.3
1341330 1423.5
1341340 1423.5
1341350 1418.3
1341360 1417.7
1341370 1417.7
1341380 1420.8
1341390 1424.1
1341400 1428.0
1341410 1428.0
1341420 1424.1
1341430 1420.4
1341440 1420.4
1341450 1416.7
1341460 1412.3
1341470 1412.3
1341480 1408.2
1341490 1403.7
1341500 1403.7
1341510 1398.9
1341520 1398.5
1341530 1398.5
1341540 1398.8
1341550 1398.4
1341560 1398.4
1341570 1397.4
1341580 1396.4
1341590 1396.4
1341600 1395.7
1341610 1395.4
1341620 1395.4
1341630 1395.3
1341640 1395.3
1341650 1394.9
1341660 1394.9
1341670 1393.8
1341680 1394.7
1341690 1394.7
1341700 1396.0
1341710 1399.0
1341720 1399.0
1341730 1404.2
1341740 1409.4
1341750 1409.4
1341760 1415.2
1341770 1421.3
1341780 1421.3
1341790 1427.8
1341800 1435.6
1341810 1435.6
1341820 1443.4
1341830 1451.1
1341840 1451.1
1341850 1455.8
1341860 1458.8
1341870 1458.8
1341880 1461.9
1341890 1465.4
1341900 1468.3
1341910 1468.3
1341920 1470.4
1341930 1472.4
1341940 1472.4
1341950 1474.4
1341960 1476.3
1341970 1476.3
1341980 1478.4
1341990 1480.6
1342000 1480.6
1342010 1482.5
1342020 1484.5
1342030 1484.5
1342040 1486.9
1342050 1488.7
1342060 1488.7
1342070 1490.3
1342080 1494.3
1342090 1494.3
1342100 1498.4
1342110 1502.9
1342120 1502.9
1342130 1507.2
1342140 1511.7
1342150 1511.7
1342160 1517.0
1342170 1522.7
1342180 1529.0
1342190 1529.0
1342200 1535.0
1342210 1540.9
1342220 1540.9
1342230 1546.6
1342240 1552.6
1342250 1552.6
1342260 1558.3
1342270 1564.4
1342280 1564.4
1342290 1570.0
1342300 1572.4
1342310 1572.4
1342320 1578.2
1342330 1584.9
1342340 1584.9
1342350 1592.1
1342360 1598.6
1342370 1598.6
1342380 1604.2
1342390 1608.9
1342400 1608.9
1342410 1613.7
1342420 1619.2
1342430 1624.5
1342440 1624.5
1342450 1631.2
1342460 1637.6
1342470 1637.6
1342480 1643.2
1342490 1649.2
1342500 1649.2
1342510 1655.7
1342520 1661.0
1342530 1661.0
1342540 1664.9
1342550 1669.3
1342560 1669.3
1342570 1673.1
1342580 1675.7
1342590 1675.7
1342600 1678.6
1342610 1681.8
1342620 1681.8
1342630 1684.2
1342640 1686.9
1342650 1686.9
1342660 1689.2
1342670 1691.5
1342680 1693.7
1342690 1693.7
1342700 1695.9
1342710 1698.0
1342720 1698.0
1342730 1699.2
1342740 1699.6
1342750 1699.6
1342760 1699.9
1342770 1700.6
1342780 1700.6
1342790 1701.3
1342800 1701.5
1342810 1701.5
1342820 1701.3
1342830 1701.5
1342840 1701.5
1342850 1701.9
1342860 1702.4
1342870 1702.4
1342880 1702.9
1342890 1703.2
1342900 1703.2
1342910 1703.8
1342920 1704.1
1342930 1704.4
1342940 1704.4
1342950 1705.4
1342960 1707.3
1342970 1707.3
1342980 1708.4
1342990 1707.9
1343000 1707.9
1343010 1707.2
1343020 1706.8
1343030 1706.8
1343040 1706.4
1343050 1704.4
1343060 1704.4
1343070 1701.8
1343080 1701.1
1343090 1701.1
1343100 1700.2
1343110 1699.3
1343120 1699.3
1343130 1698.9
1343140 1697.5
1343150 1697.5
1343160 1696.0
1343170 1696.2
1343180 1696.9
1343190 1696.9
1343200 1692.1
1343210 1690.6
1343220 1690.6
1343230 1688.3
1343240 1685.9
1343250 1685.9
1343260 1683.3
1343270 1680.2
1343280 1680.2
1343290 1676.7
1343300 1672.6
1343310 1672.6
1343320 1668.5
1343330 1664.2
1343340 1664.2
1343350 1665.9
1343360 1671.9
1343370 1671.9
1343380 1676.7
1343390 1681.2
1343400 1681.2
1343410 1686.2
1343420 1691.0
1343430 1694.4
1343440 1694.4
1343450 1697.2
1343460 1699.9
1343470 1699.9
1343480 1703.0
1343490 1706.6
1343500 1706.6
1343510 1710.4
1343520 1714.3
1343530 1714.3
1343540 1718.5
1343550 1722.6
1343560 1722.6
1343570 1726.7
1343580 1731.4
1343590 1731.4
1343600 1735.2
1343610 1738.4
1343620 1738.4
1343630 1741.9
1343640 1746.4
1343650 1746.4
1343660 1750.4
1343670 1754.0
1343680 1754.0
1343690 1757.6
1343700 1760.9
1343710 1764.6
1343720 1764.6
1343730 1769.1
1343740 1774.7
1343750 1774.7
1343760 1778.4
1343770 1782.3
1343780 1782.3
1343790 1785.5
1343800 1788.6
1343810 1788.6
1343820 1791.9
1343830 1794.7
1343840 1794.7
1343850 1797.1
1343860 1799.6
1343870 1799.6
1343880 1801.9
1343890 1804.3
1343900 1804.3
1343910 1807.7
1343920 1811.8
1343930 1811.8
1343940 1814.8
1343950 1817.5
1343960 1820.4
1343970 1820.4
1343980 1823.6
1343990 1827.2
1344000 1827.2
1344010 1830.7
1344020 1834.2
1344030 1834.2
1344040 1837.1
1344050 1839.9
1344060 1839.9
1344070 1842.8
1344080 1845.7
1344090 1845.7
1344100 1847.2
1344110 1849.0
1344120 1849.0
1344130 1850.9
1344140 1852.9
1344150 1852.9
1344160 1855.2
1344170 1857.4
1344180 1857.4
1344190 1860.2
1344200 1863.1
1344210 1865.8
1344220 1865.8
1344230 1868.4
1344240 1871.1
1344250 1871.1
1344260 1874.6
1344270 1876.5
1344280 1876.5
1344290 1877.6
1344300 1879.0
1344310 1879.0
1344320 1880.8
1344330 1882.9
1344340 1882.9
1344350 1885.5
1344360 1888.1
1344370 1888.1
1344380 1889.2
1344390 1888.8
1344400 1888.8
1344410 1889.3
1344420 1890.2
1344430 1890.2
1344440 1889.0
1344450 1886.3
1344460 1882.5
1344470 1882.5
1344480 1878.9
1344490 1876.6
1344500 1876.6
1344510 1875.2
1344520 1874.6
1344530 1874.6
1344540 1873.1
1344550 1872.2
1344560 1872.2
1344570 1870.9
1344580 1869.8
1344590 1869.8
1344600 1871.8
1344610 1875.3
1344620 1875.3
1344630 1874.7
1344640 1871.0
1344650 1871.0
1344660 1867.8
1344670 1864.6
1344680 1864.6
1344690 1861.3
1344700 1859.6
1344710 1858.8
1344720 1858.8
1344730 1858.7
1344740 1858.1
1344750 1858.1
1344760 1856.1
1344770 1852.1
1344780 1852.1
1344790 1846.4
1344800 1839.8
1344810 1839.8
1344820 1835.4
1344830 1831.9
1344840 1831.9
1344850 1830.7
1344860 1829.7
1344870 1829.7
1344880 1828.9
1344890 1828.1
1344900 1828.1
1344910 1825.6
1344920 1823.1
1344930 1823.1
1344940 1823.2
1344950 1823.2
1344960 1823.1
1344970 1823.1
1344980 1823.9
1344990 1824.7
1345000 1824.7
1345010 1819.4
1345020 1819.7
1345030 1819.7
1345040 1820.9
1345050 1821.2
1345060 1821.2
1345070 1819.9
1345080 1820.5
1345090 1820.5
1345100 1822.5
1345110 1824.7
1345120 1824.7
1345130 1827.8
1345140 1829.9
1345150 1829.9
1345160 1831.0
1345170 1832.5
1345180 1832.5
1345190 1833.7
1345200 1833.7
1345210 1833.7
1345220 1833.7
1345230 1835.0
1345240 1835.4
1345250 1835.4
1345260 1834.5
1345270 1832.1
1345280 1832.1
1345290 1829.6
1345300 1826.5
1345310 1826.5
1345320 1820.4
1345330 1816.3
1345340 1816.3
1345350 1814.8
1345360 1815.6
1345370 1815.6
1345380 1816.1
1345390 1815.0
1345400 1815.0
1345410 1814.6
1345420 1814.9
1345430 1814.9
1345440 1815.7
1345450 1817.4
1345460 1817.4
1345470 1816.2
1345480 1819.2
1345490 1820.4
1345500 1820.4
1345510 1822.1
1345520 1824.0
1345530 1824.0
1345540 1824.7
1345550 1823.4
1345560 1823.4
1345570 1822.1
1345580 1822.4
1345590 1822.4
1345600 1824.5
1345610 1827.0
1345620 1827.0
1345630 1828.7
1345640 1829.0
1345650 1829.0
1345660 1829.5
1345670 1830.3
1345680 1830.3
1345690 1830.6
1345700 1829.2
1345710 1829.2
1345720 1828.4
1345730 1829.7
1345740 1831.9
1345750 1831.9
1345760 1834.1
1345770 1834.7
1345780 1834.7
1345790 1834.4
1345800 1834.3
1345810 1834.3
1345820 1834.4
1345830 1833.7
1345840 1833.7
1345850 1832.7
1345860 1830.4
1345870 1830.4
1345880 1832.2
1345890 1838.6
1345900 1838.6
1345910 1842.4
1345920 1845.0
1345930 1839.6
1345940 1840.8
1345950 1842.3
1345960 1842.3
1345970 1844.2
1345980 1846.9
1345990 1849.2
1346000 1849.2
1346010 1850.3
1346020 1851.9
1346030 1851.9
1346040 1851.6
1346050 1851.1
1346060 1851.1
1346070 1850.7
1346080 1848.9
1346090 1848.9
1346100 1847.1
1346110 1846.2
1346120 1846.2
1346130 1845.7
1346140 1844.1
1346150 1844.1
1346160 1842.1
1346170 1841.7
1346180 1841.7
1346190 1842.6
1346200 1842.6
1346210 1842.6
1346220 1841.0
1346230 1840.6
1346240 1839.4
1346250 1839.4
1346260 1838.6
1346270 1837.9
1346280 1837.9
1346290 1837.2
1346300 1835.3
1346310 1835.3
1346320 1832.5
1346330 1830.4
1346340 1830.4
1346350 1828.0
1346360 1824.9
1346370 1824.9
1346380 1823.9
1346390 1823.1
1346400 1823.1
1346410 1820.3
1346420 1816.9
1346430 1816.9
1346440 1813.5
1346450 1811.4
1346460 1811.4
1346470 1810.3
1346480 1809.4
1346490 1809.4
1346500 1809.1
1346510 1809.6
1346520 1810.7
1346530 1810.7
1346540 1811.7
1346550 1812.3
1346560 1812.3
1346570 1813.8
1346580 1815.8
1346590 1815.8
1346600 1818.0
1346610 1814.5
1346620 1814.5
1346630 1812.4
1346640 1809.0
1346650 1809.0
1346660 1803.8
1346670 1797.2
1346680 1797.2
1346690 1789.3
1346700 1780.3
1346710 1780.3
1346720 1770.6
1346730 1766.7
1346740 1766.7
1346750 1769.9
1346760 1776.9
1346770 1784.2
1346780 1784.2
1346790 1792.1
1346800 1798.2
1346810 1798.2
1346820 1802.1
1346830 1804.1
1346840 1804.1
1346850 1801.0
1346860 1801.6
1346870 1801.6
1346880 1803.1
1346890 1803.6
1346900 1803.6
1346910 1804.1
1346920 1803.9
1346930 1803.9
1346940 1803.1
1346950 1800.8
1346960 1800.8
1346970 1798.9
1346980 1799.6
1346990 1799.6
1347000 1800.9
1347010 1801.6
1347020 1800.5
1347030 1800.5
1347040 1799.3
1347050 1798.3
1347060 1798.3
1347070 1798.6
1347080 1798.0
1347090 1798.0
1347100 1796.7
1347110 1795.6
1347120 1795.6
1347130 1794.7
1347140 1793.6
1347150 1793.6
1347160 1793.0
1347170 1792.9
1347180 1792.9
1347190 1793.6
1347200 1793.9
1347210 1793.9
1347220 1791.4
1347230 1790.6
1347240 1790.6
1347250 1790.1
1347260 1789.3
1347270 1789.3
1347280 1789.3
1347290 1789.2
1347300 1788.6
1347310 1788.6
1347320 1788.0
1347330 1788.2
1347340 1788.2
1347350 1788.3
1347360 1787.6
1347370 1787.6
1347380 1786.8
1347390 1786.5
1347400 1786.5
1347410 1785.3
1347420 1784.1
1347430 1784.1
1347440 1784.1
1347450 1783.9
1347460 1783.9
1347470 1782.2
1347480 1778.4
1347490 1778.4
1347500 1775.6
1347510 1773.3
1347520 1770.8
1347530 1770.8
1347540 1767.8
1347550 1763.8
1347560 1763.8
1347570 1758.9
1347580 1754.5
1347590 1754.5
1347600 1751.5
1347610 1746.3
1347620 1746.3
1347630 1740.4
1347640 1736.1
1347650 1736.1
1347660 1729.1
1347670 1722.4
1347680 1722.4
1347690 1717.8
1347700 1722.7
1347710 1722.7
1347720 1728.1
1347730 1730.5
1347740 1730.5
1347750 1736.4
1347760 1740.5
1347770 1742.9
1347780 1739.6
1347790 1742.1
1347800 1744.5
1347810 1744.5
1347820 1747.1
1347830 1748.0
1347840 1748.0
1347850 1748.7
1347860 1749.5
1347870 1749.5
1347880 1750.6
1347890 1751.8
1347900 1751.8
1347910 1752.6
1347920 1753.7
1347930 1753.7
1347940 1755.2
1347950 1756.7
1347960 1756.7
1347970 1758.3
1347980 1759.0
1347990 1759.0
1348000 1758.7
1348010 1757.5
1348020 1757.5
1348030 1756.5
1348040 1755.8
1348050 1755.9
1348060 1755.9
1348070 1755.4
1348080 1754.2
1348090 1754.2
1348100 1752.3
1348110 1750.0
1348120 1750.0
1348130 1748.7
1348140 1746.9
1348150 1746.9
1348160 1743.6
1348170 1740.2
1348180 1740.2
1348190 1737.7
1348200 1735.6
1348210 1735.6
1348220 1732.8
1348230 1729.5
1348240 1729.5
1348250 1726.4
1348260 1723.4
1348270 1723.4
1348280 1720.2
1348290 1717.5
1348300 1715.1
1348310 1715.1
1348320 1712.5
1348330 1709.1
1348340 1709.1
1348350 1706.4
1348360 1702.4
1348370 1702.4
1348380 1699.9
1348390 1698.2
1348400 1698.2
1348410 1694.3
1348420 1689.4
1348430 1689.4
1348440 1685.8
1348450 1683.3
1348460 1683.3
1348470 1680.6
1348480 1676.8
1348490 1676.8
1348500 1673.8
1348510 1670.5
1348520 1670.5
1348530 1667.4
1348540 1665.3
1348550 1663.9
1348560 1663.9
1348570 1662.8
1348580 1661.4
1348590 1661.4
1348600 1659.6
1348610 1657.5
1348620 1657.5
1348630 1654.7
1348640 1651.6
1348650 1651.6
1348660 1649.5
1348670 1648.6
1348680 1648.6
1348690 1646.9
1348700 1644.6
1348710 1640.7
1348720 1639.1
1348730 1637.1
1348740 1637.1
1348750 1634.0
1348760 1631.0
1348770 1631.0
1348780 1629.3
1348790 1627.2
1348800 1623.5
1348810 1623.5
1348820 1622.4
1348830 1620.2
1348840 1620.2
1348850 1618.4
1348860 1617.1
1348870 1617.1
1348880 1615.2
1348890 1613.6
1348900 1613.6
1348910 1612.8
1348920 1611.9
1348930 1611.9
1348940 1610.9
1348950 1608.5
1348960 1608.5
1348970 1607.8
1348980 1606.4
1348990 1606.4
1349000 1606.0
1349010 1605.6
1349020 1605.6
1349030 1605.5
1349040 1605.4
1349050 1604.7
1349060 1604.7
1349070 1603.0
1349080 1601.1
1349090 1601.1
1349100 1599.5
1349110 1598.4
1349120 1598.4
1349130 1597.2
1349140 1595.4
1349150 1595.4
1349160 1593.3
1349170 1591.7
1349180 1591.7
1349190 1590.3
1349200 1589.0
1349210 1589.0
1349220 1587.8
1349230 1586.4
1349240 1586.4
1349250 1584.8
1349260 1583.6
1349270 1583.6
1349280 1582.8
1349290 1581.6
1349300 1580.1
1349310 1580.1
1349320 1578.6
1349330 1577.1
1349340 1577.1
1349350 1575.6
1349360 1574.1
1349370 1574.1
1349380 1573.5
1349390 1572.5
1349400 1572.5
1349410 1570.5
1349420 1569.4
1349430 1569.4
1349440 1567.2
1349450 1565.6
1349460 1565.6
1349470 1563.9
1349480 1561.3
1349490 1561.3
1349500 1559.4
1349510 1558.0
1349520 1558.0
1349530 1556.6
1349540 1555.4
1349550 1555.4
1349560 1552.9
1349570 1551.8
1349580 1549.4
1349590 1549.4
1349600 1548.5
1349610 1547.5
1349620 1547.5
1349630 1547.3
1349640 1546.9
1349650 1545.7
1349660 1544.3
1349670 1543.5
1349680 1543.5
1349690 1543.0
1349700 1542.5
1349710 1542.5
1349720 1542.1
1349730 1540.5
1349740 1540.5
1349750 1539.3
1349760 1538.0
1349770 1538.0
1349780 1537.1
1349790 1536.0
1349800 1536.0
1349810 1534.3
1349820 1533.3
1349830 1531.6
1349840 1531.6
1349850 1530.7
1349860 1529.3
1349870 1529.3
1349880 1527.3
1349890 1525.7
1349900 1525.7
1349910 1524.0
1349920 1522.0
1349930 1522.0
1349940 1521.0
1349950 1519.5
1349960 1519.5
1349970 1517.9
1349980 1516.4
1349990 1516.4
1350000 1515.1
1350010 1513.7
1350020 1513.7
1350030 1512.3
1350040 1510.4
1350050 1510.4
1350060 1508.1
1350070 1506.1
1350080 1504.1
1350090 1504.1
1350100 1502.3
1350110 1501.2
1350120 1501.2
1350130 1501.2
1350140 1501.3
1350150 1501.3
1350160 1501.9
1350170 1503.5
1350180 1503.5
1350190 1504.3
1350200 1505.0
1350210 1505.0
1350220 1505.9
1350230 1505.7
1350240 1505.7
1350250 1505.1
1350260 1504.5
1350270 1504.5
1350280 1503.5
1350290 1502.0
1350300 1502.0
1350310 1500.7
1350320 1498.7
1350330 1496.3
1350340 1496.3
1350350 1493.7
1350360 1490.6
1350370 1490.6
1350380 1487.8
1350390 1485.0
1350400 1485.0
1350410 1482.6
1350420 1479.7
1350430 1479.7
1350440 1476.7
1350450 1475.4
1350460 1475.4
1350470 1476.0
1350480 1475.1
1350490 1475.1
1350500 1472.0
1350510 1469.4
1350520 1469.4
1350530 1468.4
1350540 1468.4
1350550 1468.4
1350560 1467.3
1350570 1464.5
1350580 1463.8
1350590 1463.8
1350600 1463.3
1350610 1463.3
1350620 1463.3
1350630 1463.2
1350640 1463.1
1350650 1463.1
1350660 1462.8
1350670 1462.7
1350680 1462.7
1350690 1462.5
1350700 1462.2
1350710 1462.2
1350720 1462.0
1350730 1461.7
1350740 1461.7
1350750 1461.4
1350760 1461.0
1350770 1461.0
1350780 1460.8
1350790 1460.4
1350800 1460.4
1350810 1460.0
1350820 1459.5
1350830 1459.1
1350840 1459.1
1350850 1458.9
1350860 1458.8
1350870 1458.8
1350880 1458.5
1350890 1457.8
1350900 1457.8
1350910 1457.2
1350920 1455.7
1350930 1455.7
1350940 1452.7
1350950 1449.8
1350960 1449.8
1350970 1447.7
1350980 1446.5
1350990 1446.5
1351000 1445.0
1351010 1443.0
1351020 1443.0
1351030 1441.5
1351040 1440.2
1351050 1440.2
1351060 1436.1
1351070 1434.3
1351080 1434.3
1351090 1434.5
1351100 1431.5
1351110 1423.8
1351120 1423.8
1351130 1415.5
1351140 1410.2
1351150 1410.2
1351160 1409.1
1351170 1411.5
1351180 1411.5
1351190 1414.0
1351200 1417.9
1351210 1417.9
1351220 1423.2
1351230 1427.5
1351240 1427.5
1351250 1427.3
1351260 1422.5
1351270 1422.5
1351280 1425.2
1351290 1429.0
1351300 1429.0
1351310 1427.2
1351320 1427.0
1351330 1427.0
1351340 1430.2
1351350 1434.2
1351360 1435.7
1351370 1435.7
1351380 1438.1
1351390 1439.8
1351400 1439.8
1351410 1440.0
1351420 1440.3
1351430 1440.3
1351440 1439.6
1351450 1435.5
1351460 1435.5
1351470 1436.1
1351480 1439.8
1351490 1439.8
1351500 1439.4
1351510 1439.7
1351520 1439.7
1351530 1440.0
1351540 1439.6
1351550 1438.6
1351560 1437.7
1351570 1436.3
1351580 1436.3
1351590 1437.6
1351600 1437.7
1351610 1437.0
1351620 1437.0
1351630 1437.6
1351640 1438.0
1351650 1438.0
1351660 1437.7
1351670 1438.3
1351680 1438.3
1351690 1438.6
1351700 1438.8
1351710 1438.8
1351720 1439.1
1351730 1439.1
1351740 1439.1
1351750 1439.0
1351760 1436.5
1351770 1436.5
1351780 1438.0
1351790 1439.7
1351800 1439.7
1351810 1439.8
1351820 1440.1
1351830 1440.1
1351840 1439.9
1351850 1440.3
1351860 1440.6
1351870 1440.6
1351880 1441.2
1351890 1443.6
1351900 1443.6
1351910 1445.2
1351920 1446.2
1351930 1446.2
1351940 1446.7
1351950 1447.3
1351960 1447.3
1351970 1447.6
1351980 1447.9
1351990 1447.9
1352000 1445.3
1352010 1437.5
1352020 1437.5
1352030 1429.6
1352040 1422.1
1352050 1422.1
1352060 1419.5
1352070 1425.9
1352080 1425.9
1352090 1432.4
1352100 1438.7
1352110 1443.8
1352120 1443.8
1352130 1446.8
1352140 1447.3
1352150 1447.3
1352160 1449.4
1352170 1449.7
1352180 1449.7
1352190 1449.7
1352200 1450.3
1352210 1450.3
1352220 1450.4
1352230 1449.6
1352240 1449.6
1352250 1449.6
1352260 1448.6
1352270 1448.6
1352280 1448.0
1352290 1447.1
1352300 1447.1
1352310 1447.4
1352320 1448.0
1352330 1448.0
1352340 1448.0
1352350 1447.5
1352360 1446.8
1352370 1446.8
1352380 1446.0
1352390 1445.1
1352400 1445.1
1352410 1444.2
1352420 1444.0
1352430 1444.0
1352440 1443.3
1352450 1442.1
1352460 1442.1
1352470 1441.6
1352480 1442.7
1352490 1442.7
1352500 1443.7
1352510 1440.4
1352520 1440.4
1352530 1440.8
1352540 1443.4
1352550 1443.4
1352560 1446.0
1352570 1447.4
1352580 1447.4
1352590 1448.0
1352600 1448.9
1352610 1448.9
1352620 1450.6
1352630 1452.7
1352640 1455.0
1352650 1455.0
1352660 1457.3
1352670 1459.5
1352680 1459.5
1352690 1461.8
1352700 1463.4
1352710 1463.4
1352720 1461.9
1352730 1458.9
1352740 1458.9
1352750 1456.5
1352760 1454.8
1352770 1454.8
1352780 1453.9
1352790 1452.9
1352800 1452.9
1352810 1451.2
1352820 1447.3
1352830 1447.3
1352840 1443.1
1352850 1439.4
1352860 1439.4
1352870 1434.9
1352880 1428.9
1352890 1422.7
1352900 1422.7
1352910 1423.1
1352920 1426.3
1352930 1426.3
1352940 1427.5
1352950 1428.3
1352960 1428.3
1352970 1428.7
1352980 1429.1
1352990 1429.1
1353000 1428.6
1353010 1427.2
1353020 1427.2
1353030 1425.7
1353040 1425.2
1353050 1425.2
1353060 1425.4
1353070 1425.6
1353080 1425.6
1353090 1427.4
1353100 1429.8
1353110 1429.8
1353120 1431.3
1353130 1430.6
1353140 1429.9
1353150 1429.9
1353160 1431.0
1353170 1431.9
1353180 1431.9
1353190 1431.3
1353200 1431.7
1353210 1431.7
1353220 1430.2
1353230 1424.7
1353240 1424.7
1353250 1418.0
1353260 1413.0
1353270 1413.0
1353280 1403.3
1353290 1392.1
1353300 1392.1
1353310 1381.0
1353320 1369.1
1353330 1369.1
1353340 1372.7
1353350 1383.2
1353360 1383.2
1353370 1394.0
1353380 1404.4
1353390 1419.3
1353400 1419.3
1353410 1433.5
1353420 1441.8
1353430 1441.8
1353440 1445.5
1353450 1447.5
1353460 1447.5
1353470 1447.5
1353480 1443.6
1353490 1443.6
1353500 1447.5
1353510 1449.9
1353520 1449.9
1353530 1452.7
1353540 1455.9
1353550 1455.9
1353560 1459.0
1353570 1461.1
1353580 1461.1
1353590 1463.3
1353600 1465.4
1353610 1465.4
1353620 1467.6
1353630 1469.7
1353640 1472.5
1353650 1472.5
1353660 1473.0
1353670 1471.6
1353680 1471.6
1353690 1468.2
1353700 1465.3
1353710 1465.3
1353720 1463.8
1353730 1463.4
1353740 1463.4
1353750 1464.0
1353760 1465.2
1353770 1465.2
1353780 1469.5
1353790 1475.9
1353800 1475.9
1353810 1482.6
1353820 1487.5
1353830 1487.5
1353840 1491.2
1353850 1494.9
1353860 1494.9
1353870 1501.3
1353880 1506.2
1353890 1510.2
1353900 1510.2
1353910 1515.9
1353920 1523.1
1353930 1523.1
1353940 1526.9
1353950 1528.0
1353960 1528.0
1353970 1528.7
1353980 1530.8
1353990 1530.8
1354000 1533.0
1354010 1533.8
1354020 1533.8
1354030 1532.4
1354040 1529.0
1354050 1529.0
1354060 1523.6
1354070 1520.4
1354080 1520.4
1354090 1518.3
1354100 1516.6
1354110 1516.6
1354120 1514.9
1354130 1512.9
1354140 1512.9
1354150 1511.3
1354160 1511.3
1354170 1512.4
1354180 1512.4
1354190 1513.8
1354200 1514.3
1354210 1514.3
1354220 1513.7
1354230 1513.7
1354240 1513.7
1354250 1514.6
1354260 1516.3
1354270 1516.3
1354280 1517.6
1354290 1518.2
1354300 1518.2
1354310 1517.3
1354320 1517.6
1354330 1517.6
1354340 1517.4
1354350 1517.3
1354360 1517.3
1354370 1517.1
1354380 1515.9
1354390 1515.9
1354400 1515.0
1354410 1516.8
1354420 1519.2
1354430 1519.2
1354440 1519.2
1354450 1511.5
1354460 1511.5
1354470 1508.9
1354480 1504.7
1354490 1504.7
1354500 1502.6
1354510 1501.4
1354520 1501.4
1354530 1502.2
1354540 1501.3
1354550 1501.3
1354560 1498.6
1354570 1496.8
1354580 1496.8
1354590 1496.8
1354600 1495.3
1354610 1495.3
1354620 1494.3
1354630 1491.6
1354640 1491.6
1354650 1489.4
1354660 1487.3
1354670 1486.2
1354680 1486.2
1354690 1483.1
1354700 1480.4
1354710 1480.4
1354720 1481.3
1354730 1484.8
1354740 1484.8
1354750 1488.7
1354760 1492.4
1354770 1492.4
1354780 1494.7
1354790 1496.0
1354800 1496.0
1354810 1494.6
1354820 1494.7
1354830 1494.7
1354840 1496.3
1354850 1495.9
1354860 1495.9
1354870 1496.2
1354880 1495.4
1354890 1495.4
1354900 1495.3
1354910 1495.1
1354920 1495.4
1354930 1495.4
1354940 1495.5
1354950 1495.4
1354960 1495.4
1354970 1494.5
1354980 1493.1
1354990 1493.1
1355000 1492.5
1355010 1491.2
1355020 1491.2
1355030 1489.6
1355040 1487.1
1355050 1487.1
1355060 1484.2
1355070 1482.4
1355080 1482.4
1355090 1481.4
1355100 1479.7
1355110 1479.7
1355120 1477.0
1355130 1474.2
1355140 1474.2
1355150 1470.6
1355160 1467.8
1355170 1463.2
1355180 1463.2
1355190 1457.3
1355200 1454.0
1355210 1454.0
1355220 1453.6
1355230 1452.3
1355240 1452.3
1355250 1451.4
1355260 1450.3
1355270 1450.3
1355280 1448.7
1355290 1446.9
1355300 1446.9
1355310 1444.9
1355320 1444.0
1355330 1444.0
1355340 1443.0
1355350 1442.7
1355360 1442.7
1355370 1444.7
1355380 1446.7
1355390 1446.7
1355400 1448.3
1355410 1447.5
1355420 1447.5
1355430 1443.8
1355440 1446.2
1355450 1445.5
1355460 1445.5
1355470 1442.5
1355480 1439.1
1355490 1439.1
1355500 1437.0
1355510 1437.0
1355520 1437.0
1355530 1436.2
1355540 1435.4
1355550 1435.4
1355560 1433.9
1355570 1431.7
1355580 1431.7
1355590 1429.8
1355600 1428.3
1355610 1428.3
1355620 1426.6
1355630 1423.7
1355640 1423.7
1355650 1419.4
1355660 1414.8
1355670 1414.8
1355680 1410.1
1355690 1407.6
1355700 1405.4
1355710 1405.4
1355720 1405.5
1355730 1406.6
1355740 1406.6
1355750 1407.6
1355760 1407.5
1355770 1407.5
1355780 1407.2
1355790 1408.2
1355800 1408.2
1355810 1409.1
1355820 1410.7
1355830 1410.7
1355840 1412.9
1355850 1416.2
1355860 1416.2
1355870 1420.6
1355880 1425.8
1355890 1425.8
1355900 1431.4
1355910 1437.3
1355920 1437.3
1355930 1441.8
1355940 1444.9
1355950 1445.8
1355960 1445.8
1355970 1449.8
1355980 1453.4
1355990 1453.4
1356000 1455.1
1356010 1458.3
1356020 1458.3
1356030 1460.4
1356040 1462.6
1356050 1462.6
1356060 1464.7
1356070 1465.2
1356080 1465.2
1356090 1464.8
1356100 1464.6
1356110 1464.6
1356120 1463.8
1356130 1463.8
1356140 1463.8
1356150 1464.0
1356160 1464.0
1356170 1464.0
1356180 1463.5
1356190 1462.2
1356200 1460.8
1356210 1460.8
1356220 1459.0
1356230 1457.9
1356240 1457.9
1356250 1457.0
1356260 1455.3
1356270 1455.3
1356280 1453.7
1356290 1451.6
1356300 1451.6
1356310 1449.7
1356320 1449.5
1356330 1449.5
1356340 1449.0
1356350 1448.3
1356360 1448.3
1356370 1447.6
1356380 1446.9
1356390 1446.9
1356400 1446.2
1356410 1445.0
1356420 1441.3
1356430 1439.9
1356440 1438.5
1356450 1437.6
1356460 1437.6
1356470 1437.0
1356480 1436.7
1356490 1436.7
1356500 1436.2
1356510 1435.9
1356520 1435.9
1356530 1434.3
1356540 1432.5
1356550 1432.5
1356560 1432.0
1356570 1431.6
1356580 1431.6
1356590 1430.4
1356600 1429.3
1356610 1429.3
1356620 1429.0
1356630 1428.7
1356640 1428.7
1356650 1428.1
1356660 1427.1
1356670 1427.1
1356680 1425.3
1356690 1423.3
1356700 1420.7
1356710 1420.7
1356720 1417.9
1356730 1415.1
1356740 1415.1
1356750 1413.2
1356760 1412.0
1356770 1412.0
1356780 1410.9
1356790 1410.0
1356800 1410.0
1356810 1407.4
1356820 1405.8
1356830 1405.8
1356840 1404.5
1356850 1404.2
1356860 1404.2
1356870 1403.6
1356880 1403.6
1356890 1403.6
1356900 1403.1
1356910 1401.3
1356920 1401.3
1356930 1397.8
1356940 1396.0
1356950 1394.0
1356960 1394.0
1356970 1391.7
1356980 1390.0
1356990 1390.0
1357000 1388.0
1357010 1385.6
1357020 1385.6
1357030 1383.0
1357040 1379.6
1357050 1379.6
1357060 1377.6
1357070 1375.4
1357080 1375.4
1357090 1372.8
1357100 1369.4
1357110 1369.4
1357120 1366.5
1357130 1363.3
1357140 1363.3
1357150 1361.6
1357160 1360.5
1357170 1360.5
1357180 1358.0
1357190 1355.1
1357200 1355.1
1357210 1354.0
1357220 1352.9
1357230 1351.8
1357240 1351.8
1357250 1351.7
1357260 1351.5
1357270 1351.5
1357280 1350.7
1357290 1349.4
1357300 1349.4
1357310 1348.1
1357320 1346.4
1357330 1346.4
1357340 1345.9
1357350 1345.4
1357360 1345.4
1357370 1344.1
1357380 1342.4
1357390 1342.4
1357400 1339.9
1357410 1338.1
1357420 1334.6
1357430 1332.1
1357440 1326.5
1357450 1326.5
1357460 1320.2
1357470 1316.5
1357480 1311.4
1357490 1311.4
1357500 1309.0
1357510 1305.3
1357520 1305.3
1357530 1302.0
1357540 1298.5
1357550 1298.5
1357560 1298.0
1357570 1297.9
1357580 1297.9
1357590 1296.2
1357600 1293.9
1357610 1293.9
1357620 1291.6
1357630 1289.7
1357640 1289.7
1357650 1287.9
1357660 1286.1
1357670 1286.1
1357680 1284.4
1357690 1282.9
1357700 1282.9
1357710 1281.3
1357720 1281.0
1357730 1281.2
1357740 1281.2
1357750 1280.8
1357760 1279.1
1357770 1279.1
1357780 1274.3
1357790 1267.8
1357800 1267.8
1357810 1262.5
1357820 1259.8
1357830 1259.8
1357840 1256.9
1357850 1254.6
1357860 1254.6
1357870 1253.9
1357880 1252.6
1357890 1252.6
1357900 1251.0
1357910 1247.6
1357920 1247.6
1357930 1242.3
1357940 1235.8
1357950 1235.8
1357960 1229.4
1357970 1220.9
1357980 1216.8
1357990 1216.8
1358000 1213.3
1358010 1209.0
1358020 1209.0
1358030 1206.2
1358040 1204.6
1358050 1204.6
1358060 1202.1
1358070 1200.2
1358080 1200.2
1358090 1199.1
1358100 1197.8
1358110 1197.8
1358120 1196.2
1358130 1195.4
1358140 1195.4
1358150 1194.3
1358160 1192.7
1358170 1192.7
1358180 1191.6
1358190 1190.3
1358200 1190.3
1358210 1188.8
1358220 1187.5
1358230 1186.2
1358240 1186.2
1358250 1184.6
1358260 1181.3
1358270 1181.3
1358280 1180.9
1358290 1182.7
1358300 1182.7
1358310 1183.4
1358320 1183.4
1358330 1183.4
1358340 1183.1
1358350 1182.4
1358360 1182.4
1358370 1181.9
1358380 1181.3
1358390 1181.3
1358400 1181.2
1358410 1182.0
1358420 1182.0
1358430 1177.6
1358440 1178.4
1358450 1178.4
1358460 1180.1
1358470 1181.6
1358480 1181.8
1358490 1181.8
1358500 1180.1
1358510 1178.4
1358520 1178.4
1358530 1177.8
1358540 1177.8
1358550 1177.8
1358560 1177.8
1358570 1178.6
1358580 1178.6
1358590 1178.9
1358600 1178.5
1358610 1178.5
1358620 1179.1
1358630 1179.4
1358640 1179.4
1358650 1178.9
1358660 1176.9
1358670 1176.9
1358680 1172.9
1358690 1169.0
1358700 1169.0
1358710 1165.3
1358720 1161.5
1358730 1161.5
1358740 1156.9
1358750 1153.3
1358760 1150.7
1358770 1150.7
1358780 1148.5
1358790 1146.7
1358800 1146.7
1358810 1144.4
1358820 1141.8
1358830 1141.8
1358840 1138.5
1358850 1135.3
1358860 1135.3
1358870 1132.5
1358880 1128.9
1358890 1128.9
1358900 1124.4
1358910 1120.3
1358920 1120.3
1358930 1115.7
1358940 1112.1
1358950 1112.1
1358960 1108.5
1358970 1105.1
1358980 1105.1
1358990 1101.4
1359000 1097.2
1359010 1093.8
1359020 1093.8
1359030 1091.3
1359040 1090.1
1359050 1090.1
1359060 1089.8
1359070 1089.9
1359080 1089.9
1359090 1088.7
1359100 1086.1
1359110 1086.1
1359120 1085.9
1359130 1085.9
1359140 1085.9
1359150 1082.4
1359160 1078.6
1359170 1078.6
1359180 1075.4
1359190 1072.8
1359200 1072.8
1359210 1070.1
1359220 1068.5
1359230 1068.5
1359240 1065.5
1359250 1061.1
1359260 1058.9
1359270 1058.9
1359280 1057.5
1359290 1057.1
1359300 1057.1
1359310 1055.3
1359320 1053.7
1359330 1053.7
1359340 1052.1
1359350 1050.6
1359360 1050.6
1359370 1050.6
1359380 1049.3
1359390 1049.3
1359400 1048.8
1359410 1050.3
1359420 1050.3
1359430 1050.4
1359440 1044.6
1359450 1044.6
1359460 1044.8
1359470 1044.4
1359480 1044.4
1359490 1044.6
1359500 1044.9
1359510 1044.4
1359520 1044.4
1359530 1042.8
1359540 1039.9
1359550 1039.9
1359560 1038.0
1359570 1036.3
1359580 1036.3
1359590 1035.6
1359600 1035.9
1359610 1035.9
1359620 1035.7
1359630 1035.2
1359640 1035.2
1359650 1035.5
1359660 1034.5
1359670 1034.5
1359680 1033.2
1359690 1032.1
1359700 1032.1
1359710 1029.3
1359720 1024.8
1359730 1024.8
1359740 1019.9
1359750 1015.3
1359760 1010.9
1359770 1010.9
1359780 1007.9
1359790 1007.3
1359800 1007.3
1359810 1007.8
1359820 1008.6
1359830 1008.6
1359840 1011.1
1359850 1015.1
1359860 1015.1
1359870 1018.0
1359880 1018.3
1359890 1018.3
1359900 1016.5
1359910 1014.6
1359920 1014.6
1359930 1013.6
1359940 1014.2
1359950 1014.2
1359960 1016.6
1359970 1021.0
1359980 1021.0
1359990 1024.8
