1340000 2013.3
1340010 2015.9
1340020 2020.0
1340030 2020.0
1340040 2024.7
1340050 2029.4
1340060 2029.4
1340070 2034.1
1340080 2039.9
1340090 2039.9
1340100 2047.0
1340110 2053.4
1340120 2053.4
1340130 2059.8
1340140 2065.2
1340150 2065.2
1340160 2070.4
1340170 2075.5
1340180 2075.5
1340190 2080.2
1340200 2084.8
1340210 2084.8
1340220 2088.6
1340230 2091.7
1340240 2091.7
1340250 2085.5
1340260 2088.1
1340270 2090.3
1340280 2090.3
1340290 2092.7
1340300 2095.7
1340310 2095.7
1340320 2097.2
1340330 2100.6
1340340 2100.6
1340350 2101.5
1340360 2100.2
1340370 2100.2
1340380 2097.8
1340390 2096.3
1340400 2096.3
1340410 2095.5
1340420 2094.4
1340430 2094.4
1340440 2092.4
1340450 2089.9
1340460 2089.9
1340470 2087.3
1340480 2083.6
1340490 2083.6
1340500 2081.4
1340510 2080.1
1340520 2079.1
1340530 2079.1
1340540 2078.2
1340550 2075.8
1340560 2075.8
1340570 2072.6
1340580 2071.2
1340590 2071.2
1340600 2070.5
1340610 2069.1
1340620 2069.1
1340630 2067.2
1340640 2065.8
1340650 2065.8
1340660 2064.3
1340670 2063.0
1340680 2063.0
1340690 2062.0
1340700 2061.1
1340710 2061.1
1340720 2060.3
1340730 2059.7
1340740 2059.7
1340750 2058.8
1340760 2058.0
1340770 2057.6
1340780 2057.6
1340790 2057.7
1340800 2057.4
1340810 2057.4
1340820 2056.6
1340830 2055.4
1340840 2055.4
1340850 2054.1
1340860 2052.1
1340870 2052.1
1340880 2050.6
1340890 2049.4
1340900 2049.4
1340910 2048.7
1340920 2048.1
1340930 2048.1
1340940 2047.6
1340950 2046.6
1340960 2046.6
1340970 2044.5
1340980 2043.1
1340990 2043.1
1341000 2042.6
1341010 2042.8
1341020 2042.8
1341030 2043.3
1341040 2043.8
1341050 2044.2
1341060 2044.2
1341070 2044.3
1341080 2044.3
1341090 2044.3
1341100 2043.7
1341110 2042.0
1341120 2042.0
1341130 2041.1
1341140 2038.3
1341150 2038.3
1341160 2036.6
1341170 2034.7
1341180 2034.7
1341190 2032.9
1341200 2031.6
1341210 2031.6
1341220 2030.5
1341230 2028.9
1341240 2028.9
1341250 2025.9
1341260 2022.6
1341270 2022.6
1341280 2019.5
1341290 2020.5
1341300 2020.9
1341310 2020.9
1341320 2021.2
1341330 2021.5
1341340 2021.5
1341350 2022.5
1341360 2024.4
1341370 2024.4
1341380 2026.3
1341390 2028.5
1341400 2028.5
1341410 2030.5
1341420 2032.8
1341430 2032.8
1341440 2035.4
1341450 2038.6
1341460 2038.6
1341470 2043.2
1341480 2048.0
1341490 2048.0
1341500 2051.7
1341510 2055.6
1341520 2055.6
1341530 2060.1
1341540 2064.5
1341550 2068.1
1341560 2068.1
1341570 2071.0
1341580 2072.4
1341590 2072.4
1341600 2072.2
1341610 2071.6
1341620 2071.6
1341630 2070.3
1341640 2068.5
1341650 2068.5
1341660 2066.0
1341670 2062.9
1341680 2062.9
1341690 2059.4
1341700 2056.8
1341710 2056.8
1341720 2054.2
1341730 2051.6
1341740 2051.6
1341750 2049.1
1341760 2045.4
1341770 2045.4
1341780 2041.1
1341790 2038.5
1341800 2038.5
1341810 2037.0
1341820 2034.5
1341830 2031.8
1341840 2031.8
1341850 2030.0
1341860 2028.7
1341870 2028.7
1341880 2026.7
1341890 2024.3
1341900 2024.3
1341910 2022.4
1341920 2020.6
1341930 2020.6
1341940 2018.0
1341950 2014.6
1341960 2014.6
1341970 2010.7
1341980 2007.2
1341990 2007.2
1342000 2004.1
1342010 2000.2
1342020 2000.2
1342030 1992.9
1342040 1989.2
1342050 1989.2
1342060 1985.7
1342070 1982.1
1342080 1978.3
1342090 1978.3
1342100 1973.9
1342110 1968.4
1342120 1968.4
1342130 1962.3
1342140 1956.0
1342150 1956.0
1342160 1949.7
1342170 1942.8
1342180 1942.8
1342190 1936.4
1342200 1929.9
1342210 1929.9
1342220 1923.3
1342230 1917.1
1342240 1917.1
1342250 1910.5
1342260 1903.6
1342270 1903.6
1342280 1896.1
1342290 1887.3
1342300 1887.3
1342310 1879.9
1342320 1871.3
1342330 1864.1
1342340 1864.1
1342350 1858.2
1342360 1852.5
1342370 1852.5
1342380 1846.3
1342390 1840.6
1342400 1840.6
1342410 1833.9
1342420 1826.4
1342430 1826.4
1342440 1820.8
1342450 1816.0
1342460 1816.0
1342470 1810.1
1342480 1803.2
1342490 1803.2
1342500 1797.4
1342510 1792.1
1342520 1792.1
1342530 1787.4
1342540 1782.7
1342550 1782.7
1342560 1777.8
1342570 1772.9
1342580 1772.9
1342590 1768.2
1342600 1764.0
1342610 1759.6
1342620 1759.6
1342630 1754.9
1342640 1750.4
1342650 1750.4
1342660 1746.2
1342670 1740.9
1342680 1740.9
1342690 1735.8
1342700 1732.8
1342710 1732.8
1342720 1728.7
1342730 1725.3
1342740 1725.3
1342750 1728.0
1342760 1730.5
1342770 1730.5
1342780 1733.1
1342790 1737.4
1342800 1737.4
1342810 1741.9
1342820 1747.6
1342830 1747.6
1342840 1753.8
1342850 1758.0
1342860 1762.2
1342870 1762.2
1342880 1766.3
1342890 1770.2
1342900 1770.2
1342910 1774.4
1342920 1779.1
1342930 1779.4
1342940 1784.0
1342950 1788.0
1342960 1788.0
1342970 1792.2
1342980 1797.6
1342990 1797.6
1343000 1802.8
1343010 1808.6
1343020 1808.6
1343030 1814.2
1343040 1820.4
1343050 1820.4
1343060 1826.1
1343070 1831.0
1343080 1831.0
1343090 1836.1
1343100 1842.3
1343110 1847.5
1343120 1847.5
1343130 1851.7
1343140 1855.9
1343150 1855.9
1343160 1860.4
1343170 1865.2
1343180 1865.2
1343190 1870.1
1343200 1875.1
1343210 1875.1
1343220 1881.5
1343230 1887.6
1343240 1887.6
1343250 1893.9
1343260 1901.5
1343270 1901.5
1343280 1909.1
1343290 1915.4
1343300 1915.4
1343310 1922.7
1343320 1933.2
1343330 1933.2
1343340 1942.2
1343350 1949.3
1343360 1955.2
1343370 1955.2
1343380 1961.7
1343390 1969.3
1343400 1969.3
1343410 1977.7
1343420 1986.2
1343430 1986.2
1343440 1994.0
1343450 2001.7
1343460 2001.7
1343470 2008.9
1343480 2016.3
1343490 2016.3
1343500 2024.3
1343510 2032.0
1343520 2032.0
1343530 2040.3
1343540 2050.0
1343550 2050.0
1343560 2060.5
1343570 2069.1
1343580 2069.1
1343590 2076.8
1343600 2083.9
1343610 2083.9
1343620 2090.5
1343630 2096.2
1343640 2101.8
1343650 2101.8
1343660 2107.9
1343670 2113.3
1343680 2113.3
1343690 2119.1
1343700 2125.0
1343710 2125.0
1343720 2131.2
1343730 2136.6
1343740 2136.6
1343750 2141.7
1343760 2147.1
1343770 2147.1
1343780 2152.8
1343790 2158.9
1343800 2158.9
1343810 2164.3
1343820 2168.7
1343830 2170.5
1343840 2174.0
1343850 2177.1
1343860 2177.1
1343870 2183.2
1343880 2189.7
1343890 2195.7
1343900 2195.7
1343910 2201.5
1343920 2206.8
1343930 2206.8
1343940 2211.8
1343950 2216.9
1343960 2216.9
1343970 2221.9
1343980 2226.9
1343990 2226.9
1344000 2231.3
1344010 2235.4
1344020 2235.4
1344030 2240.9
1344040 2246.5
1344050 2246.5
1344060 2250.3
1344070 2253.8
1344080 2253.8
1344090 2257.4
1344100 2261.0
1344110 2261.0
1344120 2263.7
1344130 2266.4
1344140 2268.5
1344150 2268.5
1344160 2269.9
1344170 2270.0
1344180 2270.0
1344190 2269.4
1344200 2267.6
1344210 2267.6
1344220 2264.7
1344230 2261.3
1344240 2261.3
1344250 2257.9
1344260 2255.3
1344270 2255.3
1344280 2252.0
1344290 2248.7
1344300 2248.7
1344310 2246.0
1344320 2242.8
1344330 2242.8
1344340 2240.0
1344350 2237.5
1344360 2237.5
1344370 2234.6
1344380 2231.6
1344390 2231.6
1344400 2228.6
1344410 2225.8
1344420 2223.0
1344430 2223.0
1344440 2221.0
1344450 2220.5
1344460 2220.5
1344470 2220.0
1344480 2219.5
1344490 2219.5
1344500 2219.5
1344510 2219.4
1344520 2219.4
1344530 2219.8
1344540 2220.7
1344550 2220.7
1344560 2221.2
1344570 2222.0
1344580 2222.0
1344590 2222.2
1344600 2221.4
1344610 2221.4
1344620 2221.7
1344630 2222.7
1344640 2222.7
1344650 2223.2
1344660 2222.3
1344670 2220.5
1344680 2220.5
1344690 2220.1
1344700 2220.2
1344710 2220.2
1344720 2220.0
1344730 2219.8
1344740 2214.7
1344750 2214.4
1344760 2213.5
1344770 2213.5
1344780 2212.6
1344790 2212.4
1344800 2212.4
1344810 2212.7
1344820 2214.0
1344830 2214.0
1344840 2216.4
1344850 2219.0
1344860 2219.0
1344870 2221.1
1344880 2223.8
1344890 2223.8
1344900 2227.0
1344910 2229.8
1344920 2232.5
1344930 2232.5
1344940 2235.4
1344950 2238.5
1344960 2238.5
1344970 2241.9
1344980 2244.6
1344990 2244.6
1345000 2247.1
1345010 2248.9
1345020 2248.9
1345030 2250.6
1345040 2252.7
1345050 2252.7
1345060 2254.8
1345070 2256.7
1345080 2256.7
1345090 2257.9
1345100 2258.4
1345110 2258.4
1345120 2258.5
1345130 2258.4
1345140 2258.4
1345150 2258.2
1345160 2257.3
1345170 2257.3
1345180 2255.3
1345190 2254.0
1345200 2254.2
1345210 2254.2
1345220 2253.4
1345230 2252.5
1345240 2252.5
1345250 2251.1
1345260 2249.7
1345270 2249.7
1345280 2248.1
1345290 2245.7
1345300 2245.7
1345310 2243.1
1345320 2241.1
1345330 2241.1
1345340 2238.0
1345350 2232.4
1345360 2232.4
1345370 2227.7
1345380 2222.5
1345390 2222.5
1345400 2218.3
1345410 2215.0
1345420 2215.0
1345430 2211.5
1345440 2209.4
1345450 2207.0
1345460 2207.0
1345470 2204.2
1345480 2201.5
1345490 2201.5
1345500 2197.7
1345510 2194.3
1345520 2194.3
1345530 2193.3
1345540 2193.3
1345550 2193.3
1345560 2193.3
1345570 2193.3
1345580 2193.3
1345590 2193.3
1345600 2193.4
1345610 2193.4
1345620 2194.3
1345630 2196.0
1345640 2196.0
1345650 2194.2
1345660 2194.7
1345670 2194.7
1345680 2194.7
1345690 2194.8
1345700 2194.8
1345710 2194.8
1345720 2194.7
1345730 2194.7
1345740 2194.7
1345750 2195.0
1345760 2195.4
1345770 2195.4
1345780 2196.1
1345790 2197.3
1345800 2197.3
1345810 2199.3
1345820 2201.9
1345830 2201.9
1345840 2203.5
1345850 2203.1
1345860 2203.1
1345870 2203.4
1345880 2203.7
1345890 2203.7
1345900 2202.5
1345910 2200.0
1345920 2200.0
1345930 2197.3
1345940 2195.7
1345950 2195.7
1345960 2195.2
1345970 2196.6
1345980 2197.3
1345990 2197.3
1346000 2197.1
1346010 2196.9
1346020 2196.9
1346030 2196.6
1346040 2197.5
1346050 2197.5
1346060 2198.8
1346070 2199.4
1346080 2199.4
1346090 2199.2
1346100 2197.8
1346110 2197.8
1346120 2196.5
1346130 2196.8
1346140 2196.8
1346150 2196.9
1346160 2196.0
1346170 2196.0
1346180 2195.1
1346190 2194.6
1346200 2194.6
1346210 2196.0
1346220 2197.2
1346230 2199.5
1346240 2199.5
1346250 2202.3
1346260 2205.1
1346270 2205.1
1346280 2207.2
1346290 2208.7
1346300 2208.7
1346310 2208.8
1346320 2208.8
1346330 2208.8
1346340 2208.3
1346350 2207.0
1346360 2207.0
1346370 2206.0
1346380 2206.0
1346390 2206.0
1346400 2206.9
1346410 2209.0
1346420 2209.0
1346430 2211.6
1346440 2214.9
1346450 2214.9
1346460 2218.3
1346470 2220.9
1346480 2222.6
1346490 2222.6
1346500 2223.0
1346510 2223.1
1346520 2223.1
1346530 2223.1
1346540 2222.9
1346550 2222.9
1346560 2221.5
1346570 2214.7
1346580 2214.7
1346590 2210.8
1346600 2206.5
1346610 2206.5
1346620 2203.8
1346630 2200.6
1346640 2200.6
1346650 2196.3
1346660 2193.4
1346670 2193.4
1346680 2191.6
1346690 2190.7
1346700 2190.7
1346710 2190.2
1346720 2188.5
1346730 2185.3
1346740 2185.3
1346750 2180.3
1346760 2176.2
1346770 2176.2
1346780 2173.7
1346790 2172.0
1346800 2172.0
1346810 2169.9
1346820 2167.5
1346830 2167.5
1346840 2164.9
1346850 2161.9
1346860 2161.9
1346870 2158.9
1346880 2154.7
1346890 2154.7
1346900 2151.1
1346910 2144.6
1346920 2144.6
1346930 2137.5
1346940 2131.7
1346950 2131.7
1346960 2126.7
1346970 2123.4
1346980 2123.4
1346990 2119.6
1347000 2115.2
1347010 2112.2
1347020 2112.2
1347030 2108.4
1347040 2103.3
1347050 2103.3
1347060 2097.6
1347070 2093.6
1347080 2093.6
1347090 2090.9
1347100 2088.8
1347110 2088.8
1347120 2087.1
1347130 2085.0
1347140 2085.0
1347150 2082.3
1347160 2079.3
1347170 2079.3
1347180 2074.9
1347190 2069.3
1347200 2069.3
1347210 2064.0
1347220 2059.2
1347230 2059.2
1347240 2054.5
1347250 2049.5
1347260 2042.7
1347270 2042.7
1347280 2035.9
1347290 2029.8
1347300 2029.8
1347310 2026.5
1347320 2023.5
1347330 2023.5
1347340 2019.5
1347350 2016.0
1347360 2016.0
1347370 2011.9
1347380 2006.4
1347390 2006.4
1347400 2001.7
1347410 1997.9
1347420 1997.9
1347430 1995.0
1347440 1991.7
1347450 1991.7
1347460 1987.6
1347470 1981.6
1347480 1981.6
1347490 1976.8
1347500 1972.3
1347510 1968.4
1347520 1968.4
1347530 1964.1
1347540 1961.2
1347550 1961.2
1347560 1959.9
1347570 1957.8
1347580 1957.8
1347590 1955.4
1347600 1952.4
1347610 1952.4
1347620 1949.0
1347630 1946.5
1347640 1946.5
1347650 1945.4
1347660 1943.8
1347670 1943.8
1347680 1940.6
1347690 1936.4
1347700 1936.4
1347710 1934.2
1347720 1933.5
1347730 1933.5
1347740 1933.2
1347750 1931.3
1347760 1931.3
1347770 1926.2
1347780 1920.7
1347790 1917.7
1347800 1917.7
1347810 1917.6
1347820 1914.4
1347830 1914.4
1347840 1911.8
1347850 1909.0
1347860 1909.0
1347870 1906.5
1347880 1903.8
1347890 1903.8
1347900 1901.4
1347910 1899.6
1347920 1899.6
1347930 1898.2
1347940 1896.6
1347950 1896.6
1347960 1896.0
1347970 1895.4
1347980 1895.4
1347990 1895.5
1348000 1894.2
1348010 1894.2
1348020 1893.0
1348030 1892.7
1348040 1893.1
1348050 1893.1
1348060 1894.0
1348070 1894.5
1348080 1894.5
1348090 1893.6
1348100 1892.0
1348110 1892.0
1348120 1890.9
1348130 1888.7
1348140 1888.7
1348150 1887.9
1348160 1888.4
1348170 1888.4
1348180 1887.0
1348190 1884.6
1348200 1884.6
1348210 1883.9
1348220 1885.9
1348230 1885.9
1348240 1886.8
1348250 1888.7
1348260 1888.7
1348270 1890.4
1348280 1892.9
1348290 1895.0
1348300 1895.0
1348310 1896.6
1348320 1897.7
1348330 1897.7
1348340 1899.1
1348350 1900.9
1348360 1900.9
1348370 1902.7
1348380 1904.1
1348390 1904.1
1348400 1906.2
1348410 1907.9
1348420 1907.9
1348430 1900.6
1348440 1902.7
1348450 1902.7
1348460 1904.7
1348470 1907.1
1348480 1907.1
1348490 1909.4
1348500 1911.2
1348510 1911.2
1348520 1913.6
1348530 1916.7
1348540 1916.7
1348550 1917.7
1348560 1917.5
1348570 1918.3
1348580 1918.3
1348590 1919.5
1348600 1921.8
1348610 1921.8
1348620 1923.9
1348630 1924.7
1348640 1924.7
1348650 1926.0
1348660 1929.1
1348670 1929.1
1348680 1932.5
1348690 1935.0
1348700 1935.0
1348710 1937.5
1348720 1942.2
1348730 1942.2
1348740 1945.6
1348750 1946.7
1348760 1946.7
1348770 1948.4
1348780 1949.3
1348790 1949.3
1348800 1948.5
1348810 1941.4
1348820 1931.3
1348830 1931.3
1348840 1922.2
1348850 1920.1
1348860 1920.1
1348870 1915.1
1348880 1906.6
1348890 1906.6
1348900 1901.8
1348910 1896.9
1348920 1896.9
1348930 1890.9
1348940 1884.3
1348950 1884.3
1348960 1878.8
1348970 1873.7
1348980 1873.7
1348990 1868.3
1349000 1862.1
1349010 1862.1
1349020 1857.9
1349030 1853.6
1349040 1853.6
1349050 1849.1
1349060 1845.3
1349070 1839.8
1349080 1839.8
1349090 1833.5
1349100 1827.0
1349110 1827.0
1349120 1819.9
1349130 1814.2
1349140 1814.2
1349150 1807.4
1349160 1799.8
1349170 1799.8
1349180 1793.8
1349190 1788.7
1349200 1788.7
1349210 1781.8
1349220 1773.8
1349230 1773.8
1349240 1763.2
1349250 1752.5
1349260 1752.5
1349270 1741.3
1349280 1731.5
1349290 1731.5
1349300 1721.3
1349310 1713.3
1349320 1705.8
1349330 1705.8
1349340 1700.1
1349350 1695.2
1349360 1695.2
1349370 1682.7
1349380 1676.6
1349390 1676.6
1349400 1670.6
1349410 1662.7
1349420 1662.7
1349430 1655.0
1349440 1647.1
1349450 1647.1
1349460 1639.2
1349470 1631.7
1349480 1631.7
1349490 1625.9
1349500 1621.7
1349510 1621.7
1349520 1615.3
1349530 1609.8
1349540 1609.8
1349550 1603.4
1349560 1596.0
1349570 1596.0
1349580 1590.2
1349590 1585.7
1349600 1581.8
1349610 1581.8
1349620 1577.7
1349630 1574.1
1349640 1574.1
1349650 1569.8
1349660 1564.5
1349670 1564.5
1349680 1560.7
1349690 1558.1
1349700 1558.1
1349710 1555.9
1349720 1554.3
1349730 1554.3
1349740 1551.2
1349750 1549.1
1349760 1549.1
1349770 1547.7
1349780 1541.8
1349790 1541.8
1349800 1533.7
1349810 1524.7
1349820 1524.7
1349830 1516.6
1349840 1520.8
1349850 1528.4
1349860 1528.4
1349870 1535.3
1349880 1542.6
1349890 1542.6
1349900 1546.4
1349910 1550.0
1349920 1550.0
1349930 1554.0
1349940 1556.1
1349950 1556.1
1349960 1559.4
1349970 1565.7
1349980 1565.7
1349990 1571.5
1350000 1577.1
1350010 1577.1
1350020 1583.2
1350030 1589.4
1350040 1589.4
1350050 1596.1
1350060 1602.2
1350070 1602.2
1350080 1607.4
1350090 1612.5
1350100 1617.0
1350110 1617.0
1350120 1620.3
1350130 1623.3
1350140 1623.3
1350150 1625.7
1350160 1628.4
1350170 1628.4
1350180 1632.4
1350190 1635.8
1350200 1635.8
1350210 1639.4
1350220 1642.7
1350230 1642.7
1350240 1645.3
1350250 1648.4
1350260 1648.4
1350270 1652.9
1350280 1657.6
1350290 1657.6
1350300 1662.2
1350310 1671.0
1350320 1671.0
1350330 1673.8
1350340 1675.6
1350350 1675.6
1350360 1677.6
1350370 1680.3
1350380 1683.8
1350390 1683.8
1350400 1688.3
1350410 1693.9
1350420 1693.9
1350430 1699.8
1350440 1704.9
1350450 1704.9
1350460 1710.0
1350470 1715.0
1350480 1715.0
1350490 1720.2
1350500 1726.1
1350510 1726.1
1350520 1732.7
1350530 1738.8
1350540 1738.8
1350550 1744.4
1350560 1752.2
1350570 1752.2
1350580 1759.0
1350590 1765.0
1350600 1765.0
1350610 1770.3
1350620 1776.1
1350630 1781.9
1350640 1781.9
1350650 1792.4
1350660 1802.6
1350670 1802.6
1350680 1810.4
1350690 1817.6
1350700 1817.6
1350710 1822.7
1350720 1827.9
1350730 1827.9
1350740 1833.9
1350750 1839.9
1350760 1839.9
1350770 1844.4
1350780 1849.1
1350790 1849.1
1350800 1853.8
1350810 1859.0
1350820 1859.0
1350830 1864.9
1350840 1870.8
1350850 1870.8
1350860 1876.3
1350870 1880.5
1350880 1884.3
1350890 1884.3
1350900 1887.8
1350910 1893.7
1350920 1893.7
1350930 1899.8
1350940 1905.2
1350950 1905.2
1350960 1911.1
1350970 1915.7
1350980 1915.7
1350990 1919.4
1351000 1923.9
1351010 1923.9
1351020 1928.9
1351030 1933.1
1351040 1933.1
1351050 1937.0
1351060 1939.7
1351070 1939.7
1351080 1941.3
1351090 1943.7
1351100 1943.7
1351110 1945.7
1351120 1947.9
1351130 1947.9
1351140 1949.2
1351150 1950.2
1351160 1954.0
1351170 1954.0
1351180 1958.9
1351190 1966.7
1351200 1966.7
1351210 1972.4
1351220 1976.5
1351230 1976.5
1351240 1979.1
1351250 1981.9
1351260 1982.3
1351270 1985.2
1351280 1988.4
1351290 1988.4
1351300 1992.6
1351310 1996.7
1351320 1996.7
1351330 2000.1
1351340 2005.5
1351350 2005.5
1351360 2011.2
1351370 2016.2
1351380 2016.2
1351390 2022.9
1351400 2030.0
1351410 2033.8
1351420 2033.8
1351430 2040.2
1351440 2046.6
1351450 2046.6
1351460 2053.0
1351470 2061.1
1351480 2061.1
1351490 2065.4
1351500 2068.8
1351510 2068.8
1351520 2072.5
1351530 2074.4
1351540 2074.4
1351550 2074.8
1351560 2076.8
1351570 2076.8
1351580 2080.6
1351590 2085.9
1351600 2085.9
1351610 2092.8
1351620 2100.1
1351630 2100.1
1351640 2103.7
1351650 2106.3
1351660 2106.9
1351670 2106.9
1351680 2107.5
1351690 2108.9
1351700 2108.9
1351710 2110.6
1351720 2112.2
1351730 2112.2
1351740 2114.2
1351750 2115.8
1351760 2115.8
1351770 2117.4
1351780 2119.2
1351790 2119.2
1351800 2120.4
1351810 2121.4
1351820 2121.4
1351830 2122.3
1351840 2123.0
1351850 2123.0
1351860 2123.5
1351870 2124.4
1351880 2124.4
1351890 2124.8
1351900 2124.8
1351910 2124.7
1351920 2124.7
1351930 2123.5
1351940 2121.8
1351950 2121.8
1351960 2119.3
1351970 2116.1
1351980 2116.1
1351990 2112.4
1352000 2108.4
1352010 2108.4
1352020 2104.9
1352030 2103.0
1352040 2103.0
1352050 2101.8
1352060 2100.4
1352070 2100.4
1352080 2099.6
1352090 2099.2
1352100 2099.2
1352110 2099.3
1352120 2099.0
1352130 2099.0
1352140 2098.2
1352150 2097.9
1352160 2097.9
1352170 2098.0
1352180 2098.1
1352190 2098.5
1352200 2098.5
1352210 2098.9
1352220 2095.0
1352230 2095.0
1352240 2095.6
1352250 2096.5
1352260 2096.5
1352270 2097.2
1352280 2098.3
1352290 2098.3
1352300 2098.9
1352310 2100.7
1352320 2100.7
1352330 2103.2
1352340 2106.2
1352350 2106.2
1352360 2108.9
1352370 2111.1
1352380 2111.1
1352390 2112.1
1352400 2112.8
1352410 2112.8
1352420 2112.6
1352430 2111.9
1352440 2110.9
1352450 2110.9
1352460 2110.7
1352470 2110.6
1352480 2110.6
1352490 2109.1
1352500 2107.1
1352510 2107.1
1352520 2105.7
1352530 2101.4
1352540 2101.4
1352550 2095.2
1352560 2088.9
1352570 2088.9
1352580 2083.8
1352590 2081.3
1352600 2081.3
1352610 2077.4
1352620 2073.2
1352630 2073.2
1352640 2070.9
1352650 2067.5
1352660 2067.5
1352670 2062.2
1352680 2057.8
1352690 2056.9
1352700 2056.9
1352710 2055.0
1352720 2052.0
1352730 2052.0
1352740 2048.5
1352750 2044.9
1352760 2044.9
1352770 2042.1
1352780 2038.1
1352790 2038.1
1352800 2032.5
1352810 2027.6
1352820 2027.6
1352830 2024.9
1352840 2020.9
1352850 2020.9
1352860 2016.0
1352870 2011.8
1352880 2011.8
1352890 2007.9
1352900 2002.9
1352910 2002.9
1352920 2000.0
1352930 1997.2
1352940 1997.2
1352950 1992.7
1352960 1988.7
1352970 1986.3
1352980 1986.3
1352990 1983.4
1353000 1979.3
1353010 1979.3
1353020 1975.7
1353030 1972.9
1353040 1972.9
1353050 1968.9
1353060 1964.5
1353070 1964.5
1353080 1960.9
1353090 1957.4
1353100 1957.4
1353110 1953.0
1353120 1948.0
1353130 1948.0
1353140 1942.2
1353150 1937.4
1353160 1937.4
1353170 1934.2
1353180 1932.1
1353190 1930.3
1353200 1928.7
1353210 1925.0
1353220 1920.7
1353230 1920.7
1353240 1917.3
1353250 1913.7
1353260 1913.7
1353270 1912.3
1353280 1909.4
1353290 1909.4
1353300 1907.0
1353310 1903.1
1353320 1903.1
1353330 1898.9
1353340 1894.4
1353350 1894.4
1353360 1889.1
1353370 1881.9
1353380 1881.9
1353390 1875.6
1353400 1869.5
1353410 1869.5
1353420 1864.3
1353430 1861.0
1353440 1861.0
1353450 1858.0
1353460 1855.3
1353470 1852.2
1353480 1852.2
1353490 1846.8
1353500 1841.7
1353510 1841.7
1353520 1837.3
1353530 1832.8
1353540 1832.8
1353550 1827.6
1353560 1824.2
1353570 1824.2
1353580 1818.7
1353590 1812.6
1353600 1812.6
1353610 1807.7
1353620 1803.6
1353630 1803.6
1353640 1797.5
1353650 1790.4
1353660 1790.4
1353670 1785.2
1353680 1780.4
1353690 1780.4
1353700 1775.1
1353710 1769.5
1353720 1769.5
1353730 1764.8
1353740 1761.2
1353750 1759.9
1353760 1759.9
1353770 1757.5
1353780 1753.9
1353790 1753.9
1353800 1749.6
1353810 1746.4
1353820 1746.4
1353830 1742.0
1353840 1740.2
1353850 1740.2
1353860 1738.5
1353870 1736.5
1353880 1736.5
1353890 1733.9
1353900 1729.8
1353910 1729.8
1353920 1727.1
1353930 1723.8
1353940 1723.8
1353950 1720.9
1353960 1718.7
1353970 1718.7
1353980 1716.3
1353990 1713.8
1354000 1710.8
1354010 1710.8
1354020 1707.9
1354030 1705.0
1354040 1705.0
1354050 1702.3
1354060 1699.2
1354070 1699.2
1354080 1695.0
1354090 1691.1
1354100 1691.1
1354110 1687.5
1354120 1682.9
1354130 1682.9
1354140 1678.3
1354150 1673.4
1354160 1671.6
1354170 1666.2
1354180 1660.4
1354190 1660.4
1354200 1655.4
1354210 1652.4
1354220 1652.4
1354230 1651.7
1354240 1649.5
1354250 1646.8
1354260 1646.8
1354270 1644.3
1354280 1640.9
1354290 1640.9
1354300 1638.4
1354310 1635.0
1354320 1635.0
1354330 1630.4
1354340 1623.9
1354350 1623.9
1354360 1621.4
1354370 1624.4
1354380 1624.4
1354390 1625.1
1354400 1626.8
1354410 1626.8
1354420 1627.1
1354430 1627.5
1354440 1627.5
1354450 1628.5
1354460 1630.5
1354470 1630.5
1354480 1636.1
1354490 1642.6
1354500 1648.8
1354510 1648.8
1354520 1653.8
1354530 1656.8
1354540 1656.8
1354550 1659.5
1354560 1664.3
1354570 1664.3
1354580 1670.5
1354590 1676.8
1354600 1676.8
1354610 1682.6
1354620 1688.3
1354630 1688.3
1354640 1693.5
1354650 1701.1
1354660 1701.1
1354670 1708.1
1354680 1715.1
1354690 1715.1
1354700 1722.7
1354710 1730.6
1354720 1730.6
1354730 1737.4
1354740 1739.9
1354750 1739.9
1354760 1743.5
1354770 1747.2
1354780 1749.9
1354790 1749.9
1354800 1753.3
1354810 1756.5
1354820 1756.5
1354830 1759.7
1354840 1762.7
1354850 1762.7
1354860 1766.3
1354870 1769.8
1354880 1769.8
1354890 1772.7
1354900 1775.1
1354910 1775.1
1354920 1776.7
1354930 1779.0
1354940 1779.0
1354950 1781.2
1354960 1785.1
1354970 1785.1
1354980 1790.5
1354990 1796.3
1355000 1796.3
1355010 1802.4
1355020 1807.9
1355030 1814.0
1355040 1814.0
1355050 1822.9
1355060 1833.6
1355070 1833.6
1355080 1840.5
1355090 1845.7
1355100 1845.7
1355110 1850.1
1355120 1852.8
1355130 1852.8
1355140 1857.2
1355150 1859.0
1355160 1859.0
1355170 1861.4
1355180 1863.6
1355190 1863.6
1355200 1864.2
1355210 1864.1
1355220 1864.1
1355230 1865.1
1355240 1866.3
1355250 1866.3
1355260 1869.1
1355270 1873.9
1355280 1877.0
1355290 1877.0
1355300 1880.4
1355310 1887.2
1355320 1887.2
1355330 1896.4
1355340 1902.8
1355350 1902.8
1355360 1907.9
1355370 1912.7
1355380 1912.7
1355390 1918.5
1355400 1924.0
1355410 1924.0
1355420 1929.8
1355430 1936.8
1355440 1936.8
1355450 1943.0
1355460 1948.0
1355470 1948.0
1355480 1953.1
1355490 1958.8
1355500 1958.8
1355510 1964.8
1355520 1971.0
1355530 1971.0
1355540 1976.4
1355550 1981.0
1355560 1984.9
1355570 1984.9
1355580 1990.4
1355590 1995.4
1355600 1995.4
1355610 1999.7
1355620 2004.1
1355630 2004.1
1355640 2008.2
1355650 2012.6
1355660 2012.6
1355670 2017.4
1355680 2021.8
1355690 2021.8
1355700 2025.9
1355710 2029.9
1355720 2029.9
1355730 2033.5
1355740 2038.8
1355750 2038.8
1355760 2043.4
1355770 2048.5
1355780 2048.5
1355790 2053.7
1355800 2059.3
1355810 2063.9
1355820 2063.9
1355830 2066.9
1355840 2067.1
1355850 2067.1
1355860 2069.0
1355870 2072.7
1355880 2072.7
1355890 2076.8
1355900 2080.1
1355910 2080.1
1355920 2082.9
1355930 2087.7
1355940 2087.7
1355950 2093.2
1355960 2098.8
1355970 2098.8
1355980 2104.2
1355990 2109.1
1356000 2109.1
1356010 2114.9
1356020 2119.9
1356030 2119.9
1356040 2124.2
1356050 2129.1
1356060 2133.5
1356070 2133.5
1356080 2138.9
1356090 2143.4
1356100 2143.4
1356110 2146.4
1356120 2149.5
1356130 2148.6
1356140 2152.5
1356150 2156.3
1356160 2156.3
1356170 2161.2
1356180 2165.7
1356190 2165.7
1356200 2170.2
1356210 2174.3
1356220 2174.3
1356230 2177.8
1356240 2182.7
1356250 2182.7
1356260 2188.4
1356270 2192.6
1356280 2192.6
1356290 2194.5
1356300 2197.7
1356310 2197.7
1356320 2200.4
1356330 2202.0
1356340 2203.8
1356350 2203.8
1356360 2206.6
1356370 2211.5
1356380 2211.5
1356390 2216.4
1356400 2218.6
1356410 2218.6
1356420 2220.2
1356430 2221.4
1356440 2221.4
1356450 2222.5
1356460 2223.4
1356470 2223.4
1356480 2222.3
1356490 2219.5
1356500 2219.5
1356510 2216.9
1356520 2215.0
1356530 2215.0
1356540 2212.4
1356550 2209.5
1356560 2209.5
1356570 2206.7
1356580 2203.8
1356590 2200.9
1356600 2200.9
1356610 2197.3
1356620 2192.3
1356630 2192.3
1356640 2185.4
1356650 2179.9
1356660 2179.9
1356670 2175.0
1356680 2170.5
1356690 2170.5
1356700 2167.2
1356710 2163.9
1356720 2163.9
1356730 2160.5
1356740 2157.1
1356750 2157.1
1356760 2154.3
1356770 2151.7
1356780 2151.7
1356790 2149.2
1356800 2146.6
1356810 2146.6
1356820 2144.4
1356830 2142.3
1356840 2141.0
1356850 2141.0
1356860 2139.7
1356870 2136.9
1356880 2136.9
1356890 2132.6
1356900 2128.8
1356910 2128.8
1356920 2125.9
1356930 2124.3
1356940 2124.3
1356950 2123.6
1356960 2123.0
1356970 2123.0
1356980 2122.5
1356990 2121.1
1357000 2121.1
1357010 2118.7
1357020 2116.8
1357030 2116.8
1357040 2114.6
1357050 2112.0
1357060 2112.0
1357070 2110.4
1357080 2110.8
1357090 2111.1
1357100 2111.1
1357110 2109.7
1357120 2107.1
1357130 2101.2
1357140 2099.5
1357150 2098.0
1357160 2098.0
1357170 2099.0
1357180 2101.0
1357190 2101.0
1357200 2101.4
1357210 2101.0
1357220 2101.0
1357230 2099.8
1357240 2098.3
1357250 2098.3
1357260 2096.3
1357270 2094.4
1357280 2094.4
1357290 2092.2
1357300 2088.3
1357310 2088.3
1357320 2081.8
1357330 2073.3
1357340 2073.3
1357350 2065.3
1357360 2060.9
1357370 2056.4
1357380 2056.4
1357390 2053.3
1357400 2052.9
1357410 2052.9
1357420 2048.3
1357430 2042.9
1357440 2042.9
1357450 2039.6
1357460 2034.7
1357470 2034.7
1357480 2032.9
1357490 2031.7
1357500 2031.7
1357510 2029.7
1357520 2025.3
1357530 2025.3
1357540 2022.4
1357550 2020.7
1357560 2020.7
1357570 2019.2
1357580 2020.6
1357590 2020.6
1357600 2021.1
1357610 2018.4
1357620 2014.2
1357630 2014.2
1357640 2010.4
1357650 2008.4
1357660 2008.4
1357670 2007.5
1357680 2005.0
1357690 2005.0
1357700 2001.9
1357710 1999.1
1357720 1999.1
1357730 1998.5
1357740 1997.0
1357750 1997.0
1357760 1994.9
1357770 1994.6
1357780 1994.6
1357790 1995.1
1357800 1992.7
1357810 1992.7
1357820 1989.5
1357830 1987.2
1357840 1987.2
1357850 1987.1
1357860 1985.8
1357870 1983.9
1357880 1983.9
1357890 1983.5
1357900 1982.9
1357910 1982.9
1357920 1982.2
1357930 1980.4
1357940 1980.4
1357950 1977.2
1357960 1974.3
1357970 1974.3
1357980 1972.3
1357990 1969.5
1358000 1969.5
1358010 1965.6
1358020 1960.8
1358030 1960.8
1358040 1957.0
1358050 1955.8
1358060 1955.8
1358070 1954.4
1358080 1951.8
1358090 1951.8
1358100 1948.2
1358110 1945.4
1358120 1945.4
1358130 1940.6
1358140 1939.8
1358150 1936.6
1358160 1936.6
1358170 1932.5
1358180 1930.7
1358190 1930.7
1358200 1928.6
1358210 1925.2
1358220 1925.2
1358230 1921.2
1358240 1919.4
1358250 1919.4
1358260 1917.6
1358270 1914.3
1358280 1914.3
1358290 1910.7
1358300 1907.7
1358310 1907.7
1358320 1904.9
1358330 1901.9
1358340 1901.9
1358350 1899.0
1358360 1896.9
1358370 1896.9
1358380 1894.3
1358390 1891.6
1358400 1889.9
1358410 1889.9
1358420 1888.1
1358430 1885.4
1358440 1885.4
1358450 1883.9
1358460 1883.1
1358470 1883.1
1358480 1881.1
1358490 1878.9
1358500 1878.9
1358510 1877.1
1358520 1876.4
1358530 1876.4
1358540 1876.2
1358550 1874.6
1358560 1874.6
1358570 1872.4
1358580 1869.6
1358590 1869.6
1358600 1867.3
1358610 1865.2
1358620 1865.2
1358630 1862.5
1358640 1859.1
1358650 1859.5
1358660 1859.5
1358670 1860.6
1358680 1860.0
1358690 1860.0
1358700 1855.9
1358710 1849.4
1358720 1849.4
1358730 1843.8
1358740 1839.0
1358750 1839.0
1358760 1834.7
1358770 1831.3
1358780 1831.3
1358790 1827.4
1358800 1824.3
1358810 1824.3
1358820 1821.2
1358830 1818.0
1358840 1818.0
1358850 1815.5
1358860 1812.6
1358870 1812.6
1358880 1811.2
1358890 1810.3
1358900 1810.3
1358910 1808.9
1358920 1806.9
1358930 1804.6
1358940 1804.6
1358950 1802.7
1358960 1799.6
1358970 1799.6
1358980 1794.9
1358990 1790.0
1359000 1790.0
1359010 1786.1
1359020 1782.8
1359030 1782.8
1359040 1779.1
1359050 1775.6
1359060 1775.6
1359070 1771.7
1359080 1767.5
1359090 1767.5
1359100 1763.7
1359110 1761.9
1359120 1761.9
1359130 1760.3
1359140 1758.5
1359150 1758.5
1359160 1755.6
1359170 1752.2
1359180 1748.8
1359190 1748.8
1359200 1746.7
1359210 1745.7
1359220 1745.7
1359230 1744.0
1359240 1741.2
1359250 1741.2
1359260 1739.8
1359270 1738.9
1359280 1738.9
1359290 1737.3
1359300 1733.9
1359310 1733.9
1359320 1730.5
1359330 1725.5
1359340 1725.5
1359350 1720.7
1359360 1715.7
1359370 1715.7
1359380 1709.9
1359390 1704.7
1359400 1704.7
1359410 1700.8
1359420 1697.2
1359430 1693.0
1359440 1693.0
1359450 1690.3
1359460 1687.9
1359470 1687.9
1359480 1684.3
1359490 1684.5
1359500 1684.5
1359510 1685.6
1359520 1686.1
1359530 1686.1
1359540 1686.5
1359550 1686.9
1359560 1686.9
1359570 1687.7
1359580 1688.3
1359590 1688.3
1359600 1687.6
1359610 1684.8
1359620 1684.8
1359630 1681.1
1359640 1677.3
1359650 1677.3
1359660 1673.3
1359670 1668.6
1359680 1663.7
1359690 1663.7
1359700 1658.6
1359710 1654.5
1359720 1654.5
1359730 1651.1
1359740 1647.0
1359750 1647.0
1359760 1642.6
1359770 1639.1
1359780 1639.1
1359790 1636.7
1359800 1633.6
1359810 1633.6
1359820 1630.6
1359830 1627.6
1359840 1627.6
1359850 1623.9
1359860 1619.7
1359870 1619.7
1359880 1615.5
1359890 1612.5
1359900 1612.5
1359910 1610.5
1359920 1607.3
1359930 1607.3
1359940 1603.8
1359950 1600.3
1359960 1596.6
1359970 1596.6
1359980 1590.6
1359990 1584.1
