1340000 2229.6
1340010 2229.6
1340020 2237.5
1340030 2246.4
1340040 2246.4
1340050 2251.5
1340060 2257.1
1340070 2257.1
1340080 2264.2
1340090 2269.1
1340100 2269.1
1340110 2272.1
1340120 2277.1
1340130 2277.1
1340140 2283.0
1340150 2288.5
1340160 2288.5
1340170 2292.2
1340180 2294.8
1340190 2294.8
1340200 2298.8
1340210 2304.3
1340220 2310.2
1340230 2310.2
1340240 2314.0
1340250 2315.4
1340260 2315.4
1340270 2317.4
1340280 2322.6
1340290 2322.6
1340300 2326.7
1340310 2326.8
1340320 2326.8
1340330 2326.3
1340340 2325.7
1340350 2325.7
1340360 2324.4
1340370 2322.0
1340380 2322.0
1340390 2319.2
1340400 2314.8
1340410 2314.8
1340420 2310.2
1340430 2306.2
1340440 2306.2
1340450 2301.8
1340460 2300.0
1340470 2298.3
1340480 2298.3
1340490 2297.4
1340500 2299.0
1340510 2299.0
1340520 2302.8
1340530 2308.8
1340540 2308.8
1340550 2313.4
1340560 2316.6
1340570 2316.6
1340580 2319.3
1340590 2321.3
1340600 2321.3
1340610 2323.4
1340620 2325.7
1340630 2325.7
1340640 2327.0
1340650 2327.3
1340660 2327.3
1340670 2323.2
1340680 2316.6
1340690 2316.6
1340700 2310.2
1340710 2304.0
1340720 2299.0
1340730 2299.0
1340740 2294.0
1340750 2290.9
1340760 2290.9
1340770 2290.6
1340780 2288.9
1340790 2288.9
1340800 2289.8
1340810 2294.5
1340820 2294.5
1340830 2296.9
1340840 2296.3
1340850 2296.3
1340860 2297.1
1340870 2296.5
1340880 2296.5
1340890 2297.1
1340900 2298.4
1340910 2298.4
1340920 2298.0
1340930 2295.8
1340940 2295.8
1340950 2291.7
1340960 2287.7
1340970 2287.7
1340980 2284.3
1340990 2281.2
1341000 2277.9
1341010 2277.9
1341020 2275.7
1341030 2274.6
1341040 2274.6
1341050 2272.3
1341060 2270.0
1341070 2270.0
1341080 2266.4
1341090 2263.2
1341100 2263.2
1341110 2261.8
1341120 2259.4
1341130 2254.8
1341140 2253.9
1341150 2251.6
1341160 2251.6
1341170 2247.5
1341180 2244.7
1341190 2244.7
1341200 2242.6
1341210 2242.4
1341220 2242.4
1341230 2241.6
1341240 2239.9
1341250 2238.1
1341260 2238.1
1341270 2236.0
1341280 2232.8
1341290 2232.8
1341300 2230.4
1341310 2228.2
1341320 2228.2
1341330 2223.8
1341340 2218.9
1341350 2218.9
1341360 2215.6
1341370 2213.0
1341380 2213.0
1341390 2209.4
1341400 2204.5
1341410 2204.5
1341420 2198.8
1341430 2194.3
1341440 2194.3
1341450 2188.6
1341460 2178.5
1341470 2178.5
1341480 2167.8
1341490 2160.9
1341500 2160.9
1341510 2153.2
1341520 2148.4
1341530 2145.6
1341540 2145.6
1341550 2143.0
1341560 2141.5
1341570 2141.5
1341580 2138.9
1341590 2134.9
1341600 2134.9
1341610 2129.9
1341620 2124.5
1341630 2124.5
1341640 2119.1
1341650 2113.0
1341660 2113.0
1341670 2106.1
1341680 2101.1
1341690 2101.1
1341700 2097.1
1341710 2092.7
1341720 2092.7
1341730 2085.8
1341740 2081.5
1341750 2081.5
1341760 2079.5
1341770 2076.6
1341780 2075.1
1341790 2075.1
1341800 2072.9
1341810 2069.8
1341820 2069.8
1341830 2064.8
1341840 2061.1
1341850 2061.1
1341860 2062.9
1341870 2063.0
1341880 2063.0
1341890 2061.6
1341900 2060.9
1341910 2060.9
1341920 2060.3
1341930 2060.2
1341940 2060.2
1341950 2059.3
1341960 2059.0
1341970 2059.0
1341980 2059.2
1341990 2058.7
1342000 2058.7
1342010 2058.6
1342020 2058.5
1342030 2054.4
1342040 2054.4
1342050 2055.6
1342060 2056.5
1342070 2056.5
1342080 2057.4
1342090 2056.5
1342100 2056.5
1342110 2051.7
1342120 2047.9
1342130 2047.9
1342140 2045.1
1342150 2043.2
1342160 2043.2
1342170 2040.8
1342180 2040.8
1342190 2040.8
1342200 2038.3
1342210 2029.2
1342220 2029.2
1342230 2015.7
1342240 2005.4
1342250 2005.4
1342260 1997.4
1342270 1991.3
1342280 1991.3
1342290 1988.1
1342300 1986.5
1342310 1981.1
1342320 1981.1
1342330 1973.4
1342340 1968.7
1342350 1968.7
1342360 1966.2
1342370 1966.7
1342380 1966.7
1342390 1969.7
1342400 1966.6
1342410 1966.6
1342420 1962.4
1342430 1957.4
1342440 1957.4
1342450 1953.5
1342460 1951.8
1342470 1951.8
1342480 1950.1
1342490 1948.2
1342500 1948.2
1342510 1942.3
1342520 1935.9
1342530 1935.9
1342540 1932.3
1342550 1929.5
1342560 1925.8
1342570 1925.8
1342580 1922.5
1342590 1919.8
1342600 1919.8
1342610 1916.8
1342620 1915.4
1342630 1915.4
1342640 1915.1
1342650 1912.5
1342660 1912.5
1342670 1910.6
1342680 1913.7
1342690 1913.7
1342700 1916.4
1342710 1919.3
1342720 1919.3
1342730 1921.5
1342740 1923.5
1342750 1923.5
1342760 1925.2
1342770 1927.6
1342780 1927.6
1342790 1930.3
1342800 1933.3
1342810 1936.9
1342820 1936.9
1342830 1939.5
1342840 1941.0
1342850 1941.0
1342860 1942.4
1342870 1945.4
1342880 1945.4
1342890 1948.2
1342900 1951.7
1342910 1951.7
1342920 1952.9
1342930 1957.3
1342940 1957.3
1342950 1964.6
1342960 1974.4
1342970 1974.4
1342980 1980.5
1342990 1986.2
1343000 1986.2
1343010 1991.9
1343020 1997.8
1343030 1997.8
1343040 2003.8
1343050 2010.1
1343060 2010.1
1343070 2019.2
1343080 2032.3
1343090 2043.1
1343100 2043.1
1343110 2047.1
1343120 2050.0
1343130 2050.0
1343140 2053.1
1343150 2055.8
1343160 2055.8
1343170 2057.6
1343180 2056.7
1343190 2056.7
1343200 2057.9
1343210 2061.6
1343220 2061.6
1343230 2063.5
1343240 2066.2
1343250 2066.2
1343260 2068.5
1343270 2070.0
1343280 2070.0
1343290 2071.0
1343300 2072.3
1343310 2072.3
1343320 2072.3
1343330 2071.4
1343340 2070.6
1343350 2070.6
1343360 2071.5
1343370 2072.6
1343380 2072.6
1343390 2072.2
1343400 2072.8
1343410 2072.8
1343420 2073.4
1343430 2073.7
1343440 2073.7
1343450 2075.3
1343460 2077.0
1343470 2077.0
1343480 2080.2
1343490 2084.0
1343500 2084.0
1343510 2087.0
1343520 2090.5
1343530 2090.5
1343540 2094.6
1343550 2098.8
1343560 2098.8
1343570 2104.4
1343580 2110.9
1343590 2110.9
1343600 2116.8
1343610 2122.9
1343620 2129.0
1343630 2129.0
1343640 2134.2
1343650 2139.3
1343660 2139.3
1343670 2144.4
1343680 2149.2
1343690 2149.2
1343700 2153.9
1343710 2157.2
1343720 2157.2
1343730 2160.5
1343740 2163.5
1343750 2163.5
1343760 2166.2
1343770 2168.4
1343780 2168.4
1343790 2170.8
1343800 2172.5
1343810 2172.5
1343820 2174.6
1343830 2174.9
1343840 2174.9
1343850 2174.5
1343860 2174.6
1343870 2175.5
1343880 2175.5
1343890 2176.9
1343900 2178.6
1343910 2178.6
1343920 2180.1
1343930 2182.2
1343940 2182.2
1343950 2186.1
1343960 2191.6
1343970 2191.6
1343980 2196.9
1343990 2202.3
1344000 2202.3
1344010 2208.1
1344020 2213.2
1344030 2213.2
1344040 2217.9
1344050 2223.0
1344060 2223.0
1344070 2230.3
1344080 2237.7
1344090 2237.7
1344100 2242.2
1344110 2242.4
1344120 2243.6
1344130 2243.6
1344140 2246.0
1344150 2247.3
1344160 2247.3
1344170 2249.5
1344180 2252.5
1344190 2252.5
1344200 2255.3
1344210 2258.2
1344220 2258.2
1344230 2262.4
1344240 2267.2
1344250 2267.2
1344260 2270.8
1344270 2274.4
1344280 2274.4
1344290 2277.9
1344300 2280.4
1344310 2280.4
1344320 2283.4
1344330 2287.5
1344340 2287.5
1344350 2292.7
1344360 2299.0
1344370 2299.0
1344380 2305.2
1344390 2311.5
1344400 2318.2
1344410 2318.2
1344420 2325.4
1344430 2333.2
1344440 2333.2
1344450 2342.4
1344460 2351.1
1344470 2351.1
1344480 2360.1
1344490 2369.0
1344500 2369.0
1344510 2378.3
1344520 2385.7
1344530 2385.7
1344540 2391.9
1344550 2400.4
1344560 2400.4
1344570 2409.8
1344580 2419.1
1344590 2419.1
1344600 2427.2
1344610 2422.8
1344620 2422.8
1344630 2414.4
1344640 2403.4
1344650 2391.5
1344660 2391.5
1344670 2379.9
1344680 2370.7
1344690 2370.7
1344700 2363.9
1344710 2358.5
1344720 2358.5
1344730 2351.3
1344740 2347.5
1344750 2347.5
1344760 2344.2
1344770 2341.3
1344780 2341.3
1344790 2338.3
1344800 2335.6
1344810 2335.6
1344820 2332.3
1344830 2328.6
1344840 2328.6
1344850 2324.9
1344860 2322.0
1344870 2322.0
1344880 2318.9
1344890 2315.4
1344900 2310.3
1344910 2310.3
1344920 2304.4
1344930 2299.8
1344940 2299.8
1344950 2296.3
1344960 2292.7
1344970 2292.7
1344980 2289.8
1344990 2286.2
1345000 2286.2
1345010 2280.8
1345020 2277.3
1345030 2277.3
1345040 2274.3
1345050 2269.8
1345060 2269.8
1345070 2267.0
1345080 2263.6
1345090 2263.6
1345100 2259.9
1345110 2257.5
1345120 2257.5
1345130 2255.2
1345140 2254.4
1345150 2254.4
1345160 2254.1
1345170 2253.2
1345180 2252.1
1345190 2252.1
1345200 2249.3
1345210 2244.1
1345220 2244.1
1345230 2237.7
1345240 2233.4
1345250 2233.4
1345260 2232.3
1345270 2231.2
1345280 2231.2
1345290 2229.7
1345300 2226.6
1345310 2226.6
1345320 2222.5
1345330 2220.1
1345340 2220.1
1345350 2218.0
1345360 2215.3
1345370 2215.3
1345380 2210.7
1345390 2203.6
1345400 2203.6
1345410 2196.5
1345420 2190.4
1345430 2184.7
1345440 2184.7
1345450 2179.0
1345460 2175.9
1345470 2175.9
1345480 2176.1
1345490 2172.4
1345500 2172.4
1345510 2167.4
1345520 2162.8
1345530 2162.8
1345540 2160.2
1345550 2158.0
1345560 2158.0
1345570 2156.4
1345580 2158.5
1345590 2158.5
1345600 2158.5
1345610 2156.0
1345620 2156.0
1345630 2153.4
1345640 2151.5
1345650 2147.9
1345660 2144.3
1345670 2139.1
1345680 2139.1
1345690 2134.2
1345700 2131.3
1345710 2127.2
1345720 2127.2
1345730 2119.8
1345740 2113.7
1345750 2113.7
1345760 2109.5
1345770 2106.8
1345780 2106.8
1345790 2104.4
1345800 2101.2
1345810 2101.2
1345820 2097.8
1345830 2094.9
1345840 2094.9
1345850 2091.1
1345860 2087.0
1345870 2087.0
1345880 2082.3
1345890 2077.4
1345900 2077.4
1345910 2072.6
1345920 2065.2
1345930 2065.2
1345940 2055.0
1345950 2046.2
1345960 2039.2
1345970 2039.2
1345980 2032.5
1345990 2025.2
1346000 2025.2
1346010 2016.6
1346020 2006.6
1346030 2006.6
1346040 1996.7
1346050 1989.2
1346060 1989.2
1346070 1982.3
1346080 1975.9
1346090 1975.9
1346100 1970.5
1346110 1965.9
1346120 1965.9
1346130 1961.0
1346140 1955.5
1346150 1955.5
1346160 1949.9
1346170 1943.5
1346180 1943.5
1346190 1937.1
1346200 1935.5
1346210 1939.6
1346220 1939.6
1346230 1946.4
1346240 1949.7
1346250 1949.7
1346260 1951.7
1346270 1952.4
1346280 1952.4
1346290 1954.4
1346300 1958.5
1346310 1958.5
1346320 1962.7
1346330 1966.8
1346340 1966.8
1346350 1971.8
1346360 1977.7
1346370 1977.7
1346380 1982.6
1346390 1990.0
1346400 1990.0
1346410 2000.8
1346420 2009.9
1346430 2009.9
1346440 2019.6
1346450 2031.7
1346460 2031.7
1346470 2041.2
1346480 2048.9
1346490 2054.6
1346500 2054.6
1346510 2064.1
1346520 2070.6
1346530 2070.6
1346540 2079.8
1346550 2087.7
1346560 2087.7
1346570 2095.2
1346580 2099.5
1346590 2099.5
1346600 2104.9
1346610 2109.8
1346620 2109.8
1346630 2113.7
1346640 2117.1
1346650 2117.1
1346660 2120.1
1346670 2120.5
1346680 2120.5
1346690 2121.8
1346700 2122.2
1346710 2122.2
1346720 2121.6
1346730 2122.5
1346740 2125.0
1346750 2125.0
1346760 2128.8
1346770 2133.1
1346780 2133.1
1346790 2137.2
1346800 2138.9
1346810 2138.9
1346820 2139.0
1346830 2138.5
1346840 2138.5
1346850 2137.7
1346860 2136.6
1346870 2136.6
1346880 2135.6
1346890 2135.2
1346900 2135.2
1346910 2135.2
1346920 2135.1
1346930 2135.1
1346940 2135.3
1346950 2135.3
1346960 2135.3
1346970 2133.8
1346980 2132.8
1346990 2131.6
1347000 2131.6
1347010 2131.1
1347020 2130.4
1347030 2130.4
1347040 2129.1
1347050 2127.8
1347060 2127.8
1347070 2126.9
1347080 2125.5
1347090 2125.5
1347100 2123.8
1347110 2122.0
1347120 2122.0
1347130 2119.3
1347140 2115.8
1347150 2115.8
1347160 2112.7
1347170 2110.0
1347180 2110.0
1347190 2107.6
1347200 2103.7
1347210 2103.7
1347220 2099.8
1347230 2096.1
1347240 2096.1
1347250 2095.8
1347260 2097.6
1347270 2098.1
1347280 2098.1
1347290 2096.4
1347300 2094.5
1347310 2094.5
1347320 2092.1
1347330 2089.5
1347340 2089.5
1347350 2088.0
1347360 2086.5
1347370 2086.5
1347380 2084.3
1347390 2081.2
1347400 2081.2
1347410 2079.1
1347420 2075.1
1347430 2075.1
1347440 2073.2
1347450 2071.4
1347460 2071.4
1347470 2069.2
1347480 2066.9
1347490 2067.4
1347500 2064.8
1347510 2062.8
1347520 2059.5
1347530 2059.5
1347540 2055.2
1347550 2049.6
1347560 2049.6
1347570 2051.4
1347580 2050.7
1347590 2050.7
1347600 2048.9
1347610 2046.5
1347620 2046.5
1347630 2040.6
1347640 2035.2
1347650 2035.2
1347660 2032.9
1347670 2029.8
1347680 2029.8
1347690 2026.7
1347700 2024.3
1347710 2024.3
1347720 2025.0
1347730 2024.1
1347740 2024.1
1347750 2022.3
1347760 2021.7
1347770 2018.9
1347780 2018.9
1347790 2015.2
1347800 2012.2
1347810 2012.2
1347820 2009.5
1347830 2006.6
1347840 2006.6
1347850 2003.5
1347860 1998.3
1347870 1998.3
1347880 1993.7
1347890 1989.9
1347900 1989.9
1347910 1985.8
1347920 1977.5
1347930 1977.5
1347940 1970.5
1347950 1966.0
1347960 1966.0
1347970 1963.8
1347980 1961.2
1347990 1961.2
1348000 1958.3
1348010 1956.0
1348020 1956.0
1348030 1960.2
1348040 1964.3
1348050 1964.1
1348060 1964.1
1348070 1964.1
1348080 1962.6
1348090 1962.6
1348100 1963.7
1348110 1964.3
1348120 1964.3
1348130 1964.6
1348140 1965.5
1348150 1965.5
1348160 1966.6
1348170 1967.4
1348180 1967.4
1348190 1968.9
1348200 1969.8
1348210 1969.8
1348220 1970.4
1348230 1970.7
1348240 1970.7
1348250 1971.1
1348260 1971.7
1348270 1971.7
1348280 1972.0
1348290 1971.6
1348300 1971.4
1348310 1971.4
1348320 1971.0
1348330 1970.8
1348340 1970.8
1348350 1970.8
1348360 1971.2
1348370 1971.2
1348380 1971.7
1348390 1971.4
1348400 1971.4
1348410 1970.9
1348420 1970.1
1348430 1973.1
1348440 1971.2
1348450 1970.2
1348460 1970.2
1348470 1970.0
1348480 1969.8
1348490 1969.8
1348500 1969.7
1348510 1970.7
1348520 1970.7
1348530 1971.4
1348540 1971.9
1348550 1971.9
1348560 1972.0
1348570 1971.2
1348580 1971.5
1348590 1971.5
1348600 1971.4
1348610 1971.1
1348620 1971.1
1348630 1968.6
1348640 1966.8
1348650 1966.8
1348660 1965.1
1348670 1965.4
1348680 1965.4
1348690 1965.8
1348700 1964.8
1348710 1964.8
1348720 1963.3
1348730 1962.5
1348740 1962.5
1348750 1961.8
1348760 1960.8
1348770 1960.8
1348780 1959.4
1348790 1957.8
1348800 1957.8
1348810 1956.3
1348820 1955.0
1348830 1953.9
1348840 1953.9
1348850 1952.7
1348860 1951.7
1348870 1951.7
1348880 1951.2
1348890 1951.5
1348900 1951.5
1348910 1951.3
1348920 1950.2
1348930 1950.2
1348940 1949.4
1348950 1947.9
1348960 1947.9
1348970 1945.9
1348980 1945.8
1348990 1945.8
1349000 1946.3
1349010 1946.4
1349020 1946.4
1349030 1945.9
1349040 1944.5
1349050 1944.5
1349060 1942.2
1349070 1940.0
1349080 1939.0
1349090 1939.0
1349100 1938.7
1349110 1938.9
1349120 1938.9
1349130 1936.3
1349140 1933.2
1349150 1933.2
1349160 1932.6
1349170 1931.8
1349180 1931.8
1349190 1930.2
1349200 1928.8
1349210 1928.8
1349220 1927.5
1349230 1927.2
1349240 1927.2
1349250 1926.4
1349260 1925.9
1349270 1925.9
1349280 1924.5
1349290 1922.8
1349300 1922.8
1349310 1922.0
1349320 1920.5
1349330 1920.5
1349340 1919.1
1349350 1915.9
1349360 1918.3
1349370 1918.3
1349380 1914.1
1349390 1911.9
1349400 1911.9
1349410 1909.8
1349420 1907.1
1349430 1907.1
1349440 1904.8
1349450 1901.3
1349460 1901.3
1349470 1896.3
1349480 1891.0
1349490 1891.0
1349500 1884.7
1349510 1876.6
1349520 1876.6
1349530 1871.0
1349540 1864.2
1349550 1864.2
1349560 1856.5
1349570 1848.3
1349580 1848.3
1349590 1841.0
1349600 1835.0
1349610 1829.8
1349620 1829.8
1349630 1823.5
1349640 1813.1
1349650 1813.1
1349660 1798.2
1349670 1788.7
1349680 1788.7
1349690 1779.2
1349700 1770.2
1349710 1770.2
1349720 1762.0
1349730 1754.9
1349740 1754.9
1349750 1747.0
1349760 1737.9
1349770 1737.9
1349780 1726.4
1349790 1716.6
1349800 1716.6
1349810 1707.8
1349820 1698.9
1349830 1698.9
1349840 1690.5
1349850 1681.3
1349860 1672.0
1349870 1672.0
1349880 1664.3
1349890 1657.1
1349900 1657.1
1349910 1650.2
1349920 1643.8
1349930 1643.8
1349940 1638.1
1349950 1633.1
1349960 1633.1
1349970 1629.0
1349980 1625.7
1349990 1625.7
1350000 1622.9
1350010 1620.2
1350020 1620.2
1350030 1616.7
1350040 1611.1
1350050 1611.1
1350060 1602.4
1350070 1596.7
1350080 1596.7
1350090 1596.2
1350100 1595.2
1350110 1595.2
1350120 1602.1
1350130 1611.4
1350140 1616.6
1350150 1616.6
1350160 1621.2
1350170 1623.9
1350180 1623.9
1350190 1626.4
1350200 1628.9
1350210 1628.9
1350220 1631.3
1350230 1632.7
1350240 1632.7
1350250 1633.8
1350260 1636.2
1350270 1636.2
1350280 1640.5
1350290 1645.2
1350300 1645.2
1350310 1641.5
1350320 1641.8
1350330 1641.8
1350340 1645.1
1350350 1650.0
1350360 1650.0
1350370 1655.2
1350380 1660.5
1350390 1665.0
1350400 1665.0
1350410 1668.5
1350420 1671.4
1350430 1671.4
1350440 1675.3
1350450 1679.0
1350460 1679.0
1350470 1685.4
1350480 1691.9
1350490 1691.9
1350500 1697.4
1350510 1700.9
1350520 1700.9
1350530 1703.8
1350540 1706.5
1350550 1706.5
1350560 1709.0
1350570 1712.0
1350580 1712.0
1350590 1715.7
1350600 1719.7
1350610 1719.7
1350620 1723.2
1350630 1727.7
1350640 1727.7
1350650 1733.0
1350660 1738.0
1350670 1742.4
1350680 1742.4
1350690 1745.5
1350700 1749.7
1350710 1749.7
1350720 1756.0
1350730 1764.4
1350740 1764.4
1350750 1773.0
1350760 1781.2
1350770 1781.2
1350780 1788.1
1350790 1795.4
1350800 1795.4
1350810 1802.9
1350820 1810.3
1350830 1810.3
1350840 1814.6
1350850 1818.0
1350860 1818.0
1350870 1823.5
1350880 1827.7
1350890 1827.7
1350900 1832.4
1350910 1838.2
1350920 1842.1
1350930 1842.1
1350940 1845.7
1350950 1850.4
1350960 1850.4
1350970 1855.6
1350980 1859.1
1350990 1859.1
1351000 1861.7
1351010 1866.0
1351020 1866.0
1351030 1869.0
1351040 1872.1
1351050 1872.1
1351060 1877.2
1351070 1882.4
1351080 1882.4
1351090 1887.1
1351100 1892.0
1351110 1892.0
1351120 1897.1
1351130 1904.1
1351140 1904.1
1351150 1910.7
1351160 1916.7
1351170 1923.6
1351180 1923.6
1351190 1930.8
1351200 1940.3
1351210 1940.3
1351220 1945.4
1351230 1951.3
1351240 1951.3
1351250 1958.2
1351260 1957.2
1351270 1957.2
1351280 1963.2
1351290 1969.3
1351300 1969.3
1351310 1975.7
1351320 1982.2
1351330 1982.2
1351340 1986.0
1351350 1991.4
1351360 1991.4
1351370 1995.1
1351380 1999.6
1351390 1999.6
1351400 2004.4
1351410 2011.8
1351420 2011.8
1351430 2019.6
1351440 2026.5
1351450 2036.9
1351460 2036.9
1351470 2041.5
1351480 2046.6
1351490 2046.6
1351500 2052.4
1351510 2057.0
1351520 2057.0
1351530 2058.4
1351540 2061.4
1351550 2061.4
1351560 2065.7
1351570 2069.7
1351580 2069.7
1351590 2073.4
1351600 2077.7
1351610 2077.7
1351620 2081.8
1351630 2085.5
1351640 2085.5
1351650 2089.0
1351660 2093.1
1351670 2093.1
1351680 2097.6
1351690 2102.3
1351700 2108.3
1351710 2108.3
1351720 2114.4
1351730 2120.8
1351740 2120.8
1351750 2127.1
1351760 2133.6
1351770 2133.6
1351780 2140.3
1351790 2146.6
1351800 2146.6
1351810 2152.7
1351820 2158.2
1351830 2158.2
1351840 2162.6
1351850 2166.3
1351860 2166.3
1351870 2171.3
1351880 2175.6
1351890 2175.6
1351900 2181.0
1351910 2186.1
1351920 2186.1
1351930 2191.1
1351940 2196.5
1351950 2203.1
1351960 2203.1
1351970 2210.6
1351980 2217.2
1351990 2217.2
1352000 2223.7
1352010 2230.6
1352020 2230.6
1352030 2237.2
1352040 2244.6
1352050 2244.6
1352060 2251.4
1352070 2257.2
1352080 2257.2
1352090 2263.4
1352100 2268.5
1352110 2268.5
1352120 2272.5
1352130 2276.6
1352140 2276.6
1352150 2281.1
1352160 2285.4
1352170 2285.4
1352180 2289.9
1352190 2293.1
1352200 2293.1
1352210 2288.1
1352220 2278.0
1352230 2273.1
1352240 2273.1
1352250 2267.8
1352260 2262.4
1352270 2262.4
1352280 2256.6
1352290 2250.3
1352300 2250.3
1352310 2244.2
1352320 2238.3
1352330 2238.3
1352340 2232.3
1352350 2226.2
1352360 2226.2
1352370 2220.5
1352380 2215.1
1352390 2215.1
1352400 2210.3
1352410 2206.3
1352420 2206.3
1352430 2203.5
1352440 2201.1
1352450 2201.1
1352460 2197.4
1352470 2193.8
1352480 2190.3
1352490 2190.3
1352500 2186.1
1352510 2181.4
1352520 2181.4
1352530 2177.6
1352540 2171.8
1352550 2171.8
1352560 2168.3
1352570 2165.5
1352580 2165.5
1352590 2163.3
1352600 2160.5
1352610 2160.5
1352620 2156.7
1352630 2153.2
1352640 2153.2
1352650 2148.5
1352660 2142.2
1352670 2142.2
1352680 2135.7
1352690 2131.3
1352700 2131.3
1352710 2126.7
1352720 2124.6
1352730 2122.5
1352740 2122.5
1352750 2118.3
1352760 2112.4
1352770 2112.4
1352780 2109.9
1352790 2108.3
1352800 2108.3
1352810 2106.5
1352820 2103.4
1352830 2103.4
1352840 2098.3
1352850 2094.3
1352860 2094.3
1352870 2091.4
1352880 2089.7
1352890 2089.7
1352900 2089.4
1352910 2087.0
1352920 2087.0
1352930 2082.6
1352940 2081.8
1352950 2081.8
1352960 2081.0
1352970 2080.5
1352980 2080.5
1352990 2078.0
1353000 2075.1
1353010 2071.1
1353020 2071.1
1353030 2067.0
1353040 2064.5
1353050 2064.5
1353060 2061.3
1353070 2059.5
1353080 2059.5
1353090 2054.6
1353100 2050.8
1353110 2050.8
1353120 2048.2
1353130 2046.2
1353140 2046.2
1353150 2042.9
1353160 2040.2
1353170 2040.2
1353180 2037.2
1353190 2035.1
1353200 2035.1
1353210 2035.1
1353220 2034.7
1353230 2034.7
1353240 2032.9
1353250 2031.3
1353260 2029.8
1353270 2029.8
1353280 2028.5
1353290 2026.7
1353300 2026.7
1353310 2025.2
1353320 2023.7
1353330 2023.7
1353340 2020.7
1353350 2017.0
1353360 2017.0
1353370 2015.1
1353380 2011.8
1353390 2011.8
1353400 2007.2
1353410 2003.3
1353420 2003.3
1353430 1999.3
1353440 1994.5
1353450 1994.5
1353460 1990.4
1353470 1986.8
1353480 1986.8
1353490 1983.5
1353500 1979.6
1353510 1979.6
1353520 1978.2
1353530 1976.4
1353540 1973.5
1353550 1973.5
1353560 1969.4
1353570 1964.7
1353580 1964.7
1353590 1960.6
1353600 1958.3
1353610 1958.3
1353620 1956.1
1353630 1954.8
1353640 1954.8
1353650 1952.7
1353660 1950.1
1353670 1950.1
1353680 1948.4
1353690 1946.8
1353700 1946.8
1353710 1944.1
1353720 1939.8
1353730 1939.8
1353740 1935.8
1353750 1932.6
1353760 1932.6
1353770 1929.2
1353780 1925.2
1353790 1923.5
1353800 1923.5
1353810 1922.3
1353820 1921.2
1353830 1921.2
1353840 1920.4
1353850 1919.1
1353860 1919.1
1353870 1916.5
1353880 1914.9
1353890 1914.9
1353900 1913.3
1353910 1911.6
1353920 1911.6
1353930 1907.7
1353940 1902.5
1353950 1902.5
1353960 1897.5
1353970 1891.5
1353980 1891.5
1353990 1885.4
1354000 1880.6
1354010 1880.6
1354020 1877.2
1354030 1873.3
1354040 1870.1
1354050 1870.1
1354060 1867.8
1354070 1866.9
1354080 1866.9
1354090 1864.8
1354100 1860.7
1354110 1860.7
1354120 1858.1
1354130 1857.2
1354140 1857.2
1354150 1855.9
1354160 1849.9
1354170 1849.9
1354180 1847.4
1354190 1843.6
1354200 1843.6
1354210 1839.6
1354220 1837.5
1354230 1837.5
1354240 1834.8
1354250 1832.2
1354260 1832.2
1354270 1828.5
1354280 1824.7
1354290 1824.7
1354300 1821.6
1354310 1818.5
1354320 1816.3
1354330 1816.3
1354340 1812.9
1354350 1810.0
1354360 1810.0
1354370 1806.9
1354380 1804.0
1354390 1804.0
1354400 1801.8
1354410 1800.2
1354420 1800.2
1354430 1797.4
1354440 1792.8
1354450 1792.8
1354460 1788.8
1354470 1787.2
1354480 1787.2
1354490 1785.0
1354500 1783.3
1354510 1783.3
1354520 1782.0
1354530 1780.8
1354540 1780.8
1354550 1777.7
1354560 1775.1
1354570 1772.9
1354580 1772.9
1354590 1770.5
1354600 1769.1
1354610 1769.1
1354620 1767.6
1354630 1764.9
1354640 1764.9
1354650 1761.0
1354660 1758.0
1354670 1758.0
1354680 1755.2
1354690 1753.7
1354700 1753.7
1354710 1750.8
1354720 1746.6
1354730 1746.6
1354740 1739.4
1354750 1733.0
1354760 1733.0
1354770 1727.6
1354780 1722.9
1354790 1722.9
1354800 1717.6
1354810 1713.3
1354820 1711.3
1354830 1711.3
1354840 1710.1
1354850 1708.7
1354860 1708.7
1354870 1705.8
1354880 1705.1
1354890 1705.1
1354900 1702.9
1354910 1703.5
1354920 1703.5
1354930 1704.4
1354940 1707.6
1354950 1707.6
1354960 1712.8
1354970 1716.9
1354980 1716.9
1354990 1721.5
1355000 1727.2
1355010 1727.2
1355020 1733.3
1355030 1737.9
1355040 1737.9
1355050 1743.8
1355060 1749.7
1355070 1749.7
1355080 1756.4
1355090 1763.2
1355100 1769.6
1355110 1769.6
1355120 1778.8
1355130 1785.2
1355140 1787.7
1355150 1795.7
1355160 1800.0
1355170 1800.0
1355180 1808.2
1355190 1813.9
1355200 1813.9
1355210 1819.6
1355220 1825.9
1355230 1825.9
1355240 1831.4
1355250 1836.8
1355260 1836.8
1355270 1843.0
1355280 1848.1
1355290 1848.1
1355300 1853.1
1355310 1858.0
1355320 1858.0
1355330 1863.1
1355340 1869.1
1355350 1875.2
1355360 1875.2
1355370 1881.8
1355380 1888.6
1355390 1888.6
1355400 1894.8
1355410 1899.9
1355420 1899.9
1355430 1906.0
1355440 1912.6
1355450 1912.6
1355460 1918.9
1355470 1925.0
1355480 1925.0
1355490 1930.7
1355500 1937.4
1355510 1937.4
1355520 1941.4
1355530 1947.4
1355540 1947.4
1355550 1953.4
1355560 1958.6
1355570 1958.6
1355580 1962.8
1355590 1968.1
1355600 1972.9
1355610 1972.9
1355620 1977.6
1355630 1983.8
1355640 1983.8
1355650 1988.2
1355660 1993.7
1355670 1993.7
1355680 1999.9
1355690 2004.9
1355700 2004.9
1355710 2009.3
1355720 2012.6
1355730 2012.6
1355740 2016.8
1355750 2021.5
1355760 2021.5
1355770 2026.9
1355780 2032.3
1355790 2032.3
1355800 2037.4
1355810 2041.8
1355820 2041.8
1355830 2045.4
1355840 2049.7
1355850 2049.7
1355860 2053.5
1355870 2059.0
1355880 2065.3
1355890 2065.3
1355900 2071.0
1355910 2076.1
1355920 2076.1
1355930 2079.7
1355940 2083.8
1355950 2083.8
1355960 2088.2
1355970 2091.4
1355980 2091.4
1355990 2094.2
1356000 2096.3
1356010 2096.3
1356020 2100.6
1356030 2107.3
1356040 2107.3
1356050 2114.7
1356060 2121.0
1356070 2121.0
1356080 2127.4
1356090 2132.8
1356100 2132.8
1356110 2139.1
1356120 2145.7
1356130 2149.0
1356140 2149.0
1356150 2154.3
1356160 2159.7
1356170 2159.7
1356180 2165.9
1356190 2171.9
1356200 2171.9
1356210 2178.7
1356220 2183.6
1356230 2183.6
1356240 2187.7
1356250 2192.8
1356260 2192.8
1356270 2196.6
1356280 2198.1
1356290 2198.1
1356300 2199.4
1356310 2203.5
1356320 2203.5
1356330 2209.3
1356340 2216.0
1356350 2216.0
1356360 2223.0
1356370 2230.0
1356380 2230.0
1356390 2235.8
1356400 2241.5
1356410 2247.8
1356420 2247.8
1356430 2254.6
1356440 2261.4
1356450 2261.4
1356460 2267.6
1356470 2273.7
1356480 2273.7
1356490 2279.3
1356500 2284.8
1356510 2284.8
1356520 2287.1
1356530 2284.2
1356540 2284.2
1356550 2279.3
1356560 2274.4
1356570 2274.4
1356580 2269.9
1356590 2265.1
1356600 2265.1
1356610 2258.9
1356620 2252.7
1356630 2252.7
1356640 2245.4
1356650 2238.3
1356660 2232.9
1356670 2232.9
1356680 2227.6
1356690 2223.0
1356700 2223.0
1356710 2218.8
1356720 2214.9
1356730 2214.9
1356740 2211.4
1356750 2208.1
1356760 2208.1
1356770 2205.5
1356780 2203.1
1356790 2203.1
1356800 2201.0
1356810 2199.2
1356820 2199.2
1356830 2197.9
1356840 2197.5
1356850 2197.5
1356860 2197.5
1356870 2197.3
1356880 2197.3
1356890 2196.2
1356900 2194.9
1356910 2190.5
1356920 2190.5
1356930 2185.3
1356940 2180.2
1356950 2180.2
1356960 2174.3
1356970 2167.8
1356980 2167.8
1356990 2162.0
1357000 2158.7
1357010 2158.7
1357020 2158.2
1357030 2156.8
1357040 2156.8
1357050 2154.3
1357060 2150.6
1357070 2150.6
1357080 2147.6
1357090 2144.6
1357100 2144.6
1357110 2142.6
1357120 2140.4
1357130 2140.4
1357140 2138.5
1357150 2137.2
1357160 2137.2
1357170 2135.1
1357180 2133.5
1357190 2131.5
1357200 2131.5
1357210 2128.2
1357220 2123.8
1357230 2123.8
1357240 2119.7
1357250 2116.2
1357260 2116.2
1357270 2113.3
1357280 2110.6
1357290 2110.6
1357300 2108.6
1357310 2106.1
1357320 2106.1
1357330 2103.4
1357340 2100.2
1357350 2100.2
1357360 2097.6
1357370 2094.9
1357380 2094.9
1357390 2093.8
1357400 2092.9
1357410 2092.9
1357420 2091.7
1357430 2090.8
1357440 2089.5
1357450 2089.5
1357460 2088.4
1357470 2086.8
1357480 2086.8
1357490 2085.0
1357500 2083.0
1357510 2083.0
1357520 2080.6
1357530 2078.0
1357540 2078.0
1357550 2074.7
1357560 2071.5
1357570 2071.5
1357580 2068.7
1357590 2066.3
1357600 2066.3
1357610 2063.7
1357620 2061.4
1357630 2061.4
1357640 2058.7
1357650 2055.4
1357660 2055.4
1357670 2051.9
1357680 2048.6
1357690 2046.5
1357700 2046.5
1357710 2043.2
1357720 2039.9
1357730 2039.9
1357740 2037.9
1357750 2033.1
1357760 2033.1
1357770 2029.2
1357780 2027.2
1357790 2027.2
1357800 2026.4
1357810 2023.9
1357820 2023.9
1357830 2018.5
1357840 2012.7
1357850 2012.7
1357860 2007.9
1357870 2004.5
1357880 2004.5
1357890 2001.8
1357900 1997.4
1357910 1997.4
1357920 1991.8
1357930 1987.1
1357940 1987.1
1357950 1982.1
1357960 1977.1
1357970 1972.1
1357980 1972.1
1357990 1967.4
1358000 1962.6
1358010 1962.6
1358020 1957.7
1358030 1953.4
1358040 1953.4
1358050 1949.7
1358060 1946.4
1358070 1946.4
1358080 1943.1
1358090 1939.2
1358100 1939.2
1358110 1934.8
1358120 1931.6
1358130 1928.8
1358140 1926.1
1358150 1921.5
1358160 1921.5
1358170 1915.7
1358180 1910.2
1358190 1910.2
1358200 1905.5
1358210 1901.6
1358220 1897.5
1358230 1897.5
1358240 1893.2
1358250 1888.6
1358260 1888.6
1358270 1883.8
1358280 1880.3
1358290 1880.3
1358300 1876.0
1358310 1870.8
1358320 1870.8
1358330 1865.9
1358340 1861.8
1358350 1861.8
1358360 1856.6
1358370 1851.1
1358380 1851.1
1358390 1846.0
1358400 1843.6
1358410 1843.6
1358420 1839.8
1358430 1835.7
1358440 1835.7
1358450 1831.7
1358460 1828.4
1358470 1825.4
1358480 1825.4
1358490 1821.1
1358500 1817.1
1358510 1817.1
1358520 1813.5
1358530 1810.5
1358540 1810.5
1358550 1807.5
1358560 1805.2
1358570 1805.2
1358580 1803.1
1358590 1800.5
1358600 1800.5
1358610 1798.0
1358620 1796.8
1358630 1796.8
1358640 1793.7
1358650 1790.6
1358660 1790.6
1358670 1788.5
1358680 1786.6
1358690 1786.6
1358700 1785.6
1358710 1785.1
1358720 1785.1
1358730 1784.2
1358740 1783.1
1358750 1780.9
1358760 1780.9
1358770 1779.1
1358780 1778.1
1358790 1778.1
1358800 1777.1
1358810 1776.5
1358820 1776.5
1358830 1775.4
1358840 1774.0
1358850 1774.0
1358860 1772.3
1358870 1770.3
1358880 1770.3
1358890 1768.4
1358900 1767.3
1358910 1767.3
1358920 1765.6
1358930 1762.8
1358940 1762.8
1358950 1761.4
1358960 1758.9
1358970 1758.9
1358980 1756.8
1358990 1755.4
1359000 1753.7
1359010 1753.7
1359020 1751.5
1359030 1749.8
1359040 1749.8
1359050 1748.4
1359060 1745.8
1359070 1745.8
1359080 1745.4
1359090 1745.1
1359100 1745.1
1359110 1744.0
1359120 1740.4
1359130 1740.4
1359140 1733.5
1359150 1733.3
1359160 1733.3
1359170 1732.9
1359180 1732.5
1359190 1732.5
1359200 1732.0
1359210 1730.8
1359220 1730.8
1359230 1728.8
1359240 1727.0
1359250 1724.3
1359260 1724.3
1359270 1719.3
1359280 1712.4
1359290 1712.4
1359300 1708.8
1359310 1706.9
1359320 1706.9
1359330 1704.9
1359340 1702.4
1359350 1702.4
1359360 1699.5
1359370 1695.7
1359380 1695.7
1359390 1690.4
1359400 1685.9
1359410 1685.9
1359420 1682.5
1359430 1679.4
1359440 1679.4
1359450 1676.1
1359460 1672.4
1359470 1672.4
1359480 1669.0
1359490 1665.0
1359500 1665.0
1359510 1659.9
1359520 1655.9
1359530 1652.8
1359540 1652.8
1359550 1650.5
1359560 1648.7
1359570 1648.7
1359580 1646.4
1359590 1642.9
1359600 1642.9
1359610 1639.1
1359620 1634.0
1359630 1634.0
1359640 1630.8
1359650 1627.5
1359660 1627.5
1359670 1623.0
1359680 1619.4
1359690 1619.4
1359700 1616.0
1359710 1611.5
1359720 1611.5
1359730 1606.5
1359740 1599.5
1359750 1599.5
1359760 1593.2
1359770 1588.1
1359780 1582.9
1359790 1582.9
1359800 1578.3
1359810 1574.2
1359820 1574.2
1359830 1571.5
1359840 1567.7
1359850 1567.7
1359860 1562.3
1359870 1557.6
1359880 1557.6
1359890 1553.2
1359900 1549.2
1359910 1549.2
1359920 1546.1
1359930 1544.2
1359940 1544.2
1359950 1539.7
1359960 1534.5
1359970 1534.5
1359980 1530.7
1359990 1526.4
