1340000 2156.3
1340010 2156.3
1340020 2158.6
1340030 2158.6
1340040 2161.9
1340050 2164.8
1340060 2164.8
1340070 2168.2
1340080 2171.1
1340090 2171.1
1340100 2173.0
1340110 2176.0
1340120 2176.0
1340130 2181.3
1340140 2187.1
1340150 2187.1
1340160 2193.7
1340170 2200.7
1340180 2200.7
1340190 2207.1
1340200 2212.5
1340210 2212.5
1340220 2218.6
1340230 2225.5
1340240 2225.5
1340250 2232.9
1340260 2240.6
1340270 2240.6
1340280 2249.4
1340290 2257.8
1340300 2265.1
1340310 2265.1
1340320 2269.0
1340330 2266.3
1340340 2266.3
1340350 2261.0
1340360 2254.3
1340370 2254.3
1340380 2247.4
1340390 2241.4
1340400 2241.4
1340410 2232.0
1340420 2223.5
1340430 2223.5
1340440 2217.3
1340450 2211.4
1340460 2211.4
1340470 2206.9
1340480 2203.1
1340490 2203.1
1340500 2200.8
1340510 2199.0
1340520 2199.0
1340530 2197.7
1340540 2198.2
1340550 2199.7
1340560 2199.7
1340570 2201.5
1340580 2200.3
1340590 2200.3
1340600 2198.6
1340610 2196.7
1340620 2196.7
1340630 2193.4
1340640 2189.8
1340650 2189.8
1340660 2188.3
1340670 2187.1
1340680 2187.1
1340690 2185.6
1340700 2183.4
1340710 2183.4
1340720 2181.3
1340730 2178.7
1340740 2178.7
1340750 2175.9
1340760 2172.4
1340770 2171.6
1340780 2168.4
1340790 2165.7
1340800 2165.7
1340810 2164.3
1340820 2164.2
1340830 2165.3
1340840 2165.3
1340850 2167.6
1340860 2168.3
1340870 2168.3
1340880 2167.6
1340890 2165.7
1340900 2165.7
1340910 2165.0
1340920 2164.8
1340930 2164.8
1340940 2164.5
1340950 2164.4
1340960 2164.4
1340970 2166.4
1340980 2168.6
1340990 2168.6
1341000 2170.5
1341010 2172.4
1341020 2172.4
1341030 2176.2
1341040 2179.5
1341050 2179.5
1341060 2183.4
1341070 2188.9
1341080 2195.1
1341090 2195.1
1341100 2201.3
1341110 2208.4
1341120 2208.4
1341130 2214.4
1341140 2219.5
1341150 2219.5
1341160 2225.8
1341170 2232.3
1341180 2232.3
1341190 2234.4
1341200 2240.1
1341210 2240.1
1341220 2236.2
1341230 2229.3
1341240 2229.3
1341250 2223.0
1341260 2218.0
1341270 2218.0
1341280 2212.7
1341290 2207.8
1341300 2207.8
1341310 2204.1
1341320 2202.3
1341330 2200.6
1341340 2200.6
1341350 2198.3
1341360 2196.4
1341370 2196.4
1341380 2195.0
1341390 2192.7
1341400 2192.7
1341410 2188.4
1341420 2183.4
1341430 2183.4
1341440 2179.7
1341450 2174.6
1341460 2174.6
1341470 2168.2
1341480 2165.1
1341490 2165.1
1341500 2164.4
1341510 2164.4
1341520 2164.4
1341530 2161.4
1341540 2155.4
1341550 2155.4
1341560 2150.3
1341570 2145.2
1341580 2145.2
1341590 2139.6
1341600 2135.0
1341610 2130.8
1341620 2130.8
1341630 2128.1
1341640 2124.9
1341650 2124.6
1341660 2119.8
1341670 2114.6
1341680 2114.6
1341690 2109.0
1341700 2104.6
1341710 2104.6
1341720 2100.0
1341730 2097.0
1341740 2097.0
1341750 2094.6
1341760 2087.9
1341770 2087.9
1341780 2074.8
1341790 2067.3
1341800 2067.3
1341810 2061.2
1341820 2055.4
1341830 2055.4
1341840 2049.6
1341850 2043.2
1341860 2036.5
1341870 2036.5
1341880 2029.9
1341890 2023.6
1341900 2023.6
1341910 2017.7
1341920 2012.9
1341930 2012.9
1341940 2008.5
1341950 2004.4
1341960 2004.4
1341970 2000.2
1341980 1997.0
1341990 1997.0
1342000 1993.5
1342010 1990.8
1342020 1990.8
1342030 1987.7
1342040 1984.7
1342050 1984.7
1342060 1982.3
1342070 1979.4
1342080 1979.4
1342090 1977.0
1342100 1974.4
1342110 1971.2
1342120 1971.2
1342130 1967.9
1342140 1964.9
1342150 1964.9
1342160 1962.0
1342170 1958.7
1342180 1958.7
1342190 1955.0
1342200 1951.8
1342210 1951.8
1342220 1948.2
1342230 1944.0
1342240 1944.0
1342250 1939.3
1342260 1933.9
1342270 1933.9
1342280 1928.1
1342290 1922.4
1342300 1922.4
1342310 1915.6
1342320 1908.3
1342330 1908.3
1342340 1900.0
1342350 1892.5
1342360 1892.5
1342370 1883.7
1342380 1876.2
1342390 1873.0
1342400 1873.0
1342410 1871.8
1342420 1870.4
1342430 1870.4
1342440 1868.1
1342450 1865.4
1342460 1865.4
1342470 1862.0
1342480 1858.1
1342490 1858.1
1342500 1854.3
1342510 1851.3
1342520 1851.3
1342530 1849.3
1342540 1847.1
1342550 1845.0
1342560 1843.0
1342570 1841.0
1342580 1841.0
1342590 1838.7
1342600 1837.3
1342610 1837.3
1342620 1836.8
1342630 1836.9
1342640 1838.0
1342650 1838.0
1342660 1839.7
1342670 1842.1
1342680 1842.1
1342690 1844.6
1342700 1847.7
1342710 1847.7
1342720 1849.4
1342730 1846.4
1342740 1846.4
1342750 1838.9
1342760 1836.4
1342770 1836.4
1342780 1839.1
1342790 1840.3
1342800 1840.3
1342810 1843.9
1342820 1846.1
1342830 1846.1
1342840 1848.2
1342850 1850.9
1342860 1850.9
1342870 1854.1
1342880 1857.4
1342890 1860.4
1342900 1860.4
1342910 1861.4
1342920 1862.6
1342930 1862.6
1342940 1867.2
1342950 1872.8
1342960 1872.8
1342970 1877.4
1342980 1882.8
1342990 1882.8
1343000 1888.2
1343010 1893.7
1343020 1893.7
1343030 1899.0
1343040 1904.8
1343050 1904.8
1343060 1910.0
1343070 1914.9
1343080 1914.9
1343090 1920.5
1343100 1926.3
1343110 1926.3
1343120 1931.8
1343130 1937.6
1343140 1937.6
1343150 1942.8
1343160 1947.8
1343170 1953.3
1343180 1953.3
1343190 1959.2
1343200 1965.0
1343210 1965.0
1343220 1971.0
1343230 1976.7
1343240 1976.7
1343250 1982.8
1343260 1989.5
1343270 1989.5
1343280 1996.7
1343290 2003.9
1343300 2003.9
1343310 2011.3
1343320 2018.4
1343330 2018.4
1343340 2025.6
1343350 2033.6
1343360 2033.6
1343370 2041.3
1343380 2048.5
1343390 2048.5
1343400 2054.5
1343410 2059.9
1343420 2065.5
1343430 2065.5
1343440 2071.5
1343450 2080.7
1343460 2080.7
1343470 2086.8
1343480 2091.8
1343490 2091.8
1343500 2096.4
1343510 2101.9
1343520 2101.9
1343530 2107.8
1343540 2113.7
1343550 2113.7
1343560 2119.1
1343570 2124.4
1343580 2124.4
1343590 2130.8
1343600 2136.1
1343610 2136.1
1343620 2141.6
1343630 2147.9
1343640 2147.9
1343650 2154.2
1343660 2159.8
1343670 2164.3
1343680 2164.3
1343690 2170.0
1343700 2175.5
1343710 2175.5
1343720 2180.0
1343730 2185.7
1343740 2185.7
1343750 2191.9
1343760 2198.0
1343770 2198.0
1343780 2205.0
1343790 2212.4
1343800 2212.4
1343810 2217.1
1343820 2218.3
1343830 2218.3
1343840 2220.8
1343850 2223.7
1343860 2223.7
1343870 2226.5
1343880 2230.0
1343890 2230.0
1343900 2234.8
1343910 2240.2
1343920 2240.2
1343930 2245.1
1343940 2248.9
1343950 2251.8
1343960 2251.8
1343970 2254.0
1343980 2256.7
1343990 2256.7
1344000 2260.6
1344010 2264.2
1344020 2264.2
1344030 2268.5
1344040 2274.8
1344050 2274.8
1344060 2280.4
1344070 2286.4
1344080 2286.4
1344090 2294.1
1344100 2301.6
1344110 2301.6
1344120 2307.8
1344130 2314.1
1344140 2314.1
1344150 2319.7
1344160 2325.5
1344170 2325.5
1344180 2331.2
1344190 2338.1
1344200 2348.3
1344210 2348.3
1344220 2357.3
1344230 2362.4
1344240 2362.4
1344250 2365.8
1344260 2368.5
1344270 2368.5
1344280 2372.1
1344290 2377.3
1344300 2377.3
1344310 2384.2
1344320 2390.6
1344330 2390.6
1344340 2393.8
1344350 2391.7
1344360 2391.7
1344370 2386.8
1344380 2381.3
1344390 2381.3
1344400 2375.2
1344410 2370.7
1344420 2370.7
1344430 2366.5
1344440 2362.8
1344450 2359.8
1344460 2359.8
1344470 2357.0
1344480 2352.6
1344490 2352.6
1344500 2348.6
1344510 2343.2
1344520 2343.2
1344530 2334.7
1344540 2330.3
1344550 2330.3
1344560 2326.0
1344570 2322.2
1344580 2322.2
1344590 2318.5
1344600 2316.8
1344610 2316.8
1344620 2314.5
1344630 2312.3
1344640 2312.3
1344650 2310.2
1344660 2310.2
1344670 2310.2
1344680 2309.0
1344690 2308.7
1344700 2308.7
1344710 2307.7
1344720 2307.2
1344730 2306.2
1344740 2306.2
1344750 2305.0
1344760 2304.6
1344770 2304.6
1344780 2304.4
1344790 2304.4
1344800 2304.4
1344810 2303.9
1344820 2303.8
1344830 2303.8
1344840 2302.1
1344850 2298.0
1344860 2298.0
1344870 2294.0
1344880 2287.2
1344890 2287.2
1344900 2280.3
1344910 2276.8
1344920 2276.8
1344930 2275.8
1344940 2274.1
1344950 2274.1
1344960 2270.3
1344970 2265.5
1344980 2262.4
1344990 2262.4
1345000 2261.4
1345010 2257.5
1345020 2257.5
1345030 2252.5
1345040 2248.7
1345050 2248.7
1345060 2246.3
1345070 2242.6
1345080 2242.6
1345090 2237.0
1345100 2233.6
1345110 2233.6
1345120 2228.1
1345130 2221.7
1345140 2221.7
1345150 2215.7
1345160 2210.7
1345170 2210.7
1345180 2206.3
1345190 2202.7
1345200 2202.7
1345210 2200.2
1345220 2198.7
1345230 2195.8
1345240 2195.8
1345250 2193.9
1345260 2193.3
1345270 2187.0
1345280 2185.3
1345290 2181.3
1345300 2181.3
1345310 2177.6
1345320 2174.1
1345330 2174.1
1345340 2172.3
1345350 2170.2
1345360 2170.2
1345370 2168.1
1345380 2164.9
1345390 2164.9
1345400 2160.0
1345410 2156.7
1345420 2156.7
1345430 2152.5
1345440 2146.6
1345450 2146.6
1345460 2139.4
1345470 2133.5
1345480 2133.5
1345490 2128.0
1345500 2122.7
1345510 2117.0
1345520 2117.0
1345530 2111.0
1345540 2104.4
1345550 2104.4
1345560 2099.3
1345570 2093.6
1345580 2093.6
1345590 2088.5
1345600 2083.2
1345610 2083.2
1345620 2077.3
1345630 2071.1
1345640 2071.1
1345650 2064.7
1345660 2059.5
1345670 2059.5
1345680 2055.7
1345690 2051.6
1345700 2051.6
1345710 2047.1
1345720 2042.7
1345730 2042.7
1345740 2038.4
1345750 2034.1
1345760 2030.3
1345770 2030.3
1345780 2026.2
1345790 2021.5
1345800 2021.5
1345810 2016.9
1345820 2012.4
1345830 2012.4
1345840 2007.8
1345850 2003.9
1345860 2003.9
1345870 2000.1
1345880 1996.4
1345890 1996.4
1345900 1993.2
1345910 1990.7
1345920 1990.7
1345930 1986.9
1345940 1982.2
1345950 1982.2
1345960 1981.4
1345970 1987.3
1345980 1987.3
1345990 1994.2
1346000 1997.8
1346010 1997.8
1346020 2000.0
1346030 2002.1
1346040 2003.6
1346050 2003.6
1346060 2004.7
1346070 2004.1
1346080 2004.1
1346090 1997.5
1346100 1997.5
1346110 1997.5
1346120 2004.0
1346130 2011.2
1346140 2011.2
1346150 2013.7
1346160 2014.8
1346170 2014.8
1346180 2027.7
1346190 2033.4
1346200 2033.4
1346210 2038.4
1346220 2043.6
1346230 2043.6
1346240 2050.3
1346250 2056.4
1346260 2056.4
1346270 2062.5
1346280 2066.1
1346290 2069.1
1346300 2069.1
1346310 2072.8
1346320 2074.5
1346330 2074.5
1346340 2079.2
1346350 2084.8
1346360 2084.8
1346370 2089.1
1346380 2091.0
1346390 2091.0
1346400 2093.5
1346410 2096.0
1346420 2096.0
1346430 2099.2
1346440 2103.7
1346450 2103.7
1346460 2109.4
1346470 2113.5
1346480 2113.5
1346490 2115.6
1346500 2116.9
1346510 2116.9
1346520 2119.3
1346530 2121.8
1346540 2124.2
1346550 2124.2
1346560 2127.3
1346570 2131.1
1346580 2131.1
1346590 2134.7
1346600 2137.7
1346610 2137.7
1346620 2139.4
1346630 2140.1
1346640 2140.1
1346650 2141.1
1346660 2144.1
1346670 2144.1
1346680 2147.7
1346690 2151.4
1346700 2151.4
1346710 2155.9
1346720 2161.2
1346730 2161.2
1346740 2167.6
1346750 2173.6
1346760 2173.6
1346770 2179.2
1346780 2183.2
1346790 2183.2
1346800 2186.7
1346810 2188.3
1346820 2189.8
1346830 2189.8
1346840 2190.6
1346850 2190.5
1346860 2190.5
1346870 2189.8
1346880 2189.2
1346890 2189.2
1346900 2188.6
1346910 2187.6
1346920 2187.6
1346930 2186.0
1346940 2184.1
1346950 2184.1
1346960 2182.0
1346970 2180.1
1346980 2180.1
1346990 2178.0
1347000 2175.5
1347010 2175.5
1347020 2172.8
1347030 2169.7
1347040 2169.7
1347050 2166.0
1347060 2161.5
1347070 2157.1
1347080 2157.1
1347090 2152.8
1347100 2148.3
1347110 2151.4
1347120 2147.8
1347130 2144.1
1347140 2144.1
1347150 2140.4
1347160 2138.1
1347170 2138.1
1347180 2136.0
1347190 2134.4
1347200 2134.4
1347210 2132.6
1347220 2129.7
1347230 2129.7
1347240 2127.0
1347250 2125.8
1347260 2125.8
1347270 2124.4
1347280 2121.2
1347290 2121.2
1347300 2118.6
1347310 2117.1
1347320 2115.6
1347330 2115.6
1347340 2113.5
1347350 2111.3
1347360 2111.3
1347370 2109.5
1347380 2108.3
1347390 2108.3
1347400 2106.2
1347410 2104.7
1347420 2104.7
1347430 2103.5
1347440 2102.7
1347450 2102.7
1347460 2102.2
1347470 2101.6
1347480 2101.6
1347490 2100.7
1347500 2099.6
1347510 2099.6
1347520 2098.0
1347530 2096.0
1347540 2096.0
1347550 2094.3
1347560 2093.1
1347570 2093.1
1347580 2091.1
1347590 2090.0
1347600 2089.3
1347610 2089.3
1347620 2088.2
1347630 2088.5
1347640 2088.5
1347650 2089.7
1347660 2090.3
1347670 2090.3
1347680 2089.8
1347690 2087.0
1347700 2087.0
1347710 2083.4
1347720 2080.6
1347730 2080.6
1347740 2078.5
1347750 2076.4
1347760 2076.4
1347770 2074.3
1347780 2072.1
1347790 2072.1
1347800 2070.1
1347810 2068.3
1347820 2068.3
1347830 2066.4
1347840 2064.7
1347850 2063.8
1347860 2063.8
1347870 2063.6
1347880 2064.2
1347890 2064.2
1347900 2063.7
1347910 2063.9
1347920 2063.9
1347930 2064.0
1347940 2063.6
1347950 2063.6
1347960 2061.4
1347970 2059.9
1347980 2059.9
1347990 2059.2
1348000 2058.7
1348010 2058.7
1348020 2056.8
1348030 2057.0
1348040 2062.8
1348050 2064.0
1348060 2063.6
1348070 2063.6
1348080 2064.0
1348090 2065.0
1348100 2067.0
1348110 2067.0
1348120 2069.8
1348130 2074.5
1348140 2074.5
1348150 2076.5
1348160 2077.6
1348170 2077.6
1348180 2080.8
1348190 2085.4
1348200 2085.4
1348210 2088.9
1348220 2088.9
1348230 2088.9
1348240 2089.2
1348250 2089.7
1348260 2089.7
1348270 2090.1
1348280 2092.4
1348290 2092.4
1348300 2095.0
1348310 2097.3
1348320 2097.3
1348330 2100.9
1348340 2104.6
1348350 2104.6
1348360 2106.9
1348370 2108.7
1348380 2109.7
1348390 2109.7
1348400 2108.1
1348410 2105.8
1348420 2105.8
1348430 2101.7
1348440 2097.2
1348450 2097.2
1348460 2092.6
1348470 2087.6
1348480 2087.6
1348490 2081.1
1348500 2074.0
1348510 2074.0
1348520 2069.5
1348530 2064.8
1348540 2064.8
1348550 2062.5
1348560 2061.5
1348570 2061.5
1348580 2060.9
1348590 2060.5
1348600 2060.5
1348610 2060.3
1348620 2060.6
1348630 2060.8
1348640 2060.8
1348650 2059.6
1348660 2059.6
1348670 2059.6
1348680 2061.2
1348690 2062.2
1348700 2062.2
1348710 2063.6
1348720 2066.2
1348730 2066.2
1348740 2067.6
1348750 2069.4
1348760 2069.4
1348770 2070.9
1348780 2071.7
1348790 2071.7
1348800 2072.1
1348810 2072.7
1348820 2072.7
1348830 2071.9
1348840 2071.2
1348850 2071.2
1348860 2070.3
1348870 2069.2
1348880 2067.7
1348890 2067.7
1348900 2066.3
1348910 2064.7
1348920 2064.7
1348930 2063.0
1348940 2061.0
1348950 2061.0
1348960 2058.8
1348970 2054.8
1348980 2054.8
1348990 2051.9
1349000 2048.6
1349010 2048.6
1349020 2045.1
1349030 2041.0
1349040 2041.0
1349050 2036.5
1349060 2030.6
1349070 2030.6
1349080 2025.4
1349090 2020.9
1349100 2020.9
1349110 2015.6
1349120 2010.5
1349130 2010.5
1349140 2006.7
1349150 2002.0
1349160 1996.2
1349170 1996.2
1349180 1989.6
1349190 1985.3
1349200 1985.3
1349210 1979.9
1349220 1973.4
1349230 1973.4
1349240 1966.7
1349250 1960.3
1349260 1960.3
1349270 1953.5
1349280 1947.5
1349290 1947.5
1349300 1939.8
1349310 1931.6
1349320 1931.6
1349330 1924.4
1349340 1917.1
1349350 1917.1
1349360 1910.1
1349370 1903.9
1349380 1903.9
1349390 1897.5
1349400 1888.9
1349410 1881.5
1349420 1881.5
1349430 1875.8
1349440 1870.1
1349450 1870.1
1349460 1863.5
1349470 1855.6
1349480 1855.6
1349490 1849.3
1349500 1843.3
1349510 1843.3
1349520 1836.7
1349530 1830.0
1349540 1830.0
1349550 1822.7
1349560 1816.3
1349570 1816.3
1349580 1809.7
1349590 1803.6
1349600 1803.6
1349610 1797.1
1349620 1789.4
1349630 1789.4
1349640 1782.2
1349650 1776.5
1349660 1771.1
1349670 1771.1
1349680 1766.6
1349690 1760.4
1349700 1760.4
1349710 1752.8
1349720 1746.2
1349730 1746.2
1349740 1739.0
1349750 1731.4
1349760 1731.4
1349770 1722.9
1349780 1713.7
1349790 1713.7
1349800 1705.7
1349810 1697.9
1349820 1697.9
1349830 1689.6
1349840 1681.7
1349850 1681.7
1349860 1673.0
1349870 1663.8
1349880 1663.8
1349890 1655.6
1349900 1648.2
1349910 1649.1
1349920 1642.0
1349930 1634.8
1349940 1628.6
1349950 1628.6
1349960 1622.7
1349970 1617.1
1349980 1617.1
1349990 1612.4
1350000 1608.2
1350010 1608.2
1350020 1604.2
1350030 1599.8
1350040 1599.8
1350050 1594.8
1350060 1589.9
1350070 1589.9
1350080 1589.5
1350090 1592.3
1350100 1592.3
1350110 1596.7
1350120 1604.4
1350130 1604.4
1350140 1612.7
1350150 1619.6
1350160 1619.6
1350170 1623.9
1350180 1627.4
1350190 1630.7
1350200 1630.7
1350210 1634.6
1350220 1638.5
1350230 1638.5
1350240 1641.8
1350250 1645.4
1350260 1645.4
1350270 1651.9
1350280 1658.0
1350290 1658.0
1350300 1664.5
1350310 1671.2
1350320 1671.2
1350330 1676.1
1350340 1680.5
1350350 1680.5
1350360 1683.6
1350370 1686.0
1350380 1686.0
1350390 1688.7
1350400 1690.7
1350410 1690.7
1350420 1692.0
1350430 1693.3
1350440 1694.7
1350450 1694.7
1350460 1696.9
1350470 1699.6
1350480 1699.6
1350490 1702.0
1350500 1704.2
1350510 1704.2
1350520 1707.5
1350530 1710.7
1350540 1710.7
1350550 1714.3
1350560 1718.2
1350570 1718.2
1350580 1723.1
1350590 1729.4
1350600 1729.4
1350610 1735.3
1350620 1740.1
1350630 1740.1
1350640 1745.8
1350650 1752.5
1350660 1752.5
1350670 1758.2
1350680 1763.0
1350690 1763.0
1350700 1766.5
1350710 1767.5
1350720 1769.1
1350730 1769.1
1350740 1771.8
1350750 1774.7
1350760 1774.7
1350770 1778.0
1350780 1780.9
1350790 1780.9
1350800 1784.5
1350810 1788.5
1350820 1788.5
1350830 1793.2
1350840 1798.4
1350850 1798.4
1350860 1803.4
1350870 1808.2
1350880 1808.2
1350890 1815.3
1350900 1820.3
1350910 1820.3
1350920 1824.3
1350930 1828.6
1350940 1828.6
1350950 1831.5
1350960 1834.5
1350970 1839.6
1350980 1839.6
1350990 1846.2
1351000 1853.2
1351010 1853.2
1351020 1860.0
1351030 1867.2
1351040 1867.2
1351050 1874.1
1351060 1880.8
1351070 1880.8
1351080 1887.5
1351090 1895.0
1351100 1895.0
1351110 1900.8
1351120 1904.0
1351130 1904.0
1351140 1908.1
1351150 1913.4
1351160 1913.4
1351170 1918.7
1351180 1924.5
1351190 1924.5
1351200 1929.3
1351210 1933.9
1351220 1933.9
1351230 1940.4
1351240 1948.0
1351250 1953.6
1351260 1953.6
1351270 1958.5
1351280 1962.0
1351290 1962.0
1351300 1966.7
1351310 1971.8
1351320 1971.8
1351330 1977.0
1351340 1982.8
1351350 1982.8
1351360 1988.8
1351370 1993.4
1351380 1993.4
1351390 1997.5
1351400 2000.8
1351410 2000.8
1351420 2002.2
1351430 2003.6
1351440 2003.6
1351450 2007.0
1351460 2011.9
1351470 2011.9
1351480 2015.7
1351490 2020.2
1351500 2023.4
1351510 2023.4
1351520 2027.5
1351530 2032.5
1351540 2032.5
1351550 2039.7
1351560 2047.0
1351570 2047.0
1351580 2053.7
1351590 2058.9
1351600 2058.9
1351610 2065.6
1351620 2074.3
1351630 2074.3
1351640 2082.0
1351650 2089.8
1351660 2089.8
1351670 2101.9
1351680 2116.6
1351690 2116.6
1351700 2131.2
1351710 2144.9
1351720 2144.9
1351730 2152.6
1351740 2159.8
1351750 2165.8
1351760 2165.8
1351770 2169.5
1351780 2171.0
1351790 2171.0
1351800 2176.6
1351810 2183.9
1351820 2184.2
1351830 2189.9
1351840 2192.2
1351850 2192.2
1351860 2197.1
1351870 2204.8
1351880 2204.8
1351890 2210.5
1351900 2215.9
1351910 2215.9
1351920 2222.5
1351930 2228.6
1351940 2228.6
1351950 2234.5
1351960 2240.3
1351970 2240.3
1351980 2242.6
1351990 2243.0
1352000 2243.0
1352010 2244.9
1352020 2247.6
1352030 2251.2
1352040 2251.2
1352050 2248.9
1352060 2245.7
1352070 2245.7
1352080 2244.0
1352090 2242.8
1352100 2242.8
1352110 2241.0
1352120 2239.6
1352130 2239.6
1352140 2237.3
1352150 2233.3
1352160 2233.3
1352170 2228.7
1352180 2224.0
1352190 2224.0
1352200 2218.9
1352210 2213.7
1352220 2213.7
1352230 2208.4
1352240 2203.3
1352250 2203.3
1352260 2198.7
1352270 2196.5
1352280 2194.0
1352290 2194.0
1352300 2191.8
1352310 2189.2
1352320 2189.2
1352330 2186.2
1352340 2183.5
1352350 2183.5
1352360 2181.2
1352370 2177.7
1352380 2177.7
1352390 2172.6
1352400 2171.6
1352410 2171.6
1352420 2170.2
1352430 2167.3
1352440 2167.3
1352450 2164.2
1352460 2160.4
1352470 2160.4
1352480 2157.0
1352490 2153.5
1352500 2153.5
1352510 2149.5
1352520 2145.8
1352530 2142.4
1352540 2142.4
1352550 2140.0
1352560 2137.9
1352570 2137.9
1352580 2135.8
1352590 2133.3
1352600 2133.3
1352610 2129.5
1352620 2125.1
1352630 2125.1
1352640 2120.7
1352650 2117.1
1352660 2117.1
1352670 2114.6
1352680 2112.7
1352690 2112.7
1352700 2109.4
1352710 2105.4
1352720 2105.4
1352730 2101.1
1352740 2097.4
1352750 2097.4
1352760 2094.0
1352770 2091.7
1352780 2089.9
1352790 2087.8
1352800 2085.6
1352810 2083.3
1352820 2083.3
1352830 2080.7
1352840 2078.1
1352850 2078.1
1352860 2075.5
1352870 2072.8
1352880 2072.8
1352890 2068.8
1352900 2064.3
1352910 2064.3
1352920 2059.6
1352930 2054.6
1352940 2054.6
1352950 2049.5
1352960 2045.9
1352970 2045.9
1352980 2042.1
1352990 2038.8
1353000 2038.8
1353010 2036.5
1353020 2034.0
1353030 2034.0
1353040 2030.5
1353050 2026.6
1353060 2022.3
1353070 2022.3
1353080 2018.5
1353090 2016.2
1353100 2016.2
1353110 2013.9
1353120 2012.1
1353130 2012.1
1353140 2010.4
1353150 2007.6
1353160 2007.6
1353170 2005.1
1353180 2001.2
1353190 2001.2
1353200 1998.9
1353210 1995.7
1353220 1995.7
1353230 1992.5
1353240 1990.4
1353250 1990.4
1353260 1988.4
1353270 1985.5
1353280 1985.5
1353290 1982.1
1353300 1980.2
1353310 1977.1
1353320 1977.1
1353330 1974.2
1353340 1970.9
1353350 1970.9
1353360 1968.3
1353370 1966.3
1353380 1966.3
1353390 1962.7
1353400 1959.2
1353410 1959.2
1353420 1955.4
1353430 1951.4
1353440 1951.4
1353450 1947.0
1353460 1943.9
1353470 1943.9
1353480 1940.8
1353490 1937.8
1353500 1937.8
1353510 1934.8
1353520 1930.9
1353530 1930.9
1353540 1923.7
1353550 1917.7
1353560 1917.7
1353570 1914.8
1353580 1912.1
1353590 1909.0
1353600 1909.0
1353610 1906.0
1353620 1904.2
1353630 1904.2
1353640 1901.0
1353650 1897.8
1353660 1897.8
1353670 1896.0
1353680 1893.7
1353690 1893.7
1353700 1891.5
1353710 1888.8
1353720 1888.8
1353730 1885.9
1353740 1883.2
1353750 1881.4
1353760 1879.5
1353770 1877.4
1353780 1877.4
1353790 1874.7
1353800 1871.5
1353810 1871.5
1353820 1867.6
1353830 1863.6
1353840 1858.9
1353850 1858.9
1353860 1854.3
1353870 1850.5
1353880 1850.5
1353890 1848.1
1353900 1846.5
1353910 1846.5
1353920 1844.5
1353930 1843.0
1353940 1843.0
1353950 1842.1
1353960 1840.4
1353970 1840.4
1353980 1838.5
1353990 1836.0
1354000 1836.0
1354010 1832.7
1354020 1829.7
1354030 1829.7
1354040 1827.1
1354050 1824.8
1354060 1824.8
1354070 1822.0
1354080 1820.1
1354090 1818.6
1354100 1818.6
1354110 1817.1
1354120 1815.0
1354130 1815.0
1354140 1811.8
1354150 1808.2
1354160 1808.2
1354170 1804.7
1354180 1802.2
1354190 1802.2
1354200 1799.9
1354210 1796.7
1354220 1796.7
1354230 1794.4
1354240 1791.6
1354250 1791.6
1354260 1787.9
1354270 1784.0
1354280 1784.0
1354290 1779.7
1354300 1777.7
1354310 1777.7
1354320 1776.4
1354330 1773.8
1354340 1773.8
1354350 1770.8
1354360 1767.5
1354370 1764.0
1354380 1764.0
1354390 1760.1
1354400 1757.3
1354410 1757.3
1354420 1755.5
1354430 1751.8
1354440 1751.8
1354450 1747.2
1354460 1747.2
1354470 1747.2
1354480 1746.6
1354490 1744.6
1354500 1744.6
1354510 1743.4
1354520 1741.9
1354530 1741.9
1354540 1740.2
1354550 1737.7
1354560 1737.7
1354570 1735.9
1354580 1734.5
1354590 1734.5
1354600 1734.3
1354610 1733.5
1354620 1730.6
1354630 1730.6
1354640 1726.1
1354650 1723.1
1354660 1723.1
1354670 1718.9
1354680 1711.2
1354690 1711.2
1354700 1704.6
1354710 1698.6
1354720 1698.6
1354730 1691.6
1354740 1686.8
1354750 1686.8
1354760 1681.3
1354770 1683.0
1354780 1683.0
1354790 1690.7
1354800 1698.4
1354810 1698.4
1354820 1702.3
1354830 1706.5
1354840 1706.5
1354850 1712.9
1354860 1721.5
1354870 1730.7
1354880 1730.7
1354890 1735.6
1354900 1739.2
1354910 1739.2
1354920 1742.7
1354930 1745.6
1354940 1745.6
1354950 1749.0
1354960 1753.1
1354970 1753.1
1354980 1756.6
1354990 1759.8
1355000 1759.8
1355010 1762.9
1355020 1766.5
1355030 1766.5
1355040 1770.8
1355050 1775.6
1355060 1775.6
1355070 1779.3
1355080 1782.3
1355090 1782.3
1355100 1783.6
1355110 1786.2
1355120 1786.2
1355130 1790.5
1355140 1794.7
1355150 1799.5
1355160 1799.5
1355170 1803.8
1355180 1807.2
1355190 1807.2
1355200 1811.5
1355210 1816.3
1355220 1816.3
1355230 1820.2
1355240 1824.7
1355250 1824.7
1355260 1828.9
1355270 1832.1
1355280 1832.1
1355290 1835.1
1355300 1838.4
1355310 1838.4
1355320 1842.6
1355330 1846.0
1355340 1846.0
1355350 1848.7
1355360 1850.6
1355370 1850.6
1355380 1853.8
1355390 1857.3
1355400 1857.3
1355410 1857.3
1355420 1857.1
1355430 1859.4
1355440 1859.4
1355450 1862.0
1355460 1864.1
1355470 1864.1
1355480 1866.6
1355490 1870.0
1355500 1870.0
1355510 1875.0
1355520 1879.7
1355530 1879.7
1355540 1885.2
1355550 1889.3
1355560 1889.3
1355570 1893.3
1355580 1896.0
1355590 1896.0
1355600 1899.0
1355610 1902.8
1355620 1902.8
1355630 1910.6
1355640 1918.5
1355650 1923.8
1355660 1923.8
1355670 1928.0
1355680 1931.2
1355690 1931.2
1355700 1936.0
1355710 1943.6
1355720 1943.6
1355730 1950.1
1355740 1956.5
1355750 1956.5
1355760 1960.0
1355770 1962.4
1355780 1962.4
1355790 1965.9
1355800 1969.5
1355810 1969.5
1355820 1973.8
1355830 1976.9
1355840 1976.9
1355850 1980.3
1355860 1983.9
1355870 1983.9
1355880 1987.1
1355890 1989.6
1355900 1989.6
1355910 1993.4
1355920 2000.6
1355930 2009.3
1355940 2009.3
1355950 2016.5
1355960 2023.5
1355970 2023.5
1355980 2030.4
1355990 2038.4
1356000 2038.4
1356010 2050.8
1356020 2063.1
1356030 2063.1
1356040 2072.3
1356050 2078.3
1356060 2078.3
1356070 2080.5
1356080 2083.3
1356090 2083.3
1356100 2088.0
1356110 2092.0
1356120 2092.0
1356130 2097.5
1356140 2103.9
1356150 2103.9
1356160 2109.4
1356170 2115.4
1356180 2123.1
1356190 2123.1
1356200 2130.3
1356210 2136.2
1356220 2136.2
1356230 2141.2
1356240 2144.7
1356250 2144.7
1356260 2146.2
1356270 2148.2
1356280 2148.2
1356290 2151.3
1356300 2157.5
1356310 2157.5
1356320 2165.4
1356330 2174.1
1356340 2174.1
1356350 2183.1
1356360 2191.7
1356370 2191.7
1356380 2201.5
1356390 2211.0
1356400 2211.0
1356410 2215.3
1356420 2221.1
1356430 2226.2
1356440 2226.2
1356450 2231.1
1356460 2237.5
1356470 2237.5
1356480 2243.9
1356490 2250.3
1356500 2250.3
1356510 2253.0
1356520 2253.7
1356530 2253.7
1356540 2254.3
1356550 2255.3
1356560 2255.3
1356570 2251.6
1356580 2246.4
1356590 2246.4
1356600 2239.5
1356610 2232.2
1356620 2232.2
1356630 2225.7
1356640 2219.7
1356650 2219.7
1356660 2214.6
1356670 2209.2
1356680 2209.2
1356690 2203.8
1356700 2198.7
1356710 2195.9
1356720 2195.9
1356730 2193.1
1356740 2190.1
1356750 2190.1
1356760 2185.4
1356770 2181.0
1356780 2181.0
1356790 2178.3
1356800 2176.7
1356810 2176.7
1356820 2175.0
1356830 2173.4
1356840 2173.4
1356850 2172.1
1356860 2170.5
1356870 2170.5
1356880 2168.4
1356890 2166.9
1356900 2166.9
1356910 2165.9
1356920 2165.0
1356930 2165.0
1356940 2164.1
1356950 2162.9
1356960 2161.9
1356970 2161.9
1356980 2161.1
1356990 2160.5
1357000 2160.5
1357010 2160.2
1357020 2160.0
1357030 2160.0
1357040 2159.7
1357050 2159.3
1357060 2159.3
1357070 2158.5
1357080 2157.9
1357090 2157.9
1357100 2156.1
1357110 2150.1
1357120 2150.1
1357130 2139.9
1357140 2132.3
1357150 2132.3
1357160 2125.4
1357170 2121.1
1357180 2121.1
1357190 2117.4
1357200 2113.6
1357210 2110.4
1357220 2110.4
1357230 2108.4
1357240 2107.4
1357250 2107.4
1357260 2106.4
1357270 2105.3
1357280 2105.3
1357290 2103.9
1357300 2100.5
1357310 2100.5
1357320 2098.7
1357330 2099.6
1357340 2099.6
1357350 2100.6
1357360 2100.9
1357370 2100.9
1357380 2100.7
1357390 2099.7
1357400 2099.7
1357410 2098.3
1357420 2096.0
1357430 2096.0
1357440 2090.8
1357450 2082.9
1357460 2082.9
1357470 2075.4
1357480 2070.0
1357490 2068.4
1357500 2068.4
1357510 2068.8
1357520 2067.5
1357530 2067.5
1357540 2065.8
1357550 2063.8
1357560 2063.8
1357570 2060.9
1357580 2056.1
1357590 2056.1
1357600 2052.0
1357610 2048.7
1357620 2048.7
1357630 2046.5
1357640 2044.8
1357650 2044.8
1357660 2043.3
1357670 2039.7
1357680 2039.7
1357690 2034.4
1357700 2031.3
1357710 2032.0
1357720 2030.5
1357730 2028.7
1357740 2026.4
1357750 2026.4
1357760 2023.0
1357770 2019.8
1357780 2019.8
1357790 2016.1
1357800 2010.7
1357810 2010.7
1357820 2004.7
1357830 1999.4
1357840 1999.4
1357850 1995.3
1357860 1990.4
1357870 1990.4
1357880 1985.0
1357890 1979.1
1357900 1979.1
1357910 1974.4
1357920 1972.5
1357930 1972.5
1357940 1971.8
1357950 1969.4
1357960 1969.4
1357970 1964.3
1357980 1957.5
1357990 1952.0
1358000 1952.0
1358010 1947.8
1358020 1943.6
1358030 1943.6
1358040 1939.9
1358050 1936.7
1358060 1936.7
1358070 1934.1
1358080 1931.6
1358090 1931.6
1358100 1929.0
1358110 1926.4
1358120 1926.4
1358130 1921.9
1358140 1915.8
1358150 1915.8
1358160 1910.9
1358170 1906.3
1358180 1906.3
1358190 1903.3
1358200 1900.4
1358210 1900.4
1358220 1896.4
1358230 1892.9
1358240 1892.9
1358250 1889.1
1358260 1884.0
1358270 1876.8
1358280 1876.8
1358290 1870.3
1358300 1869.4
1358310 1869.4
1358320 1871.1
1358330 1873.5
1358340 1873.5
1358350 1875.0
1358360 1876.0
1358370 1876.0
1358380 1878.2
1358390 1881.8
1358400 1881.8
1358410 1884.4
1358420 1887.3
1358430 1887.3
1358440 1887.3
1358450 1884.6
1358460 1884.6
1358470 1880.5
1358480 1879.4
1358490 1879.4
1358500 1878.6
1358510 1878.3
1358520 1877.1
1358530 1877.1
1358540 1874.5
1358550 1870.9
1358560 1870.9
1358570 1867.3
1358580 1863.5
1358590 1863.5
1358600 1859.9
1358610 1856.3
1358620 1856.3
1358630 1852.1
1358640 1848.0
1358650 1848.0
1358660 1844.2
1358670 1839.6
1358680 1839.6
1358690 1834.6
1358700 1829.4
1358710 1829.4
1358720 1825.7
1358730 1823.7
1358740 1823.7
1358750 1821.3
1358760 1817.9
1358770 1815.1
1358780 1815.1
1358790 1812.3
1358800 1809.5
1358810 1809.5
1358820 1806.7
1358830 1804.1
1358840 1804.1
1358850 1801.4
1358860 1799.5
1358870 1799.5
1358880 1796.7
1358890 1792.8
1358900 1792.8
1358910 1789.3
1358920 1784.8
1358930 1784.8
1358940 1781.3
1358950 1778.7
1358960 1778.7
1358970 1774.8
1358980 1770.3
1358990 1770.3
1359000 1767.1
1359010 1763.8
1359020 1763.8
1359030 1760.2
1359040 1754.0
1359050 1749.0
1359060 1749.0
1359070 1744.2
1359080 1739.0
1359090 1739.0
1359100 1733.0
1359110 1728.2
1359120 1728.2
1359130 1724.7
1359140 1720.9
1359150 1720.9
1359160 1716.6
1359170 1710.7
1359180 1710.7
1359190 1704.0
1359200 1698.8
1359210 1698.8
1359220 1694.7
1359230 1692.4
1359240 1692.4
1359250 1690.6
1359260 1687.9
1359270 1687.9
1359280 1682.5
1359290 1674.9
1359300 1667.4
1359310 1667.4
1359320 1659.9
1359330 1652.2
1359340 1652.2
1359350 1645.5
1359360 1639.6
1359370 1639.6
1359380 1634.8
1359390 1630.8
1359400 1630.8
1359410 1627.2
1359420 1619.8
1359430 1619.8
1359440 1613.2
1359450 1606.9
1359460 1606.9
1359470 1602.9
1359480 1598.6
1359490 1598.6
1359500 1596.1
1359510 1593.2
1359520 1593.2
1359530 1588.3
1359540 1585.2
1359550 1582.6
1359560 1582.6
1359570 1579.3
1359580 1574.9
1359590 1574.9
1359600 1570.9
1359610 1568.2
1359620 1568.2
1359630 1565.8
1359640 1561.1
1359650 1561.1
1359660 1554.1
1359670 1546.6
1359680 1546.6
1359690 1539.1
1359700 1532.2
1359710 1532.2
1359720 1525.6
1359730 1525.1
1359740 1525.1
1359750 1522.1
1359760 1520.2
1359770 1520.2
1359780 1519.1
1359790 1520.6
1359800 1520.6
1359810 1520.7
1359820 1517.8
1359830 1514.7
1359840 1514.7
1359850 1510.4
1359860 1506.8
1359870 1506.8
1359880 1502.8
1359890 1498.9
1359900 1498.9
1359910 1496.0
1359920 1493.3
1359930 1493.3
1359940 1489.5
1359950 1485.7
1359960 1485.7
1359970 1483.7
1359980 1481.8
1359990 1481.8
