1340000 2093.2
1340010 2090.8
1340020 2087.9
1340030 2087.9
1340040 2088.3
1340050 2091.1
1340060 2091.1
1340070 2093.8
1340080 2097.9
1340090 2097.9
1340100 2101.7
1340110 2106.0
1340120 2106.0
1340130 2110.0
1340140 2112.6
1340150 2112.6
1340160 2116.1
1340170 2122.6
1340180 2122.6
1340190 2127.7
1340200 2133.0
1340210 2133.0
1340220 2138.8
1340230 2146.1
1340240 2153.2
1340250 2153.2
1340260 2159.6
1340270 2164.0
1340280 2164.0
1340290 2167.5
1340300 2169.3
1340310 2169.3
1340320 2169.7
1340330 2169.2
1340340 2169.2
1340350 2167.3
1340360 2163.9
1340370 2163.9
1340380 2160.3
1340390 2157.8
1340400 2157.8
1340410 2156.7
1340420 2157.0
1340430 2157.0
1340440 2158.4
1340450 2160.0
1340460 2160.0
1340470 2161.4
1340480 2163.3
1340490 2165.2
1340500 2165.2
1340510 2168.4
1340520 2172.0
1340530 2172.0
1340540 2174.5
1340550 2177.0
1340560 2177.0
1340570 2181.1
1340580 2187.1
1340590 2187.1
1340600 2194.1
1340610 2200.8
1340620 2200.8
1340630 2207.4
1340640 2213.0
1340650 2213.0
1340660 2218.0
1340670 2223.4
1340680 2223.4
1340690 2229.0
1340700 2234.2
1340710 2234.2
1340720 2239.5
1340730 2245.0
1340740 2245.0
1340750 2250.7
1340760 2256.0
1340770 2261.1
1340780 2261.1
1340790 2265.5
1340800 2270.4
1340810 2270.4
1340820 2276.6
1340830 2281.7
1340840 2281.7
1340850 2284.5
1340860 2287.1
1340870 2287.1
1340880 2288.6
1340890 2288.3
1340900 2288.3
1340910 2287.9
1340920 2286.4
1340930 2286.4
1340940 2286.1
1340950 2285.7
1340960 2285.7
1340970 2284.6
1340980 2284.2
1340990 2284.2
1341000 2285.3
1341010 2288.9
1341020 2290.8
1341030 2290.8
1341040 2291.6
1341050 2292.1
1341060 2292.1
1341070 2293.9
1341080 2294.1
1341090 2294.1
1341100 2294.0
1341110 2295.5
1341120 2295.5
1341130 2295.9
1341140 2294.6
1341150 2294.6
1341160 2293.9
1341170 2293.3
1341180 2293.3
1341190 2289.8
1341200 2286.5
1341210 2286.5
1341220 2284.8
1341230 2283.6
1341240 2283.6
1341250 2282.4
1341260 2280.7
1341270 2280.7
1341280 2280.3
1341290 2278.5
1341300 2274.8
1341310 2274.8
1341320 2272.0
1341330 2270.8
1341340 2270.8
1341350 2268.7
1341360 2265.5
1341370 2265.5
1341380 2263.2
1341390 2261.2
1341400 2261.2
1341410 2259.0
1341420 2257.3
1341430 2257.3
1341440 2255.4
1341450 2253.9
1341460 2253.9
1341470 2252.9
1341480 2252.1
1341490 2252.1
1341500 2250.9
1341510 2249.3
1341520 2249.3
1341530 2247.6
1341540 2245.2
1341550 2242.6
1341560 2242.6
1341570 2240.2
1341580 2237.2
1341590 2237.2
1341600 2234.7
1341610 2232.8
1341620 2232.8
1341630 2230.9
1341640 2227.3
1341650 2227.3
1341660 2221.5
1341670 2220.9
1341680 2220.9
1341690 2221.8
1341700 2221.9
1341710 2221.9
1341720 2220.9
1341730 2219.4
1341740 2219.4
1341750 2217.1
1341760 2214.8
1341770 2214.8
1341780 2211.8
1341790 2207.8
1341800 2204.1
1341810 2204.1
1341820 2201.7
1341830 2199.6
1341840 2199.6
1341850 2196.6
1341860 2194.4
1341870 2194.4
1341880 2191.9
1341890 2188.3
1341900 2188.3
1341910 2185.2
1341920 2182.6
1341930 2182.6
1341940 2180.5
1341950 2178.2
1341960 2180.7
1341970 2179.2
1341980 2177.3
1341990 2177.3
1342000 2174.9
1342010 2172.6
1342020 2172.6
1342030 2169.0
1342040 2166.4
1342050 2166.4
1342060 2163.4
1342070 2159.5
1342080 2155.2
1342090 2155.2
1342100 2148.8
1342110 2144.6
1342120 2144.6
1342130 2139.9
1342140 2133.2
1342150 2133.2
1342160 2127.6
1342170 2120.8
1342180 2120.8
1342190 2111.3
1342200 2104.9
1342210 2104.9
1342220 2100.5
1342230 2096.8
1342240 2096.8
1342250 2093.8
1342260 2092.7
1342270 2092.7
1342280 2091.5
1342290 2091.7
1342300 2091.7
1342310 2089.0
1342320 2084.6
1342330 2078.1
1342340 2078.1
1342350 2070.9
1342360 2065.7
1342370 2065.7
1342380 2062.3
1342390 2058.2
1342400 2058.2
1342410 2054.8
1342420 2052.1
1342430 2052.1
1342440 2050.5
1342450 2048.1
1342460 2048.1
1342470 2046.3
1342480 2045.3
1342490 2045.3
1342500 2044.3
1342510 2044.2
1342520 2044.2
1342530 2045.9
1342540 2049.1
1342550 2049.1
1342560 2054.0
1342570 2057.1
1342580 2057.1
1342590 2058.5
1342600 2059.2
1342610 2057.7
1342620 2057.7
1342630 2056.5
1342640 2054.6
1342650 2054.6
1342660 2049.8
1342670 2045.3
1342680 2045.3
1342690 2040.3
1342700 2033.7
1342710 2033.7
1342720 2028.2
1342730 2026.7
1342740 2026.7
1342750 2024.1
1342760 2021.9
1342770 2021.9
1342780 2024.4
1342790 2029.1
1342800 2029.1
1342810 2032.5
1342820 2036.1
1342830 2036.1
1342840 2040.8
1342850 2046.7
1342860 2050.0
1342870 2050.0
1342880 2056.2
1342890 2063.7
1342900 2063.7
1342910 2067.8
1342920 2069.8
1342930 2069.8
1342940 2072.4
1342950 2075.9
1342960 2075.9
1342970 2079.5
1342980 2082.5
1342990 2082.5
1343000 2085.2
1343010 2087.5
1343020 2087.5
1343030 2089.5
1343040 2090.9
1343050 2090.9
1343060 2094.1
1343070 2099.4
1343080 2099.4
1343090 2102.9
1343100 2101.4
1343110 2104.3
1343120 2104.3
1343130 2112.8
1343140 2117.5
1343150 2117.5
1343160 2122.0
1343170 2125.6
1343180 2125.6
1343190 2128.0
1343200 2132.6
1343210 2132.6
1343220 2136.3
1343230 2142.0
1343240 2142.0
1343250 2148.7
1343260 2153.7
1343270 2153.7
1343280 2157.3
1343290 2161.2
1343300 2161.2
1343310 2166.1
1343320 2170.7
1343330 2170.7
1343340 2175.2
1343350 2178.6
1343360 2178.6
1343370 2179.9
1343380 2181.7
1343390 2184.0
1343400 2184.0
1343410 2186.8
1343420 2189.8
1343430 2189.8
1343440 2193.1
1343450 2195.9
1343460 2195.9
1343470 2197.2
1343480 2196.3
1343490 2196.3
1343500 2196.3
1343510 2197.5
1343520 2197.5
1343530 2199.6
1343540 2203.0
1343550 2203.0
1343560 2206.7
1343570 2208.5
1343580 2208.5
1343590 2209.8
1343600 2210.6
1343610 2210.6
1343620 2211.5
1343630 2212.7
1343640 2213.8
1343650 2213.8
1343660 2212.5
1343670 2211.5
1343680 2211.5
1343690 2210.8
1343700 2210.8
1343710 2210.8
1343720 2210.8
1343730 2210.8
1343740 2210.8
1343750 2210.9
1343760 2211.6
1343770 2211.6
1343780 2211.3
1343790 2211.6
1343800 2211.6
1343810 2212.0
1343820 2213.0
1343830 2213.0
1343840 2214.4
1343850 2215.9
1343860 2215.9
1343870 2217.1
1343880 2218.3
1343890 2218.3
1343900 2219.3
1343910 2220.3
1343920 2221.4
1343930 2221.4
1343940 2222.4
1343950 2223.3
1343960 2223.3
1343970 2224.2
1343980 2225.2
1343990 2225.2
1344000 2226.4
1344010 2227.7
1344020 2227.7
1344030 2229.4
1344040 2232.4
1344050 2232.4
1344060 2239.3
1344070 2243.4
1344080 2243.4
1344090 2246.3
1344100 2250.8
1344110 2250.8
1344120 2254.7
1344130 2258.6
1344140 2258.6
1344150 2262.1
1344160 2266.1
1344170 2270.6
1344180 2270.6
1344190 2275.8
1344200 2281.5
1344210 2281.5
1344220 2287.9
1344230 2293.1
1344240 2293.1
1344250 2296.1
1344260 2301.7
1344270 2301.7
1344280 2309.6
1344290 2315.6
1344300 2315.6
1344310 2323.4
1344320 2329.1
1344330 2329.1
1344340 2334.6
1344350 2340.4
1344360 2340.4
1344370 2347.8
1344380 2356.7
1344390 2356.7
1344400 2364.1
1344410 2371.1
1344420 2379.0
1344430 2379.0
1344440 2386.3
1344450 2391.1
1344460 2391.1
1344470 2397.3
1344480 2403.2
1344490 2403.2
1344500 2408.9
1344510 2414.6
1344520 2414.6
1344530 2421.4
1344540 2428.5
1344550 2428.5
1344560 2434.8
1344570 2439.1
1344580 2439.1
1344590 2440.5
1344600 2439.9
1344610 2439.9
1344620 2438.3
1344630 2430.9
1344640 2430.9
1344650 2420.4
1344660 2410.9
1344670 2410.0
1344680 2402.3
1344690 2396.1
1344700 2390.2
1344710 2390.2
1344720 2384.2
1344730 2378.7
1344740 2378.7
1344750 2373.7
1344760 2370.0
1344770 2370.0
1344780 2367.7
1344790 2367.1
1344800 2367.1
1344810 2367.4
1344820 2368.4
1344830 2368.4
1344840 2367.4
1344850 2365.3
1344860 2365.3
1344870 2364.3
1344880 2363.5
1344890 2363.5
1344900 2362.8
1344910 2362.6
1344920 2362.6
1344930 2361.8
1344940 2359.2
1344950 2356.8
1344960 2356.8
1344970 2357.5
1344980 2354.5
1344990 2354.5
1345000 2347.2
1345010 2340.7
1345020 2340.7
1345030 2331.9
1345040 2324.0
1345050 2324.0
1345060 2318.8
1345070 2312.9
1345080 2312.9
1345090 2306.7
1345100 2301.0
1345110 2301.0
1345120 2295.3
1345130 2288.0
1345140 2288.0
1345150 2283.1
1345160 2279.4
1345170 2279.4
1345180 2274.3
1345190 2270.2
1345200 2270.2
1345210 2265.8
1345220 2259.9
1345230 2254.3
1345240 2254.3
1345250 2248.5
1345260 2243.0
1345270 2243.0
1345280 2239.2
1345290 2239.1
1345300 2239.1
1345310 2239.5
1345320 2236.2
1345330 2236.2
1345340 2232.5
1345350 2227.3
1345360 2227.3
1345370 2222.3
1345380 2217.9
1345390 2217.9
1345400 2215.5
1345410 2215.2
1345420 2215.2
1345430 2217.0
1345440 2219.5
1345450 2219.5
1345460 2215.5
1345470 2210.5
1345480 2205.3
1345490 2205.3
1345500 2198.4
1345510 2192.6
1345520 2192.6
1345530 2189.1
1345540 2182.9
1345550 2182.9
1345560 2174.6
1345570 2169.8
1345580 2171.4
1345590 2168.4
1345600 2166.0
1345610 2166.0
1345620 2161.6
1345630 2157.3
1345640 2157.3
1345650 2150.4
1345660 2144.3
1345670 2144.3
1345680 2141.4
1345690 2141.4
1345700 2141.4
1345710 2140.9
1345720 2138.2
1345730 2134.2
1345740 2134.2
1345750 2129.6
1345760 2121.0
1345770 2121.0
1345780 2114.1
1345790 2108.9
1345800 2108.9
1345810 2105.6
1345820 2099.5
1345830 2099.5
1345840 2091.9
1345850 2085.0
1345860 2085.0
1345870 2078.7
1345880 2071.9
1345890 2071.9
1345900 2064.1
1345910 2057.7
1345920 2057.7
1345930 2052.8
1345940 2049.1
1345950 2049.1
1345960 2044.7
1345970 2039.1
1345980 2039.1
1345990 2033.7
1346000 2028.4
1346010 2023.5
1346020 2023.5
1346030 2014.1
1346040 2006.5
1346050 2006.5
1346060 1999.0
1346070 1988.5
1346080 1988.5
1346090 1978.9
1346100 1972.4
1346110 1972.4
1346120 1967.2
1346130 1961.1
1346140 1961.1
1346150 1953.6
1346160 1941.2
1346170 1941.2
1346180 1932.0
1346190 1925.7
1346200 1925.7
1346210 1920.9
1346220 1916.6
1346230 1916.6
1346240 1912.8
1346250 1909.4
1346260 1905.8
1346270 1905.8
1346280 1901.6
1346290 1897.0
1346300 1897.0
1346310 1891.6
1346320 1886.9
1346330 1886.9
1346340 1881.5
1346350 1874.1
1346360 1874.1
1346370 1871.1
1346380 1875.6
1346390 1875.6
1346400 1882.3
1346410 1888.4
1346420 1888.4
1346430 1893.3
1346440 1898.8
1346450 1898.8
1346460 1905.0
1346470 1909.9
1346480 1909.9
1346490 1913.4
1346500 1935.3
1346510 1935.3
1346520 1948.4
1346530 1956.3
1346540 1962.7
1346550 1962.7
1346560 1964.5
1346570 1968.1
1346580 1968.1
1346590 1974.8
1346600 1979.1
1346610 1979.1
1346620 1981.2
1346630 1983.6
1346640 1983.6
1346650 1985.6
1346660 1987.3
1346670 1987.3
1346680 1991.4
1346690 1994.5
1346700 1994.5
1346710 1997.4
1346720 2001.0
1346730 2001.0
1346740 2005.4
1346750 2008.8
1346760 2008.8
1346770 2011.5
1346780 2012.1
1346790 2011.3
1346800 2011.3
1346810 2011.7
1346820 2013.5
1346830 2013.5
1346840 2015.8
1346850 2017.7
1346860 2017.7
1346870 2020.0
1346880 2021.5
1346890 2021.5
1346900 2021.8
1346910 2021.3
1346920 2021.3
1346930 2020.9
1346940 2021.8
1346950 2021.8
1346960 2023.6
1346970 2026.1
1346980 2026.1
1346990 2027.4
1347000 2027.9
1347010 2027.9
1347020 2028.5
1347030 2030.6
1347040 2033.9
1347050 2033.9
1347060 2036.1
1347070 2036.6
1347080 2036.6
1347090 2036.0
1347100 2034.9
1347110 2034.9
1347120 2034.1
1347130 2032.7
1347140 2032.7
1347150 2030.4
1347160 2028.3
1347170 2028.3
1347180 2026.6
1347190 2025.7
1347200 2025.7
1347210 2024.6
1347220 2023.4
1347230 2023.4
1347240 2022.3
1347250 2021.6
1347260 2021.6
1347270 2020.4
1347280 2017.4
1347290 2017.4
1347300 2014.5
1347310 2013.2
1347320 2013.9
1347330 2013.9
1347340 2016.1
1347350 2015.7
1347360 2015.7
1347370 2013.3
1347380 2012.3
1347390 2012.3
1347400 2010.6
1347410 2011.0
1347420 2011.0
1347430 2014.2
1347440 2015.5
1347450 2015.5
1347460 2012.6
1347470 2008.8
1347480 2008.8
1347490 2005.0
1347500 2000.8
1347510 2000.8
1347520 1995.8
1347530 1992.4
1347540 1992.4
1347550 1990.6
1347560 1988.4
1347570 1984.9
1347580 1984.9
1347590 1982.8
1347600 1981.8
1347610 1981.8
1347620 1979.5
1347630 1976.9
1347640 1976.9
1347650 1974.4
1347660 1971.8
1347670 1971.8
1347680 1970.3
1347690 1969.0
1347700 1969.0
1347710 1966.7
1347720 1963.2
1347730 1963.2
1347740 1959.2
1347750 1955.7
1347760 1955.7
1347770 1953.2
1347780 1950.8
1347790 1950.8
1347800 1948.6
1347810 1947.9
1347820 1947.9
1347830 1948.8
1347840 1946.4
1347850 1943.1
1347860 1943.1
1347870 1940.7
1347880 1939.3
1347890 1939.3
1347900 1936.7
1347910 1933.0
1347920 1933.0
1347930 1929.4
1347940 1925.8
1347950 1925.8
1347960 1922.2
1347970 1918.7
1347980 1918.7
1347990 1915.7
1348000 1914.1
1348010 1914.1
1348020 1915.1
1348030 1912.4
1348040 1912.4
1348050 1907.2
1348060 1902.6
1348070 1902.6
1348080 1898.6
1348090 1895.1
1348100 1891.3
1348110 1891.3
1348120 1887.1
1348130 1884.2
1348140 1884.2
1348150 1881.2
1348160 1877.5
1348170 1877.5
1348180 1873.5
1348190 1870.1
1348200 1870.1
1348210 1866.9
1348220 1863.7
1348230 1863.7
1348240 1860.4
1348250 1858.3
1348260 1858.3
1348270 1855.8
1348280 1853.3
1348290 1853.3
1348300 1851.0
1348310 1848.7
1348320 1848.7
1348330 1846.6
1348340 1844.8
1348350 1844.0
1348360 1847.5
1348370 1846.8
1348380 1846.0
1348390 1846.0
1348400 1844.6
1348410 1837.3
1348420 1837.3
1348430 1834.7
1348440 1836.7
1348450 1836.7
1348460 1835.5
1348470 1831.2
1348480 1831.2
1348490 1834.3
1348500 1839.1
1348510 1839.1
1348520 1841.9
1348530 1841.4
1348540 1841.4
1348550 1840.0
1348560 1837.7
1348570 1837.7
1348580 1835.5
1348590 1834.8
1348600 1834.8
1348610 1834.2
1348620 1833.0
1348630 1831.4
1348640 1831.4
1348650 1829.1
1348660 1825.1
1348670 1825.1
1348680 1822.8
1348690 1821.7
1348700 1821.7
1348710 1819.5
1348720 1816.6
1348730 1816.6
1348740 1814.3
1348750 1813.0
1348760 1813.0
1348770 1812.7
1348780 1812.6
1348790 1812.6
1348800 1812.5
1348810 1812.4
1348820 1812.4
1348830 1812.0
1348840 1811.2
1348850 1811.2
1348860 1810.4
1348870 1810.1
1348880 1810.3
1348890 1810.3
1348900 1810.3
1348910 1810.9
1348920 1810.9
1348930 1811.4
1348940 1810.4
1348950 1810.4
1348960 1809.7
1348970 1809.6
1348980 1809.6
1348990 1810.5
1349000 1810.7
1349010 1810.7
1349020 1809.8
1349030 1807.6
1349040 1807.6
1349050 1808.0
1349060 1806.5
1349070 1806.5
1349080 1806.8
1349090 1807.4
1349100 1807.4
1349110 1806.1
1349120 1804.7
1349130 1804.7
1349140 1802.7
1349150 1801.4
1349160 1800.2
1349170 1800.2
1349180 1799.2
1349190 1797.7
1349200 1797.7
1349210 1795.7
1349220 1793.4
1349230 1793.4
1349240 1791.9
1349250 1791.3
1349260 1791.3
1349270 1791.1
1349280 1791.0
1349290 1791.0
1349300 1794.6
1349310 1794.1
1349320 1794.1
1349330 1793.9
1349340 1793.9
1349350 1793.9
1349360 1793.6
1349370 1791.9
1349380 1791.9
1349390 1789.8
1349400 1787.2
1349410 1784.9
1349420 1784.9
1349430 1782.7
1349440 1779.8
1349450 1779.8
1349460 1775.9
1349470 1770.7
1349480 1770.7
1349490 1766.6
1349500 1761.9
1349510 1761.9
1349520 1757.4
1349530 1752.6
1349540 1752.6
1349550 1746.8
1349560 1741.1
1349570 1741.1
1349580 1736.6
1349590 1733.3
1349600 1733.3
1349610 1730.8
1349620 1727.5
1349630 1727.5
1349640 1723.4
1349650 1718.1
1349660 1712.8
1349670 1712.8
1349680 1708.5
1349690 1703.7
1349700 1703.7
1349710 1697.8
1349720 1692.0
1349730 1692.0
1349740 1687.9
1349750 1684.0
1349760 1684.0
1349770 1680.2
1349780 1676.3
1349790 1676.3
1349800 1674.2
1349810 1670.7
1349820 1670.7
1349830 1666.1
1349840 1661.9
1349850 1661.9
1349860 1657.6
1349870 1654.9
1349880 1654.9
1349890 1652.2
1349900 1649.2
1349910 1649.2
1349920 1645.1
1349930 1640.1
1349940 1636.9
1349950 1636.9
1349960 1635.3
1349970 1633.3
1349980 1633.3
1349990 1632.1
1350000 1634.4
1350010 1634.4
1350020 1638.7
1350030 1642.6
1350040 1642.6
1350050 1645.9
1350060 1649.1
1350070 1649.1
1350080 1652.2
1350090 1656.5
1350100 1656.5
1350110 1660.4
1350120 1664.9
1350130 1664.9
1350140 1669.6
1350150 1673.1
1350160 1673.1
1350170 1676.4
1350180 1680.7
1350190 1686.4
1350200 1686.4
1350210 1691.6
1350220 1695.8
1350230 1695.8
1350240 1700.1
1350250 1704.1
1350260 1704.1
1350270 1708.3
1350280 1712.2
1350290 1712.2
1350300 1715.5
1350310 1718.9
1350320 1718.9
1350330 1722.8
1350340 1727.2
1350350 1727.2
1350360 1731.9
1350370 1735.6
1350380 1735.6
1350390 1739.0
1350400 1743.8
1350410 1743.8
1350420 1748.1
1350430 1751.2
1350440 1751.2
1350450 1754.8
1350460 1759.0
1350470 1764.2
1350480 1764.2
1350490 1771.4
1350500 1778.1
1350510 1778.1
1350520 1786.0
1350530 1795.0
1350540 1795.0
1350550 1803.9
1350560 1811.5
1350570 1811.5
1350580 1817.1
1350590 1824.4
1350600 1824.4
1350610 1829.0
1350620 1832.5
1350630 1832.5
1350640 1837.3
1350650 1843.1
1350660 1843.1
1350670 1849.7
1350680 1857.6
1350690 1857.6
1350700 1866.2
1350710 1875.2
1350720 1883.6
1350730 1883.6
1350740 1891.6
1350750 1898.1
1350760 1898.1
1350770 1904.0
1350780 1910.9
1350790 1910.9
1350800 1916.9
1350810 1922.5
1350820 1922.5
1350830 1928.2
1350840 1931.7
1350850 1931.7
1350860 1935.8
1350870 1937.8
1350880 1937.8
1350890 1944.5
1350900 1951.1
1350910 1951.1
1350920 1957.4
1350930 1964.3
1350940 1964.3
1350950 1971.5
1350960 1975.9
1350970 1980.3
1350980 1980.3
1350990 1986.9
1351000 1992.2
1351010 1992.2
1351020 1997.5
1351030 2003.0
1351040 2003.0
1351050 2007.9
1351060 2012.0
1351070 2012.0
1351080 2016.0
1351090 2020.2
1351100 2020.2
1351110 2023.9
1351120 2027.2
1351130 2027.2
1351140 2031.4
1351150 2035.5
1351160 2035.5
1351170 2039.1
1351180 2042.8
1351190 2038.2
1351200 2042.3
1351210 2045.7
1351220 2045.7
1351230 2049.3
1351240 2053.3
1351250 2056.8
1351260 2056.8
1351270 2060.2
1351280 2063.4
1351290 2063.4
1351300 2066.5
1351310 2069.3
1351320 2069.3
1351330 2072.4
1351340 2076.0
1351350 2076.0
1351360 2079.7
1351370 2083.8
1351380 2083.8
1351390 2087.7
1351400 2091.9
1351410 2091.9
1351420 2096.6
1351430 2100.6
1351440 2100.6
1351450 2104.6
1351460 2108.8
1351470 2108.8
1351480 2113.2
1351490 2117.5
1351500 2122.1
1351510 2122.1
1351520 2126.7
1351530 2131.7
1351540 2131.7
1351550 2138.0
1351560 2144.2
1351570 2144.2
1351580 2149.1
1351590 2153.8
1351600 2153.8
1351610 2158.5
1351620 2163.6
1351630 2163.6
1351640 2168.5
1351650 2174.6
1351660 2174.6
1351670 2180.3
1351680 2185.7
1351690 2185.7
1351700 2191.3
1351710 2197.3
1351720 2197.3
1351730 2205.5
1351740 2213.4
1351750 2213.4
1351760 2223.5
1351770 2229.9
1351780 2236.2
1351790 2236.2
1351800 2242.2
1351810 2248.4
1351820 2248.4
1351830 2255.2
1351840 2261.5
1351850 2261.5
1351860 2267.8
1351870 2273.9
1351880 2273.9
1351890 2279.3
1351900 2282.9
1351910 2282.9
1351920 2287.0
1351930 2292.0
1351940 2292.0
1351950 2297.1
1351960 2301.4
1351970 2301.4
1351980 2305.7
1351990 2310.1
1352000 2310.1
1352010 2315.5
1352020 2320.8
1352030 2326.5
1352040 2326.5
1352050 2331.8
1352060 2335.9
1352070 2335.9
1352080 2339.5
1352090 2343.3
1352100 2343.3
1352110 2346.6
1352120 2349.7
1352130 2349.7
1352140 2352.4
1352150 2350.1
1352160 2350.1
1352170 2350.8
1352180 2351.0
1352190 2351.0
1352200 2354.5
1352210 2359.6
1352220 2359.6
1352230 2361.7
1352240 2356.6
1352250 2356.6
1352260 2351.0
1352270 2344.0
1352280 2335.2
1352290 2335.2
1352300 2327.1
1352310 2320.7
1352320 2320.7
1352330 2315.3
1352340 2309.6
1352350 2309.6
1352360 2304.1
1352370 2298.8
1352380 2298.8
1352390 2293.0
1352400 2287.2
1352410 2287.2
1352420 2282.0
1352430 2276.2
1352440 2276.2
1352450 2270.7
1352460 2262.7
1352470 2262.7
1352480 2256.4
1352490 2250.8
1352500 2250.8
1352510 2245.9
1352520 2241.0
1352530 2241.0
1352540 2236.5
1352550 2232.6
1352560 2229.9
1352570 2229.9
1352580 2227.5
1352590 2225.5
1352600 2225.5
1352610 2224.8
1352620 2223.9
1352630 2223.9
1352640 2222.5
1352650 2219.7
1352660 2219.7
1352670 2217.1
1352680 2215.8
1352690 2215.8
1352700 2214.6
1352710 2213.5
1352720 2213.5
1352730 2213.3
1352740 2211.9
1352750 2211.9
1352760 2209.5
1352770 2206.8
1352780 2206.8
1352790 2203.7
1352800 2201.7
1352810 2201.1
1352820 2201.1
1352830 2201.7
1352840 2202.0
1352850 2202.0
1352860 2202.1
1352870 2201.3
1352880 2201.3
1352890 2200.0
1352900 2198.7
1352910 2198.7
1352920 2198.7
1352930 2197.7
1352940 2197.7
1352950 2191.3
1352960 2187.1
1352970 2187.1
1352980 2184.0
1352990 2181.4
1353000 2181.4
1353010 2178.8
1353020 2176.7
1353030 2176.7
1353040 2172.7
1353050 2167.8
1353060 2162.2
1353070 2162.2
1353080 2157.7
1353090 2154.4
1353100 2154.4
1353110 2149.0
1353120 2146.7
1353130 2146.7
1353140 2144.2
1353150 2140.9
1353160 2140.9
1353170 2138.1
1353180 2136.8
1353190 2136.8
1353200 2134.7
1353210 2131.6
1353220 2131.6
1353230 2128.4
1353240 2125.2
1353250 2125.2
1353260 2123.2
1353270 2119.9
1353280 2119.9
1353290 2115.4
1353300 2111.9
1353310 2111.9
1353320 2108.3
1353330 2103.2
1353340 2099.3
1353350 2099.3
1353360 2095.7
1353370 2089.8
1353380 2089.8
1353390 2083.2
1353400 2077.7
1353410 2077.7
1353420 2073.1
1353430 2067.9
1353440 2067.9
1353450 2063.3
1353460 2060.2
1353470 2060.2
1353480 2056.3
1353490 2052.5
1353500 2052.5
1353510 2050.2
1353520 2048.3
1353530 2048.3
1353540 2046.1
1353550 2043.8
1353560 2043.8
1353570 2041.5
1353580 2039.7
1353590 2037.4
1353600 2037.4
1353610 2036.0
1353620 2033.3
1353630 2033.3
1353640 2031.0
1353650 2028.2
1353660 2028.2
1353670 2024.7
1353680 2022.4
1353690 2022.4
1353700 2020.6
1353710 2017.2
1353720 2017.2
1353730 2012.8
1353740 2009.6
1353750 2009.6
1353760 2006.5
1353770 2002.4
1353780 2002.4
1353790 1999.9
1353800 1997.0
1353810 1997.0
1353820 1992.8
1353830 1989.5
1353840 1989.5
1353850 1987.1
1353860 1985.7
1353870 1982.5
1353880 1982.5
1353890 1978.7
1353900 1977.3
1353910 1977.3
1353920 1976.5
1353930 1976.5
1353940 1976.5
1353950 1972.5
1353960 1967.8
1353970 1967.8
1353980 1964.6
1353990 1960.7
1354000 1960.7
1354010 1957.1
1354020 1955.5
1354030 1955.5
1354040 1955.5
1354050 1955.9
1354060 1955.9
1354070 1955.6
1354080 1955.4
1354090 1953.4
1354100 1951.0
1354110 1950.1
1354120 1948.5
1354130 1948.5
1354140 1945.0
1354150 1941.9
1354160 1941.9
1354170 1938.8
1354180 1934.7
1354190 1934.7
1354200 1931.3
1354210 1928.3
1354220 1928.3
1354230 1924.6
1354240 1920.0
1354250 1920.0
1354260 1916.4
1354270 1913.1
1354280 1913.1
1354290 1909.0
1354300 1905.2
1354310 1905.2
1354320 1900.7
1354330 1897.1
1354340 1897.1
1354350 1892.2
1354360 1887.5
1354370 1883.1
1354380 1883.1
1354390 1878.8
1354400 1875.9
1354410 1875.9
1354420 1872.9
1354430 1869.0
1354440 1869.0
1354450 1866.3
1354460 1862.6
1354470 1862.6
1354480 1859.3
1354490 1855.6
1354500 1855.6
1354510 1853.2
1354520 1851.8
1354530 1851.8
1354540 1850.5
1354550 1849.2
1354560 1849.2
1354570 1847.7
1354580 1846.2
1354590 1846.2
1354600 1844.8
1354610 1843.0
1354620 1843.0
1354630 1840.9
1354640 1838.2
1354650 1836.5
1354660 1836.5
1354670 1834.2
1354680 1831.2
1354690 1831.2
1354700 1827.9
1354710 1824.7
1354720 1824.7
1354730 1821.0
1354740 1817.2
1354750 1817.2
1354760 1813.7
1354770 1810.1
1354780 1810.1
1354790 1805.3
1354800 1799.6
1354810 1799.6
1354820 1793.7
1354830 1788.5
1354840 1788.5
1354850 1784.7
1354860 1782.2
1354870 1782.2
1354880 1780.8
1354890 1779.7
1354900 1777.6
1354910 1777.6
1354920 1776.0
1354930 1774.9
1354940 1774.9
1354950 1771.1
1354960 1764.0
1354970 1764.0
1354980 1755.8
1354990 1747.4
1355000 1747.4
1355010 1743.8
1355020 1748.2
1355030 1748.2
1355040 1755.8
1355050 1763.5
1355060 1763.5
1355070 1770.5
1355080 1779.5
1355090 1779.5
1355100 1782.8
1355110 1785.5
1355120 1785.5
1355130 1788.6
1355140 1791.1
1355150 1791.1
1355160 1793.7
1355170 1796.5
1355180 1799.1
1355190 1799.1
1355200 1803.3
1355210 1807.7
1355220 1807.7
1355230 1812.4
1355240 1817.4
1355250 1817.4
1355260 1822.5
1355270 1827.5
1355280 1827.5
1355290 1832.8
1355300 1837.9
1355310 1837.9
1355320 1843.3
1355330 1848.5
1355340 1848.5
1355350 1852.6
1355360 1856.1
1355370 1856.1
1355380 1860.0
1355390 1863.7
1355400 1863.7
1355410 1868.8
1355420 1874.0
1355430 1878.8
1355440 1878.8
1355450 1883.4
1355460 1887.2
1355470 1887.2
1355480 1890.4
1355490 1895.0
1355500 1895.0
1355510 1900.7
1355520 1906.0
1355530 1906.0
1355540 1911.9
1355550 1918.3
1355560 1918.3
1355570 1925.9
1355580 1933.6
1355590 1933.6
1355600 1940.3
1355610 1943.9
1355620 1943.9
1355630 1944.8
1355640 1947.5
1355650 1947.5
1355660 1951.9
1355670 1955.8
1355680 1961.2
1355690 1961.2
1355700 1967.9
1355710 1975.0
1355720 1975.0
1355730 1979.3
1355740 1983.0
1355750 1983.0
1355760 1987.2
1355770 1992.2
1355780 1992.2
1355790 1998.0
1355800 2004.7
1355810 2004.7
1355820 2011.7
1355830 2019.5
1355840 2019.5
1355850 2027.7
1355860 2037.0
1355870 2037.0
1355880 2046.6
1355890 2054.5
1355900 2054.5
1355910 2062.0
1355920 2068.7
1355930 2068.7
1355940 2073.6
1355950 2078.7
1355960 2085.0
1355970 2085.0
1355980 2092.3
1355990 2099.9
1356000 2099.9
1356010 2107.2
1356020 2114.2
1356030 2114.2
1356040 2120.6
1356050 2127.1
1356060 2123.4
1356070 2129.5
1356080 2135.0
1356090 2135.0
1356100 2140.5
1356110 2146.4
1356120 2146.4
1356130 2152.7
1356140 2159.8
1356150 2159.8
1356160 2167.1
1356170 2174.4
1356180 2174.4
1356190 2183.1
1356200 2191.7
1356210 2199.4
1356220 2199.4
1356230 2206.8
1356240 2214.8
1356250 2214.8
1356260 2222.3
1356270 2229.5
1356280 2229.5
1356290 2236.6
1356300 2243.4
1356310 2243.4
1356320 2249.9
1356330 2256.5
1356340 2256.5
1356350 2263.0
1356360 2269.0
1356370 2269.0
1356380 2274.2
1356390 2278.9
1356400 2278.9
1356410 2283.0
1356420 2284.9
1356430 2284.9
1356440 2283.0
1356450 2282.0
1356460 2282.0
1356470 2280.5
1356480 2278.3
1356490 2273.9
1356500 2273.9
1356510 2268.5
1356520 2263.9
1356530 2263.9
1356540 2260.7
1356550 2256.4
1356560 2256.4
1356570 2251.8
1356580 2247.2
1356590 2247.2
1356600 2242.8
1356610 2238.5
1356620 2238.5
1356630 2234.2
1356640 2230.6
1356650 2230.6
1356660 2227.5
1356670 2223.8
1356680 2223.8
1356690 2220.5
1356700 2217.6
1356710 2217.6
1356720 2214.5
1356730 2210.9
1356740 2207.8
1356750 2207.8
1356760 2205.6
1356770 2203.5
1356780 2203.5
1356790 2201.5
1356800 2199.5
1356810 2199.5
1356820 2197.4
1356830 2195.5
1356840 2195.5
1356850 2193.4
1356860 2192.8
1356870 2192.8
1356880 2192.0
1356890 2191.6
1356900 2191.6
1356910 2191.0
1356920 2189.2
1356930 2189.2
1356940 2185.7
1356950 2182.1
1356960 2182.1
1356970 2178.4
1356980 2176.0
1356990 2173.3
1357000 2173.3
1357010 2170.7
1357020 2168.1
1357030 2168.1
1357040 2165.6
1357050 2165.7
1357060 2165.7
1357070 2163.3
1357080 2161.6
1357090 2161.6
1357100 2159.2
1357110 2157.5
1357120 2157.5
1357130 2155.6
1357140 2152.2
1357150 2152.2
1357160 2149.6
1357170 2147.0
1357180 2147.0
1357190 2143.5
1357200 2142.1
1357210 2142.1
1357220 2140.9
1357230 2138.0
1357240 2138.0
1357250 2134.4
1357260 2130.7
1357270 2128.2
1357280 2128.2
1357290 2127.6
1357300 2126.7
1357310 2126.7
1357320 2124.4
1357330 2121.3
1357340 2121.3
1357350 2119.0
1357360 2117.6
1357370 2117.6
1357380 2116.2
1357390 2115.1
1357400 2115.1
1357410 2114.1
1357420 2111.9
1357430 2111.9
1357440 2110.4
1357450 2108.3
1357460 2108.3
1357470 2103.3
1357480 2097.9
1357490 2097.9
1357500 2093.8
1357510 2091.1
1357520 2089.1
1357530 2089.1
1357540 2086.8
1357550 2084.7
1357560 2084.7
1357570 2082.8
1357580 2081.2
1357590 2081.2
1357600 2078.4
1357610 2075.3
1357620 2075.3
1357630 2074.4
1357640 2073.8
1357650 2073.8
1357660 2072.9
1357670 2071.4
1357680 2071.4
1357690 2070.1
1357700 2068.9
1357710 2068.9
1357720 2068.4
1357730 2069.8
1357740 2069.8
1357750 2070.8
1357760 2068.7
1357770 2068.7
1357780 2066.4
1357790 2065.2
1357800 2063.9
1357810 2063.9
1357820 2062.4
1357830 2060.9
1357840 2060.9
1357850 2060.8
1357860 2060.5
1357870 2060.5
1357880 2059.9
1357890 2059.1
1357900 2059.1
1357910 2058.2
1357920 2056.7
1357930 2056.7
1357940 2054.3
1357950 2051.5
1357960 2051.5
1357970 2049.7
1357980 2047.8
1357990 2047.8
1358000 2044.4
1358010 2040.3
1358020 2040.3
1358030 2035.8
1358040 2032.8
1358050 2031.1
1358060 2032.2
1358070 2030.4
1358080 2029.3
1358090 2029.3
1358100 2028.4
1358110 2026.9
1358120 2026.9
1358130 2024.1
1358140 2021.9
1358150 2021.9
1358160 2020.0
1358170 2017.5
1358180 2017.5
1358190 2014.4
1358200 2011.7
1358210 2011.7
1358220 2009.1
1358230 2006.2
1358240 2006.2
1358250 2003.8
1358260 2001.3
1358270 2001.3
1358280 1998.8
1358290 1996.4
1358300 1993.2
1358310 1993.2
1358320 1990.7
1358330 1988.2
1358340 1988.2
1358350 1985.4
1358360 1982.2
1358370 1982.2
1358380 1978.5
1358390 1975.3
1358400 1975.3
1358410 1972.3
1358420 1969.9
1358430 1969.9
1358440 1966.4
1358450 1962.2
1358460 1962.2
1358470 1958.5
1358480 1955.2
1358490 1955.2
1358500 1952.3
1358510 1948.1
1358520 1948.1
1358530 1943.3
1358540 1938.7
1358550 1938.7
1358560 1936.3
1358570 1934.0
1358580 1930.9
1358590 1930.9
1358600 1927.4
1358610 1924.2
1358620 1924.2
1358630 1920.8
1358640 1917.3
1358650 1917.3
1358660 1914.4
1358670 1911.2
1358680 1911.2
1358690 1908.7
1358700 1906.9
1358710 1906.9
1358720 1905.3
1358730 1903.0
1358740 1903.0
1358750 1898.5
1358760 1893.9
1358770 1893.9
1358780 1890.6
1358790 1887.8
1358800 1887.8
1358810 1885.4
1358820 1882.0
1358830 1878.3
1358840 1878.3
1358850 1873.6
1358860 1869.4
1358870 1869.4
1358880 1865.7
1358890 1862.9
1358900 1862.9
1358910 1859.9
1358920 1856.1
1358930 1856.1
1358940 1852.6
1358950 1850.1
1358960 1850.1
1358970 1846.6
1358980 1842.2
1358990 1842.2
1359000 1838.2
1359010 1833.7
1359020 1833.7
1359030 1829.5
1359040 1824.4
1359050 1824.4
1359060 1819.3
1359070 1815.7
1359080 1811.1
1359090 1811.1
1359100 1806.4
1359110 1801.3
1359120 1801.3
1359130 1795.9
1359140 1791.4
1359150 1791.4
1359160 1787.6
1359170 1782.6
1359180 1782.6
1359190 1777.8
1359200 1774.0
1359210 1774.0
1359220 1768.6
1359230 1764.6
1359240 1764.6
1359250 1761.6
1359260 1759.9
1359270 1759.9
1359280 1758.5
1359290 1756.5
1359300 1756.5
1359310 1754.0
1359320 1751.7
1359330 1751.7
1359340 1749.1
1359350 1746.8
1359360 1744.8
1359370 1744.8
1359380 1743.4
1359390 1741.8
1359400 1741.8
1359410 1739.5
1359420 1736.3
1359430 1736.3
1359440 1733.1
1359450 1728.9
1359460 1728.9
1359470 1723.8
1359480 1719.6
1359490 1719.6
1359500 1716.1
1359510 1712.5
1359520 1712.5
1359530 1708.5
1359540 1704.3
1359550 1704.3
1359560 1700.8
1359570 1697.8
1359580 1697.8
1359590 1694.5
1359600 1690.3
1359610 1686.8
1359620 1686.8
1359630 1683.1
1359640 1678.8
1359650 1678.8
1359660 1675.4
1359670 1673.5
1359680 1673.5
1359690 1672.0
1359700 1669.2
1359710 1669.2
1359720 1664.4
1359730 1658.3
1359740 1658.3
1359750 1653.3
1359760 1648.5
1359770 1648.5
1359780 1643.0
1359790 1638.4
1359800 1638.4
1359810 1634.3
1359820 1629.6
1359830 1629.6
1359840 1624.5
1359850 1619.8
1359860 1619.8
1359870 1615.7
1359880 1611.3
1359890 1606.6
1359900 1606.6
1359910 1601.7
1359920 1596.9
1359930 1596.9
1359940 1592.2
1359950 1588.8
1359960 1588.8
1359970 1585.1
1359980 1581.5
1359990 1581.5
