1340000 1942.7
1340010 1941.6
1340020 1941.6
1340030 1940.9
1340040 1941.6
1340050 1941.6
1340060 1942.6
1340070 1943.0
1340080 1943.0
1340090 1943.3
1340100 1943.6
1340110 1943.6
1340120 1943.7
1340130 1944.3
1340140 1945.3
1340150 1945.3
1340160 1947.5
1340170 1948.6
1340180 1948.6
1340190 1947.9
1340200 1947.6
1340210 1947.6
1340220 1948.5
1340230 1949.9
1340240 1949.9
1340250 1952.8
1340260 1956.5
1340270 1956.5
1340280 1960.4
1340290 1964.5
1340300 1964.5
1340310 1969.7
1340320 1976.0
1340330 1976.0
1340340 1982.7
1340350 1988.5
1340360 1988.5
1340370 1993.4
1340380 1998.7
1340390 2004.3
1340400 2004.3
1340410 2009.8
1340420 2014.9
1340430 2014.9
1340440 2020.6
1340450 2025.9
1340460 2025.9
1340470 2033.1
1340480 2041.7
1340490 2041.7
1340500 2047.4
1340510 2053.1
1340520 2053.1
1340530 2058.2
1340540 2062.6
1340550 2066.7
1340560 2072.8
1340570 2082.3
1340580 2082.3
1340590 2094.3
1340600 2098.6
1340610 2098.6
1340620 2099.4
1340630 2102.2
1340640 2102.2
1340650 2106.7
1340660 2114.8
1340670 2123.6
1340680 2123.6
1340690 2132.8
1340700 2142.1
1340710 2142.1
1340720 2159.8
1340730 2171.2
1340740 2171.2
1340750 2174.7
1340760 2179.3
1340770 2179.3
1340780 2184.7
1340790 2185.5
1340800 2185.5
1340810 2183.4
1340820 2180.9
1340830 2180.9
1340840 2185.3
1340850 2200.8
1340860 2200.8
1340870 2205.9
1340880 2205.6
1340890 2205.6
1340900 2203.6
1340910 2199.4
1340920 2197.0
1340930 2197.0
1340940 2194.7
1340950 2190.9
1340960 2190.9
1340970 2187.1
1340980 2182.2
1340990 2182.2
1341000 2180.7
1341010 2181.7
1341020 2181.7
1341030 2183.3
1341040 2183.0
1341050 2183.0
1341060 2183.2
1341070 2183.1
1341080 2183.1
1341090 2183.2
1341100 2181.7
1341110 2181.7
1341120 2180.3
1341130 2179.4
1341140 2179.4
1341150 2178.5
1341160 2176.4
1341170 2176.4
1341180 2174.3
1341190 2171.7
1341200 2168.6
1341210 2168.6
1341220 2166.5
1341230 2165.4
1341240 2165.4
1341250 2164.7
1341260 2164.1
1341270 2164.1
1341280 2161.7
1341290 2158.2
1341300 2158.2
1341310 2154.0
1341320 2150.9
1341330 2150.9
1341340 2148.5
1341350 2145.8
1341360 2145.8
1341370 2143.1
1341380 2139.4
1341390 2139.4
1341400 2136.4
1341410 2133.4
1341420 2133.4
1341430 2130.7
1341440 2127.3
1341450 2124.1
1341460 2124.1
1341470 2120.8
1341480 2118.7
1341490 2118.7
1341500 2116.9
1341510 2114.1
1341520 2114.1
1341530 2111.8
1341540 2110.1
1341550 2110.1
1341560 2108.7
1341570 2106.8
1341580 2106.8
1341590 2105.4
1341600 2104.4
1341610 2104.4
1341620 2103.7
1341630 2102.9
1341640 2102.9
1341650 2102.2
1341660 2101.5
1341670 2101.5
1341680 2100.9
1341690 2100.3
1341700 2100.3
1341710 2100.5
1341720 2101.1
1341730 2102.1
1341740 2102.1
1341750 2104.0
1341760 2106.0
1341770 2106.0
1341780 2107.5
1341790 2108.2
1341800 2108.2
1341810 2108.3
1341820 2107.0
1341830 2107.0
1341840 2105.3
1341850 2103.0
1341860 2103.0
1341870 2101.0
1341880 2099.5
1341890 2099.5
1341900 2099.1
1341910 2098.4
1341920 2098.4
1341930 2097.4
1341940 2095.4
1341950 2095.4
1341960 2090.6
1341970 2087.3
1341980 2087.0
1341990 2087.0
1342000 2086.6
1342010 2086.4
1342020 2086.4
1342030 2086.5
1342040 2086.5
1342050 2086.5
1342060 2086.4
1342070 2086.3
1342080 2086.3
1342090 2086.2
1342100 2086.2
1342110 2086.2
1342120 2086.2
1342130 2086.2
1342140 2086.2
1342150 2086.2
1342160 2086.3
1342170 2086.3
1342180 2086.5
1342190 2086.6
1342200 2086.6
1342210 2086.8
1342220 2087.2
1342230 2087.8
1342240 2087.8
1342250 2088.9
1342260 2091.6
1342270 2091.6
1342280 2094.8
1342290 2098.0
1342300 2098.0
1342310 2101.0
1342320 2104.0
1342330 2103.2
1342340 2106.2
1342350 2108.9
1342360 2108.9
1342370 2111.8
1342380 2114.7
1342390 2114.7
1342400 2117.7
1342410 2120.7
1342420 2120.7
1342430 2123.3
1342440 2125.4
1342450 2125.4
1342460 2126.8
1342470 2128.5
1342480 2128.5
1342490 2130.6
1342500 2132.6
1342510 2135.2
1342520 2135.2
1342530 2138.6
1342540 2141.9
1342550 2141.9
1342560 2145.3
1342570 2148.7
1342580 2148.7
1342590 2152.4
1342600 2155.5
1342610 2155.5
1342620 2158.3
1342630 2160.8
1342640 2160.8
1342650 2162.8
1342660 2164.7
1342670 2164.7
1342680 2167.3
1342690 2169.7
1342700 2169.7
1342710 2172.1
1342720 2174.6
1342730 2174.6
1342740 2177.7
1342750 2178.9
1342760 2179.6
1342770 2179.6
1342780 2180.8
1342790 2182.2
1342800 2182.2
1342810 2183.6
1342820 2185.5
1342830 2185.5
1342840 2187.7
1342850 2188.7
1342860 2188.7
1342870 2190.3
1342880 2192.5
1342890 2192.5
1342900 2194.5
1342910 2196.4
1342920 2196.4
1342930 2198.5
1342940 2200.9
1342950 2200.9
1342960 2203.3
1342970 2204.8
1342980 2204.8
1342990 2206.5
1343000 2209.4
1343010 2209.4
1343020 2213.5
1343030 2217.3
1343040 2220.5
1343050 2220.5
1343060 2224.8
1343070 2229.6
1343080 2229.6
1343090 2234.5
1343100 2239.3
1343110 2239.3
1343120 2244.4
1343130 2250.3
1343140 2250.3
1343150 2256.1
1343160 2261.9
1343170 2261.9
1343180 2266.5
1343190 2269.4
1343200 2269.4
1343210 2269.8
1343220 2269.5
1343230 2269.5
1343240 2272.4
1343250 2277.3
1343260 2277.3
1343270 2282.4
1343280 2286.4
1343290 2288.5
1343300 2288.5
1343310 2290.2
1343320 2292.9
1343330 2292.9
1343340 2296.0
1343350 2299.8
1343360 2299.8
1343370 2300.6
1343380 2300.3
1343390 2300.3
1343400 2300.9
1343410 2302.0
1343420 2302.0
1343430 2302.3
1343440 2301.9
1343450 2301.9
1343460 2299.7
1343470 2296.8
1343480 2296.8
1343490 2294.0
1343500 2289.6
1343510 2289.6
1343520 2284.0
1343530 2278.1
1343540 2278.1
1343550 2274.4
1343560 2272.4
1343570 2268.6
1343580 2268.6
1343590 2262.1
1343600 2252.7
1343610 2252.7
1343620 2243.8
1343630 2236.5
1343640 2236.5
1343650 2230.8
1343660 2224.7
1343670 2224.7
1343680 2220.5
1343690 2218.3
1343700 2218.3
1343710 2216.5
1343720 2215.6
1343730 2215.6
1343740 2216.1
1343750 2217.9
1343760 2217.9
1343770 2219.0
1343780 2218.2
1343790 2218.2
1343800 2216.7
1343810 2215.5
1343820 2214.7
1343830 2214.7
1343840 2210.6
1343850 2205.4
1343860 2205.4
1343870 2200.1
1343880 2196.1
1343890 2196.1
1343900 2193.6
1343910 2192.0
1343920 2192.0
1343930 2188.9
1343940 2185.1
1343950 2185.1
1343960 2183.3
1343970 2180.6
1343980 2180.6
1343990 2177.9
1344000 2174.3
1344010 2174.3
1344020 2166.7
1344030 2160.0
1344040 2160.0
1344050 2156.1
1344060 2154.9
1344070 2154.9
1344080 2155.6
1344090 2154.1
1344100 2151.5
1344110 2151.5
1344120 2150.7
1344130 2152.1
1344140 2152.1
1344150 2155.7
1344160 2157.6
1344170 2157.6
1344180 2162.0
1344190 2164.9
1344200 2164.9
1344210 2164.4
1344220 2161.6
1344230 2161.6
1344240 2158.4
1344250 2158.1
1344260 2158.1
1344270 2159.8
1344280 2162.0
1344290 2162.0
1344300 2164.5
1344310 2167.6
1344320 2167.6
1344330 2169.5
1344340 2171.1
1344350 2173.4
1344360 2173.4
1344370 2176.3
1344380 2181.1
1344390 2181.1
1344400 2187.3
1344410 2193.7
1344420 2193.7
1344430 2199.6
1344440 2207.5
1344450 2207.5
1344460 2214.8
1344470 2220.4
1344480 2220.4
1344490 2226.9
1344500 2233.2
1344510 2233.2
1344520 2239.6
1344530 2245.3
1344540 2245.3
1344550 2251.8
1344560 2260.7
1344570 2260.7
1344580 2265.8
1344590 2267.9
1344600 2272.6
1344610 2272.6
1344620 2276.9
1344630 2280.2
1344640 2280.2
1344650 2283.1
1344660 2286.8
1344670 2286.8
1344680 2290.7
1344690 2295.8
1344700 2295.8
1344710 2299.0
1344720 2301.6
1344730 2301.6
1344740 2301.4
1344750 2300.8
1344760 2300.8
1344770 2300.8
1344780 2300.6
1344790 2300.6
1344800 2301.1
1344810 2304.4
1344820 2304.4
1344830 2306.4
1344840 2306.8
1344850 2306.8
1344860 2308.2
1344870 2308.9
1344880 2309.9
1344890 2309.9
1344900 2314.9
1344910 2320.8
1344920 2320.8
1344930 2323.1
1344940 2317.9
1344950 2317.9
1344960 2314.4
1344970 2311.6
1344980 2311.6
1344990 2311.0
1345000 2311.3
1345010 2311.3
1345020 2309.8
1345030 2307.2
1345040 2315.1
1345050 2315.6
1345060 2312.6
1345070 2312.6
1345080 2304.9
1345090 2303.3
1345100 2303.3
1345110 2303.5
1345120 2300.8
1345130 2301.2
1345140 2301.2
1345150 2302.1
1345160 2302.8
1345170 2302.8
1345180 2306.6
1345190 2307.6
1345200 2307.6
1345210 2304.1
1345220 2300.2
1345230 2300.2
1345240 2295.8
1345250 2293.8
1345260 2293.8
1345270 2290.1
1345280 2286.7
1345290 2286.7
1345300 2284.7
1345310 2280.3
1345320 2280.3
1345330 2276.9
1345340 2275.6
1345350 2275.6
1345360 2274.3
1345370 2266.6
1345380 2266.6
1345390 2258.4
1345400 2252.5
1345410 2242.9
1345420 2242.9
1345430 2233.9
1345440 2228.0
1345450 2228.0
1345460 2223.6
1345470 2220.5
1345480 2220.5
1345490 2217.0
1345500 2212.5
1345510 2212.5
1345520 2208.4
1345530 2205.0
1345540 2205.0
1345550 2202.5
1345560 2201.1
1345570 2201.1
1345580 2199.6
1345590 2196.2
1345600 2196.2
1345610 2191.0
1345620 2183.3
1345630 2183.3
1345640 2175.8
1345650 2170.0
1345660 2164.3
1345670 2164.3
1345680 2158.6
1345690 2152.1
1345700 2152.1
1345710 2146.5
1345720 2141.5
1345730 2141.5
1345740 2135.7
1345750 2129.5
1345760 2129.5
1345770 2123.2
1345780 2115.9
1345790 2115.9
1345800 2109.0
1345810 2101.9
1345820 2101.9
1345830 2096.0
1345840 2090.6
1345850 2090.6
1345860 2085.0
1345870 2080.0
1345880 2080.0
1345890 2074.3
1345900 2069.3
1345910 2069.3
1345920 2064.7
1345930 2061.2
1345940 2058.6
1345950 2058.6
1345960 2052.0
1345970 2050.3
1345980 2050.3
1345990 2049.7
1346000 2048.8
1346010 2048.8
1346020 2047.9
1346030 2048.2
1346040 2048.2
1346050 2048.0
1346060 2047.8
1346070 2047.8
1346080 2047.6
1346090 2046.1
1346100 2046.1
1346110 2044.0
1346120 2044.4
1346130 2044.4
1346140 2044.5
1346150 2045.0
1346160 2045.0
1346170 2045.3
1346180 2045.8
1346190 2047.4
1346200 2047.4
1346210 2050.9
1346220 2051.8
1346230 2051.8
1346240 2050.3
1346250 2047.2
1346260 2047.2
1346270 2052.1
1346280 2048.6
1346290 2048.6
1346300 2040.1
1346310 2034.5
1346320 2034.5
1346330 2029.0
1346340 2022.6
1346350 2022.6
1346360 2018.4
1346370 2016.3
1346380 2016.3
1346390 2010.4
1346400 2004.4
1346410 2004.4
1346420 2001.2
1346430 1991.3
1346440 1983.9
1346450 1983.9
1346460 1976.9
1346470 1975.3
1346480 1975.3
1346490 1969.9
1346500 1962.9
1346510 1962.9
1346520 1954.9
1346530 1949.6
1346540 1949.6
1346550 1945.7
1346560 1942.8
1346570 1942.8
1346580 1939.3
1346590 1935.5
1346600 1935.5
1346610 1931.5
1346620 1927.5
1346630 1927.5
1346640 1925.1
1346650 1921.1
1346660 1921.1
1346670 1916.8
1346680 1913.7
1346690 1913.7
1346700 1909.2
1346710 1905.0
1346720 1900.2
1346730 1900.2
1346740 1894.4
1346750 1889.6
1346760 1889.6
1346770 1885.9
1346780 1883.6
1346790 1883.6
1346800 1884.9
1346810 1886.7
1346820 1886.7
1346830 1886.1
1346840 1885.2
1346850 1885.2
1346860 1883.8
1346870 1882.9
1346880 1876.3
1346890 1875.9
1346900 1877.5
1346910 1877.5
1346920 1878.4
1346930 1878.5
1346940 1878.5
1346950 1876.4
1346960 1875.5
1346970 1874.7
1346980 1874.7
1346990 1873.1
1347000 1872.0
1347010 1872.0
1347020 1873.1
1347030 1874.9
1347040 1874.9
1347050 1875.2
1347060 1874.1
1347070 1874.1
1347080 1872.7
1347090 1870.7
1347100 1870.7
1347110 1868.1
1347120 1865.9
1347130 1865.9
1347140 1863.5
1347150 1858.5
1347160 1858.5
1347170 1852.5
1347180 1850.3
1347190 1850.3
1347200 1848.6
1347210 1844.8
1347220 1844.8
1347230 1841.1
1347240 1838.4
1347250 1836.4
1347260 1836.4
1347270 1834.8
1347280 1831.8
1347290 1831.8
1347300 1829.3
1347310 1827.2
1347320 1827.2
1347330 1824.1
1347340 1820.8
1347350 1820.8
1347360 1818.6
1347370 1814.0
1347380 1814.0
1347390 1809.4
1347400 1804.4
1347410 1804.4
1347420 1799.3
1347430 1796.1
1347440 1796.1
1347450 1795.5
1347460 1794.8
1347470 1794.8
1347480 1795.9
1347490 1797.3
1347500 1798.3
1347510 1798.3
1347520 1799.4
1347530 1799.7
1347540 1799.7
1347550 1799.9
1347560 1800.2
1347570 1800.2
1347580 1801.5
1347590 1803.3
1347600 1803.3
1347610 1801.4
1347620 1801.0
1347630 1801.0
1347640 1801.1
1347650 1801.5
1347660 1801.5
1347670 1801.8
1347680 1801.4
1347690 1801.4
1347700 1801.0
1347710 1800.0
1347720 1800.0
1347730 1798.7
1347740 1797.5
1347750 1797.5
1347760 1796.5
1347770 1795.5
1347780 1794.5
1347790 1794.5
1347800 1795.2
1347810 1796.8
1347820 1796.8
1347830 1795.0
1347840 1793.3
1347850 1793.3
1347860 1791.3
1347870 1789.0
1347880 1789.0
1347890 1784.2
1347900 1778.0
1347910 1778.0
1347920 1772.6
1347930 1768.5
1347940 1768.5
1347950 1763.8
1347960 1758.9
1347970 1758.9
1347980 1755.6
1347990 1756.4
1348000 1756.4
1348010 1760.3
1348020 1759.4
1348030 1758.3
1348040 1758.3
1348050 1757.5
1348060 1758.4
1348070 1758.4
1348080 1759.0
1348090 1759.3
1348100 1759.3
1348110 1759.6
1348120 1759.5
1348130 1759.5
1348140 1759.4
1348150 1760.4
1348160 1760.4
1348170 1762.0
1348180 1764.1
1348190 1764.1
1348200 1766.4
1348210 1768.7
1348220 1768.7
1348230 1771.1
1348240 1772.2
1348250 1772.2
1348260 1774.2
1348270 1776.5
1348280 1776.5
1348290 1779.6
1348300 1784.1
1348310 1787.5
1348320 1787.5
1348330 1789.4
1348340 1792.3
1348350 1792.3
1348360 1797.3
1348370 1800.0
1348380 1800.0
1348390 1804.3
1348400 1808.9
1348410 1808.9
1348420 1811.7
1348430 1813.7
1348440 1813.7
1348450 1815.2
1348460 1818.0
1348470 1818.0
1348480 1821.5
1348490 1824.1
1348500 1824.1
1348510 1825.5
1348520 1826.0
1348530 1826.0
1348540 1826.1
1348550 1826.1
1348560 1826.5
1348570 1826.5
1348580 1826.2
1348590 1825.6
1348600 1825.6
1348610 1826.0
1348620 1826.5
1348630 1826.5
1348640 1826.0
1348650 1825.7
1348660 1825.7
1348670 1824.2
1348680 1822.2
1348690 1822.2
1348700 1821.3
1348710 1819.0
1348720 1819.0
1348730 1817.1
1348740 1811.4
1348750 1811.4
1348760 1811.0
1348770 1810.9
1348780 1810.9
1348790 1809.8
1348800 1807.6
1348810 1802.0
1348820 1802.0
1348830 1803.4
1348840 1801.5
1348850 1801.5
1348860 1798.6
1348870 1797.7
1348880 1797.7
1348890 1796.7
1348900 1796.5
1348910 1796.5
1348920 1793.2
1348930 1790.7
1348940 1790.7
1348950 1786.2
1348960 1781.5
1348970 1781.5
1348980 1776.3
1348990 1772.5
1349000 1772.5
1349010 1771.8
1349020 1770.8
1349030 1770.8
1349040 1768.9
1349050 1766.6
1349060 1766.6
1349070 1764.2
1349080 1762.0
1349090 1760.4
1349100 1760.4
1349110 1760.0
1349120 1758.9
1349130 1758.9
1349140 1758.5
1349150 1758.2
1349160 1758.2
1349170 1759.2
1349180 1759.3
1349190 1759.3
1349200 1758.1
1349210 1756.6
1349220 1756.6
1349230 1755.1
1349240 1755.3
1349250 1755.3
1349260 1756.6
1349270 1754.5
1349280 1754.5
1349290 1751.6
1349300 1754.9
1349310 1754.9
1349320 1757.5
1349330 1757.6
1349340 1757.0
1349350 1757.0
1349360 1756.2
1349370 1755.4
1349380 1755.4
1349390 1754.6
1349400 1754.3
1349410 1754.3
1349420 1755.0
1349430 1756.9
1349440 1756.9
1349450 1758.3
1349460 1757.2
1349470 1757.2
1349480 1756.5
1349490 1756.2
1349500 1756.2
1349510 1757.2
1349520 1758.9
1349530 1758.9
1349540 1759.8
1349550 1759.8
1349560 1759.8
1349570 1759.5
1349580 1759.0
1349590 1759.0
1349600 1759.4
1349610 1760.1
1349620 1760.6
1349630 1760.6
1349640 1760.3
1349650 1759.8
1349660 1759.8
1349670 1758.6
1349680 1751.8
1349690 1751.8
1349700 1750.5
1349710 1749.8
1349720 1749.8
1349730 1750.3
1349740 1751.1
1349750 1751.1
1349760 1750.4
1349770 1748.4
1349780 1748.4
1349790 1746.7
1349800 1745.1
1349810 1745.1
1349820 1743.8
1349830 1742.7
1349840 1742.7
1349850 1741.1
1349860 1739.1
1349870 1737.7
1349880 1737.7
1349890 1736.1
1349900 1734.7
1349910 1734.7
1349920 1733.0
1349930 1730.9
1349940 1730.9
1349950 1729.1
1349960 1727.5
1349970 1727.5
1349980 1725.7
1349990 1724.3
1350000 1724.3
1350010 1722.7
1350020 1720.7
1350030 1720.7
1350040 1718.2
1350050 1716.6
1350060 1716.6
1350070 1714.4
1350080 1707.7
1350090 1707.7
1350100 1699.7
1350110 1691.6
1350120 1691.6
1350130 1683.0
1350140 1680.0
1350150 1683.8
1350160 1683.8
1350170 1688.7
1350180 1693.0
1350190 1693.0
1350200 1696.7
1350210 1702.4
1350220 1702.4
1350230 1709.1
1350240 1718.6
1350250 1718.6
1350260 1729.1
1350270 1733.7
1350280 1733.7
1350290 1736.1
1350300 1737.8
1350310 1737.8
1350320 1739.3
1350330 1740.9
1350340 1740.9
1350350 1742.5
1350360 1744.5
1350370 1744.5
1350380 1746.2
1350390 1747.4
1350400 1749.6
1350410 1749.6
1350420 1752.0
1350430 1753.6
1350440 1753.6
1350450 1754.9
1350460 1756.7
1350470 1756.7
1350480 1759.1
1350490 1762.7
1350500 1762.7
1350510 1767.1
1350520 1771.6
1350530 1771.6
1350540 1777.3
1350550 1781.7
1350560 1781.7
1350570 1786.5
1350580 1789.5
1350590 1789.5
1350600 1792.6
1350610 1796.4
1350620 1796.4
1350630 1803.2
1350640 1807.9
1350650 1813.9
1350660 1813.9
1350670 1820.9
1350680 1829.8
1350690 1829.8
1350700 1837.6
1350710 1845.9
1350720 1845.9
1350730 1850.2
1350740 1854.8
1350750 1854.8
1350760 1862.0
1350770 1869.3
1350780 1869.3
1350790 1874.6
1350800 1881.2
1350810 1881.2
1350820 1887.2
1350830 1892.6
1350840 1892.6
1350850 1900.7
1350860 1910.9
1350870 1910.9
1350880 1920.9
1350890 1927.8
1350900 1927.8
1350910 1935.1
1350920 1941.5
1350930 1946.8
1350940 1946.8
1350950 1952.1
1350960 1956.9
1350970 1956.9
1350980 1962.2
1350990 1967.4
1351000 1967.4
1351010 1972.3
1351020 1977.0
1351030 1977.0
1351040 1982.2
1351050 1987.4
1351060 1987.4
1351070 1992.1
1351080 1996.0
1351090 1996.0
1351100 2000.1
1351110 2004.5
1351120 2004.5
1351130 2008.6
1351140 2013.4
1351150 2013.4
1351160 2018.8
1351170 2024.0
1351180 2028.9
1351190 2028.9
1351200 2033.3
1351210 2037.6
1351220 2037.6
1351230 2041.6
1351240 2045.7
1351250 2045.7
1351260 2050.4
1351270 2055.1
1351280 2055.1
1351290 2060.2
1351300 2066.0
1351310 2066.0
1351320 2070.8
1351330 2074.9
1351340 2074.9
1351350 2079.6
1351360 2085.0
1351370 2085.0
1351380 2090.2
1351390 2095.2
1351400 2095.2
1351410 2101.5
1351420 2107.9
1351430 2107.9
1351440 2113.2
1351450 2119.0
1351460 2124.1
1351470 2124.1
1351480 2129.0
1351490 2136.3
1351500 2136.3
1351510 2143.8
1351520 2150.9
1351530 2150.9
1351540 2157.7
1351550 2163.0
1351560 2163.0
1351570 2167.6
1351580 2178.4
1351590 2178.4
1351600 2185.3
1351610 2190.6
1351620 2190.6
1351630 2191.4
1351640 2193.8
1351650 2193.8
1351660 2196.8
1351670 2201.1
1351680 2201.1
1351690 2206.9
1351700 2213.1
1351710 2218.9
1351720 2218.9
1351730 2224.3
1351740 2230.3
1351750 2230.3
1351760 2236.0
1351770 2240.9
1351780 2240.9
1351790 2244.2
1351800 2247.0
1351810 2247.0
1351820 2252.7
1351830 2260.5
1351840 2260.5
1351850 2268.6
1351860 2275.5
1351870 2275.5
1351880 2281.9
1351890 2287.4
1351900 2287.4
1351910 2292.0
1351920 2295.5
1351930 2295.5
1351940 2298.9
1351950 2301.8
1351960 2301.8
1351970 2306.5
1351980 2311.0
1351990 2314.6
1352000 2314.6
1352010 2318.1
1352020 2322.5
1352030 2322.5
1352040 2325.8
1352050 2328.6
1352060 2328.6
1352070 2330.4
1352080 2330.4
1352090 2330.4
1352100 2328.9
1352110 2325.5
1352120 2325.5
1352130 2320.2
1352140 2315.2
1352150 2315.2
1352160 2311.0
1352170 2304.1
1352180 2304.1
1352190 2296.5
1352200 2287.5
1352210 2287.5
1352220 2279.5
1352230 2273.1
1352240 2266.9
1352250 2266.9
1352260 2261.1
1352270 2255.7
1352280 2255.7
1352290 2250.9
1352300 2246.3
1352310 2246.3
1352320 2240.5
1352330 2236.0
1352340 2236.0
1352350 2234.9
1352360 2232.4
1352370 2232.4
1352380 2230.1
1352390 2225.2
1352400 2225.2
1352410 2220.8
1352420 2217.8
1352430 2217.8
1352440 2213.1
1352450 2210.3
1352460 2210.3
1352470 2209.3
1352480 2206.3
1352490 2206.3
1352500 2205.0
1352510 2204.1
1352520 2201.1
1352530 2201.1
1352540 2200.5
1352550 2197.7
1352560 2197.7
1352570 2194.6
1352580 2192.0
1352590 2192.0
1352600 2190.1
1352610 2188.2
1352620 2188.2
1352630 2187.9
1352640 2190.0
1352650 2190.0
1352660 2193.9
1352670 2198.4
1352680 2198.4
1352690 2202.1
1352700 2204.0
1352710 2204.0
1352720 2204.9
1352730 2203.8
1352740 2203.8
1352750 2200.9
1352760 2198.0
1352770 2196.3
1352780 2196.3
1352790 2193.7
1352800 2188.7
1352810 2188.7
1352820 2182.1
1352830 2176.0
1352840 2176.0
1352850 2171.0
1352860 2166.1
1352870 2166.1
1352880 2160.8
1352890 2156.5
1352900 2156.5
1352910 2152.8
1352920 2151.0
1352930 2151.0
1352940 2149.3
1352950 2147.5
1352960 2147.5
1352970 2146.0
1352980 2144.0
1352990 2144.0
1353000 2140.9
1353010 2138.1
1353020 2134.5
1353030 2134.5
1353040 2129.9
1353050 2125.1
1353060 2125.1
1353070 2121.0
1353080 2117.6
1353090 2117.6
1353100 2114.0
1353110 2109.9
1353120 2109.9
1353130 2107.7
1353140 2106.7
1353150 2106.7
1353160 2106.0
1353170 2105.9
1353180 2105.9
1353190 2104.9
1353200 2102.5
1353210 2102.5
1353220 2100.2
1353230 2097.2
1353240 2097.2
1353250 2093.3
1353260 2090.7
1353270 2090.7
1353280 2088.7
1353290 2087.1
1353300 2086.2
1353310 2086.2
1353320 2086.3
1353330 2086.5
1353340 2086.5
1353350 2087.2
1353360 2087.4
1353370 2087.4
1353380 2088.8
1353390 2089.5
1353400 2089.5
1353410 2087.4
1353420 2084.9
1353430 2084.9
1353440 2082.8
1353450 2083.5
1353460 2083.5
1353470 2083.8
1353480 2084.1
1353490 2084.1
1353500 2084.0
1353510 2085.7
1353520 2085.7
1353530 2084.7
1353540 2083.7
1353550 2083.2
1353560 2083.2
1353570 2084.1
1353580 2083.8
1353590 2083.8
1353600 2082.4
1353610 2080.6
1353620 2080.6
1353630 2078.7
1353640 2076.5
1353650 2076.5
1353660 2074.7
1353670 2072.6
1353680 2072.6
1353690 2070.3
1353700 2068.2
1353710 2068.2
1353720 2064.7
1353730 2062.0
1353740 2062.0
1353750 2059.7
1353760 2058.1
1353770 2058.1
1353780 2057.5
1353790 2056.4
1353800 2056.4
1353810 2054.5
1353820 2051.8
1353830 2050.2
1353840 2050.2
1353850 2047.7
1353860 2043.6
1353870 2043.6
1353880 2039.3
1353890 2036.7
1353900 2036.7
1353910 2034.9
1353920 2032.6
1353930 2032.6
1353940 2029.4
1353950 2025.0
1353960 2025.0
1353970 2020.9
1353980 2017.9
1353990 2017.9
1354000 2014.7
1354010 2011.0
1354020 2011.0
1354030 2007.1
1354040 2004.9
1354050 2004.9
1354060 2002.3
1354070 2000.5
1354080 1998.2
1354090 1998.2
1354100 1994.3
1354110 1989.7
1354120 1989.7
1354130 1987.7
1354140 1986.5
1354150 1986.5
1354160 1984.9
1354170 1984.3
1354180 1984.3
1354190 1980.6
1354200 1978.6
1354210 1978.6
1354220 1977.2
1354230 1972.4
1354240 1972.4
1354250 1972.9
1354260 1973.8
1354270 1973.8
1354280 1972.8
1354290 1970.3
1354300 1970.3
1354310 1966.8
1354320 1962.9
1354330 1962.9
1354340 1958.7
1354350 1953.8
1354360 1948.3
1354370 1948.3
1354380 1944.4
1354390 1940.2
1354400 1940.2
1354410 1936.3
1354420 1932.3
1354430 1932.3
1354440 1927.6
1354450 1923.0
1354460 1923.0
1354470 1918.0
1354480 1914.2
1354490 1916.4
1354500 1911.2
1354510 1905.4
1354520 1905.4
1354530 1898.6
1354540 1893.9
1354550 1893.9
1354560 1889.7
1354570 1886.2
1354580 1886.2
1354590 1883.9
1354600 1879.5
1354610 1874.1
1354620 1874.1
1354630 1867.0
1354640 1861.0
1354650 1861.0
1354660 1852.9
1354670 1845.3
1354680 1845.3
1354690 1840.0
1354700 1833.8
1354710 1833.8
1354720 1829.0
1354730 1825.0
1354740 1825.0
1354750 1822.6
1354760 1818.5
1354770 1818.5
1354780 1813.6
1354790 1807.5
1354800 1807.5
1354810 1802.3
1354820 1797.2
1354830 1797.2
1354840 1791.8
1354850 1786.5
1354860 1785.2
1354870 1785.2
1354880 1785.5
1354890 1785.6
1354900 1785.6
1354910 1787.2
1354920 1791.8
1354930 1791.8
1354940 1795.7
1354950 1800.1
1354960 1800.1
1354970 1804.3
1354980 1809.3
1354990 1809.3
1355000 1813.2
1355010 1816.6
1355020 1816.6
1355030 1821.7
1355040 1828.0
1355050 1828.0
1355060 1830.8
1355070 1836.3
1355080 1836.3
1355090 1842.5
1355100 1848.2
1355110 1848.2
1355120 1854.2
1355130 1860.2
1355140 1867.2
1355150 1867.2
1355160 1873.4
1355170 1878.2
1355180 1878.2
1355190 1885.1
1355200 1890.9
1355210 1890.9
1355220 1896.4
1355230 1903.1
1355240 1903.1
1355250 1907.9
1355260 1911.6
1355270 1911.6
1355280 1914.1
1355290 1916.1
1355300 1916.1
1355310 1918.3
1355320 1919.5
1355330 1919.5
1355340 1922.4
1355350 1927.7
1355360 1927.7
1355370 1934.3
1355380 1940.4
1355390 1946.8
1355400 1946.8
1355410 1951.6
1355420 1955.9
1355430 1955.9
1355440 1961.6
1355450 1967.5
1355460 1967.5
1355470 1969.7
1355480 1975.3
1355490 1975.3
1355500 1980.2
1355510 1984.8
1355520 1984.8
1355530 1990.2
1355540 1996.7
1355550 1996.7
1355560 2004.2
1355570 2012.4
1355580 2012.4
1355590 2021.9
1355600 2030.4
1355610 2030.4
1355620 2038.5
1355630 2045.8
1355640 2045.8
1355650 2052.6
1355660 2059.1
1355670 2065.1
1355680 2065.1
1355690 2071.6
1355700 2078.6
1355710 2078.6
1355720 2085.5
1355730 2093.3
1355740 2093.3
1355750 2100.1
1355760 2110.3
1355770 2110.3
1355780 2120.6
1355790 2127.9
1355800 2127.9
1355810 2135.4
1355820 2145.0
1355830 2145.0
1355840 2152.7
1355850 2157.7
1355860 2157.7
1355870 2158.0
1355880 2159.1
1355890 2159.1
1355900 2160.6
1355910 2164.0
1355920 2167.3
1355930 2167.3
1355940 2168.8
1355950 2166.8
1355960 2166.8
1355970 2168.5
1355980 2172.8
1355990 2172.8
1356000 2175.4
1356010 2177.7
1356020 2177.7
1356030 2180.0
1356040 2182.2
1356050 2182.2
1356060 2184.9
1356070 2187.8
1356080 2187.8
1356090 2190.8
1356100 2193.8
1356110 2193.8
1356120 2196.1
1356130 2198.4
1356140 2198.4
1356150 2201.1
1356160 2203.2
1356170 2203.2
1356180 2204.9
1356190 2206.1
1356200 2208.2
1356210 2208.2
1356220 2211.4
1356230 2215.5
1356240 2215.5
1356250 2220.5
1356260 2224.6
1356270 2224.6
1356280 2228.5
1356290 2231.6
1356300 2231.6
1356310 2233.7
1356320 2235.4
1356330 2235.4
1356340 2236.8
1356350 2237.6
1356360 2237.6
1356370 2238.0
1356380 2238.2
1356390 2238.2
1356400 2238.7
1356410 2237.8
1356420 2237.8
1356430 2233.8
1356440 2229.5
1356450 2225.7
1356460 2227.6
1356470 2223.5
1356480 2219.8
1356490 2219.8
1356500 2216.3
1356510 2213.0
1356520 2213.0
1356530 2209.5
1356540 2205.4
1356550 2205.4
1356560 2200.1
1356570 2194.3
1356580 2194.3
1356590 2189.8
1356600 2186.0
1356610 2186.0
1356620 2181.5
1356630 2177.0
1356640 2177.0
1356650 2172.9
1356660 2170.1
1356670 2170.1
1356680 2166.6
1356690 2161.8
1356700 2158.1
1356710 2158.1
1356720 2156.0
1356730 2154.0
1356740 2154.0
1356750 2152.3
1356760 2150.5
1356770 2150.5
1356780 2148.4
1356790 2146.8
1356800 2146.8
1356810 2144.9
1356820 2142.3
1356830 2142.3
1356840 2139.9
1356850 2137.1
1356860 2137.1
1356870 2134.1
1356880 2130.9
1356890 2130.9
1356900 2127.3
1356910 2125.1
1356920 2125.1
1356930 2123.1
1356940 2121.4
1356950 2121.4
1356960 2119.9
1356970 2119.7
1356980 2118.7
1356990 2118.7
1357000 2117.1
1357010 2115.7
1357020 2115.7
1357030 2114.0
1357040 2112.6
1357050 2112.6
1357060 2111.4
1357070 2110.1
1357080 2110.1
1357090 2108.3
1357100 2107.4
1357110 2107.4
1357120 2106.2
1357130 2104.7
1357140 2104.7
1357150 2102.5
1357160 2101.5
1357170 2101.5
1357180 2100.6
1357190 2099.2
1357200 2099.2
1357210 2097.3
1357220 2095.7
1357230 2095.5
1357240 2095.5
1357250 2094.8
1357260 2092.9
1357270 2092.9
1357280 2091.5
1357290 2090.1
1357300 2090.1
1357310 2088.4
1357320 2086.9
1357330 2086.9
1357340 2084.6
1357350 2082.8
1357360 2082.8
1357370 2082.2
1357380 2080.3
1357390 2080.3
1357400 2078.7
1357410 2077.7
1357420 2077.7
1357430 2077.0
1357440 2076.0
1357450 2076.0
1357460 2075.4
1357470 2073.2
1357480 2073.2
1357490 2071.9
1357500 2070.7
1357510 2069.3
1357520 2069.3
1357530 2067.8
1357540 2066.1
1357550 2066.1
1357560 2063.9
1357570 2062.2
1357580 2062.2
1357590 2060.2
1357600 2057.2
1357610 2057.2
1357620 2054.1
1357630 2052.0
1357640 2052.0
1357650 2050.4
1357660 2048.9
1357670 2048.9
1357680 2047.2
1357690 2045.7
1357700 2045.7
1357710 2044.0
1357720 2040.7
1357730 2040.7
1357740 2035.9
1357750 2031.1
1357760 2026.1
1357770 2026.1
1357780 2021.3
1357790 2017.2
1357800 2017.2
1357810 2013.4
1357820 2010.1
1357830 2010.1
1357840 2006.6
1357850 2004.3
1357860 2004.3
1357870 2002.4
1357880 2000.1
1357890 2000.1
1357900 1998.0
1357910 1995.3
1357920 1995.3
1357930 1992.3
1357940 1990.2
1357950 1990.2
1357960 1987.9
1357970 1985.5
1357980 1985.5
1357990 1982.6
1358000 1980.0
1358010 1980.0
1358020 1975.5
1358030 1970.7
1358040 1966.5
1358050 1966.5
1358060 1963.9
1358070 1962.0
1358080 1962.0
1358090 1960.5
1358100 1959.6
1358110 1959.6
1358120 1956.6
1358130 1953.0
1358140 1953.0
1358150 1950.5
1358160 1949.2
1358170 1949.2
1358180 1948.3
1358190 1947.6
1358200 1947.6
1358210 1947.5
1358220 1945.7
1358230 1945.7
1358240 1942.8
1358250 1940.0
1358260 1940.0
1358270 1936.9
1358280 1933.5
1358290 1930.6
1358300 1930.6
1358310 1927.6
1358320 1926.1
1358330 1926.1
1358340 1923.4
1358350 1920.8
1358360 1920.8
1358370 1917.3
1358380 1912.9
1358390 1912.9
1358400 1909.0
1358410 1905.2
1358420 1905.2
1358430 1902.1
1358440 1898.4
1358450 1898.4
1358460 1894.2
1358470 1892.7
1358480 1892.7
1358490 1893.5
1358500 1893.9
1358510 1893.9
1358520 1891.8
1358530 1888.8
1358540 1884.5
1358550 1884.5
1358560 1881.6
1358570 1879.5
1358580 1879.5
1358590 1877.5
1358600 1874.9
1358610 1874.9
1358620 1871.7
1358630 1869.8
1358640 1869.8
1358650 1867.6
1358660 1865.0
1358670 1865.0
1358680 1861.0
1358690 1857.7
1358700 1857.7
1358710 1856.1
1358720 1852.8
1358730 1852.8
1358740 1851.1
1358750 1848.8
1358760 1848.8
1358770 1846.0
1358780 1845.1
1358790 1845.1
1358800 1843.3
1358810 1841.0
1358820 1839.1
1358830 1839.1
1358840 1837.5
1358850 1835.6
1358860 1835.6
1358870 1833.2
1358880 1829.1
1358890 1829.1
1358900 1826.5
1358910 1824.9
1358920 1824.9
1358930 1823.2
1358940 1821.4
1358950 1821.4
1358960 1819.1
1358970 1816.9
1358980 1816.9
1358990 1814.8
1359000 1813.7
1359010 1813.7
1359020 1812.2
1359030 1809.6
1359040 1809.6
1359050 1804.8
1359060 1800.4
1359070 1797.7
1359080 1797.7
1359090 1795.4
1359100 1793.7
1359110 1793.7
1359120 1792.2
1359130 1789.7
1359140 1789.7
1359150 1786.8
1359160 1783.6
1359170 1783.6
1359180 1780.1
1359190 1776.5
1359200 1776.5
1359210 1773.0
1359220 1769.8
1359230 1769.8
1359240 1766.4
1359250 1763.7
1359260 1763.7
1359270 1761.6
1359280 1759.1
1359290 1759.1
1359300 1757.2
1359310 1755.1
1359320 1755.1
1359330 1752.4
1359340 1749.1
1359350 1746.0
1359360 1746.0
1359370 1743.3
1359380 1741.8
1359390 1741.8
1359400 1738.7
1359410 1735.4
1359420 1735.4
1359430 1733.8
1359440 1731.9
1359450 1731.9
1359460 1729.5
1359470 1727.0
1359480 1729.2
1359490 1726.2
1359500 1722.5
1359510 1722.5
1359520 1718.2
1359530 1714.9
1359540 1714.9
1359550 1711.9
1359560 1709.1
1359570 1709.1
1359580 1707.9
1359590 1706.3
1359600 1704.2
1359610 1704.2
1359620 1701.6
1359630 1698.7
1359640 1698.7
1359650 1696.6
1359660 1693.9
1359670 1693.9
1359680 1690.5
1359690 1688.6
1359700 1688.6
1359710 1686.9
1359720 1684.6
1359730 1684.6
1359740 1681.3
1359750 1677.3
1359760 1677.3
1359770 1671.6
1359780 1665.4
1359790 1665.4
1359800 1660.4
1359810 1658.6
1359820 1658.6
1359830 1656.8
1359840 1654.8
1359850 1654.8
1359860 1653.1
1359870 1650.5
1359880 1647.4
1359890 1647.4
1359900 1644.1
1359910 1640.1
1359920 1640.1
1359930 1636.1
1359940 1631.8
1359950 1631.8
1359960 1626.7
1359970 1622.8
1359980 1622.8
1359990 1620.3
