1340000 1771.5
1340010 1775.8
1340020 1780.3
1340030 1780.3
1340040 1786.3
1340050 1793.1
1340060 1793.1
1340070 1800.4
1340080 1808.0
1340090 1808.0
1340100 1815.6
1340110 1824.2
1340120 1832.9
1340130 1832.9
1340140 1844.6
1340150 1855.6
1340160 1855.6
1340170 1866.4
1340180 1877.9
1340190 1877.9
1340200 1886.7
1340210 1892.4
1340220 1892.4
1340230 1895.8
1340240 1899.0
1340250 1899.0
1340260 1903.0
1340270 1907.1
1340280 1907.1
1340290 1910.8
1340300 1914.4
1340310 1914.4
1340320 1919.1
1340330 1923.1
1340340 1923.1
1340350 1926.2
1340360 1930.4
1340370 1930.4
1340380 1935.5
1340390 1942.7
1340400 1951.1
1340410 1951.1
1340420 1954.7
1340430 1953.7
1340440 1953.7
1340450 1951.2
1340460 1950.6
1340470 1950.6
1340480 1950.7
1340490 1948.9
1340500 1948.9
1340510 1946.4
1340520 1944.3
1340530 1944.3
1340540 1941.5
1340550 1940.9
1340560 1940.9
1340570 1938.3
1340580 1935.1
1340590 1935.1
1340600 1933.1
1340610 1931.9
1340620 1931.9
1340630 1931.5
1340640 1933.5
1340650 1937.6
1340660 1937.6
1340670 1940.6
1340680 1941.7
1340690 1941.7
1340700 1940.7
1340710 1938.8
1340720 1938.8
1340730 1937.8
1340740 1938.0
1340750 1938.0
1340760 1938.0
1340770 1936.4
1340780 1945.2
1340790 1942.2
1340800 1941.2
1340810 1941.2
1340820 1942.6
1340830 1947.8
1340840 1947.8
1340850 1954.6
1340860 1961.3
1340870 1961.3
1340880 1968.4
1340890 1975.8
1340900 1975.8
1340910 1984.7
1340920 1989.3
1340930 1992.0
1340940 1992.0
1340950 1993.4
1340960 1994.5
1340970 1994.5
1340980 1996.5
1340990 1996.2
1341000 1996.2
1341010 1992.8
1341020 1988.4
1341030 1988.4
1341040 1986.1
1341050 1985.9
1341060 1985.9
1341070 1982.7
1341080 1980.3
1341090 1980.3
1341100 1980.9
1341110 1983.8
1341120 1983.8
1341130 1987.4
1341140 1989.8
1341150 1989.8
1341160 1992.2
1341170 1996.1
1341180 2001.0
1341190 2001.0
1341200 2006.2
1341210 2011.3
1341220 2011.3
1341230 2015.4
1341240 2017.8
1341250 2017.8
1341260 2020.0
1341270 2023.2
1341280 2023.2
1341290 2025.9
1341300 2029.7
1341310 2029.7
1341320 2034.4
1341330 2038.5
1341340 2038.5
1341350 2041.8
1341360 2044.8
1341370 2044.8
1341380 2046.8
1341390 2047.2
1341400 2047.2
1341410 2048.2
1341420 2051.3
1341430 2051.3
1341440 2054.0
1341450 2056.3
1341460 2058.6
1341470 2058.6
1341480 2063.7
1341490 2071.1
1341500 2071.1
1341510 2079.5
1341520 2086.4
1341530 2086.4
1341540 2092.6
1341550 2097.2
1341560 2097.2
1341570 2099.3
1341580 2100.5
1341590 2100.5
1341600 2101.3
1341610 2101.9
1341620 2101.9
1341630 2103.0
1341640 2106.1
1341650 2106.1
1341660 2110.0
1341670 2111.2
1341680 2111.2
1341690 2110.6
1341700 2109.8
1341710 2109.8
1341720 2109.8
1341730 2109.1
1341740 2108.4
1341750 2108.4
1341760 2107.0
1341770 2104.9
1341780 2104.9
1341790 2103.6
1341800 2104.8
1341810 2104.8
1341820 2104.3
1341830 2101.4
1341840 2101.4
1341850 2097.3
1341860 2093.6
1341870 2093.6
1341880 2090.5
1341890 2088.7
1341900 2088.7
1341910 2086.4
1341920 2084.5
1341930 2084.5
1341940 2084.6
1341950 2084.5
1341960 2084.5
1341970 2086.3
1341980 2087.8
1341990 2087.9
1342000 2087.9
1342010 2088.5
1342020 2088.8
1342030 2088.8
1342040 2089.6
1342050 2091.7
1342060 2091.7
1342070 2094.2
1342080 2095.4
1342090 2095.4
1342100 2095.9
1342110 2097.0
1342120 2097.0
1342130 2096.8
1342140 2095.6
1342150 2095.6
1342160 2095.3
1342170 2098.2
1342180 2098.2
1342190 2103.0
1342200 2108.0
1342210 2108.0
1342220 2112.3
1342230 2116.0
1342240 2119.7
1342250 2119.7
1342260 2123.0
1342270 2126.6
1342280 2126.6
1342290 2130.0
1342300 2133.5
1342310 2133.5
1342320 2137.5
1342330 2143.1
1342340 2143.1
1342350 2148.4
1342360 2153.6
1342370 2153.6
1342380 2159.4
1342390 2165.8
1342400 2165.8
1342410 2172.3
1342420 2179.0
1342430 2179.0
1342440 2185.1
1342450 2191.3
1342460 2191.3
1342470 2198.0
1342480 2204.8
1342490 2204.8
1342500 2212.1
1342510 2219.6
1342520 2227.5
1342530 2227.5
1342540 2237.0
1342550 2245.4
1342560 2247.6
1342570 2257.5
1342580 2266.8
1342590 2266.8
1342600 2273.8
1342610 2281.1
1342620 2281.1
1342630 2293.1
1342640 2305.6
1342650 2305.6
1342660 2316.3
1342670 2318.7
1342680 2318.7
1342690 2318.5
1342700 2318.8
1342710 2318.8
1342720 2319.4
1342730 2318.7
1342740 2318.7
1342750 2316.7
1342760 2315.3
1342770 2314.1
1342780 2314.1
1342790 2313.8
1342800 2313.4
1342810 2313.4
1342820 2314.4
1342830 2317.3
1342840 2317.3
1342850 2311.2
1342860 2302.3
1342870 2302.3
1342880 2293.2
1342890 2285.2
1342900 2285.2
1342910 2278.9
1342920 2272.9
1342930 2272.9
1342940 2267.2
1342950 2263.3
1342960 2263.3
1342970 2260.0
1342980 2257.0
1342990 2257.0
1343000 2255.6
1343010 2253.1
1343020 2253.1
1343030 2250.8
1343040 2249.8
1343050 2249.7
1343060 2249.7
1343070 2250.1
1343080 2250.3
1343090 2250.3
1343100 2249.7
1343110 2248.9
1343120 2248.9
1343130 2247.9
1343140 2246.4
1343150 2246.4
1343160 2243.2
1343170 2239.9
1343180 2239.9
1343190 2236.5
1343200 2232.8
1343210 2232.8
1343220 2229.6
1343230 2228.3
1343240 2228.3
1343250 2226.6
1343260 2223.2
1343270 2223.2
1343280 2218.7
1343290 2213.7
1343300 2208.0
1343310 2208.0
1343320 2201.9
1343330 2195.5
1343340 2195.5
1343350 2188.9
1343360 2182.4
1343370 2182.4
1343380 2176.3
1343390 2170.1
1343400 2170.1
1343410 2164.1
1343420 2157.7
1343430 2157.7
1343440 2151.2
1343450 2145.3
1343460 2146.2
1343470 2140.1
1343480 2134.1
1343490 2134.1
1343500 2128.3
1343510 2122.5
1343520 2122.5
1343530 2116.8
1343540 2110.7
1343550 2110.7
1343560 2103.7
1343570 2096.7
1343580 2090.1
1343590 2090.1
1343600 2084.3
1343610 2078.9
1343620 2078.9
1343630 2073.4
1343640 2067.5
1343650 2067.5
1343660 2061.6
1343670 2057.1
1343680 2057.1
1343690 2054.1
1343700 2050.6
1343710 2050.6
1343720 2046.5
1343730 2042.0
1343740 2042.0
1343750 2038.0
1343760 2035.5
1343770 2035.5
1343780 2033.3
1343790 2030.4
1343800 2030.4
1343810 2026.0
1343820 2020.1
1343830 2016.2
1343840 2016.2
1343850 2015.1
1343860 2012.0
1343870 2012.0
1343880 2007.4
1343890 2006.0
1343900 2006.0
1343910 2005.2
1343920 2003.0
1343930 2003.0
1343940 2000.1
1343950 1996.7
1343960 1996.7
1343970 1992.9
1343980 1987.1
1343990 1987.1
1344000 1978.2
1344010 1969.9
1344020 1969.9
1344030 1962.8
1344040 1955.8
1344050 1955.8
1344060 1948.4
1344070 1941.4
1344080 1941.4
1344090 1935.4
1344100 1929.3
1344110 1922.8
1344120 1922.8
1344130 1916.4
1344140 1909.9
1344150 1909.9
1344160 1903.1
1344170 1897.3
1344180 1897.3
1344190 1891.7
1344200 1886.2
1344210 1886.2
1344220 1881.1
1344230 1876.4
1344240 1876.4
1344250 1872.7
1344260 1869.0
1344270 1869.0
1344280 1864.9
1344290 1860.7
1344300 1860.7
1344310 1856.0
1344320 1851.6
1344330 1851.6
1344340 1847.2
1344350 1842.9
1344360 1840.0
1344370 1843.0
1344380 1845.4
1344390 1850.0
1344400 1850.0
1344410 1852.0
1344420 1852.2
1344430 1852.2
1344440 1853.2
1344450 1855.6
1344460 1855.6
1344470 1857.6
1344480 1860.7
1344490 1860.7
1344500 1864.9
1344510 1866.5
1344520 1866.5
1344530 1869.1
1344540 1872.1
1344550 1872.1
1344560 1874.5
1344570 1877.2
1344580 1877.2
1344590 1879.4
1344600 1879.7
1344610 1879.7
1344620 1879.5
1344630 1880.9
1344640 1883.5
1344650 1883.5
1344660 1885.1
1344670 1886.4
1344680 1886.4
1344690 1888.5
1344700 1892.2
1344710 1892.2
1344720 1897.3
1344730 1902.9
1344740 1902.9
1344750 1908.0
1344760 1912.6
1344770 1912.6
1344780 1917.0
1344790 1922.0
1344800 1922.0
1344810 1926.5
1344820 1930.2
1344830 1930.2
1344840 1933.6
1344850 1935.2
1344860 1935.2
1344870 1935.9
1344880 1937.1
1344890 1938.8
1344900 1938.8
1344910 1940.4
1344920 1942.1
1344930 1942.1
1344940 1942.8
1344950 1943.0
1344960 1943.0
1344970 1943.1
1344980 1944.0
1344990 1944.0
1345000 1946.9
1345010 1950.8
1345020 1950.8
1345030 1954.8
1345040 1960.2
1345050 1960.2
1345060 1965.0
1345070 1968.3
1345080 1968.3
1345090 1971.7
1345100 1976.3
1345110 1976.3
1345120 1982.9
1345130 1991.2
1345140 1991.2
1345150 1998.1
1345160 2005.6
1345170 2012.3
1345180 2012.3
1345190 2018.4
1345200 2023.1
1345210 2023.1
1345220 2024.9
1345230 2025.0
1345240 2025.0
1345250 2026.0
1345260 2027.7
1345270 2027.7
1345280 2037.9
1345290 2038.4
1345300 2038.4
1345310 2039.0
1345320 2040.0
1345330 2040.0
1345340 2041.2
1345350 2044.9
1345360 2044.9
1345370 2045.3
1345380 2046.4
1345390 2046.4
1345400 2048.2
1345410 2051.0
1345420 2055.1
1345430 2055.1
1345440 2059.0
1345450 2062.1
1345460 2062.1
1345470 2065.3
1345480 2069.3
1345490 2069.3
1345500 2074.4
1345510 2079.9
1345520 2079.9
1345530 2084.1
1345540 2086.5
1345550 2086.5
1345560 2088.1
1345570 2089.6
1345580 2089.6
1345590 2092.2
1345600 2098.2
1345610 2098.2
1345620 2103.2
1345630 2105.4
1345640 2105.4
1345650 2106.6
1345660 2109.5
1345670 2109.5
1345680 2113.4
1345690 2115.1
1345700 2117.2
1345710 2117.2
1345720 2121.1
1345730 2124.7
1345740 2124.7
1345750 2129.9
1345760 2137.1
1345770 2137.1
1345780 2145.0
1345790 2152.9
1345800 2152.9
1345810 2158.6
1345820 2165.8
1345830 2165.8
1345840 2167.5
1345850 2165.4
1345860 2165.4
1345870 2163.2
1345880 2159.8
1345890 2159.8
1345900 2156.5
1345910 2154.1
1345920 2154.1
1345930 2151.8
1345940 2151.3
1345950 2154.2
1345960 2154.2
1345970 2160.7
1345980 2167.6
1345990 2167.6
1346000 2174.0
1346010 2181.9
1346020 2181.9
1346030 2191.7
1346040 2202.3
1346050 2202.3
1346060 2211.2
1346070 2217.3
1346080 2217.3
1346090 2216.0
1346100 2211.7
1346110 2211.7
1346120 2207.0
1346130 2202.4
1346140 2202.4
1346150 2199.7
1346160 2201.1
1346170 2201.1
1346180 2205.3
1346190 2210.8
1346200 2212.3
1346210 2218.4
1346220 2225.4
1346230 2232.9
1346240 2232.9
1346250 2241.3
1346260 2250.7
1346270 2250.7
1346280 2260.3
1346290 2268.8
1346300 2268.8
1346310 2276.9
1346320 2283.6
1346330 2283.6
1346340 2289.5
1346350 2294.5
1346360 2294.5
1346370 2297.7
1346380 2300.6
1346390 2300.6
1346400 2304.7
1346410 2307.7
1346420 2307.7
1346430 2304.1
1346440 2297.8
1346450 2297.8
1346460 2289.4
1346470 2282.4
1346480 2275.6
1346490 2275.6
1346500 2270.1
1346510 2259.3
1346520 2259.3
1346530 2251.3
1346540 2246.2
1346550 2246.2
1346560 2240.1
1346570 2234.4
1346580 2234.4
1346590 2228.9
1346600 2223.1
1346610 2223.1
1346620 2215.8
1346630 2209.1
1346640 2209.1
1346650 2202.7
1346660 2197.0
1346670 2197.0
1346680 2192.9
1346690 2189.2
1346700 2189.2
1346710 2186.1
1346720 2184.3
1346730 2184.3
1346740 2185.1
1346750 2184.4
1346760 2183.9
1346770 2183.9
1346780 2183.0
1346790 2179.9
1346800 2179.9
1346810 2177.1
1346820 2174.4
1346830 2174.4
1346840 2170.3
1346850 2166.8
1346860 2166.8
1346870 2164.4
1346880 2162.3
1346890 2162.3
1346900 2162.9
1346910 2163.8
1346920 2163.8
1346930 2163.9
1346940 2164.5
1346950 2164.5
1346960 2164.6
1346970 2163.7
1346980 2163.7
1346990 2161.7
1347000 2156.3
1347010 2155.4
1347020 2155.4
1347030 2152.7
1347040 2151.4
1347050 2151.4
1347060 2149.7
1347070 2147.1
1347080 2147.1
1347090 2144.8
1347100 2143.2
1347110 2143.2
1347120 2141.7
1347130 2138.7
1347140 2138.7
1347150 2134.0
1347160 2128.4
1347170 2128.4
1347180 2123.4
1347190 2119.3
1347200 2119.3
1347210 2115.6
1347220 2113.0
1347230 2113.0
1347240 2110.0
1347250 2107.7
1347260 2107.7
1347270 2106.1
1347280 2104.6
1347290 2103.2
1347300 2103.2
1347310 2102.2
1347320 2101.4
1347330 2101.4
1347340 2100.7
1347350 2100.3
1347360 2100.3
1347370 2100.1
1347380 2100.0
1347390 2100.0
1347400 2100.3
1347410 2100.7
1347420 2100.7
1347430 2100.6
1347440 2100.6
1347450 2100.6
1347460 2100.9
1347470 2101.5
1347480 2101.5
1347490 2102.8
1347500 2104.1
1347510 2104.1
1347520 2105.6
1347530 2108.0
1347540 2110.7
1347550 2110.7
1347560 2113.0
1347570 2115.6
1347580 2115.6
1347590 2118.1
1347600 2120.7
1347610 2120.7
1347620 2123.3
1347630 2125.7
1347640 2125.7
1347650 2128.0
1347660 2129.9
1347670 2129.9
1347680 2131.7
1347690 2133.3
1347700 2133.3
1347710 2134.8
1347720 2136.2
1347730 2136.2
1347740 2137.8
1347750 2139.5
1347760 2139.5
1347770 2141.6
1347780 2143.8
1347790 2143.8
1347800 2145.8
1347810 2149.1
1347820 2152.9
1347830 2152.9
1347840 2156.7
1347850 2159.3
1347860 2159.3
1347870 2159.1
1347880 2159.7
1347890 2159.7
1347900 2161.3
1347910 2163.2
1347920 2163.2
1347930 2165.1
1347940 2167.1
1347950 2167.1
1347960 2169.6
1347970 2172.3
1347980 2172.3
1347990 2175.6
1348000 2178.9
1348010 2178.9
1348020 2181.8
1348030 2185.6
1348040 2185.6
1348050 2184.9
1348060 2189.7
1348070 2194.9
1348080 2194.9
1348090 2200.7
1348100 2207.9
1348110 2207.9
1348120 2215.1
1348130 2221.3
1348140 2221.3
1348150 2227.0
1348160 2233.5
1348170 2233.5
1348180 2240.0
1348190 2246.3
1348200 2246.3
1348210 2251.8
1348220 2256.3
1348230 2256.3
1348240 2260.2
1348250 2263.3
1348260 2263.3
1348270 2265.6
1348280 2267.7
1348290 2267.7
1348300 2269.0
1348310 2270.7
1348320 2270.7
1348330 2271.8
1348340 2273.0
1348350 2274.1
1348360 2274.1
1348370 2275.6
1348380 2277.9
1348390 2277.9
1348400 2279.4
1348410 2280.7
1348420 2280.7
1348430 2281.8
1348440 2282.4
1348450 2282.4
1348460 2282.8
1348470 2283.6
1348480 2283.6
1348490 2284.2
1348500 2285.2
1348510 2285.2
1348520 2286.1
1348530 2286.2
1348540 2286.2
1348550 2286.5
1348560 2285.1
1348570 2285.1
1348580 2284.7
1348590 2285.5
1348600 2286.4
1348610 2286.4
1348620 2286.6
1348630 2286.6
1348640 2286.6
1348650 2283.9
1348660 2279.1
1348670 2279.1
1348680 2273.7
1348690 2268.4
1348700 2268.4
1348710 2261.8
1348720 2258.9
1348730 2258.9
1348740 2257.3
1348750 2256.8
1348760 2256.8
1348770 2257.0
1348780 2258.7
1348790 2258.7
1348800 2256.4
1348810 2250.8
1348820 2250.8
1348830 2248.2
1348840 2245.7
1348850 2245.7
1348860 2245.2
1348870 2243.9
1348880 2242.4
1348890 2242.4
1348900 2240.6
1348910 2237.5
1348920 2237.5
1348930 2234.1
1348940 2230.8
1348950 2230.8
1348960 2228.2
1348970 2224.9
1348980 2225.5
1348990 2221.3
1349000 2217.2
1349010 2217.2
1349020 2215.1
1349030 2213.6
1349040 2213.6
1349050 2212.0
1349060 2209.0
1349070 2209.0
1349080 2206.1
1349090 2204.4
1349100 2204.4
1349110 2203.0
1349120 2203.1
1349130 2205.0
1349140 2205.0
1349150 2205.4
1349160 2203.9
1349170 2203.9
1349180 2202.2
1349190 2200.1
1349200 2200.1
1349210 2197.9
1349220 2196.1
1349230 2196.1
1349240 2194.0
1349250 2191.5
1349260 2191.5
1349270 2187.6
1349280 2183.2
1349290 2183.2
1349300 2179.7
1349310 2178.1
1349320 2178.1
1349330 2176.9
1349340 2175.1
1349350 2175.1
1349360 2173.3
1349370 2173.4
1349380 2173.4
1349390 2173.5
1349400 2173.8
1349410 2173.4
1349420 2173.4
1349430 2173.4
1349440 2171.9
1349450 2171.9
1349460 2170.3
1349470 2169.9
1349480 2169.9
1349490 2169.8
1349500 2170.0
1349510 2170.0
1349520 2168.1
1349530 2163.9
1349540 2163.9
1349550 2159.0
1349560 2155.0
1349570 2155.0
1349580 2151.1
1349590 2146.3
1349600 2146.3
1349610 2142.3
1349620 2138.7
1349630 2138.7
1349640 2135.2
1349650 2131.9
1349660 2128.8
1349670 2128.8
1349680 2127.6
1349690 2125.9
1349700 2125.9
1349710 2122.3
1349720 2119.1
1349730 2119.1
1349740 2115.6
1349750 2109.5
1349760 2109.5
1349770 2102.8
1349780 2096.6
1349790 2096.6
1349800 2088.7
1349810 2082.3
1349820 2082.3
1349830 2077.0
1349840 2072.4
1349850 2072.4
1349860 2068.6
1349870 2063.1
1349880 2063.1
1349890 2055.6
1349900 2050.0
1349910 2050.0
1349920 2043.7
1349930 2032.7
1349940 2026.3
1349950 2026.3
1349960 2021.7
1349970 2016.3
1349980 2016.3
1349990 2008.8
1350000 1998.8
1350010 1998.8
1350020 1992.2
1350030 1987.8
1350040 1987.8
1350050 1985.3
1350060 1982.9
1350070 1982.9
1350080 1980.4
1350090 1977.3
1350100 1977.3
1350110 1973.9
1350120 1970.4
1350130 1970.4
1350140 1967.6
1350150 1965.6
1350160 1965.6
1350170 1963.0
1350180 1958.2
1350190 1953.2
1350200 1953.2
1350210 1947.0
1350220 1940.6
1350230 1940.6
1350240 1935.1
1350250 1930.7
1350260 1930.7
1350270 1926.4
1350280 1921.8
1350290 1921.8
1350300 1917.4
1350310 1912.5
1350320 1912.5
1350330 1906.2
1350340 1899.8
1350350 1899.8
1350360 1894.6
1350370 1890.3
1350380 1890.3
1350390 1886.7
1350400 1883.5
1350410 1883.5
1350420 1880.9
1350430 1877.6
1350440 1877.6
1350450 1873.2
1350460 1867.9
1350470 1863.7
1350480 1863.7
1350490 1860.9
1350500 1857.2
1350510 1857.2
1350520 1852.9
1350530 1848.7
1350540 1848.7
1350550 1845.1
1350560 1842.0
1350570 1842.0
1350580 1838.4
1350590 1835.1
1350600 1835.1
1350610 1832.5
1350620 1830.5
1350630 1830.5
1350640 1828.5
1350650 1826.9
1350660 1826.9
1350670 1826.0
1350680 1824.7
1350690 1824.7
1350700 1823.2
1350710 1820.9
1350720 1817.0
1350730 1817.0
1350740 1816.8
1350750 1817.5
1350760 1817.5
1350770 1821.2
1350780 1822.6
1350790 1822.6
1350800 1824.1
1350810 1825.9
1350820 1825.9
1350830 1828.3
1350840 1830.9
1350850 1830.9
1350860 1836.1
1350870 1841.2
1350880 1841.9
1350890 1846.9
1350900 1850.9
1350910 1850.9
1350920 1854.9
1350930 1859.5
1350940 1859.5
1350950 1865.3
1350960 1870.7
1350970 1870.7
1350980 1875.7
1350990 1880.6
1351000 1885.7
1351010 1885.7
1351020 1891.2
1351030 1897.1
1351040 1897.1
1351050 1902.9
1351060 1908.5
1351070 1908.5
1351080 1914.4
1351090 1920.4
1351100 1920.4
1351110 1927.3
1351120 1935.9
1351130 1935.9
1351140 1947.6
1351150 1955.9
1351160 1955.9
1351170 1962.2
1351180 1970.4
1351190 1970.4
1351200 1983.6
1351210 1990.3
1351220 1990.3
1351230 1998.7
1351240 2007.3
1351250 2013.7
1351260 2013.7
1351270 2023.6
1351280 2031.9
1351290 2031.9
1351300 2040.1
1351310 2046.3
1351320 2046.3
1351330 2052.9
1351340 2061.7
1351350 2061.7
1351360 2069.9
1351370 2077.1
1351380 2077.1
1351390 2083.8
1351400 2090.5
1351410 2090.5
1351420 2096.6
1351430 2102.3
1351440 2102.3
1351450 2107.6
1351460 2113.4
1351470 2113.4
1351480 2118.9
1351490 2125.2
1351500 2125.2
1351510 2134.1
1351520 2143.6
1351530 2152.5
1351540 2152.5
1351550 2162.0
1351560 2169.0
1351570 2169.0
1351580 2175.0
1351590 2181.4
1351600 2181.4
1351610 2188.3
1351620 2195.6
1351630 2195.6
1351640 2203.2
1351650 2210.6
1351660 2210.6
1351670 2219.7
1351680 2229.8
1351690 2229.8
1351700 2240.4
1351710 2250.7
1351720 2250.7
1351730 2260.6
1351740 2269.7
1351750 2269.7
1351760 2278.0
1351770 2286.2
1351780 2295.4
1351790 2295.4
1351800 2306.7
1351810 2314.6
1351820 2314.6
1351830 2317.3
1351840 2322.1
1351850 2322.1
1351860 2326.1
1351870 2330.4
1351880 2330.4
1351890 2334.1
1351900 2332.3
1351910 2332.3
1351920 2325.9
1351930 2319.8
1351940 2319.8
1351950 2313.3
1351960 2307.2
1351970 2307.2
1351980 2301.7
1351990 2296.0
1352000 2296.0
1352010 2290.6
1352020 2285.1
1352030 2285.1
1352040 2279.5
1352050 2275.8
1352060 2275.0
1352070 2275.0
1352080 2275.2
1352090 2275.7
1352100 2275.7
1352110 2275.8
1352120 2276.0
1352130 2276.0
1352140 2274.9
1352150 2272.4
1352160 2272.4
1352170 2269.7
1352180 2267.4
1352190 2267.4
1352200 2264.9
1352210 2262.2
1352220 2262.2
1352230 2259.9
1352240 2258.2
1352250 2258.2
1352260 2256.3
1352270 2252.3
1352280 2252.3
1352290 2243.1
1352300 2234.2
1352310 2226.7
1352320 2226.7
1352330 2219.3
1352340 2212.6
1352350 2212.6
1352360 2205.9
1352370 2199.7
1352380 2199.7
1352390 2193.6
1352400 2188.3
1352410 2188.3
1352420 2182.8
1352430 2177.6
1352440 2177.6
1352450 2172.9
1352460 2168.4
1352470 2168.4
1352480 2164.2
1352490 2160.2
1352500 2160.2
1352510 2156.6
1352520 2153.1
1352530 2153.1
1352540 2149.7
1352550 2146.9
1352560 2146.9
1352570 2143.5
1352580 2140.7
1352590 2137.9
1352600 2137.9
1352610 2134.2
1352620 2130.7
1352630 2130.7
1352640 2126.4
1352650 2122.2
1352660 2122.2
1352670 2119.2
1352680 2116.8
1352690 2116.8
1352700 2114.3
1352710 2111.0
1352720 2111.0
1352730 2106.6
1352740 2102.6
1352750 2102.6
1352760 2101.0
1352770 2099.6
1352780 2099.6
1352790 2098.0
1352800 2096.8
1352810 2096.8
1352820 2095.8
1352830 2093.3
1352840 2089.6
1352850 2089.6
1352860 2084.4
1352870 2080.1
1352880 2080.1
1352890 2075.9
1352900 2071.3
1352910 2071.3
1352920 2066.1
1352930 2071.0
1352940 2071.0
1352950 2070.3
1352960 2067.7
1352970 2067.7
1352980 2064.6
1352990 2060.7
1353000 2060.7
1353010 2058.0
1353020 2054.5
1353030 2054.5
1353040 2050.9
1353050 2047.8
1353060 2047.8
1353070 2043.8
1353080 2040.3
1353090 2040.3
1353100 2036.4
1353110 2032.8
1353120 2029.7
1353130 2029.7
1353140 2027.1
1353150 2024.4
1353160 2024.4
1353170 2022.5
1353180 2019.2
1353190 2019.2
1353200 2015.9
1353210 2013.0
1353220 2013.0
1353230 2010.0
1353240 2006.7
1353250 2006.7
1353260 2004.8
1353270 2001.2
1353280 2001.2
1353290 1997.8
1353300 1996.0
1353310 1996.0
1353320 1992.7
1353330 1989.7
1353340 1989.7
1353350 1986.8
1353360 1984.0
1353370 1981.4
1353380 1981.4
1353390 1978.6
1353400 1975.1
1353410 1975.1
1353420 1976.8
1353430 1977.1
1353440 1977.1
1353450 1976.5
1353460 1975.6
1353470 1975.6
1353480 1974.9
1353490 1974.3
1353500 1974.3
1353510 1974.0
1353520 1973.8
1353530 1973.8
1353540 1973.9
1353550 1974.3
1353560 1974.3
1353570 1974.6
1353580 1974.3
1353590 1974.3
1353600 1974.6
1353610 1975.1
1353620 1975.1
1353630 1975.4
1353640 1975.7
1353650 1976.2
1353660 1976.2
1353670 1977.1
1353680 1977.9
1353690 1977.9
1353700 1978.4
1353710 1978.4
1353720 1978.4
1353730 1978.8
1353740 1979.2
1353750 1979.2
1353760 1977.6
1353770 1975.0
1353780 1975.0
1353790 1975.6
1353800 1975.4
1353810 1975.4
1353820 1980.2
1353830 1983.2
1353840 1983.2
1353850 1985.4
1353860 1985.5
1353870 1985.5
1353880 1987.8
1353890 1991.0
1353900 1993.3
1353910 1993.3
1353920 1995.5
1353930 1997.2
1353940 1997.2
1353950 1999.6
1353960 2003.2
1353970 2003.2
1353980 2006.4
1353990 2009.9
1354000 2009.9
1354010 2013.0
1354020 2015.6
1354030 2015.6
1354040 2018.3
1354050 2021.6
1354060 2021.6
1354070 2024.2
1354080 2027.0
1354090 2027.0
1354100 2029.6
1354110 2031.9
1354120 2031.9
1354130 2035.4
1354140 2040.7
1354150 2040.7
1354160 2045.4
1354170 2049.4
1354180 2053.3
1354190 2053.3
1354200 2057.3
1354210 2061.3
1354220 2061.3
1354230 2065.2
1354240 2068.6
1354250 2068.6
1354260 2071.5
1354270 2074.6
1354280 2074.6
1354290 2076.3
1354300 2078.1
1354310 2078.1
1354320 2080.1
1354330 2081.9
1354340 2081.9
1354350 2083.9
1354360 2086.1
1354370 2086.1
1354380 2087.6
1354390 2089.5
1354400 2089.5
1354410 2091.4
1354420 2093.0
1354430 2094.9
1354440 2094.9
1354450 2096.3
1354460 2098.1
1354470 2098.1
1354480 2098.9
1354490 2093.6
1354500 2093.6
1354510 2092.7
1354520 2093.5
1354530 2093.5
1354540 2093.3
1354550 2094.3
1354560 2094.3
1354570 2094.5
1354580 2090.6
1354590 2090.6
1354600 2091.1
1354610 2089.0
1354620 2089.0
1354630 2087.0
1354640 2086.7
1354650 2086.7
1354660 2087.7
1354670 2092.9
1354680 2092.9
1354690 2099.0
1354700 2106.2
1354710 2112.4
1354720 2112.4
1354730 2121.3
1354740 2125.0
1354750 2118.3
1354760 2119.5
1354770 2120.8
1354780 2120.8
1354790 2122.6
1354800 2125.3
1354810 2125.3
1354820 2128.1
1354830 2130.9
1354840 2130.9
1354850 2133.9
1354860 2136.4
1354870 2136.4
1354880 2138.0
1354890 2138.7
1354900 2138.7
1354910 2139.3
1354920 2139.9
1354930 2139.9
1354940 2142.7
1354950 2144.3
1354960 2146.0
1354970 2146.0
1354980 2147.9
1354990 2149.5
1355000 2149.5
1355010 2151.0
1355020 2152.1
1355030 2152.1
1355040 2153.7
1355050 2155.4
1355060 2155.4
1355070 2157.1
1355080 2158.6
1355090 2158.6
1355100 2159.7
1355110 2160.8
1355120 2160.8
1355130 2162.2
1355140 2163.6
1355150 2163.6
1355160 2165.2
1355170 2166.6
1355180 2166.6
1355190 2167.8
1355200 2169.8
1355210 2169.8
1355220 2171.9
1355230 2173.4
1355240 2173.0
1355250 2173.0
1355260 2171.3
1355270 2169.8
1355280 2169.8
1355290 2168.7
1355300 2167.3
1355310 2167.3
1355320 2165.3
1355330 2163.7
1355340 2163.7
1355350 2162.1
1355360 2160.3
1355370 2160.3
1355380 2158.6
1355390 2157.7
1355400 2157.7
1355410 2157.6
1355420 2157.7
1355430 2157.7
1355440 2157.6
1355450 2156.8
1355460 2156.8
1355470 2155.6
1355480 2153.9
1355490 2152.5
1355500 2152.5
1355510 2151.5
1355520 2150.7
1355530 2150.7
1355540 2150.0
1355550 2148.2
1355560 2148.2
1355570 2147.0
1355580 2146.5
1355590 2146.5
1355600 2145.4
1355610 2144.6
1355620 2144.6
1355630 2144.4
1355640 2144.0
1355650 2144.0
1355660 2142.5
1355670 2140.7
1355680 2140.7
1355690 2138.9
1355700 2137.4
1355710 2137.4
1355720 2136.5
1355730 2135.7
1355740 2135.7
1355750 2134.9
1355760 2133.7
1355770 2132.5
1355780 2132.5
1355790 2131.3
1355800 2129.5
1355810 2129.5
1355820 2127.7
1355830 2126.7
1355840 2126.7
1355850 2126.0
1355860 2125.3
1355870 2125.3
1355880 2124.0
1355890 2122.6
1355900 2122.6
1355910 2121.7
1355920 2120.4
1355930 2120.4
1355940 2119.5
1355950 2118.5
1355960 2118.5
1355970 2118.0
1355980 2116.9
1355990 2116.9
1356000 2115.5
1356010 2114.9
1356020 2114.2
1356030 2114.2
1356040 2113.8
1356050 2113.0
1356060 2113.0
1356070 2111.5
1356080 2108.8
1356090 2108.8
1356100 2106.5
1356110 2104.4
1356120 2104.4
1356130 2102.7
1356140 2103.0
1356150 2103.0
1356160 2102.5
1356170 2100.2
1356180 2100.2
1356190 2098.2
1356200 2098.1
1356210 2098.1
1356220 2098.5
1356230 2099.0
1356240 2099.0
1356250 2100.2
1356260 2101.3
1356270 2101.3
1356280 2101.3
1356290 2097.5
1356300 2102.2
1356310 2102.2
1356320 2101.9
1356330 2102.2
1356340 2102.2
1356350 2101.9
1356360 2102.2
1356370 2102.2
1356380 2102.5
1356390 2102.2
1356400 2102.2
1356410 2102.1
1356420 2102.5
1356430 2102.5
1356440 2102.1
1356450 2101.0
1356460 2101.0
1356470 2096.0
1356480 2098.6
1356490 2098.6
1356500 2096.8
1356510 2094.6
1356520 2094.6
1356530 2093.4
1356540 2092.7
1356550 2092.6
1356560 2092.6
1356570 2091.9
1356580 2090.7
1356590 2090.7
1356600 2090.1
1356610 2089.8
1356620 2089.8
1356630 2089.0
1356640 2088.7
1356650 2088.7
1356660 2088.6
1356670 2088.7
1356680 2088.7
1356690 2088.0
1356700 2088.3
1356710 2088.3
1356720 2088.0
1356730 2089.4
1356740 2089.4
1356750 2088.7
1356760 2088.6
1356770 2088.6
1356780 2088.3
1356790 2087.5
1356800 2087.5
1356810 2087.1
1356820 2086.1
1356830 2085.4
1356840 2085.4
1356850 2084.6
1356860 2083.8
1356870 2083.8
1356880 2083.0
1356890 2080.9
1356900 2080.9
1356910 2078.7
1356920 2076.6
1356930 2076.6
1356940 2074.0
1356950 2071.8
1356960 2071.8
1356970 2070.1
1356980 2069.6
1356990 2069.6
1357000 2069.9
1357010 2069.4
1357020 2069.4
1357030 2068.1
1357040 2065.6
1357050 2065.6
1357060 2063.3
1357070 2061.0
1357080 2059.3
1357090 2059.3
1357100 2058.1
1357110 2057.0
1357120 2057.0
1357130 2055.2
1357140 2053.9
1357150 2053.9
1357160 2053.1
1357170 2052.0
1357180 2052.0
1357190 2051.1
1357200 2051.0
1357210 2051.0
1357220 2051.9
1357230 2052.7
1357240 2052.7
1357250 2052.7
1357260 2051.8
1357270 2051.8
1357280 2050.0
1357290 2048.8
1357300 2048.8
1357310 2047.2
1357320 2044.4
1357330 2044.4
1357340 2041.7
1357350 2039.8
1357360 2040.6
1357370 2040.6
1357380 2040.8
1357390 2040.8
1357400 2040.8
1357410 2041.1
1357420 2041.7
1357430 2041.7
1357440 2041.9
1357450 2041.7
1357460 2041.7
1357470 2041.8
1357480 2042.2
1357490 2042.2
1357500 2042.6
1357510 2042.8
1357520 2042.8
1357530 2042.3
1357540 2042.0
1357550 2042.0
1357560 2041.2
1357570 2039.8
1357580 2039.8
1357590 2039.3
1357600 2039.0
1357610 2039.0
1357620 2039.0
1357630 2039.0
1357640 2038.9
1357650 2038.9
1357660 2039.0
1357670 2038.8
1357680 2038.8
1357690 2038.2
1357700 2037.8
1357710 2037.8
1357720 2037.3
1357730 2037.7
1357740 2037.7
1357750 2036.2
1357760 2034.8
1357770 2034.8
1357780 2032.6
1357790 2028.2
1357800 2028.2
1357810 2024.5
1357820 2022.8
1357830 2022.8
1357840 2020.6
1357850 2017.4
1357860 2017.4
1357870 2013.8
1357880 2009.5
1357890 2006.7
1357900 2006.7
1357910 2004.3
1357920 2002.0
1357930 2002.0
1357940 1999.7
1357950 1996.5
1357960 1996.5
1357970 1993.9
1357980 1991.9
1357990 1991.9
1358000 1990.9
1358010 1990.0
1358020 1990.0
1358030 1988.7
1358040 1987.3
1358050 1987.3
1358060 1986.6
1358070 1986.0
1358080 1986.0
1358090 1985.8
1358100 1985.4
1358110 1985.4
1358120 1984.3
1358130 1982.6
1358140 1980.4
1358150 1980.4
1358160 1977.6
1358170 1974.7
1358180 1974.7
1358190 1973.4
1358200 1971.8
1358210 1971.8
1358220 1969.7
1358230 1968.0
1358240 1968.0
1358250 1965.9
1358260 1962.5
1358270 1962.5
1358280 1959.9
1358290 1957.7
1358300 1957.7
1358310 1956.0
1358320 1954.4
1358330 1954.4
1358340 1951.6
1358350 1949.1
1358360 1949.1
1358370 1947.3
1358380 1944.9
1358390 1944.9
1358400 1942.5
1358410 1940.2
1358420 1937.6
1358430 1937.6
1358440 1934.7
1358450 1929.5
1358460 1929.5
1358470 1925.2
1358480 1922.2
1358490 1922.2
1358500 1920.1
1358510 1917.7
1358520 1917.7
1358530 1915.3
1358540 1913.4
1358550 1913.4
1358560 1911.8
1358570 1909.5
1358580 1909.5
1358590 1907.6
1358600 1906.4
1358610 1906.4
1358620 1905.6
1358630 1905.0
1358640 1905.0
1358650 1905.3
1358660 1904.1
1358670 1902.0
1358680 1902.0
1358690 1900.3
1358700 1897.3
1358710 1897.3
1358720 1895.2
1358730 1892.9
1358740 1893.1
1358750 1888.9
1358760 1886.5
1358770 1886.5
1358780 1886.0
1358790 1882.9
1358800 1882.9
1358810 1879.4
1358820 1876.1
1358830 1876.1
1358840 1871.6
1358850 1867.9
1358860 1867.9
1358870 1863.7
1358880 1860.0
1358890 1860.0
1358900 1857.3
1358910 1854.3
1358920 1854.3
1358930 1851.2
1358940 1845.6
1358950 1840.5
1358960 1840.5
1358970 1834.9
1358980 1829.2
1358990 1829.2
1359000 1824.4
1359010 1818.4
1359020 1818.4
1359030 1813.0
1359040 1810.5
1359050 1810.5
1359060 1809.0
1359070 1806.2
1359080 1806.2
1359090 1803.3
1359100 1800.0
1359110 1800.0
1359120 1797.0
1359130 1795.4
1359140 1795.4
1359150 1793.2
1359160 1790.5
1359170 1790.5
1359180 1787.5
1359190 1783.9
1359200 1780.8
1359210 1780.8
1359220 1777.1
1359230 1773.9
1359240 1773.9
1359250 1771.5
1359260 1768.9
1359270 1768.9
1359280 1767.4
1359290 1767.0
1359300 1767.0
1359310 1766.4
1359320 1766.3
1359330 1766.3
1359340 1767.1
1359350 1768.2
1359360 1768.2
1359370 1770.3
1359380 1772.2
1359390 1772.2
1359400 1773.0
1359410 1773.4
1359420 1773.4
1359430 1772.3
1359440 1771.1
1359450 1771.1
1359460 1769.7
1359470 1766.9
1359480 1763.6
1359490 1763.6
1359500 1761.0
1359510 1758.1
1359520 1758.1
1359530 1755.4
1359540 1752.5
1359550 1752.5
1359560 1749.0
1359570 1745.6
1359580 1745.6
1359590 1742.0
1359600 1738.3
1359610 1738.3
1359620 1735.1
1359630 1731.9
1359640 1731.9
1359650 1729.1
1359660 1726.7
1359670 1726.7
1359680 1722.9
1359690 1719.5
1359700 1719.5
1359710 1715.8
1359720 1710.9
1359730 1705.2
1359740 1705.2
1359750 1698.1
1359760 1691.1
1359770 1691.1
1359780 1684.5
1359790 1678.5
1359800 1678.5
1359810 1672.1
1359820 1665.8
1359830 1665.8
1359840 1658.6
1359850 1651.5
1359860 1651.5
1359870 1645.9
1359880 1639.9
1359890 1639.9
1359900 1633.6
1359910 1628.0
1359920 1628.0
1359930 1622.2
1359940 1616.3
1359950 1616.3
1359960 1609.8
1359970 1603.1
1359980 1596.9
1359990 1596.9
