1340000 1548.2
1340010 1548.2
1340020 1551.1
1340030 1553.8
1340040 1553.8
1340050 1557.4
1340060 1562.1
1340070 1562.1
1340080 1571.1
1340090 1582.1
1340100 1582.1
1340110 1591.0
1340120 1595.6
1340130 1595.6
1340140 1601.4
1340150 1608.3
1340160 1608.3
1340170 1613.7
1340180 1621.8
1340190 1621.8
1340200 1631.5
1340210 1641.6
1340220 1649.0
1340230 1649.0
1340240 1651.2
1340250 1655.2
1340260 1655.2
1340270 1662.5
1340280 1674.5
1340290 1675.5
1340300 1687.9
1340310 1701.2
1340320 1701.2
1340330 1715.2
1340340 1729.0
1340350 1729.0
1340360 1738.0
1340370 1744.1
1340380 1744.1
1340390 1749.3
1340400 1752.4
1340410 1752.4
1340420 1755.4
1340430 1758.8
1340440 1758.8
1340450 1760.8
1340460 1764.2
1340470 1764.2
1340480 1763.2
1340490 1764.8
1340500 1768.8
1340510 1768.8
1340520 1773.1
1340530 1777.0
1340540 1777.0
1340550 1780.4
1340560 1783.7
1340570 1783.7
1340580 1786.9
1340590 1790.9
1340600 1790.9
1340610 1796.1
1340620 1799.9
1340630 1799.9
1340640 1803.1
1340650 1805.8
1340660 1805.8
1340670 1808.3
1340680 1808.1
1340690 1808.1
1340700 1807.4
1340710 1808.4
1340720 1808.4
1340730 1810.0
1340740 1811.6
1340750 1812.4
1340760 1812.4
1340770 1814.5
1340780 1819.4
1340790 1819.4
1340800 1824.3
1340810 1827.5
1340820 1827.5
1340830 1828.4
1340840 1827.5
1340850 1827.5
1340860 1825.2
1340870 1821.5
1340880 1821.5
1340890 1816.4
1340900 1808.9
1340910 1808.9
1340920 1801.2
1340930 1794.8
1340940 1794.8
1340950 1789.4
1340960 1786.2
1340970 1786.2
1340980 1783.7
1340990 1781.4
1341000 1781.4
1341010 1779.6
1341020 1778.2
1341030 1776.6
1341040 1776.6
1341050 1772.8
1341060 1767.8
1341070 1767.8
1341080 1763.1
1341090 1759.3
1341100 1759.3
1341110 1755.9
1341120 1751.1
1341130 1751.1
1341140 1745.1
1341150 1740.6
1341160 1740.6
1341170 1745.6
1341180 1750.5
1341190 1750.5
1341200 1750.0
1341210 1747.5
1341220 1747.5
1341230 1744.9
1341240 1742.2
1341250 1742.2
1341260 1738.8
1341270 1738.4
1341280 1738.1
1341290 1738.1
1341300 1737.6
1341310 1737.3
1341320 1737.3
1341330 1738.1
1341340 1739.2
1341350 1739.2
1341360 1739.3
1341370 1739.2
1341380 1739.2
1341390 1741.9
1341400 1744.5
1341410 1744.5
1341420 1747.0
1341430 1748.9
1341440 1748.9
1341450 1751.5
1341460 1756.3
1341470 1756.3
1341480 1760.7
1341490 1763.8
1341500 1763.8
1341510 1769.0
1341520 1779.7
1341530 1779.7
1341540 1792.6
1341550 1799.5
1341560 1807.6
1341570 1807.6
1341580 1814.4
1341590 1821.9
1341600 1821.9
1341610 1829.4
1341620 1835.8
1341630 1835.8
1341640 1842.4
1341650 1848.5
1341660 1848.5
1341670 1853.8
1341680 1857.8
1341690 1857.8
1341700 1860.0
1341710 1860.8
1341720 1860.8
1341730 1858.9
1341740 1858.4
1341750 1858.4
1341760 1860.1
1341770 1866.0
1341780 1866.0
1341790 1874.5
1341800 1881.4
1341810 1887.2
1341820 1887.2
1341830 1893.1
1341840 1898.9
1341850 1898.9
1341860 1902.7
1341870 1906.0
1341880 1906.0
1341890 1910.0
1341900 1913.7
1341910 1913.7
1341920 1917.7
1341930 1922.6
1341940 1922.6
1341950 1926.6
1341960 1929.5
1341970 1929.5
1341980 1931.9
1341990 1934.5
1342000 1934.5
1342010 1937.0
1342020 1940.0
1342030 1940.0
1342040 1943.0
1342050 1945.4
1342060 1945.4
1342070 1946.6
1342080 1949.4
1342090 1951.9
1342100 1951.9
1342110 1952.9
1342120 1953.1
1342130 1953.1
1342140 1952.3
1342150 1951.3
1342160 1951.3
1342170 1951.2
1342180 1953.0
1342190 1953.0
1342200 1954.4
1342210 1955.9
1342220 1955.9
1342230 1957.4
1342240 1959.3
1342250 1959.3
1342260 1961.4
1342270 1963.9
1342280 1963.9
1342290 1966.1
1342300 1967.6
1342310 1967.6
1342320 1969.8
1342330 1972.3
1342340 1975.0
1342350 1975.0
1342360 1978.7
1342370 1983.7
1342380 1983.7
1342390 1990.0
1342400 1995.5
1342410 1995.5
1342420 2000.1
1342430 2003.9
1342440 2003.9
1342450 2006.3
1342460 2007.9
1342470 2007.9
1342480 2008.9
1342490 2009.8
1342500 2009.8
1342510 2010.4
1342520 2011.3
1342530 2011.3
1342540 2013.9
1342550 2019.4
1342560 2019.4
1342570 2026.2
1342580 2033.9
1342590 2033.9
1342600 2042.7
1342610 2049.3
1342620 2056.5
1342630 2056.5
1342640 2062.7
1342650 2068.1
1342660 2068.1
1342670 2072.1
1342680 2077.0
1342690 2077.0
1342700 2081.8
1342710 2087.3
1342720 2087.3
1342730 2090.9
1342740 2092.4
1342750 2092.4
1342760 2096.5
1342770 2102.4
1342780 2102.4
1342790 2108.6
1342800 2109.3
1342810 2109.3
1342820 2107.0
1342830 2107.4
1342840 2107.4
1342850 2106.4
1342860 2102.5
1342870 2102.5
1342880 2097.8
1342890 2093.7
1342900 2091.3
1342910 2091.3
1342920 2089.2
1342930 2088.3
1342940 2088.3
1342950 2087.4
1342960 2084.7
1342970 2087.2
1342980 2085.3
1342990 2085.2
1343000 2085.2
1343010 2086.3
1343020 2087.4
1343030 2087.4
1343040 2085.8
1343050 2083.4
1343060 2083.4
1343070 2083.0
1343080 2083.7
1343090 2083.7
1343100 2084.4
1343110 2084.6
1343120 2084.6
1343130 2084.5
1343140 2085.4
1343150 2089.2
1343160 2089.2
1343170 2093.1
1343180 2097.2
1343190 2097.2
1343200 2099.9
1343210 2101.1
1343220 2101.1
1343230 2103.8
1343240 2107.5
1343250 2107.5
1343260 2112.2
1343270 2117.6
1343280 2117.6
1343290 2123.2
1343300 2129.7
1343310 2129.7
1343320 2138.6
1343330 2147.6
1343340 2147.6
1343350 2153.2
1343360 2158.3
1343370 2158.3
1343380 2163.6
1343390 2167.4
1343400 2167.4
1343410 2172.1
1343420 2178.1
1343430 2183.9
1343440 2183.9
1343450 2185.9
1343460 2186.2
1343470 2186.2
1343480 2187.4
1343490 2185.3
1343500 2185.3
1343510 2180.6
1343520 2173.2
1343530 2173.2
1343540 2165.6
1343550 2157.7
1343560 2157.7
1343570 2146.5
1343580 2139.2
1343590 2139.2
1343600 2132.2
1343610 2125.4
1343620 2125.4
1343630 2118.8
1343640 2113.8
1343650 2113.8
1343660 2107.0
1343670 2100.5
1343680 2092.6
1343690 2092.6
1343700 2081.0
1343710 2069.7
1343720 2069.7
1343730 2060.5
1343740 2052.7
1343750 2052.7
1343760 2044.5
1343770 2036.6
1343780 2036.6
1343790 2031.8
1343800 2027.0
1343810 2027.0
1343820 2022.5
1343830 2019.2
1343840 2019.2
1343850 2015.4
1343860 2012.1
1343870 2012.2
1343880 2009.8
1343890 2007.6
1343900 2007.6
1343910 2006.8
1343920 2004.8
1343930 2004.8
1343940 2000.6
1343950 1995.0
1343960 1988.9
1343970 1988.9
1343980 1982.6
1343990 1977.5
1344000 1977.5
1344010 1974.0
1344020 1971.1
1344030 1971.1
1344040 1968.3
1344050 1965.3
1344060 1965.3
1344070 1962.7
1344080 1960.0
1344090 1960.0
1344100 1957.5
1344110 1954.6
1344120 1954.6
1344130 1952.1
1344140 1949.0
1344150 1949.0
1344160 1946.1
1344170 1943.4
1344180 1943.4
1344190 1939.6
1344200 1936.1
1344210 1931.6
1344220 1931.6
1344230 1927.0
1344240 1922.8
1344250 1922.8
1344260 1919.1
1344270 1915.4
1344280 1915.4
1344290 1910.9
1344300 1906.5
1344310 1906.5
1344320 1902.6
1344330 1899.0
1344340 1899.0
1344350 1896.0
1344360 1892.5
1344370 1892.5
1344380 1887.9
1344390 1882.8
1344400 1882.8
1344410 1878.7
1344420 1874.9
1344430 1874.9
1344440 1869.1
1344450 1863.5
1344460 1863.5
1344470 1859.2
1344480 1853.1
1344490 1845.8
1344500 1845.8
1344510 1838.2
1344520 1830.3
1344530 1830.3
1344540 1823.1
1344550 1815.7
1344560 1815.7
1344570 1808.0
1344580 1799.9
1344590 1799.9
1344600 1792.2
1344610 1784.7
1344620 1784.7
1344630 1777.3
1344640 1768.2
1344650 1768.2
1344660 1758.1
1344670 1747.8
1344680 1747.8
1344690 1736.5
1344700 1727.8
1344710 1727.8
1344720 1721.1
1344730 1715.8
1344740 1715.8
1344750 1710.9
1344760 1706.2
1344770 1701.1
1344780 1700.8
1344790 1695.0
1344800 1690.0
1344810 1690.0
1344820 1686.4
1344830 1683.1
1344840 1683.1
1344850 1679.8
1344860 1676.8
1344870 1676.8
1344880 1674.0
1344890 1671.7
1344900 1671.7
1344910 1669.6
1344920 1667.5
1344930 1667.5
1344940 1665.1
1344950 1662.5
1344960 1662.5
1344970 1658.7
1344980 1658.5
1344990 1658.5
1345000 1658.8
1345010 1658.9
1345020 1660.2
1345030 1660.2
1345040 1662.9
1345050 1665.5
1345060 1665.5
1345070 1668.8
1345080 1673.0
1345090 1673.0
1345100 1678.7
1345110 1684.7
1345120 1684.7
1345130 1689.3
1345140 1694.0
1345150 1694.0
1345160 1698.4
1345170 1702.5
1345180 1702.5
1345190 1706.3
1345200 1709.9
1345210 1709.9
1345220 1714.4
1345230 1720.6
1345240 1720.6
1345250 1727.0
1345260 1734.3
1345270 1734.3
1345280 1741.8
1345290 1748.8
1345300 1753.5
1345310 1753.5
1345320 1754.9
1345330 1757.0
1345340 1757.0
1345350 1760.0
1345360 1764.4
1345370 1764.4
1345380 1770.9
1345390 1776.3
1345400 1776.3
1345410 1779.5
1345420 1783.4
1345430 1783.4
1345440 1789.3
1345450 1795.1
1345460 1795.1
1345470 1800.8
1345480 1807.1
1345490 1807.1
1345500 1813.0
1345510 1818.6
1345520 1818.6
1345530 1824.7
1345540 1831.5
1345550 1838.4
1345560 1838.4
1345570 1844.4
1345580 1850.3
1345590 1850.3
1345600 1858.2
1345610 1866.6
1345620 1866.6
1345630 1875.1
1345640 1882.1
1345650 1882.1
1345660 1888.4
1345670 1893.8
1345680 1893.8
1345690 1903.1
1345700 1904.7
1345710 1904.7
1345720 1905.4
1345730 1908.7
1345740 1908.7
1345750 1913.4
1345760 1919.0
1345770 1919.0
1345780 1922.8
1345790 1926.3
1345800 1926.3
1345810 1930.9
1345820 1930.3
1345830 1932.7
1345840 1932.7
1345850 1933.6
1345860 1934.5
1345870 1934.5
1345880 1935.8
1345890 1939.2
1345900 1939.2
1345910 1942.2
1345920 1943.2
1345930 1943.2
1345940 1943.7
1345950 1943.8
1345960 1943.8
1345970 1948.9
1345980 1956.6
1345990 1956.6
1346000 1959.1
1346010 1962.5
1346020 1962.5
1346030 1966.1
1346040 1969.6
1346050 1969.6
1346060 1972.7
1346070 1976.8
1346080 1981.0
1346090 1981.0
1346100 1984.5
1346110 1988.3
1346120 1988.3
1346130 1992.4
1346140 1996.1
1346150 1996.1
1346160 2000.3
1346170 2004.8
1346180 2004.8
1346190 2009.2
1346200 2013.7
1346210 2013.7
1346220 2018.5
1346230 2023.5
1346240 2023.5
1346250 2028.5
1346260 2033.9
1346270 2033.9
1346280 2039.4
1346290 2045.0
1346300 2045.0
1346310 2050.9
1346320 2056.8
1346330 2056.8
1346340 2062.6
1346350 2068.7
1346360 2075.8
1346370 2075.8
1346380 2083.9
1346390 2090.8
1346400 2090.8
1346410 2097.1
1346420 2103.6
1346430 2103.6
1346440 2110.1
1346450 2116.8
1346460 2116.8
1346470 2123.1
1346480 2130.2
1346490 2130.2
1346500 2136.6
1346510 2143.0
1346520 2143.0
1346530 2149.5
1346540 2156.5
1346550 2156.5
1346560 2164.0
1346570 2171.9
1346580 2171.9
1346590 2180.0
1346600 2187.8
1346610 2188.6
1346620 2196.8
1346630 2204.7
1346640 2212.9
1346650 2212.9
1346660 2221.3
1346670 2230.0
1346680 2230.0
1346690 2238.4
1346700 2247.3
1346710 2247.3
1346720 2255.1
1346730 2261.1
1346740 2261.1
1346750 2267.6
1346760 2275.4
1346770 2275.4
1346780 2285.3
1346790 2290.3
1346800 2290.3
1346810 2295.2
1346820 2302.3
1346830 2302.3
1346840 2311.1
1346850 2313.1
1346860 2313.1
1346870 2313.0
1346880 2313.2
1346890 2313.1
1346900 2313.1
1346910 2313.7
1346920 2314.1
1346930 2314.1
1346940 2314.3
1346950 2312.8
1346960 2312.8
1346970 2312.5
1346980 2311.3
1346990 2311.3
1347000 2310.6
1347010 2311.6
1347020 2311.6
1347030 2314.7
1347040 2318.1
1347050 2318.1
1347060 2322.7
1347070 2327.4
1347080 2327.4
1347090 2333.2
1347100 2339.7
1347110 2339.7
1347120 2347.4
1347130 2354.2
1347140 2354.2
1347150 2361.5
1347160 2369.1
1347170 2376.6
1347180 2376.6
1347190 2384.2
1347200 2392.4
1347210 2392.4
1347220 2401.7
1347230 2413.9
1347240 2413.9
1347250 2424.8
1347260 2436.9
1347270 2436.9
1347280 2451.8
1347290 2454.4
1347300 2454.4
1347310 2454.1
1347320 2452.7
1347330 2452.7
1347340 2451.1
1347350 2448.1
1347360 2448.1
1347370 2445.1
1347380 2443.2
1347390 2443.2
1347400 2437.8
1347410 2432.9
1347420 2428.5
1347430 2428.5
1347440 2423.6
1347450 2417.6
1347460 2417.6
1347470 2411.9
1347480 2408.1
1347490 2408.1
1347500 2404.8
1347510 2401.2
1347520 2401.2
1347530 2402.1
1347540 2399.7
1347550 2399.7
1347560 2396.5
1347570 2391.0
1347580 2391.0
1347590 2385.2
1347600 2384.4
1347610 2384.4
1347620 2382.2
1347630 2378.6
1347640 2378.6
1347650 2377.3
1347660 2376.7
1347670 2376.7
1347680 2375.5
1347690 2373.7
1347700 2371.2
1347710 2371.2
1347720 2366.9
1347730 2364.4
1347740 2364.4
1347750 2366.5
1347760 2370.0
1347770 2370.0
1347780 2371.3
1347790 2370.3
1347800 2370.3
1347810 2367.5
1347820 2363.5
1347830 2363.5
1347840 2359.5
1347850 2355.6
1347860 2355.6
1347870 2353.5
1347880 2351.0
1347890 2351.0
1347900 2348.1
1347910 2346.2
1347920 2346.2
1347930 2345.5
1347940 2342.2
1347950 2340.2
1347960 2340.2
1347970 2340.8
1347980 2340.8
1347990 2340.8
1348000 2339.3
1348010 2337.3
1348020 2337.3
1348030 2337.7
1348040 2335.3
1348050 2335.3
1348060 2332.1
1348070 2330.2
1348080 2330.2
1348090 2326.6
1348100 2320.1
1348110 2320.1
1348120 2315.7
1348130 2314.0
1348140 2314.0
1348150 2311.7
1348160 2308.2
1348170 2308.2
1348180 2305.3
1348190 2302.7
1348200 2302.7
1348210 2299.0
1348220 2296.3
1348230 2291.0
1348240 2291.0
1348250 2286.8
1348260 2282.8
1348270 2282.8
1348280 2279.1
1348290 2275.9
1348300 2275.9
1348310 2273.6
1348320 2272.5
1348330 2272.5
1348340 2270.2
1348350 2267.5
1348360 2267.5
1348370 2265.0
1348380 2263.0
1348390 2263.0
1348400 2261.0
1348410 2259.5
1348420 2259.5
1348430 2258.5
1348440 2257.6
1348450 2257.6
1348460 2257.5
1348470 2259.8
1348480 2259.0
1348490 2259.0
1348500 2258.2
1348510 2254.9
1348520 2254.9
1348530 2250.7
1348540 2246.5
1348550 2246.5
1348560 2242.9
1348570 2239.8
1348580 2239.8
1348590 2236.8
1348600 2233.8
1348610 2233.8
1348620 2232.6
1348630 2232.2
1348640 2232.2
1348650 2231.6
1348660 2231.1
1348670 2231.1
1348680 2231.3
1348690 2232.3
1348700 2232.3
1348710 2232.9
1348720 2232.5
1348730 2232.5
1348740 2231.9
1348750 2231.2
1348760 2229.6
1348770 2229.6
1348780 2227.4
1348790 2226.4
1348800 2226.4
1348810 2224.9
1348820 2221.9
1348830 2221.9
1348840 2218.6
1348850 2214.8
1348860 2214.8
1348870 2211.8
1348880 2209.0
1348890 2209.0
1348900 2206.7
1348910 2203.4
1348920 2203.4
1348930 2201.0
1348940 2199.1
1348950 2199.1
1348960 2198.0
1348970 2198.3
1348980 2198.3
1348990 2197.1
1349000 2194.2
1349010 2194.2
1349020 2191.7
1349030 2188.1
1349040 2184.1
1349050 2184.1
1349060 2182.4
1349070 2181.8
1349080 2181.8
1349090 2179.3
1349100 2176.4
1349110 2176.4
1349120 2173.7
1349130 2171.2
1349140 2171.2
1349150 2168.7
1349160 2165.6
1349170 2165.6
1349180 2161.4
1349190 2153.9
1349200 2153.9
1349210 2147.0
1349220 2139.4
1349230 2139.4
1349240 2128.5
1349250 2118.8
1349260 2118.8
1349270 2113.1
1349280 2107.1
1349290 2101.8
1349300 2101.8
1349310 2096.4
1349320 2091.5
1349330 2091.5
1349340 2087.3
1349350 2084.0
1349360 2084.0
1349370 2080.5
1349380 2077.0
1349390 2077.0
1349400 2073.2
1349410 2071.4
1349420 2071.4
1349430 2067.8
1349440 2065.1
1349450 2065.1
1349460 2062.9
1349470 2060.7
1349480 2060.7
1349490 2055.2
1349500 2050.3
1349510 2050.3
1349520 2046.8
1349530 2044.8
1349540 2044.8
1349550 2039.8
1349560 2035.8
1349570 2032.6
1349580 2032.6
1349590 2029.4
1349600 2026.2
1349610 2026.2
1349620 2022.7
1349630 2019.9
1349640 2019.9
1349650 2017.4
1349660 2015.8
1349670 2015.8
1349680 2015.1
1349690 2014.9
1349700 2014.9
1349710 2013.1
1349720 2011.7
1349730 2011.7
1349740 2011.6
1349750 2012.5
1349760 2012.5
1349770 2013.5
1349780 2015.0
1349790 2015.0
1349800 2015.3
1349810 2014.4
1349820 2011.5
1349830 2011.5
1349840 2007.4
1349850 2001.8
1349860 2001.8
1349870 1995.9
1349880 1990.9
1349890 1990.9
1349900 1986.7
1349910 1982.5
1349920 1982.5
1349930 1979.0
1349940 1974.2
1349950 1974.2
1349960 1969.8
1349970 1967.1
1349980 1967.1
1349990 1963.9
1350000 1959.7
1350010 1959.7
1350020 1958.9
1350030 1957.9
1350040 1957.9
1350050 1954.6
1350060 1953.1
1350070 1953.1
1350080 1955.4
1350090 1956.5
1350100 1955.5
1350110 1955.5
1350120 1954.6
1350130 1953.5
1350140 1953.5
1350150 1953.1
1350160 1953.5
1350170 1953.5
1350180 1953.7
1350190 1953.2
1350200 1953.2
1350210 1953.1
1350220 1953.0
1350230 1953.0
1350240 1951.9
1350250 1951.0
1350260 1951.0
1350270 1950.0
1350280 1949.2
1350290 1949.2
1350300 1949.0
1350310 1948.8
1350320 1948.8
1350330 1948.2
1350340 1947.5
1350350 1945.8
1350360 1945.8
1350370 1945.0
1350380 1944.7
1350390 1944.7
1350400 1945.3
1350410 1945.9
1350420 1945.9
1350430 1947.9
1350440 1949.3
1350450 1949.3
1350460 1951.0
1350470 1953.7
1350480 1953.7
1350490 1956.4
1350500 1960.2
1350510 1960.2
1350520 1961.4
1350530 1962.1
1350540 1962.1
1350550 1964.1
1350560 1965.3
1350570 1965.3
1350580 1966.3
1350590 1967.7
1350600 1967.7
1350610 1969.2
1350620 1970.3
1350630 1971.0
1350640 1971.0
1350650 1972.0
1350660 1973.2
1350670 1973.2
1350680 1974.4
1350690 1975.7
1350700 1975.7
1350710 1975.7
1350720 1975.6
1350730 1975.6
1350740 1976.8
1350750 1979.2
1350760 1979.2
1350770 1980.9
1350780 1983.4
1350790 1983.4
1350800 1984.9
1350810 1986.7
1350820 1986.7
1350830 1988.5
1350840 1989.5
1350850 1989.5
1350860 1989.5
1350870 1989.0
1350880 1987.6
1350890 1987.6
1350900 1987.2
1350910 1987.4
1350920 1987.4
1350930 1987.2
1350940 1985.9
1350950 1985.9
1350960 1985.0
1350970 1983.6
1350980 1983.6
1350990 1982.1
1351000 1981.3
1351010 1981.3
1351020 1981.1
1351030 1981.8
1351040 1981.8
1351050 1983.2
1351060 1985.0
1351070 1985.0
1351080 1986.7
1351090 1987.7
1351100 1987.7
1351110 1988.7
1351120 1989.5
1351130 1989.5
1351140 1989.7
1351150 1988.9
1351160 1986.9
1351170 1986.9
1351180 1984.4
1351190 1982.4
1351200 1982.4
1351210 1980.4
1351220 1977.0
1351230 1977.0
1351240 1974.1
1351250 1970.7
1351260 1970.7
1351270 1968.0
1351280 1966.4
1351290 1966.4
1351300 1965.3
1351310 1966.6
1351320 1966.6
1351330 1966.3
1351340 1967.8
1351350 1967.8
1351360 1969.9
1351370 1972.4
1351380 1972.4
1351390 1974.8
1351400 1978.0
1351410 1978.0
1351420 1981.5
1351430 1985.6
1351440 1989.1
1351450 1989.1
1351460 1991.5
1351470 1992.4
1351480 1992.4
1351490 1993.3
1351500 1993.8
1351510 1993.8
1351520 1994.9
1351530 1997.6
1351540 1997.6
1351550 2001.6
1351560 2007.3
1351570 2007.3
1351580 2012.9
1351590 2017.8
1351600 2017.8
1351610 2021.3
1351620 2024.5
1351630 2024.5
1351640 2027.8
1351650 2030.9
1351660 2030.9
1351670 2033.9
1351680 2036.9
1351690 2038.2
1351700 2038.2
1351710 2040.3
1351720 2043.8
1351730 2043.8
1351740 2046.9
1351750 2049.0
1351760 2049.0
1351770 2050.9
1351780 2052.2
1351790 2052.2
1351800 2051.9
1351810 2052.3
1351820 2052.3
1351830 2054.0
1351840 2057.7
1351850 2057.7
1351860 2059.9
1351870 2061.4
1351880 2061.4
1351890 2063.6
1351900 2066.2
1351910 2066.2
1351920 2066.7
1351930 2063.7
1351940 2063.7
1351950 2059.8
1351960 2056.7
1351970 2055.6
1351980 2055.6
1351990 2055.3
1352000 2055.4
1352010 2055.4
1352020 2056.3
1352030 2058.3
1352040 2058.3
1352050 2062.5
1352060 2061.3
1352070 2061.3
1352080 2060.6
1352090 2059.5
1352100 2059.5
1352110 2059.1
1352120 2058.8
1352130 2058.8
1352140 2061.6
1352150 2063.3
1352160 2063.3
1352170 2064.4
1352180 2066.1
1352190 2066.1
1352200 2067.3
1352210 2068.0
1352220 2068.2
1352230 2068.2
1352240 2067.6
1352250 2066.0
1352260 2066.0
1352270 2066.5
1352280 2065.4
1352290 2065.4
1352300 2064.7
1352310 2065.7
1352320 2065.7
1352330 2068.4
1352340 2067.1
1352350 2067.1
1352360 2064.9
1352370 2063.1
1352380 2063.1
1352390 2063.9
1352400 2065.2
1352410 2065.2
1352420 2066.7
1352430 2068.4
1352440 2068.4
1352450 2070.0
1352460 2070.9
1352470 2070.9
1352480 2071.8
1352490 2071.8
1352500 2072.9
1352510 2072.9
1352520 2074.8
1352530 2076.6
1352540 2076.6
1352550 2077.1
1352560 2077.1
1352570 2077.1
1352580 2076.9
1352590 2075.3
1352600 2075.3
1352610 2072.1
1352620 2069.9
1352630 2069.9
1352640 2067.1
1352650 2065.4
1352660 2065.4
1352670 2063.6
1352680 2062.0
1352690 2062.0
1352700 2061.3
1352710 2062.4
1352720 2062.4
1352730 2064.6
1352740 2066.7
1352750 2067.9
1352760 2067.9
1352770 2072.0
1352780 2076.4
1352790 2076.4
1352800 2078.8
1352810 2081.1
1352820 2081.1
1352830 2084.1
1352840 2087.3
1352850 2087.3
1352860 2089.3
1352870 2090.3
1352880 2090.3
1352890 2090.7
1352900 2091.6
1352910 2091.6
1352920 2093.0
1352930 2094.6
1352940 2094.6
1352950 2096.3
1352960 2098.9
1352970 2098.9
1352980 2102.5
1352990 2105.8
1353000 2105.8
1353010 2109.4
1353020 2113.3
1353030 2118.3
1353040 2118.3
1353050 2125.7
1353060 2130.5
1353070 2130.5
1353080 2132.1
1353090 2132.5
1353100 2132.5
1353110 2131.5
1353120 2132.0
1353130 2132.0
1353140 2134.4
1353150 2135.8
1353160 2135.8
1353170 2135.8
1353180 2135.1
1353190 2135.1
1353200 2133.6
1353210 2132.4
1353220 2132.4
1353230 2133.0
1353240 2132.5
1353250 2132.5
1353260 2132.1
1353270 2132.6
1353280 2133.6
1353290 2133.6
1353300 2134.5
1353310 2134.4
1353320 2134.4
1353330 2135.0
1353340 2136.3
1353350 2136.3
1353360 2137.1
1353370 2137.9
1353380 2137.9
1353390 2138.5
1353400 2138.9
1353410 2138.9
1353420 2139.0
1353430 2139.5
1353440 2139.5
1353450 2140.0
1353460 2144.3
1353470 2144.3
1353480 2146.8
1353490 2149.0
1353500 2149.0
1353510 2152.7
1353520 2156.4
1353530 2156.4
1353540 2159.9
1353550 2165.0
1353560 2169.3
1353570 2169.3
1353580 2171.4
1353590 2172.8
1353600 2172.8
1353610 2175.3
1353620 2177.4
1353630 2177.4
1353640 2179.1
1353650 2181.4
1353660 2181.4
1353670 2182.7
1353680 2182.9
1353690 2182.9
1353700 2183.3
1353710 2184.2
1353720 2184.2
1353730 2185.2
1353740 2186.3
1353750 2186.3
1353760 2187.2
1353770 2188.2
1353780 2188.2
1353790 2188.1
1353800 2186.6
1353810 2186.6
1353820 2184.1
1353830 2183.2
1353840 2187.9
1353850 2187.9
1353860 2190.1
1353870 2192.5
1353880 2192.5
1353890 2194.9
1353900 2197.2
1353910 2197.2
1353920 2198.8
1353930 2200.2
1353940 2200.2
1353950 2203.0
1353960 2205.1
1353970 2205.1
1353980 2206.6
1353990 2206.5
1354000 2206.5
1354010 2207.0
1354020 2207.2
1354030 2207.2
1354040 2205.7
1354050 2201.9
1354060 2201.9
1354070 2199.2
1354080 2199.2
1354090 2200.4
1354100 2200.4
1354110 2200.3
1354120 2198.1
1354130 2198.1
1354140 2194.7
1354150 2196.6
1354160 2196.6
1354170 2198.6
1354180 2199.8
1354190 2199.8
1354200 2202.0
1354210 2201.8
1354220 2201.8
1354230 2204.9
1354240 2205.6
1354250 2205.6
1354260 2207.8
1354270 2210.4
1354280 2210.4
1354290 2212.9
1354300 2213.6
1354310 2213.6
1354320 2212.5
1354330 2211.8
1354340 2211.8
1354350 2212.5
1354360 2215.2
1354370 2217.1
1354380 2217.1
1354390 2220.9
1354400 2226.4
1354410 2226.4
1354420 2233.4
1354430 2240.9
1354440 2240.9
1354450 2251.6
1354460 2263.8
1354470 2263.8
1354480 2269.6
1354490 2268.4
1354500 2268.4
1354510 2266.3
1354520 2263.6
1354530 2263.6
1354540 2260.8
1354550 2257.6
1354560 2257.6
1354570 2252.5
1354580 2248.1
1354590 2248.1
1354600 2244.1
1354610 2240.1
1354620 2235.8
1354630 2235.8
1354640 2231.2
1354650 2226.7
1354660 2226.7
1354670 2221.2
1354680 2215.7
1354690 2215.7
1354700 2210.7
1354710 2206.2
1354720 2206.2
1354730 2200.1
1354740 2194.9
1354750 2194.9
1354760 2189.6
1354770 2183.9
1354780 2183.9
1354790 2177.3
1354800 2171.2
1354810 2171.2
1354820 2166.8
1354830 2163.4
1354840 2163.4
1354850 2161.6
1354860 2159.3
1354870 2159.3
1354880 2158.0
1354890 2157.1
1354900 2156.2
1354910 2156.2
1354920 2153.6
1354930 2150.2
1354940 2150.2
1354950 2146.6
1354960 2141.3
1354970 2141.3
1354980 2132.8
1354990 2123.7
1355000 2123.7
1355010 2116.7
1355020 2110.3
1355030 2110.3
1355040 2104.0
1355050 2098.4
1355060 2098.4
1355070 2093.5
1355080 2087.5
1355090 2087.5
1355100 2080.5
1355110 2075.0
1355120 2075.0
1355130 2069.8
1355140 2065.6
1355150 2062.2
1355160 2062.2
1355170 2060.0
1355180 2058.3
1355190 2058.2
1355200 2056.8
1355210 2055.6
1355220 2055.6
1355230 2054.4
1355240 2053.6
1355250 2053.6
1355260 2052.4
1355270 2051.7
1355280 2051.7
1355290 2051.0
1355300 2050.5
1355310 2050.5
1355320 2050.6
1355330 2050.9
1355340 2050.9
1355350 2050.5
1355360 2048.0
1355370 2048.0
1355380 2046.9
1355390 2045.5
1355400 2045.5
1355410 2045.1
1355420 2045.3
1355430 2044.1
1355440 2044.1
1355450 2045.2
1355460 2046.6
1355470 2046.6
1355480 2046.2
1355490 2044.0
1355500 2044.0
1355510 2043.7
1355520 2042.8
1355530 2042.8
1355540 2041.8
1355550 2041.7
1355560 2041.7
1355570 2041.1
1355580 2041.3
1355590 2041.3
1355600 2041.9
1355610 2041.1
1355620 2041.1
1355630 2039.2
1355640 2036.1
1355650 2036.1
1355660 2032.4
1355670 2027.3
1355680 2027.3
1355690 2024.6
1355700 2022.3
1355710 2019.1
1355720 2019.1
1355730 2015.4
1355740 2011.8
1355750 2011.8
1355760 2009.7
1355770 2005.7
1355780 2005.7
1355790 2001.6
1355800 1998.6
1355810 1998.6
1355820 1995.6
1355830 1992.8
1355840 1992.8
1355850 1990.5
1355860 1987.5
1355870 1987.5
1355880 1985.9
1355890 1983.7
1355900 1983.7
1355910 1981.4
1355920 1979.8
1355930 1979.8
1355940 1978.5
1355950 1976.4
1355960 1973.7
1355970 1973.7
1355980 1970.7
1355990 1969.9
1356000 1969.9
1356010 1968.4
1356020 1966.2
1356030 1966.2
1356040 1965.2
1356050 1964.4
1356060 1964.4
1356070 1963.2
1356080 1962.4
1356090 1962.4
1356100 1962.2
1356110 1961.2
1356120 1961.2
1356130 1960.3
1356140 1958.9
1356150 1958.9
1356160 1957.4
1356170 1955.5
1356180 1953.7
1356190 1952.0
1356200 1950.1
1356210 1950.1
1356220 1948.5
1356230 1946.8
1356240 1944.8
1356250 1944.8
1356260 1942.4
1356270 1940.9
1356280 1940.9
1356290 1939.3
1356300 1937.2
1356310 1937.2
1356320 1935.9
1356330 1934.2
1356340 1934.2
1356350 1931.5
1356360 1929.7
1356370 1929.7
1356380 1927.9
1356390 1925.7
1356400 1925.7
1356410 1923.0
1356420 1921.0
1356430 1921.0
1356440 1919.3
1356450 1918.4
1356460 1918.4
1356470 1916.5
1356480 1913.7
1356490 1911.9
1356500 1911.9
1356510 1910.4
1356520 1908.9
1356530 1908.9
1356540 1906.7
1356550 1905.3
1356560 1905.3
1356570 1904.1
1356580 1902.9
1356590 1902.9
1356600 1899.7
1356610 1897.9
1356620 1897.9
1356630 1895.9
1356640 1895.2
1356650 1895.2
1356660 1894.0
1356670 1892.7
1356680 1892.7
1356690 1891.2
1356700 1887.9
1356710 1887.9
1356720 1885.0
1356730 1884.5
1356740 1884.5
1356750 1883.4
1356760 1882.6
1356770 1881.4
1356780 1881.4
1356790 1880.6
1356800 1879.2
1356810 1879.2
1356820 1877.8
1356830 1876.6
1356840 1876.6
1356850 1874.8
1356860 1872.3
1356870 1872.3
1356880 1870.6
1356890 1868.3
1356900 1868.3
1356910 1867.4
1356920 1865.4
1356930 1865.4
1356940 1862.5
1356950 1861.1
1356960 1861.1
1356970 1858.9
1356980 1857.7
1356990 1857.7
1357000 1855.9
1357010 1854.2
1357020 1851.7
1357030 1851.7
1357040 1849.5
1357050 1847.9
1357060 1847.9
1357070 1844.1
1357080 1843.2
1357090 1843.2
1357100 1842.7
1357110 1840.8
1357120 1840.8
1357130 1839.1
1357140 1836.3
1357150 1836.3
1357160 1834.3
1357170 1831.5
1357180 1826.7
1357190 1823.6
1357200 1822.0
1357210 1822.0
1357220 1818.2
1357230 1817.7
1357240 1817.7
1357250 1816.7
1357260 1814.2
1357270 1814.2
1357280 1813.2
1357290 1811.7
1357300 1810.1
1357310 1810.1
1357320 1809.3
1357330 1806.1
1357340 1806.1
1357350 1802.4
1357360 1799.9
1357370 1799.9
1357380 1798.1
1357390 1796.4
1357400 1796.4
1357410 1794.3
1357420 1792.9
1357430 1792.9
1357440 1792.0
1357450 1790.4
1357460 1790.4
1357470 1788.8
1357480 1787.7
1357490 1787.7
1357500 1786.7
1357510 1785.8
1357520 1785.8
1357530 1785.1
1357540 1784.8
1357550 1784.2
1357560 1784.2
1357570 1783.3
1357580 1782.0
1357590 1782.0
1357600 1780.4
1357610 1778.5
1357620 1778.5
1357630 1776.4
1357640 1774.3
1357650 1774.3
1357660 1772.7
1357670 1770.8
1357680 1770.8
1357690 1769.7
1357700 1769.5
1357710 1769.5
1357720 1769.1
1357730 1768.1
1357740 1768.1
1357750 1766.9
1357760 1765.9
1357770 1765.9
1357780 1765.0
1357790 1763.8
1357800 1763.8
1357810 1763.3
1357820 1763.0
1357830 1762.3
1357840 1762.3
1357850 1761.6
1357860 1760.9
1357870 1760.9
1357880 1760.1
1357890 1758.7
1357900 1758.7
1357910 1757.8
1357920 1757.2
1357930 1757.2
1357940 1756.8
1357950 1756.6
1357960 1756.6
1357970 1756.3
1357980 1755.5
1357990 1755.5
1358000 1754.6
1358010 1755.2
1358020 1755.2
1358030 1755.4
1358040 1755.0
1358050 1755.0
1358060 1754.3
1358070 1753.6
1358080 1753.6
1358090 1753.2
1358100 1752.3
1358110 1751.9
1358120 1751.9
1358130 1751.0
1358140 1750.6
1358150 1750.6
1358160 1750.2
1358170 1749.7
1358180 1749.1
1358190 1749.1
1358200 1748.2
1358210 1748.2
1358220 1746.5
1358230 1745.3
1358240 1745.3
1358250 1744.0
1358260 1742.0
1358270 1742.0
1358280 1742.6
1358290 1744.3
1358300 1744.3
1358310 1744.0
1358320 1743.7
1358330 1743.7
1358340 1744.2
1358350 1743.1
1358360 1742.5
1358370 1742.5
1358380 1740.9
1358390 1738.7
1358400 1738.7
1358410 1737.5
1358420 1736.5
1358430 1736.5
1358440 1736.0
1358450 1735.0
1358460 1735.0
1358470 1733.5
1358480 1732.5
1358490 1732.5
1358500 1731.8
1358510 1730.9
1358520 1730.9
1358530 1730.3
1358540 1730.0
1358550 1730.0
1358560 1730.7
1358570 1732.7
1358580 1732.7
1358590 1734.0
1358600 1733.6
1358610 1733.6
1358620 1730.8
1358630 1728.8
1358640 1728.0
1358650 1728.0
1358660 1728.7
1358670 1726.8
1358680 1726.8
1358690 1723.5
1358700 1721.0
1358710 1721.0
1358720 1718.5
1358730 1714.3
1358740 1714.3
1358750 1711.1
1358760 1707.3
1358770 1707.3
1358780 1703.5
1358790 1700.5
1358800 1700.5
1358810 1698.3
1358820 1696.2
1358830 1696.2
1358840 1694.1
1358850 1692.7
1358860 1692.7
1358870 1692.0
1358880 1690.7
1358890 1688.9
1358900 1688.9
1358910 1687.8
1358920 1686.0
1358930 1686.0
1358940 1684.7
1358950 1685.2
1358960 1685.2
1358970 1685.5
1358980 1684.7
1358990 1684.7
1359000 1685.0
1359010 1686.3
1359020 1686.3
1359030 1688.5
1359040 1691.5
1359050 1691.5
1359060 1692.5
1359070 1691.2
1359080 1691.2
1359090 1689.1
1359100 1686.8
1359110 1686.8
1359120 1683.2
1359130 1679.8
1359140 1679.8
1359150 1676.1
1359160 1671.7
1359170 1669.4
1359180 1669.4
1359190 1671.1
1359200 1665.9
1359210 1665.9
1359220 1660.8
1359230 1654.9
1359240 1654.9
1359250 1648.7
1359260 1647.2
1359270 1647.2
1359280 1646.7
1359290 1645.8
1359300 1645.8
1359310 1642.7
1359320 1646.9
1359330 1646.9
1359340 1647.1
1359350 1644.8
1359360 1644.8
1359370 1643.1
1359380 1642.4
1359390 1642.4
1359400 1639.6
1359410 1637.6
1359420 1636.3
1359430 1636.3
1359440 1636.9
1359450 1638.2
1359460 1638.2
1359470 1638.5
1359480 1640.8
1359490 1640.8
1359500 1644.1
1359510 1647.4
1359520 1647.4
1359530 1648.0
1359540 1647.8
1359550 1647.8
1359560 1647.9
1359570 1647.6
1359580 1647.6
1359590 1647.2
1359600 1646.6
1359610 1646.6
1359620 1644.5
1359630 1640.7
1359640 1640.7
1359650 1635.6
1359660 1629.8
1359670 1629.8
1359680 1623.0
1359690 1618.7
1359700 1617.1
1359710 1617.1
1359720 1613.5
1359730 1611.0
1359740 1611.0
1359750 1610.4
1359760 1606.8
1359770 1606.8
1359780 1603.0
1359790 1598.2
1359800 1598.2
1359810 1595.7
1359820 1595.1
1359830 1595.1
1359840 1593.2
1359850 1588.6
1359860 1588.6
1359870 1583.5
1359880 1578.8
1359890 1578.8
1359900 1574.8
1359910 1571.1
1359920 1571.1
1359930 1567.3
1359940 1561.1
1359950 1557.2
1359960 1557.2
1359970 1550.7
1359980 1546.5
1359990 1546.5
