1340000 1536.5
1340010 1536.5
1340020 1538.2
1340030 1540.5
1340040 1540.5
1340050 1543.9
1340060 1550.4
1340070 1550.4
1340080 1559.1
1340090 1565.1
1340100 1565.1
1340110 1569.6
1340120 1577.7
1340130 1577.7
1340140 1588.3
1340150 1598.2
1340160 1598.2
1340170 1608.0
1340180 1617.4
1340190 1628.2
1340200 1628.2
1340210 1631.6
1340220 1633.0
1340230 1633.0
1340240 1637.6
1340250 1644.0
1340260 1644.0
1340270 1652.1
1340280 1668.5
1340290 1668.5
1340300 1683.3
1340310 1694.3
1340320 1700.9
1340330 1712.8
1340340 1720.9
1340350 1720.9
1340360 1727.7
1340370 1729.5
1340380 1729.5
1340390 1730.8
1340400 1732.4
1340410 1732.4
1340420 1732.2
1340430 1736.0
1340440 1736.0
1340450 1739.4
1340460 1744.6
1340470 1749.0
1340480 1749.0
1340490 1752.8
1340500 1758.1
1340510 1758.1
1340520 1762.6
1340530 1765.6
1340540 1765.6
1340550 1768.5
1340560 1772.1
1340570 1772.1
1340580 1777.2
1340590 1780.9
1340600 1780.9
1340610 1785.4
1340620 1790.9
1340630 1790.9
1340640 1792.8
1340650 1792.2
1340660 1792.2
1340670 1791.8
1340680 1791.2
1340690 1791.2
1340700 1790.5
1340710 1790.5
1340720 1792.4
1340730 1792.4
1340740 1794.9
1340750 1797.2
1340760 1797.2
1340770 1800.8
1340780 1803.2
1340790 1803.2
1340800 1806.9
1340810 1813.6
1340820 1813.6
1340830 1816.3
1340840 1814.4
1340850 1814.4
1340860 1813.9
1340870 1809.5
1340880 1809.5
1340890 1803.5
1340900 1796.5
1340910 1796.5
1340920 1790.0
1340930 1784.9
1340940 1784.9
1340950 1781.2
1340960 1778.1
1340970 1778.1
1340980 1775.4
1340990 1774.5
1341000 1773.5
1341010 1773.5
1341020 1772.5
1341030 1772.0
1341040 1772.0
1341050 1769.8
1341060 1766.1
1341070 1766.1
1341080 1761.7
1341090 1756.9
1341100 1756.9
1341110 1752.1
1341120 1747.4
1341130 1747.4
1341140 1741.7
1341150 1735.3
1341160 1735.3
1341170 1738.9
1341180 1743.7
1341190 1743.7
1341200 1743.9
1341210 1743.8
1341220 1743.8
1341230 1740.5
1341240 1737.3
1341250 1734.0
1341260 1734.0
1341270 1730.4
1341280 1729.5
1341290 1729.5
1341300 1729.5
1341310 1730.0
1341320 1730.0
1341330 1730.4
1341340 1731.1
1341350 1731.1
1341360 1730.1
1341370 1732.1
1341380 1732.1
1341390 1735.3
1341400 1737.8
1341410 1737.8
1341420 1739.9
1341430 1741.4
1341440 1741.4
1341450 1743.8
1341460 1746.8
1341470 1746.8
1341480 1751.5
1341490 1755.9
1341500 1755.9
1341510 1763.3
1341520 1777.5
1341530 1786.7
1341540 1786.7
1341550 1794.5
1341560 1801.9
1341570 1801.9
1341580 1809.3
1341590 1817.5
1341600 1817.5
1341610 1821.6
1341620 1827.4
1341630 1827.4
1341640 1831.5
1341650 1836.0
1341660 1836.0
1341670 1841.4
1341680 1846.1
1341690 1846.1
1341700 1845.4
1341710 1841.5
1341720 1841.5
1341730 1842.4
1341740 1852.8
1341750 1852.8
1341760 1869.3
1341770 1870.9
1341780 1872.7
1341790 1872.7
1341800 1877.0
1341810 1882.8
1341820 1882.8
1341830 1890.7
1341840 1894.2
1341850 1894.2
1341860 1898.8
1341870 1905.0
1341880 1905.0
1341890 1910.7
1341900 1914.7
1341910 1914.7
1341920 1917.8
1341930 1921.2
1341940 1921.2
1341950 1924.4
1341960 1927.3
1341970 1927.3
1341980 1929.5
1341990 1932.8
1342000 1932.8
1342010 1935.7
1342020 1938.3
1342030 1938.3
1342040 1940.8
1342050 1942.1
1342060 1942.2
1342070 1942.2
1342080 1942.0
1342090 1942.6
1342100 1945.6
1342110 1945.4
1342120 1945.3
1342130 1945.3
1342140 1946.1
1342150 1947.1
1342160 1947.1
1342170 1948.4
1342180 1949.7
1342190 1949.7
1342200 1951.1
1342210 1953.3
1342220 1953.3
1342230 1955.7
1342240 1957.7
1342250 1957.7
1342260 1959.7
1342270 1961.7
1342280 1961.7
1342290 1963.4
1342300 1965.1
1342310 1965.1
1342320 1967.4
1342330 1970.7
1342340 1974.7
1342350 1974.7
1342360 1979.5
1342370 1985.1
1342380 1985.1
1342390 1991.2
1342400 1996.1
1342410 1996.1
1342420 1999.7
1342430 2003.3
1342440 2003.3
1342450 2005.7
1342460 2007.1
1342470 2007.1
1342480 2008.4
1342490 2008.8
1342500 2008.8
1342510 2009.5
1342520 2013.2
1342530 2013.2
1342540 2019.0
1342550 2025.0
1342560 2025.0
1342570 2034.6
1342580 2042.2
1342590 2046.1
1342600 2046.1
1342610 2050.9
1342620 2057.2
1342630 2057.2
1342640 2063.6
1342650 2068.7
1342660 2068.7
1342670 2074.1
1342680 2079.7
1342690 2079.7
1342700 2084.7
1342710 2090.8
1342720 2090.8
1342730 2097.6
1342740 2099.2
1342750 2099.2
1342760 2098.3
1342770 2098.0
1342780 2098.0
1342790 2098.3
1342800 2097.7
1342810 2097.7
1342820 2095.8
1342830 2092.0
1342840 2092.0
1342850 2089.5
1342860 2087.4
1342870 2085.8
1342880 2085.8
1342890 2085.7
1342900 2085.2
1342910 2085.2
1342920 2085.5
1342930 2084.6
1342940 2084.6
1342950 2083.1
1342960 2080.3
1342970 2080.3
1342980 2076.6
1342990 2076.7
1343000 2076.7
1343010 2075.6
1343020 2075.4
1343030 2075.4
1343040 2074.7
1343050 2074.4
1343060 2074.4
1343070 2074.7
1343080 2076.3
1343090 2076.3
1343100 2077.3
1343110 2077.2
1343120 2079.8
1343130 2079.8
1343140 2081.4
1343150 2083.6
1343160 2083.6
1343170 2088.5
1343180 2093.0
1343190 2093.0
1343200 2097.0
1343210 2098.0
1343220 2098.0
1343230 2098.9
1343240 2101.9
1343250 2101.9
1343260 2105.2
1343270 2109.1
1343280 2109.1
1343290 2114.6
1343300 2122.1
1343310 2122.1
1343320 2131.2
1343330 2139.4
1343340 2139.4
1343350 2146.7
1343360 2149.6
1343370 2149.6
1343380 2153.0
1343390 2157.0
1343400 2161.0
1343410 2161.0
1343420 2165.1
1343430 2170.2
1343440 2170.2
1343450 2174.2
1343460 2180.0
1343470 2180.0
1343480 2181.6
1343490 2178.3
1343500 2178.3
1343510 2175.2
1343520 2170.3
1343530 2170.3
1343540 2163.4
1343550 2152.5
1343560 2152.5
1343570 2143.0
1343580 2135.8
1343590 2135.8
1343600 2127.6
1343610 2120.1
1343620 2120.1
1343630 2113.2
1343640 2107.2
1343650 2102.4
1343660 2102.4
1343670 2097.1
1343680 2088.9
1343690 2088.9
1343700 2079.4
1343710 2073.1
1343720 2073.1
1343730 2065.4
1343740 2052.0
1343750 2052.0
1343760 2041.8
1343770 2034.9
1343780 2034.9
1343790 2029.6
1343800 2024.8
1343810 2024.8
1343820 2021.5
1343830 2017.5
1343840 2017.5
1343850 2013.3
1343860 2010.1
1343870 2010.1
1343880 2008.1
1343890 2005.1
1343900 2007.6
1343910 2004.7
1343920 2000.8
1343930 1996.2
1343940 1996.2
1343950 1990.2
1343960 1984.0
1343970 1984.0
1343980 1979.3
1343990 1975.7
1344000 1975.7
1344010 1971.5
1344020 1968.0
1344030 1968.0
1344040 1964.9
1344050 1961.7
1344060 1961.7
1344070 1958.2
1344080 1956.0
1344090 1956.0
1344100 1954.1
1344110 1952.1
1344120 1952.1
1344130 1949.6
1344140 1946.9
1344150 1946.9
1344160 1943.8
1344170 1940.7
1344180 1940.7
1344190 1937.8
1344200 1935.0
1344210 1932.2
1344220 1932.2
1344230 1928.4
1344240 1924.2
1344250 1924.2
1344260 1919.8
1344270 1915.6
1344280 1915.6
1344290 1911.6
1344300 1907.5
1344310 1907.5
1344320 1903.5
1344330 1899.6
1344340 1899.6
1344350 1895.5
1344360 1892.0
1344370 1892.0
1344380 1887.8
1344390 1883.3
1344400 1883.3
1344410 1878.7
1344420 1874.7
1344430 1874.7
1344440 1869.2
1344450 1863.6
1344460 1859.8
1344470 1859.8
1344480 1854.1
1344490 1847.2
1344500 1847.2
1344510 1840.1
1344520 1832.3
1344530 1832.3
1344540 1824.8
1344550 1818.0
1344560 1818.0
1344570 1811.5
1344580 1804.9
1344590 1804.9
1344600 1797.7
1344610 1790.4
1344620 1790.4
1344630 1781.7
1344640 1772.4
1344650 1772.4
1344660 1764.3
1344670 1752.5
1344680 1752.5
1344690 1742.0
1344700 1734.4
1344710 1734.4
1344720 1728.6
1344730 1723.0
1344740 1717.0
1344750 1717.0
1344760 1711.1
1344770 1706.7
1344780 1706.7
1344790 1701.8
1344800 1694.3
1344810 1694.3
1344820 1690.3
1344830 1686.4
1344840 1686.4
1344850 1682.2
1344860 1678.0
1344870 1678.0
1344880 1674.0
1344890 1670.9
1344900 1670.9
1344910 1668.0
1344920 1665.6
1344930 1665.6
1344940 1663.8
1344950 1662.0
1344960 1662.0
1344970 1659.8
1344980 1657.4
1344990 1654.2
1345000 1654.2
1345010 1652.1
1345020 1654.6
1345030 1654.6
1345040 1656.2
1345050 1658.6
1345060 1658.6
1345070 1662.3
1345080 1666.1
1345090 1666.1
1345100 1669.8
1345110 1673.8
1345120 1673.8
1345130 1678.2
1345140 1682.9
1345150 1682.9
1345160 1686.8
1345170 1690.8
1345180 1690.8
1345190 1696.0
1345200 1702.9
1345210 1702.9
1345220 1709.0
1345230 1714.6
1345240 1714.6
1345250 1719.8
1345260 1725.6
1345270 1733.2
1345280 1733.2
1345290 1741.2
1345300 1744.5
1345310 1744.5
1345320 1746.6
1345330 1749.9
1345340 1749.9
1345350 1754.2
1345360 1758.9
1345370 1758.9
1345380 1765.3
1345390 1771.7
1345400 1771.7
1345410 1775.7
1345420 1780.3
1345430 1780.3
1345440 1784.8
1345450 1790.5
1345460 1790.5
1345470 1796.2
1345480 1801.8
1345490 1801.8
1345500 1807.8
1345510 1815.6
1345520 1822.2
1345530 1822.2
1345540 1829.1
1345550 1833.8
1345560 1833.8
1345570 1838.9
1345580 1845.8
1345590 1845.8
1345600 1854.6
1345610 1863.4
1345620 1863.4
1345630 1871.6
1345640 1877.1
1345650 1877.1
1345660 1879.8
1345670 1883.9
1345680 1883.9
1345690 1888.4
1345700 1891.7
1345710 1891.7
1345720 1896.6
1345730 1901.5
1345740 1901.5
1345750 1907.5
1345760 1912.3
1345770 1912.3
1345780 1917.5
1345790 1921.0
1345800 1921.7
1345810 1921.7
1345820 1918.4
1345830 1920.6
1345840 1920.6
1345850 1923.7
1345860 1923.8
1345870 1923.8
1345880 1924.5
1345890 1928.5
1345900 1928.5
1345910 1933.2
1345920 1936.6
1345930 1936.6
1345940 1937.4
1345950 1938.4
1345960 1938.4
1345970 1941.0
1345980 1945.5
1345990 1945.5
1346000 1951.4
1346010 1957.9
1346020 1957.9
1346030 1962.0
1346040 1965.3
1346050 1965.3
1346060 1969.0
1346070 1972.9
1346080 1976.3
1346090 1976.3
1346100 1979.8
1346110 1983.4
1346120 1983.4
1346130 1987.4
1346140 1991.6
1346150 1991.6
1346160 1995.8
1346170 2000.1
1346180 2000.1
1346190 2004.8
1346200 2009.5
1346210 2009.5
1346220 2014.4
1346230 2019.4
1346240 2019.4
1346250 2024.8
1346260 2030.2
1346270 2030.2
1346280 2035.5
1346290 2040.7
1346300 2040.7
1346310 2045.9
1346320 2051.3
1346330 2058.9
1346340 2058.9
1346350 2068.6
1346360 2077.6
1346370 2077.6
1346380 2085.2
1346390 2091.9
1346400 2091.9
1346410 2098.2
1346420 2104.2
1346430 2104.2
1346440 2110.0
1346450 2115.9
1346460 2115.9
1346470 2121.9
1346480 2128.1
1346490 2128.1
1346500 2134.3
1346510 2140.9
1346520 2140.9
1346530 2147.6
1346540 2154.6
1346550 2154.6
1346560 2161.9
1346570 2169.4
1346580 2169.4
1346590 2176.9
1346600 2184.4
1346610 2191.3
1346620 2191.3
1346630 2198.4
1346640 2208.8
1346650 2208.8
1346660 2216.6
1346670 2224.1
1346680 2224.1
1346690 2231.5
1346700 2238.8
1346710 2238.8
1346720 2246.1
1346730 2253.9
1346740 2253.9
1346750 2260.9
1346760 2266.8
1346770 2266.8
1346780 2271.3
1346790 2275.6
1346800 2275.6
1346810 2281.9
1346820 2291.4
1346830 2291.4
1346840 2295.7
1346850 2297.3
1346860 2298.5
1346870 2298.5
1346880 2299.7
1346890 2300.4
1346900 2300.4
1346910 2300.9
1346920 2300.0
1346930 2300.0
1346940 2298.9
1346950 2299.9
1346960 2299.9
1346970 2299.4
1346980 2297.7
1346990 2297.7
1347000 2297.9
1347010 2300.9
1347020 2300.9
1347030 2304.4
1347040 2308.9
1347050 2308.9
1347060 2315.2
1347070 2321.2
1347080 2321.2
1347090 2327.4
1347100 2333.9
1347110 2333.9
1347120 2340.7
1347130 2347.6
1347140 2354.6
1347150 2354.6
1347160 2360.7
1347170 2369.5
1347180 2369.5
1347190 2383.8
1347200 2395.7
1347210 2395.7
1347220 2405.9
1347230 2417.2
1347240 2417.2
1347250 2426.1
1347260 2435.6
1347270 2435.6
1347280 2446.6
1347290 2447.5
1347300 2447.5
1347310 2446.3
1347320 2443.6
1347330 2443.6
1347340 2441.0
1347350 2439.5
1347360 2439.5
1347370 2436.9
1347380 2433.1
1347390 2429.9
1347400 2429.9
1347410 2424.9
1347420 2420.0
1347430 2420.0
1347440 2416.1
1347450 2405.5
1347460 2405.5
1347470 2398.3
1347480 2393.0
1347490 2393.0
1347500 2387.4
1347510 2379.3
1347520 2379.3
1347530 2374.6
1347540 2370.8
1347550 2370.8
1347560 2380.7
1347570 2377.0
1347580 2377.0
1347590 2373.6
1347600 2369.5
1347610 2369.5
1347620 2364.1
1347630 2360.4
1347640 2360.4
1347650 2360.7
1347660 2360.8
1347670 2359.2
1347680 2359.2
1347690 2357.5
1347700 2356.4
1347710 2356.4
1347720 2353.9
1347730 2352.2
1347740 2352.2
1347750 2353.5
1347760 2356.3
1347770 2356.3
1347780 2356.3
1347790 2356.0
1347800 2356.0
1347810 2355.2
1347820 2352.4
1347830 2352.4
1347840 2348.8
1347850 2345.0
1347860 2345.0
1347870 2340.8
1347880 2337.6
1347890 2337.6
1347900 2334.5
1347910 2332.5
1347920 2330.4
1347930 2330.4
1347940 2328.3
1347950 2327.6
1347960 2327.6
1347970 2326.1
1347980 2324.7
1347990 2324.7
1348000 2324.4
1348010 2326.5
1348020 2326.5
1348030 2327.3
1348040 2325.1
1348050 2325.1
1348060 2324.1
1348070 2320.7
1348080 2320.7
1348090 2315.0
1348100 2310.9
1348110 2310.9
1348120 2307.7
1348130 2305.4
1348140 2305.4
1348150 2302.9
1348160 2298.9
1348170 2298.9
1348180 2296.6
1348190 2294.6
1348200 2291.2
1348210 2291.2
1348220 2287.9
1348230 2284.4
1348240 2284.4
1348250 2280.7
1348260 2277.2
1348270 2277.2
1348280 2275.2
1348290 2272.9
1348300 2272.9
1348310 2270.6
1348320 2268.6
1348330 2268.6
1348340 2266.8
1348350 2265.3
1348360 2265.3
1348370 2263.0
1348380 2261.4
1348390 2261.4
1348400 2261.1
1348410 2260.9
1348420 2260.9
1348430 2259.9
1348440 2258.7
1348450 2258.7
1348460 2257.5
1348470 2257.3
1348480 2257.3
1348490 2257.3
1348500 2257.7
1348510 2259.0
1348520 2259.0
1348530 2259.0
1348540 2257.7
1348550 2257.7
1348560 2256.3
1348570 2254.8
1348580 2254.8
1348590 2253.1
1348600 2250.1
1348610 2250.1
1348620 2245.6
1348630 2246.9
1348640 2246.9
1348650 2248.3
1348660 2248.3
1348670 2248.3
1348680 2245.6
1348690 2244.6
1348700 2244.6
1348710 2243.6
1348720 2242.9
1348730 2240.3
1348740 2240.3
1348750 2238.8
1348760 2235.7
1348770 2235.7
1348780 2231.6
1348790 2228.1
1348800 2228.1
1348810 2225.1
1348820 2223.2
1348830 2223.2
1348840 2221.2
1348850 2219.0
1348860 2219.0
1348870 2216.0
1348880 2214.2
1348890 2214.2
1348900 2213.1
1348910 2212.6
1348920 2212.6
1348930 2213.2
1348940 2212.0
1348950 2212.0
1348960 2210.5
1348970 2207.2
1348980 2207.2
1348990 2203.1
1349000 2198.3
1349010 2191.8
1349020 2191.8
1349030 2186.7
1349040 2183.0
1349050 2183.0
1349060 2181.1
1349070 2179.4
1349080 2179.4
1349090 2176.0
1349100 2172.2
1349110 2172.2
1349120 2168.8
1349130 2165.0
1349140 2165.0
1349150 2160.7
1349160 2155.6
1349170 2155.6
1349180 2150.8
1349190 2147.8
1349200 2147.8
1349210 2143.7
1349220 2135.2
1349230 2135.2
1349240 2125.2
1349250 2117.6
1349260 2110.6
1349270 2110.6
1349280 2103.9
1349290 2098.0
1349300 2098.0
1349310 2092.7
1349320 2087.7
1349330 2087.7
1349340 2082.4
1349350 2077.4
1349360 2077.4
1349370 2072.9
1349380 2070.0
1349390 2070.0
1349400 2067.7
1349410 2063.9
1349420 2063.9
1349430 2060.8
1349440 2060.1
1349450 2060.1
1349460 2058.1
1349470 2057.3
1349480 2057.3
1349490 2053.2
1349500 2047.8
1349510 2047.8
1349520 2044.2
1349530 2040.9
1349540 2037.7
1349550 2037.7
1349560 2033.9
1349570 2029.5
1349580 2029.5
1349590 2025.6
1349600 2022.2
1349610 2022.2
1349620 2019.6
1349630 2018.3
1349640 2018.3
1349650 2017.3
1349660 2016.6
1349670 2016.6
1349680 2015.5
1349690 2015.1
1349700 2015.1
1349710 2014.5
1349720 2013.3
1349730 2013.3
1349740 2011.7
1349750 2011.3
1349760 2011.3
1349770 2010.6
1349780 2010.1
1349790 2009.3
1349800 2009.3
1349810 2008.1
1349820 2005.7
1349830 2005.7
1349840 2001.7
1349850 1998.0
1349860 1998.0
1349870 1994.5
1349880 1990.3
1349890 1990.3
1349900 1986.3
1349910 1982.6
1349920 1982.6
1349930 1979.0
1349940 1975.6
1349950 1975.6
1349960 1972.1
1349970 1969.0
1349980 1969.0
1349990 1966.5
1350000 1965.2
1350010 1965.2
1350020 1961.4
1350030 1959.5
1350040 1959.5
1350050 1957.8
1350060 1958.8
1350070 1961.9
1350080 1961.9
1350090 1961.4
1350100 1960.5
1350110 1960.5
1350120 1958.8
1350130 1956.9
1350140 1956.9
1350150 1956.4
1350160 1957.6
1350170 1957.6
1350180 1957.4
1350190 1956.2
1350200 1956.2
1350210 1955.5
1350220 1954.5
1350230 1954.5
1350240 1953.1
1350250 1952.3
1350260 1952.3
1350270 1952.0
1350280 1952.1
1350290 1952.1
1350300 1951.8
1350310 1951.5
1350320 1951.5
1350330 1951.2
1350340 1951.0
1350350 1951.0
1350360 1951.0
1350370 1951.9
1350380 1949.7
1350390 1949.7
1350400 1952.3
1350410 1955.3
1350420 1955.3
1350430 1958.8
1350440 1960.3
1350450 1960.3
1350460 1963.2
1350470 1965.5
1350480 1965.5
1350490 1967.7
1350500 1969.4
1350510 1969.4
1350520 1969.9
1350530 1970.1
1350540 1970.1
1350550 1970.2
1350560 1970.7
1350570 1970.7
1350580 1972.2
1350590 1975.5
1350600 1978.7
1350610 1978.7
1350620 1979.6
1350630 1981.0
1350640 1981.0
1350650 1983.1
1350660 1984.4
1350670 1984.4
1350680 1984.6
1350690 1985.4
1350700 1985.4
1350710 1986.4
1350720 1987.2
1350730 1987.2
1350740 1989.2
1350750 1992.4
1350760 1992.4
1350770 1992.7
1350780 1990.5
1350790 1990.5
1350800 1987.7
1350810 1985.4
1350820 1985.4
1350830 1985.3
1350840 1986.2
1350850 1986.2
1350860 1984.9
1350870 1984.7
1350880 1985.3
1350890 1985.3
1350900 1985.4
1350910 1984.3
1350920 1984.3
1350930 1983.1
1350940 1982.8
1350950 1982.8
1350960 1981.5
1350970 1979.8
1350980 1979.8
1350990 1978.0
1351000 1976.7
1351010 1976.7
1351020 1975.7
1351030 1975.1
1351040 1975.1
1351050 1976.4
1351060 1978.0
1351070 1978.0
1351080 1979.7
1351090 1981.3
1351100 1981.3
1351110 1983.0
1351120 1984.6
1351130 1985.1
1351140 1985.1
1351150 1984.8
1351160 1982.7
1351170 1982.7
1351180 1979.9
1351190 1978.3
1351200 1978.3
1351210 1976.7
1351220 1975.4
1351230 1975.4
1351240 1973.6
1351250 1971.6
1351260 1971.6
1351270 1969.0
1351280 1966.4
1351290 1966.4
1351300 1963.7
1351310 1961.6
1351320 1961.6
1351330 1961.4
1351340 1963.5
1351350 1963.5
1351360 1965.1
1351370 1966.3
1351380 1966.3
1351390 1968.1
1351400 1970.6
1351410 1972.4
1351420 1972.4
1351430 1975.4
1351440 1979.0
1351450 1979.0
1351460 1981.4
1351470 1982.3
1351480 1982.3
1351490 1983.4
1351500 1985.6
1351510 1985.6
1351520 1988.3
1351530 1991.3
1351540 1991.3
1351550 1995.1
1351560 2000.1
1351570 2000.1
1351580 2006.0
1351590 2012.1
1351600 2012.1
1351610 2016.9
1351620 2021.0
1351630 2021.0
1351640 2024.9
1351650 2027.9
1351660 2031.1
1351670 2031.1
1351680 2033.9
1351690 2034.9
1351700 2034.9
1351710 2036.5
1351720 2038.9
1351730 2038.9
1351740 2041.5
1351750 2042.4
1351760 2042.4
1351770 2043.3
1351780 2045.9
1351790 2045.9
1351800 2045.3
1351810 2044.3
1351820 2044.3
1351830 2048.4
1351840 2053.6
1351850 2053.6
1351860 2057.5
1351870 2059.2
1351880 2059.2
1351890 2059.7
1351900 2061.8
1351910 2061.8
1351920 2062.5
1351930 2060.5
1351940 2058.0
1351950 2058.0
1351960 2054.2
1351970 2050.3
1351980 2050.3
1351990 2049.7
1352000 2050.1
1352010 2050.1
1352020 2050.6
1352030 2051.9
1352040 2051.9
1352050 2051.8
1352060 2050.8
1352070 2050.8
1352080 2050.8
1352090 2052.4
1352100 2052.4
1352110 2053.8
1352120 2056.2
1352130 2056.2
1352140 2058.2
1352150 2060.3
1352160 2060.3
1352170 2064.0
1352180 2065.5
1352190 2066.0
1352200 2066.0
1352210 2065.9
1352220 2065.4
1352230 2065.4
1352240 2064.7
1352250 2064.0
1352260 2064.0
1352270 2063.2
1352280 2061.7
1352290 2061.7
1352300 2061.7
1352310 2061.0
1352320 2061.0
1352330 2061.1
1352340 2059.8
1352350 2059.8
1352360 2059.5
1352370 2060.6
1352380 2060.6
1352390 2061.9
1352400 2063.2
1352410 2063.2
1352420 2064.6
1352430 2066.7
1352440 2066.7
1352450 2067.6
1352460 2067.4
1352470 2067.1
1352480 2067.1
1352490 2068.1
1352500 2070.5
1352510 2070.5
1352520 2074.1
1352530 2074.8
1352540 2074.8
1352550 2073.5
1352560 2070.4
1352570 2070.4
1352580 2067.9
1352590 2064.4
1352600 2064.4
1352610 2062.2
1352620 2061.0
1352630 2061.0
1352640 2060.0
1352650 2058.5
1352660 2058.5
1352670 2057.1
1352680 2056.7
1352690 2056.7
1352700 2057.4
1352710 2059.5
1352720 2059.5
1352730 2062.4
1352740 2064.6
1352750 2068.2
1352760 2068.2
1352770 2072.1
1352780 2075.0
1352790 2075.0
1352800 2077.8
1352810 2081.1
1352820 2081.1
1352830 2085.6
1352840 2089.4
1352850 2089.4
1352860 2090.2
1352870 2090.1
1352880 2090.1
1352890 2090.2
1352900 2090.9
1352910 2090.9
1352920 2092.2
1352930 2094.2
1352940 2094.2
1352950 2096.7
1352960 2098.9
1352970 2098.9
1352980 2101.9
1352990 2104.5
1353000 2107.1
1353010 2107.1
1353020 2111.0
1353030 2114.8
1353040 2114.8
1353050 2118.3
1353060 2121.4
1353070 2121.4
1353080 2123.8
1353090 2125.6
1353100 2125.6
1353110 2127.0
1353120 2129.7
1353130 2129.7
1353140 2132.1
1353150 2132.6
1353160 2132.6
1353170 2131.7
1353180 2130.3
1353190 2130.3
1353200 2129.5
1353210 2127.5
1353220 2127.5
1353230 2127.2
1353240 2129.8
1353250 2129.8
1353260 2130.7
1353270 2132.8
1353280 2133.5
1353290 2133.5
1353300 2134.4
1353310 2135.4
1353320 2135.4
1353330 2136.0
1353340 2136.9
1353350 2136.9
1353360 2137.9
1353370 2139.0
1353380 2139.0
1353390 2140.1
1353400 2141.1
1353410 2141.1
1353420 2141.8
1353430 2141.9
1353440 2141.9
1353450 2142.4
1353460 2144.7
1353470 2144.7
1353480 2147.2
1353490 2151.8
1353500 2151.8
1353510 2155.1
1353520 2158.2
1353530 2158.7
1353540 2158.7
1353550 2161.6
1353560 2169.8
1353570 2169.8
1353580 2174.6
1353590 2177.4
1353600 2177.4
1353610 2180.2
1353620 2181.5
1353630 2181.5
1353640 2182.7
1353650 2184.4
1353660 2184.4
1353670 2184.9
1353680 2185.4
1353690 2185.4
1353700 2186.2
1353710 2187.4
1353720 2187.4
1353730 2189.0
1353740 2190.1
1353750 2190.1
1353760 2190.5
1353770 2190.2
1353780 2190.2
1353790 2189.7
1353800 2189.7
1353810 2186.9
1353820 2186.9
1353830 2186.8
1353840 2190.5
1353850 2190.5
1353860 2196.9
1353870 2200.3
1353880 2200.3
1353890 2203.9
1353900 2209.8
1353910 2209.8
1353920 2211.5
1353930 2211.6
1353940 2211.6
1353950 2212.3
1353960 2214.6
1353970 2214.6
1353980 2214.2
1353990 2211.5
1354000 2211.5
1354010 2210.2
1354020 2210.0
1354030 2210.0
1354040 2210.1
1354050 2210.4
1354060 2210.8
1354070 2210.8
1354080 2209.0
1354090 2208.1
1354100 2208.1
1354110 2207.2
1354120 2206.8
1354130 2206.8
1354140 2204.9
1354150 2206.2
1354160 2206.2
1354170 2208.9
1354180 2210.1
1354190 2210.1
1354200 2211.5
1354210 2214.0
1354220 2214.0
1354230 2214.8
1354240 2212.9
1354250 2212.9
1354260 2215.6
1354270 2219.7
1354280 2219.7
1354290 2221.8
1354300 2222.1
1354310 2222.1
1354320 2222.9
1354330 2220.7
1354340 2219.6
1354350 2219.6
1354360 2221.9
1354370 2224.4
1354380 2224.4
1354390 2227.7
1354400 2233.1
1354410 2233.1
1354420 2240.1
1354430 2251.7
1354440 2251.7
1354450 2260.4
1354460 2272.2
1354470 2272.2
1354480 2279.1
1354490 2275.0
1354500 2275.0
1354510 2270.0
1354520 2264.4
1354530 2264.4
1354540 2259.1
1354550 2253.6
1354560 2253.6
1354570 2248.1
1354580 2242.6
1354590 2238.3
1354600 2238.3
1354610 2235.5
1354620 2232.7
1354630 2232.7
1354640 2231.3
1354650 2229.8
1354660 2229.8
1354670 2226.3
1354680 2222.7
1354690 2222.7
1354700 2218.2
1354710 2214.0
1354720 2214.0
1354730 2210.2
1354740 2205.7
1354750 2205.7
1354760 2198.7
1354770 2189.9
1354780 2189.9
1354790 2182.1
1354800 2175.4
1354810 2175.4
1354820 2169.6
1354830 2166.2
1354840 2166.2
1354850 2165.1
1354860 2163.7
1354870 2163.4
1354880 2163.4
1354890 2163.4
1354900 2162.6
1354910 2162.6
1354920 2161.0
1354930 2156.2
1354940 2156.2
1354950 2151.2
1354960 2145.6
1354970 2145.6
1354980 2135.9
1354990 2127.6
1355000 2127.6
1355010 2119.9
1355020 2113.8
1355030 2113.8
1355040 2107.6
1355050 2101.5
1355060 2101.5
1355070 2096.4
1355080 2092.0
1355090 2092.0
1355100 2086.8
1355110 2080.8
1355120 2080.8
1355130 2075.0
1355140 2068.6
1355150 2065.6
1355160 2065.6
1355170 2063.3
1355180 2061.1
1355190 2061.1
1355200 2058.7
1355210 2056.8
1355220 2056.1
1355230 2055.4
1355240 2055.1
1355250 2055.1
1355260 2055.6
1355270 2055.2
1355280 2055.2
1355290 2054.7
1355300 2054.2
1355310 2054.2
1355320 2053.5
1355330 2051.8
1355340 2051.8
1355350 2050.4
1355360 2051.8
1355370 2051.8
1355380 2051.2
1355390 2050.3
1355400 2049.4
1355410 2049.4
1355420 2049.0
1355430 2050.1
1355440 2050.1
1355450 2051.3
1355460 2051.9
1355470 2051.9
1355480 2050.7
1355490 2048.9
1355500 2048.9
1355510 2050.6
1355520 2050.4
1355530 2050.4
1355540 2049.7
1355550 2049.6
1355560 2049.6
1355570 2049.2
1355580 2049.1
1355590 2049.1
1355600 2048.5
1355610 2047.3
1355620 2047.3
1355630 2045.6
1355640 2042.7
1355650 2042.7
1355660 2037.5
1355670 2032.6
1355680 2029.8
1355690 2029.8
1355700 2026.3
1355710 2022.2
1355720 2022.2
1355730 2018.7
1355740 2015.1
1355750 2015.1
1355760 2011.6
1355770 2008.4
1355780 2008.4
1355790 2005.1
1355800 2001.7
1355810 2001.7
1355820 1998.6
1355830 1996.3
1355840 1996.3
1355850 1994.3
1355860 1991.6
1355870 1991.6
1355880 1989.3
1355890 1987.3
1355900 1987.3
1355910 1985.6
1355920 1984.3
1355930 1982.4
1355940 1982.4
1355950 1979.2
1355960 1978.3
1355970 1978.3
1355980 1977.0
1355990 1975.3
1356000 1975.3
1356010 1973.0
1356020 1971.3
1356030 1971.3
1356040 1970.9
1356050 1970.0
1356060 1970.0
1356070 1968.3
1356080 1967.3
1356090 1967.3
1356100 1965.9
1356110 1965.3
1356120 1965.3
1356130 1964.8
1356140 1962.9
1356150 1962.9
1356160 1960.6
1356170 1959.4
1356180 1959.4
1356190 1958.6
1356200 1957.4
1356210 1953.1
1356220 1953.1
1356230 1951.9
1356240 1949.5
1356250 1949.5
1356260 1947.9
1356270 1946.6
1356280 1946.6
1356290 1945.4
1356300 1945.3
1356310 1945.3
1356320 1943.9
1356330 1941.1
1356340 1941.1
1356350 1941.1
1356360 1940.3
1356370 1940.3
1356380 1938.2
1356390 1936.3
1356400 1936.3
1356410 1933.6
1356420 1931.7
1356430 1931.7
1356440 1929.2
1356450 1928.6
1356460 1927.8
1356470 1927.8
1356480 1925.3
1356490 1923.6
1356500 1923.6
1356510 1922.5
1356520 1921.2
1356530 1921.2
1356540 1919.5
1356550 1917.0
1356560 1917.0
1356570 1915.5
1356580 1913.8
1356590 1913.8
1356600 1911.9
1356610 1911.3
1356620 1911.3
1356630 1909.2
1356640 1907.4
1356650 1907.4
1356660 1906.2
1356670 1903.3
1356680 1903.3
1356690 1901.9
1356700 1900.5
1356710 1900.5
1356720 1900.1
1356730 1898.1
1356740 1895.9
1356750 1895.9
1356760 1894.6
1356770 1893.7
1356780 1893.7
1356790 1892.4
1356800 1891.3
1356810 1891.3
1356820 1889.0
1356830 1887.6
1356840 1887.6
1356850 1886.7
1356860 1884.8
1356870 1884.8
1356880 1881.7
1356890 1880.2
1356900 1880.2
1356910 1878.5
1356920 1876.1
1356930 1876.1
1356940 1874.8
1356950 1872.4
1356960 1872.4
1356970 1871.5
1356980 1869.4
1356990 1868.0
1357000 1868.0
1357010 1866.2
1357020 1864.2
1357030 1864.2
1357040 1861.9
1357050 1859.1
1357060 1859.1
1357070 1856.5
1357080 1856.6
1357090 1856.6
1357100 1854.2
1357110 1852.4
1357120 1852.4
1357130 1850.2
1357140 1848.1
1357150 1848.1
1357160 1845.2
1357170 1844.3
1357180 1844.3
1357190 1840.8
1357200 1839.2
1357210 1831.7
1357220 1829.2
1357230 1828.7
1357240 1828.7
1357250 1826.7
1357260 1826.1
1357270 1823.4
1357280 1823.4
1357290 1820.3
1357300 1818.7
1357310 1818.7
1357320 1817.2
1357330 1813.2
1357340 1813.2
1357350 1809.7
1357360 1809.8
1357370 1809.8
1357380 1809.0
1357390 1806.8
1357400 1806.8
1357410 1804.5
1357420 1804.8
1357430 1804.8
1357440 1802.5
1357450 1801.8
1357460 1801.8
1357470 1799.7
1357480 1797.5
1357490 1797.5
1357500 1795.6
1357510 1793.0
1357520 1793.0
1357530 1790.9
1357540 1790.0
1357550 1788.4
1357560 1788.4
1357570 1787.8
1357580 1787.0
1357590 1787.0
1357600 1785.8
1357610 1783.8
1357620 1783.8
1357630 1781.6
1357640 1780.2
1357650 1780.2
1357660 1777.2
1357670 1775.8
1357680 1775.8
1357690 1775.6
1357700 1774.7
1357710 1774.7
1357720 1775.1
1357730 1775.0
1357740 1775.0
1357750 1774.3
1357760 1774.6
1357770 1774.6
1357780 1775.7
1357790 1775.4
1357800 1774.2
1357810 1774.2
1357820 1772.3
1357830 1770.2
1357840 1770.2
1357850 1769.2
1357860 1767.7
1357870 1767.7
1357880 1767.7
1357890 1763.5
1357900 1763.5
1357910 1762.2
1357920 1761.5
1357930 1761.5
1357940 1760.8
1357950 1759.8
1357960 1759.8
1357970 1759.1
1357980 1759.2
1357990 1759.2
1358000 1760.8
1358010 1762.1
1358020 1762.1
1358030 1761.5
1358040 1760.9
1358050 1760.9
1358060 1761.1
1358070 1760.9
1358080 1760.8
1358090 1760.8
1358100 1760.8
1358110 1761.3
1358120 1761.3
1358130 1760.5
1358140 1759.1
1358150 1759.1
1358160 1757.9
1358170 1756.0
1358180 1756.0
1358190 1754.5
1358200 1754.4
1358210 1749.0
1358220 1748.2
1358230 1747.0
1358240 1747.0
1358250 1745.9
1358260 1744.4
1358270 1744.4
1358280 1741.0
1358290 1739.7
1358300 1739.7
1358310 1740.0
1358320 1739.7
1358330 1738.4
1358340 1738.4
1358350 1737.2
1358360 1736.3
1358370 1736.3
1358380 1735.9
1358390 1735.4
1358400 1735.4
1358410 1734.6
1358420 1733.9
1358430 1733.9
1358440 1734.3
1358450 1734.7
1358460 1734.7
1358470 1734.6
1358480 1734.5
1358490 1734.5
1358500 1734.3
1358510 1734.0
1358520 1734.0
1358530 1733.6
1358540 1733.8
1358550 1733.8
1358560 1734.3
1358570 1734.4
1358580 1734.4
1358590 1734.3
1358600 1733.6
1358610 1732.0
1358620 1732.0
1358630 1730.7
1358640 1729.5
1358650 1729.5
1358660 1728.5
1358670 1726.9
1358680 1726.9
1358690 1725.7
1358700 1724.9
1358710 1724.9
1358720 1722.3
1358730 1717.4
1358740 1717.4
1358750 1712.8
1358760 1710.0
1358770 1710.0
1358780 1707.9
1358790 1706.1
1358800 1706.1
1358810 1704.7
1358820 1702.9
1358830 1702.9
1358840 1701.3
1358850 1700.1
1358860 1702.1
1358870 1702.1
1358880 1703.2
1358890 1701.7
1358900 1701.7
1358910 1698.6
1358920 1694.8
1358930 1694.8
1358940 1689.7
1358950 1686.0
1358960 1686.0
1358970 1682.0
1358980 1682.1
1358990 1682.1
1359000 1681.8
1359010 1680.9
1359020 1680.9
1359030 1681.2
1359040 1682.4
1359050 1682.4
1359060 1684.1
1359070 1683.6
1359080 1683.6
1359090 1682.7
1359100 1679.2
1359110 1679.2
1359120 1675.1
1359130 1671.3
1359140 1668.1
1359150 1668.1
1359160 1665.1
1359170 1660.9
1359180 1660.9
1359190 1657.3
1359200 1653.9
1359210 1653.9
1359220 1652.7
1359230 1644.1
1359240 1644.1
1359250 1638.0
1359260 1634.8
1359270 1634.8
1359280 1631.3
1359290 1629.0
1359300 1629.0
1359310 1626.7
1359320 1625.5
1359330 1625.5
1359340 1624.7
1359350 1625.1
1359360 1625.1
1359370 1625.2
1359380 1624.8
1359390 1619.4
1359400 1619.4
1359410 1618.8
1359420 1621.2
1359430 1621.2
1359440 1622.6
1359450 1623.3
1359460 1623.3
1359470 1624.2
1359480 1626.6
1359490 1626.6
1359500 1629.6
1359510 1633.8
1359520 1633.8
1359530 1638.8
1359540 1638.5
1359550 1638.5
1359560 1638.8
1359570 1639.2
1359580 1639.2
1359590 1638.4
1359600 1637.3
1359610 1637.3
1359620 1635.1
1359630 1632.3
1359640 1632.3
1359650 1626.1
1359660 1619.9
1359670 1615.1
1359680 1615.1
1359690 1610.3
1359700 1605.4
1359710 1605.4
1359720 1600.7
1359730 1597.4
1359740 1597.4
1359750 1595.4
1359760 1593.6
1359770 1593.6
1359780 1589.8
1359790 1588.8
1359800 1588.8
1359810 1585.2
1359820 1582.1
1359830 1582.1
1359840 1580.8
1359850 1580.9
1359860 1580.9
1359870 1578.1
1359880 1574.3
1359890 1574.3
1359900 1571.5
1359910 1568.0
1359920 1568.0
1359930 1563.2
1359940 1559.8
1359950 1554.9
1359960 1554.9
1359970 1549.0
1359980 1544.7
1359990 1544.7
