1340000 1570.6
1340010 1566.0
1340020 1566.0
1340030 1560.8
1340040 1555.7
1340050 1555.7
1340060 1550.2
1340070 1544.6
1340080 1538.6
1340090 1538.6
1340100 1532.5
1340110 1526.5
1340120 1526.5
1340130 1520.6
1340140 1514.3
1340150 1514.3
1340160 1508.1
1340170 1502.1
1340180 1502.1
1340190 1495.9
1340200 1490.1
1340210 1490.1
1340220 1482.6
1340230 1478.1
1340240 1478.1
1340250 1473.5
1340260 1467.9
1340270 1467.9
1340280 1462.0
1340290 1456.8
1340300 1456.8
1340310 1451.6
1340320 1446.1
1340330 1443.6
1340340 1438.2
1340350 1433.1
1340360 1428.1
1340370 1428.1
1340380 1423.5
1340390 1418.7
1340400 1418.7
1340410 1414.0
1340420 1408.7
1340430 1408.7
1340440 1403.5
1340450 1399.8
1340460 1399.8
1340470 1396.0
1340480 1393.8
1340490 1393.8
1340500 1392.5
1340510 1391.3
1340520 1391.3
1340530 1389.5
1340540 1387.8
1340550 1387.8
1340560 1386.1
1340570 1384.2
1340580 1384.2
1340590 1382.1
1340600 1380.0
1340610 1377.3
1340620 1377.3
1340630 1374.7
1340640 1374.9
1340650 1374.9
1340660 1370.0
1340670 1367.9
1340680 1367.9
1340690 1371.7
1340700 1375.7
1340710 1375.7
1340720 1376.1
1340730 1374.1
1340740 1374.1
1340750 1372.6
1340760 1371.1
1340770 1371.1
1340780 1369.0
1340790 1367.3
1340800 1367.3
1340810 1365.6
1340820 1364.0
1340830 1364.0
1340840 1365.5
1340850 1366.1
1340860 1366.1
1340870 1367.7
1340880 1369.6
1340890 1368.6
1340900 1368.6
1340910 1370.5
1340920 1374.1
1340930 1374.1
1340940 1376.3
1340950 1379.0
1340960 1379.0
1340970 1384.7
1340980 1390.8
1340990 1390.8
1341000 1397.2
1341010 1403.7
1341020 1403.7
1341030 1409.3
1341040 1415.4
1341050 1415.4
1341060 1423.7
1341070 1432.5
1341080 1432.5
1341090 1439.5
1341100 1446.2
1341110 1446.2
1341120 1452.0
1341130 1459.3
1341140 1459.3
1341150 1468.3
1341160 1475.6
1341170 1481.0
1341180 1481.0
1341190 1485.7
1341200 1489.8
1341210 1493.7
1341220 1497.1
1341230 1500.4
1341240 1500.4
1341250 1503.1
1341260 1506.7
1341270 1506.7
1341280 1510.2
1341290 1513.9
1341300 1513.9
1341310 1518.3
1341320 1523.5
1341330 1523.5
1341340 1527.7
1341350 1529.8
1341360 1529.8
1341370 1529.4
1341380 1530.4
1341390 1530.4
1341400 1532.8
1341410 1535.5
1341420 1539.2
1341430 1539.2
1341440 1542.3
1341450 1545.4
1341460 1545.4
1341470 1549.1
1341480 1552.4
1341490 1552.4
1341500 1556.6
1341510 1562.9
1341520 1562.9
1341530 1569.6
1341540 1575.9
1341550 1575.9
1341560 1580.2
1341570 1584.9
1341580 1584.9
1341590 1591.4
1341600 1599.9
1341610 1599.9
1341620 1606.6
1341630 1611.6
1341640 1611.6
1341650 1615.9
1341660 1619.5
1341670 1619.5
1341680 1622.3
1341690 1624.7
1341700 1626.4
1341710 1626.4
1341720 1628.4
1341730 1630.6
1341740 1630.6
1341750 1631.3
1341760 1632.4
1341770 1632.4
1341780 1632.1
1341790 1631.2
1341800 1631.2
1341810 1629.1
1341820 1629.8
1341830 1629.8
1341840 1633.6
1341850 1636.4
1341860 1636.4
1341870 1638.4
1341880 1640.4
1341890 1640.4
1341900 1642.3
1341910 1644.9
1341920 1644.9
1341930 1647.1
1341940 1649.0
1341950 1649.0
1341960 1650.4
1341970 1652.9
1341980 1656.3
1341990 1656.3
1342000 1659.1
1342010 1662.9
1342020 1662.9
1342030 1664.8
1342040 1667.1
1342050 1667.1
1342060 1669.0
1342070 1669.1
1342080 1669.1
1342090 1668.9
1342100 1669.4
1342110 1673.0
1342120 1674.0
1342130 1674.8
1342140 1674.8
1342150 1675.1
1342160 1674.8
1342170 1674.8
1342180 1674.6
1342190 1675.3
1342200 1675.3
1342210 1677.0
1342220 1681.1
1342230 1685.0
1342240 1685.0
1342250 1689.4
1342260 1691.7
1342270 1691.7
1342280 1693.6
1342290 1696.9
1342300 1696.9
1342310 1701.3
1342320 1705.5
1342330 1705.5
1342340 1707.9
1342350 1709.3
1342360 1709.3
1342370 1709.8
1342380 1709.4
1342390 1709.4
1342400 1708.3
1342410 1706.9
1342420 1706.9
1342430 1705.6
1342440 1705.6
1342450 1705.6
1342460 1706.4
1342470 1708.5
1342480 1708.5
1342490 1711.9
1342500 1717.2
1342510 1724.2
1342520 1724.2
1342530 1731.3
1342540 1737.9
1342550 1737.9
1342560 1743.8
1342570 1747.8
1342580 1747.8
1342590 1751.3
1342600 1755.1
1342610 1755.1
1342620 1758.1
1342630 1760.0
1342640 1760.0
1342650 1761.6
1342660 1762.4
1342670 1762.4
1342680 1761.0
1342690 1759.1
1342700 1759.1
1342710 1757.5
1342720 1761.7
1342730 1761.7
1342740 1763.7
1342750 1764.5
1342760 1766.1
1342770 1766.1
1342780 1768.5
1342790 1770.4
1342800 1770.4
1342810 1774.6
1342820 1780.3
1342830 1780.3
1342840 1786.7
1342850 1793.2
1342860 1793.2
1342870 1800.0
1342880 1807.7
1342890 1807.7
1342900 1815.4
1342910 1823.8
1342920 1823.8
1342930 1832.3
1342940 1838.8
1342950 1838.8
1342960 1843.8
1342970 1848.3
1342980 1848.3
1342990 1850.9
1343000 1853.5
1343010 1853.5
1343020 1851.4
1343030 1849.3
1343040 1845.7
1343050 1845.7
1343060 1842.1
1343070 1839.6
1343080 1839.6
1343090 1836.8
1343100 1834.5
1343110 1834.5
1343120 1836.1
1343130 1840.4
1343140 1840.4
1343150 1844.7
1343160 1846.3
1343170 1846.3
1343180 1848.0
1343190 1846.9
1343200 1846.9
1343210 1844.2
1343220 1842.5
1343230 1842.5
1343240 1843.5
1343250 1848.2
1343260 1848.2
1343270 1849.2
1343280 1851.1
1343290 1851.1
1343300 1853.9
1343310 1858.1
1343320 1863.2
1343330 1863.2
1343340 1868.5
1343350 1873.9
1343360 1873.9
1343370 1880.6
1343380 1887.3
1343390 1887.3
1343400 1894.2
1343410 1903.0
1343420 1903.0
1343430 1912.7
1343440 1922.1
1343450 1922.1
1343460 1924.9
1343470 1928.2
1343480 1928.2
1343490 1931.6
1343500 1936.6
1343510 1936.6
1343520 1943.2
1343530 1950.5
1343540 1950.5
1343550 1958.4
1343560 1968.5
1343570 1983.4
1343580 1983.4
1343590 1995.1
1343600 2005.3
1343610 2005.3
1343620 2015.7
1343630 2025.3
1343640 2025.3
1343650 2035.9
1343660 2044.1
1343670 2044.1
1343680 2047.1
1343690 2045.7
1343700 2045.7
1343710 2047.5
1343720 2048.0
1343730 2048.0
1343740 2047.5
1343750 2044.7
1343760 2044.7
1343770 2042.1
1343780 2041.9
1343790 2041.9
1343800 2042.7
1343810 2046.2
1343820 2046.2
1343830 2047.0
1343840 2047.5
1343850 2049.2
1343860 2049.2
1343870 2051.2
1343880 2053.7
1343890 2053.7
1343900 2056.0
1343910 2060.8
1343920 2060.8
1343930 2061.8
1343940 2063.3
1343950 2063.3
1343960 2061.9
1343970 2058.0
1343980 2058.0
1343990 2053.4
1344000 2049.3
1344010 2049.3
1344020 2047.8
1344030 2049.7
1344040 2049.7
1344050 2050.8
1344060 2049.8
1344070 2049.8
1344080 2046.0
1344090 2039.5
1344100 2039.5
1344110 2032.6
1344120 2024.9
1344130 2017.8
1344140 2017.8
1344150 2011.9
1344160 2005.9
1344170 2005.9
1344180 1999.4
1344190 1995.4
1344200 1995.4
1344210 1997.2
1344220 1998.2
1344230 1998.2
1344240 1996.5
1344250 1993.6
1344260 1993.6
1344270 1989.7
1344280 1985.2
1344290 1985.2
1344300 1980.5
1344310 1974.7
1344320 1974.7
1344330 1965.5
1344340 1957.4
1344350 1957.4
1344360 1948.1
1344370 1937.2
1344380 1928.7
1344390 1928.7
1344400 1921.1
1344410 1915.7
1344420 1915.7
1344430 1911.6
1344440 1908.8
1344450 1908.8
1344460 1907.0
1344470 1904.2
1344480 1904.2
1344490 1900.1
1344500 1895.8
1344510 1895.8
1344520 1891.2
1344530 1886.2
1344540 1886.2
1344550 1880.9
1344560 1876.1
1344570 1876.1
1344580 1871.8
1344590 1867.6
1344600 1867.6
1344610 1863.7
1344620 1859.6
1344630 1859.6
1344640 1855.3
1344650 1851.0
1344660 1846.7
1344670 1846.7
1344680 1841.4
1344690 1836.7
1344700 1836.7
1344710 1833.3
1344720 1830.1
1344730 1830.1
1344740 1826.7
1344750 1823.3
1344760 1823.3
1344770 1819.2
1344780 1815.1
1344790 1815.1
1344800 1811.0
1344810 1809.0
1344820 1809.0
1344830 1805.4
1344840 1801.9
1344850 1801.9
1344860 1798.0
1344870 1793.9
1344880 1793.9
1344890 1789.7
1344900 1785.0
1344910 1785.0
1344920 1780.2
1344930 1775.6
1344940 1770.2
1344950 1770.2
1344960 1764.4
1344970 1758.9
1344980 1758.9
1344990 1753.5
1345000 1748.4
1345010 1748.4
1345020 1744.2
1345030 1740.2
1345040 1740.2
1345050 1736.6
1345060 1732.7
1345070 1732.7
1345080 1727.9
1345090 1723.6
1345100 1723.6
1345110 1720.0
1345120 1715.5
1345130 1715.5
1345140 1709.6
1345150 1702.9
1345160 1702.9
1345170 1695.5
1345180 1688.3
1345190 1681.5
1345200 1681.5
1345210 1674.2
1345220 1667.3
1345230 1667.3
1345240 1660.3
1345250 1653.8
1345260 1653.8
1345270 1647.4
1345280 1641.8
1345290 1641.8
1345300 1636.5
1345310 1631.2
1345320 1631.2
1345330 1625.1
1345340 1618.5
1345350 1618.5
1345360 1611.8
1345370 1605.3
1345380 1605.3
1345390 1598.5
1345400 1592.7
1345410 1592.7
1345420 1587.5
1345430 1582.7
1345440 1582.7
1345450 1577.9
1345460 1574.3
1345470 1571.7
1345480 1571.7
1345490 1568.8
1345500 1563.6
1345510 1563.6
1345520 1558.6
1345530 1552.0
1345540 1552.0
1345550 1549.5
1345560 1551.1
1345570 1551.1
1345580 1553.2
1345590 1555.5
1345600 1555.5
1345610 1557.7
1345620 1559.5
1345630 1559.5
1345640 1561.0
1345650 1562.2
1345660 1562.2
1345670 1563.6
1345680 1565.9
1345690 1565.9
1345700 1568.7
1345710 1572.1
1345720 1576.6
1345730 1579.2
1345740 1583.9
1345750 1589.1
1345760 1589.1
1345770 1593.4
1345780 1598.0
1345790 1598.0
1345800 1602.9
1345810 1607.9
1345820 1607.9
1345830 1613.5
1345840 1619.2
1345850 1619.2
1345860 1624.5
1345870 1630.6
1345880 1630.6
1345890 1637.4
1345900 1643.4
1345910 1643.4
1345920 1649.4
1345930 1655.4
1345940 1655.4
1345950 1661.8
1345960 1668.2
1345970 1668.2
1345980 1675.2
1345990 1682.3
1346000 1689.7
1346010 1689.7
1346020 1697.7
1346030 1705.1
1346040 1705.1
1346050 1712.7
1346060 1720.6
1346070 1720.6
1346080 1729.0
1346090 1737.2
1346100 1737.2
1346110 1744.6
1346120 1751.8
1346130 1751.8
1346140 1759.1
1346150 1766.1
1346160 1766.1
1346170 1773.6
1346180 1782.4
1346190 1782.4
1346200 1787.3
1346210 1788.6
1346220 1788.6
1346230 1790.5
1346240 1793.6
1346250 1793.6
1346260 1803.7
1346270 1818.6
1346280 1831.0
1346290 1831.0
1346300 1839.8
1346310 1840.4
1346320 1840.4
1346330 1846.3
1346340 1856.0
1346350 1856.0
1346360 1859.1
1346370 1861.4
1346380 1861.4
1346390 1865.3
1346400 1870.7
1346410 1870.7
1346420 1876.6
1346430 1879.2
1346440 1879.2
1346450 1877.0
1346460 1875.0
1346470 1875.0
1346480 1875.4
1346490 1878.1
1346500 1878.1
1346510 1883.0
1346520 1888.1
1346530 1894.4
1346540 1894.4
1346550 1899.9
1346560 1905.0
1346570 1905.0
1346580 1911.2
1346590 1919.3
1346600 1919.3
1346610 1928.6
1346620 1939.0
1346630 1939.0
1346640 1948.7
1346650 1962.1
1346660 1962.1
1346670 1970.1
1346680 1979.6
1346690 1979.6
1346700 1990.4
1346710 2008.0
1346720 2008.0
1346730 2026.7
1346740 2043.9
1346750 2043.9
1346760 2050.3
1346770 2052.8
1346780 2052.8
1346790 2055.9
1346800 2057.8
1346810 2059.4
1346820 2059.4
1346830 2057.8
1346840 2055.9
1346850 2055.9
1346860 2056.7
1346870 2057.1
1346880 2057.1
1346890 2054.4
1346900 2050.3
1346910 2050.3
1346920 2043.0
1346930 2044.2
1346940 2044.2
1346950 2050.0
1346960 2047.4
1346970 2047.4
1346980 2044.7
1346990 2045.0
1347000 2045.0
1347010 2046.9
1347020 2048.4
1347030 2048.4
1347040 2049.4
1347050 2050.2
1347060 2050.2
1347070 2051.8
1347080 2052.8
1347090 2052.1
1347100 2052.1
1347110 2053.7
1347120 2057.0
1347130 2057.0
1347140 2061.5
1347150 2064.7
1347160 2064.7
1347170 2067.2
1347180 2069.3
1347190 2069.3
1347200 2077.3
1347210 2081.4
1347220 2081.4
1347230 2085.3
1347240 2092.0
1347250 2092.0
1347260 2096.9
1347270 2103.3
1347280 2103.3
1347290 2111.3
1347300 2117.3
1347310 2117.3
1347320 2122.5
1347330 2127.2
1347340 2131.6
1347350 2131.6
1347360 2135.9
1347370 2140.5
1347380 2140.5
1347390 2146.5
1347400 2153.4
1347410 2153.4
1347420 2160.8
1347430 2167.9
1347440 2167.9
1347450 2175.4
1347460 2183.0
1347470 2183.0
1347480 2191.0
1347490 2199.0
1347500 2199.0
1347510 2206.6
1347520 2215.0
1347530 2215.0
1347540 2224.3
1347550 2233.3
1347560 2233.3
1347570 2243.6
1347580 2252.3
1347590 2252.3
1347600 2261.9
1347610 2272.4
1347620 2277.3
1347630 2277.3
1347640 2276.3
1347650 2276.5
1347660 2276.5
1347670 2280.4
1347680 2283.9
1347690 2283.9
1347700 2292.7
1347710 2302.7
1347720 2302.7
1347730 2309.5
1347740 2317.8
1347750 2317.8
1347760 2324.3
1347770 2326.7
1347780 2326.7
1347790 2327.8
1347800 2328.7
1347810 2328.7
1347820 2332.6
1347830 2342.8
1347840 2342.8
1347850 2353.0
1347860 2357.4
1347870 2357.4
1347880 2362.3
1347890 2366.0
1347900 2371.0
1347910 2371.0
1347920 2377.9
1347930 2380.9
1347940 2380.9
1347950 2378.8
1347960 2375.6
1347970 2375.6
1347980 2369.8
1347990 2364.5
1348000 2364.5
1348010 2351.8
1348020 2343.1
1348030 2343.1
1348040 2337.2
1348050 2332.6
1348060 2332.6
1348070 2324.3
1348080 2317.2
1348090 2317.2
1348100 2311.8
1348110 2307.5
1348120 2307.5
1348130 2303.9
1348140 2302.1
1348150 2301.1
1348160 2301.1
1348170 2301.1
1348180 2297.5
1348190 2297.5
1348200 2292.7
1348210 2290.6
1348220 2290.6
1348230 2286.3
1348240 2282.6
1348250 2282.6
1348260 2275.5
1348270 2270.9
1348280 2270.9
1348290 2263.4
1348300 2259.7
1348310 2259.7
1348320 2254.7
1348330 2244.6
1348340 2244.6
1348350 2239.2
1348360 2236.9
1348370 2236.9
1348380 2223.9
1348390 2219.7
1348400 2219.7
1348410 2215.6
1348420 2211.8
1348430 2210.9
1348440 2210.9
1348450 2211.0
1348460 2212.5
1348470 2212.5
1348480 2209.7
1348490 2202.5
1348500 2202.5
1348510 2189.1
1348520 2186.1
1348530 2186.1
1348540 2182.4
1348550 2182.0
1348560 2182.0
1348570 2183.7
1348580 2185.7
1348590 2185.7
1348600 2187.2
1348610 2192.0
1348620 2192.0
1348630 2200.7
1348640 2202.8
1348650 2202.8
1348660 2201.4
1348670 2199.9
1348680 2199.9
1348690 2199.1
1348700 2199.7
1348710 2202.5
1348720 2202.5
1348730 2211.1
1348740 2214.9
1348750 2214.9
1348760 2219.0
1348770 2216.4
1348780 2216.4
1348790 2216.8
1348800 2225.3
1348810 2225.3
1348820 2227.6
1348830 2228.2
1348840 2228.2
1348850 2228.2
1348860 2227.8
1348870 2227.8
1348880 2225.5
1348890 2226.0
1348900 2226.0
1348910 2226.8
1348920 2224.2
1348930 2224.2
1348940 2224.2
1348950 2223.3
1348960 2221.0
1348970 2221.0
1348980 2219.0
1348990 2217.9
1349000 2217.9
1349010 2217.2
1349020 2217.7
1349030 2217.7
1349040 2218.8
1349050 2220.0
1349060 2220.0
1349070 2224.0
1349080 2228.3
1349090 2228.3
1349100 2233.6
1349110 2231.8
1349120 2231.8
1349130 2238.7
1349140 2237.7
1349150 2237.7
1349160 2231.1
1349170 2222.3
1349180 2222.3
1349190 2217.9
1349200 2216.5
1349210 2216.5
1349220 2216.0
1349230 2215.3
1349240 2214.6
1349250 2214.6
1349260 2213.0
1349270 2211.1
1349280 2211.1
1349290 2209.2
1349300 2206.3
1349310 2206.3
1349320 2191.6
1349330 2184.8
1349340 2184.8
1349350 2182.3
1349360 2182.5
1349370 2182.5
1349380 2181.4
1349390 2179.3
1349400 2179.3
1349410 2177.0
1349420 2176.6
1349430 2176.6
1349440 2177.2
1349450 2169.7
1349460 2169.7
1349470 2171.9
1349480 2176.1
1349490 2179.5
1349500 2179.5
1349510 2181.6
1349520 2181.9
1349530 2181.9
1349540 2182.0
1349550 2182.0
1349560 2182.0
1349570 2180.6
1349580 2177.6
1349590 2177.6
1349600 2170.2
1349610 2162.0
1349620 2162.0
1349630 2153.8
1349640 2146.6
1349650 2146.6
1349660 2140.3
1349670 2134.5
1349680 2134.5
1349690 2130.4
1349700 2127.8
1349710 2127.8
1349720 2125.8
1349730 2123.4
1349740 2123.4
1349750 2121.5
1349760 2120.0
1349770 2119.3
1349780 2119.3
1349790 2118.2
1349800 2116.8
1349810 2116.8
1349820 2114.6
1349830 2111.7
1349840 2111.7
1349850 2108.7
1349860 2106.2
1349870 2106.2
1349880 2104.2
1349890 2102.1
1349900 2102.1
1349910 2099.9
1349920 2098.1
1349930 2098.1
1349940 2096.4
1349950 2094.6
1349960 2094.6
1349970 2093.5
1349980 2092.2
1349990 2092.2
1350000 2090.8
1350010 2089.8
1350020 2089.8
1350030 2089.4
1350040 2087.5
1350050 2084.7
1350060 2084.7
1350070 2082.8
1350080 2080.0
1350090 2080.0
1350100 2076.3
1350110 2075.8
1350120 2075.8
1350130 2075.4
1350140 2074.7
1350150 2074.7
1350160 2074.7
1350170 2073.8
1350180 2073.8
1350190 2073.2
1350200 2072.9
1350210 2072.9
1350220 2072.8
1350230 2072.5
1350240 2072.5
1350250 2072.8
1350260 2072.9
1350270 2072.9
1350280 2072.8
1350290 2072.7
1350300 2072.5
1350310 2072.5
1350320 2072.1
1350330 2071.5
1350340 2071.5
1350350 2070.7
1350360 2069.6
1350370 2069.6
1350380 2068.5
1350390 2066.3
1350400 2066.3
1350410 2064.5
1350420 2062.5
1350430 2062.5
1350440 2061.0
1350450 2059.4
1350460 2059.4
1350470 2057.7
1350480 2055.6
1350490 2055.6
1350500 2054.2
1350510 2052.2
1350520 2052.2
1350530 2050.3
1350540 2049.0
1350550 2049.0
1350560 2047.2
1350570 2044.9
1350580 2042.4
1350590 2042.4
1350600 2039.6
1350610 2037.1
1350620 2037.1
1350630 2034.9
1350640 2031.9
1350650 2031.9
1350660 2029.1
1350670 2026.9
1350680 2026.9
1350690 2024.9
1350700 2022.3
1350710 2022.3
1350720 2019.0
1350730 2015.3
1350740 2015.3
1350750 2010.9
1350760 2007.5
1350770 2007.5
1350780 2004.6
1350790 2002.0
1350800 2002.0
1350810 1999.5
1350820 1997.1
1350830 1997.1
1350840 1995.4
1350850 1994.4
1350860 1994.3
1350870 1994.3
1350880 1994.1
1350890 1993.7
1350900 1993.7
1350910 1993.3
1350920 1993.0
1350930 1993.0
1350940 1992.6
1350950 1992.4
1350960 1992.4
1350970 1992.1
1350980 1991.8
1350990 1991.8
1351000 1991.4
1351010 1991.1
1351020 1991.1
1351030 1991.1
1351040 1991.2
1351050 1991.2
1351060 1990.9
1351070 1991.2
1351080 1991.2
1351090 1991.0
1351100 1990.7
1351110 1991.2
1351120 1991.2
1351130 1991.3
1351140 1991.0
1351150 1991.0
1351160 1991.3
1351170 1990.9
1351180 1990.9
1351190 1990.1
1351200 1989.0
1351210 1989.0
1351220 1987.6
1351230 1986.7
1351240 1986.7
1351250 1986.6
1351260 1984.5
1351270 1984.5
1351280 1979.8
1351290 1973.1
1351300 1973.1
1351310 1967.6
1351320 1964.0
1351330 1964.0
1351340 1960.7
1351350 1959.8
1351360 1959.8
1351370 1956.0
1351380 1951.7
1351390 1948.5
1351400 1948.5
1351410 1945.8
1351420 1942.6
1351430 1942.6
1351440 1939.1
1351450 1935.9
1351460 1935.9
1351470 1932.8
1351480 1929.8
1351490 1929.8
1351500 1927.2
1351510 1924.1
1351520 1924.1
1351530 1921.1
1351540 1918.5
1351550 1918.5
1351560 1915.9
1351570 1913.4
1351580 1913.4
1351590 1911.3
1351600 1909.1
1351610 1909.1
1351620 1906.4
1351630 1903.4
1351640 1900.4
1351650 1900.4
1351660 1897.6
1351670 1895.1
1351680 1895.1
1351690 1893.0
1351700 1890.4
1351710 1890.4
1351720 1887.8
1351730 1885.7
1351740 1885.7
1351750 1884.2
1351760 1882.2
1351770 1882.2
1351780 1880.2
1351790 1878.3
1351800 1878.3
1351810 1876.7
1351820 1875.6
1351830 1875.6
1351840 1874.0
1351850 1874.5
1351860 1874.5
1351870 1875.3
1351880 1874.5
1351890 1874.5
1351900 1873.6
1351910 1873.3
1351920 1873.6
1351930 1873.6
1351940 1874.8
1351950 1875.4
1351960 1875.4
1351970 1875.4
1351980 1875.4
1351990 1875.4
1352000 1874.1
1352010 1872.1
1352020 1872.1
1352030 1870.0
1352040 1867.2
1352050 1867.2
1352060 1863.2
1352070 1858.7
1352080 1858.7
1352090 1851.5
1352100 1843.6
1352110 1843.6
1352120 1837.3
1352130 1833.3
1352140 1833.3
1352150 1829.1
1352160 1823.0
1352170 1823.0
1352180 1817.3
1352190 1815.2
1352200 1820.3
1352210 1820.3
1352220 1826.3
1352230 1834.1
1352240 1834.1
1352250 1841.1
1352260 1847.5
1352270 1847.5
1352280 1851.5
1352290 1856.5
1352300 1856.5
1352310 1861.7
1352320 1866.3
1352330 1866.3
1352340 1870.2
1352350 1874.6
1352360 1874.6
1352370 1878.3
1352380 1882.2
1352390 1882.2
1352400 1887.0
1352410 1892.6
1352420 1892.6
1352430 1898.1
1352440 1903.9
1352450 1910.3
1352460 1910.3
1352470 1917.9
1352480 1924.4
1352490 1924.4
1352500 1931.9
1352510 1939.9
1352520 1939.9
1352530 1946.4
1352540 1951.3
1352550 1951.3
1352560 1956.0
1352570 1961.1
1352580 1961.1
1352590 1964.8
1352600 1966.4
1352610 1966.4
1352620 1968.5
1352630 1971.0
1352640 1971.0
1352650 1972.4
1352660 1973.2
1352670 1973.2
1352680 1973.0
1352690 1973.1
1352700 1973.1
1352710 1972.7
1352720 1971.6
1352730 1971.9
1352740 1971.9
1352750 1972.9
1352760 1974.7
1352770 1974.7
1352780 1976.3
1352790 1979.4
1352800 1979.4
1352810 1985.1
1352820 1991.2
1352830 1991.2
1352840 2000.8
1352850 2009.7
1352860 2009.7
1352870 2014.1
1352880 2017.4
1352890 2017.4
1352900 2020.3
1352910 2023.7
1352920 2023.7
1352930 2028.7
1352940 2033.1
1352950 2033.1
1352960 2035.0
1352970 2035.9
1352980 2035.9
1352990 2035.9
1353000 2036.5
1353010 2036.9
1353020 2036.9
1353030 2037.1
1353040 2037.6
1353050 2037.6
1353060 2039.1
1353070 2040.9
1353080 2040.9
1353090 2042.8
1353100 2044.7
1353110 2044.7
1353120 2046.5
1353130 2049.1
1353140 2049.1
1353150 2051.3
1353160 2053.0
1353170 2053.0
1353180 2056.7
1353190 2061.6
1353200 2061.6
1353210 2066.5
1353220 2071.7
1353230 2071.7
1353240 2078.3
1353250 2087.3
1353260 2091.5
1353270 2090.1
1353280 2092.7
1353290 2091.8
1353300 2091.8
1353310 2091.0
1353320 2090.7
1353330 2090.7
1353340 2093.5
1353350 2094.4
1353360 2094.4
1353370 2092.5
1353380 2092.8
1353390 2092.8
1353400 2095.7
1353410 2097.7
1353420 2097.7
1353430 2099.6
1353440 2101.1
1353450 2101.1
1353460 2102.5
1353470 2104.8
1353480 2104.8
1353490 2106.8
1353500 2108.3
1353510 2108.3
1353520 2110.5
1353530 2114.3
1353540 2118.5
1353550 2118.5
1353560 2122.4
1353570 2127.1
1353580 2127.1
1353590 2132.8
1353600 2139.6
1353610 2139.6
1353620 2147.0
1353630 2154.0
1353640 2154.0
1353650 2161.1
1353660 2169.1
1353670 2169.1
1353680 2178.4
1353690 2185.9
1353700 2185.9
1353710 2192.8
1353720 2200.3
1353730 2200.3
1353740 2208.0
1353750 2214.9
1353760 2214.9
1353770 2221.9
1353780 2229.7
1353790 2229.7
1353800 2241.3
1353810 2252.9
1353820 2261.2
1353830 2261.2
1353840 2269.8
1353850 2278.2
1353860 2278.2
1353870 2285.9
1353880 2294.4
1353890 2294.4
1353900 2302.8
1353910 2312.6
1353920 2312.6
1353930 2323.0
1353940 2333.1
1353950 2333.1
1353960 2343.2
1353970 2352.6
1353980 2352.6
1353990 2361.7
1354000 2370.7
1354010 2370.7
1354020 2379.0
1354030 2388.2
1354040 2388.2
1354050 2395.7
1354060 2403.1
1354070 2410.2
1354080 2410.2
1354090 2416.1
1354100 2421.0
1354110 2421.0
1354120 2424.2
1354130 2426.7
1354140 2426.7
1354150 2427.0
1354160 2425.4
1354170 2425.4
1354180 2423.3
1354190 2419.5
1354200 2419.5
1354210 2414.8
1354220 2408.8
1354230 2408.8
1354240 2402.0
1354250 2394.8
1354260 2394.8
1354270 2388.8
1354280 2383.0
1354290 2383.0
1354300 2378.0
1354310 2373.2
1354320 2373.2
1354330 2368.8
1354340 2365.1
1354350 2361.8
1354360 2361.8
1354370 2357.3
1354380 2354.2
1354390 2354.2
1354400 2352.8
1354410 2353.1
1354420 2353.1
1354430 2352.9
1354440 2351.2
1354450 2351.2
1354460 2349.1
1354470 2346.2
1354480 2346.2
1354490 2343.1
1354500 2340.7
1354510 2340.7
1354520 2336.4
1354530 2332.7
1354540 2332.7
1354550 2331.8
1354560 2332.8
1354570 2332.8
1354580 2332.4
1354590 2331.7
1354600 2331.0
1354610 2331.0
1354620 2330.1
1354630 2329.4
1354640 2329.4
1354650 2327.9
1354660 2324.3
1354670 2324.3
1354680 2322.5
1354690 2314.6
1354700 2314.6
1354710 2305.4
1354720 2300.9
1354730 2300.9
1354740 2295.1
1354750 2289.7
1354760 2289.7
1354770 2285.2
1354780 2281.0
1354790 2281.0
1354800 2278.6
1354810 2277.3
1354820 2277.3
1354830 2276.6
1354840 2276.3
1354850 2276.3
1354860 2276.5
1354870 2275.9
1354880 2275.9
1354890 2275.9
1354900 2275.9
1354910 2274.4
1354920 2274.4
1354930 2272.3
1354940 2270.6
1354950 2270.6
1354960 2267.9
1354970 2264.3
1354980 2264.3
1354990 2261.3
1355000 2259.5
1355010 2259.5
1355020 2258.8
1355030 2257.5
1355040 2257.5
1355050 2257.6
1355060 2259.7
1355070 2259.7
1355080 2261.1
1355090 2261.8
1355100 2261.8
1355110 2262.3
1355120 2262.9
1355130 2262.9
1355140 2264.2
1355150 2265.6
1355160 2265.9
1355170 2265.9
1355180 2267.6
1355190 2269.5
1355200 2269.5
1355210 2270.6
1355220 2271.8
1355230 2263.8
1355240 2267.1
1355250 2267.8
1355260 2267.8
1355270 2263.9
1355280 2258.7
1355290 2258.7
1355300 2254.4
1355310 2250.9
1355320 2250.9
1355330 2248.6
1355340 2245.2
1355350 2245.2
1355360 2240.7
1355370 2236.7
1355380 2236.7
1355390 2234.5
1355400 2231.7
1355410 2230.7
1355420 2230.7
1355430 2229.5
1355440 2228.6
1355450 2228.6
1355460 2227.4
1355470 2222.4
1355480 2222.4
1355490 2216.0
1355500 2210.8
1355510 2210.8
1355520 2205.4
1355530 2201.9
1355540 2201.9
1355550 2197.9
1355560 2195.9
1355570 2195.9
1355580 2195.6
1355590 2194.4
1355600 2194.4
1355610 2195.5
1355620 2196.6
1355630 2196.6
1355640 2196.7
1355650 2196.7
1355660 2196.7
1355670 2193.5
1355680 2192.6
1355690 2191.8
1355700 2191.8
1355710 2190.3
1355720 2188.4
1355730 2188.4
1355740 2186.2
1355750 2185.8
1355760 2185.8
1355770 2184.5
1355780 2186.4
1355790 2186.4
1355800 2187.9
1355810 2188.7
1355820 2188.7
1355830 2189.3
1355840 2191.1
1355850 2191.1
1355860 2194.3
1355870 2197.1
1355880 2197.1
1355890 2199.8
1355900 2202.7
1355910 2202.7
1355920 2205.1
1355930 2208.0
1355940 2208.0
1355950 2211.5
1355960 2214.9
1355970 2218.2
1355980 2218.2
1355990 2221.2
1356000 2225.3
1356010 2225.3
1356020 2228.7
1356030 2230.5
1356040 2230.5
1356050 2231.6
1356060 2232.8
1356070 2232.8
1356080 2235.2
1356090 2238.7
1356100 2238.7
1356110 2242.4
1356120 2243.1
1356130 2243.1
1356140 2237.7
1356150 2232.5
1356160 2232.5
1356170 2228.9
1356180 2225.4
1356190 2225.4
1356200 2221.4
1356210 2215.3
1356220 2216.2
1356230 2216.2
1356240 2211.8
1356250 2207.4
1356260 2207.4
1356270 2199.9
1356280 2191.4
1356290 2191.4
1356300 2184.3
1356310 2178.1
1356320 2178.1
1356330 2173.0
1356340 2167.1
1356350 2167.1
1356360 2162.9
1356370 2159.3
1356380 2159.3
1356390 2155.4
1356400 2154.2
1356410 2154.2
1356420 2154.2
1356430 2155.4
1356440 2155.4
1356450 2150.9
1356460 2142.9
1356470 2142.9
1356480 2137.2
1356490 2132.1
1356500 2128.7
1356510 2128.7
1356520 2126.8
1356530 2127.0
1356540 2127.0
1356550 2127.4
1356560 2127.2
1356570 2127.2
1356580 2124.8
1356590 2121.9
1356600 2121.9
1356610 2118.9
1356620 2116.1
1356630 2116.1
1356640 2113.3
1356650 2111.3
1356660 2111.3
1356670 2111.0
1356680 2112.4
1356690 2112.4
1356700 2116.0
1356710 2119.5
1356720 2119.5
1356730 2124.9
1356740 2131.1
1356750 2133.2
1356760 2133.2
1356770 2133.9
1356780 2130.5
1356790 2130.5
1356800 2125.6
1356810 2120.8
1356820 2120.8
1356830 2116.1
1356840 2112.4
1356850 2112.4
1356860 2109.0
1356870 2105.8
1356880 2105.8
1356890 2102.4
1356900 2098.8
1356910 2098.8
1356920 2096.4
1356930 2094.6
1356940 2094.6
1356950 2093.1
1356960 2091.8
1356970 2091.8
1356980 2090.1
1356990 2088.5
1357000 2088.5
1357010 2088.0
1357020 2087.1
1357030 2085.0
1357040 2085.0
1357050 2081.4
1357060 2078.0
1357070 2078.0
1357080 2075.4
1357090 2073.7
1357100 2073.7
1357110 2074.4
1357120 2075.1
1357130 2075.1
1357140 2073.2
1357150 2067.8
1357160 2067.8
1357170 2062.2
1357180 2058.5
1357190 2058.5
1357200 2057.2
1357210 2052.7
1357220 2059.8
1357230 2056.5
1357240 2052.0
1357250 2052.0
1357260 2046.6
1357270 2042.1
1357280 2042.1
1357290 2036.2
1357300 2027.8
1357310 2020.4
1357320 2020.4
1357330 2015.0
1357340 2010.8
1357350 2010.8
1357360 2006.9
1357370 2004.9
1357380 2004.9
1357390 2003.3
1357400 2000.4
1357410 2000.4
1357420 1998.7
1357430 1996.5
1357440 1996.5
1357450 1994.8
1357460 1993.7
1357470 1993.7
1357480 1994.0
1357490 1993.3
1357500 1993.3
1357510 1991.0
1357520 1987.1
1357530 1987.1
1357540 1983.6
1357550 1980.2
1357560 1975.5
1357570 1975.5
1357580 1971.8
1357590 1968.4
1357600 1968.4
1357610 1964.7
1357620 1960.5
1357630 1960.5
1357640 1957.0
1357650 1955.3
1357660 1955.3
1357670 1954.8
1357680 1954.5
1357690 1954.5
1357700 1954.0
1357710 1951.3
1357720 1951.3
1357730 1948.7
1357740 1946.9
1357750 1946.9
1357760 1945.7
1357770 1944.3
1357780 1944.3
1357790 1942.5
1357800 1941.4
1357810 1941.4
1357820 1940.7
1357830 1940.4
1357840 1939.1
1357850 1939.1
1357860 1935.0
1357870 1931.5
1357880 1931.5
1357890 1929.1
1357900 1924.5
1357910 1924.5
1357920 1919.1
1357930 1913.7
1357940 1913.7
1357950 1907.1
1357960 1900.9
1357970 1900.9
1357980 1895.9
1357990 1890.2
1358000 1890.2
1358010 1885.1
1358020 1878.6
1358030 1878.6
1358040 1871.3
1358050 1863.9
1358060 1863.9
1358070 1855.3
1358080 1848.1
1358090 1848.1
1358100 1842.3
1358110 1834.8
1358120 1826.2
1358130 1826.2
1358140 1818.1
1358150 1811.6
1358160 1811.6
1358170 1811.6
1358180 1812.2
1358190 1812.2
1358200 1810.4
1358210 1809.5
1358220 1813.6
1358230 1813.5
1358240 1814.4
1358250 1814.4
1358260 1816.2
1358270 1819.0
1358280 1819.0
1358290 1822.5
1358300 1827.6
1358310 1827.6
1358320 1833.3
1358330 1840.5
1358340 1840.5
1358350 1851.6
1358360 1863.1
1358370 1872.1
1358380 1872.1
1358390 1881.2
1358400 1883.8
1358410 1883.8
1358420 1885.6
1358430 1892.2
1358440 1892.2
1358450 1899.9
1358460 1903.7
1358470 1903.7
1358480 1907.9
1358490 1909.9
1358500 1909.9
1358510 1910.2
1358520 1911.1
1358530 1911.1
1358540 1913.1
1358550 1919.9
1358560 1919.9
1358570 1923.2
1358580 1923.8
1358590 1923.8
1358600 1925.3
1358610 1926.9
1358620 1926.9
1358630 1928.4
1358640 1929.8
1358650 1930.4
1358660 1930.4
1358670 1929.1
1358680 1929.5
1358690 1929.5
1358700 1933.4
1358710 1938.4
1358720 1938.4
1358730 1939.1
1358740 1937.4
1358750 1937.4
1358760 1935.8
1358770 1937.5
1358780 1937.5
1358790 1939.7
1358800 1942.3
1358810 1942.3
1358820 1944.4
1358830 1946.1
1358840 1946.1
1358850 1945.5
1358860 1945.1
1358870 1945.1
1358880 1945.6
1358890 1945.6
1358900 1945.6
1358910 1944.6
1358920 1941.4
1358930 1938.8
1358940 1938.8
1358950 1936.1
1358960 1934.0
1358970 1934.0
1358980 1936.9
1358990 1941.8
1359000 1941.8
1359010 1947.8
1359020 1951.1
1359030 1951.1
1359040 1952.5
1359050 1952.8
1359060 1952.8
1359070 1952.2
1359080 1952.4
1359090 1952.4
1359100 1950.9
1359110 1948.3
1359120 1948.3
1359130 1945.2
1359140 1942.9
1359150 1942.9
1359160 1940.0
1359170 1937.5
1359180 1933.9
1359190 1933.9
1359200 1932.5
1359210 1930.3
1359220 1930.3
1359230 1927.2
1359240 1923.8
1359250 1923.8
1359260 1922.1
1359270 1917.7
1359280 1917.7
1359290 1914.8
1359300 1909.7
1359310 1909.7
1359320 1904.7
1359330 1901.1
1359340 1901.1
1359350 1897.8
1359360 1894.2
1359370 1894.2
1359380 1890.0
1359390 1887.0
1359400 1887.0
1359410 1882.4
1359420 1876.4
1359430 1876.4
1359440 1870.1
1359450 1865.2
1359460 1861.5
1359470 1861.5
1359480 1859.6
1359490 1856.0
1359500 1856.0
1359510 1854.1
1359520 1850.3
1359530 1850.3
1359540 1847.0
1359550 1844.3
1359560 1844.3
1359570 1840.3
1359580 1835.8
1359590 1835.8
1359600 1832.0
1359610 1827.2
1359620 1827.2
1359630 1821.5
1359640 1817.3
1359650 1817.3
1359660 1812.5
1359670 1808.5
1359680 1808.5
1359690 1804.6
1359700 1799.4
1359710 1793.7
1359720 1793.7
1359730 1788.2
1359740 1782.7
1359750 1782.7
1359760 1777.2
1359770 1771.0
1359780 1771.0
1359790 1765.1
1359800 1760.9
1359810 1760.9
1359820 1757.1
1359830 1753.6
1359840 1753.6
1359850 1749.2
1359860 1744.1
1359870 1744.1
1359880 1740.0
1359890 1735.5
1359900 1735.5
1359910 1730.4
1359920 1725.6
1359930 1725.6
1359940 1720.5
1359950 1713.9
1359960 1713.9
1359970 1707.8
1359980 1701.6
1359990 1696.1
