1340000 1753.8
1340010 1750.6
1340020 1747.6
1340030 1747.6
1340040 1743.8
1340050 1740.1
1340060 1737.6
1340070 1737.6
1340080 1734.5
1340090 1730.4
1340100 1730.4
1340110 1726.3
1340120 1721.4
1340130 1721.4
1340140 1716.5
1340150 1711.9
1340160 1711.9
1340170 1707.5
1340180 1702.9
1340190 1702.9
1340200 1697.8
1340210 1692.7
1340220 1692.7
1340230 1687.5
1340240 1682.2
1340250 1682.2
1340260 1677.4
1340270 1673.4
1340280 1673.4
1340290 1669.3
1340300 1665.0
1340310 1659.9
1340320 1659.9
1340330 1653.5
1340340 1647.9
1340350 1647.9
1340360 1641.4
1340370 1636.6
1340380 1636.6
1340390 1632.1
1340400 1628.9
1340410 1628.9
1340420 1624.9
1340430 1620.0
1340440 1620.0
1340450 1614.2
1340460 1608.4
1340470 1608.4
1340480 1603.4
1340490 1596.7
1340500 1596.7
1340510 1588.2
1340520 1581.4
1340530 1581.4
1340540 1578.2
1340550 1575.1
1340560 1575.1
1340570 1571.9
1340580 1570.3
1340590 1568.3
1340600 1568.3
1340610 1566.6
1340620 1565.0
1340630 1565.0
1340640 1563.9
1340650 1563.9
1340660 1563.9
1340670 1562.9
1340680 1560.3
1340690 1560.3
1340700 1558.3
1340710 1557.2
1340720 1557.2
1340730 1557.8
1340740 1558.7
1340750 1558.7
1340760 1559.9
1340770 1563.6
1340780 1563.6
1340790 1567.5
1340800 1570.9
1340810 1570.9
1340820 1574.3
1340830 1577.0
1340840 1572.3
1340850 1572.7
1340860 1570.6
1340870 1567.5
1340880 1567.5
1340890 1563.7
1340900 1559.6
1340910 1559.6
1340920 1555.2
1340930 1550.7
1340940 1550.7
1340950 1546.4
1340960 1541.3
1340970 1541.3
1340980 1536.6
1340990 1532.4
1341000 1532.4
1341010 1528.0
1341020 1523.5
1341030 1523.5
1341040 1519.2
1341050 1514.5
1341060 1514.5
1341070 1508.3
1341080 1501.7
1341090 1501.7
1341100 1496.8
1341110 1491.6
1341120 1485.5
1341130 1485.5
1341140 1478.6
1341150 1471.2
1341160 1471.2
1341170 1464.4
1341180 1457.6
1341190 1457.6
1341200 1450.6
1341210 1445.1
1341220 1445.1
1341230 1438.8
1341240 1431.4
1341250 1431.4
1341260 1423.9
1341270 1415.7
1341280 1415.7
1341290 1407.5
1341300 1401.5
1341310 1401.5
1341320 1397.0
1341330 1390.5
1341340 1390.5
1341350 1382.6
1341360 1375.6
1341370 1375.6
1341380 1369.6
1341390 1365.2
1341400 1359.7
1341410 1359.7
1341420 1354.0
1341430 1349.0
1341440 1349.0
1341450 1345.7
1341460 1343.0
1341470 1343.0
1341480 1340.9
1341490 1339.1
1341500 1339.1
1341510 1337.1
1341520 1334.6
1341530 1334.6
1341540 1331.8
1341550 1330.2
1341560 1330.2
1341570 1330.4
1341580 1330.3
1341590 1330.3
1341600 1329.2
1341610 1327.9
1341620 1327.9
1341630 1326.9
1341640 1326.1
1341650 1326.1
1341660 1325.3
1341670 1324.1
1341680 1322.7
1341690 1322.7
1341700 1321.3
1341710 1320.4
1341720 1320.4
1341730 1318.6
1341740 1317.9
1341750 1317.9
1341760 1317.7
1341770 1316.0
1341780 1316.0
1341790 1315.1
1341800 1314.7
1341810 1314.7
1341820 1313.7
1341830 1313.1
1341840 1313.1
1341850 1311.5
1341860 1310.1
1341870 1310.1
1341880 1310.1
1341890 1313.5
1341900 1313.5
1341910 1318.6
1341920 1321.1
1341930 1321.1
1341940 1321.8
1341950 1323.0
1341960 1324.0
1341970 1324.0
1341980 1325.0
1341990 1326.9
1342000 1326.9
1342010 1330.0
1342020 1331.8
1342030 1331.8
1342040 1333.0
1342050 1334.6
1342060 1334.6
1342070 1336.8
1342080 1339.6
1342090 1339.6
1342100 1345.2
1342110 1350.7
1342120 1350.7
1342130 1354.2
1342140 1357.5
1342150 1357.5
1342160 1361.6
1342170 1366.4
1342180 1366.4
1342190 1370.1
1342200 1372.6
1342210 1373.5
1342220 1373.5
1342230 1373.3
1342240 1373.3
1342250 1373.3
1342260 1375.3
1342270 1380.7
1342280 1380.7
1342290 1386.7
1342300 1393.3
1342310 1393.3
1342320 1401.1
1342330 1408.3
1342340 1408.3
1342350 1412.5
1342360 1413.9
1342370 1413.9
1342380 1416.2
1342390 1422.0
1342400 1422.0
1342410 1426.7
1342420 1429.8
1342430 1429.8
1342440 1430.7
1342450 1429.7
1342460 1429.7
1342470 1435.7
1342480 1447.5
1342490 1456.0
1342500 1456.0
1342510 1457.3
1342520 1457.3
1342530 1457.3
1342540 1455.1
1342550 1449.9
1342560 1449.9
1342570 1455.6
1342580 1461.9
1342590 1461.9
1342600 1467.1
1342610 1475.9
1342620 1475.9
1342630 1485.9
1342640 1495.3
1342650 1495.3
1342660 1504.5
1342670 1507.7
1342680 1507.7
1342690 1509.7
1342700 1512.8
1342710 1512.8
1342720 1516.1
1342730 1520.3
1342740 1520.3
1342750 1524.9
1342760 1529.5
1342770 1535.1
1342780 1535.1
1342790 1539.2
1342800 1542.8
1342810 1542.8
1342820 1547.3
1342830 1551.8
1342840 1551.8
1342850 1556.2
1342860 1560.0
1342870 1560.0
1342880 1562.8
1342890 1568.3
1342900 1568.3
1342910 1575.5
1342920 1580.7
1342930 1580.7
1342940 1584.9
1342950 1588.8
1342960 1588.8
1342970 1592.9
1342980 1597.1
1342990 1597.1
1343000 1601.9
1343010 1607.3
1343020 1612.7
1343030 1612.7
1343040 1617.8
1343050 1624.1
1343060 1624.1
1343070 1630.2
1343080 1633.8
1343090 1633.8
1343100 1636.4
1343110 1639.4
1343120 1639.4
1343130 1641.7
1343140 1641.7
1343150 1641.7
1343160 1640.9
1343170 1639.9
1343180 1639.9
1343190 1640.4
1343200 1641.6
1343210 1641.6
1343220 1643.4
1343230 1649.2
1343240 1649.2
1343250 1654.8
1343260 1657.7
1343270 1657.7
1343280 1660.2
1343290 1665.5
1343300 1670.3
1343310 1670.3
1343320 1673.9
1343330 1676.7
1343340 1676.7
1343350 1679.2
1343360 1680.1
1343370 1680.1
1343380 1681.8
1343390 1684.5
1343400 1684.5
1343410 1687.1
1343420 1689.8
1343430 1689.8
1343440 1690.2
1343450 1692.7
1343460 1692.7
1343470 1696.6
1343480 1698.9
1343490 1698.9
1343500 1696.8
1343510 1695.3
1343520 1695.3
1343530 1697.9
1343540 1700.6
1343550 1700.6
1343560 1705.4
1343570 1711.3
1343580 1717.4
1343590 1717.4
1343600 1721.8
1343610 1725.5
1343620 1725.5
1343630 1728.3
1343640 1730.7
1343650 1730.7
1343660 1734.2
1343670 1737.7
1343680 1737.7
1343690 1740.5
1343700 1741.6
1343710 1741.6
1343720 1743.1
1343730 1744.9
1343740 1744.9
1343750 1747.0
1343760 1748.9
1343770 1748.9
1343780 1750.3
1343790 1751.8
1343800 1751.8
1343810 1753.3
1343820 1753.8
1343830 1753.1
1343840 1753.1
1343850 1751.7
1343860 1753.4
1343870 1753.4
1343880 1756.4
1343890 1760.3
1343900 1760.3
1343910 1765.9
1343920 1772.9
1343930 1772.9
1343940 1781.3
1343950 1789.8
1343960 1789.8
1343970 1796.8
1343980 1802.8
1343990 1802.8
1344000 1809.8
1344010 1817.1
1344020 1817.1
1344030 1824.3
1344040 1830.8
1344050 1830.8
1344060 1836.5
1344070 1841.3
1344080 1841.3
1344090 1843.5
1344100 1845.3
1344110 1846.6
1344120 1846.6
1344130 1847.7
1344140 1846.8
1344150 1846.8
1344160 1843.1
1344170 1843.4
1344180 1843.4
1344190 1847.0
1344200 1847.0
1344210 1847.0
1344220 1842.1
1344230 1839.2
1344240 1839.2
1344250 1835.5
1344260 1831.6
1344270 1831.6
1344280 1827.7
1344290 1823.1
1344300 1823.1
1344310 1817.5
1344320 1811.1
1344330 1811.1
1344340 1805.4
1344350 1799.7
1344360 1799.7
1344370 1794.1
1344380 1790.3
1344390 1786.6
1344400 1786.6
1344410 1782.0
1344420 1777.0
1344430 1779.3
1344440 1773.9
1344450 1768.7
1344460 1768.7
1344470 1763.6
1344480 1758.5
1344490 1758.5
1344500 1755.3
1344510 1753.2
1344520 1753.2
1344530 1750.6
1344540 1747.2
1344550 1747.2
1344560 1743.8
1344570 1741.0
1344580 1741.0
1344590 1737.6
1344600 1733.9
1344610 1733.9
1344620 1730.6
1344630 1727.4
1344640 1727.4
1344650 1724.3
1344660 1721.4
1344670 1719.3
1344680 1719.3
1344690 1716.8
1344700 1712.9
1344710 1712.9
1344720 1709.8
1344730 1707.8
1344740 1707.8
1344750 1705.1
1344760 1702.3
1344770 1702.3
1344780 1700.8
1344790 1699.1
1344800 1699.1
1344810 1695.9
1344820 1692.7
1344830 1692.7
1344840 1690.6
1344850 1688.5
1344860 1688.5
1344870 1686.5
1344880 1684.3
1344890 1684.3
1344900 1682.4
1344910 1679.6
1344920 1676.4
1344930 1676.4
1344940 1672.8
1344950 1668.1
1344960 1668.1
1344970 1663.8
1344980 1660.4
1344990 1660.4
1345000 1656.3
1345010 1651.9
1345020 1651.9
1345030 1647.4
1345040 1643.6
1345050 1643.6
1345060 1640.3
1345070 1638.2
1345080 1638.2
1345090 1636.7
1345100 1634.4
1345110 1634.4
1345120 1630.5
1345130 1626.1
1345140 1626.1
1345150 1622.0
1345160 1618.2
1345170 1618.2
1345180 1615.4
1345190 1612.3
1345200 1609.1
1345210 1609.1
1345220 1604.8
1345230 1600.4
1345240 1600.4
1345250 1597.5
1345260 1593.3
1345270 1593.3
1345280 1589.8
1345290 1586.6
1345300 1586.6
1345310 1583.9
1345320 1580.6
1345330 1580.6
1345340 1576.9
1345350 1575.5
1345360 1575.5
1345370 1570.7
1345380 1564.2
1345390 1564.2
1345400 1557.9
1345410 1552.5
1345420 1552.5
1345430 1548.7
1345440 1545.9
1345450 1545.9
1345460 1542.7
1345470 1537.2
1345480 1530.3
1345490 1530.3
1345500 1522.9
1345510 1515.0
1345520 1515.0
1345530 1508.4
1345540 1503.3
1345550 1503.3
1345560 1499.3
1345570 1496.0
1345580 1496.0
1345590 1492.9
1345600 1488.9
1345610 1488.9
1345620 1483.5
1345630 1476.7
1345640 1476.7
1345650 1472.3
1345660 1472.0
1345670 1472.0
1345680 1473.6
1345690 1473.9
1345700 1473.9
1345710 1474.4
1345720 1475.2
1345730 1475.9
1345740 1475.9
1345750 1476.7
1345760 1477.6
1345770 1477.6
1345780 1481.2
1345790 1487.2
1345800 1487.2
1345810 1493.7
1345820 1500.0
1345830 1500.0
1345840 1506.6
1345850 1512.5
1345860 1512.5
1345870 1517.2
1345880 1523.1
1345890 1523.1
1345900 1529.6
1345910 1536.6
1345920 1536.6
1345930 1543.1
1345940 1547.4
1345950 1547.4
1345960 1550.2
1345970 1553.2
1345980 1553.2
1345990 1557.4
1346000 1562.6
1346010 1568.8
1346020 1568.8
1346030 1576.2
1346040 1584.6
1346050 1584.6
1346060 1593.3
1346070 1602.4
1346080 1602.4
1346090 1612.6
1346100 1623.6
1346110 1623.6
1346120 1634.3
1346130 1645.5
1346140 1645.5
1346150 1656.8
1346160 1665.4
1346170 1665.4
1346180 1671.3
1346190 1677.8
1346200 1677.8
1346210 1685.1
1346220 1692.0
1346230 1692.0
1346240 1699.6
1346250 1708.4
1346260 1708.9
1346270 1718.3
1346280 1725.9
1346290 1734.2
1346300 1734.2
1346310 1743.1
1346320 1751.8
1346330 1751.8
1346340 1759.4
1346350 1764.9
1346360 1764.9
1346370 1770.9
1346380 1776.2
1346390 1776.2
1346400 1780.8
1346410 1785.5
1346420 1785.5
1346430 1789.6
1346440 1793.3
1346450 1793.3
1346460 1797.1
1346470 1799.1
1346480 1799.1
1346490 1799.6
1346500 1799.7
1346510 1799.7
1346520 1800.6
1346530 1802.0
1346540 1802.0
1346550 1804.0
1346560 1806.1
1346570 1807.6
1346580 1807.6
1346590 1808.0
1346600 1808.3
1346610 1808.3
1346620 1810.2
1346630 1812.2
1346640 1812.2
1346650 1813.5
1346660 1814.7
1346670 1814.7
1346680 1816.2
1346690 1818.1
1346700 1818.1
1346710 1821.7
1346720 1824.7
1346730 1824.7
1346740 1825.5
1346750 1827.0
1346760 1827.0
1346770 1830.0
1346780 1831.8
1346790 1831.8
1346800 1831.4
1346810 1832.5
1346820 1835.3
1346830 1835.3
1346840 1837.4
1346850 1838.5
1346860 1838.5
1346870 1839.1
1346880 1839.6
1346890 1839.6
1346900 1840.4
1346910 1840.5
1346920 1840.5
1346930 1841.4
1346940 1842.3
1346950 1842.3
1346960 1842.5
1346970 1842.8
1346980 1842.8
1346990 1843.8
1347000 1843.4
1347010 1843.4
1347020 1842.4
1347030 1841.0
1347040 1841.0
1347050 1839.1
1347060 1836.7
1347070 1836.7
1347080 1835.4
1347090 1836.0
1347100 1837.0
1347110 1837.0
1347120 1838.6
1347130 1840.1
1347140 1840.1
1347150 1841.2
1347160 1842.4
1347170 1842.4
1347180 1843.9
1347190 1845.9
1347200 1845.9
1347210 1847.6
1347220 1849.4
1347230 1849.4
1347240 1852.1
1347250 1855.2
1347260 1855.2
1347270 1858.6
1347280 1862.3
1347290 1862.3
1347300 1866.8
1347310 1872.6
1347320 1872.6
1347330 1878.8
1347340 1885.3
1347350 1885.3
1347360 1891.8
1347370 1897.7
1347380 1904.6
1347390 1904.6
1347400 1911.4
1347410 1917.7
1347420 1917.7
1347430 1920.6
1347440 1919.9
1347450 1919.9
1347460 1922.8
1347470 1928.0
1347480 1928.0
1347490 1932.8
1347500 1936.2
1347510 1936.2
1347520 1940.3
1347530 1944.1
1347540 1944.1
1347550 1947.3
1347560 1950.4
1347570 1950.4
1347580 1952.9
1347590 1955.2
1347600 1955.2
1347610 1958.0
1347620 1961.2
1347630 1964.5
1347640 1964.5
1347650 1967.8
1347660 1970.7
1347670 1970.7
1347680 1973.3
1347690 1975.9
1347700 1975.9
1347710 1978.0
1347720 1980.2
1347730 1980.2
1347740 1982.5
1347750 1984.6
1347760 1984.6
1347770 1987.3
1347780 1990.3
1347790 1990.3
1347800 1993.5
1347810 1996.1
1347820 1996.1
1347830 1999.3
1347840 2003.7
1347850 2003.7
1347860 2008.1
1347870 2012.1
1347880 2012.1
1347890 2016.0
1347900 2020.0
1347910 2023.8
1347920 2023.8
1347930 2027.8
1347940 2032.2
1347950 2032.2
1347960 2036.7
1347970 2041.4
1347980 2041.4
1347990 2045.9
1348000 2050.3
1348010 2050.3
1348020 2054.7
1348030 2058.6
1348040 2058.6
1348050 2062.5
1348060 2066.4
1348070 2066.4
1348080 2070.7
1348090 2074.9
1348100 2074.9
1348110 2079.1
1348120 2083.3
1348130 2083.3
1348140 2087.5
1348150 2091.7
1348160 2091.7
1348170 2096.0
1348180 2099.9
1348190 2103.4
1348200 2103.4
1348210 2107.0
1348220 2110.9
1348230 2110.9
1348240 2115.1
1348250 2119.9
1348260 2119.9
1348270 2124.7
1348280 2129.5
1348290 2129.5
1348300 2134.5
1348310 2139.4
1348320 2139.4
1348330 2144.6
1348340 2149.9
1348350 2149.9
1348360 2155.2
1348370 2161.1
1348380 2161.1
1348390 2167.4
1348400 2173.6
1348410 2173.6
1348420 2180.1
1348430 2186.6
1348440 2193.0
1348450 2193.0
1348460 2199.7
1348470 2206.4
1348480 2206.4
1348490 2213.2
1348500 2219.9
1348510 2219.9
1348520 2227.1
1348530 2235.3
1348540 2235.3
1348550 2244.1
1348560 2252.4
1348570 2252.4
1348580 2260.6
1348590 2268.6
1348600 2268.6
1348610 2276.0
1348620 2283.4
1348630 2283.4
1348640 2291.4
1348650 2298.6
1348660 2298.6
1348670 2303.8
1348680 2308.4
1348690 2308.4
1348700 2314.6
1348710 2322.3
1348720 2330.9
1348730 2330.9
1348740 2338.8
1348750 2347.1
1348760 2347.1
1348770 2357.9
1348780 2358.9
1348790 2358.9
1348800 2353.3
1348810 2348.7
1348820 2348.7
1348830 2344.4
1348840 2340.9
1348850 2340.9
1348860 2337.7
1348870 2335.1
1348880 2335.1
1348890 2333.1
1348900 2331.4
1348910 2331.4
1348920 2330.2
1348930 2328.1
1348940 2328.1
1348950 2327.1
1348960 2325.2
1348970 2325.2
1348980 2323.3
1348990 2321.5
1349000 2320.0
1349010 2320.0
1349020 2319.5
1349030 2318.2
1349040 2318.2
1349050 2308.2
1349060 2304.3
1349070 2304.3
1349080 2299.9
1349090 2297.0
1349100 2297.0
1349110 2295.3
1349120 2293.6
1349130 2293.6
1349140 2292.0
1349150 2291.0
1349160 2291.0
1349170 2291.9
1349180 2292.1
1349190 2292.1
1349200 2291.9
1349210 2290.8
1349220 2290.8
1349230 2289.5
1349240 2287.2
1349250 2287.2
1349260 2283.9
1349270 2282.1
1349280 2280.3
1349290 2280.3
1349300 2276.6
1349310 2277.5
1349320 2277.5
1349330 2280.1
1349340 2281.7
1349350 2281.7
1349360 2282.0
1349370 2281.4
1349380 2281.4
1349390 2283.1
1349400 2286.2
1349410 2286.2
1349420 2289.7
1349430 2293.8
1349440 2293.8
1349450 2296.4
1349460 2298.1
1349470 2298.1
1349480 2299.3
1349490 2299.9
1349500 2299.9
1349510 2300.8
1349520 2304.2
1349530 2309.1
1349540 2309.1
1349550 2315.6
1349560 2322.1
1349570 2322.1
1349580 2328.8
1349590 2331.9
1349600 2331.9
1349610 2332.7
1349620 2333.5
1349630 2333.5
1349640 2335.1
1349650 2334.6
1349660 2334.6
1349670 2334.0
1349680 2335.0
1349690 2335.0
1349700 2329.1
1349710 2317.3
1349720 2317.3
1349730 2306.0
1349740 2295.6
1349750 2295.6
1349760 2285.6
1349770 2280.7
1349780 2280.7
1349790 2280.1
1349800 2273.9
1349810 2269.1
1349820 2269.1
1349830 2269.2
1349840 2264.0
1349850 2264.0
1349860 2254.3
1349870 2243.7
1349880 2243.7
1349890 2233.9
1349900 2229.0
1349910 2229.0
1349920 2224.7
1349930 2220.0
1349940 2220.0
1349950 2216.9
1349960 2209.7
1349970 2209.7
1349980 2202.3
1349990 2196.5
1350000 2203.1
1350010 2196.7
1350020 2190.5
1350030 2190.5
1350040 2185.6
1350050 2180.2
1350060 2180.2
1350070 2174.1
1350080 2169.4
1350090 2165.2
1350100 2165.2
1350110 2161.8
1350120 2159.3
1350130 2159.3
1350140 2157.8
1350150 2156.7
1350160 2156.7
1350170 2154.9
1350180 2152.4
1350190 2152.4
1350200 2150.4
1350210 2148.4
1350220 2148.4
1350230 2145.9
1350240 2143.4
1350250 2143.4
1350260 2140.9
1350270 2138.5
1350280 2138.5
1350290 2136.2
1350300 2133.7
1350310 2133.7
1350320 2130.7
1350330 2127.6
1350340 2123.8
1350350 2123.8
1350360 2120.1
1350370 2116.7
1350380 2116.7
1350390 2113.7
1350400 2110.1
1350410 2110.1
1350420 2107.2
1350430 2105.3
1350440 2105.3
1350450 2103.5
1350460 2102.8
1350470 2102.8
1350480 2102.7
1350490 2103.0
1350500 2103.0
1350510 2103.5
1350520 2102.8
1350530 2102.8
1350540 2101.3
1350550 2101.5
1350560 2101.5
1350570 2102.7
1350580 2100.7
1350590 2100.7
1350600 2095.8
1350610 2091.3
1350620 2088.4
1350630 2088.4
1350640 2088.1
1350650 2089.6
1350660 2089.6
1350670 2089.7
1350680 2088.5
1350690 2088.5
1350700 2087.1
1350710 2084.8
1350720 2084.8
1350730 2082.3
1350740 2079.5
1350750 2079.5
1350760 2077.8
1350770 2074.7
1350780 2074.7
1350790 2072.8
1350800 2071.8
1350810 2071.8
1350820 2071.0
1350830 2068.7
1350840 2068.7
1350850 2068.6
1350860 2069.7
1350870 2069.7
1350880 2070.0
1350890 2072.2
1350900 2071.0
1350910 2071.0
1350920 2068.1
1350930 2066.7
1350940 2066.7
1350950 2065.9
1350960 2064.6
1350970 2064.6
1350980 2063.0
1350990 2063.5
1351000 2063.5
1351010 2063.9
1351020 2060.3
1351030 2060.3
1351040 2057.5
1351050 2056.1
1351060 2056.1
1351070 2054.7
1351080 2052.0
1351090 2052.0
1351100 2049.2
1351110 2047.8
1351120 2047.8
1351130 2047.5
1351140 2046.3
1351150 2046.3
1351160 2045.0
1351170 2044.4
1351180 2044.4
1351190 2044.4
1351200 2044.5
1351210 2043.0
1351220 2043.0
1351230 2041.6
1351240 2039.6
1351250 2039.6
1351260 2038.2
1351270 2036.6
1351280 2036.6
1351290 2032.3
1351300 2026.8
1351310 2026.8
1351320 2022.9
1351330 2018.7
1351340 2018.7
1351350 2013.6
1351360 2009.5
1351370 2009.5
1351380 2006.6
1351390 2005.4
1351400 2005.4
1351410 2002.8
1351420 1997.3
1351430 1992.7
1351440 1992.7
1351450 1989.1
1351460 1985.4
1351470 1985.4
1351480 1982.3
1351490 1980.8
1351500 1980.8
1351510 1982.1
1351520 1983.6
1351530 1983.6
1351540 1983.8
1351550 1983.3
1351560 1983.3
1351570 1981.4
1351580 1979.4
1351590 1979.4
1351600 1976.7
1351610 1968.7
1351620 1968.7
1351630 1956.9
1351640 1947.3
1351650 1947.3
1351660 1941.4
1351670 1937.2
1351680 1937.2
1351690 1934.6
1351700 1932.2
1351710 1931.2
1351720 1931.2
1351730 1929.8
1351740 1928.7
1351750 1928.7
1351760 1928.0
1351770 1927.2
1351780 1927.2
1351790 1926.5
1351800 1925.9
1351810 1925.9
1351820 1925.7
1351830 1926.1
1351840 1926.1
1351850 1925.5
1351860 1923.8
1351870 1923.8
1351880 1924.0
1351890 1925.8
1351900 1921.5
1351910 1923.9
1351920 1926.9
1351930 1926.9
1351940 1929.4
1351950 1929.9
1351960 1929.9
1351970 1929.2
1351980 1927.7
1351990 1927.7
1352000 1927.7
1352010 1928.1
1352020 1928.4
1352030 1928.4
1352040 1928.5
1352050 1928.9
1352060 1928.9
1352070 1929.5
1352080 1929.8
1352090 1929.8
1352100 1928.7
1352110 1926.3
1352120 1926.3
1352130 1924.4
1352140 1921.0
1352150 1921.0
1352160 1916.5
1352170 1913.0
1352180 1913.0
1352190 1908.5
1352200 1903.0
1352210 1903.0
1352220 1895.8
1352230 1888.8
1352240 1882.0
1352250 1882.0
1352260 1874.0
1352270 1866.9
1352280 1866.9
1352290 1860.8
1352300 1856.2
1352310 1856.2
1352320 1850.5
1352330 1844.2
1352340 1844.2
1352350 1838.2
1352360 1833.5
1352370 1833.5
1352380 1829.1
1352390 1825.5
1352400 1825.5
1352410 1822.2
1352420 1818.6
1352430 1818.6
1352440 1817.7
1352450 1815.6
1352460 1815.6
1352470 1811.8
1352480 1802.1
1352490 1802.1
1352500 1790.1
1352510 1782.9
1352520 1773.9
1352530 1773.9
1352540 1765.4
1352550 1759.5
1352560 1759.5
1352570 1754.0
1352580 1749.1
1352590 1749.1
1352600 1744.6
1352610 1741.6
1352620 1741.6
1352630 1739.6
1352640 1737.5
1352650 1737.5
1352660 1736.0
1352670 1735.3
1352680 1735.3
1352690 1734.6
1352700 1733.9
1352710 1733.9
1352720 1733.9
1352730 1737.2
1352740 1737.2
1352750 1741.3
1352760 1747.9
1352770 1747.9
1352780 1754.0
1352790 1758.0
1352800 1760.3
1352810 1760.3
1352820 1759.0
1352830 1754.3
1352840 1754.3
1352850 1754.0
1352860 1757.0
1352870 1758.0
1352880 1760.7
1352890 1764.1
1352900 1764.1
1352910 1767.7
1352920 1771.8
1352930 1771.8
1352940 1775.3
1352950 1779.3
1352960 1779.3
1352970 1784.2
1352980 1789.0
1352990 1789.0
1353000 1794.8
1353010 1801.9
1353020 1801.9
1353030 1809.9
1353040 1817.6
1353050 1824.7
1353060 1824.7
1353070 1831.6
1353080 1839.0
1353090 1839.0
1353100 1845.7
1353110 1850.3
1353120 1850.3
1353130 1855.3
1353140 1861.9
1353150 1861.9
1353160 1869.0
1353170 1876.4
1353180 1876.4
1353190 1884.1
1353200 1889.9
1353210 1889.9
1353220 1894.2
1353230 1900.2
1353240 1900.2
1353250 1909.1
1353260 1917.7
1353270 1917.7
1353280 1925.8
1353290 1931.9
1353300 1931.9
1353310 1937.8
1353320 1944.6
1353330 1950.9
1353340 1950.9
1353350 1957.6
1353360 1964.7
1353370 1964.7
1353380 1970.3
1353390 1976.4
1353400 1976.4
1353410 1983.8
1353420 1987.4
1353430 1987.4
1353440 1992.5
1353450 1997.8
1353460 1997.8
1353470 2003.5
1353480 2010.3
1353490 2010.3
1353500 2015.6
1353510 2018.6
1353520 2018.6
1353530 2021.6
1353540 2025.6
1353550 2025.6
1353560 2029.8
1353570 2033.6
1353580 2033.6
1353590 2037.3
1353600 2040.5
1353610 2044.5
1353620 2044.5
1353630 2047.5
1353640 2051.1
1353650 2051.1
1353660 2055.3
1353670 2059.7
1353680 2059.7
1353690 2064.3
1353700 2068.0
1353710 2068.0
1353720 2071.2
1353730 2073.6
1353740 2073.6
1353750 2075.8
1353760 2077.9
1353770 2077.9
1353780 2080.0
1353790 2082.7
1353800 2082.7
1353810 2086.2
1353820 2090.5
1353830 2090.5
1353840 2097.1
1353850 2103.2
1353860 2109.8
1353870 2109.8
1353880 2116.1
1353890 2123.0
1353900 2123.0
1353910 2130.4
1353920 2137.2
1353930 2137.2
1353940 2144.3
1353950 2150.6
1353960 2150.6
1353970 2157.2
1353980 2164.6
1353990 2164.6
1354000 2172.0
1354010 2179.1
1354020 2179.1
1354030 2186.0
1354040 2192.0
1354050 2192.0
1354060 2198.0
1354070 2203.3
1354080 2203.3
1354090 2208.8
1354100 2214.4
1354110 2214.4
1354120 2220.0
1354130 2226.0
1354140 2232.1
1354150 2232.1
1354160 2237.8
1354170 2244.7
1354180 2244.7
1354190 2251.6
1354200 2258.2
1354210 2258.2
1354220 2263.5
1354230 2269.8
1354240 2269.8
1354250 2276.9
1354260 2285.2
1354270 2285.2
1354280 2291.8
1354290 2298.3
1354300 2298.3
1354310 2304.6
1354320 2307.9
1354330 2307.9
1354340 2309.2
1354350 2311.3
1354360 2311.3
1354370 2312.3
1354380 2311.7
1354390 2311.7
1354400 2306.6
1354410 2300.0
1354420 2291.6
1354430 2291.6
1354440 2282.8
1354450 2278.5
1354460 2278.5
1354470 2275.4
1354480 2271.2
1354490 2271.2
1354500 2268.5
1354510 2265.3
1354520 2265.3
1354530 2261.8
1354540 2259.3
1354550 2259.3
1354560 2257.4
1354570 2253.5
1354580 2253.5
1354590 2248.8
1354600 2244.5
1354610 2244.5
1354620 2240.8
1354630 2235.6
1354640 2235.6
1354650 2229.8
1354660 2225.5
1354670 2225.5
1354680 2222.6
1354690 2220.2
1354700 2216.9
1354710 2216.9
1354720 2212.2
1354730 2206.7
1354740 2206.7
1354750 2200.4
1354760 2195.8
1354770 2195.8
1354780 2191.8
1354790 2185.6
1354800 2185.6
1354810 2178.2
1354820 2171.9
1354830 2171.9
1354840 2168.6
1354850 2165.1
1354860 2165.1
1354870 2163.6
1354880 2161.9
1354890 2161.9
1354900 2159.5
1354910 2157.0
1354920 2157.0
1354930 2153.6
1354940 2150.0
1354950 2145.7
1354960 2145.7
1354970 2142.2
1354980 2139.8
1354990 2139.8
1355000 2139.2
1355010 2138.2
1355020 2138.2
1355030 2135.7
1355040 2135.8
1355050 2135.8
1355060 2136.2
1355070 2136.6
1355080 2136.6
1355090 2136.8
1355100 2136.9
1355110 2136.9
1355120 2137.2
1355130 2137.4
1355140 2137.4
1355150 2137.5
1355160 2137.1
1355170 2137.1
1355180 2136.7
1355190 2136.9
1355200 2136.9
1355210 2137.5
1355220 2136.3
1355230 2135.0
1355240 2135.0
1355250 2134.3
1355260 2132.3
1355270 2132.3
1355280 2128.9
1355290 2125.9
1355300 2125.9
1355310 2123.6
1355320 2122.1
1355330 2122.1
1355340 2121.7
1355350 2122.3
1355360 2122.3
1355370 2123.5
1355380 2124.4
1355390 2124.4
1355400 2124.9
1355410 2125.0
1355420 2125.0
1355430 2124.1
1355440 2121.9
1355450 2121.9
1355460 2118.7
1355470 2115.1
1355480 2115.1
1355490 2111.7
1355500 2109.5
1355510 2108.2
1355520 2108.2
1355530 2107.0
1355540 2106.0
1355550 2106.0
1355560 2106.1
1355570 2104.2
1355580 2104.2
1355590 2103.4
1355600 2103.3
1355610 2103.3
1355620 2100.2
1355630 2096.8
1355640 2096.8
1355650 2092.6
1355660 2086.4
1355670 2086.4
1355680 2082.3
1355690 2079.8
1355700 2079.8
1355710 2077.4
1355720 2075.9
1355730 2075.9
1355740 2075.4
1355750 2075.0
1355760 2075.0
1355770 2075.0
1355780 2075.9
1355790 2077.3
1355800 2073.8
1355810 2075.5
1355820 2077.3
1355830 2077.3
1355840 2078.9
1355850 2080.5
1355860 2080.5
1355870 2081.7
1355880 2082.4
1355890 2082.4
1355900 2082.8
1355910 2084.0
1355920 2084.0
1355930 2084.8
1355940 2083.3
1355950 2083.3
1355960 2082.0
1355970 2082.6
1355980 2082.6
1355990 2083.6
1356000 2084.0
1356010 2084.0
1356020 2085.6
1356030 2085.9
1356040 2085.0
1356050 2085.0
1356060 2084.8
1356070 2085.4
1356080 2085.4
1356090 2086.3
1356100 2085.8
1356110 2085.8
1356120 2084.3
1356130 2082.7
1356140 2082.7
1356150 2080.7
1356160 2078.8
1356170 2078.8
1356180 2077.2
1356190 2075.6
1356200 2075.6
1356210 2073.4
1356220 2070.1
1356230 2070.1
1356240 2066.7
1356250 2064.0
1356260 2064.0
1356270 2061.9
1356280 2059.3
1356290 2059.3
1356300 2054.4
1356310 2049.6
1356320 2045.6
1356330 2045.6
1356340 2042.0
1356350 2038.2
1356360 2038.2
1356370 2033.9
1356380 2030.2
1356390 2030.2
1356400 2026.2
1356410 2020.5
1356420 2020.5
1356430 2014.1
1356440 2008.1
1356450 2008.1
1356460 2001.5
1356470 1995.4
1356480 1995.4
1356490 1988.3
1356500 1980.0
1356510 1980.0
1356520 1972.5
1356530 1967.1
1356540 1967.1
1356550 1962.1
1356560 1955.9
1356570 1951.4
1356580 1951.4
1356590 1947.4
1356600 1943.5
1356610 1943.5
1356620 1941.6
1356630 1939.5
1356640 1939.5
1356650 1935.3
1356660 1930.7
1356670 1930.7
1356680 1928.3
1356690 1926.5
1356700 1926.5
1356710 1924.9
1356720 1922.1
1356730 1922.1
1356740 1918.2
1356750 1914.2
1356760 1914.2
1356770 1910.4
1356780 1906.2
1356790 1906.2
1356800 1899.8
1356810 1896.5
1356820 1896.5
1356830 1895.4
1356840 1894.8
1356850 1893.2
1356860 1893.2
1356870 1891.8
1356880 1890.7
1356890 1890.7
1356900 1888.1
1356910 1883.8
1356920 1883.8
1356930 1879.8
1356940 1875.7
1356950 1875.7
1356960 1870.7
1356970 1866.7
1356980 1866.7
1356990 1862.0
1357000 1857.3
1357010 1857.3
1357020 1853.0
1357030 1848.8
1357040 1848.8
1357050 1844.1
1357060 1839.1
1357070 1839.1
1357080 1834.4
1357090 1829.9
1357100 1829.9
1357110 1825.6
1357120 1822.2
1357130 1817.5
1357140 1817.5
1357150 1812.6
1357160 1809.0
1357170 1809.0
1357180 1805.4
1357190 1801.6
1357200 1801.6
1357210 1798.9
1357220 1796.8
1357230 1796.8
1357240 1793.7
1357250 1790.2
1357260 1790.2
1357270 1786.4
1357280 1783.1
1357290 1783.1
1357300 1779.8
1357310 1776.2
1357320 1776.2
1357330 1773.9
1357340 1771.0
1357350 1771.0
1357360 1767.4
1357370 1764.1
1357380 1764.1
1357390 1761.5
1357400 1759.6
1357410 1757.7
1357420 1757.7
1357430 1755.2
1357440 1748.6
1357450 1748.6
1357460 1745.0
1357470 1743.1
1357480 1743.1
1357490 1740.0
1357500 1736.5
1357510 1736.5
1357520 1732.4
1357530 1728.4
1357540 1728.4
1357550 1721.9
1357560 1713.2
1357570 1713.2
1357580 1706.4
1357590 1701.5
1357600 1701.5
1357610 1697.8
1357620 1692.5
1357630 1692.5
1357640 1687.1
1357650 1681.1
1357660 1676.0
1357670 1676.0
1357680 1669.9
1357690 1664.3
1357700 1664.3
1357710 1658.4
1357720 1652.0
1357730 1652.0
1357740 1647.1
1357750 1641.9
1357760 1641.9
1357770 1635.8
1357780 1629.7
1357790 1629.7
1357800 1619.5
1357810 1616.1
1357820 1616.1
1357830 1614.9
1357840 1612.6
1357850 1612.6
1357860 1610.0
1357870 1608.7
1357880 1608.7
1357890 1608.1
1357900 1607.1
1357910 1607.1
1357920 1603.9
1357930 1601.7
1357940 1600.2
1357950 1600.2
1357960 1594.4
1357970 1589.4
1357980 1589.4
1357990 1586.0
1358000 1584.0
1358010 1584.0
1358020 1583.0
1358030 1580.0
1358040 1580.0
1358050 1574.9
1358060 1569.9
1358070 1569.9
1358080 1566.2
1358090 1560.2
1358100 1560.2
1358110 1556.6
1358120 1552.9
1358130 1552.9
1358140 1550.6
1358150 1551.3
1358160 1551.3
1358170 1553.3
1358180 1553.0
1358190 1553.0
1358200 1551.1
1358210 1550.2
1358220 1547.8
1358230 1547.8
1358240 1544.4
1358250 1541.8
1358260 1541.8
1358270 1540.0
1358280 1539.3
1358290 1539.3
1358300 1539.0
1358310 1537.3
1358320 1537.3
1358330 1533.2
1358340 1527.4
1358350 1527.4
1358360 1523.0
1358370 1521.3
1358380 1521.3
1358390 1520.9
1358400 1521.3
1358410 1521.3
1358420 1522.8
1358430 1525.9
1358440 1525.9
1358450 1530.2
1358460 1534.4
1358470 1539.4
1358480 1539.4
1358490 1544.7
1358500 1549.0
1358510 1549.0
1358520 1551.6
1358530 1553.8
1358540 1553.8
1358550 1555.5
1358560 1556.7
1358570 1556.7
1358580 1557.3
1358590 1557.0
1358600 1557.0
1358610 1558.9
1358620 1562.8
1358630 1562.8
1358640 1569.1
1358650 1577.3
1358660 1577.3
1358670 1585.6
1358680 1591.6
1358690 1591.6
1358700 1594.5
1358710 1596.5
1358720 1596.5
1358730 1597.9
1358740 1596.9
1358750 1593.5
1358760 1593.5
1358770 1587.0
1358780 1580.3
1358790 1580.3
1358800 1572.2
1358810 1563.5
1358820 1563.5
1358830 1552.4
1358840 1546.9
1358850 1546.9
1358860 1547.8
1358870 1555.5
1358880 1555.5
1358890 1564.7
1358900 1568.2
1358910 1568.2
1358920 1572.8
1358930 1575.4
1358940 1575.4
1358950 1578.1
1358960 1582.8
1358970 1582.8
1358980 1588.0
1358990 1593.9
1359000 1593.9
1359010 1599.5
1359020 1604.2
1359030 1606.8
1359040 1606.8
1359050 1609.7
1359060 1613.7
1359070 1613.7
1359080 1615.8
1359090 1616.5
1359100 1616.5
1359110 1619.2
1359120 1622.0
1359130 1622.0
1359140 1625.5
1359150 1629.6
1359160 1629.6
1359170 1626.8
1359180 1623.4
1359190 1623.4
1359200 1619.5
1359210 1620.3
1359220 1620.3
1359230 1621.6
1359240 1622.3
1359250 1622.3
1359260 1624.3
1359270 1628.9
1359280 1628.9
1359290 1633.9
1359300 1639.1
1359310 1645.4
1359320 1645.4
1359330 1653.3
1359340 1660.8
1359350 1660.8
1359360 1666.5
1359370 1671.7
1359380 1671.7
1359390 1675.0
1359400 1678.9
1359410 1678.9
1359420 1681.3
1359430 1680.7
1359440 1680.7
1359450 1689.7
1359460 1698.8
1359470 1698.8
1359480 1703.1
1359490 1705.3
1359500 1705.3
1359510 1708.0
1359520 1712.1
1359530 1712.1
1359540 1715.9
1359550 1718.0
1359560 1718.4
1359570 1718.4
1359580 1719.0
1359590 1719.5
1359600 1719.5
1359610 1717.9
1359620 1715.5
1359630 1715.5
1359640 1713.7
1359650 1711.0
1359660 1711.0
1359670 1709.4
1359680 1712.1
1359690 1712.1
1359700 1718.2
1359710 1723.3
1359720 1723.3
1359730 1727.3
1359740 1731.2
1359750 1731.2
1359760 1733.2
1359770 1735.0
1359780 1735.0
1359790 1736.5
1359800 1737.2
1359810 1737.2
1359820 1737.7
1359830 1739.7
1359840 1740.2
1359850 1740.2
1359860 1739.3
1359870 1735.7
1359880 1735.7
1359890 1731.7
1359900 1727.2
1359910 1727.2
1359920 1719.2
1359930 1713.2
1359940 1713.2
1359950 1707.9
1359960 1705.8
1359970 1705.8
1359980 1705.4
1359990 1705.8
