1340000 2119.4
1340010 2119.9
1340020 2120.3
1340030 2120.3
1340040 2120.5
1340050 2120.0
1340060 2120.0
1340070 2119.7
1340080 2119.9
1340090 2118.0
1340100 2118.0
1340110 2116.8
1340120 2114.2
1340130 2114.2
1340140 2113.6
1340150 2110.5
1340160 2110.5
1340170 2105.8
1340180 2103.1
1340190 2103.1
1340200 2100.8
1340210 2099.2
1340220 2099.2
1340230 2097.5
1340240 2094.8
1340250 2094.8
1340260 2090.8
1340270 2088.2
1340280 2088.2
1340290 2085.8
1340300 2083.4
1340310 2083.4
1340320 2079.9
1340330 2077.7
1340340 2077.7
1340350 2077.7
1340360 2077.0
1340370 2075.3
1340380 2075.3
1340390 2073.3
1340400 2069.8
1340410 2069.8
1340420 2066.6
1340430 2064.2
1340440 2064.2
1340450 2063.4
1340460 2061.8
1340470 2061.8
1340480 2059.6
1340490 2057.2
1340500 2057.2
1340510 2054.6
1340520 2052.6
1340530 2052.6
1340540 2051.4
1340550 2051.3
1340560 2051.3
1340570 2050.5
1340580 2047.4
1340590 2047.4
1340600 2044.7
1340610 2043.1
1340620 2043.1
1340630 2040.5
1340640 2037.5
1340650 2033.9
1340660 2033.9
1340670 2027.9
1340680 2020.9
1340690 2020.9
1340700 2015.3
1340710 2010.9
1340720 2010.9
1340730 2006.8
1340740 2003.4
1340750 2003.4
1340760 2001.0
1340770 1999.3
1340780 1999.3
1340790 1996.8
1340800 1987.5
1340810 1987.5
1340820 1982.2
1340830 1977.8
1340840 1977.8
1340850 1974.7
1340860 1974.7
1340870 1974.7
1340880 1972.0
1340890 1969.3
1340900 1969.3
1340910 1966.5
1340920 1962.8
1340930 1957.0
1340940 1957.0
1340950 1950.1
1340960 1946.5
1340970 1946.5
1340980 1944.4
1340990 1941.8
1341000 1941.8
1341010 1939.3
1341020 1935.5
1341030 1935.5
1341040 1931.8
1341050 1927.3
1341060 1927.3
1341070 1922.7
1341080 1918.9
1341090 1918.9
1341100 1915.9
1341110 1913.1
1341120 1913.1
1341130 1909.8
1341140 1905.6
1341150 1905.6
1341160 1902.1
1341170 1898.9
1341180 1898.9
1341190 1894.1
1341200 1889.6
1341210 1884.9
1341220 1884.9
1341230 1877.0
1341240 1869.8
1341250 1869.8
1341260 1866.3
1341270 1862.8
1341280 1862.8
1341290 1859.5
1341300 1856.0
1341310 1856.0
1341320 1852.2
1341330 1848.5
1341340 1848.5
1341350 1845.6
1341360 1843.7
1341370 1843.7
1341380 1841.6
1341390 1839.5
1341400 1839.5
1341410 1838.6
1341420 1837.9
1341430 1837.9
1341440 1837.3
1341450 1836.6
1341460 1836.6
1341470 1836.0
1341480 1835.0
1341490 1834.2
1341500 1834.2
1341510 1833.7
1341520 1832.9
1341530 1832.9
1341540 1832.1
1341550 1831.4
1341560 1831.4
1341570 1830.6
1341580 1829.7
1341590 1829.7
1341600 1829.4
1341610 1829.0
1341620 1829.0
1341630 1828.9
1341640 1829.3
1341650 1829.3
1341660 1831.0
1341670 1833.4
1341680 1833.4
1341690 1833.4
1341700 1831.4
1341710 1831.4
1341720 1829.4
1341730 1825.6
1341740 1820.0
1341750 1820.0
1341760 1818.3
1341770 1816.7
1341780 1816.7
1341790 1813.1
1341800 1808.2
1341810 1808.2
1341820 1800.9
1341830 1797.0
1341840 1797.0
1341850 1795.3
1341860 1793.0
1341870 1793.0
1341880 1788.7
1341890 1782.5
1341900 1782.5
1341910 1776.6
1341920 1773.8
1341930 1773.8
1341940 1772.7
1341950 1770.9
1341960 1770.9
1341970 1768.7
1341980 1765.9
1341990 1765.9
1342000 1764.1
1342010 1762.1
1342020 1758.9
1342030 1758.9
1342040 1755.1
1342050 1750.7
1342060 1750.7
1342070 1745.0
1342080 1739.9
1342090 1739.9
1342100 1736.6
1342110 1732.7
1342120 1732.7
1342130 1727.7
1342140 1722.6
1342150 1722.6
1342160 1719.3
1342170 1717.4
1342180 1717.4
1342190 1716.7
1342200 1714.4
1342210 1714.4
1342220 1711.9
1342230 1709.6
1342240 1709.6
1342250 1707.4
1342260 1703.8
1342270 1703.8
1342280 1699.2
1342290 1695.3
1342300 1692.5
1342310 1692.5
1342320 1689.9
1342330 1688.2
1342340 1688.2
1342350 1687.8
1342360 1687.1
1342370 1687.1
1342380 1683.8
1342390 1679.4
1342400 1679.4
1342410 1672.7
1342420 1664.3
1342430 1664.3
1342440 1657.6
1342450 1653.2
1342460 1653.2
1342470 1649.7
1342480 1647.3
1342490 1647.3
1342500 1645.3
1342510 1643.3
1342520 1643.3
1342530 1641.6
1342540 1640.5
1342550 1640.5
1342560 1639.2
1342570 1637.6
1342580 1635.7
1342590 1632.4
1342600 1630.5
1342610 1629.3
1342620 1629.3
1342630 1627.8
1342640 1625.7
1342650 1625.7
1342660 1623.8
1342670 1621.4
1342680 1621.4
1342690 1619.3
1342700 1617.3
1342710 1617.3
1342720 1616.3
1342730 1614.9
1342740 1614.9
1342750 1613.4
1342760 1612.3
1342770 1612.3
1342780 1610.3
1342790 1608.4
1342800 1608.4
1342810 1606.5
1342820 1604.7
1342830 1604.7
1342840 1602.7
1342850 1600.5
1342860 1598.2
1342870 1598.2
1342880 1596.2
1342890 1593.9
1342900 1593.9
1342910 1590.9
1342920 1588.1
1342930 1588.1
1342940 1585.3
1342950 1582.1
1342960 1582.1
1342970 1578.4
1342980 1575.4
1342990 1575.4
1343000 1573.5
1343010 1572.1
1343020 1572.1
1343030 1570.7
1343040 1569.2
1343050 1569.2
1343060 1568.0
1343070 1566.1
1343080 1566.1
1343090 1563.4
1343100 1560.6
1343110 1560.6
1343120 1557.9
1343130 1555.3
1343140 1551.8
1343150 1551.8
1343160 1549.9
1343170 1546.2
1343180 1546.2
1343190 1541.6
1343200 1537.5
1343210 1537.5
1343220 1533.4
1343230 1529.1
1343240 1529.1
1343250 1524.7
1343260 1519.5
1343270 1519.5
1343280 1514.7
1343290 1509.3
1343300 1509.3
1343310 1502.6
1343320 1497.0
1343330 1497.0
1343340 1491.2
1343350 1485.9
1343360 1485.9
1343370 1481.1
1343380 1476.4
1343390 1476.4
1343400 1471.2
1343410 1464.9
1343420 1458.5
1343430 1458.5
1343440 1452.8
1343450 1447.0
1343460 1447.0
1343470 1439.6
1343480 1430.4
1343490 1429.3
1343500 1418.8
1343510 1409.9
1343520 1409.9
1343530 1401.2
1343540 1392.8
1343550 1392.8
1343560 1384.9
1343570 1377.5
1343580 1377.5
1343590 1370.2
1343600 1363.0
1343610 1363.0
1343620 1356.7
1343630 1350.2
1343640 1350.2
1343650 1343.3
1343660 1336.4
1343670 1329.8
1343680 1329.8
1343690 1323.5
1343700 1317.1
1343710 1317.1
1343720 1311.0
1343730 1304.6
1343740 1304.6
1343750 1299.1
1343760 1293.2
1343770 1293.2
1343780 1287.9
1343790 1282.5
1343800 1282.5
1343810 1278.2
1343820 1273.0
1343830 1273.0
1343840 1267.9
1343850 1263.5
1343860 1263.5
1343870 1259.6
1343880 1255.5
1343890 1255.5
1343900 1250.1
1343910 1244.0
1343920 1244.0
1343930 1237.6
1343940 1230.9
1343950 1224.7
1343960 1224.7
1343970 1219.6
1343980 1214.4
1343990 1214.4
1344000 1208.6
1344010 1203.5
1344020 1203.5
1344030 1199.8
1344040 1196.8
1344050 1196.8
1344060 1195.1
1344070 1195.0
1344080 1195.0
1344090 1194.8
1344100 1194.7
1344110 1194.7
1344120 1194.7
1344130 1194.6
1344140 1194.6
1344150 1195.4
1344160 1194.5
1344170 1194.5
1344180 1194.4
1344190 1193.2
1344200 1193.2
1344210 1190.1
1344220 1187.0
1344230 1184.7
1344240 1184.7
1344250 1182.2
1344260 1180.5
1344270 1180.5
1344280 1178.4
1344290 1179.0
1344300 1179.0
1344310 1182.8
1344320 1190.9
1344330 1190.9
1344340 1199.9
1344350 1204.9
1344360 1204.9
1344370 1207.9
1344380 1209.8
1344390 1209.8
1344400 1215.9
1344410 1217.6
1344420 1217.6
1344430 1219.4
1344440 1221.1
1344450 1221.1
1344460 1221.8
1344470 1222.3
1344480 1222.3
1344490 1218.7
1344500 1219.0
1344510 1223.2
1344520 1223.2
1344530 1223.6
1344540 1224.3
1344550 1224.3
1344560 1224.7
1344570 1225.4
1344580 1225.4
1344590 1227.6
1344600 1233.1
1344610 1233.1
1344620 1240.5
1344630 1246.1
1344640 1246.1
1344650 1250.3
1344660 1254.2
1344670 1254.2
1344680 1257.5
1344690 1261.2
1344700 1261.2
1344710 1265.2
1344720 1269.0
1344730 1269.0
1344740 1273.5
1344750 1277.8
1344760 1277.8
1344770 1283.1
1344780 1289.6
1344790 1295.8
1344800 1295.8
1344810 1301.5
1344820 1309.6
1344830 1309.6
1344840 1315.4
1344850 1321.2
1344860 1321.2
1344870 1334.7
1344880 1346.9
1344890 1346.9
1344900 1355.2
1344910 1362.2
1344920 1362.2
1344930 1365.5
1344940 1372.7
1344950 1372.7
1344960 1381.9
1344970 1390.8
1344980 1390.8
1344990 1398.4
1345000 1405.1
1345010 1405.1
1345020 1411.2
1345030 1418.1
1345040 1418.1
1345050 1424.6
1345060 1431.1
1345070 1438.2
1345080 1438.2
1345090 1444.7
1345100 1450.8
1345110 1450.8
1345120 1457.1
1345130 1464.3
1345140 1464.3
1345150 1474.5
1345160 1482.7
1345170 1482.7
1345180 1488.4
1345190 1493.2
1345200 1493.2
1345210 1499.2
1345220 1506.3
1345230 1506.3
1345240 1514.2
1345250 1522.7
1345260 1522.7
1345270 1527.8
1345280 1530.3
1345290 1530.3
1345300 1533.5
1345310 1545.5
1345320 1545.5
1345330 1551.3
1345340 1558.2
1345350 1565.5
1345360 1565.5
1345370 1573.5
1345380 1581.0
1345390 1581.0
1345400 1587.4
1345410 1590.8
1345420 1590.8
1345430 1593.1
1345440 1596.0
1345450 1596.0
1345460 1603.3
1345470 1611.7
1345480 1611.7
1345490 1620.2
1345500 1628.3
1345510 1628.3
1345520 1633.3
1345530 1639.0
1345540 1639.0
1345550 1644.2
1345560 1648.2
1345570 1648.2
1345580 1652.1
1345590 1655.4
1345600 1658.2
1345610 1658.2
1345620 1661.3
1345630 1663.8
1345640 1663.8
1345650 1665.7
1345660 1667.6
1345670 1667.6
1345680 1671.2
1345690 1675.3
1345700 1675.3
1345710 1679.0
1345720 1681.9
1345730 1681.9
1345740 1685.2
1345750 1688.8
1345760 1688.8
1345770 1692.5
1345780 1696.0
1345790 1696.0
1345800 1698.7
1345810 1701.2
1345820 1701.2
1345830 1704.7
1345840 1707.2
1345850 1707.2
1345860 1708.6
1345870 1710.2
1345880 1711.8
1345890 1711.8
1345900 1711.5
1345910 1711.7
1345920 1711.7
1345930 1712.7
1345940 1715.1
1345950 1715.1
1345960 1718.0
1345970 1719.9
1345980 1719.9
1345990 1721.2
1346000 1723.0
1346010 1723.0
1346020 1725.3
1346030 1728.4
1346040 1728.4
1346050 1730.5
1346060 1731.6
1346070 1731.6
1346080 1733.7
1346090 1735.0
1346100 1735.0
1346110 1735.7
1346120 1735.9
1346130 1735.9
1346140 1734.6
1346150 1731.4
1346160 1728.0
1346170 1728.0
1346180 1723.8
1346190 1719.0
1346200 1719.0
1346210 1714.7
1346220 1713.2
1346230 1718.6
1346240 1718.2
1346250 1718.0
1346260 1718.0
1346270 1718.0
1346280 1718.5
1346290 1718.5
1346300 1719.2
1346310 1720.1
1346320 1720.1
1346330 1721.3
1346340 1722.1
1346350 1722.1
1346360 1722.8
1346370 1723.6
1346380 1723.6
1346390 1724.3
1346400 1724.9
1346410 1724.9
1346420 1724.8
1346430 1726.7
1346440 1728.2
1346450 1728.2
1346460 1728.1
1346470 1725.4
1346480 1725.4
1346490 1725.0
1346500 1727.4
1346510 1727.4
1346520 1731.1
1346530 1734.9
1346540 1734.9
1346550 1739.4
1346560 1744.1
1346570 1744.1
1346580 1748.9
1346590 1753.3
1346600 1753.3
1346610 1756.3
1346620 1758.0
1346630 1758.0
1346640 1759.3
1346650 1759.0
1346660 1759.0
1346670 1757.9
1346680 1757.1
1346690 1757.1
1346700 1755.9
1346710 1755.0
1346720 1753.0
1346730 1753.0
1346740 1750.8
1346750 1748.0
1346760 1748.0
1346770 1745.5
1346780 1743.9
1346790 1743.9
1346800 1742.0
1346810 1740.6
1346820 1740.6
1346830 1740.0
1346840 1739.8
1346850 1739.8
1346860 1739.9
1346870 1741.2
1346880 1741.2
1346890 1742.1
1346900 1743.6
1346910 1743.6
1346920 1744.9
1346930 1746.3
1346940 1746.3
1346950 1747.3
1346960 1748.4
1346970 1748.4
1346980 1750.2
1346990 1752.0
1347000 1753.8
1347010 1753.8
1347020 1755.7
1347030 1757.4
1347040 1757.4
1347050 1759.8
1347060 1762.0
1347070 1762.0
1347080 1764.3
1347090 1766.6
1347100 1766.6
1347110 1770.4
1347120 1773.6
1347130 1773.6
1347140 1776.9
1347150 1782.1
1347160 1782.1
1347170 1785.1
1347180 1787.8
1347190 1787.8
1347200 1790.0
1347210 1791.8
1347220 1791.8
1347230 1794.4
1347240 1797.7
1347250 1797.7
1347260 1800.6
1347270 1803.0
1347280 1804.9
1347290 1804.9
1347300 1807.2
1347310 1809.9
1347320 1809.9
1347330 1812.0
1347340 1814.0
1347350 1814.0
1347360 1815.6
1347370 1816.7
1347380 1816.7
1347390 1817.9
1347400 1818.9
1347410 1818.9
1347420 1820.5
1347430 1823.1
1347440 1823.1
1347450 1825.8
1347460 1829.1
1347470 1829.1
1347480 1832.5
1347490 1836.3
1347500 1836.3
1347510 1840.1
1347520 1843.5
1347530 1845.4
1347540 1845.4
1347550 1846.9
1347560 1848.8
1347570 1848.8
1347580 1850.7
1347590 1853.9
1347600 1853.9
1347610 1856.9
1347620 1859.5
1347630 1859.5
1347640 1861.3
1347650 1863.2
1347660 1863.2
1347670 1865.2
1347680 1867.3
1347690 1867.3
1347700 1870.4
1347710 1873.9
1347720 1873.9
1347730 1877.8
1347740 1882.2
1347750 1882.2
1347760 1886.8
1347770 1888.7
1347780 1888.7
1347790 1888.4
1347800 1889.5
1347810 1891.2
1347820 1891.2
1347830 1893.3
1347840 1895.3
1347850 1895.3
1347860 1897.7
1347870 1900.3
1347880 1900.3
1347890 1903.2
1347900 1906.6
1347910 1906.6
1347920 1910.8
1347930 1915.5
1347940 1915.5
1347950 1920.1
1347960 1924.7
1347970 1924.7
1347980 1929.1
1347990 1933.3
1348000 1933.3
1348010 1937.1
1348020 1940.8
1348030 1940.8
1348040 1944.0
1348050 1947.1
1348060 1947.1
1348070 1951.1
1348080 1955.7
1348090 1960.5
1348100 1960.5
1348110 1966.1
1348120 1971.0
1348130 1971.0
1348140 1975.3
1348150 1978.7
1348160 1978.7
1348170 1981.3
1348180 1983.6
1348190 1983.6
1348200 1986.5
1348210 1989.7
1348220 1989.7
1348230 1994.5
1348240 2001.0
1348250 2001.0
1348260 2007.6
1348270 2012.8
1348280 2012.8
1348290 2015.6
1348300 2018.0
1348310 2018.0
1348320 2020.4
1348330 2022.5
1348340 2022.5
1348350 2024.6
1348360 2028.1
1348370 2035.4
1348380 2035.4
1348390 2042.4
1348400 2048.8
1348410 2048.8
1348420 2054.5
1348430 2058.5
1348440 2058.5
1348450 2061.0
1348460 2061.2
1348470 2061.2
1348480 2060.7
1348490 2060.9
1348500 2060.9
1348510 2061.6
1348520 2063.2
1348530 2063.2
1348540 2067.4
1348550 2072.9
1348560 2072.9
1348570 2079.0
1348580 2083.5
1348590 2083.5
1348600 2086.0
1348610 2087.0
1348620 2087.0
1348630 2086.0
1348640 2082.1
1348650 2079.7
1348660 2079.7
1348670 2083.3
1348680 2087.2
1348690 2087.2
1348700 2089.1
1348710 2088.4
1348720 2088.4
1348730 2087.2
1348740 2090.5
1348750 2090.5
1348760 2092.5
1348770 2093.1
1348780 2093.1
1348790 2092.9
1348800 2092.3
1348810 2092.3
1348820 2092.1
1348830 2094.5
1348840 2094.5
1348850 2097.5
1348860 2101.7
1348870 2101.7
1348880 2110.7
1348890 2115.3
1348900 2115.3
1348910 2118.3
1348920 2121.6
1348930 2124.3
1348940 2124.3
1348950 2131.1
1348960 2137.7
1348970 2137.7
1348980 2141.5
1348990 2144.4
1349000 2144.4
1349010 2141.1
1349020 2141.6
1349030 2141.6
1349040 2142.5
1349050 2144.7
1349060 2144.7
1349070 2147.5
1349080 2150.4
1349090 2150.4
1349100 2153.2
1349110 2156.4
1349120 2156.4
1349130 2161.2
1349140 2167.0
1349150 2167.0
1349160 2173.4
1349170 2180.7
1349180 2180.7
1349190 2188.1
1349200 2195.9
1349210 2205.3
1349220 2205.3
1349230 2217.5
1349240 2230.8
1349250 2230.8
1349260 2242.2
1349270 2253.2
1349280 2253.2
1349290 2261.3
1349300 2265.8
1349310 2265.8
1349320 2265.2
1349330 2261.2
1349340 2261.2
1349350 2258.4
1349360 2258.1
1349370 2258.1
1349380 2256.9
1349390 2258.0
1349400 2258.0
1349410 2260.4
1349420 2264.2
1349430 2264.2
1349440 2267.2
1349450 2267.1
1349460 2265.2
1349470 2265.2
1349480 2264.4
1349490 2262.3
1349500 2262.3
1349510 2261.2
1349520 2260.1
1349530 2260.1
1349540 2261.7
1349550 2261.7
1349560 2261.7
1349570 2260.1
1349580 2262.2
1349590 2262.2
1349600 2261.2
1349610 2259.2
1349620 2259.2
1349630 2254.5
1349640 2248.5
1349650 2248.5
1349660 2242.3
1349670 2236.0
1349680 2236.0
1349690 2231.2
1349700 2226.9
1349710 2226.9
1349720 2222.1
1349730 2216.8
1349740 2212.4
1349750 2212.4
1349760 2209.2
1349770 2206.9
1349780 2206.9
1349790 2204.0
1349800 2199.7
1349810 2199.7
1349820 2194.7
1349830 2190.0
1349840 2190.0
1349850 2186.9
1349860 2183.6
1349870 2183.6
1349880 2180.7
1349890 2177.8
1349900 2177.8
1349910 2176.0
1349920 2174.1
1349930 2174.1
1349940 2174.5
1349950 2171.3
1349960 2173.8
1349970 2170.2
1349980 2166.3
1349990 2166.3
1350000 2162.3
1350010 2156.7
1350020 2150.2
1350030 2150.2
1350040 2143.8
1350050 2141.4
1350060 2141.4
1350070 2140.9
1350080 2138.1
1350090 2138.1
1350100 2131.2
1350110 2124.1
1350120 2124.1
1350130 2118.7
1350140 2112.2
1350150 2112.2
1350160 2108.1
1350170 2103.9
1350180 2103.9
1350190 2099.3
1350200 2095.4
1350210 2095.4
1350220 2092.3
1350230 2089.0
1350240 2089.0
1350250 2084.6
1350260 2081.0
1350270 2081.0
1350280 2080.0
1350290 2079.0
1350300 2077.9
1350310 2077.9
1350320 2077.7
1350330 2077.6
1350340 2077.6
1350350 2077.6
1350360 2076.1
1350370 2076.1
1350380 2073.5
1350390 2070.3
1350400 2070.3
1350410 2068.2
1350420 2066.7
1350430 2066.7
1350440 2066.3
1350450 2065.9
1350460 2065.9
1350470 2063.1
1350480 2060.7
1350490 2060.7
1350500 2059.6
1350510 2058.6
1350520 2058.6
1350530 2058.2
1350540 2056.1
1350550 2056.1
1350560 2055.3
1350570 2056.6
1350580 2057.6
1350590 2057.6
1350600 2058.2
1350610 2058.2
1350620 2058.2
1350630 2056.7
1350640 2054.9
1350650 2054.9
1350660 2051.6
1350670 2047.9
1350680 2047.9
1350690 2044.5
1350700 2040.6
1350710 2040.6
1350720 2036.1
1350730 2031.3
1350740 2031.3
1350750 2028.3
1350760 2022.2
1350770 2022.2
1350780 2012.2
1350790 2004.2
1350800 2004.2
1350810 1998.5
1350820 1994.1
1350830 1994.1
1350840 1990.3
1350850 1987.5
1350860 1983.9
1350870 1983.9
1350880 1980.0
1350890 1977.0
1350900 1977.0
1350910 1969.1
1350920 1965.9
1350930 1965.9
1350940 1962.0
1350950 1957.6
1350960 1957.6
1350970 1953.2
1350980 1949.8
1350990 1949.8
1351000 1947.4
1351010 1945.7
1351020 1945.7
1351030 1943.6
1351040 1942.2
1351050 1942.2
1351060 1939.2
1351070 1934.5
1351080 1934.5
1351090 1933.0
1351100 1931.1
1351110 1931.1
1351120 1927.8
1351130 1924.5
1351140 1922.9
1351150 1922.9
1351160 1921.4
1351170 1918.9
1351180 1918.9
1351190 1915.3
1351200 1911.9
1351210 1911.9
1351220 1909.7
1351230 1906.8
1351240 1906.8
1351250 1903.4
1351260 1900.4
1351270 1900.4
1351280 1897.7
1351290 1895.2
1351300 1895.2
1351310 1893.4
1351320 1891.8
1351330 1891.8
1351340 1889.3
1351350 1886.4
1351360 1886.4
1351370 1882.9
1351380 1879.5
1351390 1876.1
1351400 1876.1
1351410 1872.3
1351420 1869.4
1351430 1869.4
1351440 1868.0
1351450 1865.8
1351460 1865.8
1351470 1861.4
1351480 1855.0
1351490 1855.0
1351500 1849.1
1351510 1842.3
1351520 1842.3
1351530 1835.2
1351540 1829.4
1351550 1829.4
1351560 1823.4
1351570 1816.0
1351580 1816.0
1351590 1809.3
1351600 1803.3
1351610 1803.3
1351620 1796.7
1351630 1790.4
1351640 1790.4
1351650 1784.4
1351660 1778.6
1351670 1772.3
1351680 1772.3
1351690 1765.6
1351700 1759.1
1351710 1759.1
1351720 1753.4
1351730 1747.9
1351740 1747.9
1351750 1743.0
1351760 1739.2
1351770 1739.2
1351780 1736.2
1351790 1732.1
1351800 1732.1
1351810 1728.2
1351820 1724.6
1351830 1724.6
1351840 1721.4
1351850 1718.1
1351860 1713.9
1351870 1709.7
1351880 1706.1
1351890 1706.1
1351900 1702.3
1351910 1698.4
1351920 1698.4
1351930 1694.5
1351940 1691.6
1351950 1688.5
1351960 1688.5
1351970 1684.8
1351980 1682.2
1351990 1682.2
1352000 1679.0
1352010 1674.5
1352020 1674.5
1352030 1670.8
1352040 1668.0
1352050 1668.0
1352060 1665.2
1352070 1662.6
1352080 1662.6
1352090 1659.8
1352100 1656.7
1352110 1656.7
1352120 1653.2
1352130 1649.0
1352140 1649.0
1352150 1645.0
1352160 1640.5
1352170 1640.5
1352180 1636.1
1352190 1631.8
1352200 1631.8
1352210 1627.8
1352220 1624.4
1352230 1621.1
1352240 1621.1
1352250 1617.9
1352260 1615.0
1352270 1615.0
1352280 1611.9
1352290 1609.0
1352300 1609.0
1352310 1606.5
1352320 1604.5
1352330 1604.5
1352340 1602.5
1352350 1600.3
1352360 1600.3
1352370 1598.2
1352380 1596.2
1352390 1596.2
1352400 1594.1
1352410 1592.3
1352420 1592.3
1352430 1590.4
1352440 1588.1
1352450 1588.1
1352460 1585.5
1352470 1583.1
1352480 1583.1
1352490 1581.0
1352500 1578.8
1352510 1576.2
1352520 1576.2
1352530 1573.1
1352540 1569.8
1352550 1569.8
1352560 1565.8
1352570 1561.7
1352580 1561.7
1352590 1556.5
1352600 1552.0
1352610 1552.0
1352620 1549.2
1352630 1547.2
1352640 1547.2
1352650 1545.7
1352660 1545.0
1352670 1545.0
1352680 1545.0
1352690 1545.1
1352700 1545.1
1352710 1544.7
1352720 1542.6
1352730 1542.6
1352740 1540.4
1352750 1538.1
1352760 1538.1
1352770 1534.2
1352780 1528.0
1352790 1520.5
1352800 1520.5
1352810 1513.3
1352820 1504.0
1352830 1511.6
1352840 1505.5
1352850 1499.6
1352860 1499.6
1352870 1493.2
1352880 1486.1
1352890 1486.1
1352900 1483.8
1352910 1482.3
1352920 1482.3
1352930 1480.1
1352940 1477.7
1352950 1477.7
1352960 1475.5
1352970 1472.3
1352980 1472.3
1352990 1468.6
1353000 1466.9
1353010 1466.9
1353020 1465.2
1353030 1462.4
1353040 1462.4
1353050 1459.6
1353060 1456.9
1353070 1454.1
1353080 1454.1
1353090 1451.2
1353100 1448.4
1353110 1448.4
1353120 1445.5
1353130 1442.9
1353140 1442.9
1353150 1440.5
1353160 1437.8
1353170 1437.8
1353180 1435.1
1353190 1432.1
1353200 1432.1
1353210 1427.7
1353220 1425.4
1353230 1425.4
1353240 1421.5
1353250 1417.8
1353260 1417.8
1353270 1414.7
1353280 1412.0
1353290 1412.0
1353300 1409.4
1353310 1407.3
1353320 1403.6
1353330 1403.6
1353340 1400.0
1353350 1396.6
1353360 1396.6
1353370 1393.3
1353380 1389.6
1353390 1389.6
1353400 1385.7
1353410 1382.3
1353420 1382.3
1353430 1380.0
1353440 1376.9
1353450 1376.9
1353460 1371.6
1353470 1367.7
1353480 1367.7
1353490 1366.9
1353500 1367.2
1353510 1367.2
1353520 1363.6
1353530 1359.0
1353540 1359.0
1353550 1354.7
1353560 1351.8
1353570 1351.8
1353580 1348.4
1353590 1345.0
1353600 1341.4
1353610 1341.4
1353620 1336.3
1353630 1333.5
1353640 1333.5
1353650 1331.9
1353660 1329.8
1353670 1329.8
1353680 1326.2
1353690 1319.3
1353700 1319.3
1353710 1313.3
1353720 1311.3
1353730 1311.3
1353740 1311.4
1353750 1311.5
1353760 1311.5
1353770 1311.4
1353780 1312.0
1353790 1312.0
1353800 1320.2
1353810 1327.1
1353820 1327.1
1353830 1331.0
1353840 1332.8
1353850 1332.8
1353860 1334.5
1353870 1336.6
1353880 1338.8
1353890 1338.8
1353900 1341.3
1353910 1343.9
1353920 1343.9
1353930 1346.4
1353940 1349.9
1353950 1349.9
1353960 1353.9
1353970 1358.1
1353980 1358.1
1353990 1361.9
1354000 1362.7
1354010 1362.7
1354020 1362.2
1354030 1366.7
1354040 1366.7
1354050 1372.7
1354060 1376.6
1354070 1376.6
1354080 1379.7
1354090 1383.4
1354100 1383.4
1354110 1388.1
1354120 1392.6
1354130 1392.6
1354140 1396.6
1354150 1401.1
1354160 1405.7
1354170 1405.7
1354180 1410.5
1354190 1415.9
1354200 1415.9
1354210 1421.0
1354220 1425.6
1354230 1425.6
1354240 1428.5
1354250 1430.8
1354260 1430.8
1354270 1433.7
1354280 1438.5
1354290 1438.5
1354300 1444.8
1354310 1453.0
1354320 1453.0
1354330 1461.8
1354340 1468.8
1354350 1468.8
1354360 1475.0
1354370 1481.2
1354380 1481.2
1354390 1487.4
1354400 1492.7
1354410 1492.7
1354420 1497.3
1354430 1501.0
1354440 1504.6
1354450 1504.6
1354460 1507.4
1354470 1509.7
1354480 1509.7
1354490 1513.8
1354500 1519.5
1354510 1519.5
1354520 1524.9
1354530 1530.0
1354540 1530.0
1354550 1536.1
1354560 1542.8
1354570 1542.8
1354580 1548.1
1354590 1552.3
1354600 1552.3
1354610 1557.3
1354620 1561.9
1354630 1561.9
1354640 1566.5
1354650 1571.8
1354660 1571.8
1354670 1576.7
1354680 1581.4
1354690 1581.4
1354700 1585.9
1354710 1589.7
1354720 1590.2
1354730 1590.2
1354740 1591.3
1354750 1596.9
1354760 1596.9
1354770 1603.4
1354780 1614.8
1354790 1614.8
1354800 1621.8
1354810 1626.4
1354820 1626.4
1354830 1629.4
1354840 1633.5
1354850 1633.5
1354860 1636.7
1354870 1640.4
1354880 1640.4
1354890 1644.2
1354900 1648.6
1354910 1648.6
1354920 1653.5
1354930 1659.4
1354940 1659.4
1354950 1666.1
1354960 1670.7
1354970 1670.7
1354980 1674.0
1354990 1676.9
1355000 1679.7
1355010 1679.7
1355020 1682.8
1355030 1686.1
1355040 1686.1
1355050 1689.4
1355060 1692.5
1355070 1692.5
1355080 1695.8
1355090 1699.0
1355100 1699.0
1355110 1702.0
1355120 1704.2
1355130 1704.2
1355140 1707.2
1355150 1711.7
1355160 1711.7
1355170 1716.0
1355180 1720.4
1355190 1720.4
1355200 1725.0
1355210 1728.3
1355220 1728.3
1355230 1731.0
1355240 1732.7
1355250 1733.0
1355260 1733.0
1355270 1732.8
1355280 1734.4
1355290 1734.4
1355300 1736.6
1355310 1739.8
1355320 1739.8
1355330 1742.8
1355340 1745.2
1355350 1745.2
1355360 1748.3
1355370 1751.6
1355380 1751.6
1355390 1754.6
1355400 1756.9
1355410 1756.9
1355420 1759.9
1355430 1763.1
1355440 1763.1
1355450 1767.4
1355460 1771.9
1355470 1771.9
1355480 1776.0
1355490 1780.0
1355500 1780.0
1355510 1780.2
1355520 1773.7
1355530 1766.6
1355540 1766.6
1355550 1761.1
1355560 1757.2
1355570 1757.2
1355580 1755.7
1355590 1755.4
1355600 1755.4
1355610 1755.1
1355620 1754.5
1355630 1754.5
1355640 1753.6
1355650 1751.7
1355660 1751.7
1355670 1748.7
1355680 1746.1
1355690 1746.1
1355700 1743.3
1355710 1741.0
1355720 1741.0
1355730 1739.9
1355740 1739.0
1355750 1739.0
1355760 1743.2
1355770 1742.8
1355780 1742.8
1355790 1742.2
1355800 1742.5
1355810 1741.6
1355820 1741.6
1355830 1739.3
1355840 1736.6
1355850 1736.6
1355860 1733.4
1355870 1730.5
1355880 1730.5
1355890 1728.3
1355900 1726.8
1355910 1726.8
1355920 1725.9
1355930 1725.4
1355940 1725.4
1355950 1724.4
1355960 1723.6
1355970 1723.6
1355980 1723.5
1355990 1724.2
1356000 1724.2
1356010 1724.7
1356020 1724.1
1356030 1724.1
1356040 1723.7
1356050 1724.7
1356060 1724.7
1356070 1725.5
1356080 1725.3
1356090 1723.5
1356100 1723.5
1356110 1720.3
1356120 1716.0
1356130 1716.0
1356140 1717.0
1356150 1717.4
1356160 1717.4
1356170 1717.9
1356180 1718.6
1356190 1718.6
1356200 1719.4
1356210 1719.7
1356220 1719.7
1356230 1719.6
1356240 1718.3
1356250 1718.3
1356260 1715.4
1356270 1717.4
1356280 1717.4
1356290 1718.9
1356300 1720.7
1356310 1720.7
1356320 1721.9
1356330 1722.1
1356340 1722.1
1356350 1721.7
1356360 1721.5
1356370 1720.9
1356380 1720.9
1356390 1721.7
1356400 1722.7
1356410 1722.7
1356420 1723.4
1356430 1726.0
1356440 1726.0
1356450 1726.5
1356460 1726.5
1356470 1726.5
1356480 1727.0
1356490 1727.8
1356500 1727.8
1356510 1726.0
1356520 1724.7
1356530 1724.7
1356540 1728.7
1356550 1733.0
1356560 1733.0
1356570 1734.8
1356580 1737.5
1356590 1737.5
1356600 1740.3
1356610 1742.9
1356620 1742.9
1356630 1746.7
1356640 1750.8
1356650 1754.5
1356660 1754.5
1356670 1757.1
1356680 1759.2
1356690 1759.2
1356700 1762.0
1356710 1764.6
1356720 1764.6
1356730 1767.1
1356740 1770.7
1356750 1770.7
1356760 1777.3
1356770 1780.6
1356780 1780.6
1356790 1783.5
1356800 1785.7
1356810 1785.7
1356820 1788.0
1356830 1790.2
1356840 1790.2
1356850 1793.0
1356860 1796.0
1356870 1796.0
1356880 1798.7
1356890 1802.1
1356900 1802.1
1356910 1805.9
1356920 1809.6
1356930 1813.2
1356940 1813.2
1356950 1816.8
1356960 1820.4
1356970 1820.4
1356980 1823.6
1356990 1826.9
1357000 1826.9
1357010 1832.1
1357020 1837.9
1357030 1837.9
1357040 1843.8
1357050 1848.6
1357060 1848.6
1357070 1853.1
1357080 1857.7
1357090 1857.7
1357100 1862.6
1357110 1868.2
1357120 1868.2
1357130 1874.4
1357140 1880.6
1357150 1880.6
1357160 1886.6
1357170 1892.5
1357180 1897.8
1357190 1897.8
1357200 1902.4
1357210 1905.9
1357220 1905.9
1357230 1909.2
1357240 1911.4
1357250 1911.4
1357260 1912.5
1357270 1913.6
1357280 1913.6
1357290 1914.3
1357300 1914.4
1357310 1914.4
1357320 1913.9
1357330 1914.2
1357340 1914.2
1357350 1915.2
1357360 1916.7
1357370 1916.7
1357380 1916.4
1357390 1916.2
1357400 1916.2
1357410 1915.6
1357420 1915.4
1357430 1915.4
1357440 1915.5
1357450 1914.4
1357460 1913.8
1357470 1913.8
1357480 1912.7
1357490 1911.4
1357500 1911.4
1357510 1908.4
1357520 1899.1
1357530 1899.1
1357540 1888.6
1357550 1880.4
1357560 1880.4
1357570 1874.0
1357580 1868.0
1357590 1868.0
1357600 1862.0
1357610 1856.6
1357620 1856.6
1357630 1852.3
1357640 1849.0
1357650 1849.0
1357660 1847.2
1357670 1845.6
1357680 1845.6
1357690 1843.5
1357700 1840.9
1357710 1840.9
1357720 1837.5
1357730 1833.6
1357740 1828.7
1357750 1828.7
1357760 1821.6
1357770 1818.0
1357780 1818.0
1357790 1813.2
1357800 1809.1
1357810 1809.1
1357820 1802.6
1357830 1793.7
1357840 1793.7
1357850 1783.2
1357860 1772.5
1357870 1772.5
1357880 1762.3
1357890 1752.9
1357900 1752.9
1357910 1743.0
1357920 1734.9
1357930 1734.9
1357940 1727.4
1357950 1720.9
1357960 1720.9
1357970 1716.4
1357980 1712.4
1357990 1712.4
1358000 1707.3
1358010 1702.1
1358020 1694.8
1358030 1694.8
1358040 1685.6
1358050 1679.1
1358060 1679.1
1358070 1672.3
1358080 1665.2
1358090 1665.2
1358100 1658.7
1358110 1655.1
1358120 1655.1
1358130 1652.4
1358140 1646.8
1358150 1646.8
1358160 1642.2
1358170 1637.1
1358180 1637.1
1358190 1632.5
1358200 1628.3
1358210 1628.3
1358220 1622.8
1358230 1617.0
1358240 1617.0
1358250 1611.2
1358260 1606.2
1358270 1606.2
1358280 1601.7
1358290 1597.3
1358300 1592.7
1358310 1592.7
1358320 1588.2
1358330 1582.0
1358340 1582.0
1358350 1575.2
1358360 1570.0
1358370 1570.0
1358380 1566.0
1358390 1561.8
1358400 1561.8
1358410 1555.8
1358420 1549.9
1358430 1549.9
1358440 1542.9
1358450 1537.0
1358460 1537.0
1358470 1534.6
1358480 1532.4
1358490 1532.4
1358500 1530.0
1358510 1526.7
1358520 1526.7
1358530 1521.1
1358540 1517.0
1358550 1517.0
1358560 1512.9
1358570 1508.5
1358580 1501.5
1358590 1501.5
1358600 1494.9
1358610 1488.5
1358620 1488.5
1358630 1483.2
1358640 1482.9
1358650 1482.9
1358660 1480.6
1358670 1473.5
1358680 1473.5
1358690 1468.9
1358700 1465.5
1358710 1465.5
1358720 1464.5
1358730 1463.7
1358740 1463.7
1358750 1463.1
1358760 1461.2
1358770 1454.8
1358780 1451.8
1358790 1447.4
1358800 1447.4
1358810 1444.1
1358820 1442.1
1358830 1436.7
1358840 1436.7
1358850 1429.3
1358860 1424.2
1358870 1424.2
1358880 1423.8
1358890 1423.8
1358900 1423.8
1358910 1422.3
1358920 1420.1
1358930 1420.1
1358940 1415.7
1358950 1412.1
1358960 1412.1
1358970 1410.0
1358980 1407.7
1358990 1407.7
1359000 1405.2
1359010 1402.6
1359020 1402.6
1359030 1396.9
1359040 1387.9
1359050 1387.9
1359060 1379.2
1359070 1370.4
1359080 1370.4
1359090 1362.2
1359100 1355.0
1359110 1349.1
1359120 1349.1
1359130 1345.3
1359140 1340.3
1359150 1340.3
1359160 1335.9
1359170 1331.9
1359180 1331.9
1359190 1328.2
1359200 1325.5
1359210 1325.5
1359220 1320.7
1359230 1314.1
1359240 1314.1
1359250 1306.5
1359260 1299.3
1359270 1299.3
1359280 1292.6
1359290 1285.8
1359300 1285.8
1359310 1277.2
1359320 1270.6
1359330 1270.6
1359340 1265.9
1359350 1263.9
1359360 1263.9
1359370 1262.2
1359380 1260.5
1359390 1259.2
1359400 1259.2
1359410 1257.4
1359420 1255.8
1359430 1255.8
1359440 1254.0
1359450 1252.7
1359460 1252.7
1359470 1251.1
1359480 1249.3
1359490 1249.3
1359500 1247.2
1359510 1244.7
1359520 1244.7
1359530 1243.2
1359540 1241.4
1359550 1241.4
1359560 1238.7
1359570 1234.9
1359580 1234.9
1359590 1229.4
1359600 1224.6
1359610 1224.6
1359620 1218.1
1359630 1213.5
1359640 1213.5
1359650 1213.3
1359660 1216.4
1359670 1223.4
1359680 1223.4
1359690 1231.5
1359700 1234.7
1359710 1234.7
1359720 1237.5
1359730 1242.7
1359740 1242.7
1359750 1246.5
1359760 1251.4
1359770 1251.4
1359780 1258.5
1359790 1273.1
1359800 1273.1
1359810 1277.1
1359820 1282.0
1359830 1282.0
1359840 1287.8
1359850 1291.2
1359860 1291.2
1359870 1296.3
1359880 1300.8
1359890 1300.8
1359900 1304.6
1359910 1308.4
1359920 1308.4
1359930 1311.6
1359940 1315.1
1359950 1318.1
1359960 1318.1
1359970 1321.6
1359980 1325.4
1359990 1325.4
