1340000 2097.3
1340010 2097.3
1340020 2096.2
1340030 2095.2
1340040 2095.2
1340050 2095.7
1340060 2097.4
1340070 2097.4
1340080 2096.1
1340090 2094.8
1340100 2094.8
1340110 2092.1
1340120 2090.3
1340130 2090.3
1340140 2090.3
1340150 2090.2
1340160 2090.2
1340170 2087.3
1340180 2087.2
1340190 2087.2
1340200 2085.4
1340210 2081.2
1340220 2081.2
1340230 2078.0
1340240 2074.5
1340250 2074.5
1340260 2070.9
1340270 2068.8
1340280 2065.2
1340290 2065.2
1340300 2062.5
1340310 2060.0
1340320 2060.0
1340330 2059.1
1340340 2058.8
1340350 2058.8
1340360 2059.7
1340370 2061.2
1340380 2061.2
1340390 2061.5
1340400 2061.8
1340410 2061.8
1340420 2061.9
1340430 2062.1
1340440 2062.1
1340450 2062.2
1340460 2062.4
1340470 2062.4
1340480 2063.7
1340490 2064.5
1340500 2064.5
1340510 2064.4
1340520 2063.7
1340530 2063.7
1340540 2060.7
1340550 2058.5
1340560 2057.0
1340570 2057.0
1340580 2055.3
1340590 2053.9
1340600 2053.9
1340610 2052.7
1340620 2051.2
1340630 2051.2
1340640 2048.4
1340650 2044.6
1340660 2044.6
1340670 2039.8
1340680 2035.7
1340690 2035.7
1340700 2032.8
1340710 2030.3
1340720 2030.3
1340730 2026.8
1340740 2022.7
1340750 2022.7
1340760 2018.3
1340770 2015.8
1340780 2015.8
1340790 2011.8
1340800 2006.5
1340810 2006.5
1340820 2003.8
1340830 2001.9
1340840 1997.2
1340850 1997.2
1340860 1992.3
1340870 1989.1
1340880 1985.0
1340890 1982.1
1340900 1979.3
1340910 1979.3
1340920 1975.9
1340930 1972.4
1340940 1972.4
1340950 1969.4
1340960 1966.3
1340970 1966.3
1340980 1959.5
1340990 1954.0
1341000 1954.0
1341010 1948.8
1341020 1943.8
1341030 1943.8
1341040 1939.5
1341050 1936.3
1341060 1936.3
1341070 1932.6
1341080 1929.0
1341090 1929.0
1341100 1926.7
1341110 1923.1
1341120 1916.7
1341130 1916.7
1341140 1911.1
1341150 1906.0
1341160 1906.0
1341170 1902.4
1341180 1899.8
1341190 1899.8
1341200 1896.6
1341210 1893.3
1341220 1893.3
1341230 1888.9
1341240 1884.5
1341250 1884.5
1341260 1878.6
1341270 1872.9
1341280 1872.9
1341290 1869.7
1341300 1867.1
1341310 1867.1
1341320 1864.5
1341330 1861.8
1341340 1861.8
1341350 1860.1
1341360 1859.1
1341370 1859.1
1341380 1857.2
1341390 1854.8
1341400 1852.4
1341410 1852.4
1341420 1850.3
1341430 1848.7
1341440 1848.7
1341450 1847.6
1341460 1846.7
1341470 1846.7
1341480 1845.7
1341490 1844.8
1341500 1844.8
1341510 1844.1
1341520 1845.0
1341530 1845.0
1341540 1846.7
1341550 1846.9
1341560 1846.9
1341570 1845.4
1341580 1843.3
1341590 1843.3
1341600 1842.2
1341610 1840.9
1341620 1840.9
1341630 1839.0
1341640 1836.3
1341650 1836.3
1341660 1835.3
1341670 1834.3
1341680 1833.2
1341690 1833.2
1341700 1831.0
1341710 1826.6
1341720 1826.6
1341730 1823.4
1341740 1821.1
1341750 1821.1
1341760 1818.5
1341770 1815.0
1341780 1815.0
1341790 1812.8
1341800 1810.8
1341810 1810.8
1341820 1808.7
1341830 1806.6
1341840 1806.6
1341850 1804.5
1341860 1799.6
1341870 1799.6
1341880 1793.6
1341890 1788.5
1341900 1788.5
1341910 1785.0
1341920 1782.0
1341930 1780.0
1341940 1780.0
1341950 1777.1
1341960 1775.3
1341970 1775.3
1341980 1774.2
1341990 1773.5
1342000 1773.5
1342010 1772.0
1342020 1770.3
1342030 1770.3
1342040 1767.5
1342050 1763.6
1342060 1763.6
1342070 1758.5
1342080 1751.5
1342090 1751.5
1342100 1745.8
1342110 1741.4
1342120 1741.4
1342130 1737.7
1342140 1734.4
1342150 1734.4
1342160 1730.9
1342170 1728.1
1342180 1728.1
1342190 1727.1
1342200 1726.1
1342210 1724.4
1342220 1724.4
1342230 1721.7
1342240 1719.4
1342250 1719.4
1342260 1717.7
1342270 1715.5
1342280 1715.5
1342290 1712.7
1342300 1709.8
1342310 1709.8
1342320 1706.9
1342330 1703.8
1342340 1703.8
1342350 1701.1
1342360 1697.8
1342370 1697.8
1342380 1694.8
1342390 1692.9
1342400 1692.9
1342410 1690.4
1342420 1684.8
1342430 1684.8
1342440 1678.4
1342450 1672.2
1342460 1672.2
1342470 1668.3
1342480 1665.3
1342490 1662.5
1342500 1662.5
1342510 1661.3
1342520 1660.7
1342530 1660.7
1342540 1659.9
1342550 1658.2
1342560 1658.2
1342570 1655.9
1342580 1653.6
1342590 1653.6
1342600 1651.5
1342610 1649.1
1342620 1649.1
1342630 1646.8
1342640 1644.4
1342650 1644.4
1342660 1641.8
1342670 1636.4
1342680 1636.4
1342690 1633.4
1342700 1632.0
1342710 1632.0
1342720 1631.1
1342730 1629.2
1342740 1629.2
1342750 1627.7
1342760 1626.3
1342770 1624.5
1342780 1624.5
1342790 1622.8
1342800 1620.9
1342810 1620.9
1342820 1618.9
1342830 1616.8
1342840 1616.8
1342850 1615.2
1342860 1613.4
1342870 1613.4
1342880 1610.4
1342890 1606.5
1342900 1606.5
1342910 1602.9
1342920 1599.7
1342930 1599.7
1342940 1596.8
1342950 1594.0
1342960 1594.0
1342970 1590.6
1342980 1586.9
1342990 1586.9
1343000 1584.1
1343010 1581.4
1343020 1581.4
1343030 1578.3
1343040 1575.2
1343050 1572.7
1343060 1572.7
1343070 1570.7
1343080 1568.4
1343090 1568.4
1343100 1566.1
1343110 1563.7
1343120 1563.7
1343130 1561.1
1343140 1557.8
1343150 1557.8
1343160 1554.0
1343170 1549.5
1343180 1549.5
1343190 1545.3
1343200 1540.8
1343210 1540.8
1343220 1536.1
1343230 1533.1
1343240 1533.1
1343250 1529.6
1343260 1524.7
1343270 1524.7
1343280 1519.2
1343290 1513.4
1343300 1513.4
1343310 1507.9
1343320 1502.9
1343330 1497.1
1343340 1497.1
1343350 1491.7
1343360 1487.6
1343370 1487.6
1343380 1482.8
1343390 1476.9
1343400 1476.9
1343410 1470.0
1343420 1461.6
1343430 1461.6
1343440 1452.4
1343450 1444.6
1343460 1444.6
1343470 1438.5
1343480 1430.9
1343490 1430.9
1343500 1423.4
1343510 1416.5
1343520 1416.5
1343530 1409.4
1343540 1401.4
1343550 1401.4
1343560 1393.9
1343570 1385.0
1343580 1385.0
1343590 1377.6
1343600 1370.8
1343610 1364.7
1343620 1364.7
1343630 1358.8
1343640 1353.1
1343650 1353.1
1343660 1347.3
1343670 1341.1
1343680 1341.1
1343690 1334.7
1343700 1328.2
1343710 1328.2
1343720 1322.6
1343730 1317.5
1343740 1317.5
1343750 1311.8
1343760 1305.5
1343770 1305.5
1343780 1299.0
1343790 1293.4
1343800 1293.4
1343810 1288.7
1343820 1283.8
1343830 1283.8
1343840 1279.2
1343850 1275.1
1343860 1275.1
1343870 1271.2
1343880 1267.5
1343890 1263.8
1343900 1263.8
1343910 1260.9
1343920 1257.2
1343930 1257.2
1343940 1253.7
1343950 1249.7
1343960 1249.7
1343970 1244.3
1343980 1239.5
1343990 1239.5
1344000 1235.6
1344010 1233.0
1344020 1233.0
1344030 1230.0
1344040 1224.9
1344050 1224.9
1344060 1219.4
1344070 1213.5
1344080 1213.5
1344090 1207.6
1344100 1202.0
1344110 1202.0
1344120 1199.3
1344130 1199.1
1344140 1198.8
1344150 1198.8
1344160 1197.9
1344170 1197.0
1344180 1197.0
1344190 1195.5
1344200 1193.1
1344210 1193.1
1344220 1191.0
1344230 1189.5
1344240 1189.5
1344250 1188.2
1344260 1186.4
1344270 1186.4
1344280 1182.6
1344290 1177.9
1344300 1177.9
1344310 1175.2
1344320 1175.1
1344330 1175.1
1344340 1175.9
1344350 1177.5
1344360 1177.5
1344370 1178.6
1344380 1179.4
1344390 1179.4
1344400 1180.4
1344410 1181.0
1344420 1181.9
1344430 1181.9
1344440 1184.5
1344450 1187.2
1344460 1187.2
1344470 1190.8
1344480 1195.6
1344490 1195.6
1344500 1196.1
1344510 1196.9
1344520 1196.9
1344530 1199.3
1344540 1202.5
1344550 1202.5
1344560 1205.3
1344570 1208.0
1344580 1208.0
1344590 1211.2
1344600 1214.6
1344610 1214.6
1344620 1218.2
1344630 1221.6
1344640 1221.6
1344650 1225.1
1344660 1228.7
1344670 1228.7
1344680 1232.8
1344690 1236.3
1344700 1240.9
1344710 1240.9
1344720 1246.8
1344730 1251.9
1344740 1251.9
1344750 1256.1
1344760 1260.3
1344770 1260.3
1344780 1264.2
1344790 1268.5
1344800 1268.5
1344810 1274.7
1344820 1282.3
1344830 1282.3
1344840 1290.7
1344850 1297.2
1344860 1297.2
1344870 1302.7
1344880 1309.7
1344890 1309.7
1344900 1320.0
1344910 1327.7
1344920 1327.7
1344930 1332.9
1344940 1339.1
1344950 1339.1
1344960 1350.1
1344970 1360.0
1344980 1370.7
1344990 1370.7
1345000 1377.9
1345010 1383.3
1345020 1383.3
1345030 1388.4
1345040 1390.5
1345050 1390.5
1345060 1395.2
1345070 1402.9
1345080 1402.9
1345090 1411.5
1345100 1420.9
1345110 1420.9
1345120 1428.4
1345130 1435.6
1345140 1435.6
1345150 1442.1
1345160 1447.2
1345170 1447.2
1345180 1449.8
1345190 1453.1
1345200 1453.1
1345210 1458.7
1345220 1464.5
1345230 1464.5
1345240 1470.1
1345250 1476.9
1345260 1485.7
1345270 1485.7
1345280 1494.3
1345290 1502.1
1345300 1502.1
1345310 1509.1
1345320 1512.2
1345330 1512.2
1345340 1515.9
1345350 1518.2
1345360 1518.2
1345370 1520.5
1345380 1527.3
1345390 1533.3
1345400 1541.8
1345410 1549.1
1345420 1549.1
1345430 1554.1
1345440 1560.1
1345450 1560.1
1345460 1569.3
1345470 1580.2
1345480 1580.2
1345490 1586.9
1345500 1588.8
1345510 1588.8
1345520 1592.8
1345530 1599.0
1345540 1606.7
1345550 1606.7
1345560 1613.5
1345570 1616.6
1345580 1616.6
1345590 1622.0
1345600 1628.7
1345610 1628.7
1345620 1635.8
1345630 1642.6
1345640 1642.6
1345650 1649.6
1345660 1656.5
1345670 1656.5
1345680 1660.6
1345690 1664.3
1345700 1664.3
1345710 1669.0
1345720 1673.1
1345730 1673.1
1345740 1676.1
1345750 1678.9
1345760 1678.9
1345770 1679.9
1345780 1680.4
1345790 1680.4
1345800 1679.0
1345810 1676.8
1345820 1676.0
1345830 1676.0
1345840 1673.4
1345850 1670.7
1345860 1670.7
1345870 1669.6
1345880 1669.6
1345890 1669.6
1345900 1669.4
1345910 1668.8
1345920 1668.8
1345930 1667.6
1345940 1667.9
1345950 1667.9
1345960 1669.2
1345970 1670.8
1345980 1670.8
1345990 1671.6
1346000 1671.4
1346010 1671.4
1346020 1673.1
1346030 1674.9
1346040 1674.9
1346050 1675.8
1346060 1677.1
1346070 1679.4
1346080 1679.4
1346090 1681.9
1346100 1685.0
1346110 1685.0
1346120 1687.7
1346130 1687.6
1346140 1687.6
1346150 1687.8
1346160 1688.3
1346170 1688.3
1346180 1686.5
1346190 1683.3
1346200 1683.3
1346210 1681.7
1346220 1682.1
1346230 1682.1
1346240 1683.2
1346250 1684.5
1346260 1684.5
1346270 1684.7
1346280 1685.0
1346290 1685.0
1346300 1685.3
1346310 1690.6
1346320 1690.6
1346330 1689.9
1346340 1689.0
1346350 1687.7
1346360 1687.7
1346370 1688.7
1346380 1690.4
1346390 1690.4
1346400 1693.5
1346410 1698.3
1346420 1698.3
1346430 1702.2
1346440 1705.9
1346450 1705.9
1346460 1711.0
1346470 1717.4
1346480 1717.4
1346490 1723.4
1346500 1729.3
1346510 1729.3
1346520 1734.4
1346530 1739.2
1346540 1739.2
1346550 1743.0
1346560 1745.9
1346570 1745.9
1346580 1747.4
1346590 1747.3
1346600 1747.3
1346610 1747.5
1346620 1747.2
1346630 1746.4
1346640 1746.4
1346650 1746.3
1346660 1745.8
1346670 1745.8
1346680 1744.7
1346690 1744.0
1346700 1744.0
1346710 1744.0
1346720 1744.1
1346730 1744.1
1346740 1743.2
1346750 1740.6
1346760 1740.6
1346770 1737.6
1346780 1734.9
1346790 1734.9
1346800 1733.1
1346810 1733.4
1346820 1733.4
1346830 1736.3
1346840 1738.5
1346850 1738.5
1346860 1740.2
1346870 1741.8
1346880 1741.8
1346890 1743.4
1346900 1745.5
1346910 1747.5
1346920 1747.5
1346930 1749.3
1346940 1751.2
1346950 1751.2
1346960 1753.0
1346970 1754.6
1346980 1754.6
1346990 1756.6
1347000 1758.7
1347010 1758.7
1347020 1760.9
1347030 1762.9
1347040 1762.9
1347050 1765.3
1347060 1767.8
1347070 1767.8
1347080 1770.3
1347090 1772.4
1347100 1772.4
1347110 1774.3
1347120 1777.0
1347130 1777.0
1347140 1779.5
1347150 1781.8
1347160 1781.8
1347170 1783.9
1347180 1785.9
1347190 1787.8
1347200 1787.8
1347210 1789.7
1347220 1791.5
1347230 1791.8
1347240 1793.9
1347250 1796.1
1347260 1796.1
1347270 1798.0
1347280 1799.6
1347290 1799.6
1347300 1800.7
1347310 1801.9
1347320 1801.9
1347330 1804.1
1347340 1806.5
1347350 1806.5
1347360 1809.2
1347370 1812.3
1347380 1812.3
1347390 1815.6
1347400 1819.1
1347410 1819.1
1347420 1822.8
1347430 1826.3
1347440 1826.3
1347450 1829.4
1347460 1832.7
1347470 1836.1
1347480 1836.1
1347490 1839.1
1347500 1842.0
1347510 1842.0
1347520 1844.9
1347530 1847.4
1347540 1847.4
1347550 1850.1
1347560 1852.6
1347570 1852.6
1347580 1855.4
1347590 1858.0
1347600 1858.0
1347610 1860.0
1347620 1861.3
1347630 1861.3
1347640 1862.8
1347650 1864.7
1347660 1864.7
1347670 1866.8
1347680 1868.7
1347690 1868.7
1347700 1869.1
1347710 1868.5
1347720 1868.5
1347730 1870.7
1347740 1874.0
1347750 1878.6
1347760 1878.6
1347770 1883.4
1347780 1887.6
1347790 1887.6
1347800 1890.9
1347810 1894.1
1347820 1894.1
1347830 1897.3
1347840 1900.9
1347850 1900.9
1347860 1904.5
1347870 1907.8
1347880 1907.8
1347890 1910.9
1347900 1914.3
1347910 1914.3
1347920 1918.2
1347930 1922.1
1347940 1922.1
1347950 1925.6
1347960 1929.8
1347970 1929.8
1347980 1934.9
1347990 1939.7
1348000 1939.7
1348010 1941.5
1348020 1943.4
1348030 1945.7
1348040 1945.7
1348050 1948.0
1348060 1950.5
1348070 1950.5
1348080 1953.5
1348090 1956.2
1348100 1956.2
1348110 1959.1
1348120 1961.8
1348130 1961.8
1348140 1964.9
1348150 1968.3
1348160 1969.9
1348170 1974.6
1348180 1979.6
1348190 1979.6
1348200 1985.7
1348210 1991.8
1348220 1991.8
1348230 1998.2
1348240 2005.6
1348250 2005.6
1348260 2014.4
1348270 2023.8
1348280 2033.5
1348290 2033.5
1348300 2040.4
1348310 2042.7
1348320 2042.7
1348330 2043.4
1348340 2043.4
1348350 2043.4
1348360 2045.0
1348370 2044.0
1348380 2044.0
1348390 2043.9
1348400 2046.5
1348410 2046.5
1348420 2045.0
1348430 2043.9
1348440 2043.9
1348450 2044.5
1348460 2045.1
1348470 2045.1
1348480 2045.1
1348490 2046.0
1348500 2046.0
1348510 2048.0
1348520 2050.6
1348530 2050.6
1348540 2054.0
1348550 2057.3
1348560 2060.2
1348570 2060.2
1348580 2062.3
1348590 2065.5
1348600 2065.5
1348610 2067.6
1348620 2069.2
1348630 2069.2
1348640 2069.5
1348650 2070.0
1348660 2070.0
1348670 2071.0
1348680 2071.5
1348690 2071.5
1348700 2071.7
1348710 2072.6
1348720 2072.6
1348730 2074.1
1348740 2073.9
1348750 2073.9
1348760 2075.0
1348770 2078.4
1348780 2078.4
1348790 2080.9
1348800 2083.3
1348810 2083.3
1348820 2084.5
1348830 2086.9
1348840 2090.7
1348850 2090.7
1348860 2097.4
1348870 2105.3
1348880 2105.3
1348890 2111.9
1348900 2119.6
1348910 2119.6
1348920 2127.6
1348930 2137.2
1348940 2137.2
1348950 2144.1
1348960 2148.5
1348970 2148.5
1348980 2150.9
1348990 2150.9
1349000 2150.9
1349010 2151.0
1349020 2150.3
1349030 2150.3
1349040 2151.4
1349050 2156.4
1349060 2156.4
1349070 2160.7
1349080 2162.9
1349090 2162.9
1349100 2160.7
1349110 2163.2
1349120 2168.4
1349130 2168.4
1349140 2173.8
1349150 2181.3
1349160 2181.3
1349170 2188.5
1349180 2196.0
1349190 2196.0
1349200 2203.6
1349210 2211.1
1349220 2211.1
1349230 2218.8
1349240 2227.7
1349250 2227.7
1349260 2233.3
1349270 2225.5
1349280 2225.5
1349290 2215.8
1349300 2206.2
1349310 2206.2
1349320 2204.6
1349330 2212.0
1349340 2212.0
1349350 2210.0
1349360 2203.8
1349370 2203.8
1349380 2199.9
1349390 2195.5
1349400 2194.8
1349410 2194.8
1349420 2195.3
1349430 2194.5
1349440 2194.5
1349450 2195.7
1349460 2194.2
1349470 2194.2
1349480 2194.3
1349490 2199.8
1349500 2199.8
1349510 2206.4
1349520 2208.4
1349530 2208.4
1349540 2209.9
1349550 2209.1
1349560 2209.1
1349570 2218.2
1349580 2228.1
1349590 2228.1
1349600 2234.9
1349610 2240.3
1349620 2240.3
1349630 2241.8
1349640 2239.1
1349650 2239.1
1349660 2234.9
1349670 2227.6
1349680 2219.6
1349690 2219.6
1349700 2213.3
1349710 2206.6
1349720 2206.6
1349730 2201.7
1349740 2197.6
1349750 2197.6
1349760 2195.4
1349770 2194.1
1349780 2194.1
1349790 2191.4
1349800 2189.2
1349810 2189.2
1349820 2186.0
1349830 2182.9
1349840 2182.9
1349850 2179.2
1349860 2174.7
1349870 2174.7
1349880 2168.7
1349890 2163.8
1349900 2163.8
1349910 2159.5
1349920 2154.5
1349930 2154.5
1349940 2149.3
1349950 2145.1
1349960 2141.1
1349970 2141.1
1349980 2137.4
1349990 2133.8
1350000 2133.8
1350010 2130.2
1350020 2126.2
1350030 2126.2
1350040 2123.0
1350050 2121.0
1350060 2121.0
1350070 2117.6
1350080 2114.1
1350090 2114.1
1350100 2109.8
1350110 2108.0
1350120 2108.0
1350130 2106.9
1350140 2105.3
1350150 2105.3
1350160 2104.3
1350170 2101.9
1350180 2101.9
1350190 2099.4
1350200 2097.7
1350210 2094.5
1350220 2094.5
1350230 2092.2
1350240 2089.0
1350250 2089.0
1350260 2088.0
1350270 2087.9
1350280 2087.9
1350290 2087.9
1350300 2087.8
1350310 2087.8
1350320 2087.6
1350330 2086.8
1350340 2086.8
1350350 2085.6
1350360 2084.6
1350370 2084.6
1350380 2083.9
1350390 2084.1
1350400 2084.1
1350410 2084.8
1350420 2084.5
1350430 2084.5
1350440 2082.6
1350450 2080.6
1350460 2080.6
1350470 2081.2
1350480 2083.2
1350490 2085.3
1350500 2085.3
1350510 2087.1
1350520 2086.7
1350530 2086.7
1350540 2084.7
1350550 2083.5
1350560 2083.5
1350570 2081.8
1350580 2081.7
1350590 2081.7
1350600 2080.3
1350610 2080.4
1350620 2080.4
1350630 2080.3
1350640 2078.9
1350650 2078.9
1350660 2075.8
1350670 2069.2
1350680 2069.2
1350690 2064.9
1350700 2059.9
1350710 2059.9
1350720 2053.9
1350730 2047.2
1350740 2047.2
1350750 2041.2
1350760 2035.4
1350770 2030.0
1350780 2030.0
1350790 2025.4
1350800 2020.8
1350810 2020.8
1350820 2016.2
1350830 2012.5
1350840 2012.5
1350850 2007.0
1350860 2002.0
1350870 2002.0
1350880 1999.9
1350890 1997.1
1350900 1997.1
1350910 1995.3
1350920 1993.6
1350930 1993.6
1350940 1992.0
1350950 1991.0
1350960 1991.0
1350970 1988.2
1350980 1985.0
1350990 1982.8
1351000 1978.6
1351010 1972.6
1351020 1972.6
1351030 1966.0
1351040 1961.8
1351050 1959.0
1351060 1959.0
1351070 1956.9
1351080 1955.4
1351090 1955.4
1351100 1954.4
1351110 1952.6
1351120 1952.6
1351130 1951.3
1351140 1951.3
1351150 1951.3
1351160 1951.5
1351170 1950.1
1351180 1950.1
1351190 1946.8
1351200 1943.2
1351210 1943.2
1351220 1939.7
1351230 1937.8
1351240 1937.8
1351250 1935.6
1351260 1932.8
1351270 1932.8
1351280 1930.2
1351290 1926.6
1351300 1926.6
1351310 1924.1
1351320 1922.0
1351330 1919.6
1351340 1919.6
1351350 1915.9
1351360 1911.1
1351370 1911.1
1351380 1907.1
1351390 1903.4
1351400 1903.4
1351410 1899.7
1351420 1897.1
1351430 1897.1
1351440 1894.1
1351450 1889.6
1351460 1889.6
1351470 1883.5
1351480 1877.2
1351490 1877.2
1351500 1870.7
1351510 1864.0
1351520 1864.0
1351530 1856.7
1351540 1849.4
1351550 1849.4
1351560 1842.7
1351570 1835.7
1351580 1835.7
1351590 1828.7
1351600 1821.8
1351610 1816.2
1351620 1816.2
1351630 1810.4
1351640 1803.9
1351650 1803.9
1351660 1797.3
1351670 1791.4
1351680 1791.4
1351690 1786.4
1351700 1781.3
1351710 1781.3
1351720 1776.5
1351730 1772.4
1351740 1772.4
1351750 1768.8
1351760 1766.2
1351770 1766.2
1351780 1761.9
1351790 1758.0
1351800 1758.0
1351810 1754.0
1351820 1749.4
1351830 1749.4
1351840 1745.3
1351850 1741.8
1351860 1741.8
1351870 1738.8
1351880 1736.1
1351890 1732.7
1351900 1732.7
1351910 1729.1
1351920 1726.3
1351930 1726.3
1351940 1724.4
1351950 1716.7
1351960 1716.7
1351970 1713.4
1351980 1709.6
1351990 1709.6
1352000 1705.3
1352010 1701.3
1352020 1701.3
1352030 1696.7
1352040 1691.1
1352050 1691.1
1352060 1685.6
1352070 1680.9
1352080 1680.9
1352090 1677.1
1352100 1673.2
1352110 1673.2
1352120 1668.4
1352130 1664.2
1352140 1661.2
1352150 1661.2
1352160 1657.9
1352170 1654.0
1352180 1654.0
1352190 1650.4
1352200 1646.8
1352210 1646.8
1352220 1643.0
1352230 1638.0
1352240 1638.0
1352250 1633.3
1352260 1629.7
1352270 1629.7
1352280 1627.1
1352290 1625.1
1352300 1625.1
1352310 1623.5
1352320 1621.3
1352330 1621.3
1352340 1619.2
1352350 1616.6
1352360 1616.6
1352370 1614.0
1352380 1610.9
1352390 1610.9
1352400 1608.1
1352410 1606.3
1352420 1604.4
1352430 1604.4
1352440 1602.7
1352450 1600.2
1352460 1600.2
1352470 1597.6
1352480 1595.4
1352490 1595.4
1352500 1593.7
1352510 1591.3
1352520 1591.3
1352530 1587.1
1352540 1582.0
1352550 1582.0
1352560 1576.2
1352570 1570.6
1352580 1570.6
1352590 1565.4
1352600 1560.9
1352610 1560.9
1352620 1556.0
1352630 1551.2
1352640 1551.2
1352650 1546.9
1352660 1542.6
1352670 1542.6
1352680 1537.2
1352690 1532.4
1352700 1528.2
1352710 1528.2
1352720 1523.0
1352730 1517.9
1352740 1517.9
1352750 1512.5
1352760 1506.8
1352770 1506.8
1352780 1502.7
1352790 1499.0
1352800 1499.0
1352810 1496.4
1352820 1494.3
1352830 1494.3
1352840 1492.3
1352850 1490.0
1352860 1490.0
1352870 1487.3
1352880 1486.5
1352890 1486.5
1352900 1484.9
1352910 1481.1
1352920 1481.1
1352930 1479.2
1352940 1476.9
1352950 1476.9
1352960 1474.5
1352970 1472.2
1352980 1469.7
1352990 1469.7
1353000 1467.2
1353010 1465.1
1353020 1465.1
1353030 1462.6
1353040 1460.0
1353050 1460.0
1353060 1457.5
1353070 1454.7
1353080 1454.7
1353090 1451.7
1353100 1449.1
1353110 1449.1
1353120 1446.6
1353130 1444.3
1353140 1444.3
1353150 1442.3
1353160 1439.7
1353170 1439.7
1353180 1435.9
1353190 1432.6
1353200 1432.6
1353210 1428.9
1353220 1425.2
1353230 1425.2
1353240 1421.8
1353250 1418.9
1353260 1415.9
1353270 1415.9
1353280 1413.1
1353290 1411.9
1353300 1411.9
1353310 1410.4
1353320 1408.2
1353330 1408.2
1353340 1406.4
1353350 1403.8
1353360 1403.8
1353370 1400.2
1353380 1396.4
1353390 1396.4
1353400 1393.2
1353410 1389.1
1353420 1389.1
1353430 1385.5
1353440 1381.8
1353450 1381.8
1353460 1377.8
1353470 1374.2
1353480 1374.2
1353490 1370.8
1353500 1367.3
1353510 1367.3
1353520 1363.2
1353530 1359.9
1353540 1355.9
1353550 1355.9
1353560 1353.5
1353570 1351.1
1353580 1351.1
1353590 1348.6
1353600 1345.5
1353610 1345.5
1353620 1340.2
1353630 1335.7
1353640 1335.7
1353650 1331.7
1353660 1327.0
1353670 1327.0
1353680 1322.2
1353690 1318.3
1353700 1318.3
1353710 1314.9
1353720 1311.8
1353730 1311.8
1353740 1309.2
1353750 1305.1
1353760 1305.1
1353770 1302.3
1353780 1302.0
1353790 1302.0
1353800 1301.7
1353810 1301.4
1353820 1299.6
1353830 1299.6
1353840 1301.8
1353850 1304.1
1353860 1304.1
1353870 1306.9
1353880 1311.2
1353890 1314.9
1353900 1318.0
1353910 1321.2
1353920 1321.2
1353930 1324.2
1353940 1328.2
1353950 1328.2
1353960 1329.4
1353970 1326.0
1353980 1326.0
1353990 1329.2
1354000 1337.4
1354010 1337.4
1354020 1344.3
1354030 1347.9
1354040 1347.9
1354050 1352.3
1354060 1356.0
1354070 1357.3
1354080 1357.3
1354090 1359.3
1354100 1361.4
1354110 1361.4
1354120 1362.3
1354130 1364.4
1354140 1364.4
1354150 1366.2
1354160 1368.4
1354170 1368.4
1354180 1372.0
1354190 1376.5
1354200 1376.5
1354210 1381.1
1354220 1384.5
1354230 1384.5
1354240 1386.7
1354250 1391.4
1354260 1391.4
1354270 1402.2
1354280 1412.4
1354290 1412.4
1354300 1420.9
1354310 1429.8
1354320 1429.8
1354330 1437.7
1354340 1445.0
1354350 1452.9
1354360 1452.9
1354370 1460.5
1354380 1467.3
1354390 1467.3
1354400 1472.7
1354410 1477.7
1354420 1477.7
1354430 1482.9
1354440 1487.9
1354450 1487.9
1354460 1492.3
1354470 1496.6
1354480 1496.6
1354490 1500.4
1354500 1502.0
1354510 1502.0
1354520 1503.4
1354530 1505.5
1354540 1505.5
1354550 1503.5
1354560 1501.8
1354570 1501.8
1354580 1501.2
1354590 1503.3
1354600 1503.3
1354610 1507.1
1354620 1513.1
1354630 1521.9
1354640 1521.9
1354650 1530.2
1354660 1539.0
1354670 1539.0
1354680 1547.5
1354690 1556.3
1354700 1556.3
1354710 1564.5
1354720 1571.9
1354730 1571.9
1354740 1579.7
1354750 1587.1
1354760 1587.1
1354770 1593.6
1354780 1600.0
1354790 1600.0
1354800 1605.7
1354810 1612.2
1354820 1612.2
1354830 1618.5
1354840 1624.7
1354850 1624.7
1354860 1630.4
1354870 1635.7
1354880 1635.7
1354890 1641.5
1354900 1646.8
1354910 1652.0
1354920 1652.0
1354930 1657.3
1354940 1662.6
1354950 1662.6
1354960 1667.5
1354970 1672.3
1354980 1672.3
1354990 1677.3
1355000 1681.8
1355010 1681.8
1355020 1686.1
1355030 1690.5
1355040 1690.5
1355050 1694.6
1355060 1698.3
1355070 1698.3
1355080 1701.7
1355090 1704.2
1355100 1704.2
1355110 1705.4
1355120 1706.0
1355130 1706.0
1355140 1706.6
1355150 1707.8
1355160 1707.8
1355170 1709.2
1355180 1710.6
1355190 1713.6
1355200 1713.6
1355210 1716.9
1355220 1719.5
1355230 1719.5
1355240 1721.2
1355250 1722.1
1355260 1722.1
1355270 1723.1
1355280 1724.9
1355290 1724.9
1355300 1728.0
1355310 1732.0
1355320 1732.0
1355330 1735.6
1355340 1738.7
1355350 1738.7
1355360 1742.5
1355370 1747.0
1355380 1747.0
1355390 1751.4
1355400 1755.8
1355410 1755.8
1355420 1760.6
1355430 1765.6
1355440 1765.6
1355450 1769.6
1355460 1770.1
1355470 1766.0
1355480 1766.0
1355490 1758.2
1355500 1750.7
1355510 1750.7
1355520 1743.6
1355530 1737.4
1355540 1737.4
1355550 1732.3
1355560 1729.8
1355570 1729.8
1355580 1729.2
1355590 1728.4
1355600 1728.4
1355610 1726.2
1355620 1724.6
1355630 1724.6
1355640 1723.3
1355650 1723.6
1355660 1723.6
1355670 1724.1
1355680 1724.6
1355690 1724.6
1355700 1722.8
1355710 1719.3
1355720 1719.3
1355730 1715.2
1355740 1711.8
1355750 1710.1
1355760 1710.1
1355770 1708.2
1355780 1706.3
1355790 1706.3
1355800 1705.1
1355810 1703.5
1355820 1703.5
1355830 1701.0
1355840 1699.4
1355850 1703.2
1355860 1703.3
1355870 1703.4
1355880 1703.4
1355890 1703.6
1355900 1703.0
1355910 1703.0
1355920 1704.4
1355930 1706.6
1355940 1706.6
1355950 1707.6
1355960 1707.3
1355970 1707.3
1355980 1706.4
1355990 1705.6
1356000 1704.8
1356010 1704.8
1356020 1703.1
1356030 1699.9
1356040 1699.9
1356050 1697.4
1356060 1695.9
1356070 1695.9
1356080 1695.0
1356090 1694.5
1356100 1694.5
1356110 1693.6
1356120 1692.8
1356130 1692.8
1356140 1690.0
1356150 1691.1
1356160 1691.1
1356170 1693.8
1356180 1692.8
1356190 1692.8
1356200 1694.5
1356210 1694.6
1356220 1694.6
1356230 1694.4
1356240 1694.0
1356250 1694.0
1356260 1692.5
1356270 1692.1
1356280 1693.6
1356290 1693.6
1356300 1693.4
1356310 1693.0
1356320 1693.0
1356330 1693.0
1356340 1694.3
1356350 1694.3
1356360 1695.4
1356370 1696.7
1356380 1696.7
1356390 1697.2
1356400 1697.8
1356410 1697.8
1356420 1698.7
1356430 1699.6
1356440 1699.6
1356450 1700.4
1356460 1699.5
1356470 1699.5
1356480 1697.8
1356490 1702.0
1356500 1702.0
1356510 1703.8
1356520 1704.7
1356530 1704.7
1356540 1706.7
1356550 1709.5
1356560 1711.7
1356570 1711.7
1356580 1714.3
1356590 1717.0
1356600 1717.0
1356610 1719.4
1356620 1723.1
1356630 1723.1
1356640 1727.3
1356650 1730.8
1356660 1730.8
1356670 1733.4
1356680 1736.1
1356690 1736.1
1356700 1739.0
1356710 1742.5
1356720 1742.5
1356730 1746.3
1356740 1750.2
1356750 1750.2
1356760 1754.7
1356770 1758.8
1356780 1758.8
1356790 1762.5
1356800 1766.1
1356810 1766.1
1356820 1769.8
1356830 1773.3
1356840 1776.5
1356850 1778.6
1356860 1781.8
1356870 1784.1
1356880 1784.1
1356890 1786.3
1356900 1788.7
1356910 1788.7
1356920 1792.6
1356930 1796.5
1356940 1796.5
1356950 1800.3
1356960 1804.0
1356970 1804.0
1356980 1808.6
1356990 1813.7
1357000 1813.7
1357010 1818.8
1357020 1824.6
1357030 1824.6
1357040 1830.1
1357050 1834.9
1357060 1834.9
1357070 1840.3
1357080 1845.4
1357090 1845.4
1357100 1849.9
1357110 1854.0
1357120 1857.9
1357130 1857.9
1357140 1861.8
1357150 1865.4
1357160 1865.4
1357170 1869.2
1357180 1873.0
1357190 1873.0
1357200 1876.3
1357210 1879.6
1357220 1879.6
1357230 1883.3
1357240 1886.8
1357250 1886.8
1357260 1889.9
1357270 1892.4
1357280 1892.4
1357290 1894.8
1357300 1896.9
1357310 1896.9
1357320 1898.5
1357330 1900.5
1357340 1900.5
1357350 1902.3
1357360 1904.0
1357370 1904.0
1357380 1905.0
1357390 1905.2
1357400 1904.9
1357410 1904.9
1357420 1904.2
1357430 1903.2
1357440 1903.2
1357450 1902.7
1357460 1902.6
1357470 1902.6
1357480 1901.2
1357490 1900.0
1357500 1900.0
1357510 1899.1
1357520 1897.8
1357530 1897.8
1357540 1897.2
1357550 1896.6
1357560 1896.6
1357570 1894.9
1357580 1890.0
1357590 1890.0
1357600 1884.4
1357610 1880.5
1357620 1880.5
1357630 1878.2
1357640 1874.8
1357650 1874.8
1357660 1870.3
1357670 1864.5
1357680 1858.1
1357690 1858.1
1357700 1852.4
1357710 1849.1
1357720 1849.1
1357730 1841.8
1357740 1834.5
1357750 1834.5
1357760 1831.1
1357770 1828.1
1357780 1828.1
1357790 1824.7
1357800 1819.0
1357810 1819.0
1357820 1813.5
1357830 1807.9
1357840 1807.9
1357850 1795.4
1357860 1791.7
1357870 1791.7
1357880 1787.5
1357890 1780.0
1357900 1780.0
1357910 1773.1
1357920 1767.9
1357930 1763.5
1357940 1763.5
1357950 1758.1
1357960 1749.9
1357970 1749.9
1357980 1741.5
1357990 1733.8
1358000 1733.8
1358010 1726.5
1358020 1718.7
1358030 1718.7
1358040 1711.0
1358050 1704.4
1358060 1704.4
1358070 1700.0
1358080 1696.0
1358090 1696.0
1358100 1689.5
1358110 1683.7
1358120 1683.7
1358130 1680.6
1358140 1679.4
1358150 1679.4
1358160 1674.5
1358170 1669.0
1358180 1669.0
1358190 1664.4
1358200 1659.5
1358210 1653.3
1358220 1653.3
1358230 1648.3
1358240 1644.8
1358250 1644.8
1358260 1641.4
1358270 1635.6
1358280 1635.6
1358290 1628.8
1358300 1623.8
1358310 1623.8
1358320 1619.9
1358330 1613.6
1358340 1613.6
1358350 1605.5
1358360 1598.8
1358370 1598.8
1358380 1592.8
1358390 1586.9
1358400 1586.9
1358410 1582.1
1358420 1582.0
1358430 1582.0
1358440 1582.9
1358450 1583.1
1358460 1583.1
1358470 1577.0
1358480 1570.2
1358490 1564.8
1358500 1564.8
1358510 1560.5
1358520 1558.3
1358530 1558.3
1358540 1551.9
1358550 1544.9
1358560 1544.9
1358570 1537.7
1358580 1533.0
1358590 1533.0
1358600 1529.2
1358610 1524.2
1358620 1524.2
1358630 1517.6
1358640 1512.3
1358650 1512.3
1358660 1507.0
1358670 1503.5
1358680 1503.5
1358690 1503.6
1358700 1503.6
1358710 1503.6
1358720 1502.0
1358730 1498.1
1358740 1498.1
1358750 1493.6
1358760 1488.4
1358770 1483.3
1358780 1483.3
1358790 1478.9
1358800 1475.7
1358810 1475.7
1358820 1475.1
1358830 1474.8
1358840 1474.8
1358850 1473.4
1358860 1464.5
1358870 1464.5
1358880 1462.9
1358890 1459.3
1358900 1459.3
1358910 1454.6
1358920 1449.4
1358930 1449.4
1358940 1444.7
1358950 1441.1
1358960 1441.1
1358970 1434.5
1358980 1422.4
1358990 1422.4
1359000 1410.9
1359010 1404.0
1359020 1404.0
1359030 1398.7
1359040 1395.2
1359050 1390.6
1359060 1390.6
1359070 1382.1
1359080 1374.2
1359090 1374.2
1359100 1368.8
1359110 1364.7
1359120 1364.7
1359130 1361.2
1359140 1355.6
1359150 1355.6
1359160 1349.4
1359170 1343.8
1359180 1343.8
1359190 1338.4
1359200 1330.2
1359210 1330.2
1359220 1320.7
1359230 1314.1
1359240 1314.1
1359250 1308.8
1359260 1303.2
1359270 1303.2
1359280 1298.1
1359290 1292.9
1359300 1292.9
1359310 1285.6
1359320 1277.8
1359330 1271.6
1359340 1271.6
1359350 1265.7
1359360 1260.2
1359370 1260.2
1359380 1255.9
1359390 1252.6
1359400 1252.6
1359410 1250.1
1359420 1247.4
1359430 1247.4
1359440 1244.3
1359450 1242.0
1359460 1242.0
1359470 1241.7
1359480 1241.0
1359490 1241.0
1359500 1239.9
1359510 1239.0
1359520 1239.0
1359530 1237.5
1359540 1236.0
1359550 1236.0
1359560 1234.7
1359570 1233.1
1359580 1233.1
1359590 1231.0
1359600 1229.6
1359610 1227.3
1359620 1227.3
1359630 1222.5
1359640 1215.0
1359650 1215.0
1359660 1208.0
1359670 1205.4
1359680 1205.4
1359690 1206.8
1359700 1212.2
1359710 1212.2
1359720 1219.1
1359730 1226.4
1359740 1226.4
1359750 1232.2
1359760 1236.9
1359770 1236.9
1359780 1242.7
1359790 1249.6
1359800 1249.6
1359810 1255.3
1359820 1261.3
1359830 1261.3
1359840 1267.5
1359850 1273.2
1359860 1278.6
1359870 1278.6
1359880 1284.6
1359890 1286.9
1359900 1286.9
1359910 1289.4
1359920 1294.8
1359930 1294.8
1359940 1301.5
1359950 1308.2
1359960 1308.2
1359970 1314.3
1359980 1318.8
1359990 1318.8
