1340000 1886.8
1340010 1884.8
1340020 1886.4
1340030 1886.4
1340040 1887.3
1340050 1886.5
1340060 1886.5
1340070 1888.1
1340080 1889.8
1340090 1889.8
1340100 1890.9
1340110 1890.6
1340120 1890.6
1340130 1889.5
1340140 1887.9
1340150 1887.9
1340160 1885.9
1340170 1883.6
1340180 1883.6
1340190 1880.6
1340200 1878.7
1340210 1877.0
1340220 1877.0
1340230 1876.4
1340240 1872.4
1340250 1872.4
1340260 1866.0
1340270 1860.9
1340280 1860.9
1340290 1858.6
1340300 1856.4
1340310 1856.4
1340320 1854.9
1340330 1854.2
1340340 1854.2
1340350 1854.4
1340360 1854.0
1340370 1854.0
1340380 1853.5
1340390 1852.8
1340400 1852.8
1340410 1851.8
1340420 1850.6
1340430 1850.6
1340440 1849.0
1340450 1846.7
1340460 1846.7
1340470 1843.7
1340480 1840.8
1340490 1837.9
1340500 1837.9
1340510 1835.0
1340520 1832.3
1340530 1832.3
1340540 1829.3
1340550 1826.4
1340560 1826.4
1340570 1824.3
1340580 1821.0
1340590 1821.0
1340600 1818.9
1340610 1817.3
1340620 1817.3
1340630 1815.2
1340640 1813.3
1340650 1813.3
1340660 1811.9
1340670 1810.2
1340680 1810.2
1340690 1809.2
1340700 1808.3
1340710 1808.3
1340720 1806.7
1340730 1807.0
1340740 1807.0
1340750 1804.7
1340760 1801.6
1340770 1799.5
1340780 1799.5
1340790 1798.1
1340800 1795.9
1340810 1795.9
1340820 1793.5
1340830 1791.9
1340840 1791.9
1340850 1789.1
1340860 1787.2
1340870 1787.2
1340880 1785.3
1340890 1783.5
1340900 1783.5
1340910 1782.0
1340920 1780.2
1340930 1780.2
1340940 1779.2
1340950 1777.6
1340960 1777.6
1340970 1775.8
1340980 1774.2
1340990 1774.2
1341000 1772.5
1341010 1771.6
1341020 1771.6
1341030 1769.6
1341040 1768.0
1341050 1766.6
1341060 1766.6
1341070 1765.6
1341080 1764.0
1341090 1764.0
1341100 1762.4
1341110 1760.8
1341120 1760.8
1341130 1759.3
1341140 1758.2
1341150 1758.2
1341160 1757.7
1341170 1756.7
1341180 1756.7
1341190 1755.8
1341200 1755.6
1341210 1755.6
1341220 1754.3
1341230 1752.1
1341240 1752.1
1341250 1749.9
1341260 1747.9
1341270 1747.9
1341280 1746.3
1341290 1744.9
1341300 1744.9
1341310 1742.5
1341320 1740.1
1341330 1737.9
1341340 1737.9
1341350 1735.9
1341360 1733.6
1341370 1733.6
1341380 1731.4
1341390 1728.8
1341400 1728.8
1341410 1725.6
1341420 1723.8
1341430 1723.8
1341440 1722.7
1341450 1721.4
1341460 1721.4
1341470 1719.0
1341480 1717.0
1341490 1717.0
1341500 1715.4
1341510 1714.3
1341520 1714.3
1341530 1713.1
1341540 1711.9
1341550 1711.9
1341560 1710.5
1341570 1710.1
1341580 1710.1
1341590 1709.5
1341600 1709.1
1341610 1708.5
1341620 1708.5
1341630 1708.1
1341640 1709.4
1341650 1709.4
1341660 1709.3
1341670 1708.8
1341680 1708.8
1341690 1708.8
1341700 1709.0
1341710 1709.0
1341720 1708.8
1341730 1708.7
1341740 1708.7
1341750 1708.4
1341760 1706.8
1341770 1706.8
1341780 1707.4
1341790 1708.2
1341800 1708.2
1341810 1709.0
1341820 1712.1
1341830 1712.1
1341840 1715.7
1341850 1718.6
1341860 1718.6
1341870 1722.4
1341880 1726.0
1341890 1730.4
1341900 1730.4
1341910 1734.9
1341920 1738.9
1341930 1738.9
1341940 1742.9
1341950 1746.8
1341960 1746.8
1341970 1750.1
1341980 1752.9
1341990 1752.9
1342000 1754.9
1342010 1756.3
1342020 1756.3
1342030 1758.7
1342040 1762.9
1342050 1762.9
1342060 1767.4
1342070 1771.9
1342080 1771.9
1342090 1776.3
1342100 1781.1
1342110 1781.1
1342120 1786.9
1342130 1791.6
1342140 1791.6
1342150 1797.3
1342160 1799.8
1342170 1800.1
1342180 1800.1
1342190 1798.7
1342200 1796.5
1342210 1796.5
1342220 1794.9
1342230 1791.7
1342240 1791.7
1342250 1786.1
1342260 1781.5
1342270 1781.5
1342280 1778.3
1342290 1773.7
1342300 1773.7
1342310 1768.6
1342320 1766.0
1342330 1766.0
1342340 1764.6
1342350 1762.7
1342360 1765.0
1342370 1762.3
1342380 1758.1
1342390 1758.1
1342400 1752.9
1342410 1748.6
1342420 1748.6
1342430 1745.7
1342440 1744.7
1342450 1742.3
1342460 1742.3
1342470 1737.7
1342480 1733.2
1342490 1733.2
1342500 1729.9
1342510 1728.0
1342520 1728.0
1342530 1725.9
1342540 1724.0
1342550 1724.0
1342560 1721.3
1342570 1717.8
1342580 1717.8
1342590 1714.2
1342600 1711.6
1342610 1711.6
1342620 1707.8
1342630 1702.4
1342640 1702.4
1342650 1700.0
1342660 1697.4
1342670 1697.4
1342680 1695.3
1342690 1693.3
1342700 1693.3
1342710 1691.3
1342720 1689.3
1342730 1686.5
1342740 1686.5
1342750 1683.4
1342760 1679.7
1342770 1679.7
1342780 1676.5
1342790 1674.1
1342800 1674.1
1342810 1670.9
1342820 1667.0
1342830 1667.0
1342840 1664.0
1342850 1660.7
1342860 1660.7
1342870 1656.8
1342880 1652.9
1342890 1652.9
1342900 1650.0
1342910 1647.6
1342920 1647.6
1342930 1645.9
1342940 1645.7
1342950 1645.7
1342960 1644.2
1342970 1640.3
1342980 1640.3
1342990 1636.8
1343000 1633.8
1343010 1631.1
1343020 1631.1
1343030 1628.4
1343040 1626.4
1343050 1626.4
1343060 1624.6
1343070 1622.3
1343080 1622.3
1343090 1619.3
1343100 1615.7
1343110 1615.7
1343120 1612.6
1343130 1608.5
1343140 1608.5
1343150 1606.2
1343160 1603.3
1343170 1603.3
1343180 1598.8
1343190 1594.9
1343200 1594.9
1343210 1591.0
1343220 1588.3
1343230 1588.3
1343240 1584.7
1343250 1580.7
1343260 1574.1
1343270 1574.1
1343280 1570.6
1343290 1564.3
1343300 1564.3
1343310 1556.3
1343320 1551.2
1343330 1551.2
1343340 1548.3
1343350 1545.4
1343360 1545.4
1343370 1541.8
1343380 1537.6
1343390 1537.6
1343400 1533.2
1343410 1529.1
1343420 1529.1
1343430 1525.0
1343440 1521.5
1343450 1521.5
1343460 1518.2
1343470 1515.3
1343480 1515.3
1343490 1511.5
1343500 1508.0
1343510 1508.0
1343520 1505.3
1343530 1502.1
1343540 1498.3
1343550 1498.3
1343560 1494.1
1343570 1489.0
1343580 1489.0
1343590 1483.9
1343600 1479.2
1343610 1479.2
1343620 1474.9
1343630 1471.1
1343640 1471.1
1343650 1467.8
1343660 1464.1
1343670 1464.1
1343680 1455.6
1343690 1448.1
1343700 1448.1
1343710 1444.5
1343720 1441.6
1343730 1441.6
1343740 1433.7
1343750 1424.1
1343760 1424.1
1343770 1414.7
1343780 1405.0
1343790 1405.0
1343800 1396.9
1343810 1389.5
1343820 1385.4
1343830 1385.4
1343840 1382.8
1343850 1383.9
1343860 1383.9
1343870 1385.1
1343880 1383.2
1343890 1383.2
1343900 1377.7
1343910 1371.4
1343920 1371.4
1343930 1365.2
1343940 1358.4
1343950 1358.4
1343960 1351.7
1343970 1345.7
1343980 1345.7
1343990 1339.6
1344000 1334.2
1344010 1334.2
1344020 1328.0
1344030 1322.0
1344040 1322.0
1344050 1316.9
1344060 1312.1
1344070 1312.1
1344080 1306.6
1344090 1300.9
1344100 1295.2
1344110 1295.2
1344120 1289.3
1344130 1283.5
1344140 1283.5
1344150 1278.8
1344160 1274.5
1344170 1271.7
1344180 1268.0
1344190 1263.4
1344200 1263.4
1344210 1259.7
1344220 1258.5
1344230 1258.5
1344240 1256.1
1344250 1252.6
1344260 1252.6
1344270 1248.4
1344280 1243.2
1344290 1243.2
1344300 1242.9
1344310 1240.3
1344320 1240.3
1344330 1237.1
1344340 1233.9
1344350 1233.9
1344360 1230.3
1344370 1226.3
1344380 1221.7
1344390 1221.7
1344400 1215.9
1344410 1210.1
1344420 1210.1
1344430 1204.3
1344440 1198.3
1344450 1198.3
1344460 1194.3
1344470 1191.6
1344480 1191.6
1344490 1190.1
1344500 1189.1
1344510 1189.1
1344520 1187.1
1344530 1186.2
1344540 1186.2
1344550 1184.6
1344560 1181.9
1344570 1181.9
1344580 1179.2
1344590 1177.6
1344600 1177.6
1344610 1175.8
1344620 1174.4
1344630 1174.4
1344640 1172.1
1344650 1170.1
1344660 1167.7
1344670 1167.7
1344680 1165.3
1344690 1162.6
1344700 1162.6
1344710 1159.9
1344720 1157.8
1344730 1157.8
1344740 1154.0
1344750 1149.2
1344760 1149.2
1344770 1145.5
1344780 1144.4
1344790 1144.4
1344800 1146.4
1344810 1150.4
1344820 1150.4
1344830 1155.6
1344840 1159.4
1344850 1159.4
1344860 1162.2
1344870 1165.0
1344880 1165.0
1344890 1168.3
1344900 1171.8
1344910 1171.8
1344920 1175.3
1344930 1178.7
1344940 1182.2
1344950 1182.2
1344960 1186.1
1344970 1190.0
1344980 1190.0
1344990 1193.8
1345000 1197.8
1345010 1197.8
1345020 1202.3
1345030 1206.7
1345040 1206.7
1345050 1210.9
1345060 1215.1
1345070 1215.1
1345080 1222.2
1345090 1226.3
1345100 1226.3
1345110 1228.5
1345120 1228.9
1345130 1228.9
1345140 1234.1
1345150 1241.3
1345160 1241.3
1345170 1246.5
1345180 1249.8
1345190 1249.8
1345200 1254.6
1345210 1259.8
1345220 1264.3
1345230 1264.3
1345240 1268.7
1345250 1273.8
1345260 1273.8
1345270 1278.5
1345280 1283.0
1345290 1283.0
1345300 1287.9
1345310 1293.2
1345320 1293.2
1345330 1297.8
1345340 1302.8
1345350 1302.8
1345360 1308.1
1345370 1313.0
1345380 1313.0
1345390 1317.2
1345400 1321.8
1345410 1321.8
1345420 1325.6
1345430 1328.6
1345440 1328.6
1345450 1332.1
1345460 1336.1
1345470 1336.1
1345480 1340.1
1345490 1344.2
1345500 1347.5
1345510 1347.5
1345520 1352.0
1345530 1356.2
1345540 1356.2
1345550 1359.5
1345560 1362.6
1345570 1362.6
1345580 1365.7
1345590 1369.0
1345600 1369.0
1345610 1372.2
1345620 1374.0
1345630 1374.0
1345640 1375.4
1345650 1377.4
1345660 1377.4
1345670 1378.9
1345680 1378.3
1345690 1378.3
1345700 1379.9
1345710 1381.5
1345720 1381.5
1345730 1384.1
1345740 1388.5
1345750 1388.5
1345760 1394.7
1345770 1401.5
1345780 1408.7
1345790 1408.7
1345800 1416.2
1345810 1423.6
1345820 1423.6
1345830 1430.5
1345840 1436.7
1345850 1436.7
1345860 1443.1
1345870 1450.2
1345880 1450.2
1345890 1457.7
1345900 1464.6
1345910 1464.6
1345920 1471.1
1345930 1476.9
1345940 1476.9
1345950 1482.0
1345960 1487.2
1345970 1487.2
1345980 1491.8
1345990 1497.4
1346000 1497.4
1346010 1499.9
1346020 1502.5
1346030 1505.0
1346040 1505.0
1346050 1506.7
1346060 1508.3
1346070 1508.3
1346080 1509.8
1346090 1510.9
1346100 1510.9
1346110 1511.3
1346120 1512.1
1346130 1512.1
1346140 1513.8
1346150 1515.1
1346160 1515.1
1346170 1517.2
1346180 1520.2
1346190 1520.2
1346200 1522.1
1346210 1522.8
1346220 1522.8
1346230 1523.7
1346240 1523.4
1346250 1523.4
1346260 1523.6
1346270 1526.1
1346280 1526.1
1346290 1529.0
1346300 1533.3
1346310 1536.9
1346320 1536.9
1346330 1539.1
1346340 1540.9
1346350 1540.9
1346360 1541.8
1346370 1546.0
1346380 1546.0
1346390 1549.2
1346400 1551.4
1346410 1551.4
1346420 1553.5
1346430 1556.2
1346440 1556.2
1346450 1559.4
1346460 1562.9
1346470 1562.9
1346480 1567.2
1346490 1572.3
1346500 1572.3
1346510 1578.2
1346520 1584.1
1346530 1584.1
1346540 1588.5
1346550 1594.7
1346560 1594.7
1346570 1600.7
1346580 1606.6
1346590 1611.9
1346600 1611.9
1346610 1616.3
1346620 1619.6
1346630 1619.6
1346640 1622.9
1346650 1626.6
1346660 1626.6
1346670 1629.9
1346680 1635.0
1346690 1635.0
1346700 1641.4
1346710 1646.3
1346720 1646.3
1346730 1650.9
1346740 1656.3
1346750 1656.3
1346760 1663.0
1346770 1669.7
1346780 1669.7
1346790 1675.7
1346800 1681.9
1346810 1681.9
1346820 1688.0
1346830 1693.9
1346840 1693.9
1346850 1700.5
1346860 1707.6
1346870 1714.3
1346880 1714.3
1346890 1721.0
1346900 1727.6
1346910 1727.6
1346920 1732.4
1346930 1738.8
1346940 1738.8
1346950 1744.8
1346960 1751.0
1346970 1751.0
1346980 1757.0
1346990 1763.6
1347000 1763.6
1347010 1770.2
1347020 1776.4
1347030 1776.4
1347040 1782.8
1347050 1790.0
1347060 1790.0
1347070 1797.2
1347080 1805.0
1347090 1805.0
1347100 1812.3
1347110 1820.1
1347120 1820.1
1347130 1827.8
1347140 1835.2
1347150 1842.8
1347160 1842.8
1347170 1849.9
1347180 1856.5
1347190 1856.5
1347200 1862.9
1347210 1868.1
1347220 1868.1
1347230 1873.2
1347240 1878.6
1347250 1878.6
1347260 1883.8
1347270 1888.9
1347280 1888.9
1347290 1894.2
1347300 1899.3
1347310 1899.3
1347320 1904.3
1347330 1908.5
1347340 1908.5
1347350 1913.0
1347360 1919.0
1347370 1919.0
1347380 1923.2
1347390 1925.6
1347400 1925.6
1347410 1924.8
1347420 1924.0
1347430 1923.1
1347440 1923.1
1347450 1922.0
1347460 1921.5
1347470 1921.5
1347480 1922.1
1347490 1923.5
1347500 1923.5
1347510 1925.7
1347520 1928.2
1347530 1928.2
1347540 1931.4
1347550 1934.8
1347560 1934.8
1347570 1938.4
1347580 1942.7
1347590 1942.7
1347600 1947.2
1347610 1952.1
1347620 1952.1
1347630 1957.0
1347640 1961.8
1347650 1961.8
1347660 1966.5
1347670 1969.3
1347680 1969.3
1347690 1969.6
1347700 1970.4
1347710 1971.2
1347720 1971.2
1347730 1971.8
1347740 1972.5
1347750 1972.5
1347760 1974.5
1347770 1978.0
1347780 1978.0
1347790 1981.9
1347800 1985.3
1347810 1985.3
1347820 1989.2
1347830 1992.9
1347840 1998.4
1347850 2001.8
1347860 2005.7
1347870 2005.7
1347880 2010.0
1347890 2014.2
1347900 2014.2
1347910 2018.4
1347920 2022.7
1347930 2022.7
1347940 2027.3
1347950 2031.7
1347960 2031.7
1347970 2036.0
1347980 2041.0
1347990 2046.4
1348000 2046.4
1348010 2052.4
1348020 2057.3
1348030 2057.3
1348040 2062.7
1348050 2066.2
1348060 2066.2
1348070 2067.9
1348080 2069.2
1348090 2069.2
1348100 2070.1
1348110 2070.0
1348120 2070.0
1348130 2070.1
1348140 2071.1
1348150 2071.1
1348160 2073.2
1348170 2075.3
1348180 2075.3
1348190 2077.1
1348200 2078.0
1348210 2078.0
1348220 2079.1
1348230 2080.2
1348240 2080.2
1348250 2082.2
1348260 2084.8
1348270 2087.2
1348280 2087.2
1348290 2090.9
1348300 2094.6
1348310 2094.6
1348320 2098.4
1348330 2099.4
1348340 2099.4
1348350 2094.0
1348360 2086.6
1348370 2086.6
1348380 2077.5
1348390 2068.3
1348400 2068.3
1348410 2059.1
1348420 2049.3
1348430 2049.3
1348440 2043.4
1348450 2034.1
1348460 2034.1
1348470 2026.9
1348480 2022.4
1348490 2022.4
1348500 2018.8
1348510 2014.0
1348520 2014.0
1348530 2010.9
1348540 2010.8
1348550 2011.4
1348560 2011.4
1348570 2011.8
1348580 2008.8
1348590 2008.8
1348600 2003.8
1348610 2001.5
1348620 2001.5
1348630 2001.0
1348640 2000.9
1348650 2000.9
1348660 2001.2
1348670 2002.0
1348680 2002.0
1348690 2003.7
1348700 2006.2
1348710 2006.2
1348720 2008.5
1348730 2011.6
1348740 2011.6
1348750 2015.2
1348760 2018.9
1348770 2018.9
1348780 2025.2
1348790 2028.3
1348800 2028.3
1348810 2031.9
1348820 2035.4
1348830 2039.3
1348840 2039.3
1348850 2043.4
1348860 2047.8
1348870 2047.8
1348880 2054.1
1348890 2062.3
1348900 2062.3
1348910 2072.5
1348920 2081.3
1348930 2081.3
1348940 2089.9
1348950 2098.6
1348960 2098.6
1348970 2109.6
1348980 2120.2
1348990 2120.2
1349000 2130.1
1349010 2140.0
1349020 2140.0
1349030 2148.8
1349040 2151.9
1349050 2151.9
1349060 2148.1
1349070 2139.7
1349080 2131.1
1349090 2131.1
1349100 2123.1
1349110 2114.6
1349120 2114.6
1349130 2107.1
1349140 2099.6
1349150 2099.6
1349160 2092.7
1349170 2086.2
1349180 2086.2
1349190 2080.7
1349200 2074.1
1349210 2074.1
1349220 2068.2
1349230 2064.1
1349240 2064.1
1349250 2059.6
1349260 2054.4
1349270 2054.4
1349280 2049.6
1349290 2046.0
1349300 2046.0
1349310 2043.4
1349320 2040.3
1349330 2040.3
1349340 2036.7
1349350 2033.4
1349360 2031.8
1349370 2031.8
1349380 2030.8
1349390 2029.5
1349400 2029.5
1349410 2028.7
1349420 2029.4
1349430 2029.4
1349440 2030.1
1349450 2029.9
1349460 2029.9
1349470 2030.5
1349480 2031.6
1349490 2031.6
1349500 2031.4
1349510 2029.3
1349520 2029.3
1349530 2027.5
1349540 2024.5
1349550 2024.5
1349560 2021.9
1349570 2019.9
1349580 2019.9
1349590 2017.7
1349600 2016.2
1349610 2016.2
1349620 2015.1
1349630 2013.9
1349640 2013.3
1349650 2013.3
1349660 2013.3
1349670 2012.6
1349680 2012.6
1349690 2011.4
1349700 2010.2
1349710 2010.2
1349720 2009.5
1349730 2008.8
1349740 2008.8
1349750 2008.3
1349760 2007.3
1349770 2007.3
1349780 2006.0
1349790 2003.1
1349800 2003.1
1349810 1998.5
1349820 1994.0
1349830 1994.0
1349840 1990.0
1349850 1986.8
1349860 1986.8
1349870 1983.6
1349880 1981.7
1349890 1981.7
1349900 1980.3
1349910 1977.9
1349920 1975.1
1349930 1975.1
1349940 1972.2
1349950 1969.9
1349960 1969.9
1349970 1967.2
1349980 1964.4
1349990 1964.4
1350000 1961.5
1350010 1958.8
1350020 1958.8
1350030 1956.2
1350040 1953.8
1350050 1953.8
1350060 1952.0
1350070 1950.3
1350080 1950.3
1350090 1948.2
1350100 1946.5
1350110 1946.5
1350120 1943.3
1350130 1939.4
1350140 1939.4
1350150 1935.8
1350160 1931.8
1350170 1931.8
1350180 1927.5
1350190 1924.3
1350200 1919.9
1350210 1919.9
1350220 1918.3
1350230 1916.5
1350240 1916.5
1350250 1913.6
1350260 1910.5
1350270 1910.5
1350280 1907.1
1350290 1903.2
1350300 1903.2
1350310 1901.0
1350320 1899.1
1350330 1899.1
1350340 1895.1
1350350 1890.5
1350360 1890.5
1350370 1888.4
1350380 1884.8
1350390 1884.8
1350400 1879.5
1350410 1873.9
1350420 1873.9
1350430 1868.4
1350440 1863.7
1350450 1863.7
1350460 1859.4
1350470 1856.1
1350480 1853.7
1350490 1853.7
1350500 1851.9
1350510 1851.4
1350520 1851.4
1350530 1851.1
1350540 1851.2
1350550 1851.2
1350560 1851.3
1350570 1851.2
1350580 1851.2
1350590 1850.9
1350600 1851.4
1350610 1851.4
1350620 1851.2
1350630 1849.2
1350640 1849.2
1350650 1847.3
1350660 1847.8
1350670 1849.6
1350680 1850.3
1350690 1852.5
1350700 1852.5
1350710 1858.7
1350720 1871.1
1350730 1871.1
1350740 1881.6
1350750 1886.2
1350760 1888.4
1350770 1888.4
1350780 1891.1
1350790 1894.1
1350800 1894.1
1350810 1897.4
1350820 1897.9
1350830 1897.9
1350840 1896.7
1350850 1895.5
1350860 1895.5
1350870 1894.7
1350880 1894.3
1350890 1894.3
1350900 1891.9
1350910 1888.7
1350920 1888.7
1350930 1885.8
1350940 1883.7
1350950 1883.7
1350960 1884.2
1350970 1882.3
1350980 1882.3
1350990 1879.5
1351000 1877.9
1351010 1877.9
1351020 1876.3
1351030 1875.1
1351040 1873.8
1351050 1873.8
1351060 1871.6
1351070 1869.6
1351080 1869.6
1351090 1867.9
1351100 1864.0
1351110 1864.0
1351120 1859.5
1351130 1853.8
1351140 1853.8
1351150 1847.4
1351160 1842.7
1351170 1842.7
1351180 1841.4
1351190 1839.6
1351200 1839.6
1351210 1834.5
1351220 1830.4
1351230 1830.4
1351240 1827.9
1351250 1826.9
1351260 1826.9
1351270 1824.7
1351280 1821.9
1351290 1821.9
1351300 1819.5
1351310 1817.7
1351320 1816.2
1351330 1816.2
1351340 1815.6
1351350 1814.5
1351360 1814.5
1351370 1814.0
1351380 1813.2
1351390 1813.2
1351400 1811.7
1351410 1810.5
1351420 1810.5
1351430 1809.4
1351440 1808.2
1351450 1808.2
1351460 1806.9
1351470 1806.7
1351480 1806.7
1351490 1808.2
1351500 1809.3
1351510 1809.3
1351520 1810.1
1351530 1812.1
1351540 1812.1
1351550 1812.3
1351560 1811.4
1351570 1811.4
1351580 1811.7
1351590 1810.9
1351600 1809.9
1351610 1809.9
1351620 1811.2
1351630 1808.2
1351640 1808.2
1351650 1806.6
1351660 1807.8
1351670 1807.8
1351680 1808.3
1351690 1804.3
1351700 1804.3
1351710 1798.9
1351720 1792.3
1351730 1792.3
1351740 1787.9
1351750 1784.5
1351760 1784.5
1351770 1784.3
1351780 1782.4
1351790 1782.4
1351800 1777.4
1351810 1770.6
1351820 1770.6
1351830 1765.9
1351840 1763.9
1351850 1763.2
1351860 1763.2
1351870 1757.6
1351880 1752.5
1351890 1752.5
1351900 1751.1
1351910 1748.9
1351920 1748.9
1351930 1748.8
1351940 1749.3
1351950 1749.3
1351960 1749.3
1351970 1746.9
1351980 1746.9
1351990 1740.5
1352000 1734.1
1352010 1734.1
1352020 1734.0
1352030 1731.6
1352040 1731.6
1352050 1727.4
1352060 1718.9
1352070 1718.9
1352080 1709.4
1352090 1700.3
1352100 1700.3
1352110 1696.9
1352120 1697.3
1352130 1696.4
1352140 1696.4
1352150 1691.9
1352160 1685.9
1352170 1685.9
1352180 1680.8
1352190 1678.3
1352200 1678.3
1352210 1677.5
1352220 1676.6
1352230 1676.6
1352240 1677.0
1352250 1679.7
1352260 1679.7
1352270 1682.9
1352280 1684.9
1352290 1684.9
1352300 1684.2
1352310 1683.6
1352320 1683.6
1352330 1678.4
1352340 1673.3
1352350 1673.3
1352360 1669.5
1352370 1664.3
1352380 1664.3
1352390 1657.5
1352400 1650.1
1352410 1643.7
1352420 1643.7
1352430 1637.0
1352440 1633.3
1352450 1633.3
1352460 1632.4
1352470 1627.6
1352480 1627.6
1352490 1619.4
1352500 1611.2
1352510 1611.2
1352520 1602.9
1352530 1594.7
1352540 1594.7
1352550 1586.2
1352560 1576.8
1352570 1576.8
1352580 1569.6
1352590 1559.1
1352600 1559.1
1352610 1549.1
1352620 1540.6
1352630 1540.6
1352640 1533.5
1352650 1524.3
1352660 1524.3
1352670 1514.7
1352680 1506.7
1352690 1498.3
1352700 1498.3
1352710 1489.8
1352720 1482.4
1352730 1482.4
1352740 1476.2
1352750 1469.7
1352760 1469.7
1352770 1463.3
1352780 1457.9
1352790 1457.9
1352800 1452.5
1352810 1447.7
1352820 1447.7
1352830 1443.7
1352840 1439.9
1352850 1439.9
1352860 1435.9
1352870 1432.7
1352880 1432.7
1352890 1430.0
1352900 1426.6
1352910 1426.6
1352920 1422.7
1352930 1418.5
1352940 1418.5
1352950 1413.6
1352960 1408.5
1352970 1402.3
1352980 1402.3
1352990 1394.7
1353000 1387.6
1353010 1387.6
1353020 1382.4
1353030 1377.1
1353040 1377.1
1353050 1371.1
1353060 1364.7
1353070 1364.7
1353080 1357.8
1353090 1350.6
1353100 1350.6
1353110 1343.3
1353120 1337.6
1353130 1337.6
1353140 1333.1
1353150 1329.0
1353160 1329.0
1353170 1325.7
1353180 1322.2
1353190 1322.2
1353200 1317.1
1353210 1310.4
1353220 1310.4
1353230 1303.7
1353240 1296.7
1353250 1290.7
1353260 1290.7
1353270 1286.8
1353280 1281.7
1353290 1281.7
1353300 1277.8
1353310 1274.5
1353320 1274.5
1353330 1269.9
1353340 1266.4
1353350 1266.4
1353360 1261.6
1353370 1254.0
1353380 1254.0
1353390 1247.9
1353400 1246.4
1353410 1246.4
1353420 1244.9
1353430 1242.1
1353440 1242.1
1353450 1238.6
1353460 1237.7
1353470 1237.7
1353480 1237.4
1353490 1235.8
1353500 1235.8
1353510 1233.9
1353520 1233.7
1353530 1236.1
1353540 1236.1
1353550 1240.9
1353560 1236.5
1353570 1236.5
1353580 1224.5
1353590 1214.0
1353600 1214.0
1353610 1206.4
1353620 1200.5
1353630 1200.5
1353640 1194.6
1353650 1185.9
1353660 1185.9
1353670 1177.7
1353680 1175.0
1353690 1175.0
1353700 1175.1
1353710 1175.2
1353720 1175.2
1353730 1174.1
1353740 1175.5
1353750 1175.5
1353760 1181.8
1353770 1188.0
1353780 1188.0
1353790 1194.6
1353800 1201.4
1353810 1208.1
1353820 1208.1
1353830 1215.8
1353840 1222.8
1353850 1222.8
1353860 1229.8
1353870 1236.4
1353880 1236.4
1353890 1242.1
1353900 1246.9
1353910 1246.9
1353920 1251.2
1353930 1256.2
1353940 1256.2
1353950 1261.0
1353960 1264.5
1353970 1264.5
1353980 1265.0
1353990 1263.6
1354000 1263.6
1354010 1265.4
1354020 1267.5
1354030 1267.5
1354040 1267.5
1354050 1270.0
1354060 1270.0
1354070 1274.6
1354080 1278.3
1354090 1283.0
1354100 1283.0
1354110 1287.9
1354120 1293.4
1354130 1293.4
1354140 1298.2
1354150 1303.7
1354160 1303.7
1354170 1308.5
1354180 1312.8
1354190 1312.8
1354200 1317.4
1354210 1322.1
1354220 1322.1
1354230 1326.4
1354240 1330.9
1354250 1330.9
1354260 1336.0
1354270 1341.6
1354280 1341.6
1354290 1347.0
1354300 1351.6
1354310 1351.6
1354320 1354.6
1354330 1358.4
1354340 1358.4
1354350 1363.0
1354360 1367.5
1354370 1372.1
1354380 1372.1
1354390 1377.0
1354400 1382.7
1354410 1382.7
1354420 1388.6
1354430 1394.6
1354440 1394.6
1354450 1400.1
1354460 1404.2
1354470 1404.2
1354480 1404.5
1354490 1407.3
1354500 1407.3
1354510 1412.7
1354520 1416.4
1354530 1423.7
1354540 1425.4
1354550 1427.7
1354560 1427.7
1354570 1430.7
1354580 1433.7
1354590 1433.7
1354600 1435.7
1354610 1439.7
1354620 1446.4
1354630 1446.4
1354640 1454.6
1354650 1459.3
1354660 1459.3
1354670 1462.8
1354680 1465.9
1354690 1465.9
1354700 1469.1
1354710 1472.5
1354720 1472.5
1354730 1475.0
1354740 1476.4
1354750 1476.4
1354760 1478.6
1354770 1480.3
1354780 1480.3
1354790 1480.9
1354800 1481.8
1354810 1481.8
1354820 1482.6
1354830 1483.5
1354840 1483.5
1354850 1484.6
1354860 1485.3
1354870 1485.3
1354880 1486.1
1354890 1487.0
1354900 1487.8
1354910 1487.8
1354920 1488.5
1354930 1488.7
1354940 1488.7
1354950 1488.1
1354960 1489.0
1354970 1489.0
1354980 1490.8
1354990 1492.3
1355000 1492.3
1355010 1492.6
1355020 1492.5
1355030 1492.5
1355040 1492.9
1355050 1492.9
1355060 1492.9
1355070 1493.4
1355080 1493.9
1355090 1493.9
1355100 1494.4
1355110 1495.0
1355120 1495.0
1355130 1495.4
1355140 1495.6
1355150 1495.6
1355160 1495.4
1355170 1494.8
1355180 1493.8
1355190 1493.8
1355200 1492.4
1355210 1492.7
1355220 1492.7
1355230 1493.6
1355240 1494.2
1355250 1494.2
1355260 1494.2
1355270 1492.9
1355280 1492.9
1355290 1491.3
1355300 1490.7
1355310 1490.7
1355320 1490.8
1355330 1489.4
1355340 1489.4
1355350 1486.3
1355360 1484.0
1355370 1484.0
1355380 1483.2
1355390 1480.9
1355400 1480.9
1355410 1480.7
1355420 1482.8
1355430 1482.8
1355440 1484.7
1355450 1486.0
1355460 1485.3
1355470 1485.3
1355480 1485.1
1355490 1485.4
1355500 1485.4
1355510 1488.8
1355520 1488.2
1355530 1488.2
1355540 1487.2
1355550 1485.8
1355560 1485.8
1355570 1486.1
1355580 1485.9
1355590 1485.9
1355600 1482.7
1355610 1481.5
1355620 1481.5
1355630 1481.2
1355640 1482.2
1355650 1482.2
1355660 1482.5
1355670 1483.1
1355680 1483.1
1355690 1484.6
1355700 1487.4
1355710 1487.4
1355720 1490.0
1355730 1491.9
1355740 1492.8
1355750 1492.8
1355760 1492.9
1355770 1493.8
1355780 1493.8
1355790 1500.3
1355800 1508.4
1355810 1508.4
1355820 1515.1
1355830 1519.8
1355840 1519.8
1355850 1524.9
1355860 1529.5
1355870 1529.5
1355880 1533.4
1355890 1537.9
1355900 1537.9
1355910 1542.2
1355920 1545.5
1355930 1545.5
1355940 1548.8
1355950 1552.0
1355960 1552.0
1355970 1554.6
1355980 1556.5
1355990 1556.5
1356000 1558.1
1356010 1561.5
1356020 1564.7
1356030 1564.7
1356040 1567.5
1356050 1570.8
1356060 1570.8
1356070 1574.2
1356080 1577.3
1356090 1577.3
1356100 1577.8
1356110 1580.6
1356120 1580.6
1356130 1587.1
1356140 1595.7
1356150 1595.7
1356160 1605.2
1356170 1613.7
1356180 1613.7
1356190 1619.3
1356200 1623.2
1356210 1623.2
1356220 1627.5
1356230 1631.6
1356240 1631.6
1356250 1635.1
1356260 1638.5
1356270 1638.5
1356280 1641.5
1356290 1644.9
1356300 1648.0
1356310 1648.0
1356320 1651.1
1356330 1653.8
1356340 1653.8
1356350 1656.5
1356360 1659.2
1356370 1659.2
1356380 1661.1
1356390 1662.3
1356400 1662.3
1356410 1664.5
1356420 1669.1
1356430 1669.1
1356440 1673.1
1356450 1676.3
1356460 1676.3
1356470 1679.2
1356480 1683.2
1356490 1683.2
1356500 1691.0
1356510 1692.8
1356520 1692.8
1356530 1697.5
1356540 1701.7
1356550 1701.7
1356560 1706.7
1356570 1712.5
1356580 1718.0
1356590 1718.0
1356600 1723.7
1356610 1729.4
1356620 1729.4
1356630 1734.6
1356640 1739.6
1356650 1739.6
1356660 1744.8
1356670 1750.0
1356680 1750.0
1356690 1755.3
1356700 1759.9
1356710 1759.9
1356720 1763.5
1356730 1766.6
1356740 1766.6
1356750 1769.2
1356760 1771.9
1356770 1771.9
1356780 1773.3
1356790 1774.9
1356800 1774.9
1356810 1778.3
1356820 1782.0
1356830 1782.0
1356840 1785.4
1356850 1789.4
1356860 1795.2
1356870 1795.2
1356880 1800.7
1356890 1805.3
1356900 1805.3
1356910 1810.2
1356920 1815.4
1356930 1815.4
1356940 1819.4
1356950 1822.8
1356960 1822.8
1356970 1826.2
1356980 1829.5
1356990 1829.5
1357000 1832.5
1357010 1835.9
1357020 1835.9
1357030 1840.5
1357040 1847.3
1357050 1847.3
1357060 1853.5
1357070 1858.5
1357080 1858.5
1357090 1864.5
1357100 1869.6
1357110 1869.6
1357120 1873.8
1357130 1879.0
1357140 1884.4
1357150 1884.4
1357160 1890.8
1357170 1895.9
1357180 1895.9
1357190 1900.8
1357200 1907.0
1357210 1907.0
1357220 1912.9
1357230 1919.0
1357240 1919.0
1357250 1923.7
1357260 1927.1
1357270 1927.1
1357280 1931.6
1357290 1935.5
1357300 1935.5
1357310 1937.1
1357320 1939.5
1357330 1939.5
1357340 1942.7
1357350 1946.5
1357360 1946.5
1357370 1950.0
1357380 1952.7
1357390 1955.5
1357400 1955.5
1357410 1958.6
1357420 1961.8
1357430 1961.8
1357440 1965.9
1357450 1971.8
1357460 1971.8
1357470 1976.7
1357480 1979.2
1357490 1979.2
1357500 1981.5
1357510 1981.4
1357520 1981.4
1357530 1983.8
1357540 1985.5
1357550 1985.5
1357560 1986.9
1357570 1987.9
1357580 1987.9
1357590 1989.1
1357600 1991.0
1357610 1991.0
1357620 1993.0
1357630 1993.8
1357640 1993.8
1357650 1995.3
1357660 1996.2
1357670 1997.0
1357680 1997.0
1357690 1997.5
1357700 1997.8
1357710 1997.8
1357720 1997.9
1357730 1997.6
1357740 1997.6
1357750 1997.0
1357760 1996.8
1357770 1996.8
1357780 1996.9
1357790 1996.1
1357800 1996.1
1357810 1994.7
1357820 1992.5
1357830 1992.5
1357840 1987.4
1357850 1980.3
1357860 1980.3
1357870 1972.6
1357880 1965.0
1357890 1965.0
1357900 1957.4
1357910 1949.6
1357920 1949.6
1357930 1941.7
1357940 1933.5
1357950 1926.0
1357960 1926.0
1357970 1917.9
1357980 1909.8
1357990 1909.8
1358000 1902.3
1358010 1895.4
1358020 1895.4
1358030 1888.9
1358040 1882.5
1358050 1882.5
1358060 1875.9
1358070 1869.9
1358080 1869.9
1358090 1864.0
1358100 1858.0
1358110 1858.0
1358120 1852.4
1358130 1846.3
1358140 1846.3
1358150 1840.5
1358160 1834.0
1358170 1834.0
1358180 1827.2
1358190 1822.6
1358200 1822.6
1358210 1818.4
1358220 1814.0
1358230 1809.7
1358240 1809.7
1358250 1804.4
1358260 1797.6
1358270 1797.6
1358280 1789.7
1358290 1782.5
1358300 1782.5
1358310 1776.0
1358320 1769.9
1358330 1769.9
1358340 1764.3
1358350 1759.5
1358360 1759.5
1358370 1753.4
1358380 1747.2
1358390 1747.2
1358400 1740.6
1358410 1735.9
1358420 1735.9
1358430 1733.2
1358440 1730.5
1358450 1730.5
1358460 1726.0
1358470 1719.3
1358480 1719.3
1358490 1713.2
1358500 1708.3
1358510 1702.9
1358520 1701.3
1358530 1694.3
1358540 1690.1
1358550 1690.1
1358560 1687.2
1358570 1684.4
1358580 1684.4
1358590 1680.3
1358600 1676.4
1358610 1676.4
1358620 1673.8
1358630 1672.2
1358640 1672.2
1358650 1667.9
1358660 1662.2
1358670 1662.2
1358680 1656.5
1358690 1650.7
1358700 1650.7
1358710 1645.7
1358720 1641.5
1358730 1641.5
1358740 1636.2
1358750 1630.1
1358760 1630.1
1358770 1624.0
1358780 1616.6
1358790 1609.1
1358800 1609.1
1358810 1602.4
1358820 1598.2
1358830 1598.2
1358840 1591.7
1358850 1585.1
1358860 1585.1
1358870 1580.6
1358880 1576.3
1358890 1576.3
1358900 1571.5
1358910 1566.8
1358920 1566.8
1358930 1562.3
1358940 1557.1
1358950 1557.1
1358960 1549.8
1358970 1541.9
1358980 1541.9
1358990 1532.4
1359000 1521.0
1359010 1521.0
1359020 1510.6
1359030 1501.5
1359040 1501.5
1359050 1493.3
1359060 1485.3
1359070 1477.7
1359080 1477.7
1359090 1469.7
1359100 1461.4
1359110 1461.4
1359120 1454.8
1359130 1448.7
1359140 1448.7
1359150 1443.1
1359160 1437.0
1359170 1437.0
1359180 1430.6
1359190 1424.4
1359200 1424.4
1359210 1418.4
1359220 1411.9
1359230 1411.9
1359240 1404.3
1359250 1397.2
1359260 1397.2
1359270 1389.5
1359280 1381.0
1359290 1381.0
1359300 1371.7
1359310 1362.5
1359320 1362.5
1359330 1352.5
1359340 1344.6
1359350 1336.9
1359360 1336.9
1359370 1329.8
1359380 1323.2
1359390 1323.2
1359400 1317.1
1359410 1311.3
1359420 1311.3
1359430 1304.9
1359440 1298.6
1359450 1298.6
1359460 1291.7
1359470 1284.1
1359480 1284.1
1359490 1276.3
1359500 1269.0
1359510 1269.0
1359520 1261.5
1359530 1253.8
1359540 1253.8
1359550 1248.2
1359560 1242.5
1359570 1242.5
1359580 1236.9
1359590 1231.5
1359600 1231.5
1359610 1226.8
1359620 1221.4
1359630 1215.9
1359640 1215.9
1359650 1210.7
1359660 1205.0
1359670 1205.0
1359680 1198.8
1359690 1193.2
1359700 1193.2
1359710 1189.8
1359720 1187.2
1359730 1187.2
1359740 1185.0
1359750 1182.1
1359760 1182.1
1359770 1178.3
1359780 1175.2
1359790 1175.2
1359800 1173.9
1359810 1173.4
1359820 1173.4
1359830 1172.7
1359840 1172.1
1359850 1172.1
1359860 1171.7
1359870 1171.4
1359880 1171.6
1359890 1171.6
1359900 1172.9
1359910 1177.7
1359920 1177.7
1359930 1180.7
1359940 1181.7
1359950 1181.7
1359960 1185.2
1359970 1189.9
1359980 1189.9
1359990 1194.4
