1340000 1876.7
1340010 1876.7
1340020 1875.6
1340030 1874.2
1340040 1874.2
1340050 1871.8
1340060 1869.4
1340070 1869.4
1340080 1867.8
1340090 1865.6
1340100 1865.6
1340110 1863.4
1340120 1861.4
1340130 1861.4
1340140 1859.0
1340150 1857.5
1340160 1857.5
1340170 1855.4
1340180 1853.3
1340190 1853.3
1340200 1851.0
1340210 1849.3
1340220 1847.6
1340230 1847.6
1340240 1842.4
1340250 1841.1
1340260 1841.1
1340270 1839.4
1340280 1837.9
1340290 1837.9
1340300 1836.3
1340310 1835.7
1340320 1835.7
1340330 1834.4
1340340 1832.9
1340350 1832.9
1340360 1831.7
1340370 1831.0
1340380 1831.0
1340390 1830.1
1340400 1829.2
1340410 1829.2
1340420 1828.1
1340430 1827.4
1340440 1827.4
1340450 1825.5
1340460 1823.8
1340470 1823.8
1340480 1822.6
1340490 1821.4
1340500 1820.1
1340510 1820.1
1340520 1818.8
1340530 1817.5
1340540 1817.5
1340550 1816.3
1340560 1814.3
1340570 1814.3
1340580 1812.7
1340590 1810.9
1340600 1810.9
1340610 1809.3
1340620 1807.5
1340630 1807.5
1340640 1805.3
1340650 1803.3
1340660 1803.3
1340670 1801.5
1340680 1799.7
1340690 1799.7
1340700 1798.5
1340710 1795.9
1340720 1795.9
1340730 1793.6
1340740 1792.2
1340750 1792.2
1340760 1790.4
1340770 1788.2
1340780 1786.4
1340790 1786.4
1340800 1784.9
1340810 1783.3
1340820 1783.3
1340830 1781.7
1340840 1779.6
1340850 1779.6
1340860 1775.3
1340870 1772.2
1340880 1772.2
1340890 1770.8
1340900 1769.7
1340910 1769.7
1340920 1767.3
1340930 1764.8
1340940 1764.8
1340950 1762.6
1340960 1760.6
1340970 1760.6
1340980 1756.8
1340990 1753.6
1341000 1753.6
1341010 1751.6
1341020 1750.3
1341030 1750.3
1341040 1749.0
1341050 1747.8
1341060 1747.1
1341070 1747.1
1341080 1745.8
1341090 1744.8
1341100 1744.8
1341110 1743.2
1341120 1742.4
1341130 1745.9
1341140 1747.1
1341150 1750.9
1341160 1750.9
1341170 1752.7
1341180 1753.3
1341190 1753.3
1341200 1755.0
1341210 1755.8
1341220 1755.8
1341230 1756.8
1341240 1756.0
1341250 1756.0
1341260 1755.3
1341270 1754.6
1341280 1754.6
1341290 1754.0
1341300 1753.1
1341310 1753.1
1341320 1751.7
1341330 1750.7
1341340 1750.1
1341350 1750.1
1341360 1749.8
1341370 1750.0
1341380 1750.0
1341390 1749.4
1341400 1748.6
1341410 1748.6
1341420 1747.8
1341430 1747.0
1341440 1747.0
1341450 1744.7
1341460 1744.0
1341470 1744.0
1341480 1743.2
1341490 1741.8
1341500 1741.8
1341510 1738.8
1341520 1737.4
1341530 1737.4
1341540 1736.7
1341550 1732.3
1341560 1732.3
1341570 1727.4
1341580 1723.2
1341590 1723.2
1341600 1716.0
1341610 1711.0
1341620 1706.0
1341630 1706.0
1341640 1701.6
1341650 1696.5
1341660 1696.5
1341670 1691.7
1341680 1688.2
1341690 1688.2
1341700 1685.8
1341710 1683.6
1341720 1683.6
1341730 1681.7
1341740 1680.5
1341750 1680.5
1341760 1679.6
1341770 1678.4
1341780 1678.4
1341790 1677.8
1341800 1677.2
1341810 1677.2
1341820 1677.0
1341830 1675.6
1341840 1675.6
1341850 1673.7
1341860 1672.4
1341870 1672.4
1341880 1671.3
1341890 1671.7
1341900 1672.2
1341910 1672.2
1341920 1672.9
1341930 1674.0
1341940 1674.0
1341950 1675.0
1341960 1676.1
1341970 1676.1
1341980 1677.8
1341990 1677.8
1342000 1677.8
1342010 1677.6
1342020 1684.0
1342030 1684.0
1342040 1682.0
1342050 1681.9
1342060 1681.9
1342070 1681.2
1342080 1683.6
1342090 1683.6
1342100 1685.5
1342110 1686.6
1342120 1686.6
1342130 1685.9
1342140 1685.3
1342150 1685.3
1342160 1686.4
1342170 1686.4
1342180 1685.7
1342190 1685.7
1342200 1684.9
1342210 1683.2
1342220 1683.2
1342230 1682.4
1342240 1682.3
1342250 1682.3
1342260 1681.3
1342270 1681.1
1342280 1681.1
1342290 1681.2
1342300 1681.5
1342310 1681.5
1342320 1681.5
1342330 1682.5
1342340 1682.5
1342350 1683.9
1342360 1684.5
1342370 1684.5
1342380 1685.8
1342390 1687.0
1342400 1687.0
1342410 1688.7
1342420 1690.7
1342430 1690.7
1342440 1693.3
1342450 1694.6
1342460 1696.8
1342470 1696.8
1342480 1699.0
1342490 1700.4
1342500 1700.4
1342510 1701.2
1342520 1703.0
1342530 1703.0
1342540 1705.8
1342550 1706.7
1342560 1706.7
1342570 1705.5
1342580 1704.3
1342590 1704.3
1342600 1705.3
1342610 1706.8
1342620 1706.8
1342630 1707.8
1342640 1708.1
1342650 1708.1
1342660 1707.6
1342670 1706.3
1342680 1706.3
1342690 1705.5
1342700 1704.5
1342710 1704.5
1342720 1703.1
1342730 1702.2
1342740 1701.5
1342750 1701.5
1342760 1700.3
1342770 1699.8
1342780 1699.8
1342790 1698.7
1342800 1698.1
1342810 1698.1
1342820 1697.2
1342830 1696.1
1342840 1696.1
1342850 1695.4
1342860 1694.4
1342870 1694.4
1342880 1693.0
1342890 1692.2
1342900 1692.2
1342910 1691.3
1342920 1689.6
1342930 1689.6
1342940 1688.0
1342950 1686.5
1342960 1686.5
1342970 1685.2
1342980 1683.8
1342990 1683.8
1343000 1682.4
1343010 1680.8
1343020 1679.3
1343030 1679.3
1343040 1678.2
1343050 1677.3
1343060 1677.3
1343070 1675.7
1343080 1673.8
1343090 1673.8
1343100 1671.3
1343110 1668.5
1343120 1668.5
1343130 1664.7
1343140 1661.1
1343150 1661.1
1343160 1657.8
1343170 1655.3
1343180 1655.3
1343190 1652.5
1343200 1649.8
1343210 1649.8
1343220 1647.1
1343230 1644.8
1343240 1644.8
1343250 1641.7
1343260 1637.9
1343270 1635.0
1343280 1635.0
1343290 1633.0
1343300 1630.8
1343310 1630.8
1343320 1626.8
1343330 1621.3
1343340 1621.3
1343350 1617.0
1343360 1612.8
1343370 1612.8
1343380 1608.6
1343390 1604.9
1343400 1604.9
1343410 1600.9
1343420 1596.9
1343430 1596.9
1343440 1592.3
1343450 1588.4
1343460 1588.4
1343470 1584.6
1343480 1579.9
1343490 1579.9
1343500 1575.5
1343510 1571.8
1343520 1571.8
1343530 1568.2
1343540 1564.4
1343550 1560.7
1343560 1560.7
1343570 1557.0
1343580 1552.1
1343590 1552.1
1343600 1546.5
1343610 1541.3
1343620 1541.3
1343630 1536.1
1343640 1531.0
1343650 1531.0
1343660 1525.5
1343670 1519.0
1343680 1519.0
1343690 1511.6
1343700 1504.2
1343710 1504.2
1343720 1495.7
1343730 1488.1
1343740 1488.1
1343750 1481.2
1343760 1474.5
1343770 1474.5
1343780 1468.3
1343790 1463.2
1343800 1463.2
1343810 1458.6
1343820 1450.7
1343830 1446.4
1343840 1446.4
1343850 1441.2
1343860 1434.9
1343870 1434.9
1343880 1428.9
1343890 1419.9
1343900 1419.9
1343910 1412.2
1343920 1404.9
1343930 1404.9
1343940 1395.1
1343950 1387.5
1343960 1387.5
1343970 1379.3
1343980 1368.7
1343990 1368.7
1344000 1356.6
1344010 1346.0
1344020 1346.0
1344030 1338.7
1344040 1335.4
1344050 1335.4
1344060 1332.2
1344070 1328.3
1344080 1328.3
1344090 1327.3
1344100 1327.7
1344110 1327.8
1344120 1327.8
1344130 1326.0
1344140 1323.3
1344150 1323.3
1344160 1320.1
1344170 1316.9
1344180 1316.9
1344190 1313.6
1344200 1310.6
1344210 1310.6
1344220 1307.4
1344230 1303.8
1344240 1303.8
1344250 1300.1
1344260 1295.8
1344270 1295.8
1344280 1288.4
1344290 1283.1
1344300 1283.1
1344310 1283.1
1344320 1284.8
1344330 1284.8
1344340 1285.7
1344350 1284.0
1344360 1284.0
1344370 1280.9
1344380 1277.2
1344390 1272.8
1344400 1272.8
1344410 1267.6
1344420 1261.7
1344430 1261.7
1344440 1253.6
1344450 1246.4
1344460 1246.4
1344470 1240.0
1344480 1232.8
1344490 1232.8
1344500 1224.9
1344510 1217.4
1344520 1217.4
1344530 1210.3
1344540 1203.8
1344550 1203.8
1344560 1198.2
1344570 1193.5
1344580 1193.5
1344590 1188.4
1344600 1184.8
1344610 1184.8
1344620 1181.7
1344630 1178.0
1344640 1178.0
1344650 1175.1
1344660 1171.6
1344670 1167.2
1344680 1167.2
1344690 1163.0
1344700 1159.7
1344710 1159.7
1344720 1156.4
1344730 1154.3
1344740 1154.3
1344750 1152.0
1344760 1149.1
1344770 1149.1
1344780 1147.1
1344790 1145.0
1344800 1145.0
1344810 1142.8
1344820 1140.3
1344830 1140.3
1344840 1137.6
1344850 1134.2
1344860 1134.2
1344870 1133.4
1344880 1135.2
1344890 1135.2
1344900 1138.2
1344910 1142.0
1344920 1142.0
1344930 1144.3
1344940 1146.1
1344950 1148.1
1344960 1148.1
1344970 1150.2
1344980 1152.9
1344990 1152.9
1345000 1155.4
1345010 1158.7
1345020 1158.7
1345030 1162.7
1345040 1166.0
1345050 1166.0
1345060 1168.9
1345070 1171.7
1345080 1171.7
1345090 1174.5
1345100 1177.5
1345110 1177.5
1345120 1180.7
1345130 1184.2
1345140 1184.2
1345150 1187.7
1345160 1189.8
1345170 1189.8
1345180 1190.2
1345190 1191.3
1345200 1191.3
1345210 1193.9
1345220 1196.6
1345230 1199.8
1345240 1199.8
1345250 1202.1
1345260 1203.8
1345270 1203.8
1345280 1204.0
1345290 1203.5
1345300 1203.5
1345310 1206.8
1345320 1211.3
1345330 1211.3
1345340 1218.3
1345350 1225.2
1345360 1225.2
1345370 1231.7
1345380 1238.8
1345390 1238.8
1345400 1246.2
1345410 1253.1
1345420 1253.1
1345430 1258.8
1345440 1263.7
1345450 1263.7
1345460 1268.1
1345470 1271.2
1345480 1271.2
1345490 1270.2
1345500 1268.4
1345510 1269.2
1345520 1269.2
1345530 1272.5
1345540 1277.2
1345550 1277.2
1345560 1284.6
1345570 1294.4
1345580 1294.4
1345590 1302.7
1345600 1311.3
1345610 1311.3
1345620 1318.5
1345630 1325.7
1345640 1325.7
1345650 1329.0
1345660 1334.3
1345670 1334.3
1345680 1343.2
1345690 1349.2
1345700 1349.2
1345710 1352.3
1345720 1355.8
1345730 1355.8
1345740 1359.9
1345750 1364.6
1345760 1364.6
1345770 1370.9
1345780 1378.3
1345790 1385.2
1345800 1385.2
1345810 1392.0
1345820 1397.8
1345830 1397.8
1345840 1403.3
1345850 1406.9
1345860 1406.9
1345870 1410.2
1345880 1414.3
1345890 1414.3
1345900 1418.4
1345910 1424.1
1345920 1424.1
1345930 1431.2
1345940 1439.0
1345950 1439.0
1345960 1446.9
1345970 1453.4
1345980 1453.4
1345990 1458.6
1346000 1461.5
1346010 1461.5
1346020 1465.0
1346030 1468.2
1346040 1468.2
1346050 1471.8
1346060 1474.3
1346070 1477.1
1346080 1477.1
1346090 1480.4
1346100 1484.3
1346110 1484.3
1346120 1489.1
1346130 1493.2
1346140 1493.2
1346150 1497.1
1346160 1501.1
1346170 1501.1
1346180 1504.9
1346190 1509.4
1346200 1509.4
1346210 1515.4
1346220 1520.8
1346230 1520.8
1346240 1525.8
1346250 1530.5
1346260 1530.5
1346270 1535.2
1346280 1539.7
1346290 1539.7
1346300 1544.6
1346310 1550.3
1346320 1550.3
1346330 1555.1
1346340 1559.5
1346350 1564.2
1346360 1564.2
1346370 1569.2
1346380 1574.4
1346390 1574.4
1346400 1580.2
1346410 1586.1
1346420 1586.1
1346430 1591.8
1346440 1597.8
1346450 1597.8
1346460 1604.2
1346470 1609.2
1346480 1609.2
1346490 1615.5
1346500 1621.1
1346510 1621.1
1346520 1626.2
1346530 1631.1
1346540 1631.1
1346550 1636.0
1346560 1640.7
1346570 1638.0
1346580 1643.2
1346590 1649.1
1346600 1649.1
1346610 1655.3
1346620 1661.1
1346630 1666.6
1346640 1666.6
1346650 1671.8
1346660 1677.1
1346670 1677.1
1346680 1681.8
1346690 1687.1
1346700 1687.1
1346710 1692.7
1346720 1697.0
1346730 1697.0
1346740 1700.8
1346750 1704.9
1346760 1704.9
1346770 1710.5
1346780 1717.1
1346790 1717.1
1346800 1723.6
1346810 1729.7
1346820 1729.7
1346830 1735.2
1346840 1740.1
1346850 1740.1
1346860 1746.3
1346870 1752.4
1346880 1756.3
1346890 1756.3
1346900 1761.3
1346910 1767.6
1346920 1767.6
1346930 1772.8
1346940 1777.7
1346950 1777.7
1346960 1782.7
1346970 1787.9
1346980 1787.9
1346990 1792.1
1347000 1795.2
1347010 1795.2
1347020 1797.7
1347030 1798.6
1347040 1798.6
1347050 1798.5
1347060 1798.5
1347070 1798.5
1347080 1798.5
1347090 1798.4
1347100 1798.4
1347110 1797.2
1347120 1796.0
1347130 1796.0
1347140 1795.5
1347150 1795.6
1347160 1796.2
1347170 1796.2
1347180 1797.4
1347190 1799.0
1347200 1799.0
1347210 1801.5
1347220 1805.2
1347230 1805.2
1347240 1808.4
1347250 1809.6
1347260 1809.6
1347270 1810.7
1347280 1812.6
1347290 1812.6
1347300 1816.4
1347310 1820.8
1347320 1820.8
1347330 1823.8
1347340 1825.0
1347350 1825.0
1347360 1827.8
1347370 1831.2
1347380 1831.2
1347390 1835.1
1347400 1839.5
1347410 1839.5
1347420 1844.6
1347430 1850.9
1347440 1857.7
1347450 1857.7
1347460 1864.6
1347470 1872.1
1347480 1872.1
1347490 1879.3
1347500 1885.9
1347510 1885.9
1347520 1892.2
1347530 1896.4
1347540 1896.4
1347550 1899.2
1347560 1900.5
1347570 1900.5
1347580 1900.5
1347590 1900.2
1347600 1900.2
1347610 1899.9
1347620 1900.9
1347630 1900.9
1347640 1902.5
1347650 1904.3
1347660 1904.3
1347670 1906.5
1347680 1909.3
1347690 1909.3
1347700 1912.9
1347710 1918.0
1347720 1921.7
1347730 1921.7
1347740 1923.8
1347750 1924.2
1347760 1924.2
1347770 1924.0
1347780 1924.2
1347790 1924.2
1347800 1924.8
1347810 1924.2
1347820 1924.2
1347830 1923.4
1347840 1924.9
1347850 1924.9
1347860 1927.1
1347870 1930.2
1347880 1930.2
1347890 1933.3
1347900 1939.4
1347910 1939.4
1347920 1946.9
1347930 1954.7
1347940 1954.7
1347950 1963.2
1347960 1972.0
1347970 1972.0
1347980 1981.1
1347990 1989.0
1348000 1997.3
1348010 1997.3
1348020 2005.4
1348030 2013.4
1348040 2013.4
1348050 2021.5
1348060 2029.3
1348070 2029.3
1348080 2037.3
1348090 2043.5
1348100 2043.5
1348110 2045.0
1348120 2041.9
1348130 2041.9
1348140 2037.9
1348150 2033.3
1348160 2033.3
1348170 2027.7
1348180 2020.8
1348190 2020.8
1348200 2013.1
1348210 2005.1
1348220 2005.1
1348230 1997.1
1348240 1990.5
1348250 1990.5
1348260 1984.9
1348270 1983.2
1348280 1976.0
1348290 1976.0
1348300 1965.4
1348310 1956.7
1348320 1956.7
1348330 1949.8
1348340 1946.0
1348350 1946.0
1348360 1941.7
1348370 1938.1
1348380 1938.1
1348390 1936.3
1348400 1937.3
1348410 1937.3
1348420 1942.2
1348430 1941.9
1348440 1941.9
1348450 1940.2
1348460 1938.2
1348470 1938.2
1348480 1937.6
1348490 1940.3
1348500 1940.3
1348510 1942.2
1348520 1945.5
1348530 1945.5
1348540 1949.1
1348550 1952.8
1348560 1959.3
1348570 1959.3
1348580 1967.2
1348590 1972.8
1348600 1972.8
1348610 1979.3
1348620 1989.2
1348630 1989.2
1348640 1987.2
1348650 1989.0
1348660 1989.0
1348670 1984.9
1348680 1983.1
1348690 1983.1
1348700 1984.4
1348710 1986.8
1348720 1986.8
1348730 1985.6
1348740 1980.3
1348750 1980.3
1348760 1974.9
1348770 1974.8
1348780 1974.8
1348790 1973.8
1348800 1971.5
1348810 1971.5
1348820 1970.4
1348830 1972.7
1348840 1974.4
1348850 1974.4
1348860 1976.9
1348870 1979.0
1348880 1979.0
1348890 1982.5
1348900 1986.9
1348910 1986.9
1348920 1992.5
1348930 1997.0
1348940 1997.0
1348950 2001.7
1348960 2006.4
1348970 2006.4
1348980 2009.0
1348990 2011.4
1349000 2011.4
1349010 2014.4
1349020 2018.3
1349030 2018.3
1349040 2022.0
1349050 2025.3
1349060 2025.3
1349070 2029.5
1349080 2032.9
1349090 2032.9
1349100 2036.0
1349110 2038.9
1349120 2041.9
1349130 2041.9
1349140 2046.1
1349150 2050.8
1349160 2050.8
1349170 2054.0
1349180 2057.7
1349190 2057.7
1349200 2062.1
1349210 2067.2
1349220 2067.2
1349230 2072.6
1349240 2077.8
1349250 2077.8
1349260 2082.8
1349270 2088.6
1349280 2088.6
1349290 2094.5
1349300 2098.1
1349310 2098.1
1349320 2099.4
1349330 2098.6
1349340 2098.6
1349350 2095.7
1349360 2088.1
1349370 2088.1
1349380 2083.9
1349390 2078.8
1349400 2074.3
1349410 2074.3
1349420 2071.8
1349430 2070.3
1349440 2070.3
1349450 2069.9
1349460 2069.5
1349470 2069.5
1349480 2069.0
1349490 2068.2
1349500 2068.2
1349510 2067.5
1349520 2067.6
1349530 2067.6
1349540 2067.8
1349550 2068.8
1349560 2068.8
1349570 2070.7
1349580 2072.6
1349590 2072.6
1349600 2075.1
1349610 2078.1
1349620 2078.1
1349630 2080.5
1349640 2082.7
1349650 2082.7
1349660 2084.1
1349670 2085.0
1349680 2086.3
1349690 2086.3
1349700 2086.0
1349710 2080.4
1349720 2080.4
1349730 2076.5
1349740 2070.5
1349750 2070.5
1349760 2063.3
1349770 2058.3
1349780 2058.3
1349790 2050.0
1349800 2042.4
1349810 2042.4
1349820 2036.7
1349830 2030.7
1349840 2030.7
1349850 2029.7
1349860 2029.5
1349870 2029.5
1349880 2030.0
1349890 2031.5
1349900 2031.5
1349910 2031.7
1349920 2028.4
1349930 2028.4
1349940 2024.9
1349950 2017.5
1349960 2012.5
1349970 2012.5
1349980 2007.2
1349990 2000.6
1350000 2000.6
1350010 1997.3
1350020 1992.8
1350030 1992.8
1350040 1988.6
1350050 1985.8
1350060 1985.8
1350070 1981.9
1350080 1975.7
1350090 1975.7
1350100 1967.8
1350110 1956.0
1350120 1956.0
1350130 1947.9
1350140 1939.2
1350150 1939.2
1350160 1929.3
1350170 1920.6
1350180 1920.6
1350190 1911.6
1350200 1902.9
1350210 1894.7
1350220 1894.7
1350230 1887.5
1350240 1881.5
1350250 1881.5
1350260 1877.9
1350270 1875.3
1350280 1875.3
1350290 1873.7
1350300 1872.6
1350310 1872.9
1350320 1872.0
1350330 1869.3
1350340 1869.3
1350350 1865.8
1350360 1862.0
1350370 1862.0
1350380 1858.7
1350390 1856.1
1350400 1856.1
1350410 1853.9
1350420 1851.2
1350430 1851.2
1350440 1846.8
1350450 1841.2
1350460 1841.2
1350470 1834.7
1350480 1829.1
1350490 1824.6
1350500 1824.6
1350510 1821.5
1350520 1818.0
1350530 1818.0
1350540 1815.9
1350550 1814.5
1350560 1814.5
1350570 1811.7
1350580 1807.0
1350590 1807.0
1350600 1803.1
1350610 1799.7
1350620 1799.7
1350630 1797.0
1350640 1794.5
1350650 1794.5
1350660 1792.3
1350670 1790.7
1350680 1790.7
1350690 1789.4
1350700 1788.1
1350710 1788.1
1350720 1787.7
1350730 1787.7
1350740 1787.7
1350750 1786.8
1350760 1783.6
1350770 1779.8
1350780 1779.8
1350790 1777.2
1350800 1779.4
1350810 1779.4
1350820 1783.2
1350830 1787.6
1350840 1787.6
1350850 1792.3
1350860 1792.9
1350870 1792.9
1350880 1793.5
1350890 1793.3
1350900 1793.3
1350910 1792.4
1350920 1790.4
1350930 1790.4
1350940 1789.2
1350950 1787.1
1350960 1787.1
1350970 1785.6
1350980 1780.1
1350990 1780.1
1351000 1775.2
1351010 1772.5
1351020 1772.5
1351030 1770.4
1351040 1769.1
1351050 1767.1
1351060 1767.1
1351070 1765.0
1351080 1762.4
1351090 1762.4
1351100 1760.2
1351110 1759.0
1351120 1759.0
1351130 1757.2
1351140 1754.8
1351150 1754.8
1351160 1752.8
1351170 1751.0
1351180 1751.0
1351190 1750.3
1351200 1750.2
1351210 1750.2
1351220 1750.2
1351230 1749.2
1351240 1749.2
1351250 1748.4
1351260 1751.4
1351270 1751.4
1351280 1750.3
1351290 1749.5
1351300 1749.5
1351310 1747.6
1351320 1746.4
1351330 1744.4
1351340 1744.4
1351350 1742.9
1351360 1743.1
1351370 1743.1
1351380 1743.2
1351390 1742.2
1351400 1742.2
1351410 1741.2
1351420 1739.3
1351430 1739.3
1351440 1737.3
1351450 1732.7
1351460 1732.7
1351470 1728.0
1351480 1723.7
1351490 1723.7
1351500 1720.9
1351510 1717.2
1351520 1717.2
1351530 1714.7
1351540 1713.0
1351550 1713.0
1351560 1709.6
1351570 1705.7
1351580 1705.7
1351590 1703.3
1351600 1698.4
1351610 1695.1
1351620 1695.1
1351630 1695.2
1351640 1694.8
1351650 1694.8
1351660 1693.6
1351670 1691.1
1351680 1691.1
1351690 1689.2
1351700 1689.2
1351710 1689.2
1351720 1690.2
1351730 1687.9
1351740 1687.9
1351750 1685.9
1351760 1686.4
1351770 1686.4
1351780 1686.7
1351790 1687.9
1351800 1687.9
1351810 1688.4
1351820 1687.8
1351830 1687.8
1351840 1685.8
1351850 1683.6
1351860 1683.6
1351870 1681.4
1351880 1677.7
1351890 1672.0
1351900 1672.0
1351910 1666.2
1351920 1662.5
1351930 1662.5
1351940 1661.2
1351950 1660.7
1351960 1660.7
1351970 1658.9
1351980 1656.0
1351990 1656.0
1352000 1652.4
1352010 1650.0
1352020 1650.0
1352030 1649.0
1352040 1647.1
1352050 1647.1
1352060 1644.3
1352070 1640.2
1352080 1640.2
1352090 1636.3
1352100 1631.8
1352110 1631.8
1352120 1627.8
1352130 1625.8
1352140 1625.8
1352150 1625.9
1352160 1624.1
1352170 1618.7
1352180 1618.7
1352190 1610.9
1352200 1603.7
1352210 1603.7
1352220 1602.0
1352230 1598.3
1352240 1598.3
1352250 1594.4
1352260 1590.5
1352270 1590.5
1352280 1587.8
1352290 1584.7
1352300 1584.7
1352310 1582.2
1352320 1581.7
1352330 1581.7
1352340 1580.7
1352350 1576.9
1352360 1576.9
1352370 1572.1
1352380 1564.5
1352390 1564.5
1352400 1557.1
1352410 1551.2
1352420 1551.2
1352430 1545.0
1352440 1538.4
1352450 1533.0
1352460 1533.0
1352470 1526.8
1352480 1520.2
1352490 1520.2
1352500 1514.0
1352510 1507.4
1352520 1507.4
1352530 1502.1
1352540 1492.3
1352550 1492.3
1352560 1479.9
1352570 1470.5
1352580 1470.5
1352590 1463.4
1352600 1458.3
1352610 1458.3
1352620 1455.4
1352630 1452.0
1352640 1452.0
1352650 1448.2
1352660 1439.4
1352670 1439.4
1352680 1428.9
1352690 1417.6
1352700 1417.6
1352710 1407.1
1352720 1397.8
1352730 1388.1
1352740 1388.1
1352750 1380.1
1352760 1372.0
1352770 1372.0
1352780 1366.3
1352790 1362.0
1352800 1362.0
1352810 1356.3
1352820 1351.9
1352830 1351.9
1352840 1348.9
1352850 1345.8
1352860 1345.8
1352870 1342.1
1352880 1338.7
1352890 1338.7
1352900 1335.2
1352910 1332.6
1352920 1332.6
1352930 1330.4
1352940 1329.7
1352950 1329.7
1352960 1327.5
1352970 1324.3
1352980 1324.3
1352990 1320.9
1353000 1317.2
1353010 1313.3
1353020 1313.3
1353030 1308.7
1353040 1304.0
1353050 1304.0
1353060 1299.8
1353070 1295.3
1353080 1295.3
1353090 1290.0
1353100 1284.9
1353110 1284.9
1353120 1279.6
1353130 1274.2
1353140 1274.2
1353150 1268.4
1353160 1262.7
1353170 1262.7
1353180 1260.4
1353190 1255.5
1353200 1255.5
1353210 1251.3
1353220 1245.6
1353230 1245.6
1353240 1241.2
1353250 1236.5
1353260 1236.5
1353270 1232.7
1353280 1225.4
1353290 1220.2
1353300 1220.2
1353310 1216.6
1353320 1212.2
1353330 1212.2
1353340 1207.9
1353350 1203.9
1353360 1203.9
1353370 1200.0
1353380 1196.4
1353390 1196.4
1353400 1192.8
1353410 1187.9
1353420 1187.9
1353430 1183.8
1353440 1178.6
1353450 1178.6
1353460 1173.3
1353470 1167.5
1353480 1167.5
1353490 1162.1
1353500 1153.2
1353510 1153.2
1353520 1146.3
1353530 1143.2
1353540 1142.9
1353550 1142.9
1353560 1144.6
1353570 1144.8
1353580 1144.8
1353590 1145.8
1353600 1146.7
1353610 1146.7
1353620 1148.6
1353630 1151.6
1353640 1151.6
1353650 1154.3
1353660 1157.3
1353670 1157.3
1353680 1159.5
1353690 1160.8
1353700 1160.8
1353710 1161.1
1353720 1161.7
1353730 1161.7
1353740 1163.2
1353750 1165.8
1353760 1165.8
1353770 1168.2
1353780 1170.3
1353790 1170.3
1353800 1172.4
1353810 1174.6
1353820 1176.6
1353830 1176.6
1353840 1178.8
1353850 1181.3
1353860 1181.3
1353870 1183.2
1353880 1185.8
1353890 1185.8
1353900 1189.4
1353910 1193.9
1353920 1193.9
1353930 1197.2
1353940 1199.7
1353950 1199.7
1353960 1204.9
1353970 1211.0
1353980 1211.0
1353990 1218.4
1354000 1225.0
1354010 1225.0
1354020 1229.4
1354030 1233.8
1354040 1233.8
1354050 1237.4
1354060 1240.2
1354070 1240.2
1354080 1243.4
1354090 1246.8
1354100 1250.1
1354110 1250.1
1354120 1253.9
1354130 1258.4
1354140 1258.4
1354150 1263.1
1354160 1269.0
1354170 1269.0
1354180 1273.1
1354190 1277.3
1354200 1277.3
1354210 1280.5
1354220 1282.6
1354230 1282.6
1354240 1284.1
1354250 1287.4
1354260 1287.4
1354270 1289.5
1354280 1289.3
1354290 1289.3
1354300 1289.9
1354310 1291.1
1354320 1291.1
1354330 1294.5
1354340 1299.2
1354350 1299.2
1354360 1303.2
1354370 1307.7
1354380 1312.5
1354390 1312.5
1354400 1316.8
1354410 1320.8
1354420 1320.8
1354430 1324.2
1354440 1326.8
1354450 1326.8
1354460 1329.2
1354470 1331.6
1354480 1331.6
1354490 1335.0
1354500 1337.3
1354510 1337.3
1354520 1339.3
1354530 1341.9
1354540 1341.9
1354550 1343.2
1354560 1344.7
1354570 1344.7
1354580 1348.7
1354590 1354.3
1354600 1354.3
1354610 1360.0
1354620 1367.5
1354630 1367.5
1354640 1374.2
1354650 1378.9
1354660 1377.5
1354670 1377.5
1354680 1373.6
1354690 1371.5
1354700 1371.5
1354710 1371.2
1354720 1371.5
1354730 1371.5
1354740 1372.6
1354750 1373.7
1354760 1373.7
1354770 1375.1
1354780 1376.9
1354790 1376.9
1354800 1378.3
1354810 1380.2
1354820 1380.2
1354830 1382.3
1354840 1383.7
1354850 1383.7
1354860 1383.0
1354870 1382.6
1354880 1382.6
1354890 1382.7
1354900 1383.1
1354910 1383.1
1354920 1384.9
1354930 1386.4
1354940 1388.0
1354950 1388.0
1354960 1390.3
1354970 1392.2
1354980 1392.2
1354990 1394.3
1355000 1395.9
1355010 1395.9
1355020 1396.0
1355030 1397.0
1355040 1397.0
1355050 1398.0
1355060 1397.8
1355070 1397.8
1355080 1398.9
1355090 1402.5
1355100 1402.5
1355110 1407.5
1355120 1409.5
1355130 1409.5
1355140 1408.6
1355150 1411.5
1355160 1411.5
1355170 1413.7
1355180 1415.9
1355190 1415.9
1355200 1420.0
1355210 1423.8
1355220 1425.9
1355230 1425.9
1355240 1428.0
1355250 1429.8
1355260 1429.8
1355270 1431.7
1355280 1433.5
1355290 1433.5
1355300 1435.3
1355310 1437.0
1355320 1437.0
1355330 1438.3
1355340 1439.4
1355350 1439.4
1355360 1440.5
1355370 1441.5
1355380 1441.5
1355390 1442.7
1355400 1443.9
1355410 1443.9
1355420 1444.1
1355430 1444.6
1355440 1444.6
1355450 1445.9
1355460 1447.4
1355470 1447.4
1355480 1450.2
1355490 1455.6
1355500 1461.8
1355510 1461.8
1355520 1469.2
1355530 1476.2
1355540 1476.2
1355550 1482.3
1355560 1488.7
1355570 1488.7
1355580 1494.5
1355590 1498.8
1355600 1498.8
1355610 1502.7
1355620 1505.8
1355630 1505.8
1355640 1510.2
1355650 1517.4
1355660 1517.4
1355670 1523.0
1355680 1526.3
1355690 1526.3
1355700 1528.9
1355710 1530.9
1355720 1530.9
1355730 1532.4
1355740 1534.2
1355750 1534.2
1355760 1537.5
1355770 1541.7
1355780 1546.0
1355790 1546.0
1355800 1549.9
1355810 1554.3
1355820 1554.3
1355830 1559.2
1355840 1564.2
1355850 1564.2
1355860 1569.2
1355870 1573.7
1355880 1573.7
1355890 1577.7
1355900 1580.8
1355910 1580.8
1355920 1583.9
1355930 1587.6
1355940 1587.6
1355950 1591.7
1355960 1595.6
1355970 1595.6
1355980 1599.2
1355990 1602.9
1356000 1602.9
1356010 1606.9
1356020 1610.8
1356030 1610.8
1356040 1615.1
1356050 1619.3
1356060 1623.4
1356070 1623.4
1356080 1627.2
1356090 1630.8
1356100 1630.8
1356110 1634.4
1356120 1637.7
1356130 1635.1
1356140 1637.6
1356150 1639.4
1356160 1639.4
1356170 1641.1
1356180 1644.1
1356190 1644.1
1356200 1648.5
1356210 1653.6
1356220 1653.6
1356230 1659.1
1356240 1663.7
1356250 1663.7
1356260 1668.0
1356270 1672.7
1356280 1672.7
1356290 1677.1
1356300 1681.9
1356310 1681.9
1356320 1687.0
1356330 1692.3
1356340 1697.7
1356350 1697.7
1356360 1702.8
1356370 1707.5
1356380 1707.5
1356390 1711.7
1356400 1715.9
1356410 1715.9
1356420 1719.6
1356430 1723.2
1356440 1723.2
1356450 1726.5
1356460 1729.5
1356470 1729.5
1356480 1732.3
1356490 1735.1
1356500 1735.1
1356510 1737.9
1356520 1740.0
1356530 1740.0
1356540 1742.5
1356550 1744.9
1356560 1744.9
1356570 1747.1
1356580 1749.1
1356590 1749.1
1356600 1750.8
1356610 1752.2
1356620 1753.7
1356630 1753.7
1356640 1757.1
1356650 1764.4
1356660 1764.4
1356670 1772.5
1356680 1781.3
1356690 1781.3
1356700 1789.5
1356710 1798.5
1356720 1798.5
1356730 1807.2
1356740 1813.3
1356750 1813.3
1356760 1819.0
1356770 1826.2
1356780 1826.2
1356790 1834.0
1356800 1841.7
1356810 1841.7
1356820 1850.9
1356830 1854.5
1356840 1854.5
1356850 1857.7
1356860 1861.4
1356870 1861.4
1356880 1866.6
1356890 1873.3
1356900 1880.7
1356910 1880.7
1356920 1886.3
1356930 1890.0
1356940 1890.0
1356950 1894.4
1356960 1901.1
1356970 1901.1
1356980 1906.6
1356990 1913.6
1357000 1913.6
1357010 1921.3
1357020 1926.4
1357030 1926.4
1357040 1929.9
1357050 1934.3
1357060 1934.3
1357070 1939.0
1357080 1945.2
1357090 1945.2
1357100 1952.3
1357110 1959.5
1357120 1959.5
1357130 1962.8
1357140 1968.3
1357150 1974.1
1357160 1974.1
1357170 1979.9
1357180 1985.2
1357190 1985.2
1357200 1990.1
1357210 1994.3
1357220 1994.3
1357230 1997.6
1357240 2000.7
1357250 2000.7
1357260 2003.6
1357270 2005.7
1357280 2005.7
1357290 2008.2
1357300 2009.9
1357310 2009.9
1357320 2011.1
1357330 2013.4
1357340 2013.4
1357350 2016.6
1357360 2020.1
1357370 2020.1
1357380 2024.0
1357390 2027.9
1357400 2027.9
1357410 2031.8
1357420 2035.9
1357430 2039.4
1357440 2039.4
1357450 2042.4
1357460 2045.3
1357470 2045.3
1357480 2048.7
1357490 2052.0
1357500 2052.0
1357510 2054.1
1357520 2055.6
1357530 2055.6
1357540 2056.6
1357550 2057.2
1357560 2057.2
1357570 2056.4
1357580 2055.1
1357590 2055.1
1357600 2055.1
1357610 2055.6
1357620 2055.6
1357630 2055.8
1357640 2055.1
1357650 2055.1
1357660 2053.7
1357670 2052.4
1357680 2052.4
1357690 2050.4
1357700 2047.2
1357710 2044.6
1357720 2044.6
1357730 2042.0
1357740 2039.4
1357750 2039.4
1357760 2034.7
1357770 2028.5
1357780 2028.5
1357790 2022.3
1357800 2015.0
1357810 2015.0
1357820 2008.0
1357830 2001.6
1357840 2001.6
1357850 1995.7
1357860 1989.8
1357870 1989.8
1357880 1984.4
1357890 1978.4
1357900 1978.4
1357910 1973.5
1357920 1970.1
1357930 1970.1
1357940 1966.5
1357950 1963.1
1357960 1963.1
1357970 1959.2
1357980 1953.7
1357990 1946.7
1358000 1946.7
1358010 1939.9
1358020 1933.9
1358030 1933.9
1358040 1928.1
1358050 1923.1
1358060 1923.1
1358070 1918.6
1358080 1914.3
1358090 1914.3
1358100 1909.4
1358110 1903.0
1358120 1903.0
1358130 1895.0
1358140 1889.7
1358150 1889.7
1358160 1884.5
1358170 1878.7
1358180 1878.7
1358190 1872.5
1358200 1867.5
1358210 1867.5
1358220 1863.6
1358230 1859.2
1358240 1859.2
1358250 1853.7
1358260 1847.3
1358270 1839.8
1358280 1839.8
1358290 1832.7
1358300 1826.4
1358310 1826.4
1358320 1821.4
1358330 1816.3
1358340 1816.3
1358350 1809.9
1358360 1804.9
1358370 1804.9
1358380 1800.9
1358390 1796.8
1358400 1796.8
1358410 1793.0
1358420 1787.6
1358430 1787.6
1358440 1779.8
1358450 1772.3
1358460 1772.3
1358470 1766.4
1358480 1759.9
1358490 1759.9
1358500 1753.1
1358510 1746.6
1358520 1746.6
1358530 1741.3
1358540 1734.6
1358550 1727.2
1358560 1727.2
1358570 1721.2
1358580 1715.9
1358590 1715.9
1358600 1709.8
1358610 1702.0
1358620 1702.0
1358630 1695.9
1358640 1691.5
1358650 1691.5
1358660 1686.6
1358670 1679.8
1358680 1679.8
1358690 1673.3
1358700 1668.1
1358710 1668.1
1358720 1664.7
1358730 1659.9
1358740 1659.9
1358750 1653.5
1358760 1647.1
1358770 1647.1
1358780 1642.5
1358790 1635.2
1358800 1635.2
1358810 1628.0
1358820 1621.9
1358830 1614.9
1358840 1614.9
1358850 1609.7
1358860 1607.2
1358870 1607.2
1358880 1604.3
1358890 1600.1
1358900 1600.1
1358910 1594.2
1358920 1586.8
1358930 1586.8
1358940 1579.1
1358950 1571.0
1358960 1571.0
1358970 1562.5
1358980 1553.7
1358990 1553.7
1359000 1547.0
1359010 1540.0
1359020 1540.0
1359030 1532.2
1359040 1523.1
1359050 1523.1
1359060 1513.9
1359070 1505.4
1359080 1505.4
1359090 1498.2
1359100 1491.7
1359110 1485.4
1359120 1485.4
1359130 1478.0
1359140 1469.9
1359150 1469.7
1359160 1462.5
1359170 1456.5
1359180 1456.5
1359190 1450.0
1359200 1443.7
1359210 1443.7
1359220 1437.8
1359230 1431.6
1359240 1431.6
1359250 1425.5
1359260 1419.7
1359270 1419.7
1359280 1413.7
1359290 1407.6
1359300 1407.6
1359310 1401.4
1359320 1395.4
1359330 1395.4
1359340 1390.0
1359350 1385.5
1359360 1385.5
1359370 1380.8
1359380 1374.2
1359390 1366.0
1359400 1366.0
1359410 1357.7
1359420 1349.8
1359430 1349.8
1359440 1342.0
1359450 1333.8
1359460 1333.8
1359470 1326.3
1359480 1318.7
1359490 1318.7
1359500 1311.5
1359510 1304.2
1359520 1304.2
1359530 1298.5
1359540 1293.2
1359550 1293.2
1359560 1288.1
1359570 1281.8
1359580 1281.8
1359590 1274.3
1359600 1267.0
1359610 1267.0
1359620 1259.7
1359630 1253.7
1359640 1253.7
1359650 1249.9
1359660 1246.3
1359670 1242.9
1359680 1242.9
1359690 1240.3
1359700 1237.8
1359710 1237.8
1359720 1236.4
1359730 1234.8
1359740 1234.8
1359750 1232.1
1359760 1227.3
1359770 1227.3
1359780 1221.3
1359790 1214.0
1359800 1214.0
1359810 1207.0
1359820 1201.1
1359830 1201.1
1359840 1195.7
1359850 1192.2
1359860 1192.2
1359870 1191.0
1359880 1188.4
1359890 1188.4
1359900 1185.7
1359910 1183.6
1359920 1183.6
1359930 1181.3
1359940 1177.1
1359950 1173.0
1359960 1173.0
1359970 1170.1
1359980 1166.9
1359990 1166.9
