1340000 1928.2
1340010 1926.3
1340020 1925.1
1340030 1925.1
1340040 1924.3
1340050 1924.0
1340060 1924.0
1340070 1923.4
1340080 1922.4
1340090 1921.5
1340100 1921.5
1340110 1920.7
1340120 1920.8
1340130 1920.8
1340140 1922.4
1340150 1928.3
1340160 1928.3
1340170 1935.2
1340180 1939.1
1340190 1939.1
1340200 1935.8
1340210 1927.6
1340220 1927.6
1340230 1921.0
1340240 1916.1
1340250 1916.1
1340260 1912.4
1340270 1909.1
1340280 1909.1
1340290 1904.1
1340300 1892.4
1340310 1892.4
1340320 1884.9
1340330 1878.8
1340340 1878.8
1340350 1872.7
1340360 1868.7
1340370 1867.6
1340380 1867.6
1340390 1865.9
1340400 1863.0
1340410 1863.0
1340420 1859.9
1340430 1856.7
1340440 1856.7
1340450 1853.0
1340460 1848.0
1340470 1848.0
1340480 1849.2
1340490 1846.0
1340500 1846.0
1340510 1843.5
1340520 1841.8
1340530 1841.8
1340540 1840.4
1340550 1838.9
1340560 1838.9
1340570 1837.8
1340580 1837.7
1340590 1837.7
1340600 1837.2
1340610 1837.2
1340620 1837.2
1340630 1835.3
1340640 1833.2
1340650 1832.4
1340660 1832.4
1340670 1830.3
1340680 1828.7
1340690 1828.7
1340700 1828.6
1340710 1828.9
1340720 1828.9
1340730 1831.1
1340740 1833.1
1340750 1833.1
1340760 1832.1
1340770 1834.0
1340780 1834.0
1340790 1834.7
1340800 1826.1
1340810 1826.1
1340820 1815.7
1340830 1804.4
1340840 1804.4
1340850 1794.2
1340860 1783.9
1340870 1783.9
1340880 1774.0
1340890 1765.4
1340900 1765.4
1340910 1756.0
1340920 1746.3
1340930 1736.8
1340940 1736.8
1340950 1728.8
1340960 1720.4
1340970 1720.4
1340980 1711.8
1340990 1703.9
1341000 1703.9
1341010 1694.4
1341020 1682.8
1341030 1682.8
1341040 1671.1
1341050 1663.4
1341060 1663.4
1341070 1655.9
1341080 1648.5
1341090 1648.5
1341100 1643.7
1341110 1640.4
1341120 1640.4
1341130 1637.7
1341140 1636.9
1341150 1636.9
1341160 1634.4
1341170 1627.7
1341180 1627.7
1341190 1621.2
1341200 1616.7
1341210 1612.8
1341220 1612.8
1341230 1607.7
1341240 1602.0
1341250 1602.0
1341260 1595.6
1341270 1587.9
1341280 1587.9
1341290 1579.5
1341300 1569.6
1341310 1569.6
1341320 1559.6
1341330 1549.1
1341340 1549.1
1341350 1538.4
1341360 1529.6
1341370 1533.6
1341380 1526.0
1341390 1518.9
1341400 1518.9
1341410 1511.6
1341420 1504.0
1341430 1504.0
1341440 1496.9
1341450 1488.6
1341460 1488.6
1341470 1480.2
1341480 1472.3
1341490 1464.6
1341500 1464.6
1341510 1457.3
1341520 1450.7
1341530 1450.7
1341540 1444.4
1341550 1437.7
1341560 1437.7
1341570 1431.7
1341580 1426.0
1341590 1426.0
1341600 1419.0
1341610 1411.1
1341620 1411.1
1341630 1407.0
1341640 1406.3
1341650 1406.3
1341660 1403.2
1341670 1399.3
1341680 1399.3
1341690 1395.2
1341700 1390.9
1341710 1390.9
1341720 1387.0
1341730 1383.3
1341740 1383.3
1341750 1379.7
1341760 1376.3
1341770 1372.6
1341780 1372.6
1341790 1368.9
1341800 1365.6
1341810 1365.6
1341820 1362.3
1341830 1359.9
1341840 1359.9
1341850 1357.3
1341860 1354.7
1341870 1354.7
1341880 1352.8
1341890 1351.2
1341900 1351.2
1341910 1350.2
1341920 1349.0
1341930 1349.0
1341940 1347.9
1341950 1346.7
1341960 1346.7
1341970 1344.5
1341980 1340.1
1341990 1340.1
1342000 1335.1
1342010 1330.8
1342020 1330.8
1342030 1330.5
1342040 1332.9
1342050 1338.6
1342060 1338.6
1342070 1345.0
1342080 1349.9
1342090 1349.9
1342100 1354.3
1342110 1357.5
1342120 1357.5
1342130 1361.6
1342140 1366.5
1342150 1366.5
1342160 1372.4
1342170 1379.3
1342180 1379.3
1342190 1387.6
1342200 1396.4
1342210 1396.4
1342220 1404.4
1342230 1411.2
1342240 1411.2
1342250 1417.0
1342260 1422.6
1342270 1420.4
1342280 1426.6
1342290 1432.2
1342300 1432.2
1342310 1437.8
1342320 1443.5
1342330 1448.7
1342340 1448.7
1342350 1454.1
1342360 1461.0
1342370 1461.0
1342380 1467.1
1342390 1472.0
1342400 1472.0
1342410 1477.0
1342420 1481.8
1342430 1481.8
1342440 1485.5
1342450 1489.0
1342460 1489.0
1342470 1494.2
1342480 1499.3
1342490 1499.3
1342500 1504.1
1342510 1508.8
1342520 1508.8
1342530 1512.7
1342540 1517.8
1342550 1517.8
1342560 1522.2
1342570 1526.4
1342580 1526.4
1342590 1532.5
1342600 1538.6
1342610 1542.9
1342620 1542.9
1342630 1546.9
1342640 1550.9
1342650 1550.9
1342660 1555.4
1342670 1560.3
1342680 1560.3
1342690 1565.4
1342700 1571.7
1342710 1571.7
1342720 1578.0
1342730 1583.6
1342740 1583.6
1342750 1588.6
1342760 1593.3
1342770 1593.3
1342780 1598.4
1342790 1603.6
1342800 1603.6
1342810 1610.4
1342820 1617.6
1342830 1617.6
1342840 1624.5
1342850 1630.8
1342860 1630.8
1342870 1637.5
1342880 1643.0
1342890 1648.6
1342900 1648.6
1342910 1654.3
1342920 1659.6
1342930 1659.6
1342940 1665.8
1342950 1673.4
1342960 1673.4
1342970 1680.7
1342980 1685.9
1342990 1685.9
1343000 1691.5
1343010 1698.0
1343020 1698.0
1343030 1702.2
1343040 1707.3
1343050 1707.3
1343060 1711.5
1343070 1713.6
1343080 1713.6
1343090 1717.4
1343100 1721.8
1343110 1721.8
1343120 1727.4
1343130 1732.3
1343140 1732.3
1343150 1736.7
1343160 1743.3
1343170 1755.5
1343180 1755.5
1343190 1764.0
1343200 1768.3
1343210 1768.3
1343220 1769.7
1343230 1773.1
1343240 1773.1
1343250 1775.9
1343260 1779.4
1343270 1779.4
1343280 1783.1
1343290 1785.9
1343300 1785.9
1343310 1788.3
1343320 1789.0
1343330 1789.0
1343340 1788.9
1343350 1788.6
1343360 1788.6
1343370 1789.5
1343380 1789.4
1343390 1789.4
1343400 1789.0
1343410 1786.2
1343420 1786.2
1343430 1779.6
1343440 1779.0
1343450 1780.5
1343460 1780.5
1343470 1781.8
1343480 1782.7
1343490 1782.7
1343500 1781.8
1343510 1780.2
1343520 1780.2
1343530 1778.7
1343540 1776.7
1343550 1776.7
1343560 1774.0
1343570 1771.3
1343580 1771.3
1343590 1770.0
1343600 1768.7
1343610 1768.7
1343620 1767.5
1343630 1765.8
1343640 1765.8
1343650 1763.1
1343660 1759.3
1343670 1759.3
1343680 1752.9
1343690 1746.1
1343700 1746.1
1343710 1739.1
1343720 1732.5
1343730 1726.7
1343740 1726.7
1343750 1721.1
1343760 1715.3
1343770 1715.3
1343780 1710.1
1343790 1705.6
1343800 1705.6
1343810 1702.1
1343820 1700.0
1343830 1700.0
1343840 1697.9
1343850 1695.5
1343860 1695.5
1343870 1692.9
1343880 1689.7
1343890 1689.7
1343900 1686.8
1343910 1684.1
1343920 1684.1
1343930 1681.5
1343940 1678.5
1343950 1678.5
1343960 1676.0
1343970 1670.6
1343980 1670.6
1343990 1664.5
1344000 1658.8
1344010 1653.4
1344020 1653.4
1344030 1647.0
1344040 1638.2
1344050 1638.2
1344060 1630.7
1344070 1621.4
1344080 1621.4
1344090 1617.7
1344100 1614.1
1344110 1614.1
1344120 1609.9
1344130 1603.2
1344140 1603.2
1344150 1595.9
1344160 1589.9
1344170 1589.9
1344180 1585.9
1344190 1582.8
1344200 1582.8
1344210 1577.2
1344220 1570.0
1344230 1570.0
1344240 1562.0
1344250 1553.7
1344260 1553.7
1344270 1546.3
1344280 1538.7
1344290 1531.5
1344300 1531.5
1344310 1524.2
1344320 1518.1
1344330 1518.1
1344340 1512.1
1344350 1507.9
1344360 1507.9
1344370 1506.1
1344380 1503.6
1344390 1503.6
1344400 1498.5
1344410 1491.0
1344420 1491.0
1344430 1485.6
1344440 1483.6
1344450 1483.6
1344460 1482.9
1344470 1481.9
1344480 1481.9
1344490 1479.8
1344500 1478.1
1344510 1478.1
1344520 1476.4
1344530 1473.7
1344540 1473.7
1344550 1470.5
1344560 1467.9
1344570 1464.5
1344580 1464.5
1344590 1459.4
1344600 1453.0
1344610 1453.0
1344620 1446.1
1344630 1439.8
1344640 1439.8
1344650 1434.6
1344660 1429.1
1344670 1429.1
1344680 1422.7
1344690 1416.0
1344700 1416.0
1344710 1409.4
1344720 1402.9
1344730 1402.9
1344740 1396.4
1344750 1390.5
1344760 1390.5
1344770 1385.9
1344780 1380.7
1344790 1380.7
1344800 1375.2
1344810 1368.5
1344820 1368.5
1344830 1362.8
1344840 1358.0
1344850 1352.6
1344860 1352.6
1344870 1347.7
1344880 1342.3
1344890 1342.3
1344900 1337.4
1344910 1331.3
1344920 1331.3
1344930 1323.7
1344940 1315.0
1344950 1315.0
1344960 1305.4
1344970 1294.7
1344980 1292.5
1344990 1283.3
1345000 1274.4
1345010 1274.4
1345020 1265.9
1345030 1257.9
1345040 1257.9
1345050 1250.3
1345060 1243.4
1345070 1243.4
1345080 1236.8
1345090 1229.9
1345100 1229.9
1345110 1221.8
1345120 1212.8
1345130 1204.4
1345140 1204.4
1345150 1197.4
1345160 1191.9
1345170 1191.9
1345180 1187.1
1345190 1183.1
1345200 1183.1
1345210 1179.9
1345220 1176.4
1345230 1176.4
1345240 1172.5
1345250 1169.2
1345260 1169.2
1345270 1166.0
1345280 1163.3
1345290 1163.3
1345300 1160.5
1345310 1157.2
1345320 1157.2
1345330 1153.8
1345340 1150.1
1345350 1150.1
1345360 1145.4
1345370 1141.4
1345380 1141.4
1345390 1138.0
1345400 1135.4
1345410 1134.0
1345420 1134.0
1345430 1132.5
1345440 1130.6
1345450 1130.6
1345460 1128.6
1345470 1125.8
1345480 1125.8
1345490 1123.1
1345500 1120.5
1345510 1120.5
1345520 1117.7
1345530 1114.9
1345540 1114.9
1345550 1112.1
1345560 1108.6
1345570 1108.6
1345580 1104.2
1345590 1098.1
1345600 1098.1
1345610 1092.8
1345620 1087.7
1345630 1087.7
1345640 1086.6
1345650 1085.8
1345660 1085.8
1345670 1082.7
1345680 1079.1
1345690 1078.3
1345700 1078.3
1345710 1076.9
1345720 1074.5
1345730 1074.5
1345740 1075.5
1345750 1077.1
1345760 1077.1
1345770 1083.4
1345780 1091.3
1345790 1091.3
1345800 1095.0
1345810 1095.9
1345820 1095.9
1345830 1096.7
1345840 1097.8
1345850 1097.8
1345860 1099.3
1345870 1100.7
1345880 1100.7
1345890 1101.8
1345900 1105.7
1345910 1105.7
1345920 1108.0
1345930 1109.7
1345940 1109.7
1345950 1111.1
1345960 1113.7
1345970 1117.3
1345980 1117.3
1345990 1121.0
1346000 1124.4
1346010 1124.4
1346020 1127.8
1346030 1131.3
1346040 1131.3
1346050 1134.7
1346060 1137.9
1346070 1137.9
1346080 1141.3
1346090 1143.9
1346100 1143.9
1346110 1145.9
1346120 1147.7
1346130 1147.7
1346140 1150.2
1346150 1152.3
1346160 1152.3
1346170 1152.8
1346180 1151.6
1346190 1151.6
1346200 1146.9
1346210 1141.7
1346220 1141.7
1346230 1142.0
1346240 1147.7
1346250 1154.8
1346260 1154.8
1346270 1161.7
1346280 1170.4
1346290 1170.4
1346300 1180.2
1346310 1189.7
1346320 1189.7
1346330 1196.5
1346340 1202.7
1346350 1202.7
1346360 1210.5
1346370 1217.8
1346380 1217.8
1346390 1222.3
1346400 1225.1
1346410 1225.1
1346420 1228.8
1346430 1233.4
1346440 1233.4
1346450 1238.3
1346460 1243.0
1346470 1243.0
1346480 1246.8
1346490 1250.3
1346500 1250.3
1346510 1253.9
1346520 1257.7
1346530 1261.5
1346540 1261.5
1346550 1266.4
1346560 1271.1
1346570 1271.1
1346580 1275.7
1346590 1280.3
1346600 1280.3
1346610 1283.3
1346620 1287.0
1346630 1287.0
1346640 1292.1
1346650 1296.1
1346660 1296.1
1346670 1300.6
1346680 1305.5
1346690 1305.5
1346700 1310.0
1346710 1314.0
1346720 1314.0
1346730 1318.8
1346740 1323.7
1346750 1323.7
1346760 1328.3
1346770 1333.4
1346780 1333.4
1346790 1339.0
1346800 1344.4
1346810 1351.3
1346820 1359.0
1346830 1363.3
1346840 1367.1
1346850 1367.1
1346860 1370.5
1346870 1372.5
1346880 1372.5
1346890 1372.2
1346900 1371.5
1346910 1371.5
1346920 1370.8
1346930 1370.0
1346940 1370.0
1346950 1369.3
1346960 1370.1
1346970 1370.1
1346980 1371.4
1346990 1373.3
1347000 1373.3
1347010 1375.3
1347020 1377.5
1347030 1377.5
1347040 1379.7
1347050 1379.9
1347060 1379.9
1347070 1378.8
1347080 1375.3
1347090 1374.3
1347100 1374.3
1347110 1372.7
1347120 1374.3
1347130 1374.3
1347140 1376.5
1347150 1376.9
1347160 1376.9
1347170 1379.3
1347180 1377.9
1347190 1377.9
1347200 1379.4
1347210 1382.9
1347220 1382.9
1347230 1389.2
1347240 1395.2
1347250 1395.2
1347260 1400.8
1347270 1408.8
1347280 1408.8
1347290 1416.8
1347300 1422.9
1347310 1422.9
1347320 1429.0
1347330 1434.9
1347340 1434.9
1347350 1440.7
1347360 1444.3
1347370 1452.3
1347380 1452.3
1347390 1459.5
1347400 1465.8
1347410 1465.8
1347420 1471.7
1347430 1477.6
1347440 1477.6
1347450 1483.1
1347460 1489.0
1347470 1489.0
1347480 1494.6
1347490 1499.5
1347500 1499.5
1347510 1504.4
1347520 1509.5
1347530 1509.5
1347540 1514.9
1347550 1520.5
1347560 1520.5
1347570 1526.3
1347580 1532.5
1347590 1532.5
1347600 1539.2
1347610 1545.8
1347620 1545.8
1347630 1551.4
1347640 1556.1
1347650 1561.0
1347660 1561.0
1347670 1565.6
1347680 1570.6
1347690 1570.6
1347700 1576.2
1347710 1581.3
1347720 1581.3
1347730 1585.9
1347740 1590.3
1347750 1589.1
1347760 1593.6
1347770 1598.8
1347780 1598.8
1347790 1605.2
1347800 1612.6
1347810 1612.6
1347820 1619.8
1347830 1626.3
1347840 1626.3
1347850 1634.1
1347860 1642.1
1347870 1642.1
1347880 1650.0
1347890 1656.4
1347900 1656.4
1347910 1659.6
1347920 1662.0
1347930 1664.6
1347940 1664.6
1347950 1666.8
1347960 1669.8
1347970 1669.8
1347980 1673.7
1347990 1678.1
1348000 1678.1
1348010 1683.0
1348020 1688.0
1348030 1688.0
1348040 1693.2
1348050 1698.7
1348060 1698.7
1348070 1704.6
1348080 1710.8
1348090 1710.8
1348100 1716.9
1348110 1722.3
1348120 1722.3
1348130 1725.4
1348140 1727.6
1348150 1727.6
1348160 1729.2
1348170 1731.9
1348180 1731.9
1348190 1734.2
1348200 1735.9
1348210 1738.1
1348220 1738.1
1348230 1740.7
1348240 1744.0
1348250 1744.0
1348260 1746.9
1348270 1749.5
1348280 1749.5
1348290 1751.6
1348300 1753.4
1348310 1753.4
1348320 1754.9
1348330 1756.9
1348340 1756.9
1348350 1758.6
1348360 1760.8
1348370 1760.8
1348380 1763.0
1348390 1765.2
1348400 1765.2
1348410 1766.8
1348420 1767.7
1348430 1767.7
1348440 1768.4
1348450 1768.5
1348460 1768.5
1348470 1768.2
1348480 1767.1
1348490 1765.3
1348500 1765.3
1348510 1764.1
1348520 1763.4
1348530 1763.4
1348540 1761.3
1348550 1758.5
1348560 1758.5
1348570 1755.7
1348580 1753.3
1348590 1753.3
1348600 1749.5
1348610 1745.6
1348620 1745.6
1348630 1741.5
1348640 1738.3
1348650 1738.3
1348660 1736.9
1348670 1736.8
1348680 1737.9
1348690 1738.9
1348700 1741.5
1348710 1741.5
1348720 1744.5
1348730 1747.5
1348740 1747.5
1348750 1750.3
1348760 1752.8
1348770 1755.1
1348780 1755.1
1348790 1757.6
1348800 1759.5
1348810 1759.5
1348820 1760.9
1348830 1762.0
1348840 1762.0
1348850 1763.4
1348860 1765.0
1348870 1765.0
1348880 1765.5
1348890 1766.8
1348900 1766.8
1348910 1768.4
1348920 1769.7
1348930 1769.7
1348940 1771.9
1348950 1773.3
1348960 1773.3
1348970 1774.8
1348980 1777.0
1348990 1777.0
1349000 1780.0
1349010 1783.4
1349020 1783.4
1349030 1786.4
1349040 1789.4
1349050 1792.6
1349060 1792.6
1349070 1796.0
1349080 1799.2
1349090 1799.2
1349100 1803.1
1349110 1805.8
1349120 1805.8
1349130 1808.6
1349140 1812.4
1349150 1812.4
1349160 1816.8
1349170 1821.6
1349180 1821.6
1349190 1825.6
1349200 1830.5
1349210 1830.5
1349220 1834.9
1349230 1840.2
1349240 1840.2
1349250 1846.9
1349260 1853.6
1349270 1853.6
1349280 1860.1
1349290 1866.6
1349300 1866.6
1349310 1872.6
1349320 1877.7
1349330 1883.1
1349340 1883.1
1349350 1888.4
1349360 1893.1
1349370 1893.1
1349380 1891.4
1349390 1884.9
1349400 1884.9
1349410 1878.0
1349420 1871.5
1349430 1871.5
1349440 1868.5
1349450 1867.8
1349460 1867.8
1349470 1864.7
1349480 1861.5
1349490 1861.5
1349500 1863.2
1349510 1866.8
1349520 1866.8
1349530 1869.5
1349540 1871.5
1349550 1871.5
1349560 1873.1
1349570 1874.5
1349580 1874.5
1349590 1876.0
1349600 1877.9
1349610 1877.9
1349620 1884.6
1349630 1884.6
1349640 1883.9
1349650 1883.9
1349660 1884.6
1349670 1885.4
1349680 1885.4
1349690 1887.2
1349700 1890.4
1349710 1890.4
1349720 1893.1
1349730 1896.3
1349740 1896.3
1349750 1899.2
1349760 1899.8
1349770 1899.8
1349780 1897.7
1349790 1893.2
1349800 1893.2
1349810 1888.5
1349820 1884.3
1349830 1884.3
1349840 1880.3
1349850 1878.3
1349860 1878.3
1349870 1877.5
1349880 1876.2
1349890 1876.2
1349900 1874.4
1349910 1871.8
1349920 1870.3
1349930 1870.3
1349940 1868.5
1349950 1866.7
1349960 1866.7
1349970 1864.2
1349980 1862.2
1349990 1862.2
1350000 1860.9
1350010 1860.2
1350020 1860.2
1350030 1859.1
1350040 1858.8
1350050 1858.8
1350060 1858.7
1350070 1858.2
1350080 1858.2
1350090 1856.6
1350100 1856.2
1350110 1856.2
1350120 1855.9
1350130 1855.1
1350140 1855.1
1350150 1853.0
1350160 1850.4
1350170 1850.4
1350180 1848.3
1350190 1846.4
1350200 1845.0
1350210 1845.0
1350220 1844.2
1350230 1843.8
1350240 1843.8
1350250 1843.9
1350260 1845.3
1350270 1845.3
1350280 1847.5
1350290 1849.1
1350300 1849.1
1350310 1848.1
1350320 1844.4
1350330 1844.4
1350340 1839.4
1350350 1834.9
1350360 1834.9
1350370 1831.6
1350380 1829.2
1350390 1829.2
1350400 1826.2
1350410 1822.6
1350420 1822.6
1350430 1818.8
1350440 1813.9
1350450 1813.9
1350460 1810.2
1350470 1808.2
1350480 1804.7
1350490 1804.7
1350500 1800.4
1350510 1796.0
1350520 1796.0
1350530 1790.8
1350540 1784.6
1350550 1784.6
1350560 1778.8
1350570 1773.5
1350580 1773.5
1350590 1768.3
1350600 1762.9
1350610 1762.9
1350620 1758.9
1350630 1756.0
1350640 1756.0
1350650 1753.8
1350660 1751.4
1350670 1751.4
1350680 1749.0
1350690 1747.0
1350700 1747.0
1350710 1745.4
1350720 1742.9
1350730 1742.9
1350740 1741.8
1350750 1741.2
1350760 1740.6
1350770 1740.6
1350780 1739.6
1350790 1738.3
1350800 1738.3
1350810 1736.9
1350820 1734.9
1350830 1734.9
1350840 1732.8
1350850 1730.8
1350860 1730.8
1350870 1728.5
1350880 1725.6
1350890 1725.6
1350900 1722.1
1350910 1718.8
1350920 1718.8
1350930 1715.1
1350940 1712.1
1350950 1712.1
1350960 1709.6
1350970 1706.5
1350980 1706.5
1350990 1703.9
1351000 1702.5
1351010 1702.5
1351020 1701.4
1351030 1698.8
1351040 1695.5
1351050 1695.5
1351060 1691.2
1351070 1687.9
1351080 1687.9
1351090 1684.8
1351100 1682.1
1351110 1682.1
1351120 1679.1
1351130 1675.2
1351140 1675.2
1351150 1671.3
1351160 1668.0
1351170 1668.0
1351180 1664.7
1351190 1661.3
1351200 1661.3
1351210 1657.8
1351220 1654.0
1351230 1654.0
1351240 1649.9
1351250 1646.3
1351260 1646.3
1351270 1643.3
1351280 1640.7
1351290 1640.7
1351300 1636.8
1351310 1631.8
1351320 1626.6
1351330 1626.6
1351340 1621.3
1351350 1616.5
1351360 1616.5
1351370 1612.1
1351380 1607.2
1351390 1607.2
1351400 1601.9
1351410 1597.6
1351420 1597.6
1351430 1594.3
1351440 1591.0
1351450 1591.0
1351460 1587.1
1351470 1583.4
1351480 1583.4
1351490 1580.1
1351500 1577.0
1351510 1577.0
1351520 1575.1
1351530 1569.6
1351540 1569.6
1351550 1565.0
1351560 1558.3
1351570 1558.3
1351580 1552.3
1351590 1547.1
1351600 1541.8
1351610 1541.8
1351620 1536.5
1351630 1531.4
1351640 1531.4
1351650 1526.8
1351660 1521.4
1351670 1521.4
1351680 1516.0
1351690 1512.6
1351700 1512.6
1351710 1509.8
1351720 1506.1
1351730 1506.1
1351740 1500.8
1351750 1494.9
1351760 1494.9
1351770 1489.2
1351780 1483.4
1351790 1483.4
1351800 1479.1
1351810 1473.1
1351820 1473.1
1351830 1466.3
1351840 1459.7
1351850 1459.7
1351860 1451.8
1351870 1443.6
1351880 1436.9
1351890 1436.9
1351900 1429.5
1351910 1420.7
1351920 1420.7
1351930 1411.7
1351940 1404.0
1351950 1404.0
1351960 1398.4
1351970 1395.1
1351980 1395.1
1351990 1390.3
1352000 1382.2
1352010 1382.2
1352020 1373.8
1352030 1365.4
1352040 1365.4
1352050 1357.4
1352060 1350.6
1352070 1350.6
1352080 1343.8
1352090 1333.5
1352100 1333.5
1352110 1318.8
1352120 1303.5
1352130 1303.5
1352140 1291.4
1352150 1281.3
1352160 1271.3
1352170 1271.3
1352180 1261.7
1352190 1252.9
1352200 1252.9
1352210 1244.8
1352220 1236.9
1352230 1236.9
1352240 1229.3
1352250 1222.5
1352260 1222.5
1352270 1216.0
1352280 1210.5
1352290 1210.5
1352300 1204.6
1352310 1197.5
1352320 1197.5
1352330 1190.4
1352340 1185.2
1352350 1185.2
1352360 1181.3
1352370 1176.5
1352380 1176.5
1352390 1172.4
1352400 1168.4
1352410 1168.4
1352420 1164.1
1352430 1159.8
1352440 1155.1
1352450 1155.1
1352460 1150.3
1352470 1145.6
1352480 1146.5
1352490 1142.0
1352500 1137.9
1352510 1137.9
1352520 1134.4
1352530 1131.2
1352540 1131.2
1352550 1127.8
1352560 1124.1
1352570 1124.1
1352580 1120.0
1352590 1114.9
1352600 1114.9
1352610 1110.2
1352620 1106.1
1352630 1106.1
1352640 1101.3
1352650 1096.1
1352660 1096.1
1352670 1089.0
1352680 1082.9
1352690 1082.9
1352700 1079.1
1352710 1076.8
1352720 1076.5
1352730 1076.5
1352740 1076.6
1352750 1077.1
1352760 1077.1
1352770 1079.1
1352780 1079.7
1352790 1079.7
1352800 1079.9
1352810 1080.5
1352820 1080.5
1352830 1082.3
1352840 1084.3
1352850 1084.3
1352860 1086.0
1352870 1087.8
1352880 1087.8
1352890 1089.5
1352900 1091.2
1352910 1091.2
1352920 1092.8
1352930 1094.1
1352940 1094.1
1352950 1095.1
1352960 1096.4
1352970 1096.4
1352980 1097.7
1352990 1099.0
1353000 1100.2
1353010 1100.2
1353020 1101.2
1353030 1102.2
1353040 1102.2
1353050 1103.3
1353060 1106.6
1353070 1106.6
1353080 1112.0
1353090 1118.0
1353100 1118.0
1353110 1124.4
1353120 1130.9
1353130 1130.9
1353140 1137.4
1353150 1143.6
1353160 1143.6
1353170 1149.4
1353180 1155.1
1353190 1155.1
1353200 1161.3
1353210 1169.5
1353220 1169.5
1353230 1176.9
1353240 1183.1
1353250 1183.1
1353260 1191.1
1353270 1200.2
1353280 1206.9
1353290 1206.9
1353300 1212.1
1353310 1218.0
1353320 1218.0
1353330 1224.1
1353340 1230.0
1353350 1230.0
1353360 1236.1
1353370 1242.0
1353380 1242.0
1353390 1247.7
1353400 1254.0
1353410 1254.0
1353420 1260.0
1353430 1266.2
1353440 1266.2
1353450 1271.4
1353460 1275.7
1353470 1275.7
1353480 1280.7
1353490 1286.3
1353500 1286.3
1353510 1292.2
1353520 1297.4
1353530 1297.4
1353540 1301.6
1353550 1304.2
1353560 1304.6
1353570 1304.6
1353580 1305.9
1353590 1308.3
1353600 1308.3
1353610 1312.7
1353620 1319.7
1353630 1319.7
1353640 1326.5
1353650 1331.3
1353660 1331.3
1353670 1333.7
1353680 1335.2
1353690 1335.2
1353700 1336.6
1353710 1339.6
1353720 1339.6
1353730 1343.7
1353740 1348.8
1353750 1348.8
1353760 1352.9
1353770 1358.1
1353780 1358.1
1353790 1364.8
1353800 1369.4
1353810 1369.4
1353820 1374.2
1353830 1379.3
1353840 1385.3
1353850 1385.3
1353860 1392.7
1353870 1400.2
1353880 1400.2
1353890 1405.1
1353900 1407.7
1353910 1407.7
1353920 1413.0
1353930 1421.8
1353940 1421.8
1353950 1429.2
1353960 1434.3
1353970 1434.3
1353980 1436.6
1353990 1438.9
1354000 1438.9
1354010 1445.8
1354020 1453.6
1354030 1453.6
1354040 1460.6
1354050 1465.3
1354060 1465.3
1354070 1466.5
1354080 1471.4
1354090 1471.4
1354100 1478.5
1354110 1483.6
1354120 1488.2
1354130 1488.2
1354140 1492.7
1354150 1497.4
1354160 1497.4
1354170 1504.0
1354180 1510.5
1354190 1510.5
1354200 1514.7
1354210 1519.5
1354220 1519.5
1354230 1524.1
1354240 1529.2
1354250 1529.2
1354260 1534.7
1354270 1539.3
1354280 1539.3
1354290 1543.4
1354300 1547.5
1354310 1547.5
1354320 1551.6
1354330 1556.5
1354340 1556.5
1354350 1561.6
1354360 1565.8
1354370 1565.8
1354380 1569.3
1354390 1572.3
1354400 1575.6
1354410 1575.6
1354420 1578.8
1354430 1581.6
1354440 1581.6
1354450 1584.7
1354460 1588.2
1354470 1588.2
1354480 1592.5
1354490 1598.2
1354500 1598.2
1354510 1603.4
1354520 1609.3
1354530 1609.3
1354540 1614.8
1354550 1619.0
1354560 1619.0
1354570 1623.2
1354580 1627.4
1354590 1627.4
1354600 1631.4
1354610 1635.7
1354620 1635.7
1354630 1640.1
1354640 1644.9
1354650 1644.9
1354660 1650.3
1354670 1656.1
1354680 1661.9
1354690 1661.9
1354700 1667.6
1354710 1672.7
1354720 1672.7
1354730 1678.2
1354740 1683.9
1354750 1683.9
1354760 1689.3
1354770 1694.0
1354780 1694.0
1354790 1698.2
1354800 1702.2
1354810 1702.2
1354820 1706.3
1354830 1710.4
1354840 1710.4
1354850 1714.1
1354860 1716.8
1354870 1716.8
1354880 1719.8
1354890 1724.0
1354900 1724.0
1354910 1727.6
1354920 1730.9
1354930 1730.9
1354940 1733.6
1354950 1737.2
1354960 1742.1
1354970 1742.1
1354980 1746.9
1354990 1751.9
1355000 1751.9
1355010 1758.1
1355020 1763.5
1355030 1763.5
1355040 1769.6
1355050 1776.1
1355060 1776.1
1355070 1782.4
1355080 1789.2
1355090 1789.2
1355100 1795.9
1355110 1801.5
1355120 1801.5
1355130 1806.0
1355140 1811.1
1355150 1811.1
1355160 1816.9
1355170 1822.5
1355180 1822.5
1355190 1827.8
1355200 1832.9
1355210 1832.9
1355220 1838.3
1355230 1844.5
1355240 1849.1
1355250 1849.1
1355260 1853.0
1355270 1859.2
1355280 1859.2
1355290 1865.9
1355300 1872.1
1355310 1872.1
1355320 1877.9
1355330 1884.5
1355340 1884.5
1355350 1892.0
1355360 1898.8
1355370 1898.8
1355380 1904.8
1355390 1909.8
1355400 1909.8
1355410 1911.7
1355420 1915.5
1355430 1915.5
1355440 1920.0
1355450 1925.4
1355460 1925.4
1355470 1930.3
1355480 1934.8
1355490 1934.8
1355500 1939.1
1355510 1942.7
1355520 1947.2
1355530 1947.2
1355540 1952.3
1355550 1956.9
1355560 1956.9
1355570 1961.1
1355580 1964.9
1355590 1964.9
1355600 1968.8
1355610 1972.3
1355620 1972.3
1355630 1976.7
1355640 1981.5
1355650 1981.5
1355660 1985.0
1355670 1985.1
1355680 1985.1
1355690 1982.7
1355700 1982.4
1355710 1982.4
1355720 1983.2
1355730 1984.5
1355740 1984.5
1355750 1985.0
1355760 1986.2
1355770 1986.2
1355780 1987.5
1355790 1988.0
1355800 1987.8
1355810 1987.8
1355820 1986.8
1355830 1985.6
1355840 1985.6
1355850 1984.4
1355860 1984.0
1355870 1984.0
1355880 1983.5
1355890 1983.2
1355900 1983.2
1355910 1982.8
1355920 1982.3
1355930 1982.3
1355940 1983.8
1355950 1986.9
1355960 1986.9
1355970 1990.4
1355980 1992.5
1355990 1992.5
1356000 1993.7
1356010 1994.3
1356020 1994.3
1356030 1996.1
1356040 1998.8
1356050 1998.8
1356060 2001.7
1356070 2004.6
1356080 2007.7
1356090 2007.7
1356100 2011.6
1356110 2014.2
1356120 2014.2
1356130 2016.4
1356140 2019.1
1356150 2019.1
1356160 2021.2
1356170 2022.7
1356180 2022.7
1356190 2024.9
1356200 2027.8
1356210 2027.8
1356220 2031.9
1356230 2037.0
1356240 2037.0
1356250 2041.5
1356260 2045.0
1356270 2045.0
1356280 2048.3
1356290 2051.3
1356300 2051.3
1356310 2053.9
1356320 2057.7
1356330 2057.7
1356340 2062.4
1356350 2066.9
1356360 2071.3
1356370 2071.3
1356380 2075.8
1356390 2080.5
1356400 2076.3
1356410 2081.4
1356420 2085.6
1356430 2085.6
1356440 2089.5
1356450 2093.8
1356460 2093.8
1356470 2098.5
1356480 2103.5
1356490 2103.5
1356500 2108.6
1356510 2113.3
1356520 2113.3
1356530 2118.1
1356540 2122.3
1356550 2122.3
1356560 2126.0
1356570 2130.1
1356580 2130.1
1356590 2134.7
1356600 2139.3
1356610 2139.3
1356620 2143.3
1356630 2147.3
1356640 2150.7
1356650 2150.7
1356660 2154.4
1356670 2158.7
1356680 2158.7
1356690 2163.3
1356700 2168.4
1356710 2168.4
1356720 2173.1
1356730 2177.0
1356740 2177.0
1356750 2179.1
1356760 2181.0
1356770 2181.0
1356780 2182.4
1356790 2184.6
1356800 2184.6
1356810 2187.7
1356820 2191.6
1356830 2191.6
1356840 2194.0
1356850 2195.2
1356860 2195.2
1356870 2197.5
1356880 2199.6
1356890 2199.6
1356900 2201.2
1356910 2202.4
1356920 2203.1
1356930 2203.1
1356940 2205.3
1356950 2207.7
1356960 2207.7
1356970 2209.2
1356980 2211.5
1356990 2211.5
1357000 2209.5
1357010 2204.7
1357020 2204.7
1357030 2200.5
1357040 2194.4
1357050 2194.4
1357060 2186.4
1357070 2178.2
1357080 2178.2
1357090 2167.2
1357100 2157.0
1357110 2157.0
1357120 2149.5
1357130 2142.4
1357140 2142.4
1357150 2138.0
1357160 2131.4
1357170 2131.4
1357180 2125.5
1357190 2121.9
1357200 2118.6
1357210 2118.6
1357220 2116.4
1357230 2115.0
1357240 2115.0
1357250 2115.2
1357260 2115.2
1357270 2115.2
1357280 2114.5
1357290 2113.3
1357300 2113.3
1357310 2111.4
1357320 2112.7
1357330 2112.7
1357340 2113.1
1357350 2111.6
1357360 2111.6
1357370 2108.4
1357380 2102.7
1357390 2102.7
1357400 2109.3
1357410 2107.7
1357420 2107.7
1357430 2103.1
1357440 2098.7
1357450 2098.7
1357460 2100.2
1357470 2100.9
1357480 2101.9
1357490 2101.9
1357500 2100.6
1357510 2096.2
1357520 2096.2
1357530 2090.9
1357540 2085.0
1357550 2085.0
1357560 2080.9
1357570 2075.9
1357580 2075.9
1357590 2068.5
1357600 2059.2
1357610 2059.2
1357620 2052.0
1357630 2044.8
1357640 2044.8
1357650 2039.8
1357660 2032.4
1357670 2032.4
1357680 2022.8
1357690 2012.8
1357700 2012.8
1357710 2003.0
1357720 1993.8
1357730 1993.8
1357740 1983.9
1357750 1974.7
1357760 1967.9
1357770 1967.9
1357780 1963.8
1357790 1962.9
1357800 1962.9
1357810 1960.8
1357820 1954.1
1357830 1954.1
1357840 1948.4
1357850 1946.4
1357860 1946.4
1357870 1939.3
1357880 1932.2
1357890 1932.2
1357900 1927.7
1357910 1921.2
1357920 1921.2
1357930 1915.8
1357940 1911.8
1357950 1911.8
1357960 1911.4
1357970 1907.5
1357980 1907.5
1357990 1900.6
1358000 1892.7
1358010 1892.7
1358020 1888.5
1358030 1889.3
1358040 1890.5
1358050 1890.5
1358060 1888.3
1358070 1884.7
1358080 1884.7
1358090 1881.7
1358100 1879.9
1358110 1879.9
1358120 1879.3
1358130 1879.2
1358140 1879.2
1358150 1876.9
1358160 1873.4
1358170 1873.4
1358180 1872.6
1358190 1873.8
1358200 1873.8
1358210 1875.5
1358220 1876.3
1358230 1876.3
1358240 1878.2
1358250 1881.6
1358260 1881.6
1358270 1880.5
1358280 1876.1
1358290 1876.1
1358300 1872.5
1358310 1870.1
1358320 1868.2
1358330 1868.2
1358340 1865.5
1358350 1861.3
1358360 1861.3
1358370 1856.2
1358380 1851.0
1358390 1851.0
1358400 1846.0
1358410 1840.7
1358420 1840.7
1358430 1837.2
1358440 1833.0
1358450 1833.0
1358460 1830.5
1358470 1829.4
1358480 1829.4
1358490 1827.6
1358500 1824.0
1358510 1824.0
1358520 1821.3
1358530 1820.5
1358540 1820.5
1358550 1816.2
1358560 1810.5
1358570 1810.5
1358580 1804.8
1358590 1799.8
1358600 1795.5
1358610 1795.5
1358620 1791.6
1358630 1789.4
1358640 1789.4
1358650 1787.2
1358660 1785.1
1358670 1785.1
1358680 1783.0
1358690 1780.4
1358700 1780.4
1358710 1776.9
1358720 1771.9
1358730 1771.9
1358740 1766.3
1358750 1760.9
1358760 1760.9
1358770 1755.6
1358780 1750.3
1358790 1750.3
1358800 1744.9
1358810 1740.1
1358820 1740.1
1358830 1736.2
1358840 1732.6
1358850 1732.6
1358860 1728.4
1358870 1723.5
1358880 1718.2
1358890 1718.2
1358900 1712.3
1358910 1706.9
1358920 1706.9
1358930 1702.1
1358940 1697.7
1358950 1697.7
1358960 1693.6
1358970 1689.9
1358980 1689.9
1358990 1686.3
1359000 1682.7
1359010 1682.7
1359020 1679.3
1359030 1676.4
1359040 1676.4
1359050 1673.9
1359060 1671.3
1359070 1671.3
1359080 1668.5
1359090 1665.6
1359100 1665.6
1359110 1662.6
1359120 1659.6
1359130 1659.6
1359140 1656.1
1359150 1652.9
1359160 1649.0
1359170 1649.0
1359180 1644.1
1359190 1639.8
1359200 1639.8
1359210 1635.9
1359220 1632.8
1359230 1632.8
1359240 1629.2
1359250 1625.4
1359260 1625.4
1359270 1621.8
1359280 1618.8
1359290 1618.8
1359300 1616.1
1359310 1613.5
1359320 1613.5
1359330 1611.0
1359340 1608.4
1359350 1608.4
1359360 1605.8
1359370 1602.7
1359380 1602.7
1359390 1600.1
1359400 1597.3
1359410 1597.3
1359420 1594.6
1359430 1587.5
1359440 1584.3
1359450 1584.3
1359460 1581.3
1359470 1577.7
1359480 1577.7
1359490 1574.1
1359500 1569.6
1359510 1569.6
1359520 1566.2
1359530 1564.0
1359540 1564.0
1359550 1562.3
1359560 1559.8
1359570 1559.8
1359580 1556.6
1359590 1552.9
1359600 1552.9
1359610 1550.2
1359620 1548.2
1359630 1548.2
1359640 1542.7
1359650 1533.7
1359660 1533.7
1359670 1527.0
1359680 1517.9
1359690 1517.9
1359700 1508.3
1359710 1498.1
1359720 1489.7
1359730 1489.7
1359740 1482.0
1359750 1474.8
1359760 1474.8
1359770 1466.9
1359780 1459.4
1359790 1459.4
1359800 1452.6
1359810 1444.1
1359820 1444.1
1359830 1435.2
1359840 1426.0
1359850 1426.0
1359860 1417.7
1359870 1410.8
1359880 1410.8
1359890 1404.3
1359900 1398.9
1359910 1398.9
1359920 1395.7
1359930 1390.1
1359940 1390.1
1359950 1389.4
1359960 1386.8
1359970 1386.8
1359980 1377.5
1359990 1368.8
