1340000 2118.1
1340010 2113.5
1340020 2113.5
1340030 2109.1
1340040 2105.8
1340050 2105.8
1340060 2102.8
1340070 2100.6
1340080 2100.6
1340090 2098.1
1340100 2095.0
1340110 2095.0
1340120 2091.7
1340130 2087.1
1340140 2087.1
1340150 2082.4
1340160 2078.5
1340170 2078.5
1340180 2074.5
1340190 2070.6
1340200 2070.6
1340210 2066.7
1340220 2061.8
1340230 2061.8
1340240 2056.7
1340250 2052.2
1340260 2052.2
1340270 2048.5
1340280 2045.9
1340290 2043.5
1340300 2043.5
1340310 2041.2
1340320 2039.3
1340330 2039.3
1340340 2038.6
1340350 2038.0
1340360 2038.0
1340370 2037.0
1340380 2035.4
1340390 2035.4
1340400 2033.0
1340410 2030.6
1340420 2030.6
1340430 2026.2
1340440 2021.6
1340450 2021.6
1340460 2018.7
1340470 2019.0
1340480 2019.0
1340490 2020.0
1340500 2019.7
1340510 2019.7
1340520 2017.5
1340530 2012.7
1340540 2012.7
1340550 2000.0
1340560 1991.6
1340570 1986.5
1340580 1986.5
1340590 1974.5
1340600 1960.9
1340610 1960.9
1340620 1951.3
1340630 1947.5
1340640 1958.8
1340650 1952.3
1340660 1943.7
1340670 1943.7
1340680 1937.3
1340690 1929.9
1340700 1929.9
1340710 1924.7
1340720 1921.6
1340730 1921.6
1340740 1918.9
1340750 1914.7
1340760 1914.7
1340770 1908.1
1340780 1900.6
1340790 1900.6
1340800 1894.0
1340810 1888.6
1340820 1888.6
1340830 1883.1
1340840 1876.3
1340850 1867.5
1340860 1867.5
1340870 1855.8
1340880 1849.8
1340890 1849.8
1340900 1850.6
1340910 1849.6
1340920 1849.6
1340930 1846.1
1340940 1840.3
1340950 1840.3
1340960 1831.7
1340970 1828.7
1340980 1828.7
1340990 1829.4
1341000 1824.2
1341010 1824.2
1341020 1818.2
1341030 1806.9
1341040 1806.9
1341050 1804.9
1341060 1808.4
1341070 1808.4
1341080 1801.7
1341090 1798.9
1341100 1798.9
1341110 1799.3
1341120 1796.9
1341130 1792.1
1341140 1792.1
1341150 1785.5
1341160 1784.2
1341170 1784.2
1341180 1781.6
1341190 1771.5
1341200 1771.5
1341210 1768.0
1341220 1768.2
1341230 1768.2
1341240 1764.8
1341250 1767.4
1341260 1767.4
1341270 1761.0
1341280 1752.0
1341290 1752.0
1341300 1732.8
1341310 1715.1
1341320 1715.1
1341330 1712.8
1341340 1712.6
1341350 1712.6
1341360 1700.4
1341370 1693.3
1341380 1693.3
1341390 1682.4
1341400 1664.6
1341410 1655.6
1341420 1655.6
1341430 1657.4
1341440 1654.5
1341450 1654.5
1341460 1648.2
1341470 1640.2
1341480 1640.2
1341490 1628.5
1341500 1616.1
1341510 1616.1
1341520 1602.7
1341530 1591.2
1341540 1591.2
1341550 1582.2
1341560 1574.1
1341570 1574.1
1341580 1565.4
1341590 1557.7
1341600 1557.7
1341610 1550.5
1341620 1543.7
1341630 1543.7
1341640 1534.9
1341650 1525.5
1341660 1525.5
1341670 1518.7
1341680 1512.2
1341690 1505.3
1341700 1505.3
1341710 1499.1
1341720 1493.1
1341730 1493.1
1341740 1486.3
1341750 1477.6
1341760 1477.6
1341770 1469.2
1341780 1463.0
1341790 1463.0
1341800 1458.8
1341810 1455.9
1341820 1455.9
1341830 1457.4
1341840 1458.9
1341850 1458.9
1341860 1453.8
1341870 1447.4
1341880 1447.4
1341890 1440.7
1341900 1434.0
1341910 1434.0
1341920 1427.5
1341930 1422.0
1341940 1422.0
1341950 1417.3
1341960 1413.0
1341970 1408.9
1341980 1408.9
1341990 1406.7
1342000 1406.4
1342010 1406.4
1342020 1405.5
1342030 1403.8
1342040 1403.8
1342050 1402.6
1342060 1401.8
1342070 1401.8
1342080 1400.4
1342090 1398.1
1342100 1398.1
1342110 1393.9
1342120 1390.4
1342130 1390.4
1342140 1387.9
1342150 1388.3
1342160 1388.3
1342170 1392.8
1342180 1395.8
1342190 1395.8
1342200 1396.3
1342210 1396.6
1342220 1396.6
1342230 1397.6
1342240 1399.0
1342250 1401.5
1342260 1401.5
1342270 1405.0
1342280 1409.2
1342290 1409.2
1342300 1414.3
1342310 1420.1
1342320 1420.1
1342330 1425.6
1342340 1431.8
1342350 1431.8
1342360 1438.6
1342370 1445.6
1342380 1445.6
1342390 1453.0
1342400 1459.5
1342410 1459.5
1342420 1467.4
1342430 1474.3
1342440 1474.3
1342450 1481.0
1342460 1488.0
1342470 1488.0
1342480 1494.8
1342490 1502.0
1342500 1502.0
1342510 1509.9
1342520 1517.3
1342530 1525.5
1342540 1525.5
1342550 1532.7
1342560 1542.1
1342570 1542.1
1342580 1551.3
1342590 1560.8
1342600 1560.8
1342610 1570.8
1342620 1580.4
1342630 1580.4
1342640 1589.8
1342650 1598.9
1342660 1598.9
1342670 1608.3
1342680 1617.4
1342690 1617.4
1342700 1627.0
1342710 1637.3
1342720 1637.3
1342730 1646.5
1342740 1654.6
1342750 1654.6
1342760 1662.5
1342770 1670.0
1342780 1670.0
1342790 1676.4
1342800 1682.2
1342810 1688.0
1342820 1688.0
1342830 1694.5
1342840 1700.7
1342850 1700.7
1342860 1706.0
1342870 1710.0
1342880 1710.0
1342890 1713.9
1342900 1718.3
1342910 1718.3
1342920 1722.8
1342930 1727.8
1342940 1727.8
1342950 1733.2
1342960 1738.1
1342970 1738.1
1342980 1742.7
1342990 1747.3
1343000 1747.3
1343010 1750.7
1343020 1754.1
1343030 1754.1
1343040 1756.9
1343050 1759.1
1343060 1759.1
1343070 1761.4
1343080 1764.2
1343090 1766.2
1343100 1766.2
1343110 1765.5
1343120 1765.5
1343130 1765.5
1343140 1766.7
1343150 1768.5
1343160 1768.5
1343170 1769.3
1343180 1767.6
1343190 1767.6
1343200 1766.8
1343210 1765.0
1343220 1765.0
1343230 1761.2
1343240 1758.0
1343250 1758.0
1343260 1754.0
1343270 1750.2
1343280 1750.2
1343290 1748.3
1343300 1746.5
1343310 1746.5
1343320 1744.5
1343330 1740.5
1343340 1740.5
1343350 1739.6
1343360 1738.6
1343370 1736.7
1343380 1736.7
1343390 1733.9
1343400 1731.5
1343410 1731.5
1343420 1729.0
1343430 1726.1
1343440 1726.1
1343450 1723.5
1343460 1721.0
1343470 1721.0
1343480 1718.2
1343490 1715.2
1343500 1715.2
1343510 1711.6
1343520 1709.0
1343530 1709.0
1343540 1707.2
1343550 1705.0
1343560 1705.0
1343570 1701.0
1343580 1697.7
1343590 1697.7
1343600 1695.0
1343610 1691.8
1343620 1691.8
1343630 1688.2
1343640 1685.2
1343650 1682.2
1343660 1682.2
1343670 1679.0
1343680 1675.1
1343690 1675.1
1343700 1670.8
1343710 1665.1
1343720 1665.1
1343730 1656.2
1343740 1646.0
1343750 1646.0
1343760 1636.6
1343770 1628.4
1343780 1628.4
1343790 1622.5
1343800 1617.6
1343810 1617.6
1343820 1613.6
1343830 1610.7
1343840 1610.7
1343850 1608.2
1343860 1605.6
1343870 1605.6
1343880 1602.9
1343890 1598.4
1343900 1598.4
1343910 1594.0
1343920 1589.8
1343930 1585.2
1343940 1585.2
1343950 1581.8
1343960 1578.2
1343970 1578.2
1343980 1573.8
1343990 1568.6
1344000 1568.6
1344010 1562.7
1344020 1557.2
1344030 1557.2
1344040 1551.6
1344050 1546.4
1344060 1546.4
1344070 1540.6
1344080 1533.0
1344090 1533.0
1344100 1523.3
1344110 1514.0
1344120 1514.0
1344130 1504.8
1344140 1497.8
1344150 1497.8
1344160 1491.7
1344170 1486.3
1344180 1486.3
1344190 1480.8
1344200 1475.7
1344210 1471.0
1344220 1471.0
1344230 1462.1
1344240 1457.6
1344250 1457.6
1344260 1453.9
1344270 1449.7
1344280 1449.7
1344290 1444.6
1344300 1439.4
1344310 1439.4
1344320 1434.9
1344330 1431.1
1344340 1431.1
1344350 1426.7
1344360 1420.2
1344370 1420.2
1344380 1413.1
1344390 1406.0
1344400 1406.0
1344410 1399.8
1344420 1394.7
1344430 1394.7
1344440 1389.2
1344450 1384.1
1344460 1379.1
1344470 1379.1
1344480 1375.0
1344490 1372.4
1344500 1372.4
1344510 1369.8
1344520 1367.4
1344530 1367.4
1344540 1365.6
1344550 1362.1
1344560 1362.1
1344570 1356.0
1344580 1350.4
1344590 1350.4
1344600 1346.4
1344610 1343.5
1344620 1343.5
1344630 1340.7
1344640 1337.1
1344650 1337.1
1344660 1333.2
1344670 1328.5
1344680 1328.5
1344690 1324.2
1344700 1321.6
1344710 1321.6
1344720 1317.0
1344730 1311.4
1344740 1305.8
1344750 1305.8
1344760 1299.9
1344770 1293.6
1344780 1293.6
1344790 1287.4
1344800 1281.9
1344810 1281.9
1344820 1277.1
1344830 1272.5
1344840 1272.5
1344850 1268.0
1344860 1263.6
1344870 1263.6
1344880 1258.4
1344890 1251.4
1344900 1251.4
1344910 1243.7
1344920 1234.7
1344930 1234.7
1344940 1227.4
1344950 1222.5
1344960 1222.5
1344970 1217.8
1344980 1214.5
1344990 1214.5
1345000 1211.2
1345010 1207.3
1345020 1203.2
1345030 1203.2
1345040 1198.8
1345050 1193.3
1345060 1193.3
1345070 1187.3
1345080 1181.1
1345090 1181.1
1345100 1175.5
1345110 1170.5
1345120 1170.5
1345130 1166.2
1345140 1159.7
1345150 1159.7
1345160 1156.0
1345170 1152.4
1345180 1152.4
1345190 1149.3
1345200 1145.9
1345210 1145.9
1345220 1142.1
1345230 1139.5
1345240 1139.5
1345250 1138.0
1345260 1135.6
1345270 1135.6
1345280 1132.1
1345290 1127.4
1345300 1120.2
1345310 1120.2
1345320 1111.5
1345330 1104.0
1345340 1104.0
1345350 1098.8
1345360 1096.6
1345370 1096.6
1345380 1096.4
1345390 1096.0
1345400 1096.0
1345410 1094.3
1345420 1093.7
1345430 1093.7
1345440 1092.2
1345450 1094.1
1345460 1094.1
1345470 1100.5
1345480 1108.2
1345490 1108.2
1345500 1112.7
1345510 1115.6
1345520 1115.6
1345530 1118.1
1345540 1121.9
1345550 1121.9
1345560 1126.7
1345570 1131.7
1345580 1136.0
1345590 1136.0
1345600 1140.2
1345610 1143.2
1345620 1143.2
1345630 1144.3
1345640 1146.2
1345650 1146.2
1345660 1149.5
1345670 1154.1
1345680 1154.1
1345690 1158.5
1345700 1161.9
1345710 1161.9
1345720 1165.1
1345730 1168.2
1345740 1168.2
1345750 1171.3
1345760 1174.0
1345770 1174.0
1345780 1176.8
1345790 1180.2
1345800 1180.2
1345810 1185.0
1345820 1190.1
1345830 1190.1
1345840 1194.9
1345850 1199.6
1345860 1205.1
1345870 1205.1
1345880 1211.6
1345890 1217.8
1345900 1217.8
1345910 1223.7
1345920 1228.4
1345930 1228.4
1345940 1232.4
1345950 1236.3
1345960 1236.3
1345970 1240.2
1345980 1243.8
1345990 1243.8
1346000 1247.1
1346010 1250.6
1346020 1250.6
1346030 1253.9
1346040 1257.4
1346050 1257.4
1346060 1265.3
1346070 1269.0
1346080 1269.0
1346090 1273.5
1346100 1278.5
1346110 1278.5
1346120 1283.0
1346130 1286.9
1346140 1291.0
1346150 1291.0
1346160 1296.8
1346170 1301.8
1346180 1301.8
1346190 1305.4
1346200 1308.8
1346210 1308.8
1346220 1312.6
1346230 1316.9
1346240 1316.9
1346250 1321.3
1346260 1326.1
1346270 1326.1
1346280 1331.7
1346290 1336.7
1346300 1336.7
1346310 1342.2
1346320 1348.4
1346330 1348.4
1346340 1353.9
1346350 1358.2
1346360 1358.2
1346370 1362.0
1346380 1365.7
1346390 1365.7
1346400 1370.3
1346410 1376.8
1346420 1382.9
1346430 1382.9
1346440 1388.6
1346450 1394.5
1346460 1394.5
1346470 1400.1
1346480 1405.4
1346490 1405.4
1346500 1409.9
1346510 1414.1
1346520 1414.1
1346530 1418.4
1346540 1422.4
1346550 1422.4
1346560 1425.9
1346570 1429.5
1346580 1429.5
1346590 1432.7
1346600 1435.4
1346610 1435.4
1346620 1437.7
1346630 1438.9
1346640 1438.9
1346650 1439.2
1346660 1439.7
1346670 1439.7
1346680 1440.7
1346690 1439.1
1346700 1438.2
1346710 1438.2
1346720 1442.5
1346730 1440.3
1346740 1440.3
1346750 1437.6
1346760 1434.1
1346770 1434.1
1346780 1432.6
1346790 1434.8
1346800 1434.8
1346810 1441.8
1346820 1451.7
1346830 1451.7
1346840 1460.2
1346850 1466.8
1346860 1466.8
1346870 1473.5
1346880 1479.2
1346890 1479.2
1346900 1486.1
1346910 1492.3
1346920 1492.3
1346930 1501.0
1346940 1507.3
1346950 1507.3
1346960 1511.4
1346970 1516.6
1346980 1526.4
1346990 1526.4
1347000 1532.6
1347010 1538.9
1347020 1538.9
1347030 1545.8
1347040 1553.1
1347050 1553.1
1347060 1560.0
1347070 1566.5
1347080 1566.5
1347090 1572.2
1347100 1576.9
1347110 1576.9
1347120 1581.9
1347130 1586.2
1347140 1586.2
1347150 1590.2
1347160 1594.3
1347170 1594.3
1347180 1598.7
1347190 1602.7
1347200 1602.7
1347210 1605.8
1347220 1607.2
1347230 1607.2
1347240 1605.7
1347250 1603.7
1347260 1602.4
1347270 1602.4
1347280 1601.2
1347290 1600.4
1347300 1600.4
1347310 1600.4
1347320 1600.3
1347330 1600.3
1347340 1600.6
1347350 1601.0
1347360 1601.0
1347370 1601.5
1347380 1603.1
1347390 1603.1
1347400 1606.1
1347410 1607.4
1347420 1607.4
1347430 1608.2
1347440 1609.9
1347450 1609.9
1347460 1609.9
1347470 1608.3
1347480 1608.3
1347490 1606.5
1347500 1608.4
1347510 1608.4
1347520 1609.4
1347530 1611.6
1347540 1612.9
1347550 1612.9
1347560 1617.2
1347570 1624.5
1347580 1624.5
1347590 1633.4
1347600 1642.1
1347610 1642.1
1347620 1649.6
1347630 1652.7
1347640 1652.7
1347650 1653.6
1347660 1654.4
1347670 1654.4
1347680 1655.2
1347690 1656.8
1347700 1656.8
1347710 1660.2
1347720 1663.4
1347730 1663.4
1347740 1664.8
1347750 1664.1
1347760 1664.1
1347770 1665.8
1347780 1670.1
1347790 1670.1
1347800 1675.8
1347810 1681.5
1347820 1686.7
1347830 1686.7
1347840 1690.4
1347850 1694.1
1347860 1694.1
1347870 1698.4
1347880 1703.7
1347890 1703.7
1347900 1710.4
1347910 1719.2
1347920 1719.2
1347930 1725.9
1347940 1732.4
1347950 1732.4
1347960 1738.0
1347970 1742.6
1347980 1742.6
1347990 1746.4
1348000 1747.3
1348010 1747.3
1348020 1747.4
1348030 1746.9
1348040 1746.9
1348050 1747.6
1348060 1749.9
1348070 1749.9
1348080 1751.9
1348090 1752.6
1348100 1752.3
1348110 1752.3
1348120 1754.7
1348130 1757.7
1348140 1757.7
1348150 1759.3
1348160 1761.6
1348170 1761.6
1348180 1764.1
1348190 1765.6
1348200 1765.6
1348210 1768.2
1348220 1770.0
1348230 1770.0
1348240 1770.5
1348250 1771.7
1348260 1771.7
1348270 1774.6
1348280 1776.7
1348290 1776.7
1348300 1777.3
1348310 1777.7
1348320 1777.7
1348330 1780.1
1348340 1785.5
1348350 1785.5
1348360 1790.1
1348370 1794.1
1348380 1798.4
1348390 1798.4
1348400 1802.2
1348410 1806.0
1348420 1806.0
1348430 1810.5
1348440 1814.5
1348450 1814.5
1348460 1818.7
1348470 1823.7
1348480 1823.7
1348490 1828.5
1348500 1833.9
1348510 1833.9
1348520 1839.4
1348530 1845.4
1348540 1845.4
1348550 1850.9
1348560 1855.9
1348570 1855.9
1348580 1860.5
1348590 1863.8
1348600 1863.8
1348610 1868.0
1348620 1872.3
1348630 1872.3
1348640 1876.8
1348650 1881.6
1348660 1885.3
1348670 1885.3
1348680 1889.2
1348690 1893.2
1348700 1893.2
1348710 1896.4
1348720 1898.3
1348730 1898.3
1348740 1898.2
1348750 1896.8
1348760 1896.8
1348770 1896.4
1348780 1896.1
1348790 1896.1
1348800 1896.3
1348810 1896.8
1348820 1896.8
1348830 1897.2
1348840 1903.7
1348850 1903.7
1348860 1904.9
1348870 1907.6
1348880 1907.6
1348890 1911.1
1348900 1913.9
1348910 1913.9
1348920 1916.8
1348930 1920.7
1348940 1924.9
1348950 1924.9
1348960 1929.5
1348970 1934.5
1348980 1934.5
1348990 1939.9
1349000 1943.6
1349010 1943.6
1349020 1946.6
1349030 1950.6
1349040 1950.6
1349050 1954.9
1349060 1959.6
1349070 1959.6
1349080 1964.8
1349090 1970.7
1349100 1970.7
1349110 1976.6
1349120 1982.5
1349130 1982.5
1349140 1987.2
1349150 1990.3
1349160 1990.3
1349170 1992.9
1349180 1994.4
1349190 1994.4
1349200 1997.0
1349210 1998.1
1349220 1998.1
1349230 1998.1
1349240 1996.4
1349250 1992.2
1349260 1992.2
1349270 1987.4
1349280 1982.0
1349290 1982.0
1349300 1976.1
1349310 1970.8
1349320 1970.8
1349330 1965.5
1349340 1961.4
1349350 1961.4
1349360 1958.9
1349370 1958.9
1349380 1958.9
1349390 1961.7
1349400 1965.5
1349410 1965.5
1349420 1969.0
1349430 1970.8
1349440 1970.8
1349450 1973.2
1349460 1977.7
1349470 1977.7
1349480 1979.4
1349490 1978.4
1349500 1977.0
1349510 1977.0
1349520 1975.9
1349530 1975.1
1349540 1975.1
1349550 1974.7
1349560 1973.9
1349570 1973.9
1349580 1972.7
1349590 1972.8
1349600 1972.8
1349610 1974.2
1349620 1976.4
1349630 1976.4
1349640 1978.2
1349650 1980.1
1349660 1980.1
1349670 1983.0
1349680 1985.6
1349690 1985.6
1349700 1989.0
1349710 1992.0
1349720 1992.0
1349730 1993.7
1349740 1994.3
1349750 1994.3
1349760 1994.1
1349770 1993.4
1349780 1995.2
1349790 1995.2
1349800 1994.3
1349810 1992.8
1349820 1992.8
1349830 1990.1
1349840 1986.5
1349850 1986.5
1349860 1982.2
1349870 1976.9
1349880 1976.9
1349890 1970.5
1349900 1965.2
1349910 1965.2
1349920 1960.9
1349930 1958.4
1349940 1958.4
1349950 1957.7
1349960 1957.2
1349970 1957.2
1349980 1955.1
1349990 1952.9
1350000 1952.9
1350010 1951.9
1350020 1950.0
1350030 1950.0
1350040 1949.5
1350050 1950.4
1350060 1947.9
1350070 1947.9
1350080 1943.0
1350090 1937.4
1350100 1937.4
1350110 1930.9
1350120 1924.0
1350130 1924.0
1350140 1917.9
1350150 1910.0
1350160 1910.0
1350170 1904.1
1350180 1899.5
1350190 1899.5
1350200 1895.0
1350210 1890.8
1350220 1890.8
1350230 1886.7
1350240 1882.6
1350250 1882.6
1350260 1878.7
1350270 1875.7
1350280 1875.7
1350290 1873.4
1350300 1871.4
1350310 1871.4
1350320 1869.2
1350330 1868.0
1350340 1867.3
1350350 1867.3
1350360 1867.3
1350370 1868.8
1350380 1868.8
1350390 1869.6
1350400 1869.7
1350410 1869.7
1350420 1869.5
1350430 1870.5
1350440 1870.5
1350450 1870.2
1350460 1867.8
1350470 1867.8
1350480 1864.6
1350490 1861.3
1350500 1861.3
1350510 1857.1
1350520 1852.1
1350530 1852.1
1350540 1847.2
1350550 1842.4
1350560 1842.4
1350570 1838.0
1350580 1833.6
1350590 1833.6
1350600 1828.1
1350610 1822.6
1350620 1816.9
1350630 1816.9
1350640 1813.2
1350650 1811.1
1350660 1811.1
1350670 1809.1
1350680 1807.5
1350690 1807.5
1350700 1805.0
1350710 1802.1
1350720 1802.1
1350730 1799.7
1350740 1797.5
1350750 1797.5
1350760 1795.4
1350770 1793.1
1350780 1793.1
1350790 1789.7
1350800 1787.9
1350810 1787.9
1350820 1786.7
1350830 1783.5
1350840 1783.5
1350850 1778.4
1350860 1772.3
1350870 1772.3
1350880 1767.9
1350890 1763.8
1350900 1759.8
1350910 1759.8
1350920 1756.4
1350930 1752.8
1350940 1752.8
1350950 1750.1
1350960 1746.7
1350970 1746.7
1350980 1742.7
1350990 1739.6
1351000 1739.6
1351010 1737.0
1351020 1734.6
1351030 1734.6
1351040 1732.4
1351050 1729.4
1351060 1729.4
1351070 1726.2
1351080 1723.6
1351090 1723.6
1351100 1719.9
1351110 1716.8
1351120 1716.8
1351130 1713.3
1351140 1710.5
1351150 1710.5
1351160 1708.3
1351170 1704.6
1351180 1701.8
1351190 1701.8
1351200 1699.3
1351210 1696.9
1351220 1696.9
1351230 1694.0
1351240 1692.6
1351250 1692.6
1351260 1691.9
1351270 1690.0
1351280 1690.0
1351290 1686.6
1351300 1682.0
1351310 1682.0
1351320 1677.9
1351330 1674.8
1351340 1674.8
1351350 1673.1
1351360 1671.7
1351370 1671.7
1351380 1670.5
1351390 1668.5
1351400 1668.5
1351410 1665.8
1351420 1663.8
1351430 1663.8
1351440 1661.3
1351450 1657.8
1351460 1653.0
1351470 1653.0
1351480 1646.7
1351490 1642.0
1351500 1642.0
1351510 1639.4
1351520 1637.3
1351530 1637.3
1351540 1633.9
1351550 1629.3
1351560 1629.3
1351570 1625.3
1351580 1621.7
1351590 1621.7
1351600 1619.9
1351610 1616.6
1351620 1616.6
1351630 1614.8
1351640 1612.4
1351650 1612.4
1351660 1608.6
1351670 1604.7
1351680 1604.7
1351690 1601.4
1351700 1598.0
1351710 1598.0
1351720 1593.9
1351730 1589.5
1351740 1584.0
1351750 1584.0
1351760 1578.0
1351770 1570.3
1351780 1570.3
1351790 1561.8
1351800 1551.9
1351810 1551.9
1351820 1542.8
1351830 1532.1
1351840 1532.1
1351850 1521.2
1351860 1512.8
1351870 1512.8
1351880 1502.8
1351890 1494.2
1351900 1494.2
1351910 1486.5
1351920 1474.3
1351930 1474.3
1351940 1462.6
1351950 1453.6
1351960 1453.6
1351970 1443.8
1351980 1430.9
1351990 1430.9
1352000 1418.0
1352010 1406.9
1352020 1396.1
1352030 1396.1
1352040 1386.2
1352050 1378.5
1352060 1378.5
1352070 1373.6
1352080 1368.7
1352090 1368.7
1352100 1362.4
1352110 1353.8
1352120 1353.8
1352130 1345.2
1352140 1337.9
1352150 1337.9
1352160 1330.5
1352170 1322.8
1352180 1322.8
1352190 1315.6
1352200 1309.1
1352210 1309.1
1352220 1303.5
1352230 1298.1
1352240 1298.1
1352250 1292.3
1352260 1286.7
1352270 1286.7
1352280 1281.6
1352290 1277.0
1352300 1272.4
1352310 1272.4
1352320 1267.9
1352330 1263.4
1352340 1263.4
1352350 1259.9
1352360 1256.3
1352370 1256.3
1352380 1252.9
1352390 1249.5
1352400 1249.5
1352410 1246.1
1352420 1242.5
1352430 1242.5
1352440 1238.6
1352450 1234.1
1352460 1234.1
1352470 1229.2
1352480 1224.0
1352490 1224.0
1352500 1218.8
1352510 1213.7
1352520 1213.7
1352530 1208.3
1352540 1202.4
1352550 1202.4
1352560 1196.6
1352570 1190.8
1352580 1185.1
1352590 1185.1
1352600 1180.0
1352610 1174.6
1352620 1174.6
1352630 1169.5
1352640 1164.2
1352650 1165.4
1352660 1160.1
1352670 1154.9
1352680 1154.9
1352690 1149.7
1352700 1145.0
1352710 1145.0
1352720 1140.8
1352730 1136.9
1352740 1136.9
1352750 1132.2
1352760 1128.2
1352770 1128.2
1352780 1123.3
1352790 1117.2
1352800 1117.2
1352810 1111.0
1352820 1104.8
1352830 1104.8
1352840 1100.7
1352850 1100.3
1352860 1099.3
1352870 1099.3
1352880 1098.2
1352890 1096.7
1352900 1096.7
1352910 1095.1
1352920 1093.8
1352930 1093.8
1352940 1091.6
1352950 1091.0
1352960 1091.0
1352970 1091.2
1352980 1091.3
1352990 1091.3
1353000 1090.9
1353010 1090.3
1353020 1090.3
1353030 1091.0
1353040 1092.0
1353050 1092.0
1353060 1096.8
1353070 1104.1
1353080 1104.1
1353090 1111.2
1353100 1116.8
1353110 1116.8
1353120 1121.2
1353130 1125.1
1353140 1129.1
1353150 1129.1
1353160 1134.4
1353170 1138.5
1353180 1138.5
1353190 1141.5
1353200 1145.7
1353210 1145.7
1353220 1151.0
1353230 1157.3
1353240 1157.3
1353250 1164.0
1353260 1169.8
1353270 1169.8
1353280 1177.1
1353290 1184.5
1353300 1184.5
1353310 1191.5
1353320 1200.5
1353330 1200.5
1353340 1209.9
1353350 1219.6
1353360 1219.6
1353370 1230.4
1353380 1237.8
1353390 1237.8
1353400 1244.6
1353410 1250.5
1353420 1254.5
1353430 1254.5
1353440 1256.6
1353450 1258.6
1353460 1258.6
1353470 1262.1
1353480 1266.2
1353490 1266.2
1353500 1269.1
1353510 1271.1
1353520 1271.1
1353530 1274.0
1353540 1281.0
1353550 1281.0
1353560 1288.6
1353570 1296.1
1353580 1296.1
1353590 1303.6
1353600 1310.5
1353610 1310.5
1353620 1316.4
1353630 1321.8
1353640 1321.8
1353650 1327.0
1353660 1332.4
1353670 1332.4
1353680 1337.5
1353690 1341.9
1353700 1344.3
1353710 1344.3
1353720 1346.1
1353730 1347.6
1353740 1347.6
1353750 1349.1
1353760 1349.5
1353770 1349.5
1353780 1350.2
1353790 1355.1
1353800 1355.1
1353810 1358.5
1353820 1362.2
1353830 1362.2
1353840 1367.4
1353850 1371.5
1353860 1371.5
1353870 1375.4
1353880 1380.3
1353890 1380.3
1353900 1385.6
1353910 1393.8
1353920 1393.8
1353930 1400.8
1353940 1405.2
1353950 1405.2
1353960 1408.9
1353970 1413.3
1353980 1418.3
1353990 1418.3
1354000 1423.4
1354010 1429.3
1354020 1429.3
1354030 1435.5
1354040 1440.9
1354050 1440.9
1354060 1445.5
1354070 1450.7
1354080 1450.7
1354090 1455.9
1354100 1461.4
1354110 1461.4
1354120 1467.2
1354130 1472.9
1354140 1472.9
1354150 1478.1
1354160 1483.4
1354170 1483.4
1354180 1489.5
1354190 1495.0
1354200 1495.0
1354210 1499.6
1354220 1503.4
1354230 1503.4
1354240 1507.1
1354250 1509.6
1354260 1511.7
1354270 1511.7
1354280 1513.9
1354290 1516.1
1354300 1516.1
1354310 1518.3
1354320 1521.1
1354330 1521.1
1354340 1524.3
1354350 1529.3
1354360 1529.3
1354370 1533.1
1354380 1534.0
1354390 1534.0
1354400 1534.5
1354410 1538.8
1354420 1538.8
1354430 1544.2
1354440 1549.7
1354450 1549.7
1354460 1555.9
1354470 1561.0
1354480 1561.0
1354490 1566.1
1354500 1571.2
1354510 1571.2
1354520 1576.3
1354530 1581.2
1354540 1586.0
1354550 1586.0
1354560 1590.3
1354570 1594.4
1354580 1594.4
1354590 1598.5
1354600 1600.9
1354610 1600.9
1354620 1605.0
1354630 1609.7
1354640 1609.7
1354650 1613.6
1354660 1617.2
1354670 1617.2
1354680 1622.0
1354690 1627.2
1354700 1627.2
1354710 1631.7
1354720 1635.2
1354730 1635.2
1354740 1637.6
1354750 1637.7
1354760 1637.7
1354770 1639.0
1354780 1643.2
1354790 1643.2
1354800 1646.7
1354810 1650.6
1354820 1654.7
1354830 1654.7
1354840 1660.4
1354850 1666.5
1354860 1666.5
1354870 1672.0
1354880 1676.1
1354890 1676.1
1354900 1679.9
1354910 1683.7
1354920 1683.7
1354930 1686.1
1354940 1688.1
1354950 1688.1
1354960 1690.6
1354970 1693.7
1354980 1693.7
1354990 1695.7
1355000 1696.6
1355010 1696.6
1355020 1697.7
1355030 1701.5
1355040 1701.5
1355050 1709.6
1355060 1717.8
1355070 1717.8
1355080 1721.3
1355090 1722.8
1355100 1724.9
1355110 1724.9
1355120 1727.5
1355130 1730.1
1355140 1730.1
1355150 1732.4
1355160 1735.0
1355170 1735.0
1355180 1738.4
1355190 1741.7
1355200 1741.7
1355210 1744.9
1355220 1748.5
1355230 1748.5
1355240 1752.0
1355250 1754.9
1355260 1754.9
1355270 1757.0
1355280 1759.3
1355290 1759.3
1355300 1761.7
1355310 1764.2
1355320 1764.2
1355330 1766.4
1355340 1769.8
1355350 1769.8
1355360 1772.3
1355370 1774.2
1355380 1776.8
1355390 1776.8
1355400 1778.8
1355410 1780.4
1355420 1780.4
1355430 1783.7
1355440 1788.1
1355450 1788.1
1355460 1792.1
1355470 1795.0
1355480 1795.0
1355490 1797.6
1355500 1800.5
1355510 1800.5
1355520 1802.7
1355530 1803.5
1355540 1803.5
1355550 1804.1
1355560 1804.8
1355570 1804.8
1355580 1802.6
1355590 1802.9
1355600 1802.9
1355610 1802.1
1355620 1801.5
1355630 1801.5
1355640 1800.6
1355650 1800.1
1355660 1799.4
1355670 1799.4
1355680 1798.7
1355690 1797.9
1355700 1797.9
1355710 1796.6
1355720 1795.2
1355730 1795.2
1355740 1793.9
1355750 1793.0
1355760 1793.0
1355770 1792.3
1355780 1792.0
1355790 1792.0
1355800 1790.9
1355810 1789.3
1355820 1789.3
1355830 1788.7
1355840 1792.5
1355850 1792.5
1355860 1799.5
1355870 1804.7
1355880 1804.7
1355890 1809.8
1355900 1815.2
1355910 1815.2
1355920 1820.4
1355930 1825.3
1355940 1830.3
1355950 1830.3
1355960 1835.5
1355970 1840.6
1355980 1840.6
1355990 1846.1
1356000 1852.2
1356010 1852.2
1356020 1857.6
1356030 1862.6
1356040 1862.6
1356050 1866.9
1356060 1871.7
1356070 1871.7
1356080 1877.4
1356090 1883.0
1356100 1883.0
1356110 1888.8
1356120 1894.3
1356130 1894.3
1356140 1899.6
1356150 1905.3
1356160 1905.3
1356170 1911.4
1356180 1917.0
1356190 1917.0
1356200 1922.9
1356210 1929.1
1356220 1934.9
1356230 1934.9
1356240 1940.7
1356250 1947.0
1356260 1947.0
1356270 1953.1
1356280 1957.6
1356290 1957.6
1356300 1962.6
1356310 1968.5
1356320 1968.5
1356330 1974.2
1356340 1979.4
1356350 1979.4
1356360 1984.0
1356370 1988.5
1356380 1988.5
1356390 1993.3
1356400 1997.8
1356410 1997.8
1356420 2001.9
1356430 2005.5
1356440 2005.5
1356450 2008.5
1356460 2011.5
1356470 2011.5
1356480 2014.0
1356490 2017.4
1356500 2020.7
1356510 2020.7
1356520 2024.1
1356530 2026.9
1356540 2026.9
1356550 2029.0
1356560 2031.6
1356570 2031.6
1356580 2029.2
1356590 2029.5
1356600 2029.5
1356610 2029.8
1356620 2031.9
1356630 2031.9
1356640 2037.4
1356650 2043.9
1356660 2043.9
1356670 2049.4
1356680 2053.3
1356690 2053.3
1356700 2056.8
1356710 2059.8
1356720 2059.8
1356730 2062.1
1356740 2063.9
1356750 2063.9
1356760 2065.2
1356770 2066.8
1356780 2067.9
1356790 2067.9
1356800 2068.9
1356810 2071.2
1356820 2071.2
1356830 2075.3
1356840 2079.0
1356850 2079.0
1356860 2082.6
1356870 2086.0
1356880 2086.0
1356890 2089.1
1356900 2091.3
1356910 2091.3
1356920 2092.6
1356930 2094.1
1356940 2094.1
1356950 2096.3
1356960 2098.5
1356970 2098.5
1356980 2100.4
1356990 2102.3
1357000 2102.3
1357010 2104.6
1357020 2108.9
1357030 2108.9
1357040 2113.7
1357050 2117.7
1357060 2121.8
1357070 2121.8
1357080 2126.9
1357090 2132.2
1357100 2132.2
1357110 2135.8
1357120 2138.7
1357130 2138.7
1357140 2143.3
1357150 2147.6
1357160 2147.6
1357170 2150.0
1357180 2147.9
1357190 2147.9
1357200 2141.6
1357210 2134.4
1357220 2134.4
1357230 2126.8
1357240 2118.7
1357250 2118.7
1357260 2111.3
1357270 2103.7
1357280 2103.7
1357290 2096.2
1357300 2088.7
1357310 2088.7
1357320 2081.1
1357330 2073.9
1357340 2065.9
1357350 2065.9
1357360 2058.7
1357370 2053.4
1357380 2053.4
1357390 2048.7
1357400 2044.0
1357410 2044.0
1357420 2040.2
1357430 2037.0
1357440 2037.0
1357450 2035.1
1357460 2032.0
1357470 2032.0
1357480 2029.4
1357490 2026.1
1357500 2026.1
1357510 2024.6
1357520 2023.3
1357530 2023.3
1357540 2022.1
1357550 2021.2
1357560 2021.2
1357570 2020.5
1357580 2013.3
1357590 2013.3
1357600 2014.0
1357610 2014.7
1357620 2014.6
1357630 2014.6
1357640 2013.6
1357650 2012.2
1357660 2012.2
1357670 2009.9
1357680 2005.8
1357690 2005.8
1357700 2001.0
1357710 1996.7
1357720 1996.7
1357730 1992.7
1357740 1989.3
1357750 1989.3
1357760 1986.3
1357770 1983.0
1357780 1983.0
1357790 1978.8
1357800 1973.8
1357810 1973.8
1357820 1968.6
1357830 1964.0
1357840 1964.0
1357850 1960.1
1357860 1956.2
1357870 1956.2
1357880 1953.8
1357890 1954.1
1357900 1955.1
1357910 1955.1
1357920 1952.4
1357930 1947.0
1357940 1947.0
1357950 1940.8
1357960 1935.6
1357970 1935.6
1357980 1933.5
1357990 1931.6
1358000 1931.6
1358010 1927.9
1358020 1922.9
1358030 1922.9
1358040 1915.6
1358050 1903.7
1358060 1903.7
1358070 1894.2
1358080 1887.0
1358090 1887.0
1358100 1880.8
1358110 1875.6
1358120 1875.6
1358130 1871.9
1358140 1870.4
1358150 1870.4
1358160 1869.6
1358170 1868.3
1358180 1867.2
1358190 1867.2
1358200 1864.0
1358210 1861.2
1358220 1861.2
1358230 1860.9
1358240 1860.6
1358250 1860.6
1358260 1857.3
1358270 1852.5
1358280 1852.5
1358290 1848.4
1358300 1844.5
1358310 1844.5
1358320 1839.9
1358330 1836.3
1358340 1836.3
1358350 1833.6
1358360 1830.9
1358370 1830.9
1358380 1826.0
1358390 1820.4
1358400 1820.4
1358410 1815.6
1358420 1811.1
1358430 1811.1
1358440 1806.9
1358450 1803.2
1358460 1799.0
1358470 1799.0
1358480 1794.9
1358490 1791.6
1358500 1791.6
1358510 1789.2
1358520 1787.8
1358530 1787.8
1358540 1785.4
1358550 1782.6
1358560 1782.6
1358570 1779.8
1358580 1775.8
1358590 1774.9
1358600 1769.6
1358610 1764.4
1358620 1764.4
1358630 1759.8
1358640 1756.4
1358650 1756.4
1358660 1753.4
1358670 1750.4
1358680 1750.4
1358690 1748.9
1358700 1748.7
1358710 1748.7
1358720 1748.5
1358730 1745.9
1358740 1740.5
1358750 1740.5
1358760 1735.1
1358770 1730.0
1358780 1730.0
1358790 1723.6
1358800 1716.5
1358810 1716.5
1358820 1709.4
1358830 1704.8
1358840 1704.8
1358850 1701.2
1358860 1696.1
1358870 1696.1
1358880 1690.7
1358890 1685.9
1358900 1685.9
1358910 1680.4
1358920 1674.7
1358930 1674.7
1358940 1669.7
1358950 1665.5
1358960 1665.5
1358970 1661.9
1358980 1658.6
1358990 1658.6
1359000 1655.2
1359010 1651.7
1359020 1648.2
1359030 1648.2
1359040 1642.9
1359050 1635.4
1359060 1635.4
1359070 1628.0
1359080 1621.2
1359090 1621.2
1359100 1615.7
1359110 1611.8
1359120 1611.8
1359130 1608.4
1359140 1605.9
1359150 1605.9
1359160 1606.4
1359170 1604.9
1359180 1604.9
1359190 1601.1
1359200 1598.2
1359210 1598.2
1359220 1597.1
1359230 1595.7
1359240 1595.7
1359250 1593.5
1359260 1591.5
1359270 1591.5
1359280 1589.2
1359290 1586.4
1359300 1583.3
1359310 1583.3
1359320 1579.7
1359330 1575.4
1359340 1575.4
1359350 1570.8
1359360 1566.2
1359370 1566.2
1359380 1561.8
1359390 1558.1
1359400 1558.1
1359410 1554.8
1359420 1552.1
1359430 1552.1
1359440 1549.2
1359450 1545.5
1359460 1545.5
1359470 1541.8
1359480 1538.3
1359490 1538.3
1359500 1533.9
1359510 1528.2
1359520 1528.2
1359530 1524.1
1359540 1521.6
1359550 1521.6
1359560 1517.4
1359570 1512.3
1359580 1506.4
1359590 1506.4
1359600 1496.9
1359610 1493.0
1359620 1493.0
1359630 1490.7
1359640 1488.5
1359650 1488.5
1359660 1485.6
1359670 1482.4
1359680 1482.4
1359690 1480.0
1359700 1476.0
1359710 1476.0
1359720 1470.6
1359730 1465.4
1359740 1465.4
1359750 1460.7
1359760 1456.1
1359770 1456.1
1359780 1451.3
1359790 1446.4
1359800 1446.4
1359810 1442.0
1359820 1437.2
1359830 1437.2
1359840 1432.9
1359850 1429.2
1359860 1425.7
1359870 1425.7
1359880 1421.4
1359890 1417.1
1359900 1417.1
1359910 1413.0
1359920 1408.5
1359930 1408.5
1359940 1403.1
1359950 1398.2
1359960 1398.2
1359970 1393.8
1359980 1390.0
1359990 1390.0
