1340000 1796.9
1340010 1794.9
1340020 1794.9
1340030 1791.6
1340040 1786.6
1340050 1786.6
1340060 1781.2
1340070 1775.4
1340080 1775.4
1340090 1768.8
1340100 1762.7
1340110 1762.7
1340120 1757.2
1340130 1753.0
1340140 1753.0
1340150 1751.3
1340160 1749.0
1340170 1743.9
1340180 1743.9
1340190 1739.2
1340200 1735.4
1340210 1732.2
1340220 1728.1
1340230 1723.7
1340240 1723.7
1340250 1719.1
1340260 1715.5
1340270 1715.5
1340280 1713.0
1340290 1711.6
1340300 1711.6
1340310 1710.5
1340320 1708.7
1340330 1708.7
1340340 1705.8
1340350 1702.8
1340360 1702.8
1340370 1699.9
1340380 1697.0
1340390 1697.0
1340400 1694.6
1340410 1691.9
1340420 1691.9
1340430 1688.9
1340440 1686.1
1340450 1682.8
1340460 1682.8
1340470 1678.8
1340480 1674.6
1340490 1674.6
1340500 1669.8
1340510 1664.8
1340520 1664.8
1340530 1659.5
1340540 1653.8
1340550 1653.8
1340560 1648.1
1340570 1641.7
1340580 1641.7
1340590 1634.6
1340600 1626.7
1340610 1626.7
1340620 1618.6
1340630 1611.0
1340640 1611.0
1340650 1603.5
1340660 1596.1
1340670 1596.1
1340680 1588.5
1340690 1582.4
1340700 1582.4
1340710 1576.3
1340720 1570.6
1340730 1565.7
1340740 1565.7
1340750 1560.2
1340760 1554.1
1340770 1554.1
1340780 1548.5
1340790 1542.5
1340800 1542.5
1340810 1536.1
1340820 1529.6
1340830 1529.6
1340840 1523.6
1340850 1517.7
1340860 1517.7
1340870 1512.0
1340880 1506.2
1340890 1506.2
1340900 1499.9
1340910 1493.0
1340920 1493.0
1340930 1486.2
1340940 1478.6
1340950 1478.6
1340960 1470.6
1340970 1462.2
1340980 1462.2
1340990 1453.6
1341000 1444.8
1341010 1435.9
1341020 1435.9
1341030 1427.5
1341040 1419.1
1341050 1419.1
1341060 1410.9
1341070 1403.2
1341080 1403.2
1341090 1395.5
1341100 1388.5
1341110 1388.5
1341120 1381.7
1341130 1374.7
1341140 1374.7
1341150 1368.3
1341160 1362.5
1341170 1362.5
1341180 1356.8
1341190 1351.7
1341200 1351.7
1341210 1346.6
1341220 1342.1
1341230 1342.1
1341240 1337.4
1341250 1332.8
1341260 1332.8
1341270 1328.3
1341280 1323.8
1341290 1319.2
1341300 1319.2
1341310 1314.6
1341320 1309.5
1341330 1309.5
1341340 1304.5
1341350 1299.6
1341360 1299.6
1341370 1294.8
1341380 1290.3
1341390 1290.3
1341400 1285.9
1341410 1281.7
1341420 1281.7
1341430 1277.8
1341440 1273.7
1341450 1273.7
1341460 1269.7
1341470 1265.5
1341480 1265.5
1341490 1261.2
1341500 1257.5
1341510 1257.5
1341520 1254.2
1341530 1250.6
1341540 1250.6
1341550 1247.1
1341560 1244.9
1341570 1243.0
1341580 1243.0
1341590 1241.5
1341600 1240.2
1341610 1240.2
1341620 1238.8
1341630 1237.7
1341640 1237.7
1341650 1236.5
1341660 1234.9
1341670 1234.9
1341680 1233.1
1341690 1231.3
1341700 1231.3
1341710 1230.4
1341720 1229.4
1341730 1229.4
1341740 1229.8
1341750 1232.0
1341760 1232.0
1341770 1233.4
1341780 1236.4
1341790 1236.4
1341800 1238.8
1341810 1240.7
1341820 1240.7
1341830 1242.5
1341840 1244.3
1341850 1246.3
1341860 1246.3
1341870 1248.8
1341880 1251.0
1341890 1251.0
1341900 1253.0
1341910 1255.1
1341920 1255.1
1341930 1257.2
1341940 1259.6
1341950 1259.6
1341960 1262.2
1341970 1265.0
1341980 1265.0
1341990 1268.3
1342000 1271.1
1342010 1271.1
1342020 1273.9
1342030 1276.9
1342040 1276.9
1342050 1282.1
1342060 1290.7
1342070 1290.7
1342080 1298.4
1342090 1305.3
1342100 1305.3
1342110 1312.8
1342120 1317.0
1342130 1320.2
1342140 1320.2
1342150 1326.0
1342160 1331.1
1342170 1331.1
1342180 1336.2
1342190 1341.6
1342200 1341.6
1342210 1344.1
1342220 1345.7
1342230 1345.7
1342240 1348.9
1342250 1352.6
1342260 1352.6
1342270 1356.1
1342280 1359.5
1342290 1359.5
1342300 1362.8
1342310 1365.9
1342320 1365.9
1342330 1369.3
1342340 1373.6
1342350 1373.6
1342360 1378.3
1342370 1382.4
1342380 1382.4
1342390 1385.7
1342400 1388.8
1342410 1392.2
1342420 1392.2
1342430 1394.8
1342440 1397.8
1342450 1397.8
1342460 1401.1
1342470 1405.0
1342480 1405.0
1342490 1409.4
1342500 1413.7
1342510 1413.7
1342520 1418.4
1342530 1422.4
1342540 1422.4
1342550 1427.8
1342560 1432.2
1342570 1432.2
1342580 1437.7
1342590 1445.9
1342600 1445.9
1342610 1452.2
1342620 1458.4
1342630 1458.4
1342640 1464.9
1342650 1471.5
1342660 1471.5
1342670 1477.2
1342680 1479.9
1342690 1479.9
1342700 1481.6
1342710 1483.7
1342720 1485.7
1342730 1485.7
1342740 1492.1
1342750 1498.8
1342760 1498.8
1342770 1504.3
1342780 1508.3
1342790 1508.3
1342800 1512.0
1342810 1518.5
1342820 1518.5
1342830 1525.9
1342840 1530.2
1342850 1530.2
1342860 1533.9
1342870 1538.3
1342880 1538.3
1342890 1548.5
1342900 1552.7
1342910 1552.7
1342920 1557.0
1342930 1560.5
1342940 1560.5
1342950 1564.1
1342960 1568.2
1342970 1568.2
1342980 1573.1
1342990 1577.2
1343000 1580.5
1343010 1580.5
1343020 1584.9
1343030 1590.3
1343040 1590.3
1343050 1595.4
1343060 1599.2
1343070 1599.2
1343080 1601.7
1343090 1608.1
1343100 1608.1
1343110 1615.9
1343120 1622.4
1343130 1622.4
1343140 1628.2
1343150 1634.3
1343160 1634.3
1343170 1639.4
1343180 1643.8
1343190 1643.8
1343200 1649.4
1343210 1656.3
1343220 1656.3
1343230 1663.4
1343240 1671.1
1343250 1671.1
1343260 1677.7
1343270 1684.7
1343280 1691.2
1343290 1691.2
1343300 1697.7
1343310 1703.7
1343320 1703.7
1343330 1708.3
1343340 1711.6
1343350 1711.6
1343360 1714.6
1343370 1717.3
1343380 1717.3
1343390 1720.6
1343400 1725.3
1343410 1725.3
1343420 1731.2
1343430 1735.7
1343440 1735.7
1343450 1739.4
1343460 1744.6
1343470 1744.6
1343480 1749.8
1343490 1751.8
1343500 1751.8
1343510 1753.1
1343520 1755.9
1343530 1755.9
1343540 1761.5
1343550 1767.9
1343560 1773.9
1343570 1773.9
1343580 1781.3
1343590 1786.7
1343600 1786.7
1343610 1791.2
1343620 1797.1
1343630 1797.1
1343640 1800.3
1343650 1804.2
1343660 1804.2
1343670 1808.2
1343680 1813.4
1343690 1813.4
1343700 1820.6
1343710 1828.8
1343720 1828.8
1343730 1836.8
1343740 1840.2
1343750 1840.2
1343760 1840.2
1343770 1839.1
1343780 1839.1
1343790 1838.7
1343800 1836.8
1343810 1836.8
1343820 1834.2
1343830 1832.6
1343840 1832.4
1343850 1832.4
1343860 1833.9
1343870 1833.2
1343880 1833.2
1343890 1831.0
1343900 1825.7
1343910 1825.7
1343920 1819.2
1343930 1813.4
1343940 1813.4
1343950 1807.5
1343960 1801.7
1343970 1801.7
1343980 1796.1
1343990 1789.8
1344000 1789.8
1344010 1783.3
1344020 1778.1
1344030 1778.1
1344040 1775.0
1344050 1768.9
1344060 1768.9
1344070 1762.5
1344080 1757.7
1344090 1757.7
1344100 1753.9
1344110 1750.4
1344120 1746.2
1344130 1746.2
1344140 1741.6
1344150 1736.7
1344160 1736.7
1344170 1732.7
1344180 1728.7
1344190 1728.7
1344200 1723.6
1344210 1717.8
1344220 1717.8
1344230 1711.9
1344240 1707.4
1344250 1707.4
1344260 1703.9
1344270 1698.5
1344280 1698.5
1344290 1692.5
1344300 1686.4
1344310 1686.4
1344320 1682.1
1344330 1680.9
1344340 1680.9
1344350 1680.0
1344360 1677.4
1344370 1677.4
1344380 1672.7
1344390 1665.3
1344400 1657.0
1344410 1657.0
1344420 1651.5
1344430 1648.0
1344440 1648.0
1344450 1644.2
1344460 1636.8
1344470 1636.8
1344480 1629.0
1344490 1622.1
1344500 1622.1
1344510 1617.8
1344520 1614.9
1344530 1614.9
1344540 1611.9
1344550 1608.5
1344560 1608.5
1344570 1604.5
1344580 1600.3
1344590 1600.3
1344600 1596.9
1344610 1593.0
1344620 1593.0
1344630 1589.4
1344640 1586.5
1344650 1586.5
1344660 1583.3
1344670 1579.8
1344680 1576.1
1344690 1576.1
1344700 1571.2
1344710 1568.7
1344720 1568.7
1344730 1565.8
1344740 1562.8
1344750 1562.8
1344760 1559.8
1344770 1557.0
1344780 1557.0
1344790 1553.7
1344800 1549.7
1344810 1549.7
1344820 1544.9
1344830 1539.9
1344840 1539.9
1344850 1533.8
1344860 1527.2
1344870 1527.2
1344880 1520.0
1344890 1512.4
1344900 1512.4
1344910 1507.2
1344920 1504.8
1344930 1504.8
1344940 1502.2
1344950 1500.2
1344960 1498.2
1344970 1498.2
1344980 1496.6
1344990 1494.6
1345000 1494.6
1345010 1492.4
1345020 1491.5
1345030 1491.5
1345040 1491.7
1345050 1490.3
1345060 1490.3
1345070 1485.7
1345080 1480.7
1345090 1480.7
1345100 1475.9
1345110 1470.3
1345120 1470.3
1345130 1465.3
1345140 1461.2
1345150 1461.2
1345160 1456.3
1345170 1447.7
1345180 1447.7
1345190 1438.9
1345200 1432.3
1345210 1432.3
1345220 1427.9
1345230 1424.3
1345240 1424.3
1345250 1420.3
1345260 1415.0
1345270 1408.7
1345280 1408.7
1345290 1402.4
1345300 1397.0
1345310 1397.0
1345320 1392.0
1345330 1387.6
1345340 1387.6
1345350 1384.8
1345360 1381.8
1345370 1381.8
1345380 1377.9
1345390 1373.6
1345400 1373.6
1345410 1369.0
1345420 1365.3
1345430 1365.3
1345440 1361.9
1345450 1357.1
1345460 1357.1
1345470 1351.2
1345480 1345.6
1345490 1345.6
1345500 1340.3
1345510 1335.2
1345520 1335.2
1345530 1330.5
1345540 1325.9
1345550 1320.0
1345560 1320.0
1345570 1312.9
1345580 1306.5
1345590 1306.5
1345600 1300.5
1345610 1295.0
1345620 1291.9
1345630 1287.7
1345640 1284.6
1345650 1284.6
1345660 1281.3
1345670 1277.0
1345680 1277.0
1345690 1273.9
1345700 1272.2
1345710 1272.2
1345720 1270.5
1345730 1268.5
1345740 1268.5
1345750 1265.8
1345760 1263.1
1345770 1263.1
1345780 1259.1
1345790 1253.0
1345800 1253.0
1345810 1245.5
1345820 1239.1
1345830 1234.4
1345840 1234.4
1345850 1230.1
1345860 1225.1
1345870 1225.1
1345880 1219.8
1345890 1213.8
1345900 1213.8
1345910 1208.1
1345920 1201.9
1345930 1201.9
1345940 1195.8
1345950 1189.4
1345960 1189.4
1345970 1182.4
1345980 1174.9
1345990 1174.9
1346000 1167.8
1346010 1162.1
1346020 1162.1
1346030 1156.4
1346040 1150.2
1346050 1150.2
1346060 1144.1
1346070 1140.4
1346080 1140.4
1346090 1138.1
1346100 1135.0
1346110 1128.9
1346120 1128.9
1346130 1123.2
1346140 1118.0
1346150 1118.0
1346160 1112.9
1346170 1107.6
1346180 1107.6
1346190 1103.6
1346200 1100.0
1346210 1100.0
1346220 1099.0
1346230 1100.5
1346240 1100.5
1346250 1101.5
1346260 1100.6
1346270 1100.6
1346280 1098.3
1346290 1093.6
1346300 1093.6
1346310 1087.8
1346320 1082.0
1346330 1082.0
1346340 1078.0
1346350 1075.1
1346360 1075.1
1346370 1072.8
1346380 1070.3
1346390 1068.4
1346400 1068.4
1346410 1066.6
1346420 1065.0
1346430 1065.0
1346440 1063.4
1346450 1062.2
1346460 1062.2
1346470 1061.1
1346480 1059.2
1346490 1059.2
1346500 1054.1
1346510 1048.3
1346520 1048.3
1346530 1045.3
1346540 1042.1
1346550 1042.1
1346560 1041.1
1346570 1039.8
1346580 1039.8
1346590 1038.1
1346600 1036.3
1346610 1036.3
1346620 1034.6
1346630 1032.0
1346640 1032.0
1346650 1029.6
1346660 1027.9
1346670 1024.1
1346680 1024.1
1346690 1018.7
1346700 1014.8
1346710 1014.8
1346720 1012.8
1346730 1012.0
1346740 1012.0
1346750 1011.5
1346760 1011.1
1346770 1011.1
1346780 1010.7
1346790 1010.0
1346800 1010.0
1346810 1008.7
1346820 1007.9
1346830 1007.9
1346840 1008.2
1346850 1008.7
1346860 1008.7
1346870 1008.7
1346880 1008.7
1346890 1008.7
1346900 1008.9
1346910 1008.9
1346920 1008.9
1346930 1009.0
1346940 1009.0
1346950 1009.4
1346960 1009.4
1346970 1010.6
1346980 1011.8
1346990 1011.8
1347000 1013.7
1347010 1014.7
1347020 1014.7
1347030 1015.4
1347040 1016.4
1347050 1016.4
1347060 1017.6
1347070 1019.2
1347080 1019.2
1347090 1021.6
1347100 1023.8
1347110 1023.8
1347120 1026.5
1347130 1029.3
1347140 1029.3
1347150 1032.2
1347160 1036.2
1347170 1036.2
1347180 1042.9
1347190 1050.2
1347200 1050.2
1347210 1056.9
1347220 1063.0
1347230 1067.1
1347240 1067.1
1347250 1067.6
1347260 1070.5
1347270 1070.5
1347280 1076.2
1347290 1079.9
1347300 1079.9
1347310 1081.2
1347320 1084.0
1347330 1084.0
1347340 1088.1
1347350 1090.3
1347360 1090.3
1347370 1091.6
1347380 1092.1
1347390 1092.1
1347400 1092.7
1347410 1095.2
1347420 1095.2
1347430 1094.1
1347440 1091.8
1347450 1091.8
1347460 1091.2
1347470 1095.3
1347480 1095.3
1347490 1091.8
1347500 1090.2
1347510 1091.0
1347520 1091.0
1347530 1097.3
1347540 1107.1
1347550 1107.1
1347560 1115.6
1347570 1122.4
1347580 1122.4
1347590 1126.0
1347600 1128.8
1347610 1128.8
1347620 1131.5
1347630 1133.1
1347640 1133.1
1347650 1134.2
1347660 1136.5
1347670 1136.5
1347680 1141.1
1347690 1146.4
1347700 1146.4
1347710 1151.9
1347720 1156.4
1347730 1156.4
1347740 1160.0
1347750 1162.0
1347760 1162.0
1347770 1163.9
1347780 1165.0
1347790 1165.0
1347800 1166.5
1347810 1168.8
1347820 1171.4
1347830 1171.4
1347840 1173.2
1347850 1174.0
1347860 1174.0
1347870 1172.0
1347880 1170.9
1347890 1170.9
1347900 1176.4
1347910 1182.5
1347920 1182.5
1347930 1186.2
1347940 1188.9
1347950 1188.9
1347960 1191.7
1347970 1193.7
1347980 1193.7
1347990 1197.2
1348000 1199.2
1348010 1199.2
1348020 1201.1
1348030 1203.2
1348040 1203.2
1348050 1205.4
1348060 1207.1
1348070 1207.1
1348080 1209.0
1348090 1210.9
1348100 1213.1
1348110 1213.1
1348120 1215.2
1348130 1217.1
1348140 1217.1
1348150 1219.0
1348160 1221.1
1348170 1221.1
1348180 1223.2
1348190 1225.2
1348200 1225.2
1348210 1227.0
1348220 1229.8
1348230 1229.8
1348240 1231.6
1348250 1233.2
1348260 1233.2
1348270 1235.1
1348280 1236.7
1348290 1236.7
1348300 1239.2
1348310 1241.9
1348320 1241.9
1348330 1243.8
1348340 1245.8
1348350 1245.8
1348360 1248.4
1348370 1251.6
1348380 1254.0
1348390 1254.0
1348400 1260.1
1348410 1259.3
1348420 1259.3
1348430 1254.6
1348440 1249.0
1348450 1249.0
1348460 1242.1
1348470 1239.4
1348480 1239.4
1348490 1245.6
1348500 1251.7
1348510 1251.7
1348520 1256.9
1348530 1263.6
1348540 1263.6
1348550 1271.3
1348560 1276.8
1348570 1276.8
1348580 1279.4
1348590 1281.8
1348600 1281.8
1348610 1284.0
1348620 1286.4
1348630 1286.4
1348640 1288.9
1348650 1292.1
1348660 1295.3
1348670 1295.3
1348680 1298.0
1348690 1300.7
1348700 1300.7
1348710 1302.1
1348720 1303.1
1348730 1303.1
1348740 1305.1
1348750 1307.6
1348760 1307.6
1348770 1308.9
1348780 1311.1
1348790 1311.1
1348800 1312.8
1348810 1314.1
1348820 1314.1
1348830 1315.6
1348840 1316.8
1348850 1316.8
1348860 1319.3
1348870 1322.7
1348880 1322.7
1348890 1327.0
1348900 1330.7
1348910 1330.7
1348920 1330.5
1348930 1328.8
1348940 1333.1
1348950 1333.1
1348960 1336.3
1348970 1339.4
1348980 1339.4
1348990 1342.4
1349000 1344.6
1349010 1344.6
1349020 1347.8
1349030 1349.6
1349040 1349.6
1349050 1351.6
1349060 1353.0
1349070 1353.0
1349080 1353.7
1349090 1353.9
1349100 1353.9
1349110 1353.2
1349120 1352.6
1349130 1352.6
1349140 1353.3
1349150 1350.8
1349160 1350.8
1349170 1345.7
1349180 1340.5
1349190 1340.5
1349200 1337.3
1349210 1344.9
1349220 1356.4
1349230 1356.4
1349240 1365.0
1349250 1372.1
1349260 1372.1
1349270 1378.8
1349280 1385.5
1349290 1385.5
1349300 1392.8
1349310 1399.9
1349320 1399.9
1349330 1410.0
1349340 1416.4
1349350 1416.4
1349360 1422.5
1349370 1428.4
1349380 1428.4
1349390 1433.5
1349400 1437.9
1349410 1437.9
1349420 1441.6
1349430 1444.0
1349440 1444.0
1349450 1445.5
1349460 1446.6
1349470 1446.6
1349480 1446.8
1349490 1446.7
1349500 1445.7
1349510 1445.7
1349520 1444.8
1349530 1443.7
1349540 1443.7
1349550 1443.4
1349560 1443.5
1349570 1443.5
1349580 1442.2
1349590 1442.2
1349600 1442.2
1349610 1443.4
1349620 1444.7
1349630 1444.7
1349640 1445.8
1349650 1449.0
1349660 1449.0
1349670 1454.1
1349680 1459.6
1349690 1459.6
1349700 1462.6
1349710 1461.3
1349720 1461.3
1349730 1460.7
1349740 1460.9
1349750 1460.9
1349760 1461.6
1349770 1463.6
1349780 1465.6
1349790 1465.6
1349800 1467.2
1349810 1469.5
1349820 1469.5
1349830 1473.7
1349840 1476.3
1349850 1476.3
1349860 1479.4
1349870 1481.7
1349880 1481.7
1349890 1484.9
1349900 1491.2
1349910 1491.2
1349920 1497.2
1349930 1500.9
1349940 1500.9
1349950 1504.6
1349960 1508.8
1349970 1508.8
1349980 1513.5
1349990 1519.0
1350000 1519.0
1350010 1524.7
1350020 1530.3
1350030 1530.3
1350040 1535.8
1350050 1541.0
1350060 1545.9
1350070 1545.9
1350080 1550.3
1350090 1554.8
1350100 1554.8
1350110 1559.7
1350120 1564.7
1350130 1564.7
1350140 1570.5
1350150 1576.5
1350160 1576.5
1350170 1580.9
1350180 1584.0
1350190 1584.0
1350200 1586.1
1350210 1587.7
1350220 1587.7
1350230 1588.5
1350240 1588.3
1350250 1588.3
1350260 1584.2
1350270 1574.3
1350280 1579.3
1350290 1568.4
1350300 1560.9
1350310 1560.9
1350320 1555.2
1350330 1549.9
1350340 1546.1
1350350 1546.1
1350360 1543.8
1350370 1539.1
1350380 1539.1
1350390 1533.4
1350400 1527.8
1350410 1527.8
1350420 1520.9
1350430 1513.4
1350440 1513.4
1350450 1507.8
1350460 1503.4
1350470 1503.4
1350480 1498.3
1350490 1493.4
1350500 1493.4
1350510 1488.1
1350520 1482.9
1350530 1482.9
1350540 1477.9
1350550 1473.3
1350560 1473.3
1350570 1468.0
1350580 1461.9
1350590 1461.9
1350600 1456.8
1350610 1453.5
1350620 1453.5
1350630 1450.6
1350640 1447.8
1350650 1444.4
1350660 1444.4
1350670 1439.4
1350680 1433.8
1350690 1433.8
1350700 1428.4
1350710 1423.1
1350720 1423.1
1350730 1417.3
1350740 1411.8
1350750 1411.8
1350760 1406.6
1350770 1402.1
1350780 1402.1
1350790 1398.4
1350800 1395.1
1350810 1395.1
1350820 1392.2
1350830 1389.4
1350840 1389.4
1350850 1386.7
1350860 1384.5
1350870 1384.5
1350880 1382.8
1350890 1381.5
1350900 1381.5
1350910 1379.5
1350920 1377.7
1350930 1375.8
1350940 1375.8
1350950 1372.7
1350960 1368.5
1350970 1368.5
1350980 1365.1
1350990 1362.0
1351000 1362.0
1351010 1358.3
1351020 1354.5
1351030 1354.5
1351040 1351.7
1351050 1350.6
1351060 1350.6
1351070 1349.7
1351080 1348.7
1351090 1348.7
1351100 1347.8
1351110 1344.5
1351120 1344.5
1351130 1337.4
1351140 1331.5
1351150 1331.5
1351160 1324.8
1351170 1319.4
1351180 1319.4
1351190 1314.2
1351200 1309.9
1351210 1305.4
1351220 1305.4
1351230 1301.6
1351240 1297.3
1351250 1297.3
1351260 1292.8
1351270 1287.8
1351280 1287.8
1351290 1282.6
1351300 1277.7
1351310 1277.7
1351320 1272.9
1351330 1267.8
1351340 1267.8
1351350 1263.1
1351360 1260.0
1351370 1260.0
1351380 1255.1
1351390 1249.9
1351400 1249.9
1351410 1242.4
1351420 1233.3
1351430 1233.3
1351440 1229.8
1351450 1227.7
1351460 1227.7
1351470 1227.2
1351480 1226.8
1351490 1228.2
1351500 1228.2
1351510 1229.2
1351520 1227.6
1351530 1227.6
1351540 1225.6
1351550 1224.3
1351560 1224.3
1351570 1223.7
1351580 1224.2
1351590 1224.2
1351600 1224.8
1351610 1224.2
1351620 1224.2
1351630 1221.8
1351640 1217.3
1351650 1217.3
1351660 1212.3
1351670 1207.3
1351680 1207.3
1351690 1203.1
1351700 1198.9
1351710 1198.9
1351720 1194.3
1351730 1189.7
1351740 1189.7
1351750 1185.0
1351760 1179.8
1351770 1173.8
1351780 1173.8
1351790 1167.9
1351800 1161.8
1351810 1161.8
1351820 1156.2
1351830 1150.7
1351840 1150.7
1351850 1144.8
1351860 1138.9
1351870 1138.9
1351880 1133.2
1351890 1128.2
1351900 1128.2
1351910 1123.9
1351920 1119.5
1351930 1119.5
1351940 1115.9
1351950 1113.4
1351960 1113.4
1351970 1112.1
1351980 1110.4
1351990 1110.4
1352000 1105.9
1352010 1099.4
1352020 1099.4
1352030 1094.2
1352040 1090.3
1352050 1084.3
1352060 1084.3
1352070 1078.0
1352080 1073.1
1352090 1073.1
1352100 1069.7
1352110 1067.0
1352120 1067.0
1352130 1063.7
1352140 1059.7
1352150 1059.7
1352160 1056.3
1352170 1053.5
1352180 1053.5
1352190 1050.9
1352200 1048.1
1352210 1048.1
1352220 1045.7
1352230 1042.4
1352240 1042.4
1352250 1038.3
1352260 1035.1
1352270 1035.1
1352280 1034.1
1352290 1034.3
1352300 1034.3
1352310 1034.0
1352320 1033.2
1352330 1032.7
1352340 1032.7
1352350 1033.8
1352360 1035.2
1352370 1035.2
1352380 1039.6
1352390 1046.9
1352400 1046.9
1352410 1054.8
1352420 1060.4
1352430 1060.4
1352440 1064.5
1352450 1070.2
1352460 1070.2
1352470 1075.3
1352480 1081.0
1352490 1081.0
1352500 1085.9
1352510 1090.8
1352520 1090.8
1352530 1095.3
1352540 1101.4
1352550 1101.4
1352560 1105.2
1352570 1107.9
1352580 1107.9
1352590 1109.9
1352600 1112.8
1352610 1114.4
1352620 1114.4
1352630 1116.2
1352640 1119.8
1352650 1119.8
1352660 1124.9
1352670 1129.2
1352680 1129.2
1352690 1132.2
1352700 1135.8
1352710 1135.8
1352720 1139.5
1352730 1143.1
1352740 1143.1
1352750 1146.4
1352760 1148.2
1352770 1148.2
1352780 1151.6
1352790 1155.1
1352800 1155.1
1352810 1158.3
1352820 1161.0
1352830 1161.0
1352840 1164.4
1352850 1169.5
1352860 1169.5
1352870 1174.4
1352880 1178.9
1352890 1182.3
1352900 1182.3
1352910 1187.5
1352920 1194.5
1352930 1194.5
1352940 1199.8
1352950 1202.3
1352960 1202.3
1352970 1202.6
1352980 1202.8
1352990 1202.8
1353000 1203.4
1353010 1202.8
1353020 1202.8
1353030 1203.1
1353040 1204.3
1353050 1204.3
1353060 1207.1
1353070 1210.1
1353080 1210.1
1353090 1213.1
1353100 1216.4
1353110 1216.4
1353120 1218.9
1353130 1222.1
1353140 1222.1
1353150 1225.8
1353160 1229.6
1353170 1235.6
1353180 1235.6
1353190 1243.1
1353200 1251.1
1353210 1251.1
1353220 1258.1
1353230 1263.3
1353240 1263.3
1353250 1267.4
1353260 1271.4
1353270 1271.4
1353280 1273.9
1353290 1275.5
1353300 1275.5
1353310 1277.3
1353320 1281.9
1353330 1281.9
1353340 1288.2
1353350 1293.0
1353360 1293.0
1353370 1298.0
1353380 1304.5
1353390 1304.5
1353400 1312.0
1353410 1319.3
1353420 1319.3
1353430 1326.3
1353440 1331.6
1353450 1331.6
1353460 1336.8
1353470 1341.8
1353480 1348.6
1353490 1348.6
1353500 1357.0
1353510 1366.1
1353520 1366.1
1353530 1374.0
1353540 1380.5
1353550 1380.5
1353560 1387.5
1353570 1393.3
1353580 1393.3
1353590 1398.9
1353600 1401.8
1353610 1401.8
1353620 1404.5
1353630 1408.0
1353640 1408.0
1353650 1412.4
1353660 1416.8
1353670 1416.8
1353680 1421.4
1353690 1426.0
1353700 1426.0
1353710 1430.0
1353720 1434.8
1353730 1434.8
1353740 1439.0
1353750 1443.2
1353760 1447.0
1353770 1447.0
1353780 1451.0
1353790 1455.9
1353800 1455.9
1353810 1462.5
1353820 1468.7
1353830 1468.7
1353840 1473.0
1353850 1477.2
1353860 1477.2
1353870 1480.5
1353880 1483.9
1353890 1483.9
1353900 1487.7
1353910 1491.3
1353920 1491.3
1353930 1494.4
1353940 1498.0
1353950 1498.0
1353960 1501.7
1353970 1506.4
1353980 1506.4
1353990 1511.8
1354000 1517.0
1354010 1517.0
1354020 1520.9
1354030 1523.7
1354040 1527.0
1354050 1527.0
1354060 1530.7
1354070 1533.6
1354080 1533.6
1354090 1537.7
1354100 1543.2
1354110 1543.2
1354120 1548.7
1354130 1549.8
1354140 1549.8
1354150 1550.6
1354160 1553.6
1354170 1553.6
1354180 1558.5
1354190 1564.3
1354200 1564.3
1354210 1570.5
1354220 1576.2
1354230 1576.2
1354240 1579.4
1354250 1585.7
1354260 1585.7
1354270 1591.2
1354280 1596.0
1354290 1596.0
1354300 1600.9
1354310 1606.1
1354320 1611.6
1354330 1611.6
1354340 1616.5
1354350 1622.5
1354360 1622.5
1354370 1628.4
1354380 1634.3
1354390 1634.3
1354400 1638.6
1354410 1641.8
1354420 1641.8
1354430 1645.6
1354440 1649.0
1354450 1649.0
1354460 1651.9
1354470 1655.2
1354480 1655.2
1354490 1659.4
1354500 1663.7
1354510 1663.7
1354520 1666.7
1354530 1669.5
1354540 1669.5
1354550 1672.0
1354560 1676.3
1354570 1676.3
1354580 1680.2
1354590 1682.0
1354600 1684.2
1354610 1684.2
1354620 1688.4
1354630 1694.8
1354640 1694.8
1354650 1701.3
1354660 1707.6
1354670 1707.6
1354680 1712.4
1354690 1716.5
1354700 1716.5
1354710 1721.2
1354720 1726.4
1354730 1726.4
1354740 1731.9
1354750 1735.4
1354760 1735.4
1354770 1737.6
1354780 1741.3
1354790 1741.3
1354800 1745.4
1354810 1748.3
1354820 1748.3
1354830 1751.0
1354840 1753.9
1354850 1753.9
1354860 1756.4
1354870 1759.5
1354880 1763.0
1354890 1763.0
1354900 1766.0
1354910 1769.0
1354920 1769.0
1354930 1772.4
1354940 1776.9
1354950 1776.9
1354960 1782.7
1354970 1786.8
1354980 1786.8
1354990 1789.0
1355000 1791.3
1355010 1791.3
1355020 1793.3
1355030 1795.7
1355040 1795.7
1355050 1799.5
1355060 1805.0
1355070 1805.0
1355080 1811.5
1355090 1818.0
1355100 1818.0
1355110 1822.0
1355120 1827.9
1355130 1827.9
1355140 1833.7
1355150 1840.2
1355160 1849.1
1355170 1849.1
1355180 1858.3
1355190 1867.0
1355200 1867.0
1355210 1874.0
1355220 1880.4
1355230 1880.4
1355240 1887.6
1355250 1895.4
1355260 1895.4
1355270 1902.4
1355280 1909.8
1355290 1909.8
1355300 1918.5
1355310 1928.4
1355320 1928.4
1355330 1937.1
1355340 1944.6
1355350 1944.6
1355360 1952.9
1355370 1961.0
1355380 1961.0
1355390 1968.7
1355400 1978.3
1355410 1978.3
1355420 1987.0
1355430 1993.0
1355440 1999.4
1355450 1999.4
1355460 2002.2
1355470 2008.2
1355480 2008.2
1355490 2014.1
1355500 2019.0
1355510 2019.0
1355520 2018.1
1355530 2015.4
1355540 2015.4
1355550 2014.9
1355560 2011.4
1355570 2011.4
1355580 2006.0
1355590 2000.9
1355600 2000.9
1355610 1996.9
1355620 1995.0
1355630 1995.0
1355640 1992.1
1355650 1988.9
1355660 1988.9
1355670 1985.8
1355680 1982.1
1355690 1982.1
1355700 1977.5
1355710 1973.2
1355720 1969.7
1355730 1969.7
1355740 1966.6
1355750 1963.5
1355760 1963.5
1355770 1961.9
1355780 1962.3
1355790 1962.3
1355800 1963.9
1355810 1966.6
1355820 1966.6
1355830 1967.3
1355840 1964.6
1355850 1964.6
1355860 1963.0
1355870 1961.6
1355880 1961.6
1355890 1959.6
1355900 1957.9
1355910 1957.9
1355920 1955.8
1355930 1953.9
1355940 1953.9
1355950 1950.6
1355960 1948.7
1355970 1948.7
1355980 1948.8
1355990 1949.6
1356000 1949.6
1356010 1948.3
1356020 1945.1
1356030 1942.9
1356040 1942.9
1356050 1940.6
1356060 1935.2
1356070 1935.2
1356080 1925.5
1356090 1917.5
1356100 1915.5
1356110 1909.2
1356120 1903.2
1356130 1903.2
1356140 1896.4
1356150 1889.3
1356160 1889.3
1356170 1882.6
1356180 1876.8
1356190 1876.8
1356200 1872.2
1356210 1867.3
1356220 1867.3
1356230 1860.5
1356240 1853.2
1356250 1853.2
1356260 1846.9
1356270 1842.0
1356280 1842.0
1356290 1838.8
1356300 1836.1
1356310 1833.6
1356320 1833.6
1356330 1832.6
1356340 1830.3
1356350 1830.3
1356360 1826.2
1356370 1821.5
1356380 1821.5
1356390 1817.6
1356400 1813.4
1356410 1813.4
1356420 1808.7
1356430 1803.4
1356440 1803.4
1356450 1798.1
1356460 1793.0
1356470 1793.0
1356480 1788.1
1356490 1784.0
1356500 1784.0
1356510 1779.6
1356520 1773.4
1356530 1773.4
1356540 1766.6
1356550 1761.4
1356560 1761.4
1356570 1756.9
1356580 1751.9
1356590 1744.8
1356600 1744.8
1356610 1739.5
1356620 1738.8
1356630 1738.8
1356640 1737.2
1356650 1734.5
1356660 1734.5
1356670 1732.8
1356680 1729.3
1356690 1729.3
1356700 1723.2
1356710 1716.8
1356720 1716.8
1356730 1710.3
1356740 1703.7
1356750 1703.7
1356760 1696.9
1356770 1690.2
1356780 1690.2
1356790 1685.1
1356800 1680.7
1356810 1680.7
1356820 1674.5
1356830 1668.6
1356840 1668.6
1356850 1663.2
1356860 1658.1
1356870 1652.0
1356880 1652.0
1356890 1645.8
1356900 1639.6
1356910 1639.6
1356920 1633.3
1356930 1627.3
1356940 1627.3
1356950 1621.3
1356960 1615.9
1356970 1615.9
1356980 1610.7
1356990 1604.9
1357000 1604.9
1357010 1599.7
1357020 1594.5
1357030 1594.5
1357040 1588.6
1357050 1582.7
1357060 1582.7
1357070 1577.0
1357080 1571.0
1357090 1571.0
1357100 1568.8
1357110 1563.2
1357120 1563.2
1357130 1555.6
1357140 1547.2
1357150 1540.8
1357160 1540.8
1357170 1538.2
1357180 1535.5
1357190 1535.5
1357200 1531.0
1357210 1526.1
1357220 1526.1
1357230 1521.5
1357240 1516.6
1357250 1516.6
1357260 1511.9
1357270 1507.1
1357280 1507.1
1357290 1502.4
1357300 1497.8
1357310 1497.8
1357320 1495.1
1357330 1494.1
1357340 1494.1
1357350 1493.5
1357360 1491.4
1357370 1491.4
1357380 1489.2
1357390 1487.5
1357400 1487.5
1357410 1485.7
1357420 1483.8
1357430 1481.8
1357440 1481.8
1357450 1479.1
1357460 1476.9
1357470 1476.9
1357480 1475.6
1357490 1473.4
1357500 1473.4
1357510 1471.2
1357520 1469.2
1357530 1469.2
1357540 1467.1
1357550 1465.1
1357560 1465.1
1357570 1463.2
1357580 1461.1
1357590 1461.1
1357600 1459.0
1357610 1457.0
1357620 1457.0
1357630 1455.2
1357640 1453.1
1357650 1453.1
1357660 1451.1
1357670 1449.1
1357680 1449.1
1357690 1447.0
1357700 1445.0
1357710 1443.0
1357720 1443.0
1357730 1441.4
1357740 1439.7
1357750 1439.7
1357760 1438.2
1357770 1436.6
1357780 1436.6
1357790 1434.8
1357800 1432.9
1357810 1432.9
1357820 1431.0
1357830 1428.9
1357840 1428.9
1357850 1427.2
1357860 1425.1
1357870 1425.1
1357880 1423.3
1357890 1421.4
1357900 1421.4
1357910 1419.2
1357920 1416.7
1357930 1416.7
1357940 1414.6
1357950 1411.2
1357960 1411.2
1357970 1406.4
1357980 1404.9
1357990 1404.0
1358000 1404.0
1358010 1402.6
1358020 1401.4
1358030 1401.4
1358040 1400.0
1358050 1397.0
1358060 1397.0
1358070 1393.3
1358080 1391.0
1358090 1391.0
1358100 1389.9
1358110 1387.0
1358120 1387.0
1358130 1380.7
1358140 1380.0
1358150 1380.0
1358160 1381.7
1358170 1379.2
1358180 1379.2
1358190 1378.7
1358200 1378.3
1358210 1378.3
1358220 1376.7
1358230 1375.0
1358240 1375.0
1358250 1373.7
1358260 1371.1
1358270 1367.0
1358280 1367.0
1358290 1366.1
1358300 1364.6
1358310 1364.6
1358320 1363.1
1358330 1363.4
1358340 1363.4
1358350 1366.8
1358360 1373.2
1358370 1373.2
1358380 1380.2
1358390 1384.0
1358400 1384.0
1358410 1385.2
1358420 1388.0
1358430 1388.0
1358440 1390.3
1358450 1391.1
1358460 1391.1
1358470 1389.1
1358480 1387.4
1358490 1387.4
1358500 1386.6
1358510 1386.0
1358520 1386.0
1358530 1385.1
1358540 1383.7
1358550 1383.8
1358560 1383.8
1358570 1384.3
1358580 1385.7
1358590 1385.7
1358600 1384.1
1358610 1380.5
1358620 1380.5
1358630 1378.2
1358640 1377.2
1358650 1377.2
1358660 1378.0
1358670 1379.0
1358680 1379.0
1358690 1385.7
1358700 1393.3
1358710 1393.3
1358720 1397.8
1358730 1400.4
1358740 1400.4
1358750 1403.0
1358760 1406.2
1358770 1406.2
1358780 1409.3
1358790 1411.1
1358800 1411.1
1358810 1412.7
1358820 1415.7
1358830 1415.7
1358840 1419.9
1358850 1423.8
1358860 1427.1
1358870 1427.1
1358880 1429.5
1358890 1431.3
1358900 1431.3
1358910 1433.3
1358920 1434.1
1358930 1434.1
1358940 1434.6
1358950 1434.1
1358960 1434.1
1358970 1433.8
1358980 1431.5
1358990 1431.5
1359000 1427.9
1359010 1422.6
1359020 1422.6
1359030 1417.8
1359040 1413.6
1359050 1413.6
1359060 1409.1
1359070 1404.4
1359080 1404.4
1359090 1396.6
1359100 1386.5
1359110 1386.5
1359120 1380.5
1359130 1375.1
1359140 1370.4
1359150 1370.4
1359160 1364.4
1359170 1358.4
1359180 1358.4
1359190 1355.4
1359200 1352.1
1359210 1352.1
1359220 1346.8
1359230 1341.7
1359240 1341.7
1359250 1338.4
1359260 1335.9
1359270 1335.9
1359280 1333.4
1359290 1331.4
1359300 1331.4
1359310 1330.3
1359320 1329.9
1359330 1329.9
1359340 1328.8
1359350 1327.4
1359360 1327.4
1359370 1326.8
1359380 1326.3
1359390 1326.3
1359400 1324.8
1359410 1324.6
1359420 1323.8
1359430 1323.8
1359440 1322.7
1359450 1321.3
1359460 1321.3
1359470 1319.8
1359480 1318.4
1359490 1318.4
1359500 1316.8
1359510 1314.3
1359520 1314.3
1359530 1311.1
1359540 1307.9
1359550 1307.9
1359560 1304.9
1359570 1302.3
1359580 1302.3
1359590 1300.7
1359600 1299.1
1359610 1299.1
1359620 1298.9
1359630 1300.0
1359640 1300.0
1359650 1302.9
1359660 1304.7
1359670 1304.7
1359680 1306.0
1359690 1310.0
1359700 1313.6
1359710 1313.6
1359720 1318.1
1359730 1319.5
1359740 1319.5
1359750 1319.2
1359760 1319.0
1359770 1319.0
1359780 1317.1
1359790 1315.1
1359800 1315.1
1359810 1313.7
1359820 1311.2
1359830 1311.2
1359840 1306.8
1359850 1303.0
1359860 1303.0
1359870 1300.8
1359880 1298.3
1359890 1298.3
1359900 1294.8
1359910 1289.8
1359920 1289.8
1359930 1284.1
1359940 1279.1
1359950 1279.1
1359960 1274.5
1359970 1267.8
1359980 1260.0
1359990 1260.0
