1340000 1727.7
1340010 1726.5
1340020 1726.5
1340030 1725.7
1340040 1724.8
1340050 1724.8
1340060 1724.6
1340070 1724.4
1340080 1724.4
1340090 1723.6
1340100 1722.0
1340110 1722.0
1340120 1718.6
1340130 1714.9
1340140 1711.7
1340150 1711.7
1340160 1708.6
1340170 1706.7
1340180 1706.7
1340190 1706.9
1340200 1705.4
1340210 1705.4
1340220 1703.7
1340230 1701.2
1340240 1701.2
1340250 1698.7
1340260 1696.4
1340270 1696.4
1340280 1692.8
1340290 1687.8
1340300 1687.8
1340310 1681.6
1340320 1675.5
1340330 1675.5
1340340 1669.8
1340350 1663.8
1340360 1663.8
1340370 1657.8
1340380 1651.0
1340390 1651.0
1340400 1643.6
1340410 1636.5
1340420 1629.6
1340430 1629.6
1340440 1622.6
1340450 1616.8
1340460 1616.8
1340470 1611.0
1340480 1605.3
1340490 1605.3
1340500 1599.9
1340510 1594.3
1340520 1594.3
1340530 1588.9
1340540 1584.2
1340550 1584.2
1340560 1579.5
1340570 1574.5
1340580 1574.5
1340590 1569.0
1340600 1562.7
1340610 1562.7
1340620 1557.2
1340630 1552.5
1340640 1552.5
1340650 1548.0
1340660 1544.3
1340670 1544.3
1340680 1540.1
1340690 1532.2
1340700 1528.7
1340710 1528.7
1340720 1525.0
1340730 1521.7
1340740 1521.7
1340750 1518.3
1340760 1514.5
1340770 1514.5
1340780 1510.2
1340790 1505.9
1340800 1505.9
1340810 1502.0
1340820 1497.8
1340830 1497.8
1340840 1493.9
1340850 1490.5
1340860 1490.5
1340870 1487.8
1340880 1485.8
1340890 1485.8
1340900 1483.6
1340910 1480.1
1340920 1480.1
1340930 1478.8
1340940 1476.1
1340950 1476.1
1340960 1471.3
1340970 1466.8
1340980 1462.7
1340990 1462.7
1341000 1458.3
1341010 1453.5
1341020 1453.5
1341030 1448.3
1341040 1443.5
1341050 1443.5
1341060 1438.7
1341070 1434.0
1341080 1434.0
1341090 1429.3
1341100 1424.9
1341110 1424.9
1341120 1419.9
1341130 1414.9
1341140 1414.9
1341150 1410.2
1341160 1405.8
1341170 1405.8
1341180 1401.1
1341190 1395.9
1341200 1395.9
1341210 1390.6
1341220 1384.5
1341230 1384.5
1341240 1377.5
1341250 1370.7
1341260 1364.2
1341270 1364.2
1341280 1357.8
1341290 1351.0
1341300 1351.0
1341310 1344.8
1341320 1337.4
1341330 1337.4
1341340 1329.9
1341350 1322.4
1341360 1322.4
1341370 1314.6
1341380 1307.6
1341390 1307.6
1341400 1301.9
1341410 1296.5
1341420 1296.5
1341430 1291.1
1341440 1286.5
1341450 1286.5
1341460 1282.6
1341470 1279.3
1341480 1279.3
1341490 1275.8
1341500 1272.3
1341510 1272.3
1341520 1268.4
1341530 1264.1
1341540 1264.1
1341550 1259.4
1341560 1255.2
1341570 1251.6
1341580 1251.6
1341590 1251.8
1341600 1250.6
1341610 1250.6
1341620 1248.9
1341630 1247.3
1341640 1247.3
1341650 1245.0
1341660 1242.0
1341670 1242.0
1341680 1239.9
1341690 1237.6
1341700 1237.6
1341710 1234.6
1341720 1229.8
1341730 1229.8
1341740 1225.3
1341750 1221.1
1341760 1221.1
1341770 1217.6
1341780 1214.8
1341790 1214.8
1341800 1213.0
1341810 1211.9
1341820 1211.9
1341830 1211.0
1341840 1207.6
1341850 1202.3
1341860 1202.3
1341870 1200.5
1341880 1199.1
1341890 1199.1
1341900 1198.6
1341910 1200.3
1341920 1200.3
1341930 1201.8
1341940 1204.6
1341950 1204.6
1341960 1208.2
1341970 1213.3
1341980 1213.3
1341990 1214.8
1342000 1216.8
1342010 1216.8
1342020 1219.5
1342030 1221.1
1342040 1221.1
1342050 1221.3
1342060 1219.6
1342070 1219.6
1342080 1219.7
1342090 1221.0
1342100 1221.0
1342110 1222.3
1342120 1223.7
1342130 1225.6
1342140 1225.6
1342150 1227.6
1342160 1229.2
1342170 1229.2
1342180 1231.4
1342190 1233.6
1342200 1233.6
1342210 1236.0
1342220 1238.7
1342230 1238.7
1342240 1242.0
1342250 1247.3
1342260 1247.3
1342270 1255.2
1342280 1262.3
1342290 1262.3
1342300 1269.4
1342310 1275.2
1342320 1275.2
1342330 1279.4
1342340 1283.9
1342350 1283.9
1342360 1289.2
1342370 1294.3
1342380 1294.3
1342390 1298.6
1342400 1302.4
1342410 1306.2
1342420 1306.2
1342430 1310.7
1342440 1315.5
1342450 1315.5
1342460 1320.9
1342470 1327.2
1342480 1328.7
1342490 1334.7
1342500 1341.2
1342510 1341.2
1342520 1347.1
1342530 1351.1
1342540 1351.1
1342550 1355.1
1342560 1359.5
1342570 1359.5
1342580 1364.3
1342590 1370.4
1342600 1370.4
1342610 1377.2
1342620 1382.0
1342630 1382.0
1342640 1387.4
1342650 1392.7
1342660 1392.7
1342670 1396.0
1342680 1399.5
1342690 1403.0
1342700 1403.0
1342710 1406.9
1342720 1410.3
1342730 1410.3
1342740 1415.1
1342750 1417.6
1342760 1417.6
1342770 1419.2
1342780 1424.2
1342790 1424.2
1342800 1429.2
1342810 1434.3
1342820 1434.3
1342830 1439.4
1342840 1441.2
1342850 1441.2
1342860 1443.3
1342870 1445.6
1342880 1445.6
1342890 1450.0
1342900 1454.9
1342910 1454.9
1342920 1458.7
1342930 1463.4
1342940 1463.4
1342950 1467.7
1342960 1470.5
1342970 1472.3
1342980 1472.3
1342990 1475.7
1343000 1480.0
1343010 1480.0
1343020 1487.0
1343030 1492.9
1343040 1492.9
1343050 1499.4
1343060 1507.4
1343070 1507.4
1343080 1514.6
1343090 1521.3
1343100 1521.3
1343110 1529.3
1343120 1535.4
1343130 1535.4
1343140 1540.3
1343150 1543.3
1343160 1543.3
1343170 1546.4
1343180 1551.0
1343190 1551.0
1343200 1553.4
1343210 1558.6
1343220 1558.6
1343230 1563.5
1343240 1567.6
1343250 1567.6
1343260 1570.5
1343270 1573.9
1343280 1577.9
1343290 1577.9
1343300 1582.6
1343310 1586.2
1343320 1586.2
1343330 1587.6
1343340 1589.8
1343350 1589.8
1343360 1592.8
1343370 1595.9
1343380 1598.7
1343390 1602.2
1343400 1604.9
1343410 1604.9
1343420 1607.4
1343430 1610.7
1343440 1610.7
1343450 1613.5
1343460 1616.4
1343470 1616.4
1343480 1619.1
1343490 1621.6
1343500 1621.6
1343510 1625.4
1343520 1629.7
1343530 1629.7
1343540 1633.2
1343550 1638.1
1343560 1642.7
1343570 1642.7
1343580 1647.5
1343590 1653.2
1343600 1653.2
1343610 1660.7
1343620 1669.6
1343630 1669.6
1343640 1679.5
1343650 1688.0
1343660 1688.0
1343670 1693.2
1343680 1697.9
1343690 1697.9
1343700 1702.6
1343710 1707.4
1343720 1707.4
1343730 1711.7
1343740 1715.5
1343750 1715.5
1343760 1719.8
1343770 1724.9
1343780 1724.9
1343790 1731.3
1343800 1738.5
1343810 1738.5
1343820 1744.7
1343830 1750.0
1343840 1757.0
1343850 1757.0
1343860 1761.4
1343870 1762.6
1343880 1762.6
1343890 1763.2
1343900 1763.7
1343910 1763.7
1343920 1764.7
1343930 1765.4
1343940 1765.4
1343950 1766.1
1343960 1766.3
1343970 1766.3
1343980 1766.4
1343990 1766.6
1344000 1766.6
1344010 1766.7
1344020 1767.1
1344030 1767.1
1344040 1768.1
1344050 1769.9
1344060 1769.9
1344070 1771.9
1344080 1773.9
1344090 1773.9
1344100 1777.4
1344110 1782.6
1344120 1787.2
1344130 1787.2
1344140 1790.9
1344150 1794.5
1344160 1794.5
1344170 1798.3
1344180 1802.9
1344190 1802.9
1344200 1808.7
1344210 1815.1
1344220 1815.1
1344230 1821.7
1344240 1828.8
1344250 1828.8
1344260 1834.6
1344270 1837.1
1344280 1837.1
1344290 1839.2
1344300 1843.3
1344310 1843.3
1344320 1844.3
1344330 1844.1
1344340 1844.1
1344350 1843.2
1344360 1839.3
1344370 1839.3
1344380 1834.9
1344390 1827.0
1344400 1818.3
1344410 1818.3
1344420 1809.7
1344430 1803.1
1344440 1803.1
1344450 1799.4
1344460 1795.2
1344470 1795.2
1344480 1790.9
1344490 1789.0
1344500 1789.0
1344510 1786.5
1344520 1782.7
1344530 1782.7
1344540 1778.5
1344550 1774.2
1344560 1774.2
1344570 1767.6
1344580 1761.7
1344590 1761.7
1344600 1757.0
1344610 1751.3
1344620 1751.3
1344630 1745.2
1344640 1741.5
1344650 1741.5
1344660 1737.6
1344670 1733.7
1344680 1731.8
1344690 1731.8
1344700 1729.5
1344710 1725.9
1344720 1725.9
1344730 1723.7
1344740 1721.5
1344750 1721.5
1344760 1718.9
1344770 1715.4
1344780 1715.4
1344790 1711.0
1344800 1706.5
1344810 1706.5
1344820 1704.9
1344830 1701.0
1344840 1701.0
1344850 1694.8
1344860 1689.2
1344870 1689.2
1344880 1686.2
1344890 1683.0
1344900 1683.0
1344910 1679.3
1344920 1675.4
1344930 1675.4
1344940 1670.5
1344950 1663.8
1344960 1663.8
1344970 1656.2
1344980 1649.0
1344990 1644.1
1345000 1644.1
1345010 1639.6
1345020 1635.9
1345030 1635.9
1345040 1635.8
1345050 1636.2
1345060 1636.2
1345070 1633.1
1345080 1630.4
1345090 1630.4
1345100 1629.9
1345110 1628.5
1345120 1628.5
1345130 1626.7
1345140 1623.9
1345150 1623.9
1345160 1621.0
1345170 1618.3
1345180 1618.3
1345190 1614.8
1345200 1608.5
1345210 1608.5
1345220 1604.7
1345230 1601.8
1345240 1601.8
1345250 1597.0
1345260 1591.8
1345270 1586.4
1345280 1586.4
1345290 1580.2
1345300 1575.7
1345310 1575.7
1345320 1569.6
1345330 1561.7
1345340 1561.7
1345350 1554.9
1345360 1548.8
1345370 1548.8
1345380 1543.2
1345390 1539.2
1345400 1539.2
1345410 1535.6
1345420 1532.1
1345430 1532.1
1345440 1527.6
1345450 1522.5
1345460 1522.5
1345470 1521.1
1345480 1521.0
1345490 1521.0
1345500 1520.6
1345510 1518.8
1345520 1518.8
1345530 1518.2
1345540 1516.5
1345550 1515.0
1345560 1515.0
1345570 1512.6
1345580 1510.2
1345590 1510.2
1345600 1508.0
1345610 1506.6
1345620 1506.6
1345630 1505.0
1345640 1502.4
1345650 1502.4
1345660 1500.2
1345670 1497.9
1345680 1497.9
1345690 1495.3
1345700 1492.4
1345710 1492.4
1345720 1488.9
1345730 1485.1
1345740 1485.1
1345750 1481.5
1345760 1477.7
1345770 1477.7
1345780 1473.7
1345790 1470.1
1345800 1470.1
1345810 1466.8
1345820 1463.5
1345830 1460.0
1345840 1460.0
1345850 1455.5
1345860 1449.4
1345870 1449.4
1345880 1444.5
1345890 1439.7
1345900 1439.7
1345910 1434.0
1345920 1426.9
1345930 1426.9
1345940 1421.3
1345950 1417.7
1345960 1417.7
1345970 1413.6
1345980 1409.2
1345990 1409.2
1346000 1405.3
1346010 1402.4
1346020 1402.4
1346030 1398.2
1346040 1393.4
1346050 1393.4
1346060 1389.0
1346070 1384.7
1346080 1384.7
1346090 1380.5
1346100 1375.6
1346110 1370.7
1346120 1368.2
1346130 1365.3
1346140 1360.9
1346150 1360.9
1346160 1356.3
1346170 1351.9
1346180 1351.9
1346190 1347.2
1346200 1342.1
1346210 1342.1
1346220 1336.0
1346230 1332.0
1346240 1332.0
1346250 1327.6
1346260 1321.4
1346270 1321.4
1346280 1314.6
1346290 1308.0
1346300 1308.0
1346310 1302.6
1346320 1296.8
1346330 1296.8
1346340 1290.7
1346350 1284.8
1346360 1284.8
1346370 1281.3
1346380 1278.7
1346390 1274.4
1346400 1274.4
1346410 1270.1
1346420 1266.2
1346430 1266.2
1346440 1262.3
1346450 1258.4
1346460 1258.4
1346470 1254.1
1346480 1247.4
1346490 1247.4
1346500 1241.4
1346510 1234.1
1346520 1234.1
1346530 1228.4
1346540 1227.5
1346550 1227.5
1346560 1228.1
1346570 1225.8
1346580 1225.8
1346590 1221.5
1346600 1215.4
1346610 1215.4
1346620 1207.5
1346630 1201.8
1346640 1201.8
1346650 1196.9
1346660 1191.2
1346670 1191.2
1346680 1184.9
1346690 1181.6
1346700 1177.3
1346710 1177.3
1346720 1178.0
1346730 1181.5
1346740 1181.5
1346750 1178.4
1346760 1175.3
1346770 1175.3
1346780 1176.0
1346790 1180.0
1346800 1180.0
1346810 1182.2
1346820 1182.3
1346830 1182.3
1346840 1178.4
1346850 1167.2
1346860 1167.2
1346870 1152.2
1346880 1137.8
1346890 1137.8
1346900 1122.8
1346910 1116.3
1346920 1116.3
1346930 1120.4
1346940 1123.6
1346950 1123.6
1346960 1124.6
1346970 1127.3
1346980 1126.3
1346990 1126.3
1347000 1131.9
1347010 1132.3
1347020 1132.3
1347030 1130.4
1347040 1118.3
1347050 1118.3
1347060 1114.8
1347070 1111.8
1347080 1111.8
1347090 1107.7
1347100 1102.8
1347110 1102.8
1347120 1097.5
1347130 1092.2
1347140 1092.2
1347150 1087.2
1347160 1082.8
1347170 1082.8
1347180 1078.7
1347190 1073.8
1347200 1073.8
1347210 1069.3
1347220 1065.7
1347230 1065.7
1347240 1062.2
1347250 1058.3
1347260 1055.1
1347270 1055.1
1347280 1052.2
1347290 1049.7
1347300 1049.7
1347310 1047.7
1347320 1046.4
1347330 1046.4
1347340 1044.4
1347350 1042.7
1347360 1042.7
1347370 1040.6
1347380 1037.3
1347390 1037.3
1347400 1034.7
1347410 1032.8
1347420 1032.8
1347430 1031.2
1347440 1030.0
1347450 1030.0
1347460 1028.1
1347470 1026.9
1347480 1026.9
1347490 1025.3
1347500 1022.5
1347510 1022.5
1347520 1019.6
1347530 1014.8
1347540 1007.9
1347550 1007.9
1347560 1002.6
1347570 1000.1
1347580 1000.1
1347590 998.6
1347600 995.8
1347610 995.8
1347620 994.1
1347630 992.9
1347640 992.9
1347650 992.0
1347660 991.6
1347670 991.6
1347680 990.3
1347690 987.9
1347700 987.9
1347710 984.2
1347720 980.8
1347730 980.8
1347740 978.0
1347750 976.0
1347760 976.0
1347770 975.4
1347780 975.2
1347790 975.2
1347800 974.3
1347810 973.8
1347820 973.5
1347830 973.5
1347840 973.2
1347850 972.7
1347860 972.7
1347870 972.0
1347880 971.5
1347890 971.5
1347900 971.1
1347910 970.7
1347920 970.7
1347930 969.9
1347940 970.7
1347950 970.7
1347960 970.6
1347970 971.1
1347980 971.1
1347990 971.3
1348000 971.8
1348010 971.8
1348020 973.2
1348030 977.7
1348040 977.7
1348050 981.9
1348060 985.3
1348070 985.3
1348080 987.6
1348090 989.8
1348100 991.8
1348110 991.8
1348120 993.8
1348130 995.6
1348140 995.6
1348150 997.2
1348160 999.4
1348170 999.4
1348180 1001.6
1348190 1003.7
1348200 1003.7
1348210 1006.2
1348220 1006.8
1348230 1006.8
1348240 1008.0
1348250 1009.6
1348260 1009.6
1348270 1010.6
1348280 1010.3
1348290 1010.3
1348300 1010.0
1348310 1011.4
1348320 1011.4
1348330 1014.6
1348340 1015.9
1348350 1015.9
1348360 1016.4
1348370 1017.7
1348380 1017.7
1348390 1018.9
1348400 1020.3
1348410 1022.0
1348420 1022.0
1348430 1023.1
1348440 1024.3
1348450 1024.3
1348460 1025.4
1348470 1026.7
1348480 1026.7
1348490 1027.8
1348500 1029.0
1348510 1029.0
1348520 1031.1
1348530 1033.6
1348540 1033.6
1348550 1036.2
1348560 1039.1
1348570 1039.1
1348580 1040.4
1348590 1040.6
1348600 1040.6
1348610 1040.7
1348620 1040.4
1348630 1040.4
1348640 1041.8
1348650 1044.8
1348660 1044.8
1348670 1049.0
1348680 1052.0
1348690 1056.4
1348700 1056.4
1348710 1058.8
1348720 1058.9
1348730 1058.9
1348740 1057.1
1348750 1057.1
1348760 1057.1
1348770 1059.7
1348780 1062.6
1348790 1062.6
1348800 1064.3
1348810 1063.3
1348820 1063.3
1348830 1060.3
1348840 1060.6
1348850 1060.6
1348860 1063.9
1348870 1066.2
1348880 1066.2
1348890 1067.2
1348900 1063.8
1348910 1069.3
1348920 1064.3
1348930 1062.9
1348940 1062.9
1348950 1062.5
1348960 1062.5
1348970 1064.8
1348980 1064.8
1348990 1071.0
1349000 1076.7
1349010 1076.7
1349020 1080.7
1349030 1082.6
1349040 1082.6
1349050 1084.4
1349060 1088.1
1349070 1088.1
1349080 1092.6
1349090 1100.4
1349100 1100.4
1349110 1106.2
1349120 1107.8
1349130 1107.8
1349140 1107.9
1349150 1108.3
1349160 1108.3
1349170 1111.4
1349180 1114.6
1349190 1114.6
1349200 1116.6
1349210 1118.5
1349220 1118.5
1349230 1120.7
1349240 1123.2
1349250 1126.3
1349260 1126.3
1349270 1129.7
1349280 1133.3
1349290 1133.3
1349300 1137.3
1349310 1141.6
1349320 1141.6
1349330 1145.2
1349340 1149.0
1349350 1149.0
1349360 1153.4
1349370 1157.5
1349380 1157.5
1349390 1161.7
1349400 1165.9
1349410 1165.9
1349420 1170.3
1349430 1174.0
1349440 1174.0
1349450 1177.7
1349460 1180.9
1349470 1180.9
1349480 1183.2
1349490 1185.3
1349500 1185.3
1349510 1188.4
1349520 1193.1
1349530 1199.0
1349540 1199.0
1349550 1204.3
1349560 1208.8
1349570 1208.8
1349580 1212.5
1349590 1215.2
1349600 1215.2
1349610 1219.5
1349620 1223.0
1349630 1223.0
1349640 1226.7
1349650 1230.1
1349660 1230.1
1349670 1232.9
1349680 1236.3
1349690 1236.3
1349700 1239.9
1349710 1243.6
1349720 1243.6
1349730 1246.7
1349740 1249.9
1349750 1249.9
1349760 1253.9
1349770 1258.2
1349780 1258.2
1349790 1262.6
1349800 1266.7
1349810 1270.3
1349820 1270.3
1349830 1274.1
1349840 1278.0
1349850 1284.4
1349860 1288.1
1349870 1291.6
1349880 1291.6
1349890 1294.4
1349900 1296.5
1349910 1296.5
1349920 1298.7
1349930 1302.0
1349940 1302.0
1349950 1305.5
1349960 1308.2
1349970 1308.2
1349980 1309.9
1349990 1311.3
1350000 1311.3
1350010 1312.4
1350020 1313.0
1350030 1313.0
1350040 1313.5
1350050 1313.1
1350060 1313.1
1350070 1312.8
1350080 1312.2
1350090 1312.2
1350100 1311.2
1350110 1310.2
1350120 1309.0
1350130 1309.0
1350140 1307.2
1350150 1305.2
1350160 1305.2
1350170 1302.6
1350180 1299.4
1350190 1299.4
1350200 1297.7
1350210 1295.6
1350220 1295.6
1350230 1292.3
1350240 1288.7
1350250 1288.7
1350260 1284.7
1350270 1279.5
1350280 1279.5
1350290 1274.0
1350300 1268.0
1350310 1268.0
1350320 1263.4
1350330 1258.5
1350340 1258.5
1350350 1253.4
1350360 1249.2
1350370 1249.2
1350380 1245.6
1350390 1240.5
1350400 1234.8
1350410 1234.8
1350420 1228.3
1350430 1221.7
1350440 1221.7
1350450 1215.7
1350460 1210.0
1350470 1210.0
1350480 1205.3
1350490 1201.2
1350500 1201.2
1350510 1196.3
1350520 1192.7
1350530 1192.7
1350540 1190.7
1350550 1188.9
1350560 1188.9
1350570 1186.7
1350580 1185.0
1350590 1185.0
1350600 1182.9
1350610 1181.3
1350620 1181.3
1350630 1179.4
1350640 1177.2
1350650 1177.2
1350660 1174.9
1350670 1171.4
1350680 1167.7
1350690 1167.7
1350700 1164.8
1350710 1161.8
1350720 1161.8
1350730 1158.5
1350740 1155.8
1350750 1155.8
1350760 1153.4
1350770 1151.9
1350780 1151.9
1350790 1150.2
1350800 1154.8
1350810 1154.8
1350820 1153.3
1350830 1152.4
1350840 1152.4
1350850 1151.6
1350860 1150.4
1350870 1150.4
1350880 1148.5
1350890 1147.6
1350900 1147.6
1350910 1147.4
1350920 1147.4
1350930 1147.4
1350940 1147.3
1350950 1146.9
1350960 1145.7
1350970 1145.7
1350980 1144.6
1350990 1145.0
1351000 1145.0
1351010 1144.5
1351020 1143.7
1351030 1143.7
1351040 1141.7
1351050 1139.9
1351060 1139.9
1351070 1138.3
1351080 1136.7
1351090 1136.7
1351100 1134.3
1351110 1131.5
1351120 1131.5
1351130 1128.1
1351140 1124.9
1351150 1124.9
1351160 1122.3
1351170 1120.2
1351180 1120.2
1351190 1117.2
1351200 1114.5
1351210 1114.5
1351220 1112.7
1351230 1111.4
1351240 1109.9
1351250 1109.9
1351260 1107.9
1351270 1105.6
1351280 1105.6
1351290 1103.4
1351300 1101.2
1351310 1101.2
1351320 1099.8
1351330 1098.2
1351340 1098.2
1351350 1095.4
1351360 1092.9
1351370 1092.9
1351380 1092.2
1351390 1092.2
1351400 1092.2
1351410 1092.2
1351420 1091.4
1351430 1091.4
1351440 1091.4
1351450 1091.3
1351460 1091.3
1351470 1090.3
1351480 1090.0
1351490 1090.0
1351500 1091.7
1351510 1093.4
1351520 1093.3
1351530 1093.3
1351540 1090.3
1351550 1086.9
1351560 1086.9
1351570 1083.3
1351580 1078.9
1351590 1078.9
1351600 1074.9
1351610 1071.9
1351620 1071.9
1351630 1068.8
1351640 1064.7
1351650 1064.7
1351660 1060.2
1351670 1055.1
1351680 1055.1
1351690 1049.8
1351700 1044.6
1351710 1044.6
1351720 1040.2
1351730 1036.8
1351740 1036.8
1351750 1038.8
1351760 1036.2
1351770 1036.2
1351780 1031.7
1351790 1028.2
1351800 1025.6
1351810 1025.6
1351820 1022.3
1351830 1018.6
1351840 1018.6
1351850 1015.8
1351860 1015.6
1351870 1015.6
1351880 1017.3
1351890 1018.1
1351900 1018.1
1351910 1018.3
1351920 1018.5
1351930 1018.5
1351940 1013.8
1351950 1007.0
1351960 1007.0
1351970 1005.3
1351980 1002.6
1351990 1002.6
1352000 1001.0
1352010 1000.2
1352020 1000.2
1352030 999.0
1352040 996.1
1352050 996.1
1352060 993.9
1352070 995.8
1352080 995.8
1352090 997.3
1352100 999.3
1352110 1003.7
1352120 1003.7
1352130 1010.9
1352140 1018.8
1352150 1018.8
1352160 1026.0
1352170 1033.1
1352180 1033.1
1352190 1035.4
1352200 1036.7
1352210 1036.7
1352220 1037.9
1352230 1038.5
1352240 1038.5
1352250 1039.0
1352260 1038.9
1352270 1038.9
1352280 1039.4
1352290 1039.1
1352300 1039.1
1352310 1039.6
1352320 1039.0
1352330 1039.0
1352340 1038.1
1352350 1037.5
1352360 1037.5
1352370 1036.4
1352380 1035.3
1352390 1035.5
1352400 1035.5
1352410 1036.0
1352420 1035.5
1352430 1035.5
1352440 1035.0
1352450 1035.8
1352460 1035.8
1352470 1037.0
1352480 1038.5
1352490 1038.5
1352500 1040.2
1352510 1041.9
1352520 1041.9
1352530 1043.8
1352540 1045.7
1352550 1045.7
1352560 1047.3
1352570 1049.3
1352580 1049.3
1352590 1051.0
1352600 1052.8
1352610 1052.8
1352620 1056.9
1352630 1060.7
1352640 1060.7
1352650 1065.2
1352660 1069.6
1352670 1075.0
1352680 1075.0
1352690 1080.0
1352700 1084.3
1352710 1084.3
1352720 1091.2
1352730 1095.4
1352740 1095.4
1352750 1099.3
1352760 1101.8
1352770 1101.8
1352780 1105.7
1352790 1111.7
1352800 1111.7
1352810 1116.8
1352820 1120.6
1352830 1120.6
1352840 1123.3
1352850 1125.7
1352860 1125.7
1352870 1128.9
1352880 1131.9
1352890 1131.9
1352900 1135.2
1352910 1138.9
1352920 1138.9
1352930 1142.5
1352940 1148.1
1352950 1155.5
1352960 1155.5
1352970 1163.0
1352980 1169.8
1352990 1169.8
1353000 1176.5
1353010 1182.8
1353020 1182.8
1353030 1189.3
1353040 1196.4
1353050 1196.4
1353060 1202.1
1353070 1208.3
1353080 1208.3
1353090 1214.5
1353100 1220.2
1353110 1220.2
1353120 1225.9
1353130 1231.7
1353140 1231.7
1353150 1238.4
1353160 1245.0
1353170 1245.0
1353180 1250.3
1353190 1255.0
1353200 1255.0
1353210 1259.3
1353220 1263.5
1353230 1267.4
1353240 1267.4
1353250 1270.8
1353260 1274.0
1353270 1274.0
1353280 1277.3
1353290 1282.5
1353300 1282.5
1353310 1288.7
1353320 1295.1
1353330 1295.1
1353340 1301.7
1353350 1306.3
1353360 1306.3
1353370 1310.9
1353380 1315.6
1353390 1315.6
1353400 1321.2
1353410 1326.1
1353420 1326.1
1353430 1330.2
1353440 1333.1
1353450 1333.1
1353460 1335.4
1353470 1337.5
1353480 1337.5
1353490 1340.6
1353500 1343.7
1353510 1346.6
1353520 1346.6
1353530 1350.5
1353540 1354.7
1353550 1354.7
1353560 1359.2
1353570 1364.6
1353580 1364.6
1353590 1370.3
1353600 1374.7
1353610 1374.7
1353620 1379.0
1353630 1384.7
1353640 1384.7
1353650 1391.1
1353660 1397.7
1353670 1397.7
1353680 1403.3
1353690 1410.0
1353700 1410.0
1353710 1417.0
1353720 1423.5
1353730 1423.5
1353740 1428.3
1353750 1433.5
1353760 1433.5
1353770 1438.7
1353780 1443.8
1353790 1443.8
1353800 1450.3
1353810 1457.1
1353820 1463.8
1353830 1463.8
1353840 1470.0
1353850 1476.3
1353860 1476.3
1353870 1481.2
1353880 1486.1
1353890 1486.1
1353900 1491.6
1353910 1497.7
1353920 1497.7
1353930 1503.4
1353940 1509.4
1353950 1509.4
1353960 1515.5
1353970 1521.8
1353980 1521.8
1353990 1529.0
1354000 1534.9
1354010 1534.9
1354020 1537.7
1354030 1539.7
1354040 1539.7
1354050 1542.7
1354060 1546.3
1354070 1546.3
1354080 1551.7
1354090 1557.1
1354100 1561.4
1354110 1561.4
1354120 1564.9
1354130 1568.3
1354140 1568.3
1354150 1571.3
1354160 1575.2
1354170 1575.2
1354180 1579.6
1354190 1584.3
1354200 1584.3
1354210 1588.2
1354220 1592.9
1354230 1592.9
1354240 1596.1
1354250 1598.4
1354260 1598.4
1354270 1601.1
1354280 1605.2
1354290 1605.2
1354300 1610.9
1354310 1616.5
1354320 1616.5
1354330 1619.8
1354340 1623.3
1354350 1623.3
1354360 1626.5
1354370 1629.3
1354380 1631.6
1354390 1631.6
1354400 1633.4
1354410 1636.2
1354420 1636.2
1354430 1641.2
1354440 1647.5
1354450 1647.5
1354460 1653.1
1354470 1658.5
1354480 1658.5
1354490 1664.7
1354500 1671.9
1354510 1671.9
1354520 1679.6
1354530 1686.8
1354540 1686.8
1354550 1692.3
1354560 1696.8
1354570 1696.8
1354580 1701.4
1354590 1705.9
1354600 1705.9
1354610 1707.7
1354620 1710.2
1354630 1710.2
1354640 1712.8
1354650 1714.8
1354660 1718.0
1354670 1718.0
1354680 1720.9
1354690 1724.9
1354700 1724.9
1354710 1728.0
1354720 1730.2
1354730 1730.2
1354740 1733.6
1354750 1736.7
1354760 1736.7
1354770 1740.2
1354780 1743.0
1354790 1743.0
1354800 1746.1
1354810 1749.8
1354820 1749.8
1354830 1753.8
1354840 1758.5
1354850 1758.5
1354860 1763.2
1354870 1767.3
1354880 1767.3
1354890 1770.8
1354900 1773.5
1354910 1773.5
1354920 1776.7
1354930 1781.1
1354940 1785.6
1354950 1785.6
1354960 1789.7
1354970 1793.4
1354980 1793.4
1354990 1795.3
1355000 1798.1
1355010 1798.1
1355020 1802.2
1355030 1806.8
1355040 1806.8
1355050 1811.2
1355060 1815.6
1355070 1815.6
1355080 1819.9
1355090 1823.3
1355100 1823.3
1355110 1826.0
1355120 1829.2
1355130 1829.2
1355140 1831.2
1355150 1830.2
1355160 1830.2
1355170 1827.5
1355180 1825.5
1355190 1825.5
1355200 1829.3
1355210 1834.2
1355220 1839.1
1355230 1839.1
1355240 1845.4
1355250 1853.0
1355260 1853.0
1355270 1859.0
1355280 1864.6
1355290 1864.6
1355300 1869.7
1355310 1874.1
1355320 1874.1
1355330 1879.5
1355340 1887.1
1355350 1887.1
1355360 1896.2
1355370 1904.7
1355380 1904.7
1355390 1907.2
1355400 1907.2
1355410 1907.2
1355420 1907.3
1355430 1906.1
1355440 1906.1
1355450 1905.6
1355460 1906.9
1355470 1906.9
1355480 1906.4
1355490 1905.4
1355500 1905.4
1355510 1903.7
1355520 1901.7
1355530 1899.9
1355540 1899.9
1355550 1898.7
1355560 1898.6
1355570 1898.6
1355580 1897.5
1355590 1894.7
1355600 1894.7
1355610 1891.3
1355620 1887.7
1355630 1887.7
1355640 1883.5
1355650 1881.2
1355660 1881.2
1355670 1875.5
1355680 1870.5
1355690 1870.5
1355700 1866.4
1355710 1862.3
1355720 1862.3
1355730 1857.9
1355740 1855.0
1355750 1855.0
1355760 1853.8
1355770 1853.1
1355780 1853.1
1355790 1852.7
1355800 1852.6
1355810 1852.5
1355820 1852.5
1355830 1852.5
1355840 1852.5
1355850 1852.5
1355860 1853.0
1355870 1854.5
1355880 1854.5
1355890 1855.8
1355900 1855.7
1355910 1855.7
1355920 1854.3
1355930 1853.2
1355940 1853.2
1355950 1852.4
1355960 1851.0
1355970 1851.0
1355980 1850.3
1355990 1849.5
1356000 1849.5
1356010 1847.6
1356020 1846.5
1356030 1846.5
1356040 1845.2
1356050 1841.5
1356060 1841.5
1356070 1836.8
1356080 1831.4
1356090 1825.3
1356100 1825.3
1356110 1819.4
1356120 1813.2
1356130 1813.2
1356140 1807.2
1356150 1801.6
1356160 1801.6
1356170 1796.4
1356180 1791.6
1356190 1791.6
1356200 1788.0
1356210 1784.3
1356220 1784.3
1356230 1780.9
1356240 1777.7
1356250 1777.7
1356260 1774.3
1356270 1770.8
1356280 1770.8
1356290 1766.5
1356300 1762.9
1356310 1762.9
1356320 1760.4
1356330 1757.8
1356340 1757.8
1356350 1753.9
1356360 1748.2
1356370 1742.8
1356380 1742.8
1356390 1738.5
1356400 1737.4
1356410 1737.4
1356420 1736.3
1356430 1735.9
1356440 1735.9
1356450 1736.5
1356460 1735.3
1356470 1735.3
1356480 1731.7
1356490 1727.2
1356500 1727.2
1356510 1722.5
1356520 1715.1
1356530 1715.1
1356540 1705.4
1356550 1699.7
1356560 1699.7
1356570 1696.8
1356580 1696.2
1356590 1696.2
1356600 1697.4
1356610 1699.9
1356620 1699.9
1356630 1703.4
1356640 1700.4
1356650 1698.6
1356660 1698.6
1356670 1696.3
1356680 1695.1
1356690 1695.1
1356700 1694.1
1356710 1692.3
1356720 1692.3
1356730 1690.5
1356740 1689.2
1356750 1689.2
1356760 1688.4
1356770 1688.4
1356780 1688.4
1356790 1689.1
1356800 1689.1
1356810 1689.1
1356820 1688.0
1356830 1687.4
1356840 1687.4
1356850 1687.5
1356860 1687.2
1356870 1687.2
1356880 1687.1
1356890 1687.7
1356900 1687.7
1356910 1688.2
1356920 1687.8
1356930 1686.6
1356940 1686.6
1356950 1687.0
1356960 1689.3
1356970 1689.3
1356980 1690.8
1356990 1690.9
1357000 1690.9
1357010 1691.1
1357020 1694.9
1357030 1694.9
1357040 1696.5
1357050 1697.0
1357060 1697.0
1357070 1697.9
1357080 1698.9
1357090 1698.9
1357100 1701.3
1357110 1703.0
1357120 1703.0
1357130 1704.9
1357140 1704.9
1357150 1704.9
1357160 1705.1
1357170 1706.0
1357180 1706.0
1357190 1706.9
1357200 1707.6
1357210 1707.6
1357220 1707.2
1357230 1707.3
1357240 1706.0
1357250 1706.0
1357260 1705.2
1357270 1705.9
1357280 1705.9
1357290 1706.6
1357300 1706.6
1357310 1706.6
1357320 1705.7
1357330 1706.8
1357340 1706.8
1357350 1708.6
1357360 1708.8
1357370 1708.8
1357380 1709.5
1357390 1710.8
1357400 1710.8
1357410 1711.3
1357420 1711.5
1357430 1711.5
1357440 1711.6
1357450 1710.8
1357460 1710.8
1357470 1710.6
1357480 1710.3
1357490 1710.3
1357500 1709.1
1357510 1707.7
1357520 1705.6
1357530 1705.6
1357540 1702.8
1357550 1699.9
1357560 1699.9
1357570 1697.8
1357580 1696.2
1357590 1696.2
1357600 1694.1
1357610 1690.7
1357620 1690.7
1357630 1686.8
1357640 1683.9
1357650 1679.9
1357660 1677.2
1357670 1674.5
1357680 1674.5
1357690 1672.5
1357700 1671.1
1357710 1671.1
1357720 1668.1
1357730 1663.7
1357740 1663.7
1357750 1660.3
1357760 1657.3
1357770 1657.3
1357780 1654.7
1357790 1652.3
1357800 1649.1
1357810 1649.1
1357820 1645.6
1357830 1642.9
1357840 1642.9
1357850 1640.0
1357860 1636.4
1357870 1636.4
1357880 1633.1
1357890 1629.7
1357900 1629.7
1357910 1626.0
1357920 1621.4
1357930 1621.4
1357940 1617.2
1357950 1613.3
1357960 1613.3
1357970 1610.3
1357980 1607.7
1357990 1607.7
1358000 1605.0
1358010 1602.1
1358020 1602.1
1358030 1597.9
1358040 1594.9
1358050 1594.9
1358060 1592.1
1358070 1589.5
1358080 1585.8
1358090 1585.8
1358100 1582.4
1358110 1579.2
1358120 1579.2
1358130 1575.5
1358140 1571.2
1358150 1571.2
1358160 1567.7
1358170 1563.5
1358180 1563.5
1358190 1558.8
1358200 1554.7
1358210 1554.7
1358220 1551.5
1358230 1548.7
1358240 1548.7
1358250 1545.7
1358260 1541.7
1358270 1541.7
1358280 1537.2
1358290 1532.8
1358300 1532.8
1358310 1528.1
1358320 1523.8
1358330 1523.8
1358340 1519.0
1358350 1514.0
1358360 1509.1
1358370 1509.1
1358380 1504.5
1358390 1500.0
1358400 1500.0
1358410 1496.0
1358420 1491.9
1358430 1491.9
1358440 1488.0
1358450 1484.0
1358460 1484.0
1358470 1479.8
1358480 1475.2
1358490 1475.2
1358500 1471.0
1358510 1467.9
1358520 1467.9
1358530 1465.0
1358540 1461.5
1358550 1461.5
1358560 1458.2
1358570 1454.3
1358580 1454.3
1358590 1449.5
1358600 1443.7
1358610 1443.7
1358620 1437.4
1358630 1432.9
1358640 1430.1
1358650 1430.1
1358660 1422.0
1358670 1419.8
1358680 1419.8
1358690 1415.6
1358700 1409.6
1358710 1409.6
1358720 1404.0
1358730 1400.3
1358740 1400.3
1358750 1396.7
1358760 1392.7
1358770 1392.7
1358780 1388.1
1358790 1383.8
1358800 1383.8
1358810 1379.3
1358820 1374.4
1358830 1374.4
1358840 1369.7
1358850 1365.0
1358860 1365.0
1358870 1360.7
1358880 1356.6
1358890 1356.6
1358900 1352.2
1358910 1347.4
1358920 1347.4
1358930 1343.1
1358940 1337.7
1358950 1331.3
1358960 1331.3
1358970 1324.9
1358980 1320.1
1358990 1320.1
1359000 1315.0
1359010 1309.5
1359020 1309.5
1359030 1304.6
1359040 1299.7
1359050 1299.7
1359060 1295.2
1359070 1291.5
1359080 1291.5
1359090 1288.1
1359100 1284.2
1359110 1284.2
1359120 1279.8
1359130 1274.4
1359140 1274.4
1359150 1269.1
1359160 1265.0
1359170 1265.0
1359180 1262.8
1359190 1260.4
1359200 1260.4
1359210 1256.6
1359220 1252.5
1359230 1247.6
1359240 1247.6
1359250 1242.4
1359260 1238.2
1359270 1238.2
1359280 1234.5
1359290 1231.3
1359300 1231.3
1359310 1227.4
1359320 1224.0
1359330 1224.0
1359340 1220.6
1359350 1216.6
1359360 1216.6
1359370 1212.1
1359380 1206.9
1359390 1206.9
1359400 1202.3
1359410 1197.7
1359420 1197.7
1359430 1192.7
1359440 1187.1
1359450 1187.1
1359460 1180.5
1359470 1175.3
1359480 1175.3
1359490 1172.8
1359500 1170.7
1359510 1167.6
1359520 1167.6
1359530 1167.5
1359540 1171.0
1359550 1171.0
1359560 1171.9
1359570 1171.4
1359580 1171.4
1359590 1170.2
1359600 1168.3
1359610 1168.3
1359620 1165.4
1359630 1162.3
1359640 1162.3
1359650 1158.6
1359660 1157.3
1359670 1162.6
1359680 1162.5
1359690 1160.6
1359700 1160.6
1359710 1156.0
1359720 1147.2
1359730 1147.2
1359740 1133.2
1359750 1125.7
1359760 1125.7
1359770 1119.1
1359780 1112.4
1359790 1105.4
1359800 1105.4
1359810 1099.1
1359820 1093.2
1359830 1093.2
1359840 1086.6
1359850 1079.4
1359860 1079.4
1359870 1073.3
1359880 1067.4
1359890 1067.4
1359900 1061.7
1359910 1057.5
1359920 1057.5
1359930 1053.8
1359940 1050.2
1359950 1050.2
1359960 1045.2
1359970 1039.2
1359980 1039.2
1359990 1032.3
