1340000 1815.4
1340010 1810.8
1340020 1807.9
1340030 1807.9
1340040 1805.2
1340050 1802.1
1340060 1802.1
1340070 1799.8
1340080 1798.2
1340090 1796.6
1340100 1796.6
1340110 1792.1
1340120 1786.1
1340130 1786.1
1340140 1779.1
1340150 1771.7
1340160 1771.7
1340170 1763.9
1340180 1756.7
1340190 1756.7
1340200 1750.0
1340210 1743.4
1340220 1743.4
1340230 1736.5
1340240 1729.9
1340250 1729.9
1340260 1723.9
1340270 1718.1
1340280 1718.1
1340290 1713.4
1340300 1708.6
1340310 1708.6
1340320 1702.6
1340330 1697.1
1340340 1697.1
1340350 1692.1
1340360 1688.0
1340370 1683.0
1340380 1683.0
1340390 1677.9
1340400 1673.6
1340410 1673.6
1340420 1669.9
1340430 1664.8
1340440 1664.8
1340450 1658.7
1340460 1652.7
1340470 1652.7
1340480 1646.9
1340490 1641.4
1340500 1641.4
1340510 1636.4
1340520 1631.5
1340530 1631.5
1340540 1627.0
1340550 1621.5
1340560 1621.5
1340570 1615.8
1340580 1609.2
1340590 1609.2
1340600 1602.2
1340610 1596.0
1340620 1596.0
1340630 1589.0
1340640 1581.5
1340650 1574.3
1340660 1574.3
1340670 1568.7
1340680 1562.2
1340690 1563.7
1340700 1557.9
1340710 1552.3
1340720 1552.3
1340730 1547.3
1340740 1543.2
1340750 1543.2
1340760 1538.7
1340770 1534.4
1340780 1534.4
1340790 1529.9
1340800 1525.3
1340810 1525.3
1340820 1521.1
1340830 1517.0
1340840 1517.0
1340850 1512.7
1340860 1508.6
1340870 1508.6
1340880 1504.8
1340890 1501.3
1340900 1501.3
1340910 1498.6
1340920 1494.8
1340930 1494.8
1340940 1490.9
1340950 1486.5
1340960 1481.2
1340970 1481.2
1340980 1476.9
1340990 1473.4
1341000 1473.4
1341010 1469.8
1341020 1466.3
1341030 1466.3
1341040 1462.8
1341050 1459.2
1341060 1459.2
1341070 1455.4
1341080 1451.1
1341090 1451.1
1341100 1446.2
1341110 1441.4
1341120 1441.4
1341130 1436.5
1341140 1431.2
1341150 1431.2
1341160 1426.2
1341170 1421.8
1341180 1421.8
1341190 1417.7
1341200 1413.2
1341210 1413.2
1341220 1407.0
1341230 1399.9
1341240 1392.7
1341250 1392.7
1341260 1385.9
1341270 1379.3
1341280 1379.3
1341290 1373.6
1341300 1367.7
1341310 1367.7
1341320 1361.0
1341330 1353.1
1341340 1353.1
1341350 1345.9
1341360 1340.2
1341370 1340.2
1341380 1335.4
1341390 1331.1
1341400 1331.1
1341410 1326.7
1341420 1322.1
1341430 1322.1
1341440 1317.8
1341450 1313.4
1341460 1313.4
1341470 1307.5
1341480 1300.1
1341490 1300.1
1341500 1294.3
1341510 1288.9
1341520 1284.0
1341530 1284.0
1341540 1279.1
1341550 1273.7
1341560 1273.7
1341570 1267.3
1341580 1260.6
1341590 1260.6
1341600 1255.9
1341610 1250.7
1341620 1250.7
1341630 1246.6
1341640 1243.8
1341650 1243.8
1341660 1241.7
1341670 1239.5
1341680 1239.5
1341690 1237.3
1341700 1235.1
1341710 1235.1
1341720 1233.0
1341730 1231.1
1341740 1231.1
1341750 1229.1
1341760 1227.0
1341770 1227.0
1341780 1224.5
1341790 1221.6
1341800 1218.7
1341810 1218.7
1341820 1216.3
1341830 1214.3
1341840 1214.3
1341850 1212.4
1341860 1210.7
1341870 1210.7
1341880 1209.3
1341890 1208.0
1341900 1208.0
1341910 1206.7
1341920 1204.4
1341930 1204.4
1341940 1197.9
1341950 1191.2
1341960 1191.2
1341970 1189.0
1341980 1187.7
1341990 1187.7
1342000 1186.6
1342010 1186.4
1342020 1186.4
1342030 1185.0
1342040 1185.0
1342050 1185.0
1342060 1185.4
1342070 1191.7
1342080 1200.3
1342090 1200.3
1342100 1204.9
1342110 1206.5
1342120 1206.5
1342130 1207.8
1342140 1209.3
1342150 1209.3
1342160 1210.7
1342170 1212.1
1342180 1212.1
1342190 1213.9
1342200 1215.7
1342210 1215.7
1342220 1217.9
1342230 1220.1
1342240 1220.1
1342250 1222.5
1342260 1224.7
1342270 1224.7
1342280 1226.9
1342290 1229.3
1342300 1229.3
1342310 1231.7
1342320 1234.1
1342330 1234.1
1342340 1236.6
1342350 1240.8
1342360 1247.7
1342370 1247.7
1342380 1255.9
1342390 1264.0
1342400 1264.0
1342410 1271.7
1342420 1279.1
1342430 1279.1
1342440 1285.4
1342450 1290.4
1342460 1290.4
1342470 1295.1
1342480 1300.5
1342490 1300.5
1342500 1306.1
1342510 1312.1
1342520 1312.1
1342530 1317.0
1342540 1321.3
1342550 1321.3
1342560 1325.1
1342570 1328.9
1342580 1328.9
1342590 1333.1
1342600 1337.6
1342610 1337.6
1342620 1341.5
1342630 1345.6
1342640 1345.6
1342650 1350.6
1342660 1355.9
1342670 1361.2
1342680 1361.2
1342690 1366.4
1342700 1371.5
1342710 1371.5
1342720 1375.1
1342730 1379.9
1342740 1379.9
1342750 1384.5
1342760 1387.5
1342770 1387.5
1342780 1389.1
1342790 1390.5
1342800 1390.5
1342810 1393.2
1342820 1397.0
1342830 1397.0
1342840 1401.9
1342850 1407.2
1342860 1407.2
1342870 1411.9
1342880 1416.0
1342890 1416.0
1342900 1419.9
1342910 1423.5
1342920 1423.5
1342930 1427.0
1342940 1429.4
1342950 1432.3
1342960 1432.3
1342970 1436.2
1342980 1440.1
1342990 1440.1
1343000 1442.8
1343010 1445.5
1343020 1445.5
1343030 1448.3
1343040 1452.4
1343050 1452.4
1343060 1459.0
1343070 1465.7
1343080 1465.7
1343090 1471.3
1343100 1477.2
1343110 1477.2
1343120 1483.9
1343130 1491.8
1343140 1491.8
1343150 1498.7
1343160 1504.5
1343170 1504.5
1343180 1510.1
1343190 1516.8
1343200 1516.8
1343210 1521.9
1343220 1526.7
1343230 1531.7
1343240 1531.7
1343250 1536.2
1343260 1541.1
1343270 1541.1
1343280 1546.2
1343290 1550.4
1343300 1550.4
1343310 1554.3
1343320 1558.4
1343330 1558.4
1343340 1562.7
1343350 1567.5
1343360 1567.5
1343370 1572.2
1343380 1576.3
1343390 1576.3
1343400 1581.6
1343410 1586.0
1343420 1586.0
1343430 1591.2
1343440 1597.9
1343450 1597.9
1343460 1604.9
1343470 1610.2
1343480 1610.2
1343490 1614.4
1343500 1618.0
1343510 1621.2
1343520 1621.2
1343530 1625.9
1343540 1629.7
1343550 1629.7
1343560 1633.1
1343570 1636.9
1343580 1636.9
1343590 1639.7
1343600 1643.2
1343610 1643.2
1343620 1645.8
1343630 1648.6
1343640 1648.6
1343650 1651.5
1343660 1654.3
1343670 1654.3
1343680 1656.1
1343690 1657.1
1343700 1657.1
1343710 1660.2
1343720 1664.1
1343730 1664.1
1343740 1668.0
1343750 1673.7
1343760 1673.7
1343770 1681.6
1343780 1688.6
1343790 1692.1
1343800 1692.1
1343810 1695.4
1343820 1698.6
1343830 1698.6
1343840 1701.6
1343850 1705.2
1343860 1705.2
1343870 1710.1
1343880 1716.3
1343890 1716.3
1343900 1723.0
1343910 1730.4
1343920 1730.4
1343930 1738.0
1343940 1742.5
1343950 1742.5
1343960 1743.8
1343970 1743.2
1343980 1743.2
1343990 1743.0
1344000 1745.1
1344010 1745.1
1344020 1745.6
1344030 1746.3
1344040 1746.3
1344050 1747.9
1344060 1749.8
1344070 1749.8
1344080 1752.6
1344090 1756.8
1344100 1760.3
1344110 1760.3
1344120 1763.4
1344130 1767.3
1344140 1767.3
1344150 1772.2
1344160 1778.1
1344170 1778.1
1344180 1784.7
1344190 1792.0
1344200 1792.0
1344210 1799.7
1344220 1808.3
1344230 1808.3
1344240 1818.7
1344250 1828.1
1344260 1828.1
1344270 1836.5
1344280 1843.9
1344290 1843.9
1344300 1852.5
1344310 1860.2
1344320 1860.2
1344330 1865.2
1344340 1869.3
1344350 1869.3
1344360 1876.1
1344370 1882.8
1344380 1886.5
1344390 1886.5
1344400 1884.1
1344410 1880.6
1344420 1880.6
1344430 1877.4
1344440 1878.3
1344450 1878.3
1344460 1880.2
1344470 1878.4
1344480 1878.4
1344490 1874.5
1344500 1870.4
1344510 1870.4
1344520 1865.4
1344530 1863.6
1344540 1863.6
1344550 1858.4
1344560 1852.4
1344570 1852.4
1344580 1849.7
1344590 1847.6
1344600 1847.6
1344610 1845.0
1344620 1840.7
1344630 1840.7
1344640 1836.3
1344650 1833.7
1344660 1829.9
1344670 1829.9
1344680 1823.8
1344690 1818.5
1344700 1818.5
1344710 1815.5
1344720 1813.1
1344730 1813.1
1344740 1809.8
1344750 1806.3
1344760 1806.3
1344770 1804.1
1344780 1801.8
1344790 1801.8
1344800 1798.2
1344810 1793.7
1344820 1793.7
1344830 1787.7
1344840 1780.9
1344850 1780.9
1344860 1774.9
1344870 1772.1
1344880 1772.1
1344890 1769.6
1344900 1767.2
1344910 1767.2
1344920 1765.1
1344930 1763.3
1344940 1761.3
1344950 1761.3
1344960 1759.0
1344970 1755.9
1344980 1755.9
1344990 1752.7
1345000 1750.0
1345010 1750.0
1345020 1746.8
1345030 1743.5
1345040 1743.5
1345050 1739.7
1345060 1734.7
1345070 1734.7
1345080 1729.4
1345090 1724.7
1345100 1724.7
1345110 1719.6
1345120 1715.2
1345130 1715.2
1345140 1711.7
1345150 1707.9
1345160 1707.9
1345170 1702.2
1345180 1695.4
1345190 1694.2
1345200 1687.9
1345210 1680.9
1345220 1673.6
1345230 1673.6
1345240 1667.4
1345250 1662.0
1345260 1662.0
1345270 1657.3
1345280 1652.5
1345290 1652.5
1345300 1648.0
1345310 1644.7
1345320 1644.7
1345330 1641.5
1345340 1637.6
1345350 1637.6
1345360 1633.7
1345370 1629.4
1345380 1629.4
1345390 1625.6
1345400 1621.1
1345410 1621.1
1345420 1616.7
1345430 1613.1
1345440 1613.1
1345450 1608.8
1345460 1604.1
1345470 1604.1
1345480 1599.5
1345490 1594.3
1345500 1594.3
1345510 1589.0
1345520 1584.3
1345530 1579.4
1345540 1579.4
1345550 1573.5
1345560 1568.1
1345570 1568.1
1345580 1562.6
1345590 1556.3
1345600 1556.3
1345610 1549.4
1345620 1544.6
1345630 1544.6
1345640 1541.2
1345650 1536.5
1345660 1536.5
1345670 1529.7
1345680 1521.7
1345690 1521.7
1345700 1515.3
1345710 1510.0
1345720 1510.0
1345730 1504.5
1345740 1498.4
1345750 1498.4
1345760 1493.6
1345770 1489.0
1345780 1489.0
1345790 1483.4
1345800 1478.6
1345810 1474.5
1345820 1474.5
1345830 1469.2
1345840 1464.0
1345850 1464.0
1345860 1457.6
1345870 1451.7
1345880 1451.7
1345890 1445.7
1345900 1438.5
1345910 1438.5
1345920 1433.0
1345930 1428.5
1345940 1428.5
1345950 1423.6
1345960 1419.4
1345970 1419.4
1345980 1414.8
1345990 1411.7
1346000 1411.7
1346010 1409.6
1346020 1404.2
1346030 1404.2
1346040 1399.1
1346050 1394.0
1346060 1394.0
1346070 1387.5
1346080 1381.7
1346090 1375.8
1346100 1375.8
1346110 1374.4
1346120 1367.3
1346130 1367.3
1346140 1360.3
1346150 1356.7
1346160 1356.7
1346170 1356.7
1346180 1356.9
1346190 1356.9
1346200 1356.9
1346210 1355.8
1346220 1355.8
1346230 1354.9
1346240 1354.6
1346250 1354.6
1346260 1353.8
1346270 1350.5
1346280 1350.5
1346290 1347.0
1346300 1341.9
1346310 1341.9
1346320 1336.3
1346330 1331.6
1346340 1331.6
1346350 1327.9
1346360 1326.5
1346370 1323.8
1346380 1323.8
1346390 1319.0
1346400 1312.8
1346410 1312.8
1346420 1309.7
1346430 1308.7
1346440 1308.7
1346450 1306.2
1346460 1302.1
1346470 1302.1
1346480 1295.2
1346490 1286.5
1346500 1286.5
1346510 1277.5
1346520 1269.1
1346530 1269.1
1346540 1260.8
1346550 1254.2
1346560 1254.2
1346570 1256.0
1346580 1262.5
1346590 1262.5
1346600 1266.8
1346610 1268.6
1346620 1268.6
1346630 1270.3
1346640 1272.2
1346650 1271.3
1346660 1271.3
1346670 1268.7
1346680 1265.3
1346690 1265.3
1346700 1261.5
1346710 1257.9
1346720 1257.9
1346730 1254.8
1346740 1251.1
1346750 1251.1
1346760 1248.0
1346770 1245.2
1346780 1245.2
1346790 1242.3
1346800 1240.1
1346810 1240.1
1346820 1237.4
1346830 1234.4
1346840 1234.4
1346850 1230.7
1346860 1226.1
1346870 1226.1
1346880 1223.6
1346890 1219.1
1346900 1219.1
1346910 1214.9
1346920 1211.0
1346930 1211.0
1346940 1209.2
1346950 1205.2
1346960 1200.7
1346970 1200.7
1346980 1196.3
1346990 1192.3
1347000 1192.3
1347010 1188.5
1347020 1185.1
1347030 1185.1
1347040 1179.6
1347050 1174.2
1347060 1174.2
1347070 1171.2
1347080 1168.6
1347090 1168.6
1347100 1163.8
1347110 1158.3
1347120 1158.3
1347130 1153.4
1347140 1147.7
1347150 1147.7
1347160 1142.2
1347170 1137.3
1347180 1137.3
1347190 1131.6
1347200 1122.3
1347210 1122.3
1347220 1115.3
1347230 1110.5
1347240 1102.6
1347250 1102.6
1347260 1097.0
1347270 1093.5
1347280 1093.5
1347290 1094.1
1347300 1094.8
1347310 1094.8
1347320 1098.9
1347330 1104.3
1347340 1104.3
1347350 1107.0
1347360 1107.7
1347370 1107.7
1347380 1106.8
1347390 1105.0
1347400 1105.0
1347410 1101.4
1347420 1099.0
1347430 1099.0
1347440 1095.7
1347450 1094.1
1347460 1094.1
1347470 1092.7
1347480 1092.1
1347490 1092.1
1347500 1091.0
1347510 1090.4
1347520 1089.3
1347530 1089.3
1347540 1087.0
1347550 1083.1
1347560 1083.1
1347570 1078.8
1347580 1073.7
1347590 1073.7
1347600 1068.8
1347610 1064.8
1347620 1064.8
1347630 1060.7
1347640 1056.8
1347650 1056.8
1347660 1053.4
1347670 1049.3
1347680 1049.3
1347690 1043.9
1347700 1038.0
1347710 1038.0
1347720 1033.5
1347730 1029.8
1347740 1029.8
1347750 1025.0
1347760 1019.4
1347770 1019.4
1347780 1014.0
1347790 1008.5
1347800 1004.5
1347810 1004.5
1347820 1001.8
1347830 999.0
1347840 999.0
1347850 996.5
1347860 994.0
1347870 994.0
1347880 993.2
1347890 991.5
1347900 991.5
1347910 989.0
1347920 986.8
1347930 986.8
1347940 984.9
1347950 983.3
1347960 983.3
1347970 980.8
1347980 978.8
1347990 978.8
1348000 976.8
1348010 974.1
1348020 974.1
1348030 972.2
1348040 969.3
1348050 969.3
1348060 965.6
1348070 962.8
1348080 961.5
1348090 961.5
1348100 962.8
1348110 963.7
1348120 963.7
1348130 964.9
1348140 966.7
1348150 966.7
1348160 969.1
1348170 969.8
1348180 969.8
1348190 970.3
1348200 971.3
1348210 971.3
1348220 971.1
1348230 970.2
1348240 970.2
1348250 969.5
1348260 969.9
1348270 969.9
1348280 971.4
1348290 973.0
1348300 973.0
1348310 973.5
1348320 974.0
1348330 974.0
1348340 976.5
1348350 978.6
1348360 979.1
1348370 979.1
1348380 982.1
1348390 984.7
1348400 984.7
1348410 986.0
1348420 986.7
1348430 986.7
1348440 987.3
1348450 988.0
1348460 988.0
1348470 988.6
1348480 989.4
1348490 989.4
1348500 989.7
1348510 990.0
1348520 990.0
1348530 990.6
1348540 991.4
1348550 991.4
1348560 991.9
1348570 992.8
1348580 992.8
1348590 993.9
1348600 995.1
1348610 995.1
1348620 996.2
1348630 996.7
1348640 996.7
1348650 997.3
1348660 999.1
1348670 1000.0
1348680 1000.0
1348690 1000.4
1348700 1000.9
1348710 1000.9
1348720 1002.3
1348730 1003.6
1348740 1003.6
1348750 1004.4
1348760 1004.8
1348770 1004.8
1348780 1004.4
1348790 1003.6
1348800 1003.6
1348810 1003.1
1348820 1002.9
1348830 1002.9
1348840 1004.2
1348850 1005.3
1348860 1005.3
1348870 1006.6
1348880 1009.1
1348890 1009.1
1348900 1014.1
1348910 1015.6
1348920 1015.6
1348930 1016.8
1348940 1019.9
1348950 1024.1
1348960 1024.1
1348970 1026.7
1348980 1027.6
1348990 1027.6
1349000 1028.2
1349010 1029.3
1349020 1029.3
1349030 1030.5
1349040 1032.2
1349050 1032.2
1349060 1033.9
1349070 1035.7
1349080 1035.7
1349090 1037.7
1349100 1038.6
1349110 1038.6
1349120 1038.8
1349130 1040.1
1349140 1040.1
1349150 1042.7
1349160 1045.7
1349170 1045.7
1349180 1048.3
1349190 1050.5
1349200 1050.5
1349210 1053.0
1349220 1055.1
1349230 1056.8
1349240 1056.8
1349250 1058.5
1349260 1060.3
1349270 1060.3
1349280 1062.8
1349290 1065.0
1349300 1065.0
1349310 1067.0
1349320 1069.1
1349330 1069.1
1349340 1071.7
1349350 1074.7
1349360 1074.7
1349370 1077.1
1349380 1079.2
1349390 1079.2
1349400 1081.1
1349410 1083.7
1349420 1083.7
1349430 1087.0
1349440 1090.3
1349450 1090.3
1349460 1093.6
1349470 1096.5
1349480 1096.5
1349490 1099.3
1349500 1101.4
1349510 1102.7
1349520 1102.7
1349530 1104.2
1349540 1106.3
1349550 1106.3
1349560 1107.7
1349570 1110.1
1349580 1110.1
1349590 1113.2
1349600 1115.7
1349610 1115.7
1349620 1118.1
1349630 1120.4
1349640 1120.4
1349650 1121.8
1349660 1124.2
1349670 1124.2
1349680 1127.0
1349690 1129.9
1349700 1129.9
1349710 1132.4
1349720 1135.0
1349730 1135.0
1349740 1138.2
1349750 1141.9
1349760 1141.9
1349770 1145.3
1349780 1148.2
1349790 1149.9
1349800 1149.9
1349810 1151.3
1349820 1153.4
1349830 1153.4
1349840 1161.0
1349850 1163.9
1349860 1163.9
1349870 1165.7
1349880 1168.1
1349890 1168.1
1349900 1169.5
1349910 1170.4
1349920 1170.4
1349930 1170.5
1349940 1172.4
1349950 1172.4
1349960 1174.1
1349970 1175.4
1349980 1175.4
1349990 1176.3
1350000 1177.4
1350010 1177.4
1350020 1179.3
1350030 1181.1
1350040 1181.1
1350050 1182.3
1350060 1183.1
1350070 1183.1
1350080 1183.6
1350090 1183.7
1350100 1182.9
1350110 1182.9
1350120 1181.6
1350130 1180.5
1350140 1180.5
1350150 1178.4
1350160 1174.4
1350170 1174.4
1350180 1171.7
1350190 1169.2
1350200 1169.2
1350210 1166.8
1350220 1164.6
1350230 1164.6
1350240 1162.3
1350250 1160.5
1350260 1160.5
1350270 1158.1
1350280 1155.4
1350290 1155.4
1350300 1153.0
1350310 1150.9
1350320 1150.9
1350330 1148.3
1350340 1145.7
1350350 1145.7
1350360 1142.7
1350370 1139.6
1350380 1135.3
1350390 1135.3
1350400 1129.0
1350410 1126.4
1350420 1126.4
1350430 1125.7
1350440 1124.3
1350450 1124.3
1350460 1121.9
1350470 1119.1
1350480 1119.1
1350490 1116.3
1350500 1113.9
1350510 1113.9
1350520 1112.1
1350530 1110.8
1350540 1110.8
1350550 1109.0
1350560 1106.2
1350570 1106.2
1350580 1103.8
1350590 1102.1
1350600 1102.1
1350610 1101.6
1350620 1103.0
1350630 1103.0
1350640 1105.4
1350650 1108.4
1350660 1110.0
1350670 1110.0
1350680 1109.1
1350690 1107.8
1350700 1107.8
1350710 1107.3
1350720 1107.0
1350730 1107.0
1350740 1106.4
1350750 1105.8
1350760 1105.8
1350770 1104.3
1350780 1103.1
1350790 1105.0
1350800 1103.2
1350810 1100.2
1350820 1100.2
1350830 1095.9
1350840 1088.6
1350850 1088.6
1350860 1081.2
1350870 1076.7
1350880 1076.7
1350890 1075.2
1350900 1073.7
1350910 1073.7
1350920 1073.1
1350930 1072.8
1350940 1072.2
1350950 1072.2
1350960 1071.4
1350970 1070.6
1350980 1070.6
1350990 1070.3
1351000 1070.1
1351010 1070.1
1351020 1069.8
1351030 1068.7
1351040 1068.7
1351050 1066.6
1351060 1063.7
1351070 1063.7
1351080 1060.3
1351090 1056.7
1351100 1056.7
1351110 1053.7
1351120 1049.5
1351130 1049.5
1351140 1045.4
1351150 1041.7
1351160 1041.7
1351170 1038.1
1351180 1033.6
1351190 1033.6
1351200 1029.5
1351210 1026.7
1351220 1023.6
1351230 1023.6
1351240 1021.5
1351250 1021.7
1351260 1021.7
1351270 1020.6
1351280 1019.6
1351290 1019.6
1351300 1020.6
1351310 1022.1
1351320 1022.1
1351330 1023.4
1351340 1025.1
1351350 1025.1
1351360 1026.5
1351370 1028.5
1351380 1028.5
1351390 1031.9
1351400 1033.5
1351410 1033.5
1351420 1033.3
1351430 1031.4
1351440 1031.4
1351450 1028.7
1351460 1024.9
1351470 1024.9
1351480 1022.3
1351490 1020.2
1351500 1019.0
1351510 1019.0
1351520 1018.2
1351530 1017.1
1351540 1017.1
1351550 1015.4
1351560 1013.1
1351570 1013.1
1351580 1011.0
1351590 1008.3
1351600 1008.3
1351610 1005.6
1351620 1003.1
1351630 1003.1
1351640 1001.1
1351650 999.7
1351660 999.7
1351670 998.6
1351680 997.1
1351690 997.1
1351700 995.3
1351710 992.2
1351720 992.2
1351730 988.5
1351740 984.3
1351750 985.6
1351760 981.5
1351770 980.6
1351780 980.6
1351790 979.7
1351800 978.1
1351810 975.9
1351820 975.9
1351830 972.3
1351840 973.8
1351850 973.8
1351860 975.3
1351870 976.2
1351880 976.2
1351890 978.1
1351900 980.8
1351910 980.8
1351920 982.5
1351930 984.4
1351940 984.4
1351950 988.3
1351960 993.9
1351970 993.9
1351980 998.5
1351990 998.2
1352000 998.2
1352010 997.0
1352020 999.7
1352030 999.7
1352040 1005.0
1352050 1008.8
1352060 1008.8
1352070 1012.4
1352080 1017.3
1352090 1024.3
1352100 1024.3
1352110 1031.8
1352120 1035.4
1352130 1035.4
1352140 1037.2
1352150 1038.5
1352160 1038.5
1352170 1039.3
1352180 1040.1
1352190 1040.1
1352200 1041.2
1352210 1042.8
1352220 1042.8
1352230 1045.0
1352240 1047.5
1352250 1047.5
1352260 1049.8
1352270 1051.7
1352280 1051.7
1352290 1054.0
1352300 1056.0
1352310 1056.0
1352320 1058.9
1352330 1063.1
1352340 1063.1
1352350 1067.3
1352360 1071.5
1352370 1074.5
1352380 1074.5
1352390 1076.9
1352400 1080.7
1352410 1080.7
1352420 1085.4
1352430 1090.6
1352440 1090.6
1352450 1094.3
1352460 1097.2
1352470 1097.2
1352480 1100.1
1352490 1102.6
1352500 1102.6
1352510 1104.6
1352520 1108.7
1352530 1108.7
1352540 1112.2
1352550 1116.1
1352560 1116.1
1352570 1120.4
1352580 1124.2
1352590 1124.2
1352600 1127.8
1352610 1131.4
1352620 1131.4
1352630 1134.5
1352640 1137.6
1352650 1141.3
1352660 1141.3
1352670 1145.2
1352680 1148.8
1352690 1148.8
1352700 1153.1
1352710 1155.4
1352720 1155.4
1352730 1159.0
1352740 1160.2
1352750 1160.2
1352760 1158.5
1352770 1159.2
1352780 1159.2
1352790 1161.0
1352800 1163.8
1352810 1163.8
1352820 1167.3
1352830 1171.4
1352840 1171.4
1352850 1174.0
1352860 1178.3
1352870 1178.3
1352880 1183.9
1352890 1189.3
1352900 1189.3
1352910 1194.4
1352920 1199.7
1352930 1205.0
1352940 1205.0
1352950 1209.9
1352960 1214.5
1352970 1214.5
1352980 1218.7
1352990 1221.7
1353000 1221.7
1353010 1222.7
1353020 1228.1
1353030 1228.1
1353040 1234.3
1353050 1240.9
1353060 1240.9
1353070 1246.2
1353080 1250.2
1353090 1250.2
1353100 1254.2
1353110 1259.3
1353120 1259.3
1353130 1264.4
1353140 1269.1
1353150 1269.1
1353160 1272.2
1353170 1274.9
1353180 1274.9
1353190 1277.1
1353200 1280.3
1353210 1284.3
1353220 1284.3
1353230 1288.2
1353240 1292.8
1353250 1292.8
1353260 1298.0
1353270 1302.4
1353280 1302.4
1353290 1307.0
1353300 1305.7
1353310 1305.7
1353320 1297.8
1353330 1295.6
1353340 1295.6
1353350 1301.9
1353360 1311.1
1353370 1311.1
1353380 1317.8
1353390 1323.1
1353400 1323.1
1353410 1328.5
1353420 1333.4
1353430 1333.4
1353440 1338.7
1353450 1342.2
1353460 1342.2
1353470 1343.9
1353480 1344.0
1353490 1344.0
1353500 1345.0
1353510 1349.7
1353520 1353.0
1353530 1353.0
1353540 1356.8
1353550 1362.9
1353560 1362.9
1353570 1369.4
1353580 1375.2
1353590 1375.2
1353600 1379.6
1353610 1384.4
1353620 1384.4
1353630 1389.7
1353640 1396.1
1353650 1396.1
1353660 1401.8
1353670 1405.9
1353680 1406.5
1353690 1411.1
1353700 1415.2
1353710 1415.2
1353720 1418.6
1353730 1422.3
1353740 1422.3
1353750 1426.3
1353760 1429.8
1353770 1429.8
1353780 1432.8
1353790 1436.5
1353800 1439.3
1353810 1439.3
1353820 1442.1
1353830 1445.3
1353840 1445.3
1353850 1448.1
1353860 1451.6
1353870 1451.6
1353880 1455.1
1353890 1459.0
1353900 1459.0
1353910 1461.2
1353920 1462.5
1353930 1462.5
1353940 1466.0
1353950 1471.0
1353960 1471.0
1353970 1473.9
1353980 1476.7
1353990 1476.7
1354000 1480.4
1354010 1484.7
1354020 1484.7
1354030 1489.6
1354040 1494.9
1354050 1494.9
1354060 1499.7
1354070 1504.7
1354080 1510.4
1354090 1510.4
1354100 1517.1
1354110 1523.5
1354120 1523.5
1354130 1529.5
1354140 1536.0
1354150 1536.0
1354160 1542.9
1354170 1548.2
1354180 1548.2
1354190 1553.5
1354200 1558.2
1354210 1558.2
1354220 1563.6
1354230 1568.5
1354240 1568.5
1354250 1573.1
1354260 1578.5
1354270 1578.5
1354280 1583.9
1354290 1588.3
1354300 1588.3
1354310 1593.0
1354320 1596.6
1354330 1596.6
1354340 1598.6
1354350 1599.3
1354360 1603.8
1354370 1603.8
1354380 1608.9
1354390 1613.2
1354400 1613.2
1354410 1617.4
1354420 1621.5
1354430 1621.5
1354440 1624.8
1354450 1628.7
1354460 1628.7
1354470 1633.4
1354480 1638.1
1354490 1638.1
1354500 1642.6
1354510 1647.5
1354520 1647.5
1354530 1652.1
1354540 1659.8
1354550 1659.8
1354560 1666.8
1354570 1672.6
1354580 1672.6
1354590 1683.5
1354600 1693.1
1354610 1693.1
1354620 1698.4
1354630 1704.3
1354640 1710.5
1354650 1710.5
1354660 1717.0
1354670 1719.6
1354680 1719.6
1354690 1722.0
1354700 1724.6
1354710 1724.6
1354720 1726.7
1354730 1729.8
1354740 1729.8
1354750 1734.5
1354760 1738.6
1354770 1738.6
1354780 1742.3
1354790 1745.8
1354800 1745.8
1354810 1747.4
1354820 1748.4
1354830 1748.4
1354840 1750.3
1354850 1752.3
1354860 1752.3
1354870 1754.5
1354880 1757.0
1354890 1757.0
1354900 1761.2
1354910 1765.6
1354920 1765.6
1354930 1769.8
1354940 1773.7
1354950 1777.3
1354960 1777.3
1354970 1779.6
1354980 1781.4
1354990 1781.4
1355000 1782.5
1355010 1784.3
1355020 1784.3
1355030 1788.2
1355040 1793.8
1355050 1793.8
1355060 1800.8
1355070 1808.7
1355080 1808.7
1355090 1814.6
1355100 1817.1
1355110 1817.1
1355120 1821.4
1355130 1826.9
1355140 1826.9
1355150 1832.6
1355160 1838.9
1355170 1838.9
1355180 1845.5
1355190 1851.4
1355200 1851.4
1355210 1856.3
1355220 1861.8
1355230 1867.3
1355240 1867.3
1355250 1871.8
1355260 1874.5
1355270 1874.5
1355280 1876.2
1355290 1879.9
1355300 1879.9
1355310 1886.3
1355320 1892.7
1355330 1892.7
1355340 1898.1
1355350 1902.2
1355360 1902.2
1355370 1905.9
1355380 1911.3
1355390 1911.3
1355400 1918.3
1355410 1928.6
1355420 1928.6
1355430 1939.2
1355440 1937.2
1355450 1937.2
1355460 1930.7
1355470 1924.7
1355480 1924.7
1355490 1919.9
1355500 1916.6
1355510 1915.6
1355520 1915.6
1355530 1913.5
1355540 1909.5
1355550 1909.5
1355560 1905.9
1355570 1903.6
1355580 1903.6
1355590 1901.1
1355600 1898.7
1355610 1898.7
1355620 1896.5
1355630 1894.0
1355640 1894.4
1355650 1891.5
1355660 1888.8
1355670 1888.8
1355680 1886.4
1355690 1884.3
1355700 1884.3
1355710 1882.8
1355720 1881.2
1355730 1881.2
1355740 1878.7
1355750 1876.5
1355760 1876.5
1355770 1875.0
1355780 1874.0
1355790 1874.0
1355800 1874.0
1355810 1874.2
1355820 1874.1
1355830 1874.1
1355840 1869.9
1355850 1862.9
1355860 1862.9
1355870 1855.8
1355880 1849.3
1355890 1849.3
1355900 1843.4
1355910 1837.5
1355920 1837.5
1355930 1832.8
1355940 1828.2
1355950 1828.2
1355960 1823.6
1355970 1819.4
1355980 1819.4
1355990 1817.1
1356000 1816.2
1356010 1816.2
1356020 1816.0
1356030 1815.2
1356040 1815.2
1356050 1814.2
1356060 1813.1
1356070 1812.1
1356080 1812.1
1356090 1811.2
1356100 1810.2
1356110 1810.2
1356120 1808.8
1356130 1807.8
1356140 1807.8
1356150 1808.7
1356160 1808.8
1356170 1808.8
1356180 1808.4
1356190 1807.5
1356200 1807.5
1356210 1805.6
1356220 1804.6
1356230 1804.6
1356240 1804.9
1356250 1805.3
1356260 1805.3
1356270 1805.1
1356280 1804.0
1356290 1804.0
1356300 1802.9
1356310 1802.1
1356320 1802.1
1356330 1801.8
1356340 1800.6
1356350 1800.6
1356360 1800.5
1356370 1801.2
1356380 1801.3
1356390 1801.3
1356400 1800.8
1356410 1801.2
1356420 1801.2
1356430 1802.0
1356440 1802.2
1356450 1802.2
1356460 1801.5
1356470 1800.9
1356480 1800.9
1356490 1800.2
1356500 1798.8
1356510 1798.8
1356520 1798.4
1356530 1799.3
1356540 1799.3
1356550 1800.4
1356560 1802.2
1356570 1802.2
1356580 1804.4
1356590 1805.4
1356600 1805.4
1356610 1807.5
1356620 1809.1
1356630 1809.1
1356640 1803.1
1356650 1804.1
1356660 1804.6
1356670 1804.6
1356680 1804.5
1356690 1804.4
1356700 1804.4
1356710 1804.0
1356720 1804.2
1356730 1804.2
1356740 1804.6
1356750 1805.5
1356760 1805.5
1356770 1806.6
1356780 1808.5
1356790 1808.5
1356800 1810.9
1356810 1812.5
1356820 1812.5
1356830 1813.8
1356840 1814.6
1356850 1814.6
1356860 1813.5
1356870 1813.1
1356880 1813.1
1356890 1814.0
1356900 1814.1
1356910 1814.1
1356920 1814.7
1356930 1815.2
1356940 1814.5
1356950 1814.5
1356960 1813.9
1356970 1813.4
1356980 1813.4
1356990 1813.8
1357000 1812.9
1357010 1812.9
1357020 1811.3
1357030 1810.5
1357040 1810.5
1357050 1810.2
1357060 1810.2
1357070 1810.2
1357080 1810.8
1357090 1811.6
1357100 1811.6
1357110 1812.6
1357120 1811.4
1357130 1811.4
1357140 1809.4
1357150 1806.7
1357160 1806.7
1357170 1805.3
1357180 1802.5
1357190 1802.5
1357200 1800.8
1357210 1798.6
1357220 1795.9
1357230 1795.9
1357240 1792.4
1357250 1788.8
1357260 1788.8
1357270 1785.2
1357280 1782.8
1357290 1782.8
1357300 1780.7
1357310 1778.6
1357320 1778.6
1357330 1775.6
1357340 1772.6
1357350 1772.6
1357360 1769.5
1357370 1766.9
1357380 1766.9
1357390 1764.0
1357400 1760.9
1357410 1760.9
1357420 1757.2
1357430 1753.4
1357440 1753.4
1357450 1749.6
1357460 1745.8
1357470 1745.8
1357480 1742.6
1357490 1740.7
1357500 1739.3
1357510 1739.3
1357520 1737.3
1357530 1735.1
1357540 1735.1
1357550 1732.0
1357560 1728.2
1357570 1728.2
1357580 1725.1
1357590 1720.8
1357600 1720.8
1357610 1715.8
1357620 1711.0
1357630 1711.0
1357640 1708.0
1357650 1705.5
1357660 1705.5
1357670 1703.5
1357680 1702.7
1357690 1702.7
1357700 1702.1
1357710 1700.8
1357720 1700.8
1357730 1698.7
1357740 1696.9
1357750 1696.9
1357760 1694.7
1357770 1692.4
1357780 1690.2
1357790 1690.2
1357800 1687.4
1357810 1683.7
1357820 1683.7
1357830 1678.0
1357840 1672.5
1357850 1672.5
1357860 1667.2
1357870 1662.1
1357880 1662.1
1357890 1657.8
1357900 1653.6
1357910 1653.6
1357920 1649.3
1357930 1645.2
1357940 1645.2
1357950 1641.3
1357960 1637.5
1357970 1637.5
1357980 1632.5
1357990 1628.4
1358000 1628.4
1358010 1624.7
1358020 1621.4
1358030 1621.4
1358040 1618.1
1358050 1615.1
1358060 1615.1
1358070 1612.7
1358080 1609.7
1358090 1606.0
1358100 1606.0
1358110 1600.9
1358120 1594.7
1358130 1594.7
1358140 1588.0
1358150 1581.9
1358160 1581.9
1358170 1575.6
1358180 1569.4
1358190 1569.4
1358200 1563.6
1358210 1559.6
1358220 1559.6
1358230 1557.8
1358240 1555.0
1358250 1555.0
1358260 1551.6
1358270 1548.3
1358280 1548.3
1358290 1545.0
1358300 1540.7
1358310 1540.7
1358320 1536.2
1358330 1532.2
1358340 1532.2
1358350 1528.4
1358360 1524.5
1358370 1519.5
1358380 1519.5
1358390 1514.4
1358400 1508.3
1358410 1508.3
1358420 1502.5
1358430 1497.1
1358440 1497.1
1358450 1493.5
1358460 1490.6
1358470 1490.6
1358480 1487.9
1358490 1484.2
1358500 1484.2
1358510 1479.4
1358520 1474.8
1358530 1474.8
1358540 1470.1
1358550 1465.1
1358560 1465.1
1358570 1459.3
1358580 1453.4
1358590 1453.4
1358600 1448.5
1358610 1443.8
1358620 1443.8
1358630 1439.5
1358640 1436.1
1358650 1433.7
1358660 1433.7
1358670 1430.2
1358680 1427.0
1358690 1427.0
1358700 1423.9
1358710 1419.0
1358720 1419.0
1358730 1415.9
1358740 1414.0
1358750 1414.0
1358760 1412.4
1358770 1409.8
1358780 1409.8
1358790 1405.9
1358800 1400.6
1358810 1400.6
1358820 1395.0
1358830 1390.1
1358840 1390.1
1358850 1386.0
1358860 1382.3
1358870 1382.3
1358880 1379.4
1358890 1374.4
1358900 1374.4
1358910 1363.9
1358920 1356.2
1358930 1349.9
1358940 1349.9
1358950 1342.4
1358960 1334.4
1358970 1334.4
1358980 1327.9
1358990 1321.8
1359000 1321.8
1359010 1315.1
1359020 1308.8
1359030 1308.8
1359040 1302.9
1359050 1296.8
1359060 1296.8
1359070 1291.0
1359080 1283.7
1359090 1283.7
1359100 1275.9
1359110 1269.5
1359120 1269.5
1359130 1261.0
1359140 1253.0
1359150 1253.0
1359160 1245.3
1359170 1238.3
1359180 1238.3
1359190 1232.9
1359200 1229.1
1359210 1226.1
1359220 1226.1
1359230 1222.3
1359240 1217.9
1359250 1217.9
1359260 1212.6
1359270 1206.5
1359280 1206.5
1359290 1200.1
1359300 1196.0
1359310 1196.0
1359320 1192.1
1359330 1184.4
1359340 1184.4
1359350 1177.5
1359360 1171.0
1359370 1171.0
1359380 1165.2
1359390 1160.9
1359400 1160.9
1359410 1155.8
1359420 1152.1
1359430 1152.1
1359440 1148.4
1359450 1144.1
1359460 1144.1
1359470 1139.6
1359480 1134.6
1359490 1134.6
1359500 1128.8
1359510 1123.0
1359520 1118.2
1359530 1118.2
1359540 1114.5
1359550 1110.7
1359560 1110.7
1359570 1106.3
1359580 1103.0
1359590 1103.0
1359600 1098.6
1359610 1095.0
1359620 1095.0
1359630 1090.7
1359640 1086.0
1359650 1086.0
1359660 1081.9
1359670 1077.4
1359680 1077.4
1359690 1072.7
1359700 1068.7
1359710 1068.7
1359720 1065.2
1359730 1062.4
1359740 1062.4
1359750 1060.0
1359760 1057.6
1359770 1057.6
1359780 1055.9
1359790 1054.4
1359800 1052.6
1359810 1052.6
1359820 1050.5
1359830 1048.9
1359840 1048.9
1359850 1048.5
1359860 1046.3
1359870 1046.3
1359880 1043.7
1359890 1039.9
1359900 1039.9
1359910 1035.6
1359920 1030.7
1359930 1030.7
1359940 1026.5
1359950 1022.3
1359960 1022.3
1359970 1019.6
1359980 1016.9
1359990 1016.9
