1340000 1786.1
1340010 1786.1
1340020 1787.2
1340030 1787.5
1340040 1787.5
1340050 1786.7
1340060 1785.0
1340070 1785.0
1340080 1782.2
1340090 1776.9
1340100 1776.9
1340110 1771.1
1340120 1765.4
1340130 1765.4
1340140 1758.3
1340150 1751.3
1340160 1751.3
1340170 1744.7
1340180 1737.5
1340190 1737.5
1340200 1730.3
1340210 1724.0
1340220 1724.0
1340230 1717.1
1340240 1709.9
1340250 1703.6
1340260 1703.6
1340270 1696.9
1340280 1691.1
1340290 1691.1
1340300 1685.4
1340310 1679.6
1340320 1679.6
1340330 1673.6
1340340 1667.6
1340350 1667.6
1340360 1662.2
1340370 1656.2
1340380 1656.2
1340390 1650.9
1340400 1646.4
1340410 1646.4
1340420 1642.5
1340430 1638.8
1340440 1638.8
1340450 1634.5
1340460 1629.6
1340470 1629.6
1340480 1624.9
1340490 1619.8
1340500 1621.8
1340510 1616.9
1340520 1612.3
1340530 1608.0
1340540 1608.0
1340550 1603.0
1340560 1599.6
1340570 1599.6
1340580 1596.3
1340590 1592.8
1340600 1592.8
1340610 1588.6
1340620 1582.7
1340630 1582.7
1340640 1575.0
1340650 1566.5
1340660 1566.5
1340670 1560.1
1340680 1552.4
1340690 1552.4
1340700 1547.2
1340710 1544.0
1340720 1544.0
1340730 1540.8
1340740 1536.8
1340750 1536.8
1340760 1532.8
1340770 1529.7
1340780 1529.7
1340790 1525.7
1340800 1520.7
1340810 1515.1
1340820 1515.1
1340830 1509.5
1340840 1503.6
1340850 1503.6
1340860 1498.4
1340870 1493.5
1340880 1493.5
1340890 1488.4
1340900 1482.8
1340910 1482.8
1340920 1478.2
1340930 1474.1
1340940 1474.1
1340950 1470.3
1340960 1467.5
1340970 1467.5
1340980 1464.5
1340990 1459.8
1341000 1459.8
1341010 1454.4
1341020 1448.9
1341030 1448.9
1341040 1444.9
1341050 1442.0
1341060 1442.0
1341070 1438.0
1341080 1433.2
1341090 1433.2
1341100 1427.7
1341110 1421.9
1341120 1416.4
1341130 1416.4
1341140 1411.6
1341150 1405.9
1341160 1405.9
1341170 1399.9
1341180 1394.9
1341190 1394.9
1341200 1389.3
1341210 1383.3
1341220 1383.3
1341230 1377.9
1341240 1372.8
1341250 1372.8
1341260 1367.6
1341270 1362.8
1341280 1362.8
1341290 1358.2
1341300 1352.9
1341310 1352.9
1341320 1346.4
1341330 1340.4
1341340 1340.4
1341350 1335.1
1341360 1329.7
1341370 1329.7
1341380 1323.8
1341390 1319.7
1341400 1314.1
1341410 1314.1
1341420 1309.9
1341430 1306.9
1341440 1306.9
1341450 1304.5
1341460 1301.1
1341470 1301.1
1341480 1295.8
1341490 1289.8
1341500 1289.8
1341510 1284.3
1341520 1279.7
1341530 1279.7
1341540 1275.7
1341550 1271.8
1341560 1271.8
1341570 1268.2
1341580 1264.7
1341590 1264.7
1341600 1261.5
1341610 1258.0
1341620 1258.0
1341630 1254.8
1341640 1251.6
1341650 1251.6
1341660 1248.6
1341670 1245.8
1341680 1243.1
1341690 1243.1
1341700 1240.3
1341710 1237.6
1341720 1237.6
1341730 1235.0
1341740 1232.7
1341750 1232.7
1341760 1230.1
1341770 1228.0
1341780 1228.0
1341790 1225.8
1341800 1223.5
1341810 1223.5
1341820 1221.2
1341830 1218.8
1341840 1218.8
1341850 1216.5
1341860 1214.1
1341870 1214.1
1341880 1211.8
1341890 1209.9
1341900 1209.9
1341910 1208.1
1341920 1205.3
1341930 1205.3
1341940 1201.3
1341950 1196.3
1341960 1192.6
1341970 1192.6
1341980 1188.1
1341990 1184.4
1342000 1184.4
1342010 1182.8
1342020 1181.7
1342030 1181.7
1342040 1180.9
1342050 1180.1
1342060 1180.1
1342070 1179.9
1342080 1179.7
1342090 1179.7
1342100 1183.1
1342110 1190.1
1342120 1190.1
1342130 1197.6
1342140 1203.7
1342150 1203.7
1342160 1206.4
1342170 1208.5
1342180 1208.5
1342190 1210.6
1342200 1212.9
1342210 1212.9
1342220 1214.7
1342230 1216.9
1342240 1219.2
1342250 1219.2
1342260 1221.5
1342270 1223.8
1342280 1223.8
1342290 1226.7
1342300 1229.6
1342310 1229.6
1342320 1231.9
1342330 1234.8
1342340 1234.8
1342350 1237.3
1342360 1239.9
1342370 1239.9
1342380 1242.6
1342390 1245.5
1342400 1245.5
1342410 1248.5
1342420 1251.5
1342430 1251.5
1342440 1256.3
1342450 1262.6
1342460 1262.6
1342470 1268.8
1342480 1275.4
1342490 1275.4
1342500 1281.8
1342510 1287.6
1342520 1287.6
1342530 1292.5
1342540 1296.9
1342550 1302.2
1342560 1302.2
1342570 1306.4
1342580 1310.8
1342590 1310.8
1342600 1314.7
1342610 1318.2
1342620 1318.2
1342630 1322.0
1342640 1325.5
1342650 1325.5
1342660 1329.7
1342670 1333.3
1342680 1333.3
1342690 1336.6
1342700 1339.7
1342710 1339.7
1342720 1342.6
1342730 1345.4
1342740 1345.4
1342750 1347.7
1342760 1349.6
1342770 1349.6
1342780 1351.4
1342790 1353.8
1342800 1353.8
1342810 1357.5
1342820 1359.6
1342830 1363.4
1342840 1363.4
1342850 1368.1
1342860 1373.6
1342870 1373.6
1342880 1379.3
1342890 1385.2
1342900 1385.2
1342910 1391.9
1342920 1399.0
1342930 1399.0
1342940 1406.0
1342950 1412.2
1342960 1412.2
1342970 1418.3
1342980 1424.4
1342990 1424.4
1343000 1430.5
1343010 1437.1
1343020 1437.1
1343030 1445.0
1343040 1453.5
1343050 1453.5
1343060 1461.0
1343070 1469.1
1343080 1469.1
1343090 1477.9
1343100 1486.1
1343110 1491.5
1343120 1491.5
1343130 1496.9
1343140 1503.4
1343150 1503.4
1343160 1509.2
1343170 1513.1
1343180 1513.1
1343190 1514.2
1343200 1516.6
1343210 1516.6
1343220 1519.0
1343230 1525.1
1343240 1525.1
1343250 1532.9
1343260 1540.1
1343270 1540.1
1343280 1545.8
1343290 1550.4
1343300 1550.4
1343310 1553.2
1343320 1556.2
1343330 1556.2
1343340 1560.5
1343350 1565.9
1343360 1565.9
1343370 1572.5
1343380 1580.2
1343390 1588.0
1343400 1588.0
1343410 1594.8
1343420 1600.9
1343430 1600.9
1343440 1606.3
1343450 1611.6
1343460 1611.6
1343470 1614.4
1343480 1618.5
1343490 1618.5
1343500 1624.6
1343510 1629.8
1343520 1629.8
1343530 1633.4
1343540 1635.6
1343550 1635.6
1343560 1637.9
1343570 1639.9
1343580 1639.9
1343590 1642.6
1343600 1646.0
1343610 1646.0
1343620 1649.4
1343630 1652.0
1343640 1652.0
1343650 1654.0
1343660 1658.2
1343670 1664.6
1343680 1664.6
1343690 1669.0
1343700 1669.3
1343710 1669.3
1343720 1671.0
1343730 1674.9
1343740 1674.9
1343750 1679.8
1343760 1686.2
1343770 1686.2
1343780 1693.4
1343790 1698.8
1343800 1698.8
1343810 1701.7
1343820 1704.3
1343830 1704.3
1343840 1706.9
1343850 1708.9
1343860 1708.9
1343870 1711.4
1343880 1714.1
1343890 1714.1
1343900 1716.6
1343910 1718.7
1343920 1718.7
1343930 1720.6
1343940 1722.4
1343950 1722.4
1343960 1724.2
1343970 1727.5
1343980 1732.6
1343990 1732.6
1344000 1737.8
1344010 1740.6
1344020 1740.6
1344030 1740.1
1344040 1741.6
1344050 1741.6
1344060 1744.7
1344070 1749.4
1344080 1749.4
1344090 1753.6
1344100 1758.1
1344110 1758.1
1344120 1763.8
1344130 1769.9
1344140 1769.9
1344150 1776.6
1344160 1784.5
1344170 1784.5
1344180 1793.4
1344190 1802.8
1344200 1802.8
1344210 1814.1
1344220 1823.3
1344230 1823.3
1344240 1832.2
1344250 1840.2
1344260 1848.2
1344270 1848.2
1344280 1856.9
1344290 1864.6
1344300 1864.6
1344310 1871.9
1344320 1879.8
1344330 1879.8
1344340 1888.3
1344350 1896.4
1344360 1896.4
1344370 1902.2
1344380 1905.6
1344390 1905.6
1344400 1907.6
1344410 1909.4
1344420 1909.4
1344430 1912.1
1344440 1912.7
1344450 1912.7
1344460 1912.0
1344470 1911.3
1344480 1911.3
1344490 1910.4
1344500 1907.5
1344510 1907.5
1344520 1903.5
1344530 1899.3
1344540 1895.6
1344550 1895.6
1344560 1892.8
1344570 1888.9
1344580 1888.9
1344590 1884.4
1344600 1880.0
1344610 1880.0
1344620 1877.2
1344630 1874.8
1344640 1874.8
1344650 1871.8
1344660 1869.9
1344670 1869.9
1344680 1868.4
1344690 1866.2
1344700 1866.2
1344710 1863.0
1344720 1860.5
1344730 1860.5
1344740 1859.0
1344750 1854.8
1344760 1854.8
1344770 1847.8
1344780 1841.3
1344790 1841.3
1344800 1836.9
1344810 1832.9
1344820 1828.3
1344830 1828.3
1344840 1822.8
1344850 1818.7
1344860 1818.7
1344870 1814.6
1344880 1810.1
1344890 1810.1
1344900 1805.7
1344910 1801.9
1344920 1801.9
1344930 1794.5
1344940 1785.8
1344950 1785.8
1344960 1779.3
1344970 1776.2
1344980 1776.2
1344990 1775.1
1345000 1771.0
1345010 1771.0
1345020 1767.2
1345030 1761.4
1345040 1761.4
1345050 1755.9
1345060 1750.2
1345070 1750.2
1345080 1743.3
1345090 1738.8
1345100 1735.5
1345110 1735.5
1345120 1730.9
1345130 1725.7
1345140 1725.7
1345150 1720.0
1345160 1713.5
1345170 1713.5
1345180 1707.1
1345190 1700.8
1345200 1700.8
1345210 1694.2
1345220 1687.3
1345230 1687.3
1345240 1680.2
1345250 1673.6
1345260 1673.6
1345270 1667.3
1345280 1661.6
1345290 1661.6
1345300 1656.7
1345310 1651.7
1345320 1651.7
1345330 1646.4
1345340 1641.2
1345350 1641.2
1345360 1636.1
1345370 1631.2
1345380 1631.2
1345390 1627.8
1345400 1623.7
1345410 1619.3
1345420 1619.3
1345430 1614.6
1345440 1609.8
1345450 1609.8
1345460 1605.4
1345470 1601.4
1345480 1601.4
1345490 1597.1
1345500 1592.5
1345510 1592.5
1345520 1587.8
1345530 1582.7
1345540 1582.7
1345550 1578.0
1345560 1573.7
1345570 1573.7
1345580 1569.5
1345590 1563.8
1345600 1563.8
1345610 1558.9
1345620 1556.0
1345630 1556.0
1345640 1554.0
1345650 1550.5
1345660 1550.5
1345670 1546.1
1345680 1541.7
1345690 1537.4
1345700 1537.4
1345710 1533.2
1345720 1529.0
1345730 1529.0
1345740 1524.7
1345750 1520.0
1345760 1520.0
1345770 1515.2
1345780 1510.8
1345790 1510.8
1345800 1506.0
1345810 1501.2
1345820 1501.2
1345830 1495.1
1345840 1489.2
1345850 1489.2
1345860 1484.3
1345870 1480.3
1345880 1480.3
1345890 1476.9
1345900 1473.4
1345910 1473.4
1345920 1464.4
1345930 1460.1
1345940 1460.1
1345950 1455.5
1345960 1451.0
1345970 1446.6
1345980 1446.6
1345990 1442.1
1346000 1437.6
1346010 1437.6
1346020 1432.5
1346030 1427.0
1346040 1427.0
1346050 1419.4
1346060 1410.7
1346070 1410.7
1346080 1402.8
1346090 1393.2
1346100 1393.2
1346110 1385.0
1346120 1376.9
1346130 1376.9
1346140 1367.1
1346150 1357.9
1346160 1357.9
1346170 1355.6
1346180 1357.6
1346190 1357.6
1346200 1359.1
1346210 1360.3
1346220 1360.3
1346230 1360.2
1346240 1358.2
1346250 1354.9
1346260 1354.9
1346270 1350.7
1346280 1348.1
1346290 1348.1
1346300 1343.5
1346310 1339.6
1346320 1339.6
1346330 1337.1
1346340 1334.9
1346350 1334.9
1346360 1332.8
1346370 1331.2
1346380 1331.2
1346390 1329.7
1346400 1326.7
1346410 1326.7
1346420 1324.6
1346430 1321.0
1346440 1321.0
1346450 1319.5
1346460 1321.5
1346470 1321.5
1346480 1321.9
1346490 1322.0
1346500 1322.0
1346510 1322.0
1346520 1321.2
1346530 1318.3
1346540 1318.3
1346550 1313.4
1346560 1308.9
1346570 1308.9
1346580 1304.8
1346590 1300.9
1346600 1300.9
1346610 1296.9
1346620 1292.5
1346630 1292.5
1346640 1287.6
1346650 1283.7
1346660 1283.7
1346670 1280.6
1346680 1277.5
1346690 1277.5
1346700 1274.1
1346710 1270.9
1346720 1270.9
1346730 1267.6
1346740 1264.8
1346750 1264.8
1346760 1261.6
1346770 1258.1
1346780 1258.1
1346790 1254.4
1346800 1250.5
1346810 1250.5
1346820 1247.0
1346830 1243.4
1346840 1237.8
1346850 1237.8
1346860 1233.5
1346870 1229.1
1346880 1229.1
1346890 1225.4
1346900 1221.0
1346910 1221.0
1346920 1216.1
1346930 1212.3
1346940 1212.3
1346950 1207.9
1346960 1203.3
1346970 1203.3
1346980 1198.3
1346990 1192.7
1347000 1192.7
1347010 1186.9
1347020 1182.1
1347030 1182.1
1347040 1176.4
1347050 1169.6
1347060 1169.6
1347070 1162.9
1347080 1155.6
1347090 1155.6
1347100 1148.6
1347110 1147.1
1347120 1145.8
1347130 1145.8
1347140 1147.5
1347150 1145.6
1347160 1145.6
1347170 1144.5
1347180 1143.3
1347190 1143.3
1347200 1143.2
1347210 1144.4
1347220 1144.4
1347230 1145.2
1347240 1145.6
1347250 1145.6
1347260 1146.6
1347270 1147.5
1347280 1147.5
1347290 1145.9
1347300 1143.6
1347310 1143.6
1347320 1140.9
1347330 1137.7
1347340 1137.7
1347350 1134.0
1347360 1128.9
1347370 1128.9
1347380 1122.2
1347390 1115.3
1347400 1108.2
1347410 1108.2
1347420 1102.8
1347430 1100.0
1347440 1100.0
1347450 1099.0
1347460 1097.9
1347470 1097.9
1347480 1096.7
1347490 1095.8
1347500 1095.8
1347510 1095.7
1347520 1095.2
1347530 1095.2
1347540 1094.1
1347550 1092.5
1347560 1092.5
1347570 1090.4
1347580 1084.9
1347590 1084.9
1347600 1077.7
1347610 1071.6
1347620 1071.6
1347630 1065.2
1347640 1059.0
1347650 1059.0
1347660 1052.2
1347670 1045.0
1347680 1039.0
1347690 1039.0
1347700 1033.2
1347710 1033.2
1347720 1033.2
1347730 1034.8
1347740 1034.3
1347750 1034.3
1347760 1034.6
1347770 1029.2
1347780 1029.2
1347790 1029.6
1347800 1027.8
1347810 1027.8
1347820 1025.7
1347830 1023.3
1347840 1023.3
1347850 1019.6
1347860 1016.8
1347870 1016.8
1347880 1014.3
1347890 1011.6
1347900 1011.6
1347910 1009.2
1347920 1006.2
1347930 1006.2
1347940 1003.8
1347950 999.7
1347960 994.1
1347970 994.1
1347980 987.4
1347990 982.5
1348000 982.5
1348010 979.0
1348020 975.6
1348030 975.6
1348040 972.5
1348050 970.0
1348060 970.0
1348070 967.1
1348080 964.7
1348090 964.7
1348100 962.1
1348110 958.6
1348120 958.6
1348130 956.5
1348140 955.2
1348150 955.2
1348160 957.1
1348170 958.1
1348180 958.1
1348190 957.7
1348200 957.7
1348210 957.7
1348220 957.3
1348230 956.6
1348240 956.6
1348250 957.0
1348260 957.1
1348270 956.8
1348280 956.8
1348290 955.8
1348300 954.7
1348310 954.7
1348320 954.5
1348330 957.4
1348340 957.4
1348350 959.1
1348360 959.2
1348370 959.2
1348380 960.0
1348390 964.2
1348400 964.2
1348410 969.6
1348420 972.0
1348430 972.0
1348440 972.4
1348450 973.1
1348460 973.1
1348470 974.0
1348480 974.9
1348490 974.9
1348500 975.1
1348510 975.8
1348520 975.8
1348530 976.3
1348540 977.1
1348550 978.2
1348560 978.2
1348570 979.1
1348580 980.0
1348590 980.0
1348600 980.2
1348610 981.4
1348620 981.4
1348630 982.4
1348640 983.6
1348650 983.6
1348660 985.0
1348670 985.7
1348680 985.7
1348690 986.1
1348700 986.6
1348710 988.3
1348720 988.7
1348730 989.5
1348740 989.5
1348750 989.3
1348760 988.6
1348770 988.6
1348780 987.7
1348790 987.3
1348800 987.3
1348810 985.2
1348820 982.6
1348830 983.7
1348840 983.7
1348850 986.5
1348860 990.1
1348870 990.1
1348880 992.8
1348890 994.7
1348900 994.7
1348910 996.5
1348920 997.8
1348930 997.8
1348940 998.8
1348950 1000.1
1348960 1000.1
1348970 1001.0
1348980 1001.6
1348990 1001.6
1349000 1003.3
1349010 1007.2
1349020 1007.2
1349030 1011.3
1349040 1016.5
1349050 1016.5
1349060 1017.8
1349070 1018.8
1349080 1018.8
1349090 1019.8
1349100 1020.9
1349110 1022.1
1349120 1022.1
1349130 1023.2
1349140 1024.7
1349150 1024.7
1349160 1026.1
1349170 1027.2
1349180 1027.2
1349190 1028.4
1349200 1029.7
1349210 1029.7
1349220 1031.3
1349230 1032.7
1349240 1032.7
1349250 1034.0
1349260 1036.0
1349270 1036.0
1349280 1037.5
1349290 1039.6
1349300 1039.6
1349310 1042.3
1349320 1044.0
1349330 1044.0
1349340 1046.0
1349350 1048.5
1349360 1048.5
1349370 1051.4
1349380 1054.8
1349390 1057.6
1349400 1057.6
1349410 1060.1
1349420 1062.4
1349430 1062.4
1349440 1064.4
1349450 1065.8
1349460 1065.8
1349470 1067.2
1349480 1069.3
1349490 1069.3
1349500 1071.2
1349510 1072.7
1349520 1072.7
1349530 1074.3
1349540 1076.1
1349550 1076.1
1349560 1077.3
1349570 1078.3
1349580 1078.3
1349590 1080.0
1349600 1082.6
1349610 1082.6
1349620 1084.9
1349630 1087.0
1349640 1087.0
1349650 1092.0
1349660 1094.0
1349670 1094.0
1349680 1096.8
1349690 1099.6
1349700 1101.9
1349710 1101.9
1349720 1104.2
1349730 1106.2
1349740 1106.2
1349750 1107.7
1349760 1110.6
1349770 1110.6
1349780 1113.8
1349790 1116.2
1349800 1116.2
1349810 1119.2
1349820 1121.7
1349830 1121.7
1349840 1122.7
1349850 1122.7
1349860 1122.7
1349870 1123.1
1349880 1123.2
1349890 1123.2
1349900 1123.6
1349910 1123.4
1349920 1123.4
1349930 1122.6
1349940 1126.5
1349950 1126.5
1349960 1127.8
1349970 1129.0
1349980 1131.5
1349990 1131.5
1350000 1133.4
1350010 1135.3
1350020 1135.3
1350030 1136.4
1350040 1137.2
1350050 1137.2
1350060 1137.3
1350070 1136.6
1350080 1136.6
1350090 1135.5
1350100 1134.6
1350110 1134.6
1350120 1133.8
1350130 1132.4
1350140 1132.4
1350150 1130.3
1350160 1127.8
1350170 1127.8
1350180 1125.0
1350190 1122.2
1350200 1122.2
1350210 1119.7
1350220 1116.0
1350230 1116.0
1350240 1112.6
1350250 1110.6
1350260 1108.9
1350270 1108.9
1350280 1107.2
1350290 1104.5
1350300 1104.5
1350310 1102.7
1350320 1101.0
1350330 1101.0
1350340 1099.1
1350350 1099.6
1350360 1099.6
1350370 1098.0
1350380 1094.6
1350390 1094.6
1350400 1091.5
1350410 1089.2
1350420 1089.2
1350430 1087.2
1350440 1082.9
1350450 1082.9
1350460 1078.5
1350470 1082.7
1350480 1082.7
1350490 1083.2
1350500 1080.4
1350510 1080.4
1350520 1079.0
1350530 1081.5
1350540 1084.3
1350550 1084.3
1350560 1085.4
1350570 1085.8
1350580 1085.8
1350590 1087.4
1350600 1087.0
1350610 1087.0
1350620 1085.1
1350630 1082.9
1350640 1082.9
1350650 1081.6
1350660 1081.7
1350670 1081.7
1350680 1080.7
1350690 1078.4
1350700 1078.4
1350710 1076.4
1350720 1073.7
1350730 1073.7
1350740 1070.8
1350750 1070.1
1350760 1070.1
1350770 1070.3
1350780 1071.2
1350790 1071.2
1350800 1071.9
1350810 1072.2
1350820 1071.2
1350830 1071.2
1350840 1069.3
1350850 1065.2
1350860 1065.2
1350870 1062.7
1350880 1061.4
1350890 1061.4
1350900 1059.4
1350910 1058.1
1350920 1058.1
1350930 1057.1
1350940 1055.4
1350950 1055.4
1350960 1052.5
1350970 1051.4
1350980 1051.4
1350990 1050.3
1351000 1048.3
1351010 1048.3
1351020 1045.9
1351030 1043.4
1351040 1043.4
1351050 1041.2
1351060 1039.9
1351070 1039.9
1351080 1037.5
1351090 1033.6
1351100 1030.8
1351110 1030.8
1351120 1028.5
1351130 1025.8
1351140 1025.8
1351150 1023.8
1351160 1021.9
1351170 1021.9
1351180 1018.4
1351190 1015.8
1351200 1015.8
1351210 1014.4
1351220 1013.6
1351230 1013.6
1351240 1013.7
1351250 1014.6
1351260 1014.6
1351270 1015.3
1351280 1015.2
1351290 1015.2
1351300 1014.4
1351310 1012.1
1351320 1012.1
1351330 1009.7
1351340 1009.6
1351350 1009.6
1351360 1008.8
1351370 1006.8
1351380 1006.8
1351390 1004.2
1351400 1001.9
1351410 999.8
1351420 999.8
1351430 998.0
1351440 996.2
1351450 996.2
1351460 994.5
1351470 994.1
1351480 994.1
1351490 993.7
1351500 993.5
1351510 993.5
1351520 992.2
1351530 990.3
1351540 990.3
1351550 992.5
1351560 989.0
1351570 989.0
1351580 984.1
1351590 978.7
1351600 978.7
1351610 977.5
1351620 974.3
1351630 974.3
1351640 973.3
1351650 975.6
1351660 975.6
1351670 976.5
1351680 979.3
1351690 975.8
1351700 975.8
1351710 970.6
1351720 968.2
1351730 968.2
1351740 967.9
1351750 967.9
1351760 967.9
1351770 968.1
1351780 967.9
1351790 967.9
1351800 966.1
1351810 963.7
1351820 963.7
1351830 964.8
1351840 967.7
1351850 967.7
1351860 970.0
1351870 974.8
1351880 974.8
1351890 980.7
1351900 986.9
1351910 986.9
1351920 993.3
1351930 1000.2
1351940 1000.2
1351950 1008.3
1351960 1014.1
1351970 1018.5
1351980 1018.5
1351990 1021.7
1352000 1023.9
1352010 1023.9
1352020 1027.0
1352030 1030.8
1352040 1030.8
1352050 1033.7
1352060 1035.7
1352070 1035.7
1352080 1036.4
1352090 1036.8
1352100 1036.8
1352110 1037.7
1352120 1039.5
1352130 1039.5
1352140 1041.6
1352150 1044.5
1352160 1044.5
1352170 1047.6
1352180 1050.7
1352190 1050.7
1352200 1052.6
1352210 1054.1
1352220 1054.1
1352230 1057.5
1352240 1060.9
1352250 1063.6
1352260 1063.6
1352270 1065.7
1352280 1067.9
1352290 1067.9
1352300 1069.7
1352310 1071.6
1352320 1071.6
1352330 1074.2
1352340 1076.9
1352350 1076.9
1352360 1081.0
1352370 1085.6
1352380 1085.6
1352390 1090.3
1352400 1095.3
1352410 1095.3
1352420 1098.4
1352430 1102.7
1352440 1102.7
1352450 1105.9
1352460 1105.2
1352470 1105.2
1352480 1102.7
1352490 1101.7
1352500 1101.7
1352510 1099.2
1352520 1101.8
1352530 1103.8
1352540 1103.8
1352550 1104.7
1352560 1106.8
1352570 1106.8
1352580 1108.6
1352590 1113.1
1352600 1113.1
1352610 1118.8
1352620 1123.4
1352630 1123.4
1352640 1127.3
1352650 1131.4
1352660 1131.4
1352670 1135.9
1352680 1141.6
1352690 1141.6
1352700 1147.9
1352710 1153.2
1352720 1153.2
1352730 1158.0
1352740 1162.3
1352750 1162.3
1352760 1166.8
1352770 1171.0
1352780 1171.0
1352790 1173.2
1352800 1176.4
1352810 1181.3
1352820 1181.3
1352830 1186.3
1352840 1192.0
1352850 1192.0
1352860 1196.8
1352870 1201.5
1352880 1201.5
1352890 1206.8
1352900 1212.4
1352910 1212.4
1352920 1219.0
1352930 1225.3
1352940 1225.3
1352950 1230.0
1352960 1234.0
1352970 1234.0
1352980 1239.7
1352990 1245.3
1353000 1245.3
1353010 1250.7
1353020 1255.9
1353030 1255.9
1353040 1261.1
1353050 1265.7
1353060 1265.7
1353070 1269.1
1353080 1272.2
1353090 1272.2
1353100 1276.2
1353110 1280.3
1353120 1283.3
1353130 1283.3
1353140 1285.8
1353150 1289.4
1353160 1289.4
1353170 1293.4
1353180 1297.2
1353190 1297.2
1353200 1301.0
1353210 1305.4
1353220 1305.4
1353230 1311.0
1353240 1316.8
1353250 1316.8
1353260 1322.5
1353270 1328.1
1353280 1328.1
1353290 1332.8
1353300 1336.9
1353310 1336.9
1353320 1340.5
1353330 1343.7
1353340 1343.7
1353350 1346.9
1353360 1349.9
1353370 1349.9
1353380 1352.7
1353390 1355.8
1353400 1358.8
1353410 1358.8
1353420 1359.4
1353430 1359.3
1353440 1359.3
1353450 1358.7
1353460 1360.0
1353470 1360.0
1353480 1349.8
1353490 1348.3
1353500 1348.3
1353510 1349.2
1353520 1349.2
1353530 1349.2
1353540 1352.6
1353550 1358.3
1353560 1358.3
1353570 1364.8
1353580 1371.3
1353590 1371.3
1353600 1378.3
1353610 1384.4
1353620 1384.4
1353630 1389.4
1353640 1393.7
1353650 1393.7
1353660 1398.6
1353670 1404.2
1353680 1409.7
1353690 1409.7
1353700 1414.3
1353710 1419.0
1353720 1419.0
1353730 1423.6
1353740 1428.2
1353750 1428.2
1353760 1431.7
1353770 1435.0
1353780 1435.0
1353790 1438.2
1353800 1441.3
1353810 1441.3
1353820 1444.6
1353830 1448.2
1353840 1448.2
1353850 1453.6
1353860 1458.0
1353870 1458.0
1353880 1463.2
1353890 1468.3
1353900 1468.3
1353910 1474.4
1353920 1480.6
1353930 1480.6
1353940 1485.5
1353950 1490.2
1353960 1493.6
1353970 1493.6
1353980 1495.7
1353990 1498.8
1354000 1498.8
1354010 1504.6
1354020 1511.1
1354030 1511.1
1354040 1516.3
1354050 1521.1
1354060 1521.1
1354070 1525.0
1354080 1530.1
1354090 1530.1
1354100 1533.4
1354110 1537.1
1354120 1537.1
1354130 1540.4
1354140 1543.9
1354150 1543.9
1354160 1547.7
1354170 1551.8
1354180 1551.8
1354190 1555.4
1354200 1559.4
1354210 1559.4
1354220 1563.6
1354230 1567.4
1354240 1571.8
1354250 1571.8
1354260 1576.8
1354270 1580.6
1354280 1580.6
1354290 1583.8
1354300 1586.3
1354310 1586.3
1354320 1588.8
1354330 1592.0
1354340 1592.0
1354350 1594.3
1354360 1597.1
1354370 1597.1
1354380 1600.0
1354390 1602.7
1354400 1602.7
1354410 1605.2
1354420 1607.8
1354430 1607.8
1354440 1611.8
1354450 1613.2
1354460 1613.2
1354470 1616.1
1354480 1618.6
1354490 1618.6
1354500 1621.1
1354510 1622.4
1354520 1622.4
1354530 1624.8
1354540 1629.9
1354550 1637.6
1354560 1637.6
1354570 1646.4
1354580 1654.7
1354590 1654.7
1354600 1662.2
1354610 1670.3
1354620 1670.3
1354630 1676.8
1354640 1681.2
1354650 1681.2
1354660 1685.3
1354670 1689.5
1354680 1689.5
1354690 1693.0
1354700 1695.5
1354710 1695.5
1354720 1699.0
1354730 1703.8
1354740 1703.8
1354750 1709.4
1354760 1714.8
1354770 1714.8
1354780 1720.8
1354790 1727.9
1354800 1727.9
1354810 1734.0
1354820 1741.8
1354830 1749.1
1354840 1749.1
1354850 1757.5
1354860 1765.8
1354870 1765.8
1354880 1771.7
1354890 1776.6
1354900 1776.6
1354910 1781.0
1354920 1786.0
1354930 1786.0
1354940 1791.1
1354950 1795.2
1354960 1795.2
1354970 1799.8
1354980 1804.4
1354990 1804.4
1355000 1808.5
1355010 1812.7
1355020 1812.7
1355030 1817.1
1355040 1821.5
1355050 1821.5
1355060 1825.9
1355070 1829.5
1355080 1829.5
1355090 1832.5
1355100 1833.7
1355110 1836.1
1355120 1836.1
1355130 1840.1
1355140 1846.3
1355150 1846.3
1355160 1853.1
1355170 1859.9
1355180 1859.9
1355190 1865.8
1355200 1870.3
1355210 1870.3
1355220 1875.0
1355230 1881.4
1355240 1881.4
1355250 1888.5
1355260 1894.6
1355270 1894.6
1355280 1901.0
1355290 1907.3
1355300 1907.3
1355310 1913.1
1355320 1918.6
1355330 1918.6
1355340 1924.5
1355350 1929.4
1355360 1929.4
1355370 1933.2
1355380 1937.2
1355390 1940.0
1355400 1940.0
1355410 1941.5
1355420 1943.9
1355430 1943.9
1355440 1945.4
1355450 1945.2
1355460 1945.2
1355470 1943.3
1355480 1938.6
1355490 1938.6
1355500 1933.0
1355510 1929.4
1355520 1929.4
1355530 1926.7
1355540 1924.6
1355550 1924.6
1355560 1922.9
1355570 1920.6
1355580 1920.6
1355590 1917.0
1355600 1913.5
1355610 1913.5
1355620 1910.3
1355630 1908.4
1355640 1908.4
1355650 1907.0
1355660 1905.4
1355670 1902.7
1355680 1902.7
1355690 1899.2
1355700 1896.7
1355710 1896.7
1355720 1894.6
1355730 1892.4
1355740 1892.4
1355750 1890.3
1355760 1886.8
1355770 1886.8
1355780 1882.3
1355790 1875.0
1355800 1875.0
1355810 1865.5
1355820 1859.6
1355830 1859.6
1355840 1857.1
1355850 1857.7
1355860 1857.7
1355870 1858.2
1355880 1857.5
1355890 1857.5
1355900 1855.6
1355910 1851.8
1355920 1851.8
1355930 1844.4
1355940 1841.7
1355950 1841.7
1355960 1843.3
1355970 1842.7
1355980 1840.8
1355990 1840.8
1356000 1837.3
1356010 1835.1
1356020 1835.1
1356030 1836.0
1356040 1835.6
1356050 1835.6
1356060 1834.1
1356070 1833.2
1356080 1833.2
1356090 1832.1
1356100 1830.4
1356110 1830.4
1356120 1830.7
1356130 1832.3
1356140 1832.3
1356150 1833.9
1356160 1835.9
1356170 1835.9
1356180 1837.4
1356190 1838.9
1356200 1838.9
1356210 1840.9
1356220 1842.7
1356230 1842.7
1356240 1845.1
1356250 1847.0
1356260 1848.0
1356270 1848.0
1356280 1849.0
1356290 1849.7
1356300 1849.7
1356310 1849.3
1356320 1850.0
1356330 1850.0
1356340 1852.0
1356350 1852.7
1356360 1852.7
1356370 1853.4
1356380 1853.7
1356390 1853.7
1356400 1854.3
1356410 1855.7
1356420 1855.7
1356430 1849.7
1356440 1849.7
1356450 1849.7
1356460 1849.4
1356470 1849.2
1356480 1849.2
1356490 1848.7
1356500 1848.9
1356510 1848.9
1356520 1849.2
1356530 1848.0
1356540 1847.1
1356550 1847.1
1356560 1848.5
1356570 1850.7
1356580 1850.7
1356590 1854.0
1356600 1858.7
1356610 1858.7
1356620 1862.6
1356630 1866.4
1356640 1866.4
1356650 1869.2
1356660 1870.8
1356670 1870.8
1356680 1871.7
1356690 1872.4
1356700 1872.4
1356710 1872.3
1356720 1871.6
1356730 1871.6
1356740 1871.7
1356750 1872.0
1356760 1872.0
1356770 1871.6
1356780 1870.6
1356790 1870.6
1356800 1869.4
1356810 1866.7
1356820 1862.6
1356830 1862.6
1356840 1860.5
1356850 1858.2
1356860 1858.2
1356870 1854.6
1356880 1850.4
1356890 1850.4
1356900 1847.0
1356910 1843.9
1356920 1843.9
1356930 1841.4
1356940 1839.1
1356950 1839.1
1356960 1837.0
1356970 1836.7
1356980 1836.7
1356990 1837.4
1357000 1837.7
1357010 1837.7
1357020 1838.4
1357030 1839.0
1357040 1839.0
1357050 1838.8
1357060 1836.8
1357070 1836.8
1357080 1832.8
1357090 1828.6
1357100 1824.1
1357110 1824.1
1357120 1820.4
1357130 1816.6
1357140 1816.6
1357150 1813.1
1357160 1810.4
1357170 1810.4
1357180 1807.4
1357190 1804.5
1357200 1804.5
1357210 1801.4
1357220 1798.4
1357230 1798.4
1357240 1795.8
1357250 1793.9
1357260 1793.9
1357270 1792.2
1357280 1790.4
1357290 1790.4
1357300 1789.1
1357310 1785.6
1357320 1785.6
1357330 1781.7
1357340 1776.0
1357350 1776.0
1357360 1773.0
1357370 1767.0
1357380 1767.0
1357390 1760.5
1357400 1756.0
1357410 1754.4
1357420 1754.4
1357430 1752.9
1357440 1749.5
1357450 1749.5
1357460 1745.6
1357470 1741.2
1357480 1741.2
1357490 1737.0
1357500 1733.1
1357510 1733.1
1357520 1728.8
1357530 1725.3
1357540 1725.3
1357550 1722.3
1357560 1720.3
1357570 1720.3
1357580 1717.5
1357590 1714.1
1357600 1714.1
1357610 1710.8
1357620 1706.7
1357630 1706.7
1357640 1703.8
1357650 1701.1
1357660 1701.1
1357670 1699.4
1357680 1698.1
1357690 1696.8
1357700 1696.8
1357710 1695.9
1357720 1694.7
1357730 1694.7
1357740 1691.8
1357750 1687.3
1357760 1687.3
1357770 1682.9
1357780 1679.8
1357790 1679.8
1357800 1677.4
1357810 1675.0
1357820 1675.0
1357830 1672.8
1357840 1669.7
1357850 1669.7
1357860 1664.8
1357870 1659.8
1357880 1659.8
1357890 1655.1
1357900 1650.2
1357910 1650.2
1357920 1645.7
1357930 1641.7
1357940 1641.7
1357950 1637.1
1357960 1632.5
1357970 1626.8
1357980 1626.8
1357990 1620.8
1358000 1617.3
1358010 1617.3
1358020 1617.2
1358030 1614.7
1358040 1614.7
1358050 1611.6
1358060 1608.9
1358070 1608.9
1358080 1605.2
1358090 1600.2
1358100 1600.2
1358110 1595.2
1358120 1590.5
1358130 1590.5
1358140 1585.6
1358150 1579.8
1358160 1579.8
1358170 1574.0
1358180 1568.2
1358190 1568.2
1358200 1562.0
1358210 1555.7
1358220 1555.7
1358230 1549.8
1358240 1544.5
1358250 1539.9
1358260 1539.9
1358270 1535.1
1358280 1529.5
1358290 1529.5
1358300 1523.9
1358310 1518.0
1358320 1518.0
1358330 1512.0
1358340 1505.8
1358350 1505.8
1358360 1499.9
1358370 1495.2
1358380 1495.2
1358390 1490.6
1358400 1485.3
1358410 1485.3
1358420 1480.4
1358430 1476.3
1358440 1479.6
1358450 1475.8
1358460 1472.2
1358470 1472.2
1358480 1468.3
1358490 1463.9
1358500 1463.9
1358510 1459.2
1358520 1454.8
1358530 1449.8
1358540 1449.8
1358550 1444.6
1358560 1440.0
1358570 1440.0
1358580 1435.0
1358590 1429.8
1358600 1429.8
1358610 1426.3
1358620 1423.3
1358630 1423.3
1358640 1420.7
1358650 1418.1
1358660 1418.1
1358670 1415.6
1358680 1414.1
1358690 1414.1
1358700 1412.0
1358710 1408.2
1358720 1408.2
1358730 1404.1
1358740 1399.0
1358750 1399.0
1358760 1393.0
1358770 1386.0
1358780 1386.0
1358790 1380.4
1358800 1375.1
1358810 1375.1
1358820 1370.9
1358830 1367.1
1358840 1362.9
1358850 1362.9
1358860 1357.4
1358870 1351.6
1358880 1351.6
1358890 1346.8
1358900 1340.4
1358910 1340.4
1358920 1331.7
1358930 1322.6
1358940 1322.6
1358950 1314.9
1358960 1308.8
1358970 1308.8
1358980 1305.4
1358990 1303.8
1359000 1303.8
1359010 1299.2
1359020 1291.7
1359030 1291.7
1359040 1285.0
1359050 1281.5
1359060 1281.5
1359070 1278.8
1359080 1272.7
1359090 1272.7
1359100 1266.2
1359110 1260.0
1359120 1253.7
1359130 1253.7
1359140 1246.9
1359150 1239.8
1359160 1239.8
1359170 1236.3
1359180 1233.0
1359190 1233.0
1359200 1226.8
1359210 1220.6
1359220 1220.6
1359230 1214.7
1359240 1207.6
1359250 1207.6
1359260 1200.6
1359270 1192.7
1359280 1192.7
1359290 1184.2
1359300 1175.9
1359310 1175.9
1359320 1169.0
1359330 1163.6
1359340 1163.6
1359350 1158.8
1359360 1154.8
1359370 1154.8
1359380 1151.7
1359390 1147.5
1359400 1143.7
1359410 1143.7
1359420 1139.8
1359430 1135.3
1359440 1135.3
1359450 1132.1
1359460 1130.2
1359470 1130.2
1359480 1127.0
1359490 1122.6
1359500 1122.6
1359510 1118.6
1359520 1113.8
1359530 1113.8
1359540 1109.7
1359550 1106.1
1359560 1106.1
1359570 1101.9
1359580 1098.4
1359590 1098.4
1359600 1094.6
1359610 1090.5
1359620 1090.5
1359630 1086.8
1359640 1082.9
1359650 1082.9
1359660 1078.8
1359670 1074.1
1359680 1068.9
1359690 1068.9
1359700 1064.5
1359710 1061.8
1359720 1061.8
1359730 1059.4
1359740 1056.3
1359750 1056.3
1359760 1052.8
1359770 1049.3
1359780 1049.3
1359790 1046.7
1359800 1044.9
1359810 1044.9
1359820 1041.0
1359830 1037.2
1359840 1037.2
1359850 1035.4
1359860 1033.5
1359870 1033.5
1359880 1032.2
1359890 1027.8
1359900 1027.8
1359910 1022.8
1359920 1019.2
1359930 1019.2
1359940 1016.3
1359950 1012.8
1359960 1009.2
1359970 1009.2
1359980 1006.4
1359990 1003.2
