1340000 1691.5
1340010 1691.5
1340020 1688.7
1340030 1687.3
1340040 1687.3
1340050 1686.5
1340060 1684.5
1340070 1684.5
1340080 1684.2
1340090 1684.7
1340100 1684.7
1340110 1685.4
1340120 1685.9
1340130 1685.9
1340140 1687.3
1340150 1689.0
1340160 1689.0
1340170 1689.8
1340180 1690.0
1340190 1690.0
1340200 1689.8
1340210 1689.1
1340220 1689.1
1340230 1686.5
1340240 1681.2
1340250 1681.2
1340260 1675.5
1340270 1668.9
1340280 1663.7
1340290 1663.7
1340300 1657.9
1340310 1651.0
1340320 1651.0
1340330 1645.4
1340340 1640.1
1340350 1641.8
1340360 1635.1
1340370 1630.5
1340380 1630.5
1340390 1625.4
1340400 1620.5
1340410 1620.5
1340420 1617.9
1340430 1615.9
1340440 1615.9
1340450 1613.8
1340460 1611.4
1340470 1611.4
1340480 1609.0
1340490 1605.4
1340500 1605.4
1340510 1601.7
1340520 1597.9
1340530 1597.9
1340540 1594.1
1340550 1589.9
1340560 1585.6
1340570 1585.6
1340580 1580.5
1340590 1575.3
1340600 1575.3
1340610 1570.0
1340620 1565.1
1340630 1565.1
1340640 1560.4
1340650 1555.4
1340660 1555.4
1340670 1550.0
1340680 1544.6
1340690 1544.6
1340700 1539.7
1340710 1535.4
1340720 1535.4
1340730 1531.9
1340740 1524.7
1340750 1524.7
1340760 1517.8
1340770 1512.8
1340780 1512.8
1340790 1508.6
1340800 1503.0
1340810 1503.0
1340820 1495.9
1340830 1489.2
1340840 1483.8
1340850 1483.8
1340860 1479.7
1340870 1476.0
1340880 1476.0
1340890 1471.9
1340900 1467.2
1340910 1467.2
1340920 1462.2
1340930 1459.1
1340940 1459.1
1340950 1455.2
1340960 1449.3
1340970 1449.3
1340980 1443.3
1340990 1437.4
1341000 1437.4
1341010 1431.1
1341020 1425.1
1341030 1425.1
1341040 1420.0
1341050 1415.1
1341060 1415.1
1341070 1410.7
1341080 1408.0
1341090 1408.0
1341100 1404.0
1341110 1400.3
1341120 1396.6
1341130 1396.6
1341140 1393.8
1341150 1390.8
1341160 1390.8
1341170 1387.7
1341180 1384.0
1341190 1384.0
1341200 1380.0
1341210 1375.6
1341220 1375.6
1341230 1372.4
1341240 1370.3
1341250 1370.3
1341260 1366.5
1341270 1360.5
1341280 1360.5
1341290 1354.1
1341300 1348.5
1341310 1348.5
1341320 1344.6
1341330 1341.6
1341340 1341.6
1341350 1337.9
1341360 1332.5
1341370 1332.5
1341380 1326.8
1341390 1321.7
1341400 1321.7
1341410 1317.8
1341420 1313.4
1341430 1308.3
1341440 1308.3
1341450 1303.5
1341460 1299.2
1341470 1299.2
1341480 1293.4
1341490 1288.5
1341500 1288.5
1341510 1283.8
1341520 1279.7
1341530 1279.7
1341540 1277.1
1341550 1274.5
1341560 1274.5
1341570 1270.8
1341580 1266.8
1341590 1266.8
1341600 1262.6
1341610 1257.6
1341620 1257.6
1341630 1251.6
1341640 1245.2
1341650 1245.2
1341660 1239.1
1341670 1233.0
1341680 1233.0
1341690 1228.2
1341700 1224.7
1341710 1220.1
1341720 1220.1
1341730 1214.4
1341740 1209.0
1341750 1209.0
1341760 1204.8
1341770 1201.6
1341780 1201.6
1341790 1197.9
1341800 1193.6
1341810 1193.6
1341820 1188.0
1341830 1181.8
1341840 1181.8
1341850 1175.0
1341860 1167.9
1341870 1167.9
1341880 1159.6
1341890 1152.6
1341900 1152.6
1341910 1146.8
1341920 1141.8
1341930 1141.8
1341940 1140.1
1341950 1138.9
1341960 1138.9
1341970 1139.2
1341980 1139.8
1341990 1139.9
1342000 1139.9
1342010 1142.1
1342020 1147.5
1342030 1147.5
1342040 1149.7
1342050 1151.7
1342060 1151.7
1342070 1153.0
1342080 1154.0
1342090 1154.0
1342100 1154.8
1342110 1156.5
1342120 1156.5
1342130 1159.1
1342140 1160.4
1342150 1160.4
1342160 1162.2
1342170 1164.7
1342180 1164.7
1342190 1166.0
1342200 1167.7
1342210 1167.7
1342220 1169.4
1342230 1171.0
1342240 1171.0
1342250 1172.2
1342260 1173.9
1342270 1175.6
1342280 1175.6
1342290 1176.6
1342300 1177.4
1342310 1177.4
1342320 1177.9
1342330 1180.3
1342340 1180.3
1342350 1183.4
1342360 1187.9
1342370 1187.9
1342380 1192.9
1342390 1197.8
1342400 1197.8
1342410 1202.4
1342420 1206.8
1342430 1206.8
1342440 1210.4
1342450 1213.9
1342460 1213.9
1342470 1217.8
1342480 1222.1
1342490 1222.1
1342500 1226.9
1342510 1232.7
1342520 1232.7
1342530 1238.1
1342540 1244.0
1342550 1244.0
1342560 1249.7
1342570 1255.7
1342580 1261.6
1342590 1261.6
1342600 1267.4
1342610 1273.9
1342620 1273.9
1342630 1279.7
1342640 1286.0
1342650 1286.0
1342660 1292.1
1342670 1297.9
1342680 1297.9
1342690 1304.1
1342700 1310.2
1342710 1310.2
1342720 1316.7
1342730 1323.7
1342740 1323.7
1342750 1330.6
1342760 1337.1
1342770 1337.1
1342780 1344.3
1342790 1351.4
1342800 1351.4
1342810 1358.8
1342820 1365.5
1342830 1365.5
1342840 1372.4
1342850 1379.9
1342860 1387.6
1342870 1387.6
1342880 1394.3
1342890 1402.3
1342900 1402.3
1342910 1410.9
1342920 1417.8
1342930 1417.8
1342940 1421.9
1342950 1426.9
1342960 1426.9
1342970 1432.4
1342980 1435.9
1342990 1435.9
1343000 1438.5
1343010 1441.8
1343020 1441.8
1343030 1443.7
1343040 1448.0
1343050 1448.0
1343060 1454.6
1343070 1460.4
1343080 1460.4
1343090 1464.4
1343100 1468.4
1343110 1468.4
1343120 1472.4
1343130 1476.9
1343140 1482.6
1343150 1482.6
1343160 1489.1
1343170 1496.6
1343180 1496.6
1343190 1503.0
1343200 1507.7
1343210 1507.7
1343220 1512.3
1343230 1515.8
1343240 1515.8
1343250 1520.1
1343260 1523.9
1343270 1523.9
1343280 1525.7
1343290 1527.0
1343300 1527.0
1343310 1529.5
1343320 1533.5
1343330 1533.5
1343340 1538.0
1343350 1544.2
1343360 1544.2
1343370 1549.7
1343380 1554.9
1343390 1554.9
1343400 1559.3
1343410 1563.7
1343420 1566.9
1343430 1566.9
1343440 1570.2
1343450 1575.6
1343460 1575.6
1343470 1582.6
1343480 1591.0
1343490 1591.0
1343500 1601.2
1343510 1611.8
1343520 1611.8
1343530 1619.8
1343540 1626.2
1343550 1626.2
1343560 1632.0
1343570 1637.1
1343580 1637.1
1343590 1642.5
1343600 1647.5
1343610 1647.5
1343620 1652.6
1343630 1657.3
1343640 1657.3
1343650 1662.3
1343660 1667.1
1343670 1667.1
1343680 1671.3
1343690 1675.6
1343700 1675.6
1343710 1679.9
1343720 1684.1
1343730 1688.9
1343740 1688.9
1343750 1693.8
1343760 1698.6
1343770 1698.6
1343780 1703.2
1343790 1707.7
1343800 1707.7
1343810 1712.7
1343820 1717.4
1343830 1717.4
1343840 1722.4
1343850 1727.6
1343860 1727.6
1343870 1733.1
1343880 1739.1
1343890 1739.1
1343900 1744.9
1343910 1750.3
1343920 1750.3
1343930 1755.4
1343940 1760.3
1343950 1760.3
1343960 1765.6
1343970 1770.1
1343980 1770.1
1343990 1775.5
1344000 1781.5
1344010 1787.5
1344020 1787.5
1344030 1792.7
1344040 1796.9
1344050 1796.9
1344060 1800.1
1344070 1803.6
1344080 1803.6
1344090 1807.0
1344100 1810.5
1344110 1810.5
1344120 1814.0
1344130 1817.6
1344140 1817.6
1344150 1820.8
1344160 1824.0
1344170 1824.0
1344180 1828.6
1344190 1833.6
1344200 1833.6
1344210 1838.8
1344220 1843.3
1344230 1843.3
1344240 1847.5
1344250 1851.6
1344260 1851.6
1344270 1855.3
1344280 1859.0
1344290 1862.8
1344300 1862.8
1344310 1866.7
1344320 1870.8
1344330 1870.8
1344340 1875.0
1344350 1878.8
1344360 1878.8
1344370 1882.4
1344380 1886.6
1344390 1886.6
1344400 1891.7
1344410 1897.4
1344420 1897.4
1344430 1902.7
1344440 1907.9
1344450 1907.9
1344460 1911.8
1344470 1915.3
1344480 1915.3
1344490 1919.7
1344500 1924.7
1344510 1924.7
1344520 1929.8
1344530 1934.4
1344540 1934.4
1344550 1939.0
1344560 1943.1
1344570 1946.6
1344580 1946.6
1344590 1947.8
1344600 1949.3
1344610 1949.3
1344620 1949.9
1344630 1950.8
1344640 1950.8
1344650 1951.7
1344660 1954.8
1344670 1954.8
1344680 1957.2
1344690 1956.7
1344700 1956.7
1344710 1953.2
1344720 1948.6
1344730 1948.6
1344740 1944.7
1344750 1942.4
1344760 1942.4
1344770 1938.9
1344780 1934.1
1344790 1934.1
1344800 1927.8
1344810 1920.3
1344820 1920.3
1344830 1914.2
1344840 1908.7
1344850 1910.9
1344860 1905.7
1344870 1901.0
1344880 1896.0
1344890 1896.0
1344900 1890.6
1344910 1887.0
1344920 1887.0
1344930 1885.3
1344940 1883.4
1344950 1883.4
1344960 1879.6
1344970 1874.7
1344980 1874.7
1344990 1869.4
1345000 1864.3
1345010 1864.3
1345020 1859.0
1345030 1854.8
1345040 1854.8
1345050 1851.2
1345060 1847.1
1345070 1847.1
1345080 1841.5
1345090 1835.9
1345100 1835.9
1345110 1831.7
1345120 1825.4
1345130 1825.4
1345140 1820.4
1345150 1814.8
1345160 1808.4
1345170 1808.4
1345180 1801.0
1345190 1793.8
1345200 1793.8
1345210 1789.0
1345220 1784.8
1345230 1784.8
1345240 1780.8
1345250 1777.0
1345260 1777.0
1345270 1774.3
1345280 1771.1
1345290 1771.1
1345300 1767.6
1345310 1763.7
1345320 1763.7
1345330 1758.9
1345340 1753.8
1345350 1753.8
1345360 1748.3
1345370 1742.9
1345380 1742.9
1345390 1735.6
1345400 1730.3
1345410 1730.3
1345420 1728.2
1345430 1725.6
1345440 1720.5
1345450 1720.5
1345460 1714.5
1345470 1710.1
1345480 1710.1
1345490 1707.3
1345500 1704.1
1345510 1704.1
1345520 1700.3
1345530 1696.0
1345540 1696.0
1345550 1691.4
1345560 1688.7
1345570 1688.7
1345580 1685.6
1345590 1681.8
1345600 1681.8
1345610 1678.7
1345620 1676.3
1345630 1676.3
1345640 1674.5
1345650 1672.7
1345660 1672.7
1345670 1670.5
1345680 1667.5
1345690 1667.5
1345700 1663.6
1345710 1658.9
1345720 1653.7
1345730 1653.7
1345740 1647.0
1345750 1640.1
1345760 1640.1
1345770 1635.0
1345780 1631.3
1345790 1631.3
1345800 1629.6
1345810 1628.1
1345820 1628.1
1345830 1623.8
1345840 1617.7
1345850 1617.7
1345860 1612.6
1345870 1607.0
1345880 1607.0
1345890 1600.5
1345900 1593.4
1345910 1593.4
1345920 1586.7
1345930 1579.2
1345940 1579.2
1345950 1572.2
1345960 1565.9
1345970 1565.9
1345980 1558.6
1345990 1550.2
1346000 1550.2
1346010 1542.1
1346020 1534.5
1346030 1527.3
1346040 1527.3
1346050 1520.5
1346060 1512.6
1346070 1512.6
1346080 1506.1
1346090 1502.0
1346100 1502.0
1346110 1499.1
1346120 1496.3
1346130 1496.3
1346140 1492.5
1346150 1487.8
1346160 1487.8
1346170 1484.3
1346180 1483.4
1346190 1483.4
1346200 1482.9
1346210 1480.5
1346220 1480.5
1346230 1476.4
1346240 1472.8
1346250 1472.8
1346260 1469.1
1346270 1465.0
1346280 1465.0
1346290 1460.2
1346300 1455.2
1346310 1449.9
1346320 1449.9
1346330 1445.6
1346340 1443.2
1346350 1443.2
1346360 1440.1
1346370 1434.9
1346380 1434.9
1346390 1427.9
1346400 1420.3
1346410 1420.3
1346420 1411.0
1346430 1401.7
1346440 1401.7
1346450 1395.4
1346460 1394.9
1346470 1394.9
1346480 1397.9
1346490 1400.5
1346500 1400.5
1346510 1402.6
1346520 1403.2
1346530 1403.2
1346540 1401.7
1346550 1399.4
1346560 1399.4
1346570 1397.4
1346580 1393.8
1346590 1388.6
1346600 1388.6
1346610 1383.3
1346620 1378.3
1346630 1378.3
1346640 1373.0
1346650 1369.0
1346660 1369.0
1346670 1366.9
1346680 1358.6
1346690 1358.6
1346700 1353.7
1346710 1348.1
1346720 1348.1
1346730 1341.8
1346740 1335.9
1346750 1335.9
1346760 1330.1
1346770 1323.8
1346780 1323.8
1346790 1318.2
1346800 1316.0
1346810 1316.0
1346820 1315.3
1346830 1320.3
1346840 1320.3
1346850 1323.3
1346860 1318.2
1346870 1312.1
1346880 1312.1
1346890 1307.8
1346900 1307.1
1346910 1307.1
1346920 1310.1
1346930 1311.9
1346940 1311.9
1346950 1315.3
1346960 1316.0
1346970 1316.0
1346980 1315.2
1346990 1314.0
1347000 1314.0
1347010 1312.1
1347020 1309.6
1347030 1309.6
1347040 1306.7
1347050 1303.5
1347060 1303.5
1347070 1299.7
1347080 1296.3
1347090 1296.3
1347100 1295.6
1347110 1295.9
1347120 1295.9
1347130 1295.9
1347140 1295.5
1347150 1295.5
1347160 1293.8
1347170 1291.1
1347180 1288.4
1347190 1288.4
1347200 1287.5
1347210 1286.8
1347220 1286.8
1347230 1285.4
1347240 1284.8
1347250 1284.8
1347260 1283.5
1347270 1282.6
1347280 1282.6
1347290 1281.0
1347300 1278.6
1347310 1278.6
1347320 1276.6
1347330 1275.5
1347340 1275.5
1347350 1275.9
1347360 1276.1
1347370 1276.1
1347380 1274.1
1347390 1272.3
1347400 1272.3
1347410 1271.2
1347420 1270.2
1347430 1270.2
1347440 1268.6
1347450 1267.4
1347460 1264.6
1347470 1264.6
1347480 1260.3
1347490 1255.6
1347500 1255.6
1347510 1251.4
1347520 1246.8
1347530 1246.8
1347540 1243.6
1347550 1239.5
1347560 1239.5
1347570 1238.3
1347580 1240.2
1347590 1240.2
1347600 1238.0
1347610 1231.2
1347620 1231.2
1347630 1228.3
1347640 1223.9
1347650 1223.9
1347660 1219.2
1347670 1214.9
1347680 1214.9
1347690 1210.3
1347700 1207.3
1347710 1207.3
1347720 1208.1
1347730 1206.2
1347740 1202.3
1347750 1202.3
1347760 1195.6
1347770 1193.4
1347780 1193.4
1347790 1197.0
1347800 1197.8
1347810 1197.8
1347820 1196.8
1347830 1195.4
1347840 1195.4
1347850 1190.0
1347860 1183.8
1347870 1183.8
1347880 1177.3
1347890 1169.7
1347900 1169.7
1347910 1162.6
1347920 1159.2
1347930 1159.2
1347940 1156.8
1347950 1154.5
1347960 1154.5
1347970 1153.0
1347980 1153.3
1347990 1153.3
1348000 1151.0
1348010 1144.8
1348020 1141.1
1348030 1141.1
1348040 1142.4
1348050 1145.8
1348060 1145.8
1348070 1147.5
1348080 1146.7
1348090 1146.7
1348100 1144.7
1348110 1142.0
1348120 1142.0
1348130 1139.6
1348140 1136.9
1348150 1136.9
1348160 1135.3
1348170 1133.5
1348180 1133.5
1348190 1130.7
1348200 1130.2
1348210 1130.2
1348220 1130.1
1348230 1127.3
1348240 1127.3
1348250 1125.4
1348260 1123.7
1348270 1123.7
1348280 1121.7
1348290 1118.8
1348300 1118.8
1348310 1115.2
1348320 1112.2
1348330 1108.8
1348340 1108.8
1348350 1103.2
1348360 1096.9
1348370 1096.9
1348380 1091.7
1348390 1087.5
1348400 1087.5
1348410 1081.5
1348420 1076.2
1348430 1076.2
1348440 1072.1
1348450 1067.1
1348460 1067.1
1348470 1063.1
1348480 1059.5
1348490 1059.5
1348500 1056.5
1348510 1055.8
1348520 1055.8
1348530 1052.6
1348540 1044.9
1348550 1042.7
1348560 1036.0
1348570 1028.1
1348580 1028.1
1348590 1020.9
1348600 1018.8
1348610 1017.8
1348620 1017.8
1348630 1015.0
1348640 1013.4
1348650 1013.4
1348660 1012.0
1348670 1010.3
1348680 1010.3
1348690 1008.7
1348700 1006.9
1348710 1006.9
1348720 1004.9
1348730 1002.9
1348740 1002.9
1348750 1000.4
1348760 997.6
1348770 997.6
1348780 995.2
1348790 992.8
1348800 992.8
1348810 990.4
1348820 987.3
1348830 987.3
1348840 983.2
1348850 978.6
1348860 978.6
1348870 973.0
1348880 967.2
1348890 961.7
1348900 961.7
1348910 959.7
1348920 961.9
1348930 961.9
1348940 965.4
1348950 967.9
1348960 967.9
1348970 967.7
1348980 966.6
1348990 966.6
1349000 965.0
1349010 962.7
1349020 962.7
1349030 958.8
1349040 955.6
1349050 955.6
1349060 953.6
1349070 952.0
1349080 952.0
1349090 949.1
1349100 944.6
1349110 944.6
1349120 937.9
1349130 930.6
1349140 930.6
1349150 924.2
1349160 920.9
1349170 919.5
1349180 919.5
1349190 917.9
1349200 916.3
1349210 916.3
1349220 914.5
1349230 912.6
1349240 912.6
1349250 910.9
1349260 909.3
1349270 909.3
1349280 907.5
1349290 906.1
1349300 906.1
1349310 905.0
1349320 903.6
1349330 903.6
1349340 902.2
1349350 900.9
1349360 900.9
1349370 899.3
1349380 897.5
1349390 897.5
1349400 898.0
1349410 900.2
1349420 900.2
1349430 902.7
1349440 905.6
1349450 905.6
1349460 908.1
1349470 908.2
1349480 908.2
1349490 910.9
1349500 912.4
1349510 913.3
1349520 913.3
1349530 912.5
1349540 909.6
1349550 909.6
1349560 911.6
1349570 912.3
1349580 912.3
1349590 912.2
1349600 912.8
1349610 912.8
1349620 911.2
1349630 909.2
1349640 909.2
1349650 908.6
1349660 909.0
1349670 909.0
1349680 910.0
1349690 910.9
1349700 910.9
1349710 911.5
1349720 913.1
1349730 913.1
1349740 915.5
1349750 917.7
1349760 919.8
1349770 919.8
1349780 922.4
1349790 925.6
1349800 925.6
1349810 927.6
1349820 925.1
1349830 925.1
1349840 921.4
1349850 919.2
1349860 919.2
1349870 919.1
1349880 923.0
1349890 923.0
1349900 928.2
1349910 931.6
1349920 931.6
1349930 935.4
1349940 939.3
1349950 939.3
1349960 943.3
1349970 947.2
1349980 947.2
1349990 951.1
1350000 954.9
1350010 954.9
1350020 956.7
1350030 957.2
1350040 955.2
1350050 955.2
1350060 952.3
1350070 950.1
1350080 950.1
1350090 948.4
1350100 948.2
1350110 948.2
1350120 947.2
1350130 943.9
1350140 943.9
1350150 940.0
1350160 937.8
1350170 937.8
1350180 935.8
1350190 934.0
1350200 934.0
1350210 932.1
1350220 928.8
1350230 928.8
1350240 926.9
1350250 926.9
1350260 926.9
1350270 925.5
1350280 925.5
1350290 925.5
1350300 926.0
1350310 925.2
1350320 925.4
1350330 925.4
1350340 926.2
1350350 922.8
1350360 922.8
1350370 917.7
1350380 911.5
1350390 911.5
1350400 908.6
1350410 905.9
1350420 905.9
1350430 902.2
1350440 902.9
1350450 902.9
1350460 899.4
1350470 896.1
1350480 896.1
1350490 895.2
1350500 894.3
1350510 894.3
1350520 892.9
1350530 892.0
1350540 892.0
1350550 891.2
1350560 890.3
1350570 890.3
1350580 889.7
1350590 889.3
1350600 889.3
1350610 888.5
1350620 888.1
1350630 888.4
1350640 888.4
1350650 888.8
1350660 889.2
1350670 889.2
1350680 889.7
1350690 889.9
1350700 889.9
1350710 890.1
1350720 889.9
1350730 889.9
1350740 888.3
1350750 887.9
1350760 887.9
1350770 891.0
1350780 891.7
1350790 891.7
1350800 892.6
1350810 893.9
1350820 893.9
1350830 895.8
1350840 897.3
1350850 897.3
1350860 898.7
1350870 900.3
1350880 900.3
1350890 901.9
1350900 903.4
1350910 904.6
1350920 904.6
1350930 906.2
1350940 908.7
1350950 908.7
1350960 910.4
1350970 912.1
1350980 912.1
1350990 914.2
1351000 916.4
1351010 916.4
1351020 918.0
1351030 918.9
1351040 918.9
1351050 919.7
1351060 921.1
1351070 921.1
1351080 923.6
1351090 925.8
1351100 925.8
1351110 927.2
1351120 928.4
1351130 928.4
1351140 930.3
1351150 934.6
1351160 934.6
1351170 939.2
1351180 943.8
1351190 947.9
1351200 947.9
1351210 950.6
1351220 951.6
1351230 951.6
1351240 951.5
1351250 954.5
1351260 954.5
1351270 960.4
1351280 966.2
1351290 966.2
1351300 972.4
1351310 978.4
1351320 978.4
1351330 983.2
1351340 985.6
1351350 985.6
1351360 991.0
1351370 993.8
1351380 993.8
1351390 988.0
1351400 991.6
1351410 991.6
1351420 996.8
1351430 1004.9
1351440 1004.9
1351450 1010.6
1351460 1013.1
1351470 1014.4
1351480 1014.4
1351490 1011.7
1351500 1009.7
1351510 1009.7
1351520 1010.0
1351530 1011.0
1351540 1011.0
1351550 1010.4
1351560 1012.2
1351570 1012.2
1351580 1012.5
1351590 1012.5
1351600 1012.5
1351610 1013.9
1351620 1018.7
1351630 1018.7
1351640 1025.4
1351650 1033.6
1351660 1033.6
1351670 1039.7
1351680 1042.7
1351690 1042.7
1351700 1045.5
1351710 1047.2
1351720 1047.2
1351730 1049.0
1351740 1051.2
1351750 1053.7
1351760 1053.7
1351770 1057.1
1351780 1060.0
1351790 1060.0
1351800 1063.4
1351810 1065.9
1351820 1065.9
1351830 1067.5
1351840 1071.2
1351850 1071.2
1351860 1074.5
1351870 1077.3
1351880 1077.3
1351890 1080.6
1351900 1084.4
1351910 1084.4
1351920 1088.1
1351930 1093.0
1351940 1093.0
1351950 1098.1
1351960 1102.7
1351970 1102.7
1351980 1101.0
1351990 1103.4
1352000 1103.4
1352010 1110.4
1352020 1115.4
1352030 1115.4
1352040 1119.5
1352050 1122.3
1352060 1125.1
1352070 1125.1
1352080 1127.1
1352090 1128.7
1352100 1128.7
1352110 1130.5
1352120 1132.0
1352130 1132.0
1352140 1134.2
1352150 1136.4
1352160 1136.4
1352170 1136.1
1352180 1139.5
1352190 1139.5
1352200 1146.7
1352210 1153.3
1352220 1153.3
1352230 1160.8
1352240 1163.9
1352250 1163.9
1352260 1165.3
1352270 1167.2
1352280 1167.2
1352290 1171.5
1352300 1178.5
1352310 1178.5
1352320 1186.2
1352330 1193.8
1352340 1198.0
1352350 1197.2
1352360 1199.6
1352370 1200.8
1352380 1200.8
1352390 1201.9
1352400 1202.8
1352410 1202.8
1352420 1203.3
1352430 1204.5
1352440 1204.5
1352450 1206.0
1352460 1205.5
1352470 1205.5
1352480 1204.4
1352490 1207.1
1352500 1207.1
1352510 1209.6
1352520 1212.0
1352530 1212.0
1352540 1213.0
1352550 1213.3
1352560 1213.3
1352570 1214.5
1352580 1218.3
1352590 1218.3
1352600 1224.4
1352610 1228.6
1352620 1232.5
1352630 1232.5
1352640 1235.5
1352650 1239.7
1352660 1239.7
1352670 1241.7
1352680 1242.9
1352690 1242.9
1352700 1247.8
1352710 1251.8
1352720 1251.8
1352730 1254.5
1352740 1258.1
1352750 1258.1
1352760 1261.9
1352770 1267.2
1352780 1267.2
1352790 1273.5
1352800 1278.2
1352810 1278.2
1352820 1280.3
1352830 1282.1
1352840 1282.1
1352850 1284.3
1352860 1286.4
1352870 1286.4
1352880 1288.5
1352890 1290.2
1352900 1293.4
1352910 1293.4
1352920 1297.7
1352930 1301.4
1352940 1301.4
1352950 1305.6
1352960 1310.3
1352970 1310.3
1352980 1314.6
1352990 1319.5
1353000 1319.5
1353010 1324.2
1353020 1329.0
1353030 1329.0
1353040 1331.9
1353050 1334.5
1353060 1334.5
1353070 1338.2
1353080 1341.2
1353090 1341.2
1353100 1343.5
1353110 1345.3
1353120 1345.3
1353130 1347.4
1353140 1349.4
1353150 1349.4
1353160 1352.1
1353170 1354.9
1353180 1354.9
1353190 1358.4
1353200 1363.3
1353210 1368.8
1353220 1368.8
1353230 1374.4
1353240 1380.4
1353250 1380.4
1353260 1385.8
1353270 1391.9
1353280 1391.9
1353290 1398.1
1353300 1402.8
1353310 1397.7
1353320 1401.0
1353330 1406.0
1353340 1406.0
1353350 1409.6
1353360 1412.7
1353370 1412.7
1353380 1415.7
1353390 1417.5
1353400 1417.5
1353410 1419.4
1353420 1421.9
1353430 1421.9
1353440 1425.3
1353450 1431.0
1353460 1431.0
1353470 1435.5
1353480 1440.1
1353490 1446.6
1353500 1446.6
1353510 1455.7
1353520 1464.8
1353530 1464.8
1353540 1468.1
1353550 1469.6
1353560 1469.6
1353570 1471.0
1353580 1472.3
1353590 1472.3
1353600 1474.6
1353610 1477.1
1353620 1477.1
1353630 1479.9
1353640 1483.3
1353650 1483.3
1353660 1487.3
1353670 1490.1
1353680 1490.1
1353690 1490.2
1353700 1495.1
1353710 1495.1
1353720 1503.0
1353730 1511.6
1353740 1511.6
1353750 1520.1
1353760 1527.9
1353770 1534.9
1353780 1534.9
1353790 1541.6
1353800 1547.2
1353810 1547.2
1353820 1552.2
1353830 1558.5
1353840 1558.5
1353850 1565.3
1353860 1572.1
1353870 1572.1
1353880 1578.7
1353890 1584.2
1353900 1584.2
1353910 1589.4
1353920 1594.5
1353930 1594.5
1353940 1599.8
1353950 1604.9
1353960 1604.9
1353970 1609.4
1353980 1613.4
1353990 1613.4
1354000 1618.3
1354010 1622.8
1354020 1622.8
1354030 1627.1
1354040 1631.0
1354050 1635.3
1354060 1635.3
1354070 1639.5
1354080 1643.5
1354090 1643.5
1354100 1647.6
1354110 1651.6
1354120 1651.6
1354130 1654.8
1354140 1659.0
1354150 1659.0
1354160 1663.9
1354170 1668.3
1354180 1668.3
1354190 1672.5
1354200 1677.3
1354210 1677.3
1354220 1683.0
1354230 1688.4
1354240 1688.4
1354250 1693.0
1354260 1698.1
1354270 1698.1
1354280 1703.2
1354290 1706.8
1354300 1706.8
1354310 1711.1
1354320 1715.8
1354330 1715.8
1354340 1720.2
1354350 1723.4
1354360 1726.3
1354370 1726.3
1354380 1729.6
1354390 1732.9
1354400 1732.9
1354410 1736.4
1354420 1740.1
1354430 1740.1
1354440 1744.0
1354450 1748.0
1354460 1748.0
1354470 1752.1
1354480 1756.7
1354490 1756.7
1354500 1761.4
1354510 1766.4
1354520 1766.4
1354530 1771.3
1354540 1776.3
1354550 1776.3
1354560 1780.8
1354570 1784.8
1354580 1784.8
1354590 1788.7
1354600 1792.8
1354610 1792.8
1354620 1797.8
1354630 1804.2
1354640 1809.3
1354650 1809.3
1354660 1812.6
1354670 1815.0
1354680 1815.0
1354690 1817.7
1354700 1820.5
1354710 1820.5
1354720 1825.1
1354730 1831.7
1354740 1831.7
1354750 1837.4
1354760 1841.7
1354770 1841.7
1354780 1845.6
1354790 1850.1
1354800 1850.1
1354810 1856.0
1354820 1861.6
1354830 1861.6
1354840 1867.2
1354850 1871.4
1354860 1871.4
1354870 1875.1
1354880 1878.8
1354890 1878.8
1354900 1882.7
1354910 1886.5
1354920 1890.5
1354930 1890.5
1354940 1894.7
1354950 1899.5
1354960 1899.5
1354970 1903.9
1354980 1907.6
1354990 1907.6
1355000 1910.4
1355010 1913.7
1355020 1913.7
1355030 1916.1
1355040 1918.3
1355050 1918.3
1355060 1920.0
1355070 1921.3
1355080 1921.3
1355090 1922.0
1355100 1919.1
1355110 1919.1
1355120 1914.4
1355130 1910.0
1355140 1910.0
1355150 1905.4
1355160 1901.1
1355170 1901.1
1355180 1897.4
1355190 1892.6
1355200 1887.8
1355210 1887.8
1355220 1883.2
1355230 1878.2
1355240 1878.2
1355250 1872.7
1355260 1866.9
1355270 1867.2
1355280 1861.4
1355290 1857.0
1355300 1857.0
1355310 1852.7
1355320 1847.7
1355330 1847.7
1355340 1842.5
1355350 1836.9
1355360 1836.9
1355370 1832.3
1355380 1827.4
1355390 1827.4
1355400 1820.7
1355410 1813.6
1355420 1813.6
1355430 1811.4
1355440 1811.4
1355450 1811.4
1355460 1808.4
1355470 1808.4
1355480 1808.4
1355490 1812.9
1355500 1812.8
1355510 1808.2
1355520 1808.2
1355530 1800.9
1355540 1794.4
1355550 1794.4
1355560 1794.9
1355570 1798.7
1355580 1798.7
1355590 1797.3
1355600 1798.8
1355610 1798.8
1355620 1798.4
1355630 1797.4
1355640 1797.4
1355650 1792.9
1355660 1795.8
1355670 1795.8
1355680 1797.6
1355690 1797.4
1355700 1797.4
1355710 1799.4
1355720 1801.3
1355730 1801.3
1355740 1801.2
1355750 1798.6
1355760 1798.6
1355770 1795.0
1355780 1791.4
1355790 1787.2
1355800 1787.2
1355810 1783.3
1355820 1776.4
1355830 1776.4
1355840 1778.9
1355850 1782.0
1355860 1782.0
1355870 1778.4
1355880 1779.5
1355890 1779.5
1355900 1780.5
1355910 1781.3
1355920 1781.3
1355930 1781.1
1355940 1781.3
1355950 1781.3
1355960 1780.8
1355970 1781.4
1355980 1781.4
1355990 1782.5
1356000 1782.4
1356010 1782.4
1356020 1780.6
1356030 1777.4
1356040 1777.4
1356050 1772.8
1356060 1769.1
1356070 1767.5
1356080 1767.5
1356090 1765.6
1356100 1765.9
1356110 1765.9
1356120 1767.1
1356130 1767.7
1356140 1767.7
1356150 1767.9
1356160 1767.8
1356170 1767.8
1356180 1767.5
1356190 1766.8
1356200 1766.8
1356210 1765.5
1356220 1763.7
1356230 1763.7
1356240 1761.4
1356250 1759.1
1356260 1763.4
1356270 1761.8
1356280 1759.6
1356290 1759.6
1356300 1755.7
1356310 1751.6
1356320 1751.6
1356330 1748.3
1356340 1744.8
1356350 1741.1
1356360 1741.1
1356370 1737.8
1356380 1735.3
1356390 1735.3
1356400 1732.1
1356410 1728.8
1356420 1728.8
1356430 1725.1
1356440 1721.2
1356450 1721.2
1356460 1715.5
1356470 1706.0
1356480 1706.0
1356490 1697.3
1356500 1689.5
1356510 1689.5
1356520 1682.8
1356530 1677.5
1356540 1677.5
1356550 1674.1
1356560 1672.6
1356570 1672.6
1356580 1670.6
1356590 1668.8
1356600 1668.8
1356610 1667.6
1356620 1665.2
1356630 1665.2
1356640 1660.2
1356650 1651.7
1356660 1644.9
1356670 1644.9
1356680 1647.7
1356690 1654.7
1356700 1654.7
1356710 1657.2
1356720 1657.4
1356730 1657.4
1356740 1655.5
1356750 1652.7
1356760 1652.7
1356770 1649.6
1356780 1646.5
1356790 1646.5
1356800 1644.9
1356810 1644.3
1356820 1644.3
1356830 1643.8
1356840 1642.4
1356850 1642.4
1356860 1640.3
1356870 1640.2
1356880 1640.2
1356890 1636.7
1356900 1630.8
1356910 1630.8
1356920 1637.1
1356930 1641.3
1356940 1642.0
1356950 1642.0
1356960 1643.4
1356970 1643.5
1356980 1643.5
1356990 1641.1
1357000 1637.0
1357010 1637.0
1357020 1632.3
1357030 1628.3
1357040 1628.3
1357050 1625.5
1357060 1624.9
1357070 1624.9
1357080 1626.8
1357090 1633.7
1357100 1633.7
1357110 1636.3
1357120 1631.4
1357130 1631.4
1357140 1628.7
1357150 1625.7
1357160 1625.7
1357170 1617.4
1357180 1609.7
1357190 1609.7
1357200 1612.0
1357210 1618.5
1357220 1624.0
1357230 1624.0
1357240 1628.1
1357250 1633.1
1357260 1640.4
1357270 1646.0
1357280 1649.8
1357290 1649.8
1357300 1653.5
1357310 1657.0
1357320 1657.0
1357330 1659.3
1357340 1660.2
1357350 1660.2
1357360 1659.1
1357370 1657.8
1357380 1657.8
1357390 1657.3
1357400 1657.8
1357410 1657.8
1357420 1657.3
1357430 1655.7
1357440 1655.7
1357450 1653.1
1357460 1650.6
1357470 1650.6
1357480 1647.5
1357490 1642.9
1357500 1641.5
1357510 1641.5
1357520 1641.0
1357530 1632.0
1357540 1632.0
1357550 1620.2
1357560 1608.5
1357570 1608.5
1357580 1597.9
1357590 1593.1
1357600 1593.1
1357610 1589.2
1357620 1585.3
1357630 1585.3
1357640 1582.3
1357650 1579.7
1357660 1579.7
1357670 1579.9
1357680 1580.5
1357690 1580.5
1357700 1573.3
1357710 1566.9
1357720 1566.9
1357730 1562.1
1357740 1554.6
1357750 1554.6
1357760 1547.5
1357770 1543.3
1357780 1543.3
1357790 1536.4
1357800 1529.8
1357810 1525.7
1357820 1525.7
1357830 1518.6
1357840 1505.2
1357850 1505.2
1357860 1498.3
1357870 1494.2
1357880 1494.2
1357890 1488.5
1357900 1483.6
1357910 1483.6
1357920 1480.1
1357930 1477.0
1357940 1477.0
1357950 1473.4
1357960 1469.2
1357970 1469.2
1357980 1465.1
1357990 1460.9
1358000 1460.9
1358010 1455.6
1358020 1452.8
1358030 1452.8
1358040 1448.0
1358050 1439.2
1358060 1439.2
1358070 1430.9
1358080 1424.5
1358090 1418.5
1358100 1418.5
1358110 1413.3
1358120 1407.4
1358130 1407.4
1358140 1400.3
1358150 1394.4
1358160 1394.4
1358170 1389.9
1358180 1384.6
1358190 1384.6
1358200 1377.6
1358210 1371.4
1358220 1371.4
1358230 1366.1
1358240 1363.4
1358250 1363.4
1358260 1362.4
1358270 1348.5
1358280 1348.5
1358290 1345.5
1358300 1340.8
1358310 1340.8
1358320 1337.0
1358330 1334.8
1358340 1334.8
1358350 1332.8
1358360 1331.5
1358370 1332.7
1358380 1332.7
1358390 1336.3
1358400 1338.9
1358410 1338.9
1358420 1334.6
1358430 1329.5
1358440 1329.5
1358450 1324.9
1358460 1320.5
1358470 1320.5
1358480 1315.4
1358490 1310.5
1358500 1310.5
1358510 1305.9
1358520 1302.8
1358530 1302.8
1358540 1299.6
1358550 1297.1
1358560 1297.1
1358570 1294.9
1358580 1289.4
1358590 1289.4
1358600 1282.4
1358610 1275.2
1358620 1275.2
1358630 1266.7
1358640 1258.5
1358650 1253.3
1358660 1253.3
1358670 1252.0
1358680 1249.9
1358690 1249.9
1358700 1246.5
1358710 1241.8
1358720 1241.8
1358730 1238.4
1358740 1234.3
1358750 1234.3
1358760 1230.2
1358770 1226.0
1358780 1226.0
1358790 1220.8
1358800 1214.9
1358810 1214.9
1358820 1209.5
1358830 1206.1
1358840 1206.1
1358850 1200.3
1358860 1193.0
1358870 1193.0
1358880 1185.4
1358890 1177.8
1358900 1177.8
1358910 1175.6
1358920 1177.3
1358930 1177.3
1358940 1175.5
1358950 1169.7
1358960 1169.5
1358970 1169.5
1358980 1172.9
1358990 1171.7
1359000 1171.7
1359010 1165.8
1359020 1159.7
1359030 1159.7
1359040 1155.1
1359050 1151.3
1359060 1151.3
1359070 1147.0
1359080 1141.8
1359090 1141.8
1359100 1135.9
1359110 1129.3
1359120 1129.3
1359130 1122.7
1359140 1116.6
1359150 1116.6
1359160 1110.9
1359170 1105.9
1359180 1105.9
1359190 1101.5
1359200 1096.9
1359210 1096.9
1359220 1091.3
1359230 1085.5
1359240 1079.4
1359250 1079.4
1359260 1074.7
1359270 1071.7
1359280 1077.3
1359290 1075.9
1359300 1073.9
1359310 1073.9
1359320 1071.0
1359330 1067.9
1359340 1067.9
1359350 1064.2
1359360 1059.9
1359370 1059.9
1359380 1056.0
1359390 1052.3
1359400 1052.3
1359410 1048.6
1359420 1044.9
1359430 1044.9
1359440 1041.4
1359450 1037.9
1359460 1037.9
1359470 1034.0
1359480 1029.7
1359490 1029.7
1359500 1025.3
1359510 1020.8
1359520 1016.9
1359530 1016.9
1359540 1013.3
1359550 1010.5
1359560 1010.5
1359570 1007.4
1359580 1004.7
1359590 1004.7
1359600 1002.2
1359610 999.9
1359620 999.9
1359630 997.5
1359640 994.6
1359650 994.6
1359660 991.1
1359670 987.9
1359680 987.9
1359690 985.1
1359700 982.0
1359710 982.0
1359720 979.7
1359730 979.0
1359740 979.0
1359750 979.4
1359760 978.9
1359770 978.9
1359780 975.9
1359790 971.9
1359800 967.8
1359810 967.8
1359820 963.8
1359830 960.9
1359840 960.9
1359850 958.9
1359860 957.6
1359870 957.6
1359880 956.7
1359890 956.6
1359900 956.6
1359910 956.5
1359920 954.6
1359930 954.6
1359940 950.5
1359950 947.0
1359960 947.0
1359970 945.2
1359980 943.0
1359990 943.0
