1340000 1575.3
1340010 1575.3
1340020 1568.2
1340030 1561.1
1340040 1561.1
1340050 1553.0
1340060 1546.1
1340070 1546.1
1340080 1538.6
1340090 1530.5
1340100 1530.5
1340110 1523.4
1340120 1517.9
1340130 1517.9
1340140 1512.5
1340150 1506.3
1340160 1506.3
1340170 1499.4
1340180 1493.6
1340190 1493.6
1340200 1489.7
1340210 1487.6
1340220 1487.6
1340230 1485.3
1340240 1481.8
1340250 1481.8
1340260 1476.7
1340270 1472.2
1340280 1468.5
1340290 1468.5
1340300 1463.9
1340310 1459.2
1340320 1459.2
1340330 1455.2
1340340 1452.4
1340350 1454.9
1340360 1452.2
1340370 1449.9
1340380 1449.9
1340390 1447.8
1340400 1444.8
1340410 1444.8
1340420 1438.8
1340430 1433.5
1340440 1433.5
1340450 1429.7
1340460 1427.3
1340470 1427.3
1340480 1421.3
1340490 1415.2
1340500 1415.2
1340510 1411.5
1340520 1406.8
1340530 1406.8
1340540 1404.5
1340550 1403.1
1340560 1401.5
1340570 1401.5
1340580 1399.1
1340590 1396.4
1340600 1396.4
1340610 1391.1
1340620 1385.5
1340630 1385.5
1340640 1380.1
1340650 1374.3
1340660 1374.3
1340670 1368.9
1340680 1363.5
1340690 1363.5
1340700 1358.5
1340710 1353.4
1340720 1353.4
1340730 1350.1
1340740 1346.4
1340750 1346.4
1340760 1341.7
1340770 1337.4
1340780 1337.4
1340790 1334.3
1340800 1332.0
1340810 1332.0
1340820 1329.6
1340830 1325.6
1340840 1325.6
1340850 1322.1
1340860 1317.6
1340870 1312.8
1340880 1312.8
1340890 1307.5
1340900 1303.4
1340910 1303.4
1340920 1299.6
1340930 1295.9
1340940 1295.9
1340950 1292.4
1340960 1289.3
1340970 1289.3
1340980 1284.8
1340990 1280.0
1341000 1280.0
1341010 1276.7
1341020 1274.9
1341030 1274.9
1341040 1273.5
1341050 1271.1
1341060 1271.1
1341070 1269.6
1341080 1264.9
1341090 1264.9
1341100 1259.2
1341110 1257.0
1341120 1257.0
1341130 1256.3
1341140 1254.5
1341150 1252.2
1341160 1252.2
1341170 1250.5
1341180 1249.3
1341190 1249.3
1341200 1248.3
1341210 1247.2
1341220 1247.2
1341230 1245.4
1341240 1241.1
1341250 1241.1
1341260 1236.1
1341270 1230.9
1341280 1230.9
1341290 1226.3
1341300 1223.0
1341310 1223.0
1341320 1218.6
1341330 1213.2
1341340 1213.2
1341350 1208.2
1341360 1204.2
1341370 1204.2
1341380 1200.8
1341390 1195.1
1341400 1195.1
1341410 1189.5
1341420 1185.1
1341430 1179.6
1341440 1179.6
1341450 1175.4
1341460 1173.5
1341470 1173.5
1341480 1172.3
1341490 1170.6
1341500 1170.6
1341510 1168.0
1341520 1162.8
1341530 1162.8
1341540 1158.9
1341550 1156.8
1341560 1156.8
1341570 1152.5
1341580 1148.4
1341590 1148.4
1341600 1144.4
1341610 1140.4
1341620 1140.4
1341630 1137.1
1341640 1133.3
1341650 1133.3
1341660 1128.8
1341670 1125.1
1341680 1125.1
1341690 1121.8
1341700 1120.0
1341710 1120.0
1341720 1119.3
1341730 1116.9
1341740 1116.8
1341750 1116.8
1341760 1116.2
1341770 1115.7
1341780 1115.7
1341790 1114.9
1341800 1114.0
1341810 1114.0
1341820 1113.0
1341830 1111.9
1341840 1111.9
1341850 1111.2
1341860 1110.1
1341870 1110.1
1341880 1108.8
1341890 1107.2
1341900 1107.2
1341910 1105.5
1341920 1104.2
1341930 1104.2
1341940 1103.4
1341950 1102.8
1341960 1102.8
1341970 1102.1
1341980 1101.3
1341990 1101.3
1342000 1100.4
1342010 1098.5
1342020 1097.8
1342030 1097.8
1342040 1096.7
1342050 1092.2
1342060 1092.2
1342070 1084.5
1342080 1077.7
1342090 1077.7
1342100 1073.2
1342110 1070.4
1342120 1070.4
1342130 1073.7
1342140 1079.5
1342150 1079.5
1342160 1087.3
1342170 1097.0
1342180 1097.0
1342190 1106.6
1342200 1114.0
1342210 1114.0
1342220 1121.2
1342230 1128.0
1342240 1128.0
1342250 1134.8
1342260 1140.9
1342270 1140.9
1342280 1146.0
1342290 1150.4
1342300 1150.4
1342310 1154.4
1342320 1158.4
1342330 1162.3
1342340 1162.3
1342350 1166.0
1342360 1169.7
1342370 1169.7
1342380 1173.5
1342390 1177.7
1342400 1177.7
1342410 1182.1
1342420 1186.3
1342430 1186.3
1342440 1190.4
1342450 1195.2
1342460 1195.2
1342470 1200.0
1342480 1204.2
1342490 1204.2
1342500 1208.9
1342510 1213.8
1342520 1213.8
1342530 1218.5
1342540 1223.3
1342550 1223.3
1342560 1228.0
1342570 1232.6
1342580 1232.6
1342590 1236.9
1342600 1241.6
1342610 1247.1
1342620 1247.1
1342630 1252.6
1342640 1258.3
1342650 1258.3
1342660 1263.9
1342670 1269.4
1342680 1269.4
1342690 1275.5
1342700 1281.3
1342710 1281.3
1342720 1287.2
1342730 1293.2
1342740 1293.2
1342750 1299.3
1342760 1303.8
1342770 1303.8
1342780 1309.7
1342790 1315.8
1342800 1315.8
1342810 1319.3
1342820 1324.9
1342830 1324.9
1342840 1329.8
1342850 1336.1
1342860 1336.1
1342870 1341.0
1342880 1345.7
1342890 1351.2
1342900 1351.2
1342910 1356.4
1342920 1361.7
1342930 1361.7
1342940 1367.0
1342950 1372.6
1342960 1372.6
1342970 1378.8
1342980 1384.7
1342990 1384.7
1343000 1390.3
1343010 1395.6
1343020 1395.6
1343030 1402.6
1343040 1408.6
1343050 1408.6
1343060 1414.1
1343070 1420.0
1343080 1420.0
1343090 1425.8
1343100 1431.3
1343110 1431.3
1343120 1436.2
1343130 1441.5
1343140 1441.5
1343150 1448.4
1343160 1453.7
1343170 1453.7
1343180 1458.0
1343190 1464.2
1343200 1469.1
1343210 1469.1
1343220 1473.0
1343230 1476.8
1343240 1476.8
1343250 1479.8
1343260 1482.1
1343270 1482.1
1343280 1483.5
1343290 1484.7
1343300 1484.7
1343310 1486.3
1343320 1487.7
1343330 1487.7
1343340 1488.4
1343350 1488.5
1343360 1488.5
1343370 1488.7
1343380 1489.4
1343390 1489.4
1343400 1490.0
1343410 1490.8
1343420 1490.8
1343430 1491.9
1343440 1493.1
1343450 1493.1
1343460 1494.4
1343470 1495.7
1343480 1496.8
1343490 1496.8
1343500 1498.4
1343510 1499.8
1343520 1499.8
1343530 1501.6
1343540 1502.9
1343550 1502.9
1343560 1505.3
1343570 1508.1
1343580 1508.1
1343590 1510.4
1343600 1512.2
1343610 1512.2
1343620 1513.9
1343630 1515.7
1343640 1515.7
1343650 1516.7
1343660 1518.1
1343670 1518.1
1343680 1520.1
1343690 1522.2
1343700 1522.2
1343710 1524.9
1343720 1528.1
1343730 1528.1
1343740 1531.4
1343750 1534.6
1343760 1537.7
1343770 1537.7
1343780 1540.0
1343790 1541.1
1343800 1541.1
1343810 1542.1
1343820 1543.6
1343830 1543.6
1343840 1545.5
1343850 1547.6
1343860 1547.6
1343870 1549.6
1343880 1550.8
1343890 1550.8
1343900 1551.7
1343910 1552.4
1343920 1552.4
1343930 1556.8
1343940 1557.2
1343950 1557.2
1343960 1558.0
1343970 1558.6
1343980 1558.6
1343990 1560.0
1344000 1562.0
1344010 1562.0
1344020 1564.3
1344030 1567.2
1344040 1567.2
1344050 1570.4
1344060 1573.7
1344070 1577.4
1344080 1577.4
1344090 1581.9
1344100 1587.0
1344110 1587.0
1344120 1591.7
1344130 1595.5
1344140 1595.5
1344150 1597.4
1344160 1598.3
1344170 1598.3
1344180 1598.3
1344190 1599.2
1344200 1599.2
1344210 1599.3
1344220 1593.7
1344230 1593.7
1344240 1590.4
1344250 1594.8
1344260 1594.8
1344270 1601.5
1344280 1605.8
1344290 1605.8
1344300 1607.3
1344310 1609.1
1344320 1609.1
1344330 1611.9
1344340 1615.0
1344350 1619.0
1344360 1619.0
1344370 1622.6
1344380 1625.7
1344390 1625.7
1344400 1628.5
1344410 1631.2
1344420 1631.2
1344430 1634.7
1344440 1636.8
1344450 1636.8
1344460 1638.3
1344470 1640.0
1344480 1640.0
1344490 1641.6
1344500 1644.2
1344510 1644.2
1344520 1648.7
1344530 1655.0
1344540 1655.0
1344550 1662.0
1344560 1667.9
1344570 1667.9
1344580 1672.9
1344590 1677.6
1344600 1677.6
1344610 1682.9
1344620 1688.5
1344630 1688.5
1344640 1694.4
1344650 1700.1
1344660 1706.4
1344670 1706.4
1344680 1712.3
1344690 1714.7
1344700 1714.7
1344710 1716.9
1344720 1719.6
1344730 1719.6
1344740 1722.9
1344750 1726.9
1344760 1726.9
1344770 1730.9
1344780 1734.2
1344790 1734.2
1344800 1736.2
1344810 1738.6
1344820 1738.6
1344830 1741.8
1344840 1743.6
1344850 1743.6
1344860 1744.8
1344870 1747.1
1344880 1747.1
1344890 1749.8
1344900 1752.1
1344910 1752.1
1344920 1754.9
1344930 1758.2
1344940 1761.3
1344950 1761.3
1344960 1763.9
1344970 1767.3
1344980 1767.3
1344990 1769.7
1345000 1773.0
1345010 1773.0
1345020 1779.1
1345030 1785.6
1345040 1785.6
1345050 1792.2
1345060 1798.7
1345070 1798.7
1345080 1804.2
1345090 1810.1
1345100 1810.1
1345110 1816.1
1345120 1822.4
1345130 1822.4
1345140 1829.1
1345150 1837.4
1345160 1837.4
1345170 1845.1
1345180 1853.5
1345190 1853.5
1345200 1864.1
1345210 1874.6
1345220 1879.9
1345230 1879.9
1345240 1875.6
1345250 1869.3
1345260 1869.3
1345270 1862.6
1345280 1856.5
1345290 1856.5
1345300 1851.7
1345310 1844.5
1345320 1844.5
1345330 1837.7
1345340 1832.2
1345350 1832.2
1345360 1826.8
1345370 1822.1
1345380 1822.1
1345390 1816.5
1345400 1809.3
1345410 1809.3
1345420 1804.1
1345430 1802.1
1345440 1802.1
1345450 1800.0
1345460 1798.2
1345470 1798.2
1345480 1797.0
1345490 1796.1
1345500 1796.1
1345510 1794.6
1345520 1793.6
1345530 1794.8
1345540 1794.8
1345550 1796.4
1345560 1797.4
1345570 1797.4
1345580 1797.4
1345590 1796.7
1345600 1796.7
1345610 1795.1
1345620 1792.9
1345630 1792.9
1345640 1790.7
1345650 1788.3
1345660 1788.3
1345670 1785.4
1345680 1783.1
1345690 1783.1
1345700 1781.6
1345710 1780.7
1345720 1780.7
1345730 1780.1
1345740 1779.4
1345750 1783.8
1345760 1781.5
1345770 1779.7
1345780 1779.7
1345790 1779.6
1345800 1781.0
1345810 1783.9
1345820 1783.9
1345830 1787.2
1345840 1791.2
1345850 1791.2
1345860 1794.6
1345870 1798.2
1345880 1798.2
1345890 1801.5
1345900 1804.2
1345910 1804.2
1345920 1806.7
1345930 1809.0
1345940 1809.0
1345950 1810.6
1345960 1812.5
1345970 1812.5
1345980 1813.6
1345990 1813.6
1346000 1813.6
1346010 1811.5
1346020 1804.1
1346030 1804.1
1346040 1797.7
1346050 1795.1
1346060 1795.1
1346070 1793.2
1346080 1793.5
1346090 1795.0
1346100 1795.0
1346110 1793.7
1346120 1793.1
1346130 1793.1
1346140 1793.3
1346150 1794.0
1346160 1794.0
1346170 1794.8
1346180 1795.1
1346190 1795.1
1346200 1796.0
1346210 1797.4
1346220 1797.4
1346230 1797.9
1346240 1795.7
1346250 1795.7
1346260 1791.1
1346270 1786.3
1346280 1786.3
1346290 1782.5
1346300 1781.9
1346310 1781.9
1346320 1781.4
1346330 1780.1
1346340 1780.1
1346350 1778.7
1346360 1777.5
1346370 1777.5
1346380 1776.5
1346390 1774.4
1346400 1771.3
1346410 1771.3
1346420 1768.1
1346430 1765.7
1346440 1765.7
1346450 1760.3
1346460 1752.5
1346470 1752.5
1346480 1745.8
1346490 1740.6
1346500 1740.6
1346510 1735.5
1346520 1729.5
1346530 1729.5
1346540 1723.2
1346550 1717.5
1346560 1717.5
1346570 1713.3
1346580 1709.0
1346590 1709.0
1346600 1706.4
1346610 1704.1
1346620 1704.1
1346630 1701.4
1346640 1701.1
1346650 1701.1
1346660 1701.1
1346670 1698.9
1346680 1703.4
1346690 1703.4
1346700 1700.9
1346710 1701.7
1346720 1701.7
1346730 1704.5
1346740 1706.7
1346750 1706.7
1346760 1708.0
1346770 1710.2
1346780 1710.2
1346790 1710.3
1346800 1708.6
1346810 1708.6
1346820 1705.3
1346830 1702.4
1346840 1702.4
1346850 1701.0
1346860 1699.4
1346870 1699.4
1346880 1695.8
1346890 1692.4
1346900 1692.4
1346910 1689.3
1346920 1685.6
1346930 1685.6
1346940 1681.2
1346950 1677.1
1346960 1673.6
1346970 1673.6
1346980 1669.9
1346990 1665.1
1347000 1665.1
1347010 1660.7
1347020 1656.3
1347030 1656.3
1347040 1652.3
1347050 1648.4
1347060 1648.4
1347070 1644.7
1347080 1641.0
1347090 1641.0
1347100 1637.3
1347110 1633.0
1347120 1633.0
1347130 1628.5
1347140 1624.9
1347150 1624.9
1347160 1622.5
1347170 1621.5
1347180 1621.5
1347190 1619.0
1347200 1615.9
1347210 1615.9
1347220 1612.2
1347230 1608.2
1347240 1608.2
1347250 1603.7
1347260 1599.6
1347270 1598.8
1347280 1598.8
1347290 1594.6
1347300 1587.3
1347310 1587.3
1347320 1578.8
1347330 1571.3
1347340 1571.3
1347350 1564.5
1347360 1559.2
1347370 1559.2
1347380 1552.6
1347390 1545.1
1347400 1545.1
1347410 1538.6
1347420 1533.8
1347430 1533.8
1347440 1529.7
1347450 1525.9
1347460 1525.9
1347470 1522.5
1347480 1519.3
1347490 1519.3
1347500 1516.4
1347510 1513.8
1347520 1513.8
1347530 1510.3
1347540 1504.5
1347550 1498.6
1347560 1498.6
1347570 1493.3
1347580 1488.3
1347590 1488.3
1347600 1483.2
1347610 1479.7
1347620 1479.7
1347630 1477.1
1347640 1474.9
1347650 1474.9
1347660 1472.6
1347670 1469.4
1347680 1469.4
1347690 1465.7
1347700 1463.0
1347710 1463.0
1347720 1460.8
1347730 1458.0
1347740 1458.0
1347750 1455.9
1347760 1452.9
1347770 1452.9
1347780 1449.1
1347790 1445.8
1347800 1445.8
1347810 1442.1
1347820 1437.2
1347830 1437.2
1347840 1431.0
1347850 1426.7
1347860 1423.3
1347870 1423.3
1347880 1420.5
1347890 1417.7
1347900 1417.7
1347910 1414.4
1347920 1410.8
1347930 1410.8
1347940 1406.9
1347950 1403.1
1347960 1403.1
1347970 1399.6
1347980 1395.9
1347990 1395.9
1348000 1391.9
1348010 1387.4
1348020 1387.4
1348030 1382.7
1348040 1378.0
1348050 1378.0
1348060 1373.4
1348070 1368.7
1348080 1368.7
1348090 1365.0
1348100 1361.6
1348110 1361.6
1348120 1357.5
1348130 1352.3
1348140 1346.6
1348150 1346.6
1348160 1341.4
1348170 1336.5
1348180 1336.5
1348190 1332.5
1348200 1329.0
1348210 1329.0
1348220 1325.1
1348230 1321.1
1348240 1321.1
1348250 1316.1
1348260 1309.4
1348270 1309.4
1348280 1303.0
1348290 1299.8
1348300 1299.8
1348310 1299.1
1348320 1297.7
1348330 1297.7
1348340 1295.9
1348350 1293.8
1348360 1293.8
1348370 1290.7
1348380 1286.9
1348390 1286.9
1348400 1283.2
1348410 1279.2
1348420 1275.3
1348430 1275.3
1348440 1270.4
1348450 1266.3
1348460 1266.3
1348470 1265.7
1348480 1261.4
1348490 1261.4
1348500 1256.6
1348510 1253.0
1348520 1253.0
1348530 1249.8
1348540 1245.0
1348550 1245.0
1348560 1240.6
1348570 1235.6
1348580 1235.6
1348590 1229.8
1348600 1224.2
1348610 1224.2
1348620 1218.9
1348630 1213.9
1348640 1213.9
1348650 1210.1
1348660 1206.0
1348670 1206.0
1348680 1202.4
1348690 1200.5
1348700 1200.5
1348710 1198.0
1348720 1193.2
1348730 1186.2
1348740 1186.2
1348750 1180.3
1348760 1174.8
1348770 1174.8
1348780 1169.1
1348790 1162.7
1348800 1162.7
1348810 1153.4
1348820 1144.6
1348830 1144.6
1348840 1143.0
1348850 1144.8
1348860 1144.8
1348870 1145.8
1348880 1141.5
1348890 1141.5
1348900 1134.4
1348910 1126.5
1348920 1126.5
1348930 1119.4
1348940 1113.1
1348950 1113.1
1348960 1105.8
1348970 1097.6
1348980 1097.6
1348990 1090.8
1349000 1085.1
1349010 1081.2
1349020 1081.2
1349030 1076.9
1349040 1072.6
1349050 1072.6
1349060 1067.5
1349070 1062.6
1349080 1062.6
1349090 1057.9
1349100 1054.5
1349110 1054.5
1349120 1052.0
1349130 1049.1
1349140 1049.1
1349150 1047.2
1349160 1043.2
1349170 1043.2
1349180 1038.0
1349190 1033.8
1349200 1033.8
1349210 1030.4
1349220 1029.0
1349230 1029.0
1349240 1028.0
1349250 1026.0
1349260 1026.0
1349270 1019.9
1349280 1013.4
1349290 1008.4
1349300 1008.4
1349310 1004.1
1349320 1001.7
1349330 1001.7
1349340 1000.9
1349350 1000.7
1349360 1000.7
1349370 999.2
1349380 995.9
1349390 995.9
1349400 997.6
1349410 999.2
1349420 999.2
1349430 996.3
1349440 992.9
1349450 992.9
1349460 992.4
1349470 992.8
1349480 992.8
1349490 983.7
1349500 983.3
1349510 983.3
1349520 982.5
1349530 984.0
1349540 984.0
1349550 982.3
1349560 980.1
1349570 980.1
1349580 978.1
1349590 976.1
1349600 974.2
1349610 974.2
1349620 972.4
1349630 971.2
1349640 971.2
1349650 970.5
1349660 969.3
1349670 969.3
1349680 967.9
1349690 966.1
1349700 966.1
1349710 964.5
1349720 962.9
1349730 962.9
1349740 959.7
1349750 955.5
1349760 955.5
1349770 950.9
1349780 947.3
1349790 947.3
1349800 944.2
1349810 941.5
1349820 941.5
1349830 938.5
1349840 936.2
1349850 936.2
1349860 933.8
1349870 930.9
1349880 928.3
1349890 928.3
1349900 925.8
1349910 922.8
1349920 922.8
1349930 919.2
1349940 914.5
1349950 914.5
1349960 911.2
1349970 908.5
1349980 908.5
1349990 906.3
1350000 904.0
1350010 904.0
1350020 901.7
1350030 898.1
1350040 898.1
1350050 895.5
1350060 893.6
1350070 893.6
1350080 891.8
1350090 890.0
1350100 890.0
1350110 887.3
1350120 885.6
1350130 885.6
1350140 882.5
1350150 878.5
1350160 875.8
1350170 875.8
1350180 874.6
1350190 873.7
1350200 873.7
1350210 871.3
1350220 868.2
1350230 868.2
1350240 865.1
1350250 861.8
1350260 861.8
1350270 858.5
1350280 855.0
1350290 855.0
1350300 851.4
1350310 847.8
1350320 847.8
1350330 844.2
1350340 840.9
1350350 840.9
1350360 837.9
1350370 835.2
1350380 835.2
1350390 833.3
1350400 832.6
1350410 832.6
1350420 832.5
1350430 832.7
1350440 832.7
1350450 832.0
1350460 831.2
1350470 832.9
1350480 832.9
1350490 834.6
1350500 836.3
1350510 836.3
1350520 837.4
1350530 839.6
1350540 839.6
1350550 841.5
1350560 843.8
1350570 843.8
1350580 846.2
1350590 848.1
1350600 848.1
1350610 850.8
1350620 853.2
1350630 853.2
1350640 855.7
1350650 859.4
1350660 859.4
1350670 864.6
1350680 870.1
1350690 870.1
1350700 876.6
1350710 883.2
1350720 883.2
1350730 888.2
1350740 890.4
1350750 890.9
1350760 890.9
1350770 892.6
1350780 897.5
1350790 897.5
1350800 901.4
1350810 906.2
1350820 906.2
1350830 911.5
1350840 917.7
1350850 917.7
1350860 923.0
1350870 927.4
1350880 927.4
1350890 929.5
1350900 931.0
1350910 931.0
1350920 934.6
1350930 936.4
1350940 936.4
1350950 936.0
1350960 937.9
1350970 937.9
1350980 943.0
1350990 948.6
1351000 948.6
1351010 952.8
1351020 958.0
1351030 965.8
1351040 965.8
1351050 971.3
1351060 973.2
1351070 973.2
1351080 974.6
1351090 976.1
1351100 976.1
1351110 977.5
1351120 979.2
1351130 979.2
1351140 981.1
1351150 982.7
1351160 982.7
1351170 984.3
1351180 985.6
1351190 985.6
1351200 986.4
1351210 987.1
1351220 987.1
1351230 988.2
1351240 989.1
1351250 989.1
1351260 990.6
1351270 993.0
1351280 993.0
1351290 992.6
1351300 994.2
1351310 994.2
1351320 994.3
1351330 997.8
1351340 1003.2
1351350 1003.2
1351360 1008.6
1351370 1010.6
1351380 1010.6
1351390 1014.1
1351400 1018.7
1351410 1018.7
1351420 1021.9
1351430 1025.0
1351440 1025.0
1351450 1028.3
1351460 1030.9
1351470 1030.9
1351480 1034.8
1351490 1038.6
1351500 1038.6
1351510 1040.8
1351520 1042.8
1351530 1042.8
1351540 1045.8
1351550 1049.4
1351560 1049.4
1351570 1051.9
1351580 1055.2
1351590 1055.2
1351600 1059.0
1351610 1063.6
1351620 1067.4
1351630 1067.4
1351640 1072.0
1351650 1077.0
1351660 1077.0
1351670 1083.1
1351680 1089.4
1351690 1089.4
1351700 1094.4
1351710 1098.5
1351720 1098.5
1351730 1103.8
1351740 1109.2
1351750 1109.2
1351760 1114.2
1351770 1118.1
1351780 1118.1
1351790 1120.2
1351800 1123.0
1351810 1123.0
1351820 1128.1
1351830 1133.6
1351840 1133.6
1351850 1139.0
1351860 1143.2
1351870 1143.2
1351880 1148.1
1351890 1154.1
1351900 1154.1
1351910 1159.5
1351920 1164.3
1351930 1170.1
1351940 1170.1
1351950 1173.8
1351960 1172.7
1351970 1172.7
1351980 1169.4
1351990 1168.8
1352000 1168.8
1352010 1169.6
1352020 1178.8
1352030 1178.8
1352040 1187.8
1352050 1191.6
1352060 1191.6
1352070 1192.9
1352080 1192.9
1352090 1192.9
1352100 1193.7
1352110 1194.3
1352120 1194.3
1352130 1192.4
1352140 1191.0
1352150 1191.0
1352160 1195.1
1352170 1194.8
1352180 1194.8
1352190 1201.2
1352200 1209.5
1352210 1212.8
1352220 1212.8
1352230 1214.3
1352240 1215.1
1352250 1215.1
1352260 1214.7
1352270 1214.2
1352280 1214.2
1352290 1214.6
1352300 1216.7
1352310 1216.7
1352320 1219.3
1352330 1221.1
1352340 1225.5
1352350 1227.5
1352360 1229.5
1352370 1229.5
1352380 1232.5
1352390 1236.4
1352400 1236.4
1352410 1239.3
1352420 1241.3
1352430 1241.3
1352440 1244.2
1352450 1247.9
1352460 1247.9
1352470 1252.0
1352480 1255.2
1352490 1258.1
1352500 1258.1
1352510 1262.3
1352520 1266.5
1352530 1266.5
1352540 1270.5
1352550 1273.4
1352560 1273.4
1352570 1277.9
1352580 1283.0
1352590 1283.0
1352600 1285.9
1352610 1288.8
1352620 1288.8
1352630 1291.4
1352640 1294.0
1352650 1294.0
1352660 1295.9
1352670 1298.7
1352680 1298.7
1352690 1301.5
1352700 1304.2
1352710 1304.2
1352720 1308.7
1352730 1314.5
1352740 1314.5
1352750 1320.7
1352760 1324.5
1352770 1324.5
1352780 1326.6
1352790 1328.9
1352800 1332.3
1352810 1332.3
1352820 1335.6
1352830 1338.0
1352840 1338.0
1352850 1339.5
1352860 1342.5
1352870 1342.5
1352880 1345.4
1352890 1350.8
1352900 1350.8
1352910 1356.2
1352920 1360.7
1352930 1360.7
1352940 1366.0
1352950 1370.0
1352960 1370.0
1352970 1370.9
1352980 1370.7
1352990 1370.7
1353000 1368.9
1353010 1364.6
1353020 1364.6
1353030 1360.0
1353040 1357.2
1353050 1357.2
1353060 1358.5
1353070 1358.5
1353080 1358.0
1353090 1358.0
1353100 1357.9
1353110 1358.2
1353120 1358.2
1353130 1358.2
1353140 1357.8
1353150 1357.8
1353160 1357.6
1353170 1357.8
1353180 1357.8
1353190 1358.1
1353200 1357.5
1353210 1357.5
1353220 1353.1
1353230 1347.8
1353240 1347.8
1353250 1345.3
1353260 1344.8
1353270 1344.8
1353280 1344.3
1353290 1344.3
1353300 1344.3
1353310 1343.6
1353320 1342.8
1353330 1342.8
1353340 1341.8
1353350 1340.5
1353360 1340.9
1353370 1340.9
1353380 1339.8
1353390 1338.6
1353400 1338.6
1353410 1336.2
1353420 1335.3
1353430 1335.3
1353440 1335.6
1353450 1337.5
1353460 1337.5
1353470 1338.0
1353480 1336.2
1353490 1336.2
1353500 1335.0
1353510 1338.9
1353520 1338.9
1353530 1344.5
1353540 1349.9
1353550 1349.9
1353560 1356.0
1353570 1362.7
1353580 1362.7
1353590 1367.6
1353600 1371.1
1353610 1371.1
1353620 1374.9
1353630 1378.5
1353640 1378.5
1353650 1382.1
1353660 1386.0
1353670 1391.1
1353680 1391.1
1353690 1394.9
1353700 1396.4
1353710 1396.4
1353720 1397.7
1353730 1398.7
1353740 1398.7
1353750 1399.5
1353760 1400.1
1353770 1400.1
1353780 1400.5
1353790 1401.8
1353800 1401.8
1353810 1403.8
1353820 1406.6
1353830 1406.6
1353840 1410.7
1353850 1415.5
1353860 1415.5
1353870 1421.9
1353880 1428.3
1353890 1428.3
1353900 1434.5
1353910 1440.1
1353920 1440.1
1353930 1445.0
1353940 1451.0
1353950 1456.3
1353960 1456.3
1353970 1460.2
1353980 1463.4
1353990 1463.4
1354000 1466.4
1354010 1469.9
1354020 1469.9
1354030 1473.2
1354040 1477.2
1354050 1477.2
1354060 1481.4
1354070 1483.6
1354080 1483.6
1354090 1485.5
1354100 1489.1
1354110 1489.1
1354120 1492.3
1354130 1494.4
1354140 1494.4
1354150 1498.2
1354160 1503.1
1354170 1503.1
1354180 1509.5
1354190 1516.0
1354200 1516.0
1354210 1521.6
1354220 1527.2
1354230 1532.0
1354240 1532.0
1354250 1536.9
1354260 1541.0
1354270 1541.0
1354280 1545.4
1354290 1551.3
1354300 1551.3
1354310 1557.3
1354320 1562.3
1354330 1562.3
1354340 1566.2
1354350 1570.4
1354360 1570.4
1354370 1575.2
1354380 1579.8
1354390 1579.8
1354400 1584.5
1354410 1588.7
1354420 1588.7
1354430 1592.9
1354440 1596.9
1354450 1596.9
1354460 1599.6
1354470 1601.9
1354480 1601.9
1354490 1604.2
1354500 1607.1
1354510 1607.1
1354520 1610.9
1354530 1615.1
1354540 1620.4
1354550 1620.4
1354560 1626.6
1354570 1634.3
1354580 1634.3
1354590 1640.0
1354600 1645.3
1354610 1645.3
1354620 1649.9
1354630 1652.7
1354640 1652.7
1354650 1656.0
1354660 1661.3
1354670 1661.3
1354680 1667.3
1354690 1673.0
1354700 1673.0
1354710 1678.3
1354720 1683.9
1354730 1683.9
1354740 1689.3
1354750 1696.9
1354760 1696.9
1354770 1705.6
1354780 1714.0
1354790 1714.0
1354800 1722.1
1354810 1729.9
1354820 1737.9
1354830 1737.9
1354840 1746.1
1354850 1754.3
1354860 1754.3
1354870 1763.0
1354880 1771.4
1354890 1771.4
1354900 1779.0
1354910 1781.5
1354920 1781.5
1354930 1784.3
1354940 1782.3
1354950 1782.3
1354960 1777.2
1354970 1770.3
1354980 1770.3
1354990 1764.6
1355000 1763.8
1355010 1763.8
1355020 1760.5
1355030 1753.5
1355040 1753.5
1355050 1746.3
1355060 1739.8
1355070 1739.8
1355080 1735.1
1355090 1731.2
1355100 1727.1
1355110 1727.1
1355120 1723.3
1355130 1719.5
1355140 1719.5
1355150 1715.8
1355160 1711.7
1355170 1711.7
1355180 1706.5
1355190 1700.5
1355200 1700.5
1355210 1696.1
1355220 1691.7
1355230 1691.7
1355240 1689.5
1355250 1688.2
1355260 1688.2
1355270 1686.3
1355280 1684.0
1355290 1684.0
1355300 1681.3
1355310 1677.9
1355320 1677.9
1355330 1674.9
1355340 1672.5
1355350 1672.5
1355360 1669.9
1355370 1666.3
1355380 1666.3
1355390 1662.0
1355400 1658.9
1355410 1655.6
1355420 1655.6
1355430 1651.9
1355440 1647.5
1355450 1647.5
1355460 1643.1
1355470 1638.9
1355480 1638.9
1355490 1634.8
1355500 1629.7
1355510 1629.7
1355520 1624.1
1355530 1619.1
1355540 1619.1
1355550 1614.8
1355560 1609.6
1355570 1609.6
1355580 1604.7
1355590 1600.5
1355600 1600.5
1355610 1597.1
1355620 1595.3
1355630 1595.3
1355640 1592.1
1355650 1588.4
1355660 1588.4
1355670 1584.8
1355680 1581.7
1355690 1578.7
1355700 1578.7
1355710 1575.1
1355720 1571.0
1355730 1571.0
1355740 1567.8
1355750 1565.6
1355760 1565.6
1355770 1563.7
1355780 1561.2
1355790 1561.2
1355800 1558.3
1355810 1555.3
1355820 1555.3
1355830 1551.7
1355840 1549.1
1355850 1549.1
1355860 1547.1
1355870 1545.3
1355880 1545.3
1355890 1543.1
1355900 1541.1
1355910 1541.1
1355920 1538.3
1355930 1535.9
1355940 1535.9
1355950 1534.0
1355960 1532.2
1355970 1532.2
1355980 1529.4
1355990 1525.7
1356000 1521.5
1356010 1521.5
1356020 1515.5
1356030 1508.9
1356040 1508.9
1356050 1503.5
1356060 1498.2
1356070 1498.2
1356080 1493.0
1356090 1488.4
1356100 1488.4
1356110 1486.1
1356120 1484.6
1356130 1484.6
1356140 1481.9
1356150 1478.3
1356160 1478.3
1356170 1473.8
1356180 1470.0
1356190 1470.0
1356200 1466.7
1356210 1463.8
1356220 1463.8
1356230 1461.2
1356240 1458.7
1356250 1458.7
1356260 1456.0
1356270 1452.4
1356280 1448.3
1356290 1448.3
1356300 1444.8
1356310 1439.7
1356320 1439.7
1356330 1435.4
1356340 1432.1
1356350 1432.1
1356360 1428.3
1356370 1424.8
1356380 1424.8
1356390 1422.4
1356400 1419.7
1356410 1419.7
1356420 1417.1
1356430 1410.8
1356440 1410.8
1356450 1401.8
1356460 1390.7
1356470 1390.7
1356480 1385.1
1356490 1382.2
1356500 1382.2
1356510 1379.3
1356520 1375.6
1356530 1375.6
1356540 1369.7
1356550 1362.2
1356560 1353.6
1356570 1353.6
1356580 1344.4
1356590 1341.6
1356600 1341.6
1356610 1347.6
1356620 1355.3
1356630 1355.3
1356640 1361.5
1356650 1358.6
1356660 1358.6
1356670 1349.2
1356680 1346.4
1356690 1346.4
1356700 1340.1
1356710 1343.3
1356720 1343.3
1356730 1357.9
1356740 1364.4
1356750 1364.4
1356760 1363.9
1356770 1360.9
1356780 1360.9
1356790 1362.1
1356800 1367.5
1356810 1367.5
1356820 1372.6
1356830 1374.9
1356840 1374.9
1356850 1374.1
1356860 1374.7
1356870 1375.4
1356880 1375.4
1356890 1376.6
1356900 1376.7
1356910 1376.7
1356920 1376.3
1356930 1377.5
1356940 1377.5
1356950 1378.5
1356960 1379.2
1356970 1379.2
1356980 1379.2
1356990 1375.7
1357000 1375.7
1357010 1374.7
1357020 1377.7
1357030 1377.7
1357040 1381.6
1357050 1382.9
1357060 1382.9
1357070 1384.8
1357080 1389.8
1357090 1389.8
1357100 1391.3
1357110 1388.1
1357120 1388.1
1357130 1392.9
1357140 1400.5
1357150 1407.0
1357160 1407.0
1357170 1412.6
1357180 1417.7
1357190 1417.7
1357200 1420.8
1357210 1421.4
1357220 1421.4
1357230 1423.2
1357240 1425.3
1357250 1425.3
1357260 1430.9
1357270 1433.8
1357280 1433.8
1357290 1435.8
1357300 1439.1
1357310 1439.1
1357320 1443.3
1357330 1448.2
1357340 1448.2
1357350 1454.5
1357360 1458.6
1357370 1458.6
1357380 1461.3
1357390 1464.8
1357400 1464.8
1357410 1466.9
1357420 1468.5
1357430 1470.9
1357440 1470.9
1357450 1474.3
1357460 1480.2
1357470 1480.2
1357480 1489.2
1357490 1497.5
1357500 1497.5
1357510 1502.7
1357520 1507.1
1357530 1507.1
1357540 1510.6
1357550 1513.2
1357560 1513.2
1357570 1513.4
1357580 1513.0
1357590 1513.0
1357600 1514.7
1357610 1515.4
1357620 1515.4
1357630 1514.6
1357640 1514.3
1357650 1514.3
1357660 1514.3
1357670 1514.8
1357680 1514.8
1357690 1515.8
1357700 1514.6
1357710 1514.6
1357720 1512.1
1357730 1510.2
1357740 1509.1
1357750 1509.1
1357760 1508.2
1357770 1507.1
1357780 1507.1
1357790 1505.1
1357800 1503.3
1357810 1503.3
1357820 1504.1
1357830 1505.5
1357840 1505.5
1357850 1506.2
1357860 1506.1
1357870 1506.1
1357880 1505.7
1357890 1503.1
1357900 1503.1
1357910 1499.6
1357920 1496.7
1357930 1496.7
1357940 1494.2
1357950 1491.6
1357960 1491.6
1357970 1487.6
1357980 1485.7
1357990 1485.7
1358000 1484.9
1358010 1482.5
1358020 1476.4
1358030 1476.4
1358040 1469.1
1358050 1462.9
1358060 1462.9
1358070 1457.0
1358080 1451.6
1358090 1451.6
1358100 1446.8
1358110 1441.7
1358120 1441.7
1358130 1437.3
1358140 1436.4
1358150 1436.4
1358160 1438.6
1358170 1440.5
1358180 1440.5
1358190 1438.1
1358200 1434.0
1358210 1434.0
1358220 1433.8
1358230 1435.5
1358240 1435.5
1358250 1432.2
1358260 1427.2
1358270 1427.2
1358280 1422.9
1358290 1418.6
1358300 1418.6
1358310 1414.3
1358320 1410.3
1358330 1406.1
1358340 1406.1
1358350 1402.5
1358360 1398.0
1358370 1398.0
1358380 1391.4
1358390 1384.5
1358400 1384.5
1358410 1377.0
1358420 1369.5
1358430 1369.5
1358440 1363.3
1358450 1358.2
1358460 1358.2
1358470 1354.7
1358480 1350.1
1358490 1350.1
1358500 1345.5
1358510 1341.2
1358520 1341.2
1358530 1337.8
1358540 1334.7
1358550 1334.7
1358560 1331.9
1358570 1329.5
1358580 1329.5
1358590 1326.7
1358600 1323.4
1358610 1321.3
1358620 1321.3
1358630 1320.8
1358640 1319.2
1358650 1319.2
1358660 1317.2
1358670 1315.6
1358680 1315.6
1358690 1311.1
1358700 1305.6
1358710 1305.6
1358720 1300.9
1358730 1296.7
1358740 1296.7
1358750 1291.6
1358760 1285.7
1358770 1285.7
1358780 1279.5
1358790 1275.4
1358800 1275.4
1358810 1274.0
1358820 1273.2
1358830 1273.2
1358840 1271.4
1358850 1268.2
1358860 1268.2
1358870 1263.4
1358880 1256.4
1358890 1249.8
1358900 1249.8
1358910 1244.5
1358920 1238.5
1358930 1238.5
1358940 1231.7
1358950 1228.1
1358960 1228.1
1358970 1225.3
1358980 1222.9
1358990 1222.9
1359000 1220.2
1359010 1217.4
1359020 1217.4
1359030 1214.9
1359040 1213.7
1359050 1213.7
1359060 1213.4
1359070 1213.7
1359080 1213.7
1359090 1215.1
1359100 1216.9
1359110 1216.9
1359120 1214.7
1359130 1212.1
1359140 1212.1
1359150 1211.0
1359160 1207.1
1359170 1207.1
1359180 1203.0
1359190 1199.5
1359200 1197.2
1359210 1197.2
1359220 1194.6
1359230 1191.8
1359240 1191.8
1359250 1189.6
1359260 1187.6
1359270 1187.6
1359280 1186.8
1359290 1184.4
1359300 1184.4
1359310 1179.6
1359320 1173.4
1359330 1173.4
1359340 1168.7
1359350 1164.8
1359360 1164.8
1359370 1159.1
1359380 1153.4
1359390 1153.4
1359400 1149.9
1359410 1147.0
1359420 1147.0
1359430 1143.5
1359440 1138.9
1359450 1138.9
1359460 1133.4
1359470 1128.1
1359480 1123.8
1359490 1123.8
1359500 1120.2
1359510 1117.2
1359520 1117.2
1359530 1113.3
1359540 1108.8
1359550 1108.8
1359560 1104.0
1359570 1097.8
1359580 1097.8
1359590 1091.5
1359600 1084.7
1359610 1084.7
1359620 1078.3
1359630 1073.4
1359640 1073.4
1359650 1068.1
1359660 1063.0
1359670 1063.0
1359680 1058.5
1359690 1051.8
1359700 1051.8
1359710 1043.9
1359720 1035.2
1359730 1035.2
1359740 1027.4
1359750 1020.6
1359760 1015.1
1359770 1015.1
1359780 1009.9
1359790 1005.5
1359800 1005.5
1359810 1001.0
1359820 996.3
1359830 996.3
1359840 991.2
1359850 984.3
1359860 984.3
1359870 977.3
1359880 970.5
1359890 970.5
1359900 964.1
1359910 958.5
1359920 958.5
1359930 952.2
1359940 947.2
1359950 947.2
1359960 940.8
1359970 935.1
1359980 935.1
1359990 930.6
