1340000 1538.7
1340010 1538.7
1340020 1531.6
1340030 1526.5
1340040 1526.5
1340050 1519.8
1340060 1513.5
1340070 1513.5
1340080 1508.2
1340090 1503.8
1340100 1498.2
1340110 1498.2
1340120 1492.2
1340130 1485.2
1340140 1485.2
1340150 1478.6
1340160 1474.1
1340170 1474.1
1340180 1470.5
1340190 1466.7
1340200 1466.7
1340210 1461.6
1340220 1457.1
1340230 1457.1
1340240 1452.7
1340250 1449.0
1340260 1449.0
1340270 1446.3
1340280 1443.5
1340290 1443.5
1340300 1439.9
1340310 1436.3
1340320 1436.3
1340330 1433.0
1340340 1429.6
1340350 1429.6
1340360 1426.2
1340370 1421.7
1340380 1416.2
1340390 1416.2
1340400 1411.9
1340410 1409.0
1340420 1409.0
1340430 1407.1
1340440 1404.1
1340450 1404.1
1340460 1399.4
1340470 1394.8
1340480 1394.8
1340490 1389.9
1340500 1392.2
1340510 1392.2
1340520 1388.4
1340530 1384.2
1340540 1384.2
1340550 1379.3
1340560 1374.9
1340570 1374.9
1340580 1371.1
1340590 1368.3
1340600 1368.3
1340610 1366.0
1340620 1361.7
1340630 1361.7
1340640 1357.5
1340650 1353.6
1340660 1353.6
1340670 1348.8
1340680 1343.7
1340690 1339.8
1340700 1339.8
1340710 1336.1
1340720 1332.7
1340730 1332.7
1340740 1328.5
1340750 1324.2
1340760 1324.2
1340770 1320.3
1340780 1316.3
1340790 1316.3
1340800 1311.5
1340810 1306.6
1340820 1306.6
1340830 1300.4
1340840 1295.8
1340850 1295.8
1340860 1292.0
1340870 1288.2
1340880 1288.2
1340890 1284.5
1340900 1281.2
1340910 1281.2
1340920 1278.9
1340930 1276.3
1340940 1276.3
1340950 1272.1
1340960 1268.3
1340970 1265.6
1340980 1265.6
1340990 1263.7
1341000 1262.0
1341010 1262.0
1341020 1260.0
1341030 1257.2
1341040 1257.2
1341050 1254.9
1341060 1252.9
1341070 1252.9
1341080 1251.0
1341090 1249.2
1341100 1249.2
1341110 1247.1
1341120 1244.8
1341130 1244.8
1341140 1242.0
1341150 1238.7
1341160 1238.7
1341170 1235.0
1341180 1231.7
1341190 1231.7
1341200 1229.3
1341210 1227.1
1341220 1227.1
1341230 1225.2
1341240 1222.9
1341250 1222.9
1341260 1220.0
1341270 1216.4
1341280 1210.4
1341290 1210.4
1341300 1205.4
1341310 1201.2
1341320 1201.2
1341330 1197.1
1341340 1199.3
1341350 1199.3
1341360 1198.6
1341370 1194.5
1341380 1194.5
1341390 1193.6
1341400 1191.7
1341410 1191.7
1341420 1189.9
1341430 1187.8
1341440 1187.8
1341450 1185.1
1341460 1182.1
1341470 1182.1
1341480 1178.0
1341490 1173.7
1341500 1173.7
1341510 1168.9
1341520 1164.7
1341530 1164.7
1341540 1161.0
1341550 1157.6
1341560 1153.4
1341570 1153.4
1341580 1149.4
1341590 1144.6
1341600 1144.6
1341610 1139.0
1341620 1134.4
1341630 1134.4
1341640 1128.7
1341650 1124.1
1341660 1124.1
1341670 1120.4
1341680 1116.8
1341690 1116.8
1341700 1113.4
1341710 1110.1
1341720 1110.1
1341730 1107.2
1341740 1103.7
1341750 1103.7
1341760 1099.4
1341770 1095.7
1341780 1095.7
1341790 1093.5
1341800 1094.4
1341810 1094.4
1341820 1095.2
1341830 1095.0
1341840 1094.8
1341850 1094.8
1341860 1093.5
1341870 1092.5
1341880 1092.5
1341890 1091.4
1341900 1091.3
1341910 1091.3
1341920 1090.0
1341930 1088.4
1341940 1088.4
1341950 1087.6
1341960 1082.6
1341970 1082.6
1341980 1074.0
1341990 1067.4
1342000 1067.4
1342010 1064.7
1342020 1064.3
1342030 1064.3
1342040 1064.0
1342050 1063.0
1342060 1063.0
1342070 1061.8
1342080 1060.6
1342090 1060.6
1342100 1062.4
1342110 1063.5
1342120 1063.5
1342130 1066.9
1342140 1074.3
1342150 1083.5
1342160 1083.5
1342170 1091.9
1342180 1100.2
1342190 1100.2
1342200 1107.4
1342210 1112.9
1342220 1112.9
1342230 1117.8
1342240 1122.5
1342250 1122.5
1342260 1128.1
1342270 1133.4
1342280 1134.7
1342290 1138.9
1342300 1143.7
1342310 1143.7
1342320 1149.1
1342330 1154.7
1342340 1154.7
1342350 1159.5
1342360 1163.1
1342370 1163.1
1342380 1167.0
1342390 1171.0
1342400 1171.0
1342410 1175.1
1342420 1178.9
1342430 1183.6
1342440 1183.6
1342450 1188.0
1342460 1192.6
1342470 1192.6
1342480 1196.8
1342490 1200.7
1342500 1200.7
1342510 1204.8
1342520 1209.4
1342530 1209.4
1342540 1213.0
1342550 1217.6
1342560 1217.6
1342570 1222.3
1342580 1226.6
1342590 1226.6
1342600 1230.7
1342610 1235.1
1342620 1235.1
1342630 1239.6
1342640 1244.3
1342650 1244.3
1342660 1247.9
1342670 1252.4
1342680 1252.4
1342690 1257.2
1342700 1261.3
1342710 1265.1
1342720 1265.1
1342730 1270.0
1342740 1275.6
1342750 1275.6
1342760 1281.5
1342770 1286.9
1342780 1286.9
1342790 1291.7
1342800 1296.5
1342810 1296.5
1342820 1301.3
1342830 1305.7
1342840 1305.7
1342850 1310.4
1342860 1316.0
1342870 1316.0
1342880 1320.8
1342890 1323.8
1342900 1323.8
1342910 1327.3
1342920 1332.1
1342930 1332.1
1342940 1337.2
1342950 1342.1
1342960 1342.1
1342970 1345.3
1342980 1349.1
1342990 1349.1
1343000 1353.6
1343010 1358.1
1343020 1363.1
1343030 1363.1
1343040 1368.7
1343050 1374.6
1343060 1374.6
1343070 1380.2
1343080 1386.3
1343090 1386.3
1343100 1393.0
1343110 1399.5
1343120 1399.5
1343130 1405.7
1343140 1410.5
1343150 1410.5
1343160 1414.7
1343170 1417.2
1343180 1420.7
1343190 1423.0
1343200 1425.3
1343210 1425.3
1343220 1426.8
1343230 1426.8
1343240 1426.8
1343250 1425.9
1343260 1426.1
1343270 1426.1
1343280 1427.9
1343290 1430.8
1343300 1433.6
1343310 1433.6
1343320 1436.3
1343330 1440.9
1343340 1440.9
1343350 1445.4
1343360 1449.1
1343370 1449.1
1343380 1450.5
1343390 1450.9
1343400 1450.9
1343410 1453.7
1343420 1453.5
1343430 1453.5
1343440 1458.0
1343450 1460.5
1343460 1460.5
1343470 1461.2
1343480 1462.4
1343490 1462.4
1343500 1463.9
1343510 1465.3
1343520 1465.3
1343530 1467.5
1343540 1470.3
1343550 1470.3
1343560 1474.0
1343570 1477.0
1343580 1477.0
1343590 1481.0
1343600 1487.0
1343610 1491.2
1343620 1491.2
1343630 1494.7
1343640 1496.3
1343650 1496.3
1343660 1496.0
1343670 1496.1
1343680 1496.1
1343690 1497.4
1343700 1499.9
1343710 1499.9
1343720 1500.5
1343730 1500.8
1343740 1500.8
1343750 1501.1
1343760 1500.5
1343770 1500.5
1343780 1502.5
1343790 1505.9
1343800 1505.9
1343810 1509.1
1343820 1511.3
1343830 1511.3
1343840 1512.3
1343850 1510.5
1343860 1510.5
1343870 1509.1
1343880 1509.4
1343890 1511.3
1343900 1511.3
1343910 1513.2
1343920 1515.7
1343930 1515.7
1343940 1517.7
1343950 1520.6
1343960 1520.6
1343970 1524.0
1343980 1527.5
1343990 1527.5
1344000 1531.1
1344010 1534.9
1344020 1534.9
1344030 1539.2
1344040 1544.5
1344050 1544.5
1344060 1549.3
1344070 1555.0
1344080 1549.4
1344090 1555.1
1344100 1561.0
1344110 1561.0
1344120 1566.8
1344130 1571.1
1344140 1571.1
1344150 1575.6
1344160 1579.7
1344170 1582.8
1344180 1582.8
1344190 1585.6
1344200 1588.7
1344210 1588.7
1344220 1592.1
1344230 1597.0
1344240 1597.0
1344250 1603.1
1344260 1609.4
1344270 1609.4
1344280 1615.8
1344290 1622.0
1344300 1622.0
1344310 1626.6
1344320 1629.7
1344330 1629.7
1344340 1632.9
1344350 1636.1
1344360 1636.1
1344370 1639.7
1344380 1642.7
1344390 1642.7
1344400 1644.2
1344410 1646.2
1344420 1646.2
1344430 1648.9
1344440 1652.2
1344450 1652.2
1344460 1656.0
1344470 1659.1
1344480 1661.9
1344490 1661.9
1344500 1665.6
1344510 1670.3
1344520 1670.3
1344530 1674.8
1344540 1680.1
1344550 1680.1
1344560 1686.1
1344570 1692.4
1344580 1692.4
1344590 1698.4
1344600 1703.2
1344610 1703.2
1344620 1707.4
1344630 1711.6
1344640 1711.6
1344650 1715.6
1344660 1719.5
1344670 1719.5
1344680 1721.3
1344690 1722.9
1344700 1722.9
1344710 1725.0
1344720 1727.6
1344730 1727.6
1344740 1730.6
1344750 1733.2
1344760 1736.4
1344770 1736.4
1344780 1739.5
1344790 1742.1
1344800 1742.1
1344810 1745.1
1344820 1748.3
1344830 1748.3
1344840 1751.4
1344850 1755.0
1344860 1755.0
1344870 1758.4
1344880 1761.2
1344890 1761.2
1344900 1765.8
1344910 1773.2
1344920 1773.2
1344930 1779.7
1344940 1786.1
1344950 1786.1
1344960 1791.1
1344970 1793.8
1344980 1793.8
1344990 1793.5
1345000 1795.7
1345010 1795.7
1345020 1800.1
1345030 1804.6
1345040 1804.6
1345050 1808.8
1345060 1812.8
1345070 1818.7
1345080 1818.7
1345090 1826.2
1345100 1834.0
1345110 1834.0
1345120 1841.5
1345130 1851.2
1345140 1851.2
1345150 1862.1
1345160 1866.2
1345170 1866.2
1345180 1865.4
1345190 1860.5
1345200 1860.5
1345210 1852.6
1345220 1842.3
1345230 1842.3
1345240 1831.9
1345250 1821.4
1345260 1821.4
1345270 1814.1
1345280 1807.5
1345290 1807.5
1345300 1801.0
1345310 1795.1
1345320 1795.1
1345330 1790.5
1345340 1788.1
1345350 1786.6
1345360 1786.6
1345370 1784.7
1345380 1781.6
1345390 1781.6
1345400 1778.5
1345410 1775.6
1345420 1775.6
1345430 1773.2
1345440 1771.4
1345450 1771.4
1345460 1770.0
1345470 1768.8
1345480 1768.8
1345490 1767.5
1345500 1765.9
1345510 1765.9
1345520 1764.0
1345530 1761.7
1345540 1761.7
1345550 1759.8
1345560 1758.8
1345570 1758.8
1345580 1758.4
1345590 1758.3
1345600 1758.3
1345610 1758.3
1345620 1757.4
1345630 1756.9
1345640 1756.9
1345650 1756.4
1345660 1756.1
1345670 1756.1
1345680 1755.4
1345690 1755.6
1345700 1755.6
1345710 1754.9
1345720 1752.7
1345730 1752.7
1345740 1750.9
1345750 1752.3
1345760 1752.3
1345770 1754.5
1345780 1756.4
1345790 1756.4
1345800 1758.5
1345810 1761.7
1345820 1761.7
1345830 1764.6
1345840 1766.5
1345850 1766.5
1345860 1767.1
1345870 1767.8
1345880 1767.8
1345890 1768.5
1345900 1769.2
1345910 1772.0
1345920 1772.7
1345930 1773.3
1345940 1773.8
1345950 1773.8
1345960 1773.6
1345970 1772.1
1345980 1772.1
1345990 1770.5
1346000 1766.1
1346010 1766.1
1346020 1762.7
1346030 1761.5
1346040 1761.5
1346050 1755.1
1346060 1748.9
1346070 1748.9
1346080 1742.9
1346090 1737.2
1346100 1737.2
1346110 1730.3
1346120 1725.7
1346130 1725.7
1346140 1725.7
1346150 1723.2
1346160 1723.2
1346170 1721.5
1346180 1719.8
1346190 1719.8
1346200 1718.3
1346210 1717.4
1346220 1716.0
1346230 1716.0
1346240 1715.5
1346250 1714.5
1346260 1714.5
1346270 1713.6
1346280 1713.6
1346290 1713.6
1346300 1713.7
1346310 1713.6
1346320 1713.6
1346330 1713.3
1346340 1712.7
1346350 1712.7
1346360 1712.0
1346370 1711.6
1346380 1711.6
1346390 1710.7
1346400 1709.0
1346410 1709.0
1346420 1706.8
1346430 1704.7
1346440 1704.7
1346450 1702.4
1346460 1699.1
1346470 1699.1
1346480 1694.9
1346490 1690.4
1346500 1686.1
1346510 1686.1
1346520 1683.6
1346530 1683.3
1346540 1683.3
1346550 1683.0
1346560 1681.7
1346570 1681.7
1346580 1679.5
1346590 1678.5
1346600 1678.5
1346610 1676.4
1346620 1674.8
1346630 1674.8
1346640 1672.3
1346650 1670.2
1346660 1670.2
1346670 1669.0
1346680 1667.1
1346690 1667.1
1346700 1666.5
1346710 1668.3
1346720 1668.3
1346730 1669.9
1346740 1669.5
1346750 1669.5
1346760 1670.0
1346770 1670.2
1346780 1670.2
1346790 1672.3
1346800 1674.3
1346810 1672.6
1346820 1672.6
1346830 1678.0
1346840 1680.2
1346850 1680.2
1346860 1682.3
1346870 1683.9
1346880 1683.9
1346890 1684.5
1346900 1683.3
1346910 1683.3
1346920 1679.9
1346930 1675.4
1346940 1675.4
1346950 1670.3
1346960 1664.9
1346970 1664.9
1346980 1660.6
1346990 1657.3
1347000 1657.3
1347010 1654.5
1347020 1652.2
1347030 1652.2
1347040 1649.2
1347050 1645.2
1347060 1645.2
1347070 1641.8
1347080 1639.7
1347090 1637.6
1347100 1637.6
1347110 1634.1
1347120 1630.6
1347130 1630.6
1347140 1628.2
1347150 1625.3
1347160 1625.3
1347170 1622.0
1347180 1617.0
1347190 1617.0
1347200 1612.4
1347210 1607.6
1347220 1607.6
1347230 1606.7
1347240 1606.2
1347250 1606.2
1347260 1603.0
1347270 1598.4
1347280 1598.4
1347290 1593.1
1347300 1588.6
1347310 1588.6
1347320 1584.7
1347330 1580.4
1347340 1580.4
1347350 1576.2
1347360 1572.0
1347370 1572.0
1347380 1567.7
1347390 1562.5
1347400 1556.8
1347410 1556.8
1347420 1550.9
1347430 1545.0
1347440 1545.0
1347450 1539.2
1347460 1532.9
1347470 1532.9
1347480 1527.1
1347490 1522.7
1347500 1522.7
1347510 1519.4
1347520 1515.3
1347530 1515.3
1347540 1510.3
1347550 1504.0
1347560 1504.0
1347570 1497.2
1347580 1492.4
1347590 1492.4
1347600 1487.4
1347610 1482.7
1347620 1482.7
1347630 1478.7
1347640 1475.4
1347650 1475.4
1347660 1472.4
1347670 1469.0
1347680 1465.0
1347690 1465.0
1347700 1460.9
1347710 1456.9
1347720 1456.9
1347730 1453.3
1347740 1449.3
1347750 1449.3
1347760 1445.0
1347770 1441.3
1347780 1441.3
1347790 1437.3
1347800 1433.1
1347810 1433.1
1347820 1428.5
1347830 1424.4
1347840 1424.4
1347850 1420.9
1347860 1417.9
1347870 1417.9
1347880 1415.2
1347890 1412.3
1347900 1412.3
1347910 1408.9
1347920 1404.4
1347930 1404.4
1347940 1399.5
1347950 1394.3
1347960 1389.1
1347970 1389.1
1347980 1382.8
1347990 1377.9
1348000 1377.9
1348010 1374.0
1348020 1370.3
1348030 1370.3
1348040 1366.2
1348050 1363.0
1348060 1363.0
1348070 1361.1
1348080 1360.6
1348090 1360.6
1348100 1357.8
1348110 1354.2
1348120 1354.2
1348130 1350.2
1348140 1346.0
1348150 1346.0
1348160 1341.8
1348170 1337.9
1348180 1337.9
1348190 1334.5
1348200 1331.8
1348210 1331.8
1348220 1329.4
1348230 1326.9
1348240 1326.9
1348250 1324.4
1348260 1321.2
1348270 1317.4
1348280 1317.4
1348290 1313.4
1348300 1309.5
1348310 1309.5
1348320 1305.8
1348330 1302.4
1348340 1302.4
1348350 1298.6
1348360 1293.6
1348370 1293.6
1348380 1288.2
1348390 1283.3
1348400 1283.3
1348410 1278.8
1348420 1274.8
1348430 1274.8
1348440 1271.1
1348450 1268.1
1348460 1268.1
1348470 1265.7
1348480 1263.4
1348490 1263.4
1348500 1261.1
1348510 1259.2
1348520 1259.2
1348530 1257.3
1348540 1255.6
1348550 1252.3
1348560 1252.3
1348570 1247.8
1348580 1243.8
1348590 1243.8
1348600 1240.0
1348610 1236.5
1348620 1236.5
1348630 1233.3
1348640 1231.1
1348650 1231.1
1348660 1230.9
1348670 1227.9
1348680 1227.9
1348690 1224.3
1348700 1219.1
1348710 1219.1
1348720 1215.6
1348730 1211.5
1348740 1211.5
1348750 1208.2
1348760 1204.6
1348770 1204.6
1348780 1200.8
1348790 1197.5
1348800 1197.5
1348810 1194.0
1348820 1189.3
1348830 1183.9
1348840 1183.9
1348850 1179.4
1348860 1175.5
1348870 1175.5
1348880 1171.2
1348890 1166.0
1348900 1166.0
1348910 1160.1
1348920 1154.7
1348930 1154.7
1348940 1150.6
1348950 1145.1
1348960 1145.1
1348970 1139.5
1348980 1135.2
1348990 1135.2
1349000 1130.7
1349010 1125.4
1349020 1125.4
1349030 1121.0
1349040 1117.0
1349050 1117.0
1349060 1113.1
1349070 1108.3
1349080 1108.3
1349090 1103.5
1349100 1099.8
1349110 1099.8
1349120 1096.5
1349130 1092.8
1349140 1089.1
1349150 1089.1
1349160 1084.8
1349170 1080.1
1349180 1080.1
1349190 1075.2
1349200 1069.7
1349210 1069.7
1349220 1065.1
1349230 1061.2
1349240 1061.2
1349250 1058.6
1349260 1055.6
1349270 1055.6
1349280 1052.5
1349290 1048.8
1349300 1048.8
1349310 1044.5
1349320 1040.2
1349330 1040.2
1349340 1035.6
1349350 1031.1
1349360 1031.1
1349370 1026.3
1349380 1022.2
1349390 1022.2
1349400 1018.6
1349410 1015.9
1349420 1013.2
1349430 1013.2
1349440 1010.7
1349450 1008.9
1349460 1008.9
1349470 1007.3
1349480 1004.8
1349490 1004.8
1349500 1002.2
1349510 999.8
1349520 999.8
1349530 997.4
1349540 995.3
1349550 995.3
1349560 992.6
1349570 990.1
1349580 990.1
1349590 986.8
1349600 983.6
1349610 983.6
1349620 980.7
1349630 978.5
1349640 978.5
1349650 974.8
1349660 973.7
1349670 973.7
1349680 971.7
1349690 965.5
1349700 965.5
1349710 959.1
1349720 952.5
1349730 946.1
1349740 946.1
1349750 939.3
1349760 933.3
1349770 933.3
1349780 927.8
1349790 922.0
1349800 922.0
1349810 915.1
1349820 910.5
1349830 910.5
1349840 908.2
1349850 905.6
1349860 905.6
1349870 903.3
1349880 902.0
1349890 902.0
1349900 901.7
1349910 901.1
1349920 901.1
1349930 899.7
1349940 897.5
1349950 897.5
1349960 896.3
1349970 894.6
1349980 894.6
1349990 892.6
1350000 890.2
1350010 887.7
1350020 887.7
1350030 885.2
1350040 882.6
1350050 882.6
1350060 879.8
1350070 877.0
1350080 877.0
1350090 874.0
1350100 870.9
1350110 870.9
1350120 867.8
1350130 864.8
1350140 864.8
1350150 862.1
1350160 859.5
1350170 859.5
1350180 857.0
1350190 854.3
1350200 854.3
1350210 851.9
1350220 850.2
1350230 850.2
1350240 850.1
1350250 851.8
1350260 851.8
1350270 853.6
1350280 854.0
1350290 852.5
1350300 852.5
1350310 848.6
1350320 843.4
1350330 843.4
1350340 838.2
1350350 835.0
1350360 835.0
1350370 832.9
1350380 831.4
1350390 831.4
1350400 830.4
1350410 829.8
1350420 829.8
1350430 829.2
1350440 828.8
1350450 828.8
1350460 827.8
1350470 829.3
1350480 829.3
1350490 832.7
1350500 836.3
1350510 836.3
1350520 839.8
1350530 843.4
1350540 843.4
1350550 847.0
1350560 850.5
1350570 850.5
1350580 853.9
1350590 857.2
1350600 860.5
1350610 860.5
1350620 863.6
1350630 867.9
1350640 867.9
1350650 872.8
1350660 875.6
1350670 875.6
1350680 877.1
1350690 879.2
1350700 879.2
1350710 882.6
1350720 887.1
1350730 887.1
1350740 890.3
1350750 893.1
1350760 893.1
1350770 897.2
1350780 900.2
1350790 900.2
1350800 903.1
1350810 905.3
1350820 905.3
1350830 908.2
1350840 910.3
1350850 910.3
1350860 914.4
1350870 919.9
1350880 925.3
1350890 925.3
1350900 931.6
1350910 939.0
1350920 939.0
1350930 947.3
1350940 952.7
1350950 952.7
1350960 952.1
1350970 950.8
1350980 950.8
1350990 952.8
1351000 952.4
1351010 952.4
1351020 948.0
1351030 944.1
1351040 944.1
1351050 944.7
1351060 943.1
1351070 943.1
1351080 940.0
1351090 938.8
1351100 938.8
1351110 938.7
1351120 937.6
1351130 937.6
1351140 936.7
1351150 936.1
1351160 938.0
1351170 938.0
1351180 943.2
1351190 948.3
1351200 948.3
1351210 953.5
1351220 957.5
1351230 957.5
1351240 961.6
1351250 965.4
1351260 965.4
1351270 969.2
1351280 973.5
1351290 973.5
1351300 977.5
1351310 982.1
1351320 982.1
1351330 986.7
1351340 991.0
1351350 991.0
1351360 993.6
1351370 995.7
1351380 995.7
1351390 998.0
1351400 1000.5
1351410 1000.5
1351420 1002.9
1351430 1005.4
1351440 1005.4
1351450 1008.0
1351460 1010.4
1351470 1013.0
1351480 1013.0
1351490 1015.9
1351500 1019.6
1351510 1019.6
1351520 1022.7
1351530 1024.5
1351540 1024.5
1351550 1029.1
1351560 1031.8
1351570 1031.8
1351580 1035.4
1351590 1039.8
1351600 1039.8
1351610 1043.4
1351620 1048.0
1351630 1048.0
1351640 1052.6
1351650 1056.4
1351660 1056.4
1351670 1060.1
1351680 1063.7
1351690 1063.7
1351700 1067.2
1351710 1070.0
1351720 1070.0
1351730 1073.1
1351740 1076.1
1351750 1077.9
1351760 1077.9
1351770 1078.8
1351780 1080.5
1351790 1080.5
1351800 1082.5
1351810 1083.0
1351820 1083.0
1351830 1085.6
1351840 1090.1
1351850 1090.1
1351860 1093.7
1351870 1095.4
1351880 1095.4
1351890 1093.0
1351900 1096.8
1351910 1096.8
1351920 1103.7
1351930 1105.5
1351940 1105.5
1351950 1106.9
1351960 1103.9
1351970 1103.9
1351980 1102.0
1351990 1106.3
1352000 1106.3
1352010 1106.4
1352020 1103.9
1352030 1103.2
1352040 1103.2
1352050 1108.9
1352060 1113.2
1352070 1113.2
1352080 1118.7
1352090 1122.4
1352100 1122.4
1352110 1125.7
1352120 1128.4
1352130 1128.4
1352140 1130.3
1352150 1133.7
1352160 1133.7
1352170 1139.0
1352180 1144.7
1352190 1144.7
1352200 1150.0
1352210 1156.1
1352220 1156.1
1352230 1161.9
1352240 1166.2
1352250 1166.2
1352260 1171.8
1352270 1179.4
1352280 1179.4
1352290 1188.4
1352300 1196.6
1352310 1196.6
1352320 1203.9
1352330 1209.4
1352340 1215.3
1352350 1215.3
1352360 1221.5
1352370 1227.4
1352380 1227.4
1352390 1233.7
1352400 1240.4
1352410 1240.4
1352420 1247.0
1352430 1253.5
1352440 1253.5
1352450 1259.3
1352460 1264.4
1352470 1264.4
1352480 1268.4
1352490 1272.2
1352500 1272.2
1352510 1274.2
1352520 1277.6
1352530 1277.6
1352540 1281.3
1352550 1285.5
1352560 1285.5
1352570 1289.7
1352580 1293.5
1352590 1293.5
1352600 1296.8
1352610 1300.0
1352620 1303.2
1352630 1303.2
1352640 1307.3
1352650 1311.2
1352660 1311.2
1352670 1315.6
1352680 1321.8
1352690 1321.8
1352700 1327.0
1352710 1330.8
1352720 1330.8
1352730 1333.7
1352740 1336.2
1352750 1336.2
1352760 1339.3
1352770 1341.8
1352780 1341.8
1352790 1343.4
1352800 1344.3
1352810 1344.3
1352820 1346.1
1352830 1347.6
1352840 1347.6
1352850 1346.7
1352860 1344.5
1352870 1344.5
1352880 1343.2
1352890 1342.4
1352900 1342.4
1352910 1341.4
1352920 1340.9
1352930 1340.2
1352940 1340.2
1352950 1339.4
1352960 1339.1
1352970 1339.1
1352980 1338.8
1352990 1338.3
1353000 1338.3
1353010 1337.8
1353020 1337.5
1353030 1337.5
1353040 1337.3
1353050 1333.8
1353060 1333.8
1353070 1330.7
1353080 1326.8
1353090 1326.8
1353100 1320.8
1353110 1317.6
1353120 1317.6
1353130 1320.6
1353140 1319.9
1353150 1319.9
1353160 1322.1
1353170 1321.7
1353180 1321.7
1353190 1317.3
1353200 1311.5
1353210 1304.7
1353220 1304.7
1353230 1299.2
1353240 1296.7
1353250 1296.7
1353260 1292.9
1353270 1285.5
1353280 1285.5
1353290 1282.2
1353300 1283.1
1353310 1283.1
1353320 1287.4
1353330 1295.8
1353340 1295.8
1353350 1304.1
1353360 1311.1
1353370 1311.1
1353380 1317.1
1353390 1323.2
1353400 1323.2
1353410 1328.3
1353420 1333.1
1353430 1333.1
1353440 1339.6
1353450 1345.1
1353460 1345.1
1353470 1349.6
1353480 1351.6
1353490 1355.9
1353500 1355.9
1353510 1361.3
1353520 1367.3
1353530 1367.3
1353540 1373.2
1353550 1378.9
1353560 1378.9
1353570 1384.5
1353580 1387.9
1353590 1387.9
1353600 1390.0
1353610 1392.2
1353620 1392.2
1353630 1394.1
1353640 1395.6
1353650 1395.6
1353660 1397.3
1353670 1399.1
1353680 1399.1
1353690 1400.8
1353700 1402.6
1353710 1402.6
1353720 1404.1
1353730 1405.9
1353740 1405.9
1353750 1407.9
1353760 1410.3
1353770 1410.3
1353780 1412.7
1353790 1414.4
1353800 1416.2
1353810 1416.2
1353820 1419.5
1353830 1422.4
1353840 1422.4
1353850 1426.4
1353860 1429.9
1353870 1429.9
1353880 1433.3
1353890 1435.5
1353900 1435.5
1353910 1437.3
1353920 1439.0
1353930 1439.0
1353940 1441.1
1353950 1443.8
1353960 1443.8
1353970 1447.4
1353980 1450.2
1353990 1450.2
1354000 1452.4
1354010 1455.8
1354020 1455.8
1354030 1458.7
1354040 1460.9
1354050 1460.9
1354060 1462.2
1354070 1463.0
1354080 1464.2
1354090 1464.2
1354100 1466.8
1354110 1469.6
1354120 1469.6
1354130 1472.6
1354140 1478.1
1354150 1478.1
1354160 1483.9
1354170 1489.7
1354180 1489.7
1354190 1496.4
1354200 1503.9
1354210 1503.9
1354220 1510.6
1354230 1516.1
1354240 1516.1
1354250 1521.3
1354260 1528.5
1354270 1528.5
1354280 1536.3
1354290 1542.6
1354300 1542.6
1354310 1548.5
1354320 1551.8
1354330 1551.8
1354340 1553.5
1354350 1557.2
1354360 1560.3
1354370 1560.3
1354380 1564.1
1354390 1567.6
1354400 1567.6
1354410 1570.3
1354420 1573.1
1354430 1573.1
1354440 1577.1
1354450 1580.3
1354460 1580.3
1354470 1582.4
1354480 1586.6
1354490 1586.6
1354500 1590.3
1354510 1592.5
1354520 1592.5
1354530 1596.8
1354540 1600.6
1354550 1600.6
1354560 1603.5
1354570 1606.7
1354580 1606.7
1354590 1609.9
1354600 1613.3
1354610 1613.3
1354620 1616.1
1354630 1619.9
1354640 1619.9
1354650 1623.8
1354660 1626.9
1354670 1631.5
1354680 1631.5
1354690 1636.8
1354700 1641.2
1354710 1641.2
1354720 1646.1
1354730 1652.4
1354740 1652.4
1354750 1659.1
1354760 1664.7
1354770 1664.7
1354780 1670.7
1354790 1678.8
1354800 1678.8
1354810 1688.1
1354820 1696.9
1354830 1696.9
1354840 1707.5
1354850 1721.0
1354860 1721.0
1354870 1731.8
1354880 1739.8
1354890 1739.8
1354900 1747.3
1354910 1754.0
1354920 1754.0
1354930 1752.7
1354940 1745.1
1354950 1742.2
1354960 1742.2
1354970 1740.5
1354980 1737.6
1354990 1737.6
1355000 1736.4
1355010 1730.2
1355020 1730.2
1355030 1721.8
1355040 1717.0
1355050 1717.0
1355060 1715.5
1355070 1712.7
1355080 1712.7
1355090 1710.8
1355100 1706.2
1355110 1706.2
1355120 1700.3
1355130 1696.0
1355140 1696.0
1355150 1691.3
1355160 1686.9
1355170 1686.9
1355180 1683.6
1355190 1679.6
1355200 1679.6
1355210 1675.8
1355220 1672.5
1355230 1672.5
1355240 1668.4
1355250 1664.1
1355260 1659.3
1355270 1659.3
1355280 1655.0
1355290 1652.2
1355300 1652.2
1355310 1648.6
1355320 1644.3
1355330 1644.3
1355340 1639.6
1355350 1634.9
1355360 1634.9
1355370 1631.1
1355380 1627.2
1355390 1627.2
1355400 1623.0
1355410 1619.3
1355420 1619.3
1355430 1616.1
1355440 1613.8
1355450 1613.8
1355460 1610.7
1355470 1608.3
1355480 1608.3
1355490 1606.7
1355500 1605.1
1355510 1605.1
1355520 1602.6
1355530 1599.3
1355540 1595.1
1355550 1595.1
1355560 1592.0
1355570 1588.6
1355580 1588.6
1355590 1584.7
1355600 1581.2
1355610 1581.2
1355620 1577.7
1355630 1574.4
1355640 1574.4
1355650 1570.6
1355660 1568.1
1355670 1568.1
1355680 1564.6
1355690 1559.4
1355700 1559.4
1355710 1554.5
1355720 1550.9
1355730 1550.9
1355740 1548.5
1355750 1545.8
1355760 1545.8
1355770 1543.2
1355780 1540.3
1355790 1540.3
1355800 1537.1
1355810 1533.5
1355820 1529.8
1355830 1529.8
1355840 1525.9
1355850 1520.9
1355860 1520.9
1355870 1515.3
1355880 1509.9
1355890 1509.9
1355900 1504.5
1355910 1498.9
1355920 1498.9
1355930 1493.7
1355940 1490.2
1355950 1490.2
1355960 1488.1
1355970 1483.8
1355980 1483.8
1355990 1481.4
1356000 1481.1
1356010 1481.1
1356020 1481.7
1356030 1481.3
1356040 1481.3
1356050 1479.6
1356060 1477.2
1356070 1477.2
1356080 1476.8
1356090 1475.6
1356100 1475.6
1356110 1472.1
1356120 1467.9
1356130 1464.0
1356140 1464.0
1356150 1458.5
1356160 1454.5
1356170 1454.5
1356180 1450.8
1356190 1446.7
1356200 1446.7
1356210 1443.8
1356220 1440.8
1356230 1440.8
1356240 1436.7
1356250 1431.6
1356260 1431.6
1356270 1426.1
1356280 1421.0
1356290 1421.0
1356300 1417.1
1356310 1413.0
1356320 1413.0
1356330 1409.5
1356340 1405.8
1356350 1405.8
1356360 1403.2
1356370 1399.1
1356380 1399.1
1356390 1395.7
1356400 1391.9
1356410 1385.3
1356420 1385.3
1356430 1381.3
1356440 1376.8
1356450 1376.8
1356460 1370.5
1356470 1364.0
1356480 1364.0
1356490 1360.8
1356500 1358.1
1356510 1358.1
1356520 1354.7
1356530 1350.9
1356540 1350.9
1356550 1347.7
1356560 1345.3
1356570 1345.3
1356580 1342.8
1356590 1340.1
1356600 1340.1
1356610 1336.3
1356620 1330.9
1356630 1330.9
1356640 1327.4
1356650 1322.0
1356660 1322.0
1356670 1317.8
1356680 1317.4
1356690 1315.4
1356700 1315.4
1356710 1304.9
1356720 1289.8
1356730 1289.8
1356740 1276.0
1356750 1272.7
1356760 1272.7
1356770 1270.8
1356780 1261.6
1356790 1261.6
1356800 1253.2
1356810 1258.5
1356820 1258.5
1356830 1273.2
1356840 1289.7
1356850 1289.7
1356860 1297.6
1356870 1303.9
1356880 1303.9
1356890 1309.3
1356900 1309.5
1356910 1309.5
1356920 1309.3
1356930 1310.7
1356940 1310.7
1356950 1310.5
1356960 1308.0
1356970 1308.0
1356980 1303.2
1356990 1299.2
1357000 1304.7
1357010 1304.7
1357020 1306.7
1357030 1302.6
1357040 1302.6
1357050 1305.6
1357060 1313.2
1357070 1313.2
1357080 1321.3
1357090 1325.7
1357100 1325.7
1357110 1330.0
1357120 1332.7
1357130 1332.7
1357140 1331.6
1357150 1332.0
1357160 1332.0
1357170 1335.6
1357180 1338.1
1357190 1338.1
1357200 1343.9
1357210 1347.5
1357220 1347.5
1357230 1348.3
1357240 1352.9
1357250 1352.9
1357260 1353.9
1357270 1355.9
1357280 1356.3
1357290 1356.3
1357300 1358.5
1357310 1361.0
1357320 1361.0
1357330 1366.5
1357340 1372.7
1357350 1372.7
1357360 1376.6
1357370 1379.6
1357380 1379.6
1357390 1382.5
1357400 1386.7
1357410 1386.7
1357420 1390.2
1357430 1399.0
1357440 1399.0
1357450 1402.5
1357460 1405.5
1357470 1405.5
1357480 1407.8
1357490 1413.7
1357500 1413.7
1357510 1422.3
1357520 1428.9
1357530 1428.9
1357540 1433.4
1357550 1435.3
1357560 1435.3
1357570 1433.3
1357580 1438.4
1357590 1442.6
1357600 1442.6
1357610 1440.5
1357620 1440.5
1357630 1440.5
1357640 1443.9
1357650 1447.0
1357660 1447.0
1357670 1443.9
1357680 1437.5
1357690 1437.5
1357700 1436.8
1357710 1439.4
1357720 1439.4
1357730 1440.9
1357740 1430.0
1357750 1430.0
1357760 1428.7
1357770 1424.8
1357780 1424.8
1357790 1415.7
1357800 1414.8
1357810 1414.8
1357820 1411.8
1357830 1408.5
1357840 1408.5
1357850 1410.7
1357860 1411.9
1357870 1408.4
1357880 1408.4
1357890 1401.6
1357900 1401.4
1357910 1401.4
1357920 1399.5
1357930 1398.8
1357940 1398.8
1357950 1401.7
1357960 1404.8
1357970 1404.8
1357980 1405.6
1357990 1405.4
1358000 1405.4
1358010 1404.1
1358020 1402.7
1358030 1402.7
1358040 1406.3
1358050 1404.0
1358060 1404.0
1358070 1399.0
1358080 1395.7
1358090 1395.7
1358100 1393.7
1358110 1391.6
1358120 1391.6
1358130 1389.4
1358140 1387.0
1358150 1384.1
1358160 1384.1
1358170 1381.9
1358180 1380.3
1358190 1380.3
1358200 1378.2
1358210 1375.9
1358220 1375.9
1358230 1375.4
1358240 1373.6
1358250 1373.6
1358260 1371.9
1358270 1371.0
1358280 1371.0
1358290 1371.5
1358300 1372.7
1358310 1372.7
1358320 1374.0
1358330 1373.8
1358340 1373.8
1358350 1372.0
1358360 1370.1
1358370 1370.1
1358380 1368.2
1358390 1367.2
1358400 1367.2
1358410 1367.5
1358420 1366.5
1358430 1368.9
1358440 1366.3
1358450 1362.0
1358460 1355.9
1358470 1355.9
1358480 1349.5
1358490 1342.9
1358500 1342.9
1358510 1335.6
1358520 1328.2
1358530 1328.2
1358540 1320.2
1358550 1312.0
1358560 1312.0
1358570 1304.3
1358580 1298.2
1358590 1298.2
1358600 1293.8
1358610 1289.2
1358620 1289.2
1358630 1284.4
1358640 1279.7
1358650 1279.7
1358660 1276.2
1358670 1271.5
1358680 1271.5
1358690 1267.3
1358700 1262.1
1358710 1262.1
1358720 1257.0
1358730 1253.2
1358740 1247.1
1358750 1247.1
1358760 1239.3
1358770 1232.4
1358780 1232.4
1358790 1228.5
1358800 1224.3
1358810 1224.3
1358820 1219.9
1358830 1216.5
1358840 1216.5
1358850 1213.7
1358860 1211.4
1358870 1211.4
1358880 1209.7
1358890 1207.1
1358900 1207.1
1358910 1205.2
1358920 1203.6
1358930 1203.6
1358940 1202.0
1358950 1200.4
1358960 1200.4
1358970 1196.1
1358980 1190.7
1358990 1190.7
1359000 1187.1
1359010 1183.4
1359020 1181.6
1359030 1181.6
1359040 1180.0
1359050 1176.8
1359060 1176.8
1359070 1173.8
1359080 1168.1
1359090 1168.1
1359100 1164.0
1359110 1163.8
1359120 1163.8
1359130 1161.9
1359140 1156.3
1359150 1156.3
1359160 1151.8
1359170 1147.2
1359180 1147.2
1359190 1141.2
1359200 1135.7
1359210 1135.7
1359220 1131.2
1359230 1131.3
1359240 1131.3
1359250 1125.5
1359260 1120.6
1359270 1120.6
1359280 1118.1
1359290 1114.5
1359300 1114.5
1359310 1110.6
1359320 1104.3
1359330 1104.1
1359340 1104.1
1359350 1103.3
1359360 1101.7
1359370 1101.7
1359380 1100.1
1359390 1098.0
1359400 1098.0
1359410 1094.9
1359420 1089.6
1359430 1089.6
1359440 1083.9
1359450 1087.9
1359460 1087.9
1359470 1084.8
1359480 1081.1
1359490 1081.1
1359500 1078.8
1359510 1076.4
1359520 1076.4
1359530 1073.8
1359540 1069.8
1359550 1069.8
1359560 1064.5
1359570 1061.1
1359580 1061.1
1359590 1057.6
1359600 1051.8
1359610 1046.7
1359620 1046.7
1359630 1043.3
1359640 1038.4
1359650 1038.4
1359660 1032.9
1359670 1026.9
1359680 1026.9
1359690 1019.6
1359700 1012.1
1359710 1012.1
1359720 1005.7
1359730 999.4
1359740 999.4
1359750 992.4
1359760 985.8
1359770 985.8
1359780 981.1
1359790 975.3
1359800 975.3
1359810 970.4
1359820 966.3
1359830 966.3
1359840 962.9
1359850 960.2
1359860 960.2
1359870 958.5
1359880 956.5
1359890 956.5
1359900 953.7
1359910 950.6
1359920 947.5
1359930 947.5
1359940 943.5
1359950 936.2
1359960 936.2
1359970 928.9
1359980 922.3
1359990 922.3
