1340000 1217.1
1340010 1219.6
1340020 1221.3
1340030 1221.3
1340040 1223.3
1340050 1225.4
1340060 1225.4
1340070 1226.7
1340080 1224.6
1340090 1224.4
1340100 1224.4
1340110 1222.5
1340120 1220.4
1340130 1220.4
1340140 1225.9
1340150 1230.5
1340160 1230.5
1340170 1231.3
1340180 1233.0
1340190 1233.0
1340200 1232.1
1340210 1232.5
1340220 1232.5
1340230 1233.0
1340240 1231.0
1340250 1231.0
1340260 1226.0
1340270 1229.8
1340280 1229.8
1340290 1231.4
1340300 1232.1
1340310 1232.1
1340320 1232.1
1340330 1231.3
1340340 1231.3
1340350 1230.5
1340360 1229.6
1340370 1228.3
1340380 1228.3
1340390 1226.5
1340400 1225.0
1340410 1225.0
1340420 1223.5
1340430 1221.3
1340440 1221.3
1340450 1219.1
1340460 1216.3
1340470 1216.3
1340480 1213.6
1340490 1210.9
1340500 1210.9
1340510 1207.6
1340520 1204.0
1340530 1204.0
1340540 1201.0
1340550 1197.9
1340560 1197.9
1340570 1194.4
1340580 1190.1
1340590 1190.1
1340600 1184.9
1340610 1181.7
1340620 1181.7
1340630 1177.9
1340640 1173.7
1340650 1173.7
1340660 1170.4
1340670 1167.2
1340680 1163.7
1340690 1163.7
1340700 1160.1
1340710 1157.0
1340720 1157.0
1340730 1153.3
1340740 1149.6
1340750 1149.6
1340760 1146.5
1340770 1142.0
1340780 1142.0
1340790 1136.6
1340800 1133.2
1340810 1133.2
1340820 1131.7
1340830 1129.5
1340840 1129.5
1340850 1128.9
1340860 1126.9
1340870 1126.9
1340880 1124.4
1340890 1122.7
1340900 1122.7
1340910 1121.6
1340920 1120.1
1340930 1120.1
1340940 1117.8
1340950 1114.1
1340960 1111.5
1340970 1111.5
1340980 1108.6
1340990 1103.7
1341000 1103.7
1341010 1100.9
1341020 1097.7
1341030 1097.7
1341040 1094.4
1341050 1091.3
1341060 1091.3
1341070 1088.6
1341080 1086.3
1341090 1086.3
1341100 1084.0
1341110 1081.3
1341120 1081.3
1341130 1078.9
1341140 1076.7
1341150 1076.7
1341160 1074.5
1341170 1072.7
1341180 1072.7
1341190 1070.9
1341200 1068.9
1341210 1068.9
1341220 1066.7
1341230 1062.8
1341240 1062.8
1341250 1058.4
1341260 1054.7
1341270 1050.2
1341280 1050.2
1341290 1045.7
1341300 1039.1
1341310 1039.1
1341320 1031.9
1341330 1025.4
1341340 1025.4
1341350 1018.7
1341360 1012.2
1341370 1012.2
1341380 1005.5
1341390 1000.7
1341400 1000.7
1341410 998.5
1341420 997.6
1341430 997.6
1341440 997.4
1341450 996.1
1341460 996.1
1341470 990.7
1341480 986.1
1341490 986.1
1341500 983.3
1341510 985.9
1341520 985.9
1341530 987.9
1341540 990.5
1341550 994.8
1341560 994.8
1341570 999.1
1341580 1003.5
1341590 1003.5
1341600 1008.4
1341610 1013.7
1341620 1013.7
1341630 1019.1
1341640 1025.1
1341650 1025.1
1341660 1031.4
1341670 1037.1
1341680 1037.1
1341690 1042.7
1341700 1049.6
1341710 1049.6
1341720 1053.0
1341730 1050.3
1341740 1052.9
1341750 1049.0
1341760 1046.8
1341770 1046.8
1341780 1047.0
1341790 1048.0
1341800 1048.0
1341810 1049.9
1341820 1051.8
1341830 1055.2
1341840 1055.2
1341850 1059.5
1341860 1062.6
1341870 1062.6
1341880 1063.1
1341890 1063.1
1341900 1063.1
1341910 1064.6
1341920 1068.0
1341930 1068.0
1341940 1072.5
1341950 1076.2
1341960 1076.2
1341970 1077.9
1341980 1080.1
1341990 1080.1
1342000 1083.1
1342010 1087.3
1342020 1087.3
1342030 1090.8
1342040 1095.3
1342050 1095.3
1342060 1100.5
1342070 1105.7
1342080 1105.7
1342090 1110.3
1342100 1114.0
1342110 1114.0
1342120 1118.2
1342130 1121.7
1342140 1124.8
1342150 1124.8
1342160 1128.9
1342170 1132.8
1342180 1132.8
1342190 1136.9
1342200 1140.8
1342210 1140.8
1342220 1142.4
1342230 1144.5
1342240 1144.5
1342250 1147.7
1342260 1150.8
1342270 1150.8
1342280 1153.8
1342290 1157.6
1342300 1157.6
1342310 1164.0
1342320 1169.2
1342330 1169.2
1342340 1175.3
1342350 1181.9
1342360 1181.9
1342370 1188.5
1342380 1193.7
1342390 1193.7
1342400 1197.4
1342410 1202.1
1342420 1205.6
1342430 1205.6
1342440 1208.8
1342450 1213.8
1342460 1213.8
1342470 1219.8
1342480 1224.5
1342490 1224.5
1342500 1228.8
1342510 1233.6
1342520 1233.6
1342530 1238.5
1342540 1243.0
1342550 1243.0
1342560 1246.9
1342570 1250.2
1342580 1250.2
1342590 1253.7
1342600 1258.4
1342610 1258.4
1342620 1263.7
1342630 1266.6
1342640 1266.6
1342650 1270.4
1342660 1274.1
1342670 1274.1
1342680 1276.6
1342690 1278.3
1342700 1278.3
1342710 1279.6
1342720 1281.6
1342730 1284.5
1342740 1284.5
1342750 1288.4
1342760 1292.7
1342770 1292.7
1342780 1296.2
1342790 1300.6
1342800 1300.6
1342810 1305.4
1342820 1310.4
1342830 1310.4
1342840 1315.2
1342850 1319.0
1342860 1319.0
1342870 1322.6
1342880 1324.7
1342890 1324.7
1342900 1325.6
1342910 1326.7
1342920 1326.7
1342930 1328.2
1342940 1330.4
1342950 1330.4
1342960 1333.2
1342970 1335.7
1342980 1335.7
1342990 1338.2
1343000 1340.8
1343010 1343.7
1343020 1343.7
1343030 1348.2
1343040 1356.3
1343050 1356.3
1343060 1363.9
1343070 1365.2
1343080 1365.2
1343090 1368.3
1343100 1370.5
1343110 1370.5
1343120 1373.7
1343130 1376.6
1343140 1376.6
1343150 1379.4
1343160 1381.3
1343170 1381.3
1343180 1383.2
1343190 1385.8
1343200 1385.8
1343210 1387.1
1343220 1391.4
1343230 1391.4
1343240 1397.2
1343250 1401.5
1343260 1401.5
1343270 1404.1
1343280 1407.3
1343290 1407.3
1343300 1410.2
1343310 1414.7
1343320 1418.2
1343330 1418.2
1343340 1420.8
1343350 1423.7
1343360 1423.7
1343370 1426.1
1343380 1430.1
1343390 1430.1
1343400 1436.1
1343410 1443.7
1343420 1443.7
1343430 1451.9
1343440 1459.4
1343450 1459.4
1343460 1464.8
1343470 1469.1
1343480 1469.1
1343490 1477.4
1343500 1487.1
1343510 1487.1
1343520 1492.9
1343530 1502.5
1343540 1502.5
1343550 1508.0
1343560 1513.3
1343570 1513.3
1343580 1518.4
1343590 1522.4
1343600 1526.5
1343610 1526.5
1343620 1529.0
1343630 1530.2
1343640 1530.2
1343650 1530.9
1343660 1532.0
1343670 1532.0
1343680 1533.5
1343690 1535.5
1343700 1535.5
1343710 1537.5
1343720 1539.6
1343730 1539.6
1343740 1541.7
1343750 1543.8
1343760 1543.8
1343770 1545.7
1343780 1547.2
1343790 1547.2
1343800 1548.6
1343810 1550.0
1343820 1550.0
1343830 1551.9
1343840 1554.3
1343850 1554.3
1343860 1557.1
1343870 1560.4
1343880 1560.4
1343890 1564.1
1343900 1567.9
1343910 1572.2
1343920 1572.2
1343930 1577.1
1343940 1581.5
1343950 1581.5
1343960 1585.5
1343970 1589.2
1343980 1589.2
1343990 1593.0
1344000 1597.8
1344010 1597.8
1344020 1602.3
1344030 1606.2
1344040 1606.2
1344050 1610.1
1344060 1613.8
1344070 1613.8
1344080 1616.7
1344090 1621.0
1344100 1621.0
1344110 1626.9
1344120 1632.1
1344130 1632.1
1344140 1637.1
1344150 1642.2
1344160 1642.2
1344170 1646.4
1344180 1650.8
1344190 1657.1
1344200 1657.1
1344210 1664.4
1344220 1672.1
1344230 1672.1
1344240 1678.3
1344250 1684.2
1344260 1684.2
1344270 1691.1
1344280 1699.3
1344290 1699.3
1344300 1705.3
1344310 1710.7
1344320 1710.7
1344330 1715.1
1344340 1719.1
1344350 1719.1
1344360 1723.7
1344370 1728.6
1344380 1728.6
1344390 1733.3
1344400 1737.8
1344410 1737.8
1344420 1742.2
1344430 1746.6
1344440 1745.2
1344450 1749.3
1344460 1753.4
1344470 1753.4
1344480 1756.9
1344490 1760.5
1344500 1763.9
1344510 1763.9
1344520 1767.3
1344530 1770.8
1344540 1770.8
1344550 1774.9
1344560 1779.2
1344570 1779.2
1344580 1783.8
1344590 1788.4
1344600 1788.4
1344610 1792.5
1344620 1796.1
1344630 1796.1
1344640 1800.1
1344650 1804.4
1344660 1804.4
1344670 1808.2
1344680 1811.5
1344690 1811.5
1344700 1814.9
1344710 1818.1
1344720 1818.1
1344730 1821.4
1344740 1824.7
1344750 1824.7
1344760 1827.5
1344770 1830.4
1344780 1833.3
1344790 1833.3
1344800 1836.7
1344810 1840.0
1344820 1840.0
1344830 1843.3
1344840 1848.1
1344850 1848.1
1344860 1852.8
1344870 1857.3
1344880 1857.3
1344890 1861.1
1344900 1864.4
1344910 1864.4
1344920 1867.6
1344930 1870.7
1344940 1870.7
1344950 1874.1
1344960 1877.4
1344970 1877.4
1344980 1880.6
1344990 1883.9
1345000 1883.9
1345010 1887.1
1345020 1889.4
1345030 1889.4
1345040 1891.3
1345050 1892.6
1345060 1892.6
1345070 1893.9
1345080 1895.2
1345090 1896.8
1345100 1896.8
1345110 1898.9
1345120 1900.9
1345130 1900.9
1345140 1902.8
1345150 1904.6
1345160 1904.6
1345170 1906.3
1345180 1907.7
1345190 1907.7
1345200 1908.8
1345210 1909.7
1345220 1909.7
1345230 1910.2
1345240 1911.2
1345250 1911.2
1345260 1910.2
1345270 1901.8
1345280 1901.8
1345290 1893.7
1345300 1886.6
1345310 1886.6
1345320 1880.7
1345330 1876.7
1345340 1876.7
1345350 1872.5
1345360 1866.9
1345370 1860.3
1345380 1860.3
1345390 1853.1
1345400 1844.5
1345410 1844.5
1345420 1836.2
1345430 1830.2
1345440 1830.2
1345450 1826.2
1345460 1822.6
1345470 1822.6
1345480 1818.6
1345490 1814.3
1345500 1814.3
1345510 1811.0
1345520 1807.2
1345530 1807.2
1345540 1801.7
1345550 1795.6
1345560 1795.6
1345570 1788.9
1345580 1783.0
1345590 1783.0
1345600 1778.0
1345610 1774.4
1345620 1774.4
1345630 1769.8
1345640 1764.9
1345650 1764.9
1345660 1760.0
1345670 1756.3
1345680 1753.0
1345690 1753.0
1345700 1752.1
1345710 1751.4
1345720 1751.4
1345730 1748.8
1345740 1742.5
1345750 1742.5
1345760 1736.5
1345770 1731.0
1345780 1731.0
1345790 1726.5
1345800 1722.6
1345810 1722.6
1345820 1718.1
1345830 1712.9
1345840 1712.9
1345850 1708.7
1345860 1703.7
1345870 1703.7
1345880 1698.1
1345890 1695.5
1345900 1695.5
1345910 1691.4
1345920 1685.3
1345930 1685.3
1345940 1682.0
1345950 1679.5
1345960 1675.8
1345970 1675.8
1345980 1671.4
1345990 1667.3
1346000 1667.3
1346010 1663.3
1346020 1657.8
1346030 1657.8
1346040 1650.8
1346050 1646.4
1346060 1646.4
1346070 1643.3
1346080 1639.1
1346090 1639.1
1346100 1635.6
1346110 1632.2
1346120 1632.2
1346130 1628.5
1346140 1624.0
1346150 1624.0
1346160 1619.8
1346170 1615.8
1346180 1615.8
1346190 1610.5
1346200 1603.3
1346210 1603.3
1346220 1597.4
1346230 1593.5
1346240 1593.5
1346250 1587.9
1346260 1581.0
1346270 1576.1
1346280 1576.1
1346290 1572.2
1346300 1567.0
1346310 1567.0
1346320 1559.5
1346330 1553.8
1346340 1553.8
1346350 1548.6
1346360 1543.4
1346370 1543.4
1346380 1538.4
1346390 1533.2
1346400 1533.2
1346410 1528.3
1346420 1524.0
1346430 1524.0
1346440 1518.7
1346450 1511.3
1346460 1511.3
1346470 1503.1
1346480 1494.7
1346490 1494.7
1346500 1487.2
1346510 1480.6
1346520 1480.6
1346530 1475.8
1346540 1472.3
1346550 1469.2
1346560 1469.2
1346570 1465.8
1346580 1461.1
1346590 1461.1
1346600 1456.1
1346610 1451.2
1346620 1451.2
1346630 1447.2
1346640 1443.2
1346650 1443.2
1346660 1439.1
1346670 1435.8
1346680 1435.8
1346690 1432.2
1346700 1428.6
1346710 1428.6
1346720 1425.8
1346730 1420.4
1346740 1420.4
1346750 1414.8
1346760 1408.5
1346770 1408.5
1346780 1401.5
1346790 1395.9
1346800 1395.9
1346810 1389.5
1346820 1383.2
1346830 1383.2
1346840 1378.0
1346850 1373.6
1346860 1370.8
1346870 1370.8
1346880 1368.5
1346890 1365.1
1346900 1365.1
1346910 1362.5
1346920 1359.3
1346930 1359.3
1346940 1356.0
1346950 1353.0
1346960 1353.0
1346970 1349.7
1346980 1345.4
1346990 1345.4
1347000 1341.2
1347010 1337.6
1347020 1337.6
1347030 1335.0
1347040 1333.0
1347050 1333.0
1347060 1330.6
1347070 1327.9
1347080 1327.9
1347090 1325.2
1347100 1322.9
1347110 1322.9
1347120 1320.6
1347130 1318.0
1347140 1314.8
1347150 1314.8
1347160 1311.8
1347170 1309.8
1347180 1309.8
1347190 1306.7
1347200 1301.3
1347210 1301.3
1347220 1297.6
1347230 1292.2
1347240 1292.2
1347250 1287.2
1347260 1282.9
1347270 1282.9
1347280 1278.1
1347290 1271.3
1347300 1271.3
1347310 1264.5
1347320 1256.0
1347330 1256.0
1347340 1250.2
1347350 1249.2
1347360 1249.2
1347370 1246.1
1347380 1241.1
1347390 1241.1
1347400 1237.2
1347410 1234.7
1347420 1234.7
1347430 1231.0
1347440 1225.0
1347450 1218.1
1347460 1218.1
1347470 1213.1
1347480 1208.7
1347490 1208.7
1347500 1203.3
1347510 1195.8
1347520 1195.8
1347530 1187.7
1347540 1181.1
1347550 1181.1
1347560 1177.0
1347570 1173.5
1347580 1173.5
1347590 1170.2
1347600 1166.4
1347610 1166.4
1347620 1163.8
1347630 1161.7
1347640 1161.7
1347650 1159.8
1347660 1158.8
1347670 1158.8
1347680 1158.1
1347690 1156.3
1347700 1156.3
1347710 1152.5
1347720 1151.1
1347730 1150.4
1347740 1150.4
1347750 1152.9
1347760 1153.6
1347770 1153.6
1347780 1156.1
1347790 1157.5
1347800 1157.5
1347810 1157.0
1347820 1154.2
1347830 1154.2
1347840 1153.3
1347850 1152.1
1347860 1152.1
1347870 1148.9
1347880 1146.8
1347890 1146.8
1347900 1144.7
1347910 1144.1
1347920 1144.1
1347930 1146.6
1347940 1144.5
1347950 1144.5
1347960 1140.5
1347970 1137.4
1347980 1137.4
1347990 1133.6
1348000 1130.6
1348010 1130.6
1348020 1128.1
1348030 1125.4
1348040 1123.0
1348050 1123.0
1348060 1120.5
1348070 1116.0
1348080 1116.0
1348090 1113.3
1348100 1110.9
1348110 1110.9
1348120 1109.5
1348130 1116.9
1348140 1116.9
1348150 1114.6
1348160 1114.2
1348170 1114.2
1348180 1117.1
1348190 1124.4
1348200 1124.4
1348210 1131.8
1348220 1127.0
1348230 1127.0
1348240 1122.6
1348250 1119.6
1348260 1119.6
1348270 1116.8
1348280 1114.7
1348290 1114.7
1348300 1112.8
1348310 1111.3
1348320 1111.3
1348330 1111.3
1348340 1110.8
1348350 1109.3
1348360 1109.3
1348370 1110.3
1348380 1111.4
1348390 1111.4
1348400 1112.8
1348410 1114.6
1348420 1114.6
1348430 1117.0
1348440 1116.4
1348450 1116.4
1348460 1114.1
1348470 1111.4
1348480 1111.4
1348490 1107.3
1348500 1103.1
1348510 1103.1
1348520 1100.1
1348530 1095.7
1348540 1095.7
1348550 1091.7
1348560 1090.7
1348570 1090.7
1348580 1092.1
1348590 1091.9
1348600 1091.9
1348610 1090.3
1348620 1087.9
1348630 1085.2
1348640 1085.2
1348650 1081.5
1348660 1081.1
1348670 1081.1
1348680 1081.9
1348690 1081.1
1348700 1081.1
1348710 1078.4
1348720 1076.2
1348730 1076.2
1348740 1075.9
1348750 1077.0
1348760 1077.0
1348770 1081.5
1348780 1084.7
1348790 1084.7
1348800 1082.8
1348810 1080.9
1348820 1080.9
1348830 1080.2
1348840 1079.4
1348850 1079.4
1348860 1077.8
1348870 1077.4
1348880 1077.4
1348890 1076.6
1348900 1073.5
1348910 1070.6
1348920 1070.6
1348930 1068.5
1348940 1070.7
1348950 1070.7
1348960 1070.5
1348970 1068.9
1348980 1068.9
1348990 1067.4
1349000 1066.0
1349010 1066.0
1349020 1065.0
1349030 1064.0
1349040 1064.0
1349050 1062.7
1349060 1061.1
1349070 1060.0
1349080 1057.9
1349090 1056.9
1349100 1056.9
1349110 1055.3
1349120 1052.4
1349130 1052.4
1349140 1049.1
1349150 1046.2
1349160 1046.2
1349170 1042.4
1349180 1039.4
1349190 1036.9
1349200 1036.9
1349210 1031.8
1349220 1029.4
1349230 1029.4
1349240 1024.8
1349250 1017.5
1349260 1017.5
1349270 1013.9
1349280 1010.1
1349290 1010.1
1349300 1004.2
1349310 998.5
1349320 998.5
1349330 995.6
1349340 994.8
1349350 994.8
1349360 995.4
1349370 996.7
1349380 996.7
1349390 996.7
1349400 990.5
1349410 990.5
1349420 986.8
1349430 990.4
1349440 990.4
1349450 992.4
1349460 994.6
1349470 994.6
1349480 994.9
1349490 996.3
1349500 999.8
1349510 999.8
1349520 1001.0
1349530 1003.2
1349540 1003.2
1349550 1004.4
1349560 1003.1
1349570 1003.1
1349580 1002.0
1349590 1000.6
1349600 1000.6
1349610 998.8
1349620 997.1
1349630 997.1
1349640 995.5
1349650 993.6
1349660 993.6
1349670 991.4
1349680 989.2
1349690 989.2
1349700 987.6
1349710 985.6
1349720 985.6
1349730 982.8
1349740 980.1
1349750 980.1
1349760 977.1
1349770 976.4
1349780 975.8
1349790 975.8
1349800 974.7
1349810 973.2
1349820 973.2
1349830 970.6
1349840 967.4
1349850 967.4
1349860 964.6
1349870 963.5
1349880 963.5
1349890 962.9
1349900 960.8
1349910 960.8
1349920 959.0
1349930 956.7
1349940 956.7
1349950 952.9
1349960 949.9
1349970 949.9
1349980 946.8
1349990 943.7
1350000 943.7
1350010 941.2
1350020 938.9
1350030 938.9
1350040 937.0
1350050 935.1
1350060 935.1
1350070 933.1
1350080 930.7
1350090 928.3
1350100 928.3
1350110 926.2
1350120 924.2
1350130 924.2
1350140 922.0
1350150 919.9
1350160 919.9
1350170 917.4
1350180 915.0
1350190 915.0
1350200 913.1
1350210 911.2
1350220 911.2
1350230 909.5
1350240 908.1
1350250 908.1
1350260 907.1
1350270 906.3
1350280 906.3
1350290 905.4
1350300 904.7
1350310 904.7
1350320 903.9
1350330 901.1
1350340 901.1
1350350 896.2
1350360 890.7
1350370 884.7
1350380 884.7
1350390 879.1
1350400 874.0
1350410 874.0
1350420 868.3
1350430 862.4
1350440 862.4
1350450 856.5
1350460 849.4
1350470 849.4
1350480 841.6
1350490 837.7
1350500 837.7
1350510 836.8
1350520 836.0
1350530 836.0
1350540 835.3
1350550 834.6
1350560 834.6
1350570 833.8
1350580 832.6
1350590 832.6
1350600 831.5
1350610 830.7
1350620 830.7
1350630 830.4
1350640 829.8
1350650 829.8
1350660 829.0
1350670 827.9
1350680 827.2
1350690 827.2
1350700 827.4
1350710 827.1
1350720 827.1
1350730 825.9
1350740 824.6
1350750 824.6
1350760 823.6
1350770 823.0
1350780 823.0
1350790 822.4
1350800 821.6
1350810 821.6
1350820 820.8
1350830 819.8
1350840 819.8
1350850 818.8
1350860 817.8
1350870 817.8
1350880 817.0
1350890 815.9
1350900 815.9
1350910 815.0
1350920 814.2
1350930 814.2
1350940 813.3
1350950 810.2
1350960 804.6
1350970 803.4
1350980 802.6
1350990 802.2
1351000 802.2
1351010 801.8
1351020 801.3
1351030 801.3
1351040 800.3
1351050 801.0
1351060 801.0
1351070 801.6
1351080 801.5
1351090 801.5
1351100 801.4
1351110 801.3
1351120 801.3
1351130 801.3
1351140 803.0
1351150 803.0
1351160 807.0
1351170 811.6
1351180 811.6
1351190 816.4
1351200 820.9
1351210 820.9
1351220 825.8
1351230 831.7
1351240 831.7
1351250 835.6
1351260 837.4
1351270 841.5
1351280 841.5
1351290 844.3
1351300 849.0
1351310 849.0
1351320 855.5
1351330 862.1
1351340 862.1
1351350 867.5
1351360 871.4
1351370 871.4
1351380 874.4
1351390 877.6
1351400 877.6
1351410 882.7
1351420 889.2
1351430 889.2
1351440 896.3
1351450 902.5
1351460 902.5
1351470 904.7
1351480 906.5
1351490 906.5
1351500 909.8
1351510 914.2
1351520 914.2
1351530 918.9
1351540 923.2
1351550 928.4
1351560 928.4
1351570 934.1
1351580 940.2
1351590 940.2
1351600 946.1
1351610 950.5
1351620 950.5
1351630 954.0
1351640 956.9
1351650 956.9
1351660 960.3
1351670 962.3
1351680 962.3
1351690 962.4
1351700 961.5
1351710 961.5
1351720 959.5
1351730 953.9
1351740 953.9
1351750 947.5
1351760 942.6
1351770 942.6
1351780 936.8
1351790 930.6
1351800 930.6
1351810 924.5
1351820 918.3
1351830 918.3
1351840 910.4
1351850 901.9
1351860 893.4
1351870 893.4
1351880 885.9
1351890 882.2
1351900 882.2
1351910 891.5
1351920 905.0
1351930 896.8
1351940 904.4
1351950 914.7
1351960 914.7
1351970 922.0
1351980 927.4
1351990 927.4
1352000 931.8
1352010 935.2
1352020 935.2
1352030 937.7
1352040 940.5
1352050 940.5
1352060 944.4
1352070 948.4
1352080 948.4
1352090 952.0
1352100 954.9
1352110 954.9
1352120 958.0
1352130 961.3
1352140 966.0
1352150 966.0
1352160 970.5
1352170 974.8
1352180 974.8
1352190 978.5
1352200 981.2
1352210 981.2
1352220 983.4
1352230 986.9
1352240 986.9
1352250 991.4
1352260 996.5
1352270 996.5
1352280 1001.3
1352290 1005.3
1352300 1005.3
1352310 1008.0
1352320 1011.0
1352330 1011.0
1352340 1015.0
1352350 1019.7
1352360 1019.7
1352370 1024.1
1352380 1024.6
1352390 1024.6
1352400 1027.3
1352410 1030.1
1352420 1030.1
1352430 1032.9
1352440 1031.7
1352450 1030.9
1352460 1030.9
1352470 1031.6
1352480 1031.6
1352490 1031.6
1352500 1034.9
1352510 1038.9
1352520 1038.9
1352530 1044.2
1352540 1047.8
1352550 1047.8
1352560 1052.4
1352570 1055.7
1352580 1055.7
1352590 1057.1
1352600 1060.6
1352610 1060.6
1352620 1061.9
1352630 1059.9
1352640 1059.9
1352650 1057.8
1352660 1060.8
1352670 1060.8
1352680 1066.7
1352690 1072.5
1352700 1072.5
1352710 1076.0
1352720 1079.2
1352730 1082.7
1352740 1082.7
1352750 1088.1
1352760 1092.4
1352770 1092.4
1352780 1096.2
1352790 1102.1
1352800 1102.1
1352810 1108.3
1352820 1112.3
1352830 1112.3
1352840 1115.9
1352850 1120.8
1352860 1120.8
1352870 1125.0
1352880 1131.4
1352890 1133.0
1352900 1137.5
1352910 1139.6
1352920 1139.6
1352930 1142.1
1352940 1143.9
1352950 1143.9
1352960 1146.7
1352970 1149.7
1352980 1149.7
1352990 1153.7
1353000 1157.0
1353010 1157.0
1353020 1160.3
1353030 1164.4
1353040 1168.6
1353050 1168.6
1353060 1172.7
1353070 1176.2
1353080 1176.2
1353090 1179.9
1353100 1183.0
1353110 1183.0
1353120 1186.7
1353130 1191.9
1353140 1191.9
1353150 1196.9
1353160 1201.6
1353170 1201.6
1353180 1205.4
1353190 1210.2
1353200 1210.2
1353210 1215.3
1353220 1219.3
1353230 1219.3
1353240 1224.2
1353250 1228.5
1353260 1228.5
1353270 1234.8
1353280 1239.6
1353290 1239.6
1353300 1241.4
1353310 1241.9
1353320 1246.0
1353330 1246.0
1353340 1253.5
1353350 1258.7
1353360 1258.7
1353370 1261.1
1353380 1263.1
1353390 1263.1
1353400 1265.2
1353410 1267.2
1353420 1267.2
1353430 1268.5
1353440 1269.4
1353450 1269.4
1353460 1270.5
1353470 1272.7
1353480 1272.7
1353490 1276.5
1353500 1283.1
1353510 1283.1
1353520 1290.1
1353530 1297.8
1353540 1297.8
1353550 1304.8
1353560 1309.7
1353570 1309.7
1353580 1312.3
1353590 1312.6
1353600 1311.2
1353610 1311.2
1353620 1310.3
1353630 1313.4
1353640 1313.4
1353650 1319.5
1353660 1326.1
1353670 1326.1
1353680 1332.3
1353690 1337.6
1353700 1337.6
1353710 1342.4
1353720 1346.6
1353730 1346.6
1353740 1350.7
1353750 1354.7
1353760 1354.7
1353770 1357.1
1353780 1358.5
1353790 1358.5
1353800 1362.2
1353810 1364.8
1353820 1364.8
1353830 1366.1
1353840 1368.1
1353850 1368.1
1353860 1365.6
1353870 1366.1
1353880 1366.1
1353890 1366.9
1353900 1368.1
1353910 1370.5
1353920 1370.5
1353930 1374.4
1353940 1381.2
1353950 1381.2
1353960 1387.2
1353970 1393.5
1353980 1393.5
1353990 1396.4
1354000 1398.3
1354010 1398.3
1354020 1399.6
1354030 1399.5
1354040 1399.5
1354050 1399.6
1354060 1400.5
1354070 1400.5
1354080 1403.3
1354090 1404.8
1354100 1404.8
1354110 1406.2
1354120 1409.3
1354130 1409.3
1354140 1412.1
1354150 1413.8
1354160 1413.8
1354170 1416.2
1354180 1419.3
1354190 1423.8
1354200 1423.8
1354210 1430.1
1354220 1435.3
1354230 1435.3
1354240 1440.6
1354250 1446.0
1354260 1446.0
1354270 1451.1
1354280 1455.6
1354290 1455.6
1354300 1458.5
1354310 1460.1
1354320 1460.1
1354330 1460.4
1354340 1462.9
1354350 1462.9
1354360 1467.2
1354370 1471.5
1354380 1471.5
1354390 1474.5
1354400 1477.6
1354410 1477.6
1354420 1481.0
1354430 1484.7
1354440 1484.7
1354450 1488.7
1354460 1493.1
1354470 1493.1
1354480 1496.6
1354490 1501.5
1354500 1505.1
1354510 1505.1
1354520 1509.5
1354530 1513.1
1354540 1513.1
1354550 1516.6
1354560 1522.2
1354570 1522.2
1354580 1527.0
1354590 1531.2
1354600 1531.2
1354610 1536.1
1354620 1539.1
1354630 1539.1
1354640 1540.8
1354650 1542.5
1354660 1542.5
1354670 1544.4
1354680 1546.2
1354690 1546.2
1354700 1549.2
1354710 1552.6
1354720 1552.6
1354730 1556.3
1354740 1559.8
1354750 1559.8
1354760 1562.9
1354770 1566.2
1354780 1569.2
1354790 1569.2
1354800 1572.0
1354810 1575.0
1354820 1575.0
1354830 1578.4
1354840 1580.7
1354850 1580.7
1354860 1583.0
1354870 1585.0
1354880 1585.0
1354890 1587.1
1354900 1589.5
1354910 1589.5
1354920 1592.8
1354930 1596.6
1354940 1596.6
1354950 1600.7
1354960 1604.3
1354970 1604.3
1354980 1606.9
1354990 1609.3
1355000 1609.3
1355010 1611.2
1355020 1613.7
1355030 1613.7
1355040 1617.2
1355050 1621.6
1355060 1621.6
1355070 1625.9
1355080 1632.0
1355090 1637.9
1355100 1637.9
1355110 1641.6
1355120 1644.6
1355130 1644.6
1355140 1647.5
1355150 1650.6
1355160 1650.6
1355170 1653.6
1355180 1656.5
1355190 1656.5
1355200 1658.5
1355210 1659.6
1355220 1659.6
1355230 1659.7
1355240 1658.2
1355250 1658.2
1355260 1654.9
1355270 1649.9
1355280 1649.9
1355290 1643.8
1355300 1637.2
1355310 1637.2
1355320 1630.8
1355330 1625.6
1355340 1625.6
1355350 1621.5
1355360 1617.3
1355370 1613.3
1355380 1613.3
1355390 1608.6
1355400 1603.3
1355410 1603.3
1355420 1598.5
1355430 1593.3
1355440 1593.3
1355450 1588.6
1355460 1583.7
1355470 1583.7
1355480 1578.5
1355490 1573.0
1355500 1573.0
1355510 1567.1
1355520 1561.0
1355530 1561.0
1355540 1555.4
1355550 1550.6
1355560 1550.6
1355570 1546.2
1355580 1541.5
1355590 1541.5
1355600 1537.1
1355610 1532.8
1355620 1532.8
1355630 1528.4
1355640 1524.3
1355650 1524.3
1355660 1520.0
1355670 1515.7
1355680 1511.8
1355690 1511.8
1355700 1508.1
1355710 1504.7
1355720 1504.7
1355730 1502.9
1355740 1501.7
1355750 1501.7
1355760 1498.4
1355770 1493.1
1355780 1493.1
1355790 1488.4
1355800 1484.2
1355810 1484.2
1355820 1478.5
1355830 1470.1
1355840 1470.1
1355850 1463.9
1355860 1458.4
1355870 1458.4
1355880 1453.8
1355890 1447.3
1355900 1447.3
1355910 1440.1
1355920 1434.5
1355930 1434.5
1355940 1429.4
1355950 1423.4
1355960 1417.1
1355970 1417.1
1355980 1411.7
1355990 1407.6
1356000 1407.6
1356010 1402.5
1356020 1398.3
1356030 1398.3
1356040 1395.3
1356050 1391.9
1356060 1391.9
1356070 1388.1
1356080 1384.7
1356090 1384.7
1356100 1382.2
1356110 1379.7
1356120 1379.7
1356130 1377.2
1356140 1373.8
1356150 1373.8
1356160 1369.8
1356170 1365.1
1356180 1365.1
1356190 1360.0
1356200 1354.5
1356210 1354.5
1356220 1350.3
1356230 1348.3
1356240 1348.3
1356250 1347.0
1356260 1343.7
1356270 1339.5
1356280 1339.5
1356290 1336.5
1356300 1330.6
1356310 1330.6
1356320 1324.5
1356330 1318.7
1356340 1318.7
1356350 1314.4
1356360 1309.9
1356370 1309.9
1356380 1305.1
1356390 1299.3
1356400 1299.3
1356410 1292.8
1356420 1287.4
1356430 1287.4
1356440 1283.7
1356450 1279.1
1356460 1279.1
1356470 1276.2
1356480 1274.5
1356490 1274.5
1356500 1272.4
1356510 1268.8
1356520 1268.8
1356530 1262.9
1356540 1256.9
1356550 1250.7
1356560 1250.7
1356570 1246.2
1356580 1243.0
1356590 1243.0
1356600 1238.6
1356610 1233.5
1356620 1233.5
1356630 1229.4
1356640 1224.5
1356650 1224.5
1356660 1219.8
1356670 1216.3
1356680 1216.3
1356690 1211.9
1356700 1206.4
1356710 1206.4
1356720 1201.4
1356730 1197.3
1356740 1197.3
1356750 1194.0
1356760 1190.1
1356770 1190.1
1356780 1185.1
1356790 1180.7
1356800 1180.7
1356810 1175.9
1356820 1168.2
1356830 1168.2
1356840 1165.7
1356850 1164.2
1356860 1163.8
1356870 1163.8
1356880 1163.0
1356890 1162.3
1356900 1162.3
1356910 1161.2
1356920 1158.9
1356930 1158.9
1356940 1155.0
1356950 1151.6
1356960 1151.6
1356970 1148.8
1356980 1145.6
1356990 1145.6
1357000 1141.8
1357010 1137.9
1357020 1137.9
1357030 1133.4
1357040 1128.6
1357050 1128.6
1357060 1124.5
1357070 1121.1
1357080 1121.1
1357090 1117.1
1357100 1112.5
1357110 1112.5
1357120 1107.1
1357130 1103.5
1357140 1099.1
1357150 1099.1
1357160 1094.5
1357170 1091.4
1357180 1091.4
1357190 1089.4
1357200 1087.3
1357210 1087.3
1357220 1084.6
1357230 1081.5
1357240 1081.5
1357250 1079.1
1357260 1078.2
1357270 1078.2
1357280 1076.0
1357290 1071.8
1357300 1071.8
1357310 1066.8
1357320 1063.9
1357330 1063.9
1357340 1059.9
1357350 1053.0
1357360 1053.0
1357370 1049.4
1357380 1048.4
1357390 1048.4
1357400 1047.0
1357410 1043.5
1357420 1043.5
1357430 1038.1
1357440 1034.0
1357450 1031.1
1357460 1031.1
1357470 1025.9
1357480 1019.7
1357490 1019.7
1357500 1015.7
1357510 1013.5
1357520 1013.5
1357530 1011.6
1357540 1010.0
1357550 1010.0
1357560 1006.9
1357570 1003.8
1357580 1003.8
1357590 999.9
1357600 996.4
1357610 996.4
1357620 993.6
1357630 990.8
1357640 990.8
1357650 988.8
1357660 987.1
1357670 987.1
1357680 985.3
1357690 983.8
1357700 983.8
1357710 982.1
1357720 980.2
1357730 978.6
1357740 978.6
1357750 977.2
1357760 975.6
1357770 975.6
1357780 974.9
1357790 973.2
1357800 973.2
1357810 971.4
1357820 970.0
1357830 969.1
1357840 967.8
1357850 966.7
1357860 966.7
1357870 965.7
1357880 964.3
1357890 964.3
1357900 962.9
1357910 961.6
1357920 961.6
1357930 959.1
1357940 955.3
1357950 955.3
1357960 953.3
1357970 952.2
1357980 952.2
1357990 949.8
1358000 950.0
1358010 950.0
1358020 953.3
1358030 955.0
1358040 955.5
1358050 955.5
1358060 956.2
1358070 955.5
1358080 955.5
1358090 955.8
1358100 957.1
1358110 957.1
1358120 958.0
1358130 958.5
1358140 958.5
1358150 959.4
1358160 960.8
1358170 960.8
1358180 963.2
1358190 965.6
1358200 965.6
1358210 967.9
1358220 970.4
1358230 970.4
1358240 972.9
1358250 976.5
1358260 976.5
1358270 981.0
1358280 983.0
1358290 983.0
1358300 981.9
1358310 980.9
1358320 979.2
1358330 979.2
1358340 976.5
1358350 973.6
1358360 973.6
1358370 970.2
1358380 966.0
1358390 966.0
1358400 960.9
1358410 958.3
1358420 958.3
1358430 963.2
1358440 964.3
1358450 964.3
1358460 963.2
1358470 961.6
1358480 961.6
1358490 960.5
1358500 960.4
1358510 960.4
1358520 956.1
1358530 949.8
1358540 949.8
1358550 952.0
1358560 960.3
1358570 960.3
1358580 967.8
1358590 974.9
1358600 974.9
1358610 978.3
1358620 977.0
1358630 972.1
1358640 972.1
1358650 970.7
1358660 975.1
1358670 975.1
1358680 977.9
1358690 980.1
1358700 980.1
1358710 981.9
1358720 982.8
1358730 982.8
1358740 983.5
1358750 984.0
1358760 984.0
1358770 985.0
1358780 985.8
1358790 985.8
1358800 985.3
1358810 982.0
1358820 982.0
1358830 980.7
1358840 991.2
1358850 991.2
1358860 994.8
1358870 996.1
1358880 996.1
1358890 997.7
1358900 999.0
1358910 999.6
1358920 999.6
1358930 999.4
1358940 998.3
1358950 998.3
1358960 998.1
1358970 1000.2
1358980 1000.2
1358990 998.9
1359000 997.8
1359010 997.8
1359020 998.5
1359030 997.2
1359040 997.2
1359050 996.3
1359060 995.3
1359070 995.3
1359080 993.9
1359090 994.9
1359100 994.9
1359110 998.8
1359120 1001.1
1359130 1001.1
1359140 999.6
1359150 996.5
1359160 996.5
1359170 994.7
1359180 994.0
1359190 994.0
1359200 991.2
1359210 987.7
1359220 984.3
1359230 984.3
1359240 981.5
1359250 979.2
1359260 979.2
1359270 977.4
1359280 975.0
1359290 975.0
1359300 972.9
1359310 969.5
1359320 969.5
1359330 965.4
1359340 962.5
1359350 962.5
1359360 958.7
1359370 956.5
1359380 956.5
1359390 954.5
1359400 951.6
1359410 951.6
1359420 947.3
1359430 947.5
1359440 947.5
1359450 947.7
1359460 943.8
1359470 943.8
1359480 940.6
1359490 939.7
1359500 939.3
1359510 939.3
1359520 936.9
1359530 932.9
1359540 932.9
1359550 929.1
1359560 924.7
1359570 924.7
1359580 921.9
1359590 919.5
1359600 919.5
1359610 917.1
1359620 913.8
1359630 913.8
1359640 911.1
1359650 908.4
1359660 908.4
1359670 903.1
1359680 897.4
1359690 897.4
1359700 892.0
1359710 887.8
1359720 887.8
1359730 884.4
1359740 881.2
1359750 881.2
1359760 878.4
1359770 875.9
1359780 875.5
1359790 875.5
1359800 877.6
1359810 876.1
1359820 876.1
1359830 872.9
1359840 869.4
1359850 869.4
1359860 867.3
1359870 863.8
1359880 863.8
1359890 860.6
1359900 859.3
1359910 859.3
1359920 858.7
1359930 858.6
1359940 858.6
1359950 858.6
1359960 858.4
1359970 858.4
1359980 855.5
1359990 850.1
