1340000 979.3
1340010 979.3
1340020 973.4
1340030 967.5
1340040 967.5
1340050 963.1
1340060 958.4
1340070 958.4
1340080 953.7
1340090 949.6
1340100 949.6
1340110 943.5
1340120 935.3
1340130 934.5
1340140 929.8
1340150 926.0
1340160 926.0
1340170 922.0
1340180 916.8
1340190 916.8
1340200 911.2
1340210 905.3
1340220 905.3
1340230 899.1
1340240 894.3
1340250 890.9
1340260 890.9
1340270 889.0
1340280 887.8
1340290 887.8
1340300 885.4
1340310 884.9
1340320 884.9
1340330 887.1
1340340 886.9
1340350 886.9
1340360 887.5
1340370 888.5
1340380 888.5
1340390 890.3
1340400 894.8
1340410 894.8
1340420 898.6
1340430 902.1
1340440 902.1
1340450 905.9
1340460 909.6
1340470 909.6
1340480 914.2
1340490 919.4
1340500 919.4
1340510 923.7
1340520 927.8
1340530 927.8
1340540 931.1
1340550 934.4
1340560 938.6
1340570 938.6
1340580 943.4
1340590 949.2
1340600 949.2
1340610 954.0
1340620 957.8
1340630 957.8
1340640 962.2
1340650 968.7
1340660 968.7
1340670 975.5
1340680 981.6
1340690 981.6
1340700 987.1
1340710 991.5
1340720 991.5
1340730 995.6
1340740 1000.0
1340750 1000.0
1340760 1004.5
1340770 1007.6
1340780 1007.6
1340790 1010.0
1340800 1012.0
1340810 1012.0
1340820 1014.4
1340830 1017.6
1340840 1017.6
1340850 1020.4
1340860 1023.2
1340870 1025.9
1340880 1025.9
1340890 1028.2
1340900 1030.5
1340910 1030.5
1340920 1032.8
1340930 1035.2
1340940 1035.2
1340950 1037.5
1340960 1039.6
1340970 1039.6
1340980 1041.6
1340990 1043.8
1341000 1043.8
1341010 1046.7
1341020 1049.1
1341030 1049.1
1341040 1051.3
1341050 1053.2
1341060 1053.2
1341070 1056.0
1341080 1059.6
1341090 1059.6
1341100 1063.1
1341110 1067.1
1341120 1067.1
1341130 1070.9
1341140 1074.0
1341150 1077.0
1341160 1077.0
1341170 1080.3
1341180 1083.5
1341190 1083.5
1341200 1086.9
1341210 1090.6
1341220 1090.6
1341230 1094.5
1341240 1098.1
1341250 1098.1
1341260 1102.2
1341270 1106.7
1341280 1106.7
1341290 1110.0
1341300 1114.3
1341310 1114.3
1341320 1118.8
1341330 1123.3
1341340 1123.3
1341350 1127.9
1341360 1132.1
1341370 1132.1
1341380 1136.1
1341390 1140.1
1341400 1140.1
1341410 1144.0
1341420 1148.3
1341430 1148.3
1341440 1154.3
1341450 1159.6
1341460 1164.2
1341470 1164.2
1341480 1169.2
1341490 1173.9
1341500 1173.9
1341510 1178.2
1341520 1183.1
1341530 1183.1
1341540 1188.1
1341550 1192.8
1341560 1192.8
1341570 1197.2
1341580 1201.9
1341590 1201.9
1341600 1206.4
1341610 1210.9
1341620 1210.9
1341630 1215.5
1341640 1220.3
1341650 1220.3
1341660 1225.1
1341670 1229.8
1341680 1229.8
1341690 1234.0
1341700 1237.9
1341710 1237.9
1341720 1241.1
1341730 1244.7
1341740 1244.7
1341750 1248.4
1341760 1251.4
1341770 1254.2
1341780 1254.2
1341790 1257.7
1341800 1261.0
1341810 1261.0
1341820 1264.1
1341830 1267.8
1341840 1267.8
1341850 1271.4
1341860 1274.9
1341870 1274.9
1341880 1278.5
1341890 1282.1
1341900 1282.1
1341910 1285.0
1341920 1288.1
1341930 1288.1
1341940 1291.3
1341950 1294.5
1341960 1294.5
1341970 1297.6
1341980 1300.6
1341990 1300.6
1342000 1303.6
1342010 1306.6
1342020 1306.6
1342030 1309.5
1342040 1312.5
1342050 1312.5
1342060 1315.3
1342070 1318.2
1342080 1321.2
1342090 1321.2
1342100 1324.2
1342110 1326.2
1342120 1326.2
1342130 1328.3
1342140 1330.9
1342150 1330.9
1342160 1333.3
1342170 1335.5
1342180 1335.5
1342190 1337.5
1342200 1339.1
1342210 1339.1
1342220 1340.6
1342230 1341.9
1342240 1341.9
1342250 1342.7
1342260 1342.9
1342270 1342.9
1342280 1342.2
1342290 1341.3
1342300 1341.3
1342310 1340.5
1342320 1339.7
1342330 1339.7
1342340 1338.5
1342350 1336.4
1342360 1335.3
1342370 1335.3
1342380 1335.5
1342390 1335.0
1342400 1335.0
1342410 1333.8
1342420 1331.9
1342430 1331.9
1342440 1328.8
1342450 1326.6
1342460 1326.6
1342470 1325.9
1342480 1325.3
1342490 1325.3
1342500 1324.2
1342510 1322.0
1342520 1322.0
1342530 1320.5
1342540 1318.7
1342550 1318.7
1342560 1317.8
1342570 1315.7
1342580 1315.7
1342590 1313.7
1342600 1317.2
1342610 1317.2
1342620 1321.0
1342630 1322.6
1342640 1322.6
1342650 1324.5
1342660 1329.8
1342670 1333.1
1342680 1333.1
1342690 1336.0
1342700 1338.6
1342710 1338.6
1342720 1341.6
1342730 1345.1
1342740 1345.1
1342750 1348.3
1342760 1351.4
1342770 1351.4
1342780 1354.0
1342790 1356.4
1342800 1356.4
1342810 1354.3
1342820 1356.2
1342830 1356.2
1342840 1357.7
1342850 1358.9
1342860 1358.9
1342870 1359.4
1342880 1361.9
1342890 1361.9
1342900 1363.7
1342910 1365.4
1342920 1365.4
1342930 1367.9
1342940 1369.7
1342950 1369.7
1342960 1371.5
1342970 1374.2
1342980 1375.9
1342990 1375.9
1343000 1376.9
1343010 1378.9
1343020 1378.9
1343030 1379.8
1343040 1379.1
1343050 1379.1
1343060 1378.1
1343070 1373.2
1343080 1373.2
1343090 1367.8
1343100 1372.6
1343110 1372.6
1343120 1371.3
1343130 1365.8
1343140 1365.8
1343150 1355.5
1343160 1352.2
1343170 1352.2
1343180 1356.2
1343190 1364.0
1343200 1364.0
1343210 1373.1
1343220 1381.5
1343230 1381.5
1343240 1388.5
1343250 1396.1
1343260 1404.6
1343270 1404.6
1343280 1409.8
1343290 1417.6
1343300 1417.6
1343310 1427.1
1343320 1436.1
1343330 1436.1
1343340 1445.5
1343350 1451.0
1343360 1451.0
1343370 1455.5
1343380 1458.7
1343390 1458.7
1343400 1459.9
1343410 1461.4
1343420 1461.4
1343430 1462.9
1343440 1465.2
1343450 1465.2
1343460 1471.3
1343470 1479.6
1343480 1479.6
1343490 1489.1
1343500 1495.7
1343510 1495.7
1343520 1500.6
1343530 1509.0
1343540 1509.0
1343550 1516.5
1343560 1521.8
1343570 1528.0
1343580 1528.0
1343590 1533.9
1343600 1539.0
1343610 1539.0
1343620 1544.2
1343630 1549.3
1343640 1549.3
1343650 1554.2
1343660 1559.2
1343670 1559.2
1343680 1564.0
1343690 1568.5
1343700 1568.5
1343710 1570.5
1343720 1573.4
1343730 1573.4
1343740 1577.5
1343750 1581.9
1343760 1581.9
1343770 1585.6
1343780 1588.6
1343790 1588.6
1343800 1592.4
1343810 1596.5
1343820 1596.5
1343830 1600.3
1343840 1604.2
1343850 1604.2
1343860 1607.4
1343870 1610.7
1343880 1614.1
1343890 1614.1
1343900 1617.1
1343910 1620.3
1343920 1620.3
1343930 1624.1
1343940 1627.7
1343950 1627.7
1343960 1631.0
1343970 1633.9
1343980 1633.9
1343990 1636.6
1344000 1639.5
1344010 1639.5
1344020 1642.2
1344030 1644.5
1344040 1644.5
1344050 1646.5
1344060 1647.6
1344070 1647.6
1344080 1648.5
1344090 1649.3
1344100 1649.3
1344110 1649.7
1344120 1648.7
1344130 1648.7
1344140 1647.8
1344150 1647.9
1344160 1646.6
1344170 1646.6
1344180 1644.1
1344190 1639.7
1344200 1639.7
1344210 1635.0
1344220 1629.3
1344230 1629.3
1344240 1623.6
1344250 1617.6
1344260 1617.6
1344270 1612.1
1344280 1606.4
1344290 1606.4
1344300 1599.8
1344310 1591.3
1344320 1591.3
1344330 1582.0
1344340 1574.0
1344350 1574.0
1344360 1567.6
1344370 1561.8
1344380 1561.8
1344390 1556.2
1344400 1549.7
1344410 1549.7
1344420 1542.0
1344430 1534.4
1344440 1534.4
1344450 1527.3
1344460 1520.7
1344470 1514.1
1344480 1514.1
1344490 1509.2
1344500 1505.2
1344510 1505.2
1344520 1500.4
1344530 1495.6
1344540 1495.6
1344550 1491.9
1344560 1489.0
1344570 1489.0
1344580 1485.7
1344590 1482.7
1344600 1482.7
1344610 1479.2
1344620 1476.7
1344630 1476.7
1344640 1472.5
1344650 1469.1
1344660 1469.1
1344670 1466.2
1344680 1463.9
1344690 1463.9
1344700 1460.9
1344710 1458.4
1344720 1458.4
1344730 1456.4
1344740 1453.0
1344750 1453.0
1344760 1447.8
1344770 1442.9
1344780 1438.7
1344790 1438.7
1344800 1434.1
1344810 1430.1
1344820 1430.1
1344830 1426.5
1344840 1423.9
1344850 1423.9
1344860 1420.7
1344870 1418.5
1344880 1418.5
1344890 1416.4
1344900 1416.9
1344910 1416.9
1344920 1417.1
1344930 1415.9
1344940 1415.9
1344950 1413.8
1344960 1411.0
1344970 1411.0
1344980 1408.0
1344990 1404.5
1345000 1404.5
1345010 1400.9
1345020 1397.8
1345030 1397.8
1345040 1393.8
1345050 1389.0
1345060 1383.9
1345070 1383.9
1345080 1380.4
1345090 1378.3
1345100 1378.3
1345110 1375.4
1345120 1371.7
1345130 1371.7
1345140 1367.9
1345150 1363.6
1345160 1363.6
1345170 1359.4
1345180 1356.6
1345190 1356.6
1345200 1354.1
1345210 1351.8
1345220 1351.8
1345230 1349.0
1345240 1346.2
1345250 1346.2
1345260 1342.9
1345270 1340.3
1345280 1340.3
1345290 1337.4
1345300 1333.2
1345310 1333.2
1345320 1328.0
1345330 1324.1
1345340 1324.1
1345350 1321.3
1345360 1317.6
1345370 1311.7
1345380 1311.7
1345390 1307.6
1345400 1304.5
1345410 1304.5
1345420 1299.8
1345430 1295.8
1345440 1295.8
1345450 1293.2
1345460 1292.4
1345470 1292.4
1345480 1292.9
1345490 1290.1
1345500 1290.1
1345510 1286.9
1345520 1282.4
1345530 1275.7
1345540 1272.7
1345550 1270.8
1345560 1270.8
1345570 1270.4
1345580 1270.9
1345590 1270.9
1345600 1269.8
1345610 1266.4
1345620 1266.4
1345630 1262.0
1345640 1255.4
1345650 1255.4
1345660 1248.7
1345670 1243.0
1345680 1236.4
1345690 1236.4
1345700 1228.5
1345710 1222.5
1345720 1222.5
1345730 1215.6
1345740 1209.4
1345750 1209.4
1345760 1203.8
1345770 1198.3
1345780 1198.3
1345790 1196.0
1345800 1194.2
1345810 1194.2
1345820 1190.2
1345830 1187.8
1345840 1187.8
1345850 1185.1
1345860 1178.2
1345870 1178.2
1345880 1170.2
1345890 1163.2
1345900 1163.2
1345910 1156.5
1345920 1154.5
1345930 1154.5
1345940 1152.6
1345950 1148.0
1345960 1143.1
1345970 1143.1
1345980 1137.3
1345990 1130.9
1346000 1130.9
1346010 1125.7
1346020 1119.3
1346030 1119.3
1346040 1111.2
1346050 1107.4
1346060 1107.4
1346070 1107.7
1346080 1113.7
1346090 1113.7
1346100 1122.2
1346110 1131.4
1346120 1131.4
1346130 1138.9
1346140 1144.3
1346150 1144.3
1346160 1145.7
1346170 1145.3
1346180 1145.3
1346190 1144.6
1346200 1144.5
1346210 1144.5
1346220 1144.3
1346230 1145.9
1346240 1145.9
1346250 1148.7
1346260 1151.4
1346270 1153.6
1346280 1153.6
1346290 1155.2
1346300 1157.5
1346310 1157.5
1346320 1159.9
1346330 1162.6
1346340 1162.6
1346350 1167.1
1346360 1170.9
1346370 1170.9
1346380 1172.9
1346390 1174.8
1346400 1174.8
1346410 1176.9
1346420 1179.0
1346430 1179.0
1346440 1183.8
1346450 1193.0
1346460 1193.0
1346470 1200.0
1346480 1204.2
1346490 1204.2
1346500 1207.7
1346510 1210.9
1346520 1210.9
1346530 1213.3
1346540 1215.7
1346550 1215.7
1346560 1217.5
1346570 1218.8
1346580 1220.0
1346590 1220.0
1346600 1221.8
1346610 1222.8
1346620 1222.8
1346630 1223.2
1346640 1224.0
1346650 1224.0
1346660 1224.1
1346670 1223.4
1346680 1223.4
1346690 1220.3
1346700 1218.7
1346710 1218.7
1346720 1220.4
1346730 1224.5
1346740 1224.5
1346750 1228.4
1346760 1233.4
1346770 1233.4
1346780 1238.4
1346790 1241.7
1346800 1241.7
1346810 1244.6
1346820 1248.2
1346830 1248.2
1346840 1251.5
1346850 1254.4
1346860 1256.1
1346870 1256.1
1346880 1258.2
1346890 1260.0
1346900 1260.0
1346910 1261.0
1346920 1262.9
1346930 1262.9
1346940 1265.2
1346950 1267.9
1346960 1267.9
1346970 1271.0
1346980 1273.7
1346990 1273.7
1347000 1276.4
1347010 1279.0
1347020 1279.0
1347030 1280.6
1347040 1281.8
1347050 1281.8
1347060 1281.5
1347070 1279.3
1347080 1279.3
1347090 1277.8
1347100 1276.2
1347110 1276.2
1347120 1275.4
1347130 1276.0
1347140 1276.0
1347150 1277.6
1347160 1278.0
1347170 1277.7
1347180 1277.7
1347190 1276.2
1347200 1275.6
1347210 1275.6
1347220 1275.5
1347230 1274.7
1347240 1274.7
1347250 1274.2
1347260 1274.7
1347270 1274.7
1347280 1275.6
1347290 1276.3
1347300 1276.3
1347310 1276.8
1347320 1275.8
1347330 1275.8
1347340 1274.3
1347350 1272.4
1347360 1272.4
1347370 1270.5
1347380 1270.8
1347390 1270.8
1347400 1267.5
1347410 1265.8
1347420 1265.8
1347430 1265.1
1347440 1263.4
1347450 1263.4
1347460 1261.2
1347470 1260.3
1347480 1259.8
1347490 1259.8
1347500 1258.5
1347510 1261.0
1347520 1261.0
1347530 1263.9
1347540 1263.5
1347550 1263.5
1347560 1263.6
1347570 1261.6
1347580 1261.6
1347590 1264.0
1347600 1271.2
1347610 1271.2
1347620 1279.7
1347630 1287.5
1347640 1287.5
1347650 1295.2
1347660 1302.2
1347670 1302.2
1347680 1305.4
1347690 1309.7
1347700 1309.7
1347710 1315.0
1347720 1320.2
1347730 1320.2
1347740 1325.9
1347750 1330.6
1347760 1336.0
1347770 1336.0
1347780 1340.0
1347790 1344.4
1347800 1344.4
1347810 1348.9
1347820 1354.2
1347830 1354.2
1347840 1360.8
1347850 1366.2
1347860 1366.2
1347870 1370.0
1347880 1372.4
1347890 1372.4
1347900 1376.0
1347910 1379.9
1347920 1379.9
1347930 1383.4
1347940 1386.5
1347950 1386.5
1347960 1387.8
1347970 1389.5
1347980 1389.5
1347990 1391.9
1348000 1394.2
1348010 1394.2
1348020 1396.6
1348030 1398.7
1348040 1398.7
1348050 1399.4
1348060 1398.7
1348070 1397.0
1348080 1397.0
1348090 1395.3
1348100 1393.5
1348110 1393.5
1348120 1391.3
1348130 1388.1
1348140 1388.1
1348150 1384.9
1348160 1381.3
1348170 1381.3
1348180 1376.4
1348190 1371.5
1348200 1371.5
1348210 1368.1
1348220 1366.3
1348230 1366.3
1348240 1363.8
1348250 1361.4
1348260 1361.4
1348270 1357.6
1348280 1353.0
1348290 1353.0
1348300 1347.8
1348310 1343.3
1348320 1343.4
1348330 1338.8
1348340 1334.5
1348350 1334.5
1348360 1329.5
1348370 1324.1
1348380 1320.6
1348390 1320.6
1348400 1317.7
1348410 1314.7
1348420 1314.7
1348430 1310.8
1348440 1307.4
1348450 1307.4
1348460 1303.8
1348470 1301.1
1348480 1301.1
1348490 1298.8
1348500 1296.9
1348510 1296.9
1348520 1294.5
1348530 1292.5
1348540 1292.5
1348550 1290.1
1348560 1286.7
1348570 1286.7
1348580 1282.8
1348590 1277.4
1348600 1277.4
1348610 1271.4
1348620 1267.3
1348630 1267.3
1348640 1263.8
1348650 1260.7
1348660 1258.4
1348670 1258.4
1348680 1255.4
1348690 1250.2
1348700 1250.2
1348710 1245.2
1348720 1240.4
1348730 1240.4
1348740 1236.3
1348750 1232.3
1348760 1232.3
1348770 1228.1
1348780 1224.2
1348790 1224.2
1348800 1219.9
1348810 1215.9
1348820 1215.9
1348830 1210.7
1348840 1205.0
1348850 1205.0
1348860 1199.5
1348870 1194.0
1348880 1194.0
1348890 1188.9
1348900 1184.0
1348910 1184.0
1348920 1179.5
1348930 1174.7
1348940 1174.7
1348950 1168.9
1348960 1163.9
1348970 1160.2
1348980 1160.2
1348990 1156.4
1349000 1152.7
1349010 1152.7
1349020 1146.8
1349030 1139.7
1349040 1139.7
1349050 1132.1
1349060 1125.8
1349070 1125.8
1349080 1121.2
1349090 1116.8
1349100 1116.8
1349110 1111.9
1349120 1107.7
1349130 1107.7
1349140 1105.5
1349150 1103.0
1349160 1103.0
1349170 1101.2
1349180 1099.6
1349190 1099.6
1349200 1097.8
1349210 1096.0
1349220 1096.0
1349230 1094.3
1349240 1092.7
1349250 1092.7
1349260 1092.6
1349270 1091.3
1349280 1089.3
1349290 1089.3
1349300 1087.5
1349310 1085.4
1349320 1085.4
1349330 1083.0
1349340 1080.0
1349350 1080.0
1349360 1076.5
1349370 1072.0
1349380 1072.0
1349390 1068.1
1349400 1064.6
1349410 1064.6
1349420 1061.3
1349430 1057.9
1349440 1057.9
1349450 1053.0
1349460 1047.8
1349470 1047.8
1349480 1043.5
1349490 1038.9
1349500 1038.9
1349510 1034.0
1349520 1028.7
1349530 1028.7
1349540 1023.0
1349550 1017.2
1349560 1011.7
1349570 1011.7
1349580 1006.5
1349590 1001.8
1349600 1001.8
1349610 997.3
1349620 993.2
1349630 993.2
1349640 994.1
1349650 997.1
1349660 997.1
1349670 995.6
1349680 992.7
1349690 992.7
1349700 988.6
1349710 984.6
1349720 984.6
1349730 981.3
1349740 977.9
1349750 977.9
1349760 975.1
1349770 972.7
1349780 972.7
1349790 970.6
1349800 966.1
1349810 966.1
1349820 962.6
1349830 960.4
1349840 960.4
1349850 958.3
1349860 956.0
1349870 954.2
1349880 954.2
1349890 952.1
1349900 949.3
1349910 949.3
1349920 946.7
1349930 944.6
1349940 944.6
1349950 942.6
1349960 940.3
1349970 940.3
1349980 937.6
1349990 935.0
1350000 935.0
1350010 933.0
1350020 931.4
1350030 931.4
1350040 930.0
1350050 928.9
1350060 928.9
1350070 928.3
1350080 927.4
1350090 927.4
1350100 925.8
1350110 923.2
1350120 923.2
1350130 920.2
1350140 917.5
1350150 917.5
1350160 914.1
1350170 910.2
1350180 907.2
1350190 907.2
1350200 904.4
1350210 902.6
1350220 902.6
1350230 901.0
1350240 899.5
1350250 899.5
1350260 897.0
1350270 893.0
1350280 893.0
1350290 890.5
1350300 888.8
1350310 888.8
1350320 884.4
1350330 880.6
1350340 880.6
1350350 877.8
1350360 874.9
1350370 874.9
1350380 871.6
1350390 868.1
1350400 868.1
1350410 864.5
1350420 860.9
1350430 860.9
1350440 857.8
1350450 855.4
1350460 852.1
1350470 852.1
1350480 847.6
1350490 843.0
1350500 843.0
1350510 837.8
1350520 831.7
1350530 831.7
1350540 825.5
1350550 822.7
1350560 822.7
1350570 820.1
1350580 817.6
1350590 817.6
1350600 813.9
1350610 808.4
1350620 808.4
1350630 804.8
1350640 801.2
1350650 801.2
1350660 797.7
1350670 795.1
1350680 795.1
1350690 793.6
1350700 793.7
1350710 793.7
1350720 796.5
1350730 799.3
1350740 799.3
1350750 801.3
1350760 797.4
1350770 792.9
1350780 792.9
1350790 788.2
1350800 782.4
1350810 782.4
1350820 775.0
1350830 769.8
1350840 769.8
1350850 763.6
1350860 758.3
1350870 758.3
1350880 755.7
1350890 753.9
1350900 753.9
1350910 752.9
1350920 752.3
1350930 752.3
1350940 751.9
1350950 751.6
1350960 751.6
1350970 751.3
1350980 750.9
1350990 750.9
1351000 750.4
1351010 749.9
1351020 749.9
1351030 750.1
1351040 753.9
1351050 753.9
1351060 758.6
1351070 759.2
1351080 756.6
1351090 756.6
1351100 753.1
1351110 747.9
1351120 747.9
1351130 740.9
1351140 734.8
1351150 734.8
1351160 733.6
1351170 731.9
1351180 731.9
1351190 731.5
1351200 734.9
1351210 734.9
1351220 744.0
1351230 752.0
1351240 752.0
1351250 757.8
1351260 762.4
1351270 762.4
1351280 766.2
1351290 769.5
1351300 769.5
1351310 773.4
1351320 779.7
1351330 779.7
1351340 785.1
1351350 790.6
1351360 795.9
1351370 795.9
1351380 800.5
1351390 806.0
1351400 806.0
1351410 811.4
1351420 815.5
1351430 815.5
1351440 819.6
1351450 825.7
1351460 825.7
1351470 832.7
1351480 838.2
1351490 838.2
1351500 843.9
1351510 850.7
1351520 850.7
1351530 855.3
1351540 860.2
1351550 860.2
1351560 865.4
1351570 868.9
1351580 868.9
1351590 871.8
1351600 878.6
1351610 878.6
1351620 883.2
1351630 885.2
1351640 885.2
1351650 888.2
1351660 890.6
1351670 895.0
1351680 895.0
1351690 900.6
1351700 904.7
1351710 904.7
1351720 911.9
1351730 919.0
1351740 919.0
1351750 923.4
1351760 926.0
1351770 926.0
1351780 927.7
1351790 929.3
1351800 929.3
1351810 930.3
1351820 930.1
1351830 930.1
1351840 932.6
1351850 934.6
1351860 934.6
1351870 937.7
1351880 939.8
1351890 939.8
1351900 941.4
1351910 943.8
1351920 943.8
1351930 946.8
1351940 950.2
1351950 950.2
1351960 955.0
1351970 960.0
1351980 963.8
1351990 963.8
1352000 967.7
1352010 973.2
1352020 973.2
1352030 979.7
1352040 983.7
1352050 983.7
1352060 987.2
1352070 991.3
1352080 991.3
1352090 995.6
1352100 998.8
1352110 998.8
1352120 1006.4
1352130 1007.6
1352140 1007.6
1352150 1008.6
1352160 1010.8
1352170 1010.8
1352180 1012.6
1352190 1015.2
1352200 1015.2
1352210 1018.4
1352220 1019.1
1352230 1019.1
1352240 1015.2
1352250 1015.9
1352260 1019.8
1352270 1019.8
1352280 1023.6
1352290 1028.2
1352300 1028.2
1352310 1031.8
1352320 1034.0
1352330 1034.0
1352340 1037.0
1352350 1040.5
1352360 1040.5
1352370 1044.9
1352380 1048.6
1352390 1048.6
1352400 1052.4
1352410 1056.5
1352420 1056.5
1352430 1062.7
1352440 1069.2
1352450 1069.2
1352460 1073.4
1352470 1077.4
1352480 1077.4
1352490 1082.7
1352500 1088.4
1352510 1088.4
1352520 1093.3
1352530 1096.7
1352540 1096.7
1352550 1097.3
1352560 1100.3
1352570 1105.1
1352580 1105.1
1352590 1107.9
1352600 1109.6
1352610 1109.6
1352620 1111.6
1352630 1113.7
1352640 1113.7
1352650 1115.4
1352660 1115.8
1352670 1115.8
1352680 1117.3
1352690 1120.2
1352700 1120.2
1352710 1123.5
1352720 1127.0
1352730 1127.0
1352740 1130.4
1352750 1133.5
1352760 1133.5
1352770 1136.0
1352780 1138.0
1352790 1138.0
1352800 1140.0
1352810 1142.4
1352820 1142.4
1352830 1144.9
1352840 1148.2
1352850 1148.2
1352860 1151.5
1352870 1154.7
1352880 1158.0
1352890 1158.0
1352900 1161.6
1352910 1166.8
1352920 1166.8
1352930 1172.9
1352940 1178.0
1352950 1178.0
1352960 1182.8
1352970 1187.1
1352980 1187.1
1352990 1190.5
1353000 1194.3
1353010 1194.3
1353020 1199.6
1353030 1206.3
1353040 1206.3
1353050 1212.2
1353060 1218.2
1353070 1218.2
1353080 1228.5
1353090 1231.4
1353100 1231.4
1353110 1233.0
1353120 1236.3
1353130 1236.3
1353140 1240.2
1353150 1247.5
1353160 1254.7
1353170 1254.7
1353180 1260.2
1353190 1263.9
1353200 1263.9
1353210 1267.4
1353220 1271.2
1353230 1271.2
1353240 1274.8
1353250 1278.6
1353260 1278.6
1353270 1282.9
1353280 1285.6
1353290 1285.6
1353300 1287.4
1353310 1290.5
1353320 1290.5
1353330 1294.2
1353340 1298.0
1353350 1298.0
1353360 1301.3
1353370 1304.2
1353380 1304.2
1353390 1307.5
1353400 1311.2
1353410 1311.2
1353420 1314.7
1353430 1318.3
1353440 1318.3
1353450 1321.5
1353460 1324.4
1353470 1327.1
1353480 1327.1
1353490 1329.2
1353500 1330.9
1353510 1330.9
1353520 1334.4
1353530 1339.8
1353540 1339.8
1353550 1344.8
1353560 1350.3
1353570 1350.3
1353580 1356.9
1353590 1364.0
1353600 1364.0
1353610 1370.7
1353620 1377.3
1353630 1377.3
1353640 1381.3
1353650 1383.2
1353660 1383.2
1353670 1385.1
1353680 1388.6
1353690 1388.6
1353700 1393.2
1353710 1397.9
1353720 1397.9
1353730 1401.8
1353740 1403.4
1353750 1403.4
1353760 1404.3
1353770 1405.6
1353780 1406.8
1353790 1406.8
1353800 1407.8
1353810 1408.9
1353820 1408.9
1353830 1410.3
1353840 1412.9
1353850 1412.9
1353860 1415.6
1353870 1416.7
1353880 1416.7
1353890 1418.1
1353900 1419.3
1353910 1419.3
1353920 1419.0
1353930 1414.3
1353940 1414.3
1353950 1407.6
1353960 1403.8
1353970 1403.8
1353980 1402.5
1353990 1401.5
1354000 1401.5
1354010 1396.6
1354020 1391.2
1354030 1391.2
1354040 1385.0
1354050 1380.5
1354060 1377.3
1354070 1377.3
1354080 1375.1
1354090 1371.8
1354100 1371.8
1354110 1367.4
1354120 1362.8
1354130 1362.8
1354140 1357.3
1354150 1353.5
1354160 1353.5
1354170 1350.6
1354180 1346.7
1354190 1346.7
1354200 1342.8
1354210 1337.4
1354220 1337.4
1354230 1330.8
1354240 1326.0
1354250 1326.0
1354260 1321.0
1354270 1316.3
1354280 1316.3
1354290 1312.4
1354300 1308.9
1354310 1308.9
1354320 1306.4
1354330 1304.3
1354340 1304.3
1354350 1302.1
1354360 1297.9
1354370 1293.4
1354380 1293.4
1354390 1286.7
1354400 1282.5
1354410 1282.5
1354420 1279.7
1354430 1276.4
1354440 1276.4
1354450 1273.3
1354460 1271.5
1354470 1271.5
1354480 1269.6
1354490 1266.0
1354500 1266.0
1354510 1263.3
1354520 1261.2
1354530 1261.2
1354540 1257.8
1354550 1253.5
1354560 1253.5
1354570 1250.6
1354580 1247.9
1354590 1247.9
1354600 1244.5
1354610 1241.9
1354620 1241.9
1354630 1239.1
1354640 1236.3
1354650 1236.3
1354660 1234.1
1354670 1232.5
1354680 1230.8
1354690 1230.8
1354700 1227.7
1354710 1223.7
1354720 1223.7
1354730 1220.4
1354740 1218.3
1354750 1218.3
1354760 1216.4
1354770 1214.5
1354780 1214.5
1354790 1210.2
1354800 1205.7
1354810 1205.7
1354820 1200.6
1354830 1197.2
1354840 1197.2
1354850 1194.7
1354860 1191.9
1354870 1191.9
1354880 1190.1
1354890 1188.0
1354900 1188.0
1354910 1186.1
1354920 1184.5
1354930 1184.5
1354940 1182.3
1354950 1181.1
1354960 1179.9
1354970 1179.9
1354980 1177.1
1354990 1173.7
1355000 1173.7
1355010 1170.3
1355020 1168.6
1355030 1168.6
1355040 1165.5
1355050 1165.3
1355060 1165.3
1355070 1164.2
1355080 1162.2
1355090 1162.2
1355100 1160.5
1355110 1160.8
1355120 1160.8
1355130 1161.1
1355140 1161.1
1355150 1161.1
1355160 1160.4
1355170 1158.6
1355180 1158.6
1355190 1157.2
1355200 1155.9
1355210 1155.9
1355220 1153.5
1355230 1151.2
1355240 1151.2
1355250 1148.9
1355260 1147.0
1355270 1144.8
1355280 1144.8
1355290 1141.7
1355300 1137.5
1355310 1137.5
1355320 1133.2
1355330 1130.4
1355340 1130.4
1355350 1128.5
1355360 1126.3
1355370 1126.3
1355380 1123.5
1355390 1121.0
1355400 1121.0
1355410 1119.4
1355420 1118.6
1355430 1118.6
1355440 1118.0
1355450 1115.3
1355460 1115.3
1355470 1113.4
1355480 1111.3
1355490 1111.3
1355500 1108.9
1355510 1104.5
1355520 1104.5
1355530 1098.8
1355540 1094.4
1355550 1094.4
1355560 1089.9
1355570 1085.2
1355580 1081.6
1355590 1081.6
1355600 1078.4
1355610 1074.8
1355620 1074.8
1355630 1071.7
1355640 1069.2
1355650 1069.2
1355660 1067.3
1355670 1066.0
1355680 1066.0
1355690 1065.0
1355700 1063.0
1355710 1063.0
1355720 1059.4
1355730 1055.7
1355740 1055.7
1355750 1052.2
1355760 1047.8
1355770 1047.8
1355780 1042.8
1355790 1038.7
1355800 1038.7
1355810 1036.2
1355820 1032.8
1355830 1032.8
1355840 1026.9
1355850 1022.1
1355860 1018.1
1355870 1018.1
1355880 1014.8
1355890 1012.3
1355900 1012.3
1355910 1009.8
1355920 1007.0
1355930 1007.0
1355940 1004.3
1355950 1001.2
1355960 1001.2
1355970 997.9
1355980 994.7
1355990 994.7
1356000 991.8
1356010 989.1
1356020 989.1
1356030 988.0
1356040 985.9
1356050 985.9
1356060 983.0
1356070 979.9
1356080 979.9
1356090 975.7
1356100 972.0
1356110 972.0
1356120 968.6
1356130 966.7
1356140 966.7
1356150 965.3
1356160 965.9
1356170 966.8
1356180 966.8
1356190 966.4
1356200 966.8
1356210 966.8
1356220 966.4
1356230 965.4
1356240 965.4
1356250 964.2
1356260 963.4
1356270 963.4
1356280 962.1
1356290 960.2
1356300 960.2
1356310 958.7
1356320 957.6
1356330 957.6
1356340 956.1
1356350 954.1
1356360 954.1
1356370 951.7
1356380 949.8
1356390 949.8
1356400 948.9
1356410 948.1
1356420 948.1
1356430 945.3
1356440 939.3
1356450 939.3
1356460 934.4
1356470 928.4
1356480 923.2
1356490 923.2
1356500 919.3
1356510 916.0
1356520 916.0
1356530 913.2
1356540 911.1
1356550 911.1
1356560 907.6
1356570 903.4
1356580 903.4
1356590 898.4
1356600 893.2
1356610 893.2
1356620 888.6
1356630 884.4
1356640 884.4
1356650 879.3
1356660 875.1
1356670 875.1
1356680 871.7
1356690 866.7
1356700 866.7
1356710 862.0
1356720 858.2
1356730 858.2
1356740 854.2
1356750 851.4
1356760 848.6
1356770 848.6
1356780 845.8
1356790 843.3
1356800 843.3
1356810 841.3
1356820 839.8
1356830 839.8
1356840 838.3
1356850 837.2
1356860 837.2
1356870 835.5
1356880 833.2
1356890 833.2
1356900 831.2
1356910 829.5
1356920 829.5
1356930 827.1
1356940 825.3
1356950 825.3
1356960 824.0
1356970 823.3
1356980 823.3
1356990 822.5
1357000 821.9
1357010 821.9
1357020 820.6
1357030 820.1
1357040 820.1
1357050 818.7
1357060 817.1
1357070 815.6
1357080 815.6
1357090 815.2
1357100 815.0
1357110 815.0
1357120 814.7
1357130 815.9
1357140 815.9
1357150 819.1
1357160 824.2
1357170 824.2
1357180 827.8
1357190 828.0
1357200 828.0
1357210 826.4
1357220 827.3
1357230 827.3
1357240 829.4
1357250 830.2
1357260 830.2
1357270 833.0
1357280 834.0
1357290 834.0
1357300 831.7
1357310 829.8
1357320 829.8
1357330 830.7
1357340 830.1
1357350 830.1
1357360 832.3
1357370 834.9
1357380 839.1
1357390 839.1
1357400 841.2
1357410 842.1
1357420 842.1
1357430 845.5
1357440 847.6
1357450 847.6
1357460 846.2
1357470 842.4
1357480 842.4
1357490 840.8
1357500 842.0
1357510 842.0
1357520 845.8
1357530 850.5
1357540 850.5
1357550 856.2
1357560 859.8
1357570 859.8
1357580 855.7
1357590 853.7
1357600 853.7
1357610 850.1
1357620 851.6
1357630 851.6
1357640 856.8
1357650 860.7
1357660 863.6
1357670 863.6
1357680 865.5
1357690 865.0
1357700 865.0
1357710 863.6
1357720 861.7
1357730 861.7
1357740 859.4
1357750 856.4
1357760 856.4
1357770 853.6
1357780 851.5
1357790 851.5
1357800 850.0
1357810 849.5
1357820 849.5
1357830 848.6
1357840 847.2
1357850 847.2
1357860 845.9
1357870 844.3
1357880 844.3
1357890 842.3
1357900 840.6
1357910 840.6
1357920 839.2
1357930 838.1
1357940 838.1
1357950 837.1
1357960 835.5
1357970 832.9
1357980 832.9
1357990 829.8
1358000 826.7
1358010 826.7
1358020 828.6
1358030 832.2
1358040 832.2
1358050 834.9
1358060 836.5
1358070 836.5
1358080 836.4
1358090 835.7
1358100 835.7
1358110 835.1
1358120 833.8
1358130 833.8
1358140 831.5
1358150 829.6
1358160 829.6
1358170 828.8
1358180 828.5
1358190 828.5
1358200 828.0
1358210 827.0
1358220 827.0
1358230 823.4
1358240 818.0
1358250 818.0
1358260 813.6
1358270 807.7
1358280 799.1
1358290 799.1
1358300 792.6
1358310 789.1
1358320 789.1
1358330 786.6
1358340 784.4
1358350 784.4
1358360 781.5
1358370 777.6
1358380 777.6
1358390 774.9
1358400 777.4
1358410 777.4
1358420 783.6
1358430 790.0
1358440 790.0
1358450 794.0
1358460 798.0
1358470 798.0
1358480 805.5
1358490 809.0
1358500 809.0
1358510 814.8
1358520 828.7
1358530 828.7
1358540 829.0
1358550 827.9
1358560 827.7
1358570 827.7
1358580 827.6
1358590 827.2
1358600 827.2
1358610 827.5
1358620 827.2
1358630 827.2
1358640 826.7
1358650 826.7
1358660 826.7
1358670 826.9
1358680 826.5
1358690 826.5
1358700 826.8
1358710 827.1
1358720 827.1
1358730 822.3
1358740 814.5
1358750 814.5
1358760 805.5
1358770 798.4
1358780 798.4
1358790 794.3
1358800 791.2
1358810 791.2
1358820 791.3
1358830 792.3
1358840 792.3
1358850 794.7
1358860 798.9
1358870 803.8
1358880 803.8
1358890 809.9
1358900 816.9
1358910 816.9
1358920 821.4
1358930 822.7
1358940 822.7
1358950 822.8
1358960 821.3
1358970 821.3
1358980 814.5
1358990 807.5
1359000 807.5
1359010 801.8
1359020 794.1
1359030 794.1
1359040 789.9
1359050 783.1
1359060 783.1
1359070 777.1
1359080 771.9
1359090 771.9
1359100 767.0
1359110 763.7
1359120 763.7
1359130 760.2
1359140 757.3
1359150 757.3
1359160 754.4
1359170 749.6
1359180 743.0
1359190 743.0
1359200 740.5
1359210 740.6
1359220 740.6
1359230 740.5
1359240 740.1
1359250 740.1
1359260 740.2
1359270 742.0
1359280 742.0
1359290 744.9
1359300 749.8
1359310 749.8
1359320 753.9
1359330 756.8
1359340 756.8
1359350 759.3
1359360 762.2
1359370 762.2
1359380 765.1
1359390 767.8
1359400 767.8
1359410 771.2
1359420 776.9
1359430 776.9
1359440 782.0
1359450 786.3
1359460 790.4
1359470 790.4
1359480 794.8
1359490 799.8
1359500 799.8
1359510 804.4
1359520 810.2
1359530 810.2
1359540 817.0
1359550 822.1
1359560 822.1
1359570 828.8
1359580 835.9
1359590 835.9
1359600 840.5
1359610 844.6
1359620 844.6
1359630 848.7
1359640 852.8
1359650 852.8
1359660 855.0
1359670 856.5
1359680 856.5
1359690 857.7
1359700 858.7
1359710 858.7
1359720 859.9
1359730 860.9
1359740 860.9
1359750 861.7
1359760 862.4
1359770 863.3
1359780 863.3
1359790 864.9
1359800 866.5
1359810 866.5
1359820 867.8
1359830 869.6
1359840 869.6
1359850 871.9
1359860 874.2
1359870 874.2
1359880 876.2
1359890 878.0
1359900 878.0
1359910 880.3
1359920 883.3
1359930 883.3
1359940 886.3
1359950 889.1
1359960 889.1
1359970 891.1
1359980 894.7
1359990 894.7
