1340000 1001.7
1340010 1001.3
1340020 1001.3
1340030 1000.2
1340040 996.4
1340050 990.6
1340060 990.6
1340070 984.8
1340080 979.4
1340090 979.4
1340100 972.7
1340110 964.8
1340120 964.8
1340130 958.1
1340140 952.7
1340150 952.7
1340160 947.0
1340170 940.3
1340180 940.3
1340190 936.1
1340200 932.5
1340210 932.5
1340220 928.3
1340230 924.4
1340240 924.4
1340250 920.8
1340260 918.4
1340270 918.4
1340280 916.3
1340290 914.1
1340300 914.1
1340310 913.7
1340320 911.5
1340330 911.5
1340340 908.6
1340350 905.3
1340360 902.7
1340370 902.7
1340380 900.5
1340390 897.9
1340400 897.9
1340410 896.8
1340420 897.1
1340430 897.1
1340440 896.9
1340450 896.9
1340460 896.9
1340470 896.9
1340480 897.1
1340490 897.1
1340500 895.4
1340510 894.3
1340520 894.3
1340530 897.2
1340540 899.2
1340550 899.2
1340560 903.6
1340570 905.6
1340580 905.6
1340590 907.2
1340600 909.7
1340610 909.7
1340620 913.2
1340630 916.4
1340640 921.2
1340650 921.2
1340660 927.4
1340670 933.7
1340680 933.7
1340690 939.4
1340700 945.8
1340710 945.8
1340720 953.7
1340730 961.7
1340740 961.7
1340750 965.5
1340760 967.7
1340770 967.7
1340780 970.9
1340790 975.4
1340800 975.4
1340810 980.2
1340820 984.6
1340830 984.6
1340840 989.8
1340850 994.4
1340860 994.4
1340870 999.4
1340880 1004.9
1340890 1004.9
1340900 1010.5
1340910 1016.9
1340920 1016.9
1340930 1021.5
1340940 1023.6
1340950 1026.1
1340960 1026.1
1340970 1028.4
1340980 1029.6
1340990 1029.6
1341000 1030.9
1341010 1032.6
1341020 1032.6
1341030 1034.4
1341040 1035.7
1341050 1035.7
1341060 1037.0
1341070 1038.2
1341080 1038.2
1341090 1039.6
1341100 1041.4
1341110 1041.4
1341120 1043.5
1341130 1045.6
1341140 1045.6
1341150 1047.8
1341160 1050.7
1341170 1050.7
1341180 1053.4
1341190 1056.9
1341200 1056.9
1341210 1059.9
1341220 1062.4
1341230 1062.4
1341240 1065.5
1341250 1069.0
1341260 1072.4
1341270 1072.4
1341280 1075.5
1341290 1078.7
1341300 1078.7
1341310 1080.1
1341320 1083.2
1341330 1083.2
1341340 1086.4
1341350 1090.0
1341360 1090.0
1341370 1094.0
1341380 1098.3
1341390 1098.3
1341400 1102.7
1341410 1106.9
1341420 1106.9
1341430 1110.8
1341440 1114.7
1341450 1114.7
1341460 1119.0
1341470 1122.8
1341480 1122.8
1341490 1126.7
1341500 1130.8
1341510 1130.8
1341520 1135.1
1341530 1139.4
1341540 1143.4
1341550 1143.4
1341560 1147.3
1341570 1151.4
1341580 1151.4
1341590 1155.6
1341600 1159.5
1341610 1159.5
1341620 1163.2
1341630 1167.0
1341640 1167.0
1341650 1172.5
1341660 1175.9
1341670 1175.9
1341680 1179.8
1341690 1183.0
1341700 1183.0
1341710 1185.8
1341720 1188.4
1341730 1188.4
1341740 1190.7
1341750 1193.3
1341760 1193.3
1341770 1195.7
1341780 1198.0
1341790 1198.0
1341800 1200.1
1341810 1202.2
1341820 1202.2
1341830 1204.2
1341840 1206.2
1341850 1208.3
1341860 1208.3
1341870 1210.4
1341880 1213.0
1341890 1213.0
1341900 1215.7
1341910 1217.8
1341920 1217.8
1341930 1219.5
1341940 1221.7
1341950 1221.7
1341960 1223.6
1341970 1224.5
1341980 1224.5
1341990 1225.1
1342000 1226.1
1342010 1226.1
1342020 1226.5
1342030 1226.1
1342040 1226.1
1342050 1224.6
1342060 1222.6
1342070 1222.6
1342080 1220.3
1342090 1216.6
1342100 1216.6
1342110 1211.9
1342120 1208.3
1342130 1208.3
1342140 1206.5
1342150 1205.0
1342160 1201.1
1342170 1201.1
1342180 1197.4
1342190 1193.4
1342200 1186.5
1342210 1182.3
1342220 1177.7
1342230 1177.7
1342240 1176.2
1342250 1173.7
1342260 1173.7
1342270 1165.7
1342280 1159.4
1342290 1159.4
1342300 1159.7
1342310 1168.2
1342320 1168.2
1342330 1173.8
1342340 1172.7
1342350 1172.7
1342360 1170.7
1342370 1175.7
1342380 1175.7
1342390 1182.6
1342400 1189.5
1342410 1189.5
1342420 1194.8
1342430 1199.8
1342440 1204.8
1342450 1204.8
1342460 1208.2
1342470 1202.9
1342480 1202.9
1342490 1194.1
1342500 1187.3
1342510 1187.3
1342520 1182.4
1342530 1186.7
1342540 1186.7
1342550 1195.3
1342560 1195.7
1342570 1195.7
1342580 1199.2
1342590 1209.8
1342600 1209.8
1342610 1218.1
1342620 1223.4
1342630 1223.4
1342640 1228.5
1342650 1230.3
1342660 1230.3
1342670 1229.9
1342680 1228.6
1342690 1228.6
1342700 1228.8
1342710 1229.4
1342720 1229.4
1342730 1230.3
1342740 1230.8
1342750 1229.0
1342760 1229.0
1342770 1228.5
1342780 1225.9
1342790 1225.9
1342800 1222.3
1342810 1223.7
1342820 1223.7
1342830 1228.0
1342840 1235.9
1342850 1235.9
1342860 1247.4
1342870 1255.3
1342880 1255.3
1342890 1263.3
1342900 1272.0
1342910 1272.0
1342920 1279.0
1342930 1285.3
1342940 1285.3
1342950 1290.9
1342960 1297.8
1342970 1297.8
1342980 1303.8
1342990 1308.4
1343000 1308.4
1343010 1313.1
1343020 1317.2
1343030 1319.0
1343040 1319.0
1343050 1319.8
1343060 1322.6
1343070 1322.6
1343080 1327.1
1343090 1331.2
1343100 1327.7
1343110 1333.2
1343120 1339.4
1343130 1339.4
1343140 1346.4
1343150 1351.0
1343160 1351.0
1343170 1357.4
1343180 1364.3
1343190 1364.3
1343200 1370.0
1343210 1374.2
1343220 1374.2
1343230 1382.7
1343240 1389.2
1343250 1389.2
1343260 1394.2
1343270 1400.1
1343280 1400.1
1343290 1405.7
1343300 1410.5
1343310 1410.5
1343320 1413.7
1343330 1414.7
1343340 1417.2
1343350 1417.2
1343360 1423.0
1343370 1426.4
1343380 1426.4
1343390 1427.3
1343400 1429.7
1343410 1429.7
1343420 1436.4
1343430 1442.5
1343440 1442.5
1343450 1445.2
1343460 1448.7
1343470 1448.7
1343480 1454.7
1343490 1459.2
1343500 1459.2
1343510 1462.5
1343520 1467.0
1343530 1467.0
1343540 1471.4
1343550 1475.4
1343560 1475.4
1343570 1480.4
1343580 1486.0
1343590 1486.0
1343600 1491.4
1343610 1495.9
1343620 1495.9
1343630 1500.7
1343640 1506.5
1343650 1512.3
1343660 1512.3
1343670 1517.9
1343680 1524.2
1343690 1524.2
1343700 1530.5
1343710 1537.3
1343720 1537.3
1343730 1544.8
1343740 1551.6
1343750 1551.6
1343760 1557.5
1343770 1562.8
1343780 1562.8
1343790 1568.3
1343800 1573.1
1343810 1573.1
1343820 1578.8
1343830 1584.8
1343840 1584.8
1343850 1589.5
1343860 1593.8
1343870 1593.8
1343880 1598.3
1343890 1603.2
1343900 1603.2
1343910 1607.9
1343920 1612.3
1343930 1616.3
1343940 1616.3
1343950 1620.8
1343960 1625.1
1343970 1625.1
1343980 1628.9
1343990 1632.4
1344000 1631.5
1344010 1634.8
1344020 1638.0
1344030 1638.0
1344040 1640.6
1344050 1642.5
1344060 1642.5
1344070 1645.3
1344080 1647.1
1344090 1647.1
1344100 1649.3
1344110 1651.0
1344120 1651.0
1344130 1649.4
1344140 1647.2
1344150 1647.2
1344160 1645.9
1344170 1645.2
1344180 1645.2
1344190 1645.6
1344200 1644.9
1344210 1644.9
1344220 1642.0
1344230 1636.9
1344240 1630.1
1344250 1630.1
1344260 1622.9
1344270 1615.9
1344280 1615.9
1344290 1609.5
1344300 1602.5
1344310 1602.5
1344320 1594.2
1344330 1586.1
1344340 1586.1
1344350 1578.2
1344360 1571.5
1344370 1571.5
1344380 1564.9
1344390 1559.1
1344400 1559.1
1344410 1554.8
1344420 1550.8
1344430 1550.8
1344440 1545.8
1344450 1540.7
1344460 1540.7
1344470 1534.9
1344480 1529.7
1344490 1529.7
1344500 1527.7
1344510 1526.3
1344520 1526.3
1344530 1524.2
1344540 1522.2
1344550 1519.8
1344560 1519.8
1344570 1517.4
1344580 1514.4
1344590 1514.4
1344600 1509.8
1344610 1506.2
1344620 1506.2
1344630 1502.6
1344640 1499.1
1344650 1499.1
1344660 1494.9
1344670 1489.8
1344680 1489.8
1344690 1485.5
1344700 1481.9
1344710 1481.9
1344720 1480.0
1344730 1477.6
1344740 1477.6
1344750 1474.1
1344760 1470.9
1344770 1470.9
1344780 1467.7
1344790 1462.2
1344800 1462.2
1344810 1455.9
1344820 1449.6
1344830 1443.9
1344840 1443.9
1344850 1439.6
1344860 1436.3
1344870 1436.3
1344880 1434.0
1344890 1431.0
1344900 1431.0
1344910 1426.7
1344920 1421.1
1344930 1421.1
1344940 1415.6
1344950 1411.2
1344960 1411.2
1344970 1407.5
1344980 1405.5
1344990 1405.5
1345000 1403.7
1345010 1400.2
1345020 1400.2
1345030 1395.9
1345040 1392.1
1345050 1392.1
1345060 1388.7
1345070 1385.0
1345080 1385.0
1345090 1381.1
1345100 1377.2
1345110 1377.2
1345120 1374.2
1345130 1372.1
1345140 1370.0
1345150 1370.0
1345160 1367.7
1345170 1365.0
1345180 1365.0
1345190 1362.0
1345200 1359.4
1345210 1359.4
1345220 1356.7
1345230 1355.0
1345240 1355.0
1345250 1352.1
1345260 1348.2
1345270 1348.2
1345280 1344.0
1345290 1339.5
1345300 1339.5
1345310 1335.3
1345320 1332.0
1345330 1332.0
1345340 1328.9
1345350 1325.2
1345360 1325.2
1345370 1321.9
1345380 1319.2
1345390 1319.2
1345400 1316.7
1345410 1314.3
1345420 1314.3
1345430 1311.2
1345440 1307.6
1345450 1305.2
1345460 1305.2
1345470 1303.0
1345480 1300.4
1345490 1300.4
1345500 1296.0
1345510 1291.4
1345520 1291.4
1345530 1286.0
1345540 1280.0
1345550 1280.0
1345560 1275.4
1345570 1270.6
1345580 1270.6
1345590 1265.1
1345600 1260.1
1345610 1260.1
1345620 1252.3
1345630 1246.5
1345640 1246.5
1345650 1242.0
1345660 1235.3
1345670 1235.3
1345680 1228.4
1345690 1222.2
1345700 1222.2
1345710 1217.4
1345720 1210.6
1345730 1204.9
1345740 1204.9
1345750 1199.9
1345760 1192.0
1345770 1192.0
1345780 1184.8
1345790 1178.2
1345800 1178.2
1345810 1172.5
1345820 1166.3
1345830 1167.3
1345840 1160.3
1345850 1157.4
1345860 1157.4
1345870 1155.4
1345880 1156.7
1345890 1156.7
1345900 1162.5
1345910 1170.6
1345920 1170.6
1345930 1177.8
1345940 1180.8
1345950 1180.8
1345960 1183.9
1345970 1192.2
1345980 1192.2
1345990 1200.0
1346000 1205.1
1346010 1205.1
1346020 1207.8
1346030 1212.1
1346040 1216.2
1346050 1216.2
1346060 1220.7
1346070 1224.6
1346080 1224.6
1346090 1225.7
1346100 1227.9
1346110 1227.9
1346120 1230.6
1346130 1232.9
1346140 1232.9
1346150 1235.1
1346160 1236.7
1346170 1236.7
1346180 1239.6
1346190 1243.4
1346200 1243.4
1346210 1248.4
1346220 1251.6
1346230 1251.6
1346240 1251.7
1346250 1251.3
1346260 1251.3
1346270 1251.1
1346280 1249.9
1346290 1249.9
1346300 1247.7
1346310 1244.7
1346320 1244.7
1346330 1244.7
1346340 1249.2
1346350 1251.1
1346360 1251.1
1346370 1250.2
1346380 1252.7
1346390 1252.7
1346400 1260.3
1346410 1268.5
1346420 1268.5
1346430 1275.2
1346440 1278.3
1346450 1278.3
1346460 1282.9
1346470 1288.2
1346480 1288.2
1346490 1293.4
1346500 1297.6
1346510 1297.6
1346520 1300.9
1346530 1302.6
1346540 1302.6
1346550 1304.2
1346560 1305.9
1346570 1305.9
1346580 1309.8
1346590 1314.3
1346600 1314.3
1346610 1319.5
1346620 1324.8
1346630 1328.8
1346640 1328.8
1346650 1332.1
1346660 1335.5
1346670 1335.5
1346680 1340.4
1346690 1346.0
1346700 1346.0
1346710 1350.4
1346720 1352.7
1346730 1352.7
1346740 1353.8
1346750 1358.6
1346760 1358.6
1346770 1361.0
1346780 1362.1
1346790 1362.1
1346800 1362.8
1346810 1363.5
1346820 1363.5
1346830 1363.9
1346840 1364.3
1346850 1364.3
1346860 1365.3
1346870 1366.2
1346880 1366.2
1346890 1367.0
1346900 1367.7
1346910 1367.7
1346920 1368.6
1346930 1369.5
1346940 1371.3
1346950 1371.3
1346960 1373.9
1346970 1376.7
1346980 1376.7
1346990 1378.6
1347000 1380.9
1347010 1380.9
1347020 1381.9
1347030 1382.6
1347040 1382.6
1347050 1382.4
1347060 1381.1
1347070 1381.1
1347080 1380.7
1347090 1381.7
1347100 1381.7
1347110 1384.0
1347120 1386.4
1347130 1386.4
1347140 1390.5
1347150 1394.4
1347160 1394.4
1347170 1396.8
1347180 1398.8
1347190 1398.8
1347200 1400.0
1347210 1401.8
1347220 1401.8
1347230 1401.5
1347240 1400.6
1347250 1402.3
1347260 1402.3
1347270 1405.5
1347280 1406.3
1347290 1406.3
1347300 1405.1
1347310 1402.4
1347320 1402.4
1347330 1401.1
1347340 1401.5
1347350 1401.5
1347360 1401.2
1347370 1402.2
1347380 1402.2
1347390 1405.6
1347400 1407.2
1347410 1407.2
1347420 1407.2
1347430 1405.3
1347440 1405.3
1347450 1401.1
1347460 1397.4
1347470 1397.4
1347480 1395.5
1347490 1395.8
1347500 1395.8
1347510 1395.8
1347520 1394.7
1347530 1394.9
1347540 1394.9
1347550 1395.2
1347560 1395.7
1347570 1395.7
1347580 1401.6
1347590 1405.2
1347600 1405.2
1347610 1407.5
1347620 1408.1
1347630 1408.1
1347640 1409.3
1347650 1413.8
1347660 1413.8
1347670 1417.3
1347680 1428.0
1347690 1428.0
1347700 1429.6
1347710 1432.7
1347720 1432.7
1347730 1436.8
1347740 1441.0
1347750 1441.0
1347760 1445.7
1347770 1451.1
1347780 1451.1
1347790 1458.7
1347800 1464.4
1347810 1464.4
1347820 1465.7
1347830 1466.3
1347840 1465.6
1347850 1465.6
1347860 1463.8
1347870 1460.6
1347880 1460.6
1347890 1456.4
1347900 1452.0
1347910 1452.0
1347920 1447.7
1347930 1443.3
1347940 1443.3
1347950 1437.8
1347960 1432.5
1347970 1432.5
1347980 1428.0
1347990 1423.5
1348000 1423.5
1348010 1418.9
1348020 1411.9
1348030 1411.9
1348040 1406.2
1348050 1400.8
1348060 1400.8
1348070 1396.8
1348080 1391.6
1348090 1391.6
1348100 1385.0
1348110 1380.0
1348120 1376.6
1348130 1376.6
1348140 1373.4
1348150 1370.2
1348160 1370.2
1348170 1367.0
1348180 1364.0
1348190 1364.0
1348200 1360.7
1348210 1356.8
1348220 1356.8
1348230 1353.7
1348240 1351.1
1348250 1351.1
1348260 1349.6
1348270 1348.5
1348280 1348.5
1348290 1346.6
1348300 1343.6
1348310 1343.6
1348320 1339.4
1348330 1334.4
1348340 1334.4
1348350 1328.2
1348360 1322.7
1348370 1322.7
1348380 1318.6
1348390 1313.8
1348400 1313.8
1348410 1309.9
1348420 1305.6
1348430 1301.9
1348440 1301.9
1348450 1297.0
1348460 1293.4
1348470 1293.4
1348480 1289.8
1348490 1287.4
1348500 1287.4
1348510 1285.5
1348520 1283.8
1348530 1283.8
1348540 1282.6
1348550 1281.5
1348560 1281.5
1348570 1279.8
1348580 1277.8
1348590 1277.8
1348600 1276.1
1348610 1273.7
1348620 1274.7
1348630 1271.9
1348640 1269.9
1348650 1269.9
1348660 1268.3
1348670 1266.2
1348680 1266.2
1348690 1263.3
1348700 1260.1
1348710 1260.1
1348720 1255.6
1348730 1251.8
1348740 1249.2
1348750 1249.2
1348760 1246.3
1348770 1242.5
1348780 1242.5
1348790 1238.4
1348800 1234.4
1348810 1234.4
1348820 1229.6
1348830 1224.4
1348840 1224.4
1348850 1220.1
1348860 1216.4
1348870 1216.4
1348880 1212.7
1348890 1209.3
1348900 1209.3
1348910 1205.6
1348920 1201.7
1348930 1201.7
1348940 1197.5
1348950 1193.7
1348960 1193.7
1348970 1190.2
1348980 1187.0
1348990 1187.0
1349000 1183.0
1349010 1178.8
1349020 1174.3
1349030 1174.3
1349040 1168.8
1349050 1162.1
1349060 1162.1
1349070 1156.6
1349080 1151.5
1349090 1151.5
1349100 1146.2
1349110 1141.2
1349120 1141.2
1349130 1137.1
1349140 1133.2
1349150 1133.2
1349160 1129.0
1349170 1124.7
1349180 1124.7
1349190 1119.8
1349200 1116.2
1349210 1116.2
1349220 1113.7
1349230 1110.2
1349240 1110.2
1349250 1107.5
1349260 1105.6
1349270 1105.6
1349280 1101.9
1349290 1098.9
1349300 1098.9
1349310 1097.2
1349320 1094.8
1349330 1091.7
1349340 1091.7
1349350 1088.3
1349360 1084.8
1349370 1084.8
1349380 1081.2
1349390 1077.6
1349400 1077.6
1349410 1074.4
1349420 1070.9
1349430 1070.9
1349440 1067.2
1349450 1063.5
1349460 1063.5
1349470 1060.0
1349480 1056.7
1349490 1056.7
1349500 1053.5
1349510 1050.7
1349520 1050.7
1349530 1047.6
1349540 1043.8
1349550 1043.8
1349560 1039.2
1349570 1035.5
1349580 1035.5
1349590 1031.7
1349600 1027.9
1349610 1027.9
1349620 1024.4
1349630 1021.5
1349640 1020.0
1349650 1020.0
1349660 1018.5
1349670 1016.2
1349680 1016.2
1349690 1013.4
1349700 1009.9
1349710 1009.9
1349720 1006.1
1349730 1002.3
1349740 1002.3
1349750 998.8
1349760 995.3
1349770 995.3
1349780 991.4
1349790 989.0
1349800 989.0
1349810 987.4
1349820 984.7
1349830 984.7
1349840 980.9
1349850 977.0
1349860 977.0
1349870 973.0
1349880 969.0
1349890 969.0
1349900 965.1
1349910 961.3
1349920 957.9
1349930 957.9
1349940 955.3
1349950 952.6
1349960 952.6
1349970 950.0
1349980 947.5
1349990 947.5
1350000 944.9
1350010 942.0
1350020 942.0
1350030 939.2
1350040 936.6
1350050 936.6
1350060 934.2
1350070 931.9
1350080 931.9
1350090 930.6
1350100 929.3
1350110 929.3
1350120 927.3
1350130 925.5
1350140 925.5
1350150 923.6
1350160 921.9
1350170 921.9
1350180 921.9
1350190 920.2
1350200 920.2
1350210 916.8
1350220 909.8
1350230 904.0
1350240 904.0
1350250 899.8
1350260 897.9
1350270 897.9
1350280 897.7
1350290 896.7
1350300 896.7
1350310 894.6
1350320 894.1
1350330 894.1
1350340 891.9
1350350 886.2
1350360 886.2
1350370 881.7
1350380 878.8
1350390 878.8
1350400 877.4
1350410 874.5
1350420 874.5
1350430 871.5
1350440 869.0
1350450 869.0
1350460 867.6
1350470 865.7
1350480 865.7
1350490 862.6
1350500 858.9
1350510 858.6
1350520 854.5
1350530 849.2
1350540 842.0
1350550 842.0
1350560 836.7
1350570 835.3
1350580 835.3
1350590 835.0
1350600 831.9
1350610 831.9
1350620 825.2
1350630 817.9
1350640 817.9
1350650 812.3
1350660 806.6
1350670 806.6
1350680 801.7
1350690 797.7
1350700 797.7
1350710 793.6
1350720 789.2
1350730 789.2
1350740 785.3
1350750 782.2
1350760 782.2
1350770 779.9
1350780 778.3
1350790 778.3
1350800 776.5
1350810 774.6
1350820 773.2
1350830 773.2
1350840 771.9
1350850 770.6
1350860 770.6
1350870 769.3
1350880 767.9
1350890 767.9
1350900 765.2
1350910 761.3
1350920 761.3
1350930 756.5
1350940 750.7
1350950 750.7
1350960 746.1
1350970 743.6
1350980 743.6
1350990 742.1
1351000 743.3
1351010 743.3
1351020 747.6
1351030 755.1
1351040 755.1
1351050 760.4
1351060 765.0
1351070 765.0
1351080 770.2
1351090 776.1
1351100 776.1
1351110 781.9
1351120 786.9
1351130 792.6
1351140 792.6
1351150 797.6
1351160 802.0
1351170 802.0
1351180 807.9
1351190 814.0
1351200 814.0
1351210 818.0
1351220 821.4
1351230 821.4
1351240 825.3
1351250 828.8
1351260 828.8
1351270 831.6
1351280 834.1
1351290 834.1
1351300 836.7
1351310 839.6
1351320 839.6
1351330 843.0
1351340 846.6
1351350 846.6
1351360 850.2
1351370 853.6
1351380 853.6
1351390 857.6
1351400 862.9
1351410 867.0
1351420 867.0
1351430 871.3
1351440 876.4
1351450 876.4
1351460 880.1
1351470 883.8
1351480 883.8
1351490 890.2
1351500 895.2
1351510 895.2
1351520 900.1
1351530 905.5
1351540 905.5
1351550 910.3
1351560 915.0
1351570 915.0
1351580 919.4
1351590 923.2
1351600 923.2
1351610 928.3
1351620 932.8
1351630 932.8
1351640 937.5
1351650 942.3
1351660 942.3
1351670 947.0
1351680 951.8
1351690 951.8
1351700 956.7
1351710 961.7
1351720 967.7
1351730 967.7
1351740 972.8
1351750 978.1
1351760 978.1
1351770 983.8
1351780 989.4
1351790 989.4
1351800 994.9
1351810 999.6
1351820 999.6
1351830 1004.9
1351840 1010.5
1351850 1010.5
1351860 1015.9
1351870 1021.6
1351880 1021.6
1351890 1026.5
1351900 1031.0
1351910 1031.0
1351920 1034.6
1351930 1038.0
1351940 1038.0
1351950 1042.7
1351960 1047.9
1351970 1047.9
1351980 1052.7
1351990 1057.5
1352000 1057.5
1352010 1062.1
1352020 1066.1
1352030 1069.7
1352040 1069.7
1352050 1073.1
1352060 1077.4
1352070 1077.4
1352080 1080.9
1352090 1084.1
1352100 1084.1
1352110 1088.1
1352120 1091.8
1352130 1091.8
1352140 1096.2
1352150 1100.3
1352160 1100.3
1352170 1101.2
1352180 1100.6
1352190 1100.6
1352200 1101.8
1352210 1104.4
1352220 1104.4
1352230 1108.1
1352240 1111.0
1352250 1111.0
1352260 1114.2
1352270 1117.5
1352280 1117.5
1352290 1121.1
1352300 1125.8
1352310 1128.7
1352320 1128.7
1352330 1128.2
1352340 1130.2
1352350 1130.2
1352360 1133.4
1352370 1134.6
1352380 1134.6
1352390 1136.2
1352400 1138.8
1352410 1138.8
1352420 1141.2
1352430 1146.8
1352440 1146.8
1352450 1148.6
1352460 1149.9
1352470 1149.9
1352480 1151.5
1352490 1153.5
1352500 1153.5
1352510 1154.9
1352520 1155.3
1352530 1155.3
1352540 1155.6
1352550 1157.3
1352560 1157.3
1352570 1158.9
1352580 1159.7
1352590 1159.7
1352600 1160.5
1352610 1162.1
1352620 1163.9
1352630 1163.9
1352640 1164.4
1352650 1164.1
1352660 1164.1
1352670 1165.0
1352680 1169.2
1352690 1169.2
1352700 1175.2
1352710 1179.6
1352720 1179.6
1352730 1182.4
1352740 1184.9
1352750 1184.9
1352760 1187.4
1352770 1191.7
1352780 1191.7
1352790 1195.9
1352800 1199.8
1352810 1199.8
1352820 1203.9
1352830 1207.1
1352840 1207.1
1352850 1209.8
1352860 1212.3
1352870 1212.3
1352880 1214.4
1352890 1216.9
1352900 1216.9
1352910 1218.7
1352920 1221.0
1352930 1224.1
1352940 1224.1
1352950 1228.4
1352960 1234.4
1352970 1234.4
1352980 1237.8
1352990 1242.0
1353000 1242.0
1353010 1245.2
1353020 1248.7
1353030 1248.7
1353040 1253.3
1353050 1255.7
1353060 1255.7
1353070 1258.5
1353080 1261.4
1353090 1261.4
1353100 1264.1
1353110 1266.1
1353120 1266.1
1353130 1269.1
1353140 1272.7
1353150 1272.7
1353160 1276.6
1353170 1279.4
1353180 1279.4
1353190 1281.8
1353200 1284.8
1353210 1286.7
1353220 1286.7
1353230 1290.5
1353240 1296.3
1353250 1296.3
1353260 1302.2
1353270 1306.3
1353280 1306.3
1353290 1309.8
1353300 1312.2
1353310 1312.2
1353320 1315.4
1353330 1319.3
1353340 1319.3
1353350 1323.8
1353360 1329.2
1353370 1329.2
1353380 1334.3
1353390 1337.3
1353400 1337.8
1353410 1341.0
1353420 1345.6
1353430 1345.6
1353440 1348.9
1353450 1352.4
1353460 1352.4
1353470 1355.7
1353480 1358.8
1353490 1358.8
1353500 1362.2
1353510 1368.7
1353520 1375.1
1353530 1375.1
1353540 1380.5
1353550 1385.8
1353560 1385.8
1353570 1391.2
1353580 1396.1
1353590 1396.1
1353600 1400.9
1353610 1405.4
1353620 1405.4
1353630 1408.7
1353640 1411.4
1353650 1411.4
1353660 1414.0
1353670 1416.6
1353680 1416.6
1353690 1419.5
1353700 1421.2
1353710 1421.2
1353720 1423.2
1353730 1424.4
1353740 1424.4
1353750 1423.4
1353760 1421.0
1353770 1421.0
1353780 1419.9
1353790 1419.1
1353800 1417.5
1353810 1417.5
1353820 1413.6
1353830 1409.6
1353840 1409.6
1353850 1406.5
1353860 1402.1
1353870 1402.1
1353880 1397.3
1353890 1392.8
1353900 1392.8
1353910 1385.8
1353920 1379.3
1353930 1379.3
1353940 1374.9
1353950 1372.9
1353960 1372.9
1353970 1370.6
1353980 1368.2
1353990 1368.2
1354000 1365.3
1354010 1363.0
1354020 1363.0
1354030 1362.0
1354040 1360.1
1354050 1360.1
1354060 1358.2
1354070 1355.5
1354080 1355.5
1354090 1352.8
1354100 1350.0
1354110 1347.5
1354120 1347.5
1354130 1345.0
1354140 1341.1
1354150 1341.1
1354160 1335.5
1354170 1330.9
1354180 1330.9
1354190 1327.5
1354200 1320.5
1354210 1320.5
1354220 1315.2
1354230 1311.6
1354240 1311.6
1354250 1308.3
1354260 1305.9
1354270 1305.9
1354280 1299.8
1354290 1293.0
1354300 1293.0
1354310 1286.4
1354320 1279.9
1354330 1279.9
1354340 1276.5
1354350 1272.5
1354360 1272.5
1354370 1263.7
1354380 1257.5
1354390 1257.5
1354400 1253.4
1354410 1251.9
1354420 1248.8
1354430 1248.8
1354440 1246.2
1354450 1244.2
1354460 1244.2
1354470 1241.2
1354480 1238.4
1354490 1238.4
1354500 1236.4
1354510 1233.9
1354520 1233.9
1354530 1230.0
1354540 1225.0
1354550 1225.0
1354560 1222.0
1354570 1220.1
1354580 1220.1
1354590 1218.7
1354600 1216.4
1354610 1216.4
1354620 1213.5
1354630 1211.2
1354640 1211.2
1354650 1209.0
1354660 1207.1
1354670 1207.1
1354680 1205.1
1354690 1200.8
1354700 1196.6
1354710 1196.6
1354720 1190.4
1354730 1184.7
1354740 1184.7
1354750 1180.2
1354760 1177.8
1354770 1177.8
1354780 1175.1
1354790 1171.5
1354800 1171.5
1354810 1168.5
1354820 1166.4
1354830 1166.4
1354840 1163.9
1354850 1161.2
1354860 1161.2
1354870 1158.4
1354880 1156.4
1354890 1156.4
1354900 1154.6
1354910 1150.6
1354920 1150.6
1354930 1146.8
1354940 1142.7
1354950 1142.7
1354960 1139.0
1354970 1135.8
1354980 1135.8
1354990 1132.7
1355000 1129.7
1355010 1127.5
1355020 1127.5
1355030 1124.6
1355040 1118.9
1355050 1118.9
1355060 1113.4
1355070 1110.3
1355080 1110.3
1355090 1109.1
1355100 1105.5
1355110 1105.5
1355120 1105.6
1355130 1105.3
1355140 1105.3
1355150 1102.8
1355160 1099.6
1355170 1099.6
1355180 1097.0
1355190 1093.9
1355200 1093.9
1355210 1090.5
1355220 1086.3
1355230 1086.3
1355240 1082.6
1355250 1080.1
1355260 1080.1
1355270 1076.2
1355280 1073.1
1355290 1073.1
1355300 1070.9
1355310 1069.3
1355320 1067.6
1355330 1067.6
1355340 1065.3
1355350 1062.2
1355360 1060.4
1355370 1059.2
1355380 1058.0
1355390 1058.0
1355400 1056.2
1355410 1054.4
1355420 1054.4
1355430 1051.5
1355440 1048.6
1355450 1048.6
1355460 1045.9
1355470 1043.1
1355480 1043.1
1355490 1040.5
1355500 1037.3
1355510 1037.3
1355520 1033.6
1355530 1030.4
1355540 1030.4
1355550 1027.7
1355560 1025.5
1355570 1025.5
1355580 1023.6
1355590 1021.6
1355600 1019.5
1355610 1019.5
1355620 1016.8
1355630 1014.8
1355640 1014.8
1355650 1012.2
1355660 1009.4
1355670 1009.4
1355680 1007.8
1355690 1006.2
1355700 1006.2
1355710 1003.8
1355720 1002.6
1355730 1002.6
1355740 1001.6
1355750 999.8
1355760 999.8
1355770 996.0
1355780 990.6
1355790 990.6
1355800 985.9
1355810 982.1
1355820 982.1
1355830 978.1
1355840 974.4
1355850 974.4
1355860 971.6
1355870 968.6
1355880 968.6
1355890 965.9
1355900 962.4
1355910 958.6
1355920 958.6
1355930 956.2
1355940 952.9
1355950 952.9
1355960 948.9
1355970 945.6
1355980 945.6
1355990 941.2
1356000 936.8
1356010 936.8
1356020 933.3
1356030 929.3
1356040 929.3
1356050 925.5
1356060 922.4
1356070 922.4
1356080 919.7
1356090 918.0
1356100 918.0
1356110 913.6
1356120 909.9
1356130 909.9
1356140 907.0
1356150 905.3
1356160 905.3
1356170 903.4
1356180 900.5
1356190 900.5
1356200 898.1
1356210 897.5
1356220 898.4
1356230 898.4
1356240 899.3
1356250 902.5
1356260 902.5
1356270 909.2
1356280 913.8
1356290 913.8
1356300 912.3
1356310 908.5
1356320 908.5
1356330 905.7
1356340 902.0
1356350 902.1
1356360 899.9
1356370 897.0
1356380 897.0
1356390 892.8
1356400 890.5
1356410 890.5
1356420 887.8
1356430 884.6
1356440 884.6
1356450 883.0
1356460 883.2
1356470 883.2
1356480 882.7
1356490 882.4
1356500 882.6
1356510 882.6
1356520 881.9
1356530 881.7
1356540 881.7
1356550 881.8
1356560 882.0
1356570 882.0
1356580 883.4
1356590 885.1
1356600 885.1
1356610 886.2
1356620 888.4
1356630 888.4
1356640 892.3
1356650 894.6
1356660 894.6
1356670 892.5
1356680 888.8
1356690 888.8
1356700 886.0
1356710 883.4
1356720 883.4
1356730 883.3
1356740 885.1
1356750 885.1
1356760 886.4
1356770 886.6
1356780 886.6
1356790 887.9
1356800 889.2
1356810 889.8
1356820 889.8
1356830 890.0
1356840 890.7
1356850 890.7
1356860 890.9
1356870 889.5
1356880 889.5
1356890 887.3
1356900 885.8
1356910 885.8
1356920 884.7
1356930 880.7
1356940 880.7
1356950 876.2
1356960 877.9
1356970 877.9
1356980 882.1
1356990 885.9
1357000 885.9
1357010 888.8
1357020 887.5
1357030 887.5
1357040 881.8
1357050 874.2
1357060 874.2
1357070 870.6
1357080 874.3
1357090 874.3
1357100 878.2
1357110 879.9
1357120 882.5
1357130 882.5
1357140 883.0
1357150 882.6
1357160 882.6
1357170 884.5
1357180 889.1
1357190 889.1
1357200 892.6
1357210 896.1
1357220 896.1
1357230 902.0
1357240 909.0
1357250 909.0
1357260 914.7
1357270 919.3
1357280 919.3
1357290 922.8
1357300 925.4
1357310 925.4
1357320 927.4
1357330 928.6
1357340 928.6
1357350 929.9
1357360 930.7
1357370 930.7
1357380 931.0
1357390 931.4
1357400 932.0
1357410 932.0
1357420 931.9
1357430 931.1
1357440 931.1
1357450 929.7
1357460 927.8
1357470 927.8
1357480 926.8
1357490 926.2
1357500 926.2
1357510 924.6
1357520 921.9
1357530 921.9
1357540 918.8
1357550 916.7
1357560 916.7
1357570 915.2
1357580 913.8
1357590 913.8
1357600 912.1
1357610 910.1
1357620 910.1
1357630 907.5
1357640 905.3
1357650 905.3
1357660 902.7
1357670 899.5
1357680 899.5
1357690 896.9
1357700 894.3
1357710 892.3
1357720 892.3
1357730 890.0
1357740 888.0
1357750 888.0
1357760 886.6
1357770 885.8
1357780 885.8
1357790 884.0
1357800 880.7
1357810 880.7
1357820 877.2
1357830 874.3
1357840 874.3
1357850 872.6
1357860 870.1
1357870 870.1
1357880 866.8
1357890 864.1
1357900 864.1
1357910 861.3
1357920 858.4
1357930 858.4
1357940 855.2
1357950 852.8
1357960 852.8
1357970 855.5
1357980 857.3
1357990 857.9
1358000 857.9
1358010 858.1
1358020 858.3
1358030 858.3
1358040 858.6
1358050 858.0
1358060 858.0
1358070 857.5
1358080 856.9
1358090 856.9
1358100 855.9
1358110 854.5
1358120 854.5
1358130 853.4
1358140 852.7
1358150 852.7
1358160 851.6
1358170 850.0
1358180 850.0
1358190 848.5
1358200 848.1
1358210 848.1
1358220 848.1
1358230 847.9
1358240 847.9
1358250 847.5
1358260 846.9
1358270 846.9
1358280 846.2
1358290 844.8
1358300 843.3
1358310 843.3
1358320 841.8
1358330 837.5
1358340 837.5
1358350 838.8
1358360 833.3
1358370 833.3
1358380 826.5
1358390 820.6
1358400 820.6
1358410 816.5
1358420 818.4
1358430 818.4
1358440 823.2
1358450 829.6
1358460 829.6
1358470 835.0
1358480 837.6
1358490 837.6
1358500 838.2
1358510 838.3
1358520 838.3
1358530 838.5
1358540 839.5
1358550 839.5
1358560 841.1
1358570 841.9
1358580 841.9
1358590 842.7
1358600 844.5
1358610 844.4
1358620 844.4
1358630 843.5
1358640 843.1
1358650 843.1
1358660 842.9
1358670 842.7
1358680 842.7
1358690 842.5
1358700 842.2
1358710 842.2
1358720 841.6
1358730 840.9
1358740 840.9
1358750 840.4
1358760 840.0
1358770 840.0
1358780 839.7
1358790 838.9
1358800 838.9
1358810 837.9
1358820 837.1
1358830 837.1
1358840 836.5
1358850 836.0
1358860 836.0
1358870 835.4
1358880 834.4
1358890 832.0
1358900 832.0
1358910 830.0
1358920 829.4
1358930 829.4
1358940 828.9
1358950 829.3
1358960 829.3
1358970 829.7
1358980 829.7
1358990 829.7
1359000 829.9
1359010 829.3
1359020 829.3
1359030 824.5
1359040 818.7
1359050 818.7
1359060 813.6
1359070 807.5
1359080 807.5
1359090 801.2
1359100 796.9
1359110 796.9
1359120 792.6
1359130 791.3
1359140 791.3
1359150 790.8
1359160 783.6
1359170 783.6
1359180 777.0
1359190 771.1
1359200 766.3
1359210 766.3
1359220 763.2
1359230 761.7
1359240 761.7
1359250 759.6
1359260 754.6
1359270 754.6
1359280 749.6
1359290 748.9
1359300 748.9
1359310 748.4
1359320 747.3
1359330 747.3
1359340 748.2
1359350 749.3
1359360 749.3
1359370 749.6
1359380 750.4
1359390 750.4
1359400 750.8
1359410 751.3
1359420 751.3
1359430 751.6
1359440 751.9
1359450 751.9
1359460 752.2
1359470 752.4
1359480 752.4
1359490 751.9
1359500 751.2
1359510 753.4
1359520 753.4
1359530 756.0
1359540 759.2
1359550 759.2
1359560 759.6
1359570 755.6
1359580 755.6
1359590 753.4
1359600 756.5
1359610 756.5
1359620 763.4
1359630 770.0
1359640 770.0
1359650 773.6
1359660 775.7
1359670 775.7
1359680 778.6
1359690 782.8
1359700 782.8
1359710 787.0
1359720 791.0
1359730 791.0
1359740 795.5
1359750 800.1
1359760 800.1
1359770 804.9
1359780 808.7
1359790 812.1
1359800 812.1
1359810 816.6
1359820 820.0
1359830 820.0
1359840 823.2
1359850 827.5
1359860 827.5
1359870 831.7
1359880 837.1
1359890 837.1
1359900 842.0
1359910 846.6
1359920 846.6
1359930 851.3
1359940 855.6
1359950 855.6
1359960 859.1
1359970 863.2
1359980 863.2
1359990 867.2
