1340000 867.4
1340010 867.4
1340020 866.1
1340030 866.1
1340040 866.1
1340050 865.3
1340060 865.0
1340070 865.0
1340080 865.0
1340090 865.1
1340100 865.1
1340110 865.2
1340120 865.2
1340130 865.2
1340140 865.6
1340150 864.7
1340160 864.7
1340170 862.4
1340180 863.3
1340190 863.3
1340200 865.6
1340210 866.8
1340220 866.8
1340230 869.7
1340240 873.6
1340250 873.6
1340260 876.5
1340270 880.8
1340280 884.6
1340290 884.6
1340300 888.1
1340310 894.2
1340320 894.2
1340330 901.4
1340340 908.2
1340350 908.2
1340360 914.2
1340370 920.1
1340380 920.1
1340390 925.8
1340400 931.8
1340410 931.8
1340420 937.3
1340430 943.1
1340440 943.1
1340450 947.6
1340460 951.4
1340470 951.4
1340480 955.9
1340490 960.2
1340500 960.2
1340510 964.6
1340520 969.7
1340530 969.7
1340540 972.1
1340550 974.6
1340560 974.6
1340570 977.4
1340580 980.2
1340590 983.1
1340600 983.1
1340610 986.3
1340620 989.9
1340630 989.9
1340640 993.1
1340650 995.6
1340660 995.6
1340670 998.5
1340680 1001.7
1340690 1001.7
1340700 1003.2
1340710 1007.2
1340720 1007.2
1340730 1012.1
1340740 1015.8
1340750 1015.8
1340760 1019.7
1340770 1023.4
1340780 1023.4
1340790 1027.2
1340800 1031.3
1340810 1031.3
1340820 1033.4
1340830 1037.3
1340840 1037.3
1340850 1041.1
1340860 1044.6
1340870 1048.1
1340880 1048.1
1340890 1052.0
1340900 1055.9
1340910 1055.9
1340920 1059.7
1340930 1062.2
1340940 1062.2
1340950 1065.4
1340960 1069.6
1340970 1069.6
1340980 1073.8
1340990 1077.5
1341000 1077.5
1341010 1080.7
1341020 1083.1
1341030 1083.1
1341040 1086.6
1341050 1089.6
1341060 1089.6
1341070 1092.9
1341080 1096.1
1341090 1096.1
1341100 1099.6
1341110 1103.2
1341120 1103.2
1341130 1107.3
1341140 1111.4
1341150 1111.4
1341160 1115.5
1341170 1119.3
1341180 1122.4
1341190 1122.4
1341200 1125.3
1341210 1128.4
1341220 1128.4
1341230 1131.9
1341240 1134.9
1341250 1134.9
1341260 1137.5
1341270 1140.3
1341280 1140.3
1341290 1143.3
1341300 1145.5
1341310 1145.5
1341320 1147.3
1341330 1149.1
1341340 1149.1
1341350 1150.7
1341360 1152.5
1341370 1152.5
1341380 1154.7
1341390 1156.8
1341400 1156.8
1341410 1158.9
1341420 1161.1
1341430 1161.1
1341440 1162.8
1341450 1164.8
1341460 1164.8
1341470 1167.0
1341480 1169.3
1341490 1171.9
1341500 1171.9
1341510 1174.6
1341520 1177.1
1341530 1177.1
1341540 1179.1
1341550 1180.7
1341560 1180.7
1341570 1182.2
1341580 1183.4
1341590 1183.4
1341600 1184.7
1341610 1185.5
1341620 1185.5
1341630 1185.9
1341640 1186.0
1341650 1186.0
1341660 1185.5
1341670 1184.3
1341680 1184.3
1341690 1182.9
1341700 1180.5
1341710 1186.7
1341720 1183.7
1341730 1183.2
1341740 1183.2
1341750 1183.8
1341760 1184.8
1341770 1184.8
1341780 1185.8
1341790 1186.9
1341800 1187.5
1341810 1187.5
1341820 1188.0
1341830 1187.9
1341840 1187.9
1341850 1187.7
1341860 1186.3
1341870 1186.3
1341880 1184.5
1341890 1182.6
1341900 1182.6
1341910 1185.4
1341920 1189.4
1341930 1189.4
1341940 1190.5
1341950 1192.8
1341960 1192.8
1341970 1195.6
1341980 1199.4
1341990 1199.4
1342000 1202.6
1342010 1205.3
1342020 1205.3
1342030 1207.5
1342040 1209.2
1342050 1209.2
1342060 1211.0
1342070 1213.7
1342080 1215.4
1342090 1215.4
1342100 1216.8
1342110 1217.5
1342120 1217.5
1342130 1219.4
1342140 1220.8
1342150 1220.8
1342160 1220.6
1342170 1219.4
1342180 1219.4
1342190 1220.5
1342200 1223.9
1342210 1223.9
1342220 1227.6
1342230 1231.3
1342240 1231.3
1342250 1233.8
1342260 1235.8
1342270 1235.8
1342280 1240.3
1342290 1244.7
1342300 1244.7
1342310 1247.8
1342320 1253.9
1342330 1253.9
1342340 1260.0
1342350 1265.3
1342360 1265.3
1342370 1271.1
1342380 1277.1
1342390 1282.7
1342400 1282.7
1342410 1286.6
1342420 1289.7
1342430 1289.7
1342440 1295.1
1342450 1300.9
1342460 1300.9
1342470 1306.4
1342480 1312.2
1342490 1312.2
1342500 1317.8
1342510 1323.2
1342520 1323.2
1342530 1329.8
1342540 1336.8
1342550 1336.8
1342560 1344.0
1342570 1350.9
1342580 1350.9
1342590 1358.3
1342600 1365.6
1342610 1366.3
1342620 1374.1
1342630 1381.1
1342640 1381.1
1342650 1387.9
1342660 1394.5
1342670 1394.5
1342680 1401.0
1342690 1407.3
1342700 1413.8
1342710 1413.8
1342720 1420.9
1342730 1427.9
1342740 1427.9
1342750 1435.1
1342760 1441.1
1342770 1441.1
1342780 1448.2
1342790 1456.0
1342800 1456.0
1342810 1462.9
1342820 1468.5
1342830 1468.5
1342840 1473.3
1342850 1477.7
1342860 1477.7
1342870 1483.3
1342880 1489.5
1342890 1489.5
1342900 1495.1
1342910 1497.3
1342920 1497.3
1342930 1498.7
1342940 1500.5
1342950 1500.5
1342960 1501.7
1342970 1504.2
1342980 1504.2
1342990 1507.6
1343000 1510.8
1343010 1513.2
1343020 1513.2
1343030 1513.7
1343040 1514.1
1343050 1514.1
1343060 1515.7
1343070 1516.9
1343080 1516.9
1343090 1518.1
1343100 1519.9
1343110 1519.9
1343120 1522.0
1343130 1526.4
1343140 1526.4
1343150 1531.1
1343160 1535.4
1343170 1535.4
1343180 1538.9
1343190 1542.1
1343200 1542.1
1343210 1545.5
1343220 1548.5
1343230 1548.5
1343240 1549.4
1343250 1551.4
1343260 1551.4
1343270 1554.8
1343280 1558.1
1343290 1561.8
1343300 1561.8
1343310 1565.8
1343320 1568.9
1343330 1568.9
1343340 1572.1
1343350 1575.2
1343360 1575.2
1343370 1578.6
1343380 1583.3
1343390 1583.3
1343400 1585.8
1343410 1588.3
1343420 1588.3
1343430 1592.7
1343440 1595.9
1343450 1595.9
1343460 1600.2
1343470 1607.3
1343480 1607.3
1343490 1616.4
1343500 1623.4
1343510 1631.0
1343520 1638.1
1343530 1643.4
1343540 1643.4
1343550 1644.3
1343560 1641.0
1343570 1641.0
1343580 1639.1
1343590 1637.8
1343600 1635.8
1343610 1635.8
1343620 1634.1
1343630 1631.2
1343640 1631.2
1343650 1628.4
1343660 1625.0
1343670 1625.0
1343680 1623.2
1343690 1619.2
1343700 1619.2
1343710 1615.5
1343720 1614.3
1343730 1614.3
1343740 1611.5
1343750 1608.2
1343760 1608.2
1343770 1606.8
1343780 1604.6
1343790 1604.6
1343800 1599.6
1343810 1595.7
1343820 1595.7
1343830 1591.2
1343840 1587.2
1343850 1587.2
1343860 1583.4
1343870 1579.0
1343880 1579.0
1343890 1573.7
1343900 1572.9
1343910 1573.7
1343920 1573.7
1343930 1571.4
1343940 1568.6
1343950 1568.6
1343960 1567.7
1343970 1568.1
1343980 1568.1
1343990 1568.0
1344000 1565.9
1344010 1565.9
1344020 1563.2
1344030 1562.4
1344040 1562.4
1344050 1559.6
1344060 1557.9
1344070 1557.9
1344080 1558.3
1344090 1556.6
1344100 1556.6
1344110 1553.8
1344120 1553.3
1344130 1553.3
1344140 1553.8
1344150 1553.9
1344160 1553.9
1344170 1552.1
1344180 1550.3
1344190 1550.3
1344200 1548.8
1344210 1548.4
1344220 1547.6
1344230 1547.6
1344240 1547.7
1344250 1546.3
1344260 1546.3
1344270 1542.9
1344280 1541.3
1344290 1541.3
1344300 1538.0
1344310 1534.7
1344320 1534.7
1344330 1531.7
1344340 1528.8
1344350 1528.8
1344360 1527.6
1344370 1528.7
1344380 1528.7
1344390 1531.6
1344400 1530.0
1344410 1530.0
1344420 1531.9
1344430 1529.9
1344440 1529.9
1344450 1527.2
1344460 1526.6
1344470 1526.6
1344480 1527.3
1344490 1529.7
1344500 1531.4
1344510 1531.4
1344520 1531.7
1344530 1530.0
1344540 1530.0
1344550 1526.9
1344560 1524.8
1344570 1524.8
1344580 1522.5
1344590 1518.9
1344600 1518.9
1344610 1514.6
1344620 1510.5
1344630 1510.5
1344640 1504.8
1344650 1500.0
1344660 1500.0
1344670 1493.3
1344680 1486.5
1344690 1486.5
1344700 1482.4
1344710 1478.0
1344720 1478.0
1344730 1468.6
1344740 1459.8
1344750 1459.8
1344760 1454.4
1344770 1451.9
1344780 1451.9
1344790 1449.8
1344800 1448.9
1344810 1447.5
1344820 1447.5
1344830 1444.5
1344840 1440.6
1344850 1440.6
1344860 1435.5
1344870 1429.8
1344880 1429.8
1344890 1423.0
1344900 1415.5
1344910 1415.5
1344920 1407.9
1344930 1401.1
1344940 1401.1
1344950 1396.6
1344960 1392.3
1344970 1392.3
1344980 1387.1
1344990 1383.9
1345000 1383.9
1345010 1380.7
1345020 1377.6
1345030 1377.6
1345040 1374.6
1345050 1372.0
1345060 1372.0
1345070 1370.3
1345080 1367.7
1345090 1367.7
1345100 1364.2
1345110 1360.9
1345120 1357.5
1345130 1357.5
1345140 1355.0
1345150 1353.5
1345160 1353.5
1345170 1351.1
1345180 1348.8
1345190 1348.8
1345200 1346.6
1345210 1343.9
1345220 1343.9
1345230 1341.0
1345240 1337.6
1345250 1337.6
1345260 1334.2
1345270 1331.0
1345280 1331.0
1345290 1328.6
1345300 1325.9
1345310 1325.9
1345320 1322.1
1345330 1320.6
1345340 1320.6
1345350 1318.9
1345360 1318.0
1345370 1318.0
1345380 1316.0
1345390 1313.3
1345400 1313.3
1345410 1311.5
1345420 1309.3
1345430 1306.4
1345440 1306.4
1345450 1303.5
1345460 1301.1
1345470 1301.1
1345480 1296.6
1345490 1293.2
1345500 1293.2
1345510 1290.9
1345520 1287.5
1345530 1287.5
1345540 1283.6
1345550 1279.8
1345560 1279.8
1345570 1275.7
1345580 1271.1
1345590 1271.1
1345600 1265.5
1345610 1260.1
1345620 1260.1
1345630 1255.4
1345640 1249.6
1345650 1249.6
1345660 1243.8
1345670 1238.8
1345680 1238.8
1345690 1233.0
1345700 1225.1
1345710 1219.5
1345720 1219.5
1345730 1215.4
1345740 1211.4
1345750 1211.4
1345760 1206.8
1345770 1202.1
1345780 1202.1
1345790 1198.4
1345800 1193.6
1345810 1193.6
1345820 1188.8
1345830 1183.5
1345840 1183.5
1345850 1179.1
1345860 1175.3
1345870 1175.3
1345880 1171.7
1345890 1167.5
1345900 1167.5
1345910 1162.6
1345920 1157.0
1345930 1157.0
1345940 1152.3
1345950 1147.1
1345960 1147.1
1345970 1140.3
1345980 1134.9
1345990 1134.9
1346000 1129.6
1346010 1123.7
1346020 1118.3
1346030 1118.3
1346040 1114.0
1346050 1110.0
1346060 1110.0
1346070 1106.2
1346080 1102.7
1346090 1102.7
1346100 1099.1
1346110 1095.8
1346120 1095.8
1346130 1092.6
1346140 1089.8
1346150 1089.8
1346160 1087.4
1346170 1084.6
1346180 1084.6
1346190 1081.7
1346200 1078.2
1346210 1078.2
1346220 1073.5
1346230 1068.0
1346240 1068.0
1346250 1061.9
1346260 1060.1
1346270 1060.1
1346280 1059.1
1346290 1058.1
1346300 1058.1
1346310 1056.7
1346320 1052.2
1346330 1044.2
1346340 1044.2
1346350 1035.5
1346360 1026.7
1346370 1026.7
1346380 1021.0
1346390 1019.0
1346400 1019.0
1346410 1018.5
1346420 1022.3
1346430 1022.3
1346440 1027.1
1346450 1028.6
1346460 1028.6
1346470 1033.0
1346480 1038.7
1346490 1038.7
1346500 1043.7
1346510 1046.2
1346520 1046.2
1346530 1048.5
1346540 1048.9
1346550 1048.9
1346560 1047.8
1346570 1046.7
1346580 1046.7
1346590 1045.7
1346600 1044.8
1346610 1044.8
1346620 1044.0
1346630 1042.6
1346640 1041.1
1346650 1041.1
1346660 1041.4
1346670 1041.4
1346680 1041.4
1346690 1040.8
1346700 1038.5
1346710 1038.5
1346720 1038.2
1346730 1034.8
1346740 1034.8
1346750 1033.9
1346760 1034.1
1346770 1034.1
1346780 1036.2
1346790 1037.9
1346800 1037.9
1346810 1037.0
1346820 1034.6
1346830 1034.6
1346840 1033.1
1346850 1033.4
1346860 1033.4
1346870 1033.8
1346880 1034.7
1346890 1034.7
1346900 1036.1
1346910 1037.2
1346920 1038.0
1346930 1038.0
1346940 1038.0
1346950 1037.2
1346960 1037.2
1346970 1039.1
1346980 1041.2
1346990 1041.2
1347000 1043.4
1347010 1045.7
1347020 1045.7
1347030 1047.0
1347040 1048.2
1347050 1048.2
1347060 1049.7
1347070 1051.2
1347080 1051.2
1347090 1052.1
1347100 1051.8
1347110 1051.8
1347120 1052.8
1347130 1053.9
1347140 1053.9
1347150 1054.8
1347160 1056.0
1347170 1056.0
1347180 1058.7
1347190 1059.0
1347200 1059.0
1347210 1061.3
1347220 1063.1
1347230 1064.9
1347240 1064.9
1347250 1066.3
1347260 1066.3
1347270 1066.3
1347280 1064.4
1347290 1063.1
1347300 1063.1
1347310 1067.6
1347320 1073.2
1347330 1073.2
1347340 1078.9
1347350 1083.6
1347360 1083.6
1347370 1085.8
1347380 1088.2
1347390 1088.2
1347400 1091.0
1347410 1093.7
1347420 1093.7
1347430 1097.0
1347440 1100.6
1347450 1100.6
1347460 1105.6
1347470 1111.2
1347480 1111.2
1347490 1115.5
1347500 1119.1
1347510 1119.1
1347520 1122.1
1347530 1125.1
1347540 1128.1
1347550 1128.1
1347560 1131.5
1347570 1134.1
1347580 1134.1
1347590 1136.8
1347600 1140.0
1347610 1140.0
1347620 1143.1
1347630 1146.0
1347640 1146.0
1347650 1149.1
1347660 1152.2
1347670 1152.2
1347680 1155.3
1347690 1158.3
1347700 1158.3
1347710 1161.0
1347720 1164.0
1347730 1164.0
1347740 1166.6
1347750 1169.6
1347760 1169.6
1347770 1173.8
1347780 1177.2
1347790 1177.2
1347800 1180.4
1347810 1184.1
1347820 1186.9
1347830 1186.9
1347840 1189.0
1347850 1190.9
1347860 1190.9
1347870 1192.8
1347880 1194.9
1347890 1194.9
1347900 1197.4
1347910 1200.2
1347920 1200.2
1347930 1202.8
1347940 1205.0
1347950 1205.0
1347960 1207.1
1347970 1209.3
1347980 1209.3
1347990 1211.7
1348000 1214.2
1348010 1214.2
1348020 1217.0
1348030 1219.4
1348040 1219.4
1348050 1221.4
1348060 1223.1
1348070 1223.1
1348080 1225.0
1348090 1227.4
1348100 1227.4
1348110 1232.9
1348120 1234.3
1348130 1235.3
1348140 1235.3
1348150 1236.4
1348160 1237.3
1348170 1237.3
1348180 1237.9
1348190 1238.2
1348200 1238.2
1348210 1238.1
1348220 1238.0
1348230 1238.0
1348240 1237.4
1348250 1236.6
1348260 1236.6
1348270 1236.2
1348280 1235.4
1348290 1235.4
1348300 1234.0
1348310 1233.9
1348320 1233.9
1348330 1234.0
1348340 1234.0
1348350 1234.0
1348360 1233.4
1348370 1232.6
1348380 1232.6
1348390 1231.9
1348400 1231.6
1348410 1231.6
1348420 1230.8
1348430 1229.7
1348440 1228.5
1348450 1228.5
1348460 1227.3
1348470 1225.2
1348480 1225.2
1348490 1223.7
1348500 1222.0
1348510 1222.0
1348520 1219.5
1348530 1216.8
1348540 1216.8
1348550 1214.3
1348560 1211.1
1348570 1211.1
1348580 1206.9
1348590 1201.2
1348600 1201.2
1348610 1194.8
1348620 1188.5
1348630 1188.5
1348640 1182.5
1348650 1178.3
1348660 1178.3
1348670 1174.6
1348680 1171.5
1348690 1171.5
1348700 1168.9
1348710 1166.4
1348720 1166.4
1348730 1163.0
1348740 1160.2
1348750 1157.7
1348760 1157.7
1348770 1154.9
1348780 1151.8
1348790 1151.8
1348800 1148.3
1348810 1144.8
1348820 1144.8
1348830 1141.4
1348840 1137.6
1348850 1137.6
1348860 1134.5
1348870 1131.6
1348880 1131.6
1348890 1129.0
1348900 1127.5
1348910 1127.5
1348920 1124.9
1348930 1122.5
1348940 1122.5
1348950 1120.3
1348960 1118.3
1348970 1118.3
1348980 1115.8
1348990 1113.2
1349000 1113.2
1349010 1110.6
1349020 1107.4
1349030 1104.8
1349040 1104.8
1349050 1105.4
1349060 1102.3
1349070 1102.3
1349080 1099.0
1349090 1095.4
1349100 1095.4
1349110 1092.9
1349120 1090.8
1349130 1090.8
1349140 1088.4
1349150 1084.7
1349160 1084.7
1349170 1081.1
1349180 1076.9
1349190 1076.9
1349200 1072.1
1349210 1066.9
1349220 1066.9
1349230 1063.2
1349240 1059.7
1349250 1059.7
1349260 1055.6
1349270 1052.1
1349280 1052.1
1349290 1049.4
1349300 1046.3
1349310 1046.3
1349320 1044.6
1349330 1043.4
1349340 1041.0
1349350 1041.0
1349360 1038.4
1349370 1036.1
1349380 1036.1
1349390 1033.9
1349400 1031.3
1349410 1031.3
1349420 1028.4
1349430 1025.1
1349440 1025.1
1349450 1021.2
1349460 1016.8
1349470 1016.8
1349480 1012.4
1349490 1008.0
1349500 1008.0
1349510 1003.3
1349520 998.5
1349530 998.5
1349540 993.9
1349550 988.6
1349560 988.6
1349570 983.8
1349580 979.8
1349590 979.8
1349600 977.0
1349610 974.1
1349620 974.1
1349630 971.4
1349640 968.4
1349650 965.1
1349660 965.1
1349670 961.7
1349680 958.3
1349690 958.3
1349700 955.5
1349710 952.8
1349720 952.8
1349730 950.0
1349740 947.3
1349750 947.3
1349760 945.7
1349770 944.8
1349780 944.8
1349790 942.1
1349800 938.6
1349810 938.6
1349820 937.2
1349830 935.5
1349840 935.5
1349850 933.4
1349860 931.6
1349870 931.6
1349880 929.3
1349890 926.0
1349900 926.0
1349910 922.9
1349920 920.2
1349930 920.2
1349940 918.0
1349950 915.1
1349960 911.5
1349970 911.5
1349980 908.5
1349990 905.7
1350000 906.8
1350010 904.6
1350020 902.7
1350030 902.7
1350040 901.0
1350050 899.4
1350060 899.4
1350070 898.0
1350080 896.9
1350090 896.9
1350100 896.2
1350110 895.6
1350120 895.6
1350130 895.1
1350140 894.6
1350150 894.6
1350160 894.3
1350170 894.1
1350180 894.1
1350190 893.8
1350200 893.5
1350210 893.5
1350220 893.4
1350230 893.6
1350240 893.0
1350250 893.0
1350260 887.8
1350270 880.3
1350280 880.3
1350290 873.7
1350300 867.7
1350310 867.7
1350320 863.4
1350330 859.2
1350340 859.2
1350350 856.5
1350360 852.9
1350370 852.9
1350380 849.2
1350390 844.0
1350400 844.0
1350410 839.8
1350420 836.2
1350430 836.2
1350440 832.1
1350450 828.7
1350460 828.7
1350470 825.8
1350480 822.3
1350490 822.3
1350500 819.2
1350510 815.8
1350520 815.8
1350530 811.8
1350540 806.4
1350550 798.9
1350560 798.9
1350570 791.8
1350580 787.5
1350590 787.5
1350600 784.3
1350610 780.7
1350620 780.7
1350630 775.7
1350640 769.2
1350650 769.2
1350660 761.4
1350670 754.4
1350680 754.4
1350690 748.7
1350700 743.3
1350710 743.3
1350720 738.2
1350730 732.7
1350740 732.7
1350750 729.1
1350760 726.6
1350770 726.6
1350780 724.9
1350790 723.0
1350800 723.0
1350810 718.0
1350820 712.3
1350830 712.3
1350840 709.5
1350850 707.6
1350860 704.5
1350870 704.5
1350880 703.8
1350890 704.9
1350900 704.9
1350910 707.0
1350920 710.1
1350930 710.1
1350940 714.0
1350950 718.8
1350960 718.8
1350970 722.6
1350980 725.9
1350990 725.9
1351000 729.7
1351010 733.9
1351020 733.9
1351030 737.8
1351040 742.0
1351050 742.0
1351060 746.9
1351070 751.8
1351080 751.8
1351090 756.7
1351100 762.1
1351110 762.1
1351120 768.9
1351130 775.3
1351140 779.4
1351150 779.4
1351160 782.6
1351170 786.1
1351180 786.1
1351190 789.5
1351200 793.3
1351210 793.3
1351220 796.7
1351230 798.9
1351240 798.9
1351250 801.5
1351260 803.6
1351270 803.6
1351280 805.4
1351290 807.9
1351300 807.9
1351310 810.4
1351320 812.7
1351330 812.7
1351340 816.4
1351350 820.6
1351360 820.6
1351370 824.0
1351380 828.4
1351390 828.4
1351400 833.2
1351410 837.8
1351420 837.8
1351430 842.5
1351440 847.7
1351450 854.0
1351460 854.0
1351470 859.7
1351480 861.2
1351490 861.2
1351500 862.5
1351510 867.6
1351520 867.6
1351530 871.3
1351540 874.9
1351550 874.9
1351560 878.4
1351570 880.8
1351580 880.8
1351590 883.6
1351600 886.5
1351610 886.5
1351620 889.4
1351630 893.4
1351640 893.4
1351650 896.3
1351660 899.0
1351670 899.0
1351680 905.0
1351690 911.4
1351700 911.4
1351710 916.5
1351720 922.3
1351730 922.3
1351740 927.3
1351750 931.1
1351760 934.9
1351770 934.9
1351780 939.1
1351790 943.2
1351800 943.2
1351810 947.4
1351820 951.4
1351830 951.4
1351840 955.5
1351850 960.0
1351860 960.0
1351870 963.5
1351880 967.1
1351890 967.1
1351900 970.5
1351910 974.6
1351920 974.6
1351930 978.4
1351940 983.2
1351950 983.2
1351960 988.3
1351970 994.1
1351980 994.1
1351990 1000.5
1352000 1004.0
1352010 1004.0
1352020 1008.0
1352030 1012.6
1352040 1012.6
1352050 1015.8
1352060 1018.3
1352070 1020.9
1352080 1020.9
1352090 1024.8
1352100 1029.4
1352110 1029.4
1352120 1033.6
1352130 1037.3
1352140 1037.3
1352150 1039.8
1352160 1042.5
1352170 1042.5
1352180 1046.8
1352190 1050.9
1352200 1050.9
1352210 1056.3
1352220 1061.8
1352230 1061.8
1352240 1067.0
1352250 1072.3
1352260 1072.3
1352270 1077.1
1352280 1081.4
1352290 1081.4
1352300 1085.5
1352310 1089.5
1352320 1089.5
1352330 1093.1
1352340 1097.1
1352350 1101.5
1352360 1101.5
1352370 1106.2
1352380 1110.1
1352390 1110.1
1352400 1113.6
1352410 1117.3
1352420 1117.3
1352430 1119.7
1352440 1122.1
1352450 1122.1
1352460 1124.3
1352470 1125.3
1352480 1125.3
1352490 1126.2
1352500 1128.7
1352510 1128.7
1352520 1131.3
1352530 1133.4
1352540 1133.4
1352550 1134.2
1352560 1134.6
1352570 1134.6
1352580 1134.5
1352590 1135.3
1352600 1135.3
1352610 1138.5
1352620 1143.3
1352630 1143.3
1352640 1150.1
1352650 1157.9
1352660 1164.7
1352670 1164.7
1352680 1170.0
1352690 1175.5
1352700 1175.5
1352710 1181.4
1352720 1185.0
1352730 1185.0
1352740 1186.5
1352750 1189.5
1352760 1189.5
1352770 1192.7
1352780 1196.4
1352790 1196.4
1352800 1198.4
1352810 1199.4
1352820 1199.4
1352830 1202.2
1352840 1206.0
1352850 1206.0
1352860 1209.4
1352870 1210.2
1352880 1210.2
1352890 1214.0
1352900 1218.0
1352910 1218.0
1352920 1221.8
1352930 1225.7
1352940 1225.7
1352950 1228.4
1352960 1232.1
1352970 1236.1
1352980 1236.1
1352990 1238.5
1353000 1240.3
1353010 1240.3
1353020 1244.6
1353030 1250.1
1353040 1250.1
1353050 1255.0
1353060 1260.0
1353070 1260.0
1353080 1265.4
1353090 1268.4
1353100 1268.4
1353110 1268.7
1353120 1269.9
1353130 1269.9
1353140 1272.0
1353150 1274.3
1353160 1274.3
1353170 1276.2
1353180 1278.4
1353190 1278.4
1353200 1282.7
1353210 1286.9
1353220 1286.9
1353230 1291.2
1353240 1295.0
1353250 1299.0
1353260 1299.0
1353270 1304.1
1353280 1309.5
1353290 1309.5
1353300 1313.1
1353310 1315.6
1353320 1315.6
1353330 1321.1
1353340 1326.1
1353350 1326.1
1353360 1329.2
1353370 1331.1
1353380 1331.1
1353390 1333.5
1353400 1336.2
1353410 1336.2
1353420 1339.6
1353430 1343.8
1353440 1343.8
1353450 1349.1
1353460 1356.3
1353470 1356.3
1353480 1364.7
1353490 1374.2
1353500 1374.2
1353510 1386.4
1353520 1397.2
1353530 1397.2
1353540 1403.6
1353550 1408.5
1353560 1412.5
1353570 1412.5
1353580 1416.5
1353590 1421.5
1353600 1421.5
1353610 1426.5
1353620 1430.6
1353630 1430.6
1353640 1434.5
1353650 1439.2
1353660 1439.2
1353670 1443.7
1353680 1448.8
1353690 1448.8
1353700 1452.2
1353710 1455.5
1353720 1455.5
1353730 1457.3
1353740 1457.9
1353750 1457.9
1353760 1457.8
1353770 1457.2
1353780 1457.2
1353790 1457.2
1353800 1456.3
1353810 1456.3
1353820 1453.0
1353830 1448.5
1353840 1452.2
1353850 1447.8
1353860 1444.4
1353870 1442.2
1353880 1442.2
1353890 1440.7
1353900 1439.8
1353910 1439.8
1353920 1439.2
1353930 1438.1
1353940 1438.1
1353950 1438.4
1353960 1439.0
1353970 1439.0
1353980 1439.5
1353990 1439.5
1354000 1439.5
1354010 1439.5
1354020 1439.5
1354030 1439.5
1354040 1438.0
1354050 1435.7
1354060 1435.7
1354070 1435.1
1354080 1434.7
1354090 1434.7
1354100 1433.7
1354110 1432.3
1354120 1432.3
1354130 1430.4
1354140 1428.0
1354150 1428.0
1354160 1427.3
1354170 1427.5
1354180 1428.0
1354190 1428.0
1354200 1428.4
1354210 1428.8
1354220 1428.8
1354230 1427.9
1354240 1427.4
1354250 1427.4
1354260 1424.9
1354270 1420.1
1354280 1420.1
1354290 1417.6
1354300 1416.5
1354310 1416.5
1354320 1414.7
1354330 1412.6
1354340 1412.6
1354350 1410.2
1354360 1407.3
1354370 1407.3
1354380 1403.4
1354390 1399.0
1354400 1399.0
1354410 1396.6
1354420 1395.1
1354430 1395.1
1354440 1392.6
1354450 1387.9
1354460 1382.4
1354470 1382.4
1354480 1377.8
1354490 1373.4
1354500 1373.4
1354510 1370.3
1354520 1367.3
1354530 1367.3
1354540 1364.8
1354550 1361.6
1354560 1361.6
1354570 1356.8
1354580 1351.5
1354590 1351.5
1354600 1346.4
1354610 1341.3
1354620 1341.3
1354630 1337.8
1354640 1334.3
1354650 1334.3
1354660 1329.8
1354670 1326.5
1354680 1326.5
1354690 1323.4
1354700 1320.6
1354710 1320.6
1354720 1317.8
1354730 1314.7
1354740 1314.7
1354750 1311.6
1354760 1308.3
1354770 1305.3
1354780 1305.3
1354790 1302.1
1354800 1299.1
1354810 1299.1
1354820 1294.7
1354830 1293.9
1354840 1293.9
1354850 1293.0
1354860 1291.6
1354870 1291.6
1354880 1290.2
1354890 1288.7
1354900 1288.7
1354910 1286.6
1354920 1283.7
1354930 1283.7
1354940 1279.8
1354950 1276.3
1354960 1276.3
1354970 1272.4
1354980 1267.4
1354990 1267.4
1355000 1262.1
1355010 1258.1
1355020 1258.1
1355030 1253.6
1355040 1250.2
1355050 1250.2
1355060 1247.2
1355070 1245.0
1355080 1242.8
1355090 1242.8
1355100 1240.8
1355110 1238.1
1355120 1238.1
1355130 1235.6
1355140 1233.0
1355150 1233.0
1355160 1230.1
1355170 1226.8
1355180 1226.8
1355190 1224.0
1355200 1220.6
1355210 1220.6
1355220 1216.2
1355230 1211.9
1355240 1211.9
1355250 1207.0
1355260 1202.1
1355270 1202.1
1355280 1197.8
1355290 1193.2
1355300 1193.2
1355310 1189.3
1355320 1186.6
1355330 1186.6
1355340 1185.3
1355350 1182.3
1355360 1182.3
1355370 1179.8
1355380 1176.8
1355390 1173.1
1355400 1173.1
1355410 1169.2
1355420 1164.7
1355430 1164.7
1355440 1160.1
1355450 1156.6
1355460 1156.6
1355470 1153.0
1355480 1149.5
1355490 1149.5
1355500 1145.8
1355510 1141.3
1355520 1141.3
1355530 1137.4
1355540 1133.5
1355550 1133.5
1355560 1130.6
1355570 1127.5
1355580 1127.5
1355590 1123.8
1355600 1120.2
1355610 1120.2
1355620 1116.8
1355630 1113.5
1355640 1113.5
1355650 1111.0
1355660 1108.9
1355670 1106.9
1355680 1106.9
1355690 1104.8
1355700 1102.5
1355710 1102.5
1355720 1099.1
1355730 1095.2
1355740 1095.2
1355750 1090.5
1355760 1086.5
1355770 1086.5
1355780 1081.0
1355790 1075.5
1355800 1075.5
1355810 1070.8
1355820 1067.6
1355830 1067.6
1355840 1063.6
1355850 1058.9
1355860 1058.9
1355870 1054.4
1355880 1050.4
1355890 1050.4
1355900 1046.9
1355910 1043.6
1355920 1043.6
1355930 1039.9
1355940 1036.1
1355950 1036.1
1355960 1032.5
1355970 1030.7
1355980 1029.2
1355990 1029.2
1356000 1027.4
1356010 1025.9
1356020 1025.9
1356030 1024.3
1356040 1023.3
1356050 1023.3
1356060 1022.8
1356070 1022.5
1356080 1022.5
1356090 1021.3
1356100 1018.7
1356110 1018.7
1356120 1016.2
1356130 1014.1
1356140 1014.1
1356150 1010.9
1356160 1007.7
1356170 1007.7
1356180 1003.9
1356190 999.6
1356200 999.6
1356210 995.5
1356220 992.0
1356230 992.0
1356240 989.0
1356250 985.4
1356260 985.4
1356270 982.5
1356280 979.5
1356290 976.2
1356300 976.2
1356310 972.7
1356320 969.4
1356330 969.4
1356340 966.3
1356350 963.3
1356360 963.3
1356370 960.1
1356380 956.3
1356390 956.3
1356400 952.6
1356410 948.9
1356420 948.9
1356430 945.3
1356440 942.1
1356450 942.1
1356460 940.2
1356470 941.2
1356480 941.2
1356490 944.1
1356500 946.2
1356510 946.2
1356520 947.2
1356530 946.9
1356540 946.9
1356550 946.1
1356560 944.7
1356570 941.8
1356580 941.8
1356590 937.8
1356600 934.5
1356610 934.5
1356620 930.7
1356630 928.1
1356640 928.1
1356650 925.2
1356660 922.2
1356670 922.2
1356680 917.9
1356690 914.3
1356700 914.3
1356710 910.9
1356720 907.8
1356730 907.8
1356740 904.1
1356750 900.0
1356760 900.0
1356770 895.8
1356780 893.7
1356790 893.7
1356800 892.5
1356810 890.3
1356820 890.3
1356830 888.5
1356840 886.4
1356850 886.4
1356860 884.6
1356870 882.3
1356880 881.7
1356890 881.7
1356900 881.1
1356910 880.7
1356920 880.7
1356930 880.8
1356940 879.3
1356950 879.3
1356960 878.8
1356970 878.1
1356980 878.1
1356990 875.1
1357000 870.9
1357010 870.9
1357020 867.9
1357030 864.6
1357040 864.6
1357050 860.9
1357060 857.2
1357070 857.2
1357080 853.6
1357090 851.8
1357100 851.8
1357110 850.1
1357120 849.3
1357130 849.3
1357140 849.2
1357150 847.9
1357160 847.9
1357170 845.5
1357180 841.7
1357190 834.8
1357200 834.8
1357210 829.6
1357220 825.4
1357230 825.4
1357240 820.1
1357250 814.3
1357260 814.3
1357270 808.1
1357280 802.1
1357290 802.1
1357300 799.0
1357310 797.2
1357320 797.2
1357330 799.1
1357340 805.7
1357350 805.7
1357360 811.0
1357370 814.3
1357380 814.3
1357390 813.6
1357400 807.5
1357410 807.5
1357420 802.8
1357430 799.8
1357440 799.8
1357450 797.7
1357460 794.3
1357470 794.3
1357480 791.0
1357490 787.7
1357500 785.0
1357510 785.0
1357520 782.1
1357530 778.8
1357540 778.8
1357550 775.8
1357560 772.2
1357570 772.2
1357580 767.7
1357590 763.6
1357600 763.6
1357610 760.1
1357620 755.2
1357630 755.2
1357640 748.5
1357650 742.1
1357660 742.1
1357670 738.5
1357680 736.3
1357690 736.3
1357700 737.0
1357710 738.1
1357720 738.1
1357730 737.9
1357740 738.4
1357750 738.4
1357760 740.4
1357770 744.0
1357780 748.7
1357790 748.7
1357800 754.9
1357810 764.4
1357820 764.4
1357830 770.7
1357840 775.5
1357850 775.5
1357860 780.2
1357870 784.0
1357880 784.0
1357890 787.1
1357900 790.8
1357910 790.8
1357920 795.1
1357930 799.5
1357940 799.5
1357950 802.7
1357960 799.5
1357970 799.5
1357980 791.7
1357990 785.7
1358000 785.7
1358010 781.7
1358020 779.8
1358030 779.8
1358040 777.7
1358050 775.2
1358060 775.2
1358070 773.7
1358080 772.0
1358090 770.9
1358100 770.9
1358110 771.1
1358120 767.7
1358130 767.7
1358140 762.4
1358150 754.5
1358160 754.5
1358170 746.6
1358180 747.3
1358190 747.3
1358200 750.0
1358210 750.6
1358220 750.6
1358230 748.5
1358240 746.2
1358250 746.2
1358260 747.0
1358270 745.8
1358280 745.8
1358290 742.3
1358300 744.7
1358310 744.7
1358320 749.4
1358330 753.6
1358340 753.6
1358350 756.1
1358360 753.8
1358370 753.8
1358380 757.5
1358390 762.5
1358400 763.6
1358410 763.6
1358420 767.7
1358430 773.4
1358440 773.4
1358450 771.8
1358460 766.0
1358470 766.0
1358480 759.7
1358490 753.9
1358500 753.9
1358510 750.2
1358520 747.3
1358530 747.3
1358540 745.0
1358550 744.7
1358560 744.7
1358570 744.4
1358580 742.9
1358590 742.9
1358600 739.5
1358610 734.3
1358620 734.3
1358630 730.1
1358640 727.4
1358650 727.4
1358660 724.4
1358670 720.5
1358680 720.5
1358690 719.9
1358700 720.3
1358710 721.6
1358720 721.6
1358730 722.0
1358740 723.9
1358750 723.9
1358760 729.2
1358770 735.0
1358780 735.0
1358790 738.7
1358800 742.1
1358810 742.1
1358820 744.2
1358830 747.1
1358840 747.1
1358850 750.6
1358860 753.8
1358870 753.8
1358880 757.7
1358890 761.8
1358900 761.8
1358910 764.5
1358920 768.2
1358930 768.2
1358940 773.8
1358950 779.3
1358960 779.3
1358970 785.7
1358980 791.8
1358990 796.8
1359000 796.8
1359010 800.9
1359020 804.2
1359030 804.2
1359040 806.9
1359050 812.6
1359060 812.6
1359070 817.7
1359080 824.3
1359090 824.3
1359100 831.0
1359110 838.2
1359120 838.2
1359130 843.9
1359140 847.6
1359150 847.6
1359160 851.1
1359170 854.4
1359180 854.4
1359190 857.6
1359200 860.5
1359210 860.5
1359220 863.0
1359230 865.7
1359240 865.7
1359250 868.5
1359260 871.2
1359270 871.2
1359280 873.9
1359290 876.6
1359300 879.7
1359310 879.7
1359320 882.8
1359330 885.5
1359340 885.5
1359350 888.2
1359360 890.7
1359370 890.7
1359380 893.4
1359390 895.4
1359400 895.4
1359410 897.9
1359420 900.7
1359430 900.7
1359440 901.8
1359450 902.4
1359460 902.4
1359470 903.8
1359480 904.6
1359490 904.6
1359500 905.0
1359510 906.1
1359520 906.1
1359530 907.3
1359540 908.6
1359550 908.6
1359560 910.0
1359570 911.9
1359580 911.9
1359590 914.0
1359600 916.1
1359610 918.4
1359620 918.4
1359630 920.4
1359640 922.3
1359650 922.3
1359660 924.3
1359670 926.8
1359680 926.8
1359690 929.3
1359700 931.9
1359710 931.9
1359720 934.6
1359730 937.0
1359740 937.0
1359750 938.4
1359760 939.5
1359770 939.5
1359780 941.1
1359790 943.2
1359800 943.2
1359810 944.4
1359820 945.8
1359830 945.8
1359840 948.4
1359850 949.8
1359860 949.8
1359870 951.3
1359880 952.4
1359890 953.5
1359900 953.5
1359910 954.8
1359920 956.2
1359930 956.2
1359940 957.3
1359950 959.0
1359960 959.0
1359970 961.1
1359980 963.5
1359990 963.5
