1340000 882.5
1340010 883.2
1340020 883.8
1340030 883.8
1340040 884.4
1340050 884.7
1340060 884.7
1340070 885.3
1340080 885.7
1340090 885.7
1340100 886.1
1340110 886.2
1340120 886.2
1340130 886.8
1340140 888.7
1340150 888.7
1340160 891.2
1340170 894.0
1340180 894.0
1340190 897.6
1340200 900.7
1340210 900.7
1340220 903.1
1340230 905.4
1340240 905.4
1340250 908.3
1340260 911.1
1340270 912.9
1340280 912.9
1340290 914.3
1340300 915.7
1340310 915.7
1340320 917.2
1340330 918.4
1340340 918.4
1340350 919.4
1340360 920.4
1340370 920.4
1340380 921.3
1340390 922.0
1340400 922.0
1340410 922.6
1340420 923.1
1340430 923.1
1340440 923.7
1340450 924.1
1340460 924.1
1340470 924.5
1340480 924.8
1340490 924.8
1340500 925.2
1340510 925.8
1340520 925.8
1340530 926.6
1340540 927.0
1340550 927.0
1340560 927.4
1340570 928.1
1340580 928.8
1340590 928.8
1340600 929.6
1340610 930.4
1340620 930.4
1340630 931.4
1340640 932.5
1340650 932.5
1340660 933.7
1340670 935.1
1340680 935.1
1340690 936.6
1340700 938.2
1340710 938.2
1340720 940.1
1340730 942.0
1340740 942.0
1340750 944.2
1340760 946.5
1340770 946.5
1340780 948.9
1340790 951.0
1340800 951.0
1340810 953.3
1340820 956.1
1340830 956.1
1340840 959.0
1340850 962.0
1340860 962.0
1340870 965.6
1340880 969.5
1340890 973.9
1340900 973.9
1340910 978.8
1340920 984.1
1340930 984.1
1340940 988.6
1340950 993.4
1340960 993.4
1340970 999.4
1340980 1006.5
1340990 1006.5
1341000 1013.3
1341010 1020.3
1341020 1020.3
1341030 1027.3
1341040 1033.9
1341050 1033.9
1341060 1039.5
1341070 1046.2
1341080 1046.2
1341090 1053.4
1341100 1062.1
1341110 1062.1
1341120 1070.3
1341130 1079.3
1341140 1079.3
1341150 1086.4
1341160 1089.7
1341170 1089.7
1341180 1094.4
1341190 1099.7
1341200 1103.8
1341210 1103.8
1341220 1109.0
1341230 1113.7
1341240 1113.7
1341250 1117.5
1341260 1121.2
1341270 1121.2
1341280 1125.5
1341290 1129.7
1341300 1129.7
1341310 1134.7
1341320 1139.8
1341330 1139.8
1341340 1144.6
1341350 1148.6
1341360 1148.6
1341370 1152.3
1341380 1156.3
1341390 1156.3
1341400 1160.1
1341410 1163.8
1341420 1163.8
1341430 1168.3
1341440 1173.5
1341450 1173.5
1341460 1178.7
1341470 1183.1
1341480 1183.1
1341490 1188.1
1341500 1193.2
1341510 1197.9
1341520 1197.9
1341530 1201.5
1341540 1205.0
1341550 1205.0
1341560 1209.4
1341570 1215.4
1341580 1215.4
1341590 1220.4
1341600 1225.2
1341610 1225.2
1341620 1229.5
1341630 1233.4
1341640 1233.4
1341650 1237.8
1341660 1242.2
1341670 1242.2
1341680 1246.3
1341690 1250.6
1341700 1252.7
1341710 1257.1
1341720 1261.4
1341730 1261.4
1341740 1265.5
1341750 1269.4
1341760 1269.4
1341770 1273.7
1341780 1277.3
1341790 1277.3
1341800 1282.1
1341810 1286.7
1341820 1291.1
1341830 1291.1
1341840 1295.7
1341850 1300.3
1341860 1300.3
1341870 1305.1
1341880 1309.9
1341890 1309.9
1341900 1314.0
1341910 1318.2
1341920 1318.2
1341930 1322.4
1341940 1326.6
1341950 1326.6
1341960 1331.0
1341970 1335.8
1341980 1335.8
1341990 1340.8
1342000 1345.6
1342010 1345.6
1342020 1350.4
1342030 1355.3
1342040 1355.3
1342050 1360.3
1342060 1365.3
1342070 1365.3
1342080 1370.2
1342090 1375.1
1342100 1375.1
1342110 1379.3
1342120 1383.5
1342130 1388.1
1342140 1388.1
1342150 1392.9
1342160 1397.7
1342170 1397.7
1342180 1402.6
1342190 1407.5
1342200 1407.5
1342210 1412.0
1342220 1416.3
1342230 1416.3
1342240 1420.9
1342250 1425.7
1342260 1425.7
1342270 1430.9
1342280 1436.4
1342290 1436.4
1342300 1441.7
1342310 1446.5
1342320 1446.5
1342330 1450.9
1342340 1455.2
1342350 1455.2
1342360 1460.1
1342370 1464.8
1342380 1464.8
1342390 1469.4
1342400 1473.0
1342410 1473.0
1342420 1476.4
1342430 1479.3
1342440 1481.1
1342450 1481.1
1342460 1481.2
1342470 1481.1
1342480 1481.1
1342490 1480.2
1342500 1477.7
1342510 1477.7
1342520 1475.1
1342530 1473.3
1342540 1473.3
1342550 1471.4
1342560 1469.1
1342570 1469.1
1342580 1465.9
1342590 1461.2
1342600 1462.5
1342610 1457.3
1342620 1452.4
1342630 1452.4
1342640 1448.1
1342650 1443.9
1342660 1443.9
1342670 1440.9
1342680 1438.4
1342690 1438.4
1342700 1436.2
1342710 1434.2
1342720 1434.2
1342730 1432.7
1342740 1432.1
1342750 1430.5
1342760 1430.5
1342770 1428.9
1342780 1429.2
1342790 1429.2
1342800 1429.7
1342810 1430.6
1342820 1430.6
1342830 1430.7
1342840 1429.2
1342850 1429.2
1342860 1428.4
1342870 1429.0
1342880 1429.0
1342890 1430.1
1342900 1431.2
1342910 1431.2
1342920 1432.2
1342930 1432.7
1342940 1432.7
1342950 1432.3
1342960 1431.7
1342970 1431.7
1342980 1430.9
1342990 1428.5
1343000 1428.5
1343010 1424.6
1343020 1421.6
1343030 1421.6
1343040 1419.1
1343050 1415.0
1343060 1409.1
1343070 1409.1
1343080 1403.7
1343090 1397.8
1343100 1397.8
1343110 1390.7
1343120 1383.6
1343130 1383.6
1343140 1377.7
1343150 1372.4
1343160 1372.4
1343170 1365.8
1343180 1364.1
1343190 1364.1
1343200 1369.4
1343210 1373.0
1343220 1373.0
1343230 1377.6
1343240 1382.9
1343250 1382.9
1343260 1383.2
1343270 1377.6
1343280 1377.6
1343290 1375.1
1343300 1379.6
1343310 1379.6
1343320 1382.1
1343330 1383.2
1343340 1383.2
1343350 1384.5
1343360 1384.6
1343370 1383.2
1343380 1383.2
1343390 1382.4
1343400 1382.9
1343410 1382.9
1343420 1384.5
1343430 1386.0
1343440 1386.0
1343450 1387.2
1343460 1389.0
1343470 1389.0
1343480 1389.9
1343490 1390.4
1343500 1395.2
1343510 1395.4
1343520 1394.2
1343530 1394.2
1343540 1391.4
1343550 1386.1
1343560 1386.1
1343570 1380.0
1343580 1371.8
1343590 1371.8
1343600 1361.4
1343610 1348.9
1343620 1348.9
1343630 1344.8
1343640 1349.7
1343650 1349.7
1343660 1356.4
1343670 1362.7
1343680 1365.4
1343690 1365.4
1343700 1362.2
1343710 1356.4
1343720 1356.4
1343730 1356.1
1343740 1351.4
1343750 1351.4
1343760 1354.0
1343770 1362.4
1343780 1362.4
1343790 1369.9
1343800 1375.2
1343810 1375.2
1343820 1375.0
1343830 1368.5
1343840 1368.5
1343850 1359.4
1343860 1352.6
1343870 1352.6
1343880 1357.6
1343890 1365.7
1343900 1365.7
1343910 1369.9
1343920 1366.5
1343930 1366.5
1343940 1363.4
1343950 1368.2
1343960 1368.2
1343970 1375.4
1343980 1379.9
1343990 1379.0
1344000 1379.0
1344010 1376.3
1344020 1373.3
1344030 1373.3
1344040 1371.2
1344050 1369.6
1344060 1369.6
1344070 1364.0
1344080 1358.4
1344090 1358.4
1344100 1364.9
1344110 1373.8
1344120 1373.8
1344130 1380.6
1344140 1387.5
1344150 1387.5
1344160 1392.9
1344170 1398.7
1344180 1398.7
1344190 1405.2
1344200 1411.4
1344210 1411.4
1344220 1417.4
1344230 1422.4
1344240 1422.4
1344250 1425.9
1344260 1429.0
1344270 1429.0
1344280 1432.5
1344290 1434.9
1344300 1432.1
1344310 1432.1
1344320 1422.7
1344330 1414.8
1344340 1414.8
1344350 1410.1
1344360 1406.1
1344370 1406.1
1344380 1406.7
1344390 1409.2
1344400 1409.2
1344410 1417.6
1344420 1418.5
1344430 1418.5
1344440 1421.1
1344450 1421.9
1344460 1421.9
1344470 1422.6
1344480 1425.5
1344490 1425.5
1344500 1429.0
1344510 1432.9
1344520 1432.9
1344530 1436.0
1344540 1439.3
1344550 1439.3
1344560 1443.9
1344570 1448.6
1344580 1448.6
1344590 1452.3
1344600 1454.9
1344610 1460.8
1344620 1460.8
1344630 1465.7
1344640 1470.0
1344650 1470.0
1344660 1474.7
1344670 1479.7
1344680 1479.7
1344690 1483.7
1344700 1487.8
1344710 1487.8
1344720 1491.3
1344730 1494.5
1344740 1494.5
1344750 1498.8
1344760 1503.9
1344770 1503.9
1344780 1510.6
1344790 1517.7
1344800 1517.7
1344810 1522.4
1344820 1526.4
1344830 1526.4
1344840 1530.9
1344850 1535.5
1344860 1535.5
1344870 1539.8
1344880 1543.8
1344890 1543.8
1344900 1547.6
1344910 1551.2
1344920 1556.3
1344930 1556.3
1344940 1560.7
1344950 1561.7
1344960 1561.7
1344970 1561.7
1344980 1560.5
1344990 1560.5
1345000 1554.3
1345010 1546.0
1345020 1546.0
1345030 1540.1
1345040 1534.5
1345050 1534.5
1345060 1527.9
1345070 1523.9
1345080 1523.9
1345090 1521.9
1345100 1519.4
1345110 1519.4
1345120 1517.2
1345130 1514.6
1345140 1514.6
1345150 1511.6
1345160 1508.2
1345170 1508.2
1345180 1504.4
1345190 1500.3
1345200 1500.3
1345210 1496.1
1345220 1491.7
1345230 1489.5
1345240 1489.5
1345250 1486.0
1345260 1480.8
1345270 1480.8
1345280 1474.8
1345290 1469.1
1345300 1469.1
1345310 1464.0
1345320 1464.5
1345330 1464.5
1345340 1459.1
1345350 1452.7
1345360 1452.7
1345370 1446.6
1345380 1442.1
1345390 1442.1
1345400 1440.1
1345410 1438.7
1345420 1438.7
1345430 1437.7
1345440 1436.0
1345450 1436.0
1345460 1438.3
1345470 1441.1
1345480 1441.1
1345490 1441.0
1345500 1440.3
1345510 1440.3
1345520 1443.4
1345530 1446.5
1345540 1446.5
1345550 1448.7
1345560 1449.7
1345570 1449.3
1345580 1449.3
1345590 1447.6
1345600 1445.9
1345610 1445.9
1345620 1444.7
1345630 1444.2
1345640 1444.2
1345650 1444.6
1345660 1445.7
1345670 1445.7
1345680 1447.1
1345690 1448.5
1345700 1448.5
1345710 1449.4
1345720 1450.4
1345730 1450.4
1345740 1449.8
1345750 1447.8
1345760 1447.8
1345770 1445.4
1345780 1445.3
1345790 1445.3
1345800 1446.5
1345810 1449.7
1345820 1449.7
1345830 1451.6
1345840 1451.5
1345850 1451.5
1345860 1450.2
1345870 1449.3
1345880 1447.9
1345890 1447.9
1345900 1446.0
1345910 1443.2
1345920 1443.2
1345930 1441.4
1345940 1441.3
1345950 1441.3
1345960 1441.8
1345970 1442.2
1345980 1442.2
1345990 1442.8
1346000 1443.1
1346010 1443.1
1346020 1443.3
1346030 1443.4
1346040 1443.4
1346050 1443.4
1346060 1443.2
1346070 1443.2
1346080 1443.5
1346090 1443.7
1346100 1443.7
1346110 1444.1
1346120 1443.9
1346130 1443.9
1346140 1443.2
1346150 1442.8
1346160 1442.8
1346170 1443.1
1346180 1443.3
1346190 1442.6
1346200 1442.6
1346210 1442.1
1346220 1442.4
1346230 1442.4
1346240 1443.7
1346250 1447.4
1346260 1447.4
1346270 1447.8
1346280 1447.9
1346290 1447.9
1346300 1447.9
1346310 1447.9
1346320 1447.9
1346330 1447.4
1346340 1446.1
1346350 1446.1
1346360 1444.5
1346370 1443.2
1346380 1443.2
1346390 1442.6
1346400 1442.4
1346410 1442.4
1346420 1443.1
1346430 1444.3
1346440 1444.3
1346450 1444.9
1346460 1444.6
1346470 1444.6
1346480 1445.1
1346490 1446.1
1346500 1447.2
1346510 1447.2
1346520 1449.1
1346530 1451.0
1346540 1451.0
1346550 1453.3
1346560 1455.5
1346570 1455.5
1346580 1456.5
1346590 1456.5
1346600 1456.5
1346610 1456.8
1346620 1457.7
1346630 1457.7
1346640 1457.6
1346650 1456.7
1346660 1456.7
1346670 1455.9
1346680 1455.4
1346690 1455.4
1346700 1454.8
1346710 1454.2
1346720 1454.2
1346730 1453.6
1346740 1452.8
1346750 1452.8
1346760 1452.3
1346770 1452.1
1346780 1452.1
1346790 1451.6
1346800 1451.2
1346810 1451.0
1346820 1451.0
1346830 1450.4
1346840 1449.4
1346850 1449.4
1346860 1448.2
1346870 1447.0
1346880 1447.0
1346890 1445.9
1346900 1443.9
1346910 1443.9
1346920 1441.1
1346930 1439.1
1346940 1439.1
1346950 1438.3
1346960 1437.0
1346970 1437.0
1346980 1434.4
1346990 1433.0
1347000 1433.0
1347010 1432.3
1347020 1432.5
1347030 1432.5
1347040 1432.9
1347050 1433.1
1347060 1433.1
1347070 1433.2
1347080 1432.6
1347090 1432.6
1347100 1431.9
1347110 1430.9
1347120 1429.8
1347130 1429.8
1347140 1429.1
1347150 1429.2
1347160 1429.2
1347170 1431.1
1347180 1431.6
1347190 1431.6
1347200 1432.1
1347210 1432.8
1347220 1432.8
1347230 1433.2
1347240 1433.1
1347250 1433.1
1347260 1432.4
1347270 1432.2
1347280 1432.2
1347290 1434.2
1347300 1436.3
1347310 1436.3
1347320 1436.9
1347330 1436.1
1347340 1436.1
1347350 1434.6
1347360 1432.6
1347370 1432.6
1347380 1430.3
1347390 1428.7
1347400 1428.7
1347410 1428.2
1347420 1428.1
1347430 1428.3
1347440 1428.3
1347450 1428.8
1347460 1429.4
1347470 1429.4
1347480 1429.9
1347490 1430.8
1347500 1430.8
1347510 1432.1
1347520 1433.9
1347530 1433.9
1347540 1435.7
1347550 1437.0
1347560 1437.0
1347570 1439.0
1347580 1442.0
1347590 1442.0
1347600 1445.0
1347610 1446.9
1347620 1446.9
1347630 1448.2
1347640 1449.2
1347650 1449.2
1347660 1449.1
1347670 1448.6
1347680 1448.6
1347690 1446.7
1347700 1442.6
1347710 1442.6
1347720 1437.8
1347730 1433.3
1347740 1429.2
1347750 1429.2
1347760 1426.7
1347770 1423.8
1347780 1423.8
1347790 1420.9
1347800 1418.4
1347810 1418.4
1347820 1415.2
1347830 1410.0
1347840 1410.0
1347850 1404.9
1347860 1401.2
1347870 1401.2
1347880 1398.9
1347890 1397.1
1347900 1397.1
1347910 1395.7
1347920 1394.5
1347930 1394.5
1347940 1393.0
1347950 1391.3
1347960 1391.3
1347970 1388.1
1347980 1384.8
1347990 1384.8
1348000 1382.1
1348010 1379.1
1348020 1379.1
1348030 1374.9
1348040 1369.8
1348050 1365.0
1348060 1365.0
1348070 1361.6
1348080 1359.1
1348090 1359.1
1348100 1356.6
1348110 1354.0
1348120 1354.0
1348130 1350.6
1348140 1345.9
1348150 1345.9
1348160 1341.2
1348170 1337.3
1348180 1337.3
1348190 1333.9
1348200 1329.4
1348210 1329.4
1348220 1326.9
1348230 1323.0
1348240 1323.0
1348250 1319.8
1348260 1318.2
1348270 1318.2
1348280 1314.4
1348290 1311.6
1348300 1311.6
1348310 1310.1
1348320 1308.7
1348330 1308.7
1348340 1306.2
1348350 1300.0
1348360 1291.9
1348370 1291.9
1348380 1283.0
1348390 1274.4
1348400 1274.4
1348410 1269.1
1348420 1264.8
1348430 1264.8
1348440 1261.4
1348450 1258.0
1348460 1258.0
1348470 1253.5
1348480 1248.4
1348490 1248.4
1348500 1243.4
1348510 1238.5
1348520 1238.5
1348530 1233.6
1348540 1228.4
1348550 1228.4
1348560 1223.2
1348570 1218.6
1348580 1218.6
1348590 1213.0
1348600 1207.8
1348610 1207.8
1348620 1205.5
1348630 1202.7
1348640 1202.7
1348650 1199.8
1348660 1197.7
1348670 1195.4
1348680 1195.4
1348690 1192.3
1348700 1189.3
1348710 1189.3
1348720 1186.3
1348730 1182.6
1348740 1182.6
1348750 1178.3
1348760 1173.3
1348770 1173.3
1348780 1168.7
1348790 1163.9
1348800 1163.9
1348810 1159.5
1348820 1155.0
1348830 1155.0
1348840 1151.4
1348850 1148.6
1348860 1148.6
1348870 1145.3
1348880 1141.7
1348890 1141.7
1348900 1138.0
1348910 1131.9
1348920 1131.9
1348930 1126.4
1348940 1122.0
1348950 1122.0
1348960 1117.0
1348970 1113.4
1348980 1111.3
1348990 1111.3
1349000 1107.4
1349010 1100.7
1349020 1100.7
1349030 1095.9
1349040 1092.2
1349050 1092.6
1349060 1089.7
1349070 1086.8
1349080 1086.8
1349090 1083.7
1349100 1081.5
1349110 1081.5
1349120 1078.3
1349130 1074.6
1349140 1074.6
1349150 1071.0
1349160 1068.4
1349170 1068.4
1349180 1066.1
1349190 1063.6
1349200 1063.6
1349210 1060.9
1349220 1057.3
1349230 1057.3
1349240 1053.6
1349250 1050.4
1349260 1050.4
1349270 1047.8
1349280 1045.7
1349290 1044.5
1349300 1044.5
1349310 1043.6
1349320 1042.5
1349330 1042.5
1349340 1041.5
1349350 1040.6
1349360 1040.6
1349370 1039.3
1349380 1037.6
1349390 1037.6
1349400 1035.2
1349410 1032.2
1349420 1032.2
1349430 1027.8
1349440 1023.6
1349450 1023.6
1349460 1020.2
1349470 1017.2
1349480 1017.2
1349490 1014.0
1349500 1010.7
1349510 1010.7
1349520 1007.7
1349530 1004.8
1349540 1004.8
1349550 1001.6
1349560 997.9
1349570 997.9
1349580 994.3
1349590 991.1
1349600 987.9
1349610 987.9
1349620 985.4
1349630 983.9
1349640 983.9
1349650 981.9
1349660 979.6
1349670 979.6
1349680 976.8
1349690 973.4
1349700 973.4
1349710 969.8
1349720 964.3
1349730 964.3
1349740 960.0
1349750 955.4
1349760 955.4
1349770 951.6
1349780 948.8
1349790 948.8
1349800 946.2
1349810 943.4
1349820 943.4
1349830 939.4
1349840 936.3
1349850 936.3
1349860 934.5
1349870 932.8
1349880 932.8
1349890 930.7
1349900 928.4
1349910 925.8
1349920 925.8
1349930 925.3
1349940 925.3
1349950 925.3
1349960 924.0
1349970 922.8
1349980 922.8
1349990 921.0
1350000 919.9
1350010 919.9
1350020 918.8
1350030 917.7
1350040 917.7
1350050 916.8
1350060 915.9
1350070 915.9
1350080 915.0
1350090 914.0
1350100 914.0
1350110 913.0
1350120 911.9
1350130 911.9
1350140 910.6
1350150 909.1
1350160 909.1
1350170 907.7
1350180 906.8
1350190 906.8
1350200 906.2
1350210 905.5
1350220 904.3
1350230 904.3
1350240 901.5
1350250 896.0
1350260 896.0
1350270 891.2
1350280 887.1
1350290 887.1
1350300 881.6
1350310 875.6
1350320 875.6
1350330 872.1
1350340 870.5
1350350 870.5
1350360 869.1
1350370 867.3
1350380 867.3
1350390 865.8
1350400 864.6
1350410 864.6
1350420 863.5
1350430 862.5
1350440 862.5
1350450 861.6
1350460 860.3
1350470 860.3
1350480 859.2
1350490 858.1
1350500 858.1
1350510 857.1
1350520 856.4
1350530 855.6
1350540 855.6
1350550 854.6
1350560 853.6
1350570 853.6
1350580 852.4
1350590 851.2
1350600 851.2
1350610 850.1
1350620 849.0
1350630 849.0
1350640 847.5
1350650 846.0
1350660 846.0
1350670 845.0
1350680 844.0
1350690 844.0
1350700 843.0
1350710 842.1
1350720 842.1
1350730 841.2
1350740 840.3
1350750 840.3
1350760 839.4
1350770 838.5
1350780 838.5
1350790 837.6
1350800 836.8
1350810 836.8
1350820 836.2
1350830 835.5
1350840 834.7
1350850 834.7
1350860 833.9
1350870 833.2
1350880 833.2
1350890 832.3
1350900 831.4
1350910 831.4
1350920 830.6
1350930 829.6
1350940 829.6
1350950 829.1
1350960 828.4
1350970 828.4
1350980 827.6
1350990 826.6
1351000 826.6
1351010 825.9
1351020 825.1
1351030 825.1
1351040 824.3
1351050 823.6
1351060 823.6
1351070 822.8
1351080 822.2
1351090 822.2
1351100 821.3
1351110 820.5
1351120 820.5
1351130 819.9
1351140 819.2
1351150 818.3
1351160 818.3
1351170 817.6
1351180 817.0
1351190 817.0
1351200 816.4
1351210 815.5
1351220 815.5
1351230 814.4
1351240 813.1
1351250 813.1
1351260 811.7
1351270 810.4
1351280 810.4
1351290 809.1
1351300 807.5
1351310 807.5
1351320 805.7
1351330 804.0
1351340 804.0
1351350 802.5
1351360 801.4
1351370 801.4
1351380 800.3
1351390 799.2
1351400 799.2
1351410 798.1
1351420 796.9
1351430 796.9
1351440 795.7
1351450 794.6
1351460 793.6
1351470 793.6
1351480 792.2
1351490 790.6
1351500 790.6
1351510 788.7
1351520 786.7
1351530 786.7
1351540 784.6
1351550 782.5
1351560 782.5
1351570 780.5
1351580 779.0
1351590 779.0
1351600 778.2
1351610 778.1
1351620 778.1
1351630 779.0
1351640 781.1
1351650 781.1
1351660 782.7
1351670 785.8
1351680 785.8
1351690 787.3
1351700 787.5
1351710 787.5
1351720 787.7
1351730 787.6
1351740 787.6
1351750 787.7
1351760 787.8
1351770 787.9
1351780 787.9
1351790 788.1
1351800 788.1
1351810 788.1
1351820 788.3
1351830 788.6
1351840 788.6
1351850 789.0
1351860 789.6
1351870 789.6
1351880 790.0
1351890 790.2
1351900 790.5
1351910 790.5
1351920 790.5
1351930 790.5
1351940 791.1
1351950 792.5
1351960 792.5
1351970 794.3
1351980 795.4
1351990 795.4
1352000 793.4
1352010 788.7
1352020 788.7
1352030 784.8
1352040 781.7
1352050 781.7
1352060 781.1
1352070 781.8
1352080 780.7
1352090 780.7
1352100 775.0
1352110 768.0
1352120 768.0
1352130 760.1
1352140 753.0
1352150 753.0
1352160 746.9
1352170 740.4
1352180 740.4
1352190 733.7
1352200 727.3
1352210 727.3
1352220 721.1
1352230 715.7
1352240 715.7
1352250 711.1
1352260 706.6
1352270 706.6
1352280 703.3
1352290 699.7
1352300 699.7
1352310 695.0
1352320 689.9
1352330 689.9
1352340 685.1
1352350 681.4
1352360 681.4
1352370 678.1
1352380 673.1
1352390 668.3
1352400 668.3
1352410 663.9
1352420 660.1
1352430 660.1
1352440 656.3
1352450 653.2
1352460 653.2
1352470 650.3
1352480 647.5
1352490 647.5
1352500 645.6
1352510 643.2
1352520 643.2
1352530 642.5
1352540 640.7
1352550 640.7
1352560 636.9
1352570 636.3
1352580 636.3
1352590 635.4
1352600 634.6
1352610 634.6
1352620 634.4
1352630 634.5
1352640 634.5
1352650 634.3
1352660 633.5
1352670 633.5
1352680 632.8
1352690 632.5
1352700 632.1
1352710 632.1
1352720 631.6
1352730 631.1
1352740 631.1
1352750 630.6
1352760 630.1
1352770 630.1
1352780 629.5
1352790 629.2
1352800 629.2
1352810 629.0
1352820 628.6
1352830 628.6
1352840 628.0
1352850 627.0
1352860 627.0
1352870 623.9
1352880 622.0
1352890 622.0
1352900 622.8
1352910 625.4
1352920 625.4
1352930 626.2
1352940 626.5
1352950 626.5
1352960 626.6
1352970 626.8
1352980 626.8
1352990 627.0
1353000 628.5
1353010 632.0
1353020 632.0
1353030 633.9
1353040 635.5
1353050 635.5
1353060 637.6
1353070 639.3
1353080 639.3
1353090 642.6
1353100 646.1
1353110 646.1
1353120 649.8
1353130 651.9
1353140 651.9
1353150 654.2
1353160 657.3
1353170 657.3
1353180 660.5
1353190 663.9
1353200 663.9
1353210 667.1
1353220 669.8
1353230 669.8
1353240 672.6
1353250 677.6
1353260 677.6
1353270 682.0
1353280 683.9
1353290 683.9
1353300 681.4
1353310 679.7
1353320 679.0
1353330 679.0
1353340 681.1
1353350 685.6
1353360 685.6
1353370 689.9
1353380 694.2
1353390 694.2
1353400 697.9
1353410 701.3
1353420 701.3
1353430 705.7
1353440 711.8
1353450 711.8
1353460 718.7
1353470 724.4
1353480 724.4
1353490 731.3
1353500 739.0
1353510 739.0
1353520 746.5
1353530 753.2
1353540 753.2
1353550 755.1
1353560 755.1
1353570 755.1
1353580 754.9
1353590 754.8
1353600 754.8
1353610 754.6
1353620 754.4
1353630 754.2
1353640 754.2
1353650 753.9
1353660 753.6
1353670 753.6
1353680 752.7
1353690 750.0
1353700 750.0
1353710 746.7
1353720 742.1
1353730 742.1
1353740 737.5
1353750 731.7
1353760 731.7
1353770 724.6
1353780 715.9
1353790 715.9
1353800 708.3
1353810 701.3
1353820 701.3
1353830 696.5
1353840 694.8
1353850 694.8
1353860 687.4
1353870 680.9
1353880 680.9
1353890 675.7
1353900 672.1
1353910 672.1
1353920 675.5
1353930 682.2
1353940 689.1
1353950 689.1
1353960 696.9
1353970 704.6
1353980 704.6
1353990 712.5
1354000 718.4
1354010 718.4
1354020 721.6
1354030 727.9
1354040 727.9
1354050 735.5
1354060 738.7
1354070 738.7
1354080 743.8
1354090 749.5
1354100 749.5
1354110 751.5
1354120 749.6
1354130 749.6
1354140 746.5
1354150 746.4
1354160 746.4
1354170 750.5
1354180 751.6
1354190 751.6
1354200 751.6
1354210 751.2
1354220 751.2
1354230 750.9
1354240 750.9
1354250 750.6
1354260 750.6
1354270 750.4
1354280 750.3
1354290 750.3
1354300 749.9
1354310 749.6
1354320 749.6
1354330 749.4
1354340 750.1
1354350 750.1
1354360 751.0
1354370 748.8
1354380 748.8
1354390 743.9
1354400 739.6
1354410 739.6
1354420 735.9
1354430 732.5
1354440 732.5
1354450 729.5
1354460 727.2
1354470 727.2
1354480 725.3
1354490 724.3
1354500 724.3
1354510 723.0
1354520 721.5
1354530 721.5
1354540 719.7
1354550 717.1
1354560 713.3
1354570 713.3
1354580 708.9
1354590 705.2
1354600 705.2
1354610 704.2
1354620 702.1
1354630 702.1
1354640 700.6
1354650 699.7
1354660 699.7
1354670 699.3
1354680 700.3
1354690 700.3
1354700 704.6
1354710 709.6
1354720 709.6
1354730 712.9
1354740 716.8
1354750 716.8
1354760 720.8
1354770 723.3
1354780 723.3
1354790 723.5
1354800 727.2
1354810 727.2
1354820 730.3
1354830 733.9
1354840 733.9
1354850 735.2
1354860 736.0
1354870 736.0
1354880 738.4
1354890 735.6
1354900 729.8
1354910 729.8
1354920 728.1
1354930 729.7
1354940 729.7
1354950 731.5
1354960 736.6
1354970 736.6
1354980 735.9
1354990 729.5
1355000 729.5
1355010 723.4
1355020 718.2
1355030 718.2
1355040 712.7
1355050 707.9
1355060 707.9
1355070 703.4
1355080 698.8
1355090 698.8
1355100 695.2
1355110 692.9
1355120 692.9
1355130 691.6
1355140 691.1
1355150 691.1
1355160 693.5
1355170 696.3
1355180 696.3
1355190 694.9
1355200 690.6
1355210 688.6
1355220 688.6
1355230 684.1
1355240 678.2
1355250 678.2
1355260 673.3
1355270 671.0
1355280 671.0
1355290 668.7
1355300 666.3
1355310 666.3
1355320 662.7
1355330 657.4
1355340 657.4
1355350 650.8
1355360 649.3
1355370 649.3
1355380 647.5
1355390 644.2
1355400 644.2
1355410 643.7
1355420 643.5
1355430 643.5
1355440 643.4
1355450 643.0
1355460 643.0
1355470 642.5
1355480 642.3
1355490 642.3
1355500 642.1
1355510 641.7
1355520 641.2
1355530 641.2
1355540 641.1
1355550 640.9
1355560 640.9
1355570 640.9
1355580 640.9
1355590 640.9
1355600 641.1
1355610 641.2
1355620 641.2
1355630 641.3
1355640 641.4
1355650 641.4
1355660 641.4
1355670 641.4
1355680 641.4
1355690 641.3
1355700 641.1
1355710 641.1
1355720 640.3
1355730 639.5
1355740 639.5
1355750 639.5
1355760 639.7
1355770 639.7
1355780 640.1
1355790 640.8
1355800 640.8
1355810 640.0
1355820 640.5
1355830 641.4
1355840 641.4
1355850 642.7
1355860 644.4
1355870 644.4
1355880 646.2
1355890 647.4
1355900 647.4
1355910 649.9
1355920 653.8
1355930 653.8
1355940 658.8
1355950 663.4
1355960 663.4
1355970 666.7
1355980 670.1
1355990 670.1
1356000 676.4
1356010 682.3
1356020 682.3
1356030 688.1
1356040 693.5
1356050 693.5
1356060 697.5
1356070 702.9
1356080 702.9
1356090 706.2
1356100 706.0
1356110 706.0
1356120 707.5
1356130 711.8
1356140 714.9
1356150 714.9
1356160 718.8
1356170 723.3
1356180 723.3
1356190 728.5
1356200 732.7
1356210 732.7
1356220 735.7
1356230 737.6
1356240 737.6
1356250 739.6
1356260 742.4
1356270 742.4
1356280 746.1
1356290 749.9
1356300 749.9
1356310 753.3
1356320 755.6
1356330 755.6
1356340 756.9
1356350 757.4
1356360 757.4
1356370 757.9
1356380 758.0
1356390 758.0
1356400 758.1
1356410 758.3
1356420 758.3
1356430 758.6
1356440 758.7
1356450 758.8
1356460 758.8
1356470 758.9
1356480 759.0
1356490 759.0
1356500 758.9
1356510 759.0
1356520 759.0
1356530 759.1
1356540 759.4
1356550 759.4
1356560 759.4
1356570 759.4
1356580 759.4
1356590 759.5
1356600 759.7
1356610 759.7
1356620 759.8
1356630 759.8
1356640 759.8
1356650 760.0
1356660 760.1
1356670 760.1
1356680 760.2
1356690 760.2
1356700 760.2
1356710 760.4
1356720 760.5
1356730 760.5
1356740 760.8
1356750 761.1
1356760 761.1
1356770 761.1
1356780 761.3
1356790 761.5
1356800 761.5
1356810 761.8
1356820 761.8
1356830 761.8
1356840 761.8
1356850 761.8
1356860 761.8
1356870 761.7
1356880 761.6
1356890 761.6
1356900 761.4
1356910 761.2
1356920 761.2
1356930 760.9
1356940 760.6
1356950 760.6
1356960 760.4
1356970 760.0
1356980 760.0
1356990 759.4
1357000 759.0
1357010 759.0
1357020 758.6
1357030 758.0
1357040 758.0
1357050 757.6
1357060 757.9
1357070 758.9
1357080 758.9
1357090 760.1
1357100 760.7
1357110 760.7
1357120 761.3
1357130 761.8
1357140 761.8
1357150 762.4
1357160 762.9
1357170 762.9
1357180 763.2
1357190 763.4
1357200 763.4
1357210 763.2
1357220 761.6
1357230 761.6
1357240 760.2
1357250 759.3
1357260 759.3
1357270 758.2
1357280 757.0
1357290 757.0
1357300 755.6
1357310 754.3
1357320 754.3
1357330 753.2
1357340 750.6
1357350 750.6
1357360 745.3
1357370 739.2
1357380 733.5
1357390 733.5
1357400 730.9
1357410 731.0
1357420 731.0
1357430 731.4
1357440 731.3
1357450 731.3
1357460 731.2
1357470 731.3
1357480 731.3
1357490 731.6
1357500 731.8
1357510 731.8
1357520 731.8
1357530 731.6
1357540 731.6
1357550 731.5
1357560 731.4
1357570 731.4
1357580 731.3
1357590 731.2
1357600 731.2
1357610 731.2
1357620 731.2
1357630 731.2
1357640 731.2
1357650 731.3
1357660 731.3
1357670 731.3
1357680 731.3
1357690 731.4
1357700 731.4
1357710 731.5
1357720 731.6
1357730 731.6
1357740 731.6
1357750 731.7
1357760 731.7
1357770 731.7
1357780 731.8
1357790 731.8
1357800 732.0
1357810 732.1
1357820 732.1
1357830 732.2
1357840 732.2
1357850 732.2
1357860 732.3
1357870 732.4
1357880 732.4
1357890 732.4
1357900 732.4
1357910 732.4
1357920 732.5
1357930 732.4
1357940 732.4
1357950 732.3
1357960 732.1
1357970 732.1
1357980 732.1
1357990 732.1
1358000 732.1
1358010 732.1
1358020 732.2
1358030 732.3
1358040 732.3
1358050 732.6
1358060 732.7
1358070 732.7
1358080 732.8
1358090 732.9
1358100 732.9
1358110 733.0
1358120 733.1
1358130 733.1
1358140 733.3
1358150 733.5
1358160 733.5
1358170 733.6
1358180 733.7
1358190 733.7
1358200 733.8
1358210 734.0
1358220 734.0
1358230 734.3
1358240 734.6
1358250 734.6
1358260 734.8
1358270 735.0
1358280 735.0
1358290 735.2
1358300 735.4
1358310 735.7
1358320 735.7
1358330 735.8
1358340 736.1
1358350 736.1
1358360 736.2
1358370 736.4
1358380 736.4
1358390 737.3
1358400 737.8
1358410 737.8
1358420 737.9
1358430 738.9
1358440 738.9
1358450 739.5
1358460 739.9
1358470 739.9
1358480 740.6
1358490 740.9
1358500 740.9
1358510 741.0
1358520 740.9
1358530 740.9
1358540 741.1
1358550 741.2
1358560 741.2
1358570 741.4
1358580 741.4
1358590 741.4
1358600 741.5
1358610 741.9
1358620 742.5
1358630 742.5
1358640 743.4
1358650 745.8
1358660 745.8
1358670 750.7
1358680 756.3
1358690 756.3
1358700 762.1
1358710 767.5
1358720 767.5
1358730 771.5
1358740 773.1
1358750 773.1
1358760 773.0
1358770 772.8
1358780 772.8
1358790 773.2
1358800 773.9
1358810 773.9
1358820 773.5
1358830 774.2
1358840 774.2
1358850 775.0
1358860 775.8
1358870 775.8
1358880 776.4
1358890 776.5
1358900 776.5
1358910 776.5
1358920 776.5
1358930 776.5
1358940 776.5
1358950 776.6
1358960 776.5
1358970 776.5
1358980 776.6
1358990 776.7
1359000 776.7
1359010 776.8
1359020 776.8
1359030 776.8
1359040 776.8
1359050 776.8
1359060 776.8
1359070 776.9
1359080 777.1
1359090 777.1
1359100 777.6
1359110 778.1
1359120 778.1
1359130 778.2
1359140 778.3
1359150 778.3
1359160 778.3
1359170 778.2
1359180 778.2
1359190 778.0
1359200 777.7
1359210 777.7
1359220 777.3
1359230 777.3
1359240 777.5
1359250 777.5
1359260 777.9
1359270 778.0
1359280 778.0
1359290 777.8
1359300 777.8
1359310 777.8
1359320 778.0
1359330 778.0
1359340 778.0
1359350 777.9
1359360 777.7
1359370 777.7
1359380 777.5
1359390 777.4
1359400 777.4
1359410 777.5
1359420 777.5
1359430 777.5
1359440 777.6
1359450 777.8
1359460 777.8
1359470 777.9
1359480 778.1
1359490 778.1
1359500 778.6
1359510 779.0
1359520 779.0
1359530 779.7
1359540 780.0
1359550 780.1
1359560 780.1
1359570 780.3
1359580 780.6
1359590 780.6
1359600 780.8
1359610 780.9
1359620 780.9
1359630 781.3
1359640 781.8
1359650 781.8
1359660 782.1
1359670 782.1
1359680 782.1
1359690 782.3
1359700 782.5
1359710 782.5
1359720 782.5
1359730 782.7
1359740 782.7
1359750 782.9
1359760 783.3
1359770 783.3
1359780 783.8
1359790 784.1
1359800 784.1
1359810 784.3
1359820 784.6
1359830 784.6
1359840 785.2
1359850 785.4
1359860 785.7
1359870 785.7
1359880 786.0
1359890 786.0
1359900 786.0
1359910 785.9
1359920 785.9
1359930 785.9
1359940 786.1
1359950 786.5
1359960 786.5
1359970 787.1
1359980 787.3
1359990 787.3
