1340000 875.6
1340010 875.0
1340020 875.0
1340030 874.7
1340040 874.7
1340050 874.8
1340060 874.8
1340070 874.6
1340080 874.4
1340090 874.4
1340100 874.2
1340110 874.6
1340120 874.6
1340130 876.0
1340140 877.4
1340150 877.4
1340160 878.6
1340170 879.9
1340180 879.9
1340190 881.3
1340200 882.7
1340210 882.7
1340220 883.8
1340230 884.9
1340240 884.9
1340250 886.2
1340260 887.8
1340270 887.8
1340280 888.5
1340290 888.9
1340300 888.9
1340310 889.3
1340320 889.7
1340330 889.7
1340340 890.0
1340350 890.7
1340360 890.7
1340370 891.7
1340380 892.5
1340390 893.3
1340400 893.3
1340410 894.4
1340420 895.4
1340430 895.4
1340440 896.4
1340450 897.4
1340460 897.4
1340470 898.5
1340480 899.5
1340490 899.5
1340500 900.3
1340510 900.8
1340520 901.9
1340530 902.6
1340540 903.5
1340550 903.5
1340560 904.4
1340570 905.2
1340580 905.2
1340590 905.9
1340600 906.3
1340610 906.3
1340620 907.0
1340630 908.0
1340640 908.0
1340650 908.7
1340660 909.8
1340670 909.8
1340680 911.3
1340690 913.2
1340700 915.2
1340710 915.2
1340720 917.1
1340730 919.4
1340740 919.4
1340750 921.7
1340760 924.4
1340770 924.4
1340780 927.4
1340790 930.7
1340800 930.7
1340810 934.0
1340820 937.8
1340830 937.8
1340840 941.7
1340850 945.4
1340860 945.4
1340870 949.5
1340880 955.0
1340890 955.0
1340900 960.4
1340910 964.9
1340920 964.9
1340930 966.5
1340940 965.6
1340950 965.6
1340960 964.2
1340970 964.8
1340980 964.8
1340990 968.0
1341000 972.3
1341010 980.4
1341020 980.4
1341030 989.8
1341040 998.6
1341050 998.6
1341060 1006.7
1341070 1016.0
1341080 1016.0
1341090 1022.4
1341100 1027.6
1341110 1027.6
1341120 1033.3
1341130 1038.5
1341140 1038.5
1341150 1042.9
1341160 1046.9
1341170 1046.9
1341180 1049.9
1341190 1051.0
1341200 1051.0
1341210 1051.4
1341220 1050.9
1341230 1050.9
1341240 1052.0
1341250 1053.6
1341260 1053.6
1341270 1056.4
1341280 1061.4
1341290 1061.4
1341300 1064.8
1341310 1067.6
1341320 1070.7
1341330 1070.7
1341340 1074.6
1341350 1078.5
1341360 1078.5
1341370 1081.4
1341380 1084.4
1341390 1084.4
1341400 1087.6
1341410 1092.8
1341420 1092.8
1341430 1096.1
1341440 1100.0
1341450 1100.0
1341460 1105.1
1341470 1109.9
1341480 1109.9
1341490 1113.7
1341500 1117.1
1341510 1117.1
1341520 1119.9
1341530 1121.8
1341540 1121.8
1341550 1124.0
1341560 1126.5
1341570 1126.5
1341580 1129.3
1341590 1132.4
1341600 1132.4
1341610 1135.2
1341620 1137.3
1341630 1139.0
1341640 1139.0
1341650 1140.5
1341660 1142.5
1341670 1142.5
1341680 1144.4
1341690 1146.5
1341700 1146.5
1341710 1148.5
1341720 1150.3
1341730 1150.3
1341740 1152.1
1341750 1154.6
1341760 1154.6
1341770 1156.8
1341780 1158.9
1341790 1158.9
1341800 1160.9
1341810 1163.0
1341820 1163.0
1341830 1164.2
1341840 1164.9
1341850 1164.9
1341860 1165.5
1341870 1165.2
1341880 1165.2
1341890 1163.1
1341900 1161.0
1341910 1161.0
1341920 1158.8
1341930 1154.4
1341940 1148.5
1341950 1148.5
1341960 1142.6
1341970 1142.9
1341980 1142.9
1341990 1145.8
1342000 1145.7
1342010 1145.7
1342020 1144.4
1342030 1150.9
1342040 1150.9
1342050 1160.4
1342060 1170.0
1342070 1170.0
1342080 1177.9
1342090 1183.4
1342100 1183.4
1342110 1188.1
1342120 1192.4
1342130 1192.4
1342140 1196.7
1342150 1200.7
1342160 1200.7
1342170 1205.4
1342180 1210.8
1342190 1210.8
1342200 1215.8
1342210 1221.0
1342220 1221.0
1342230 1225.8
1342240 1230.3
1342250 1233.1
1342260 1233.1
1342270 1235.4
1342280 1237.5
1342290 1237.5
1342300 1242.0
1342310 1243.8
1342320 1243.8
1342330 1244.5
1342340 1244.1
1342350 1244.1
1342360 1242.8
1342370 1241.1
1342380 1241.1
1342390 1237.7
1342400 1233.4
1342410 1233.4
1342420 1229.3
1342430 1226.9
1342440 1226.9
1342450 1226.4
1342460 1227.4
1342470 1227.4
1342480 1227.4
1342490 1225.7
1342500 1225.7
1342510 1222.1
1342520 1220.5
1342530 1220.5
1342540 1220.2
1342550 1218.6
1342560 1215.5
1342570 1215.5
1342580 1211.3
1342590 1206.2
1342600 1206.2
1342610 1203.2
1342620 1207.7
1342630 1207.7
1342640 1214.6
1342650 1221.8
1342660 1221.8
1342670 1228.9
1342680 1235.4
1342690 1235.4
1342700 1241.2
1342710 1246.5
1342720 1246.5
1342730 1252.0
1342740 1257.2
1342750 1257.2
1342760 1261.9
1342770 1266.6
1342780 1266.6
1342790 1270.9
1342800 1275.2
1342810 1275.2
1342820 1279.9
1342830 1284.7
1342840 1284.7
1342850 1289.4
1342860 1294.1
1342870 1298.3
1342880 1298.3
1342890 1301.9
1342900 1304.2
1342910 1304.2
1342920 1305.2
1342930 1304.1
1342940 1304.1
1342950 1301.2
1342960 1297.6
1342970 1297.6
1342980 1293.9
1342990 1288.7
1343000 1288.7
1343010 1285.2
1343020 1282.0
1343030 1282.0
1343040 1279.2
1343050 1277.1
1343060 1277.1
1343070 1274.9
1343080 1271.9
1343090 1271.9
1343100 1268.6
1343110 1265.3
1343120 1265.3
1343130 1262.9
1343140 1260.0
1343150 1260.0
1343160 1256.7
1343170 1253.5
1343180 1250.1
1343190 1250.1
1343200 1248.4
1343210 1245.1
1343220 1245.1
1343230 1241.5
1343240 1237.6
1343250 1237.6
1343260 1233.5
1343270 1229.3
1343280 1229.3
1343290 1224.3
1343300 1220.2
1343310 1220.2
1343320 1215.9
1343330 1211.4
1343340 1211.4
1343350 1206.5
1343360 1200.5
1343370 1200.5
1343380 1192.3
1343390 1184.7
1343400 1184.7
1343410 1179.1
1343420 1172.4
1343430 1172.4
1343440 1164.8
1343450 1158.3
1343460 1158.3
1343470 1153.2
1343480 1149.2
1343490 1149.2
1343500 1153.1
1343510 1157.4
1343520 1163.2
1343530 1163.2
1343540 1167.5
1343550 1170.5
1343560 1170.5
1343570 1172.5
1343580 1173.9
1343590 1173.9
1343600 1173.6
1343610 1170.4
1343620 1170.4
1343630 1165.4
1343640 1164.6
1343650 1164.6
1343660 1166.9
1343670 1166.4
1343680 1166.4
1343690 1164.7
1343700 1168.6
1343710 1168.6
1343720 1171.3
1343730 1175.4
1343740 1175.4
1343750 1181.4
1343760 1183.7
1343770 1183.7
1343780 1190.4
1343790 1197.5
1343800 1197.5
1343810 1203.8
1343820 1211.0
1343830 1217.2
1343840 1217.2
1343850 1222.5
1343860 1227.1
1343870 1227.1
1343880 1231.4
1343890 1235.4
1343900 1235.4
1343910 1240.5
1343920 1246.0
1343930 1246.0
1343940 1252.2
1343950 1258.8
1343960 1258.8
1343970 1264.8
1343980 1268.4
1343990 1268.4
1344000 1273.7
1344010 1279.6
1344020 1279.6
1344030 1285.6
1344040 1291.9
1344050 1291.9
1344060 1297.1
1344070 1301.6
1344080 1301.6
1344090 1306.7
1344100 1311.4
1344110 1313.7
1344120 1318.3
1344130 1322.7
1344140 1327.2
1344150 1327.2
1344160 1331.4
1344170 1335.5
1344180 1335.5
1344190 1337.8
1344200 1340.2
1344210 1340.2
1344220 1344.0
1344230 1347.7
1344240 1347.7
1344250 1351.1
1344260 1354.0
1344270 1354.0
1344280 1356.7
1344290 1359.0
1344300 1359.0
1344310 1361.6
1344320 1363.9
1344330 1363.9
1344340 1364.1
1344350 1361.6
1344360 1361.6
1344370 1358.5
1344380 1356.5
1344390 1356.5
1344400 1354.8
1344410 1353.0
1344420 1353.0
1344430 1350.7
1344440 1347.7
1344450 1346.8
1344460 1346.8
1344470 1346.1
1344480 1342.0
1344490 1342.0
1344500 1341.7
1344510 1344.6
1344520 1344.6
1344530 1346.8
1344540 1348.7
1344550 1348.7
1344560 1351.4
1344570 1353.5
1344580 1353.5
1344590 1354.6
1344600 1357.5
1344610 1357.5
1344620 1360.7
1344630 1363.6
1344640 1363.6
1344650 1366.0
1344660 1368.3
1344670 1368.3
1344680 1368.8
1344690 1367.9
1344700 1367.9
1344710 1366.1
1344720 1362.7
1344730 1362.7
1344740 1358.3
1344750 1352.8
1344760 1346.9
1344770 1346.9
1344780 1341.7
1344790 1337.6
1344800 1337.6
1344810 1334.3
1344820 1331.7
1344830 1331.7
1344840 1329.6
1344850 1327.1
1344860 1327.1
1344870 1323.8
1344880 1320.4
1344890 1320.4
1344900 1319.7
1344910 1318.6
1344920 1318.6
1344930 1317.8
1344940 1316.5
1344950 1316.5
1344960 1315.7
1344970 1314.9
1344980 1314.9
1344990 1313.5
1345000 1311.4
1345010 1311.4
1345020 1312.1
1345030 1311.2
1345040 1311.2
1345050 1311.3
1345060 1311.1
1345070 1310.9
1345080 1310.9
1345090 1312.5
1345100 1314.2
1345110 1314.2
1345120 1315.0
1345130 1317.9
1345140 1317.9
1345150 1321.2
1345160 1322.6
1345170 1322.6
1345180 1323.6
1345190 1326.0
1345200 1326.0
1345210 1327.9
1345220 1329.0
1345230 1329.0
1345240 1330.3
1345250 1330.7
1345260 1330.7
1345270 1329.7
1345280 1327.3
1345290 1327.3
1345300 1321.2
1345310 1315.1
1345320 1315.1
1345330 1310.7
1345340 1306.0
1345350 1306.0
1345360 1301.0
1345370 1296.7
1345380 1293.2
1345390 1293.2
1345400 1290.5
1345410 1288.0
1345420 1288.0
1345430 1284.9
1345440 1280.6
1345450 1280.6
1345460 1277.6
1345470 1275.6
1345480 1275.6
1345490 1273.1
1345500 1269.8
1345510 1269.8
1345520 1266.9
1345530 1262.7
1345540 1262.7
1345550 1256.0
1345560 1249.6
1345570 1249.6
1345580 1245.7
1345590 1240.9
1345600 1240.9
1345610 1234.8
1345620 1229.3
1345630 1229.3
1345640 1223.9
1345650 1218.7
1345660 1218.7
1345670 1212.7
1345680 1206.4
1345690 1199.3
1345700 1199.3
1345710 1192.0
1345720 1187.3
1345730 1187.3
1345740 1187.6
1345750 1183.2
1345760 1183.2
1345770 1175.7
1345780 1165.8
1345790 1165.8
1345800 1155.5
1345810 1146.4
1345820 1146.4
1345830 1137.5
1345840 1136.2
1345850 1136.2
1345860 1142.5
1345870 1150.5
1345880 1150.5
1345890 1158.7
1345900 1161.8
1345910 1161.8
1345920 1161.3
1345930 1158.9
1345940 1161.5
1345950 1163.7
1345960 1165.9
1345970 1165.9
1345980 1165.0
1345990 1164.3
1346000 1165.6
1346010 1165.6
1346020 1166.0
1346030 1164.1
1346040 1164.1
1346050 1160.0
1346060 1156.5
1346070 1156.5
1346080 1151.4
1346090 1148.4
1346100 1148.4
1346110 1158.4
1346120 1169.9
1346130 1169.9
1346140 1178.1
1346150 1184.0
1346160 1184.0
1346170 1187.5
1346180 1192.2
1346190 1192.2
1346200 1197.7
1346210 1203.3
1346220 1203.3
1346230 1207.3
1346240 1210.4
1346250 1210.4
1346260 1213.5
1346270 1216.0
1346280 1216.0
1346290 1217.2
1346300 1223.3
1346310 1223.3
1346320 1230.4
1346330 1236.3
1346340 1241.4
1346350 1241.4
1346360 1245.0
1346370 1247.6
1346380 1247.6
1346390 1249.6
1346400 1251.3
1346410 1251.3
1346420 1252.5
1346430 1253.0
1346440 1253.0
1346450 1253.1
1346460 1253.0
1346470 1253.0
1346480 1252.4
1346490 1250.8
1346500 1250.8
1346510 1247.5
1346520 1246.5
1346530 1246.5
1346540 1245.0
1346550 1244.2
1346560 1244.2
1346570 1243.0
1346580 1244.6
1346590 1244.6
1346600 1245.1
1346610 1244.0
1346620 1244.0
1346630 1246.3
1346640 1248.8
1346650 1251.0
1346660 1251.0
1346670 1252.5
1346680 1252.6
1346690 1252.6
1346700 1251.3
1346710 1248.7
1346720 1248.7
1346730 1245.9
1346740 1243.4
1346750 1243.4
1346760 1242.6
1346770 1242.8
1346780 1242.8
1346790 1242.3
1346800 1240.9
1346810 1240.9
1346820 1237.5
1346830 1231.9
1346840 1231.9
1346850 1225.6
1346860 1218.7
1346870 1218.9
1346880 1210.5
1346890 1200.7
1346900 1200.7
1346910 1190.4
1346920 1185.1
1346930 1185.1
1346940 1185.4
1346950 1183.5
1346960 1183.2
1346970 1183.2
1346980 1188.9
1346990 1188.7
1347000 1188.7
1347010 1188.8
1347020 1188.9
1347030 1188.9
1347040 1188.0
1347050 1187.8
1347060 1187.8
1347070 1186.4
1347080 1184.1
1347090 1184.1
1347100 1180.0
1347110 1177.8
1347120 1177.8
1347130 1177.3
1347140 1173.4
1347150 1173.4
1347160 1170.9
1347170 1176.8
1347180 1176.8
1347190 1180.7
1347200 1182.0
1347210 1182.0
1347220 1182.0
1347230 1181.8
1347240 1181.8
1347250 1180.9
1347260 1179.1
1347270 1178.1
1347280 1178.1
1347290 1176.0
1347300 1173.6
1347310 1173.6
1347320 1173.4
1347330 1169.8
1347340 1169.8
1347350 1163.3
1347360 1170.3
1347370 1170.3
1347380 1179.6
1347390 1183.9
1347400 1183.9
1347410 1184.8
1347420 1184.4
1347430 1184.4
1347440 1181.9
1347450 1178.1
1347460 1178.1
1347470 1174.7
1347480 1175.6
1347490 1175.6
1347500 1177.4
1347510 1180.8
1347520 1180.8
1347530 1187.2
1347540 1190.7
1347550 1190.7
1347560 1190.3
1347570 1191.1
1347580 1197.7
1347590 1197.7
1347600 1201.6
1347610 1206.3
1347620 1206.3
1347630 1211.4
1347640 1214.6
1347650 1214.6
1347660 1220.3
1347670 1226.0
1347680 1226.0
1347690 1229.7
1347700 1232.4
1347710 1232.4
1347720 1235.3
1347730 1238.0
1347740 1238.0
1347750 1241.4
1347760 1245.6
1347770 1245.6
1347780 1249.1
1347790 1250.6
1347800 1257.0
1347810 1258.4
1347820 1262.3
1347830 1262.3
1347840 1265.2
1347850 1269.5
1347860 1269.5
1347870 1274.1
1347880 1277.7
1347890 1280.7
1347900 1280.7
1347910 1282.0
1347920 1282.4
1347930 1282.4
1347940 1283.2
1347950 1284.2
1347960 1284.2
1347970 1285.5
1347980 1286.8
1347990 1286.8
1348000 1287.3
1348010 1287.7
1348020 1287.7
1348030 1289.9
1348040 1291.0
1348050 1291.0
1348060 1293.7
1348070 1296.3
1348080 1296.3
1348090 1296.5
1348100 1296.6
1348110 1296.6
1348120 1297.0
1348130 1297.4
1348140 1297.4
1348150 1298.0
1348160 1297.9
1348170 1297.9
1348180 1297.2
1348190 1297.0
1348200 1297.0
1348210 1297.0
1348220 1296.7
1348230 1296.3
1348240 1296.3
1348250 1296.1
1348260 1295.5
1348270 1295.5
1348280 1293.8
1348290 1292.6
1348300 1292.6
1348310 1290.3
1348320 1287.8
1348330 1287.8
1348340 1285.4
1348350 1282.8
1348360 1282.8
1348370 1281.1
1348380 1279.0
1348390 1279.0
1348400 1276.7
1348410 1276.1
1348420 1276.1
1348430 1273.9
1348440 1268.6
1348450 1268.6
1348460 1260.7
1348470 1254.5
1348480 1254.5
1348490 1251.1
1348500 1248.4
1348510 1246.8
1348520 1246.8
1348530 1245.8
1348540 1244.8
1348550 1244.8
1348560 1242.8
1348570 1239.0
1348580 1239.0
1348590 1235.4
1348600 1230.9
1348610 1230.9
1348620 1225.7
1348630 1220.3
1348640 1220.3
1348650 1213.7
1348660 1204.3
1348670 1204.3
1348680 1194.8
1348690 1185.7
1348700 1185.7
1348710 1176.9
1348720 1167.7
1348730 1167.7
1348740 1160.0
1348750 1152.4
1348760 1152.4
1348770 1145.2
1348780 1137.3
1348790 1137.3
1348800 1131.2
1348810 1126.1
1348820 1122.6
1348830 1122.6
1348840 1117.9
1348850 1113.2
1348860 1113.2
1348870 1107.8
1348880 1102.7
1348890 1102.7
1348900 1098.1
1348910 1094.0
1348920 1094.0
1348930 1090.4
1348940 1087.4
1348950 1087.4
1348960 1084.4
1348970 1081.5
1348980 1081.5
1348990 1078.8
1349000 1075.3
1349010 1075.3
1349020 1070.7
1349030 1063.8
1349040 1063.8
1349050 1060.0
1349060 1058.1
1349070 1058.1
1349080 1056.0
1349090 1054.4
1349100 1054.4
1349110 1051.8
1349120 1049.5
1349130 1047.5
1349140 1047.5
1349150 1045.1
1349160 1042.5
1349170 1042.5
1349180 1039.1
1349190 1035.8
1349200 1035.8
1349210 1032.2
1349220 1028.8
1349230 1028.8
1349240 1025.7
1349250 1022.5
1349260 1022.5
1349270 1019.1
1349280 1016.5
1349290 1016.5
1349300 1015.7
1349310 1015.0
1349320 1015.0
1349330 1014.2
1349340 1013.9
1349350 1013.9
1349360 1013.5
1349370 1012.9
1349380 1012.9
1349390 1012.7
1349400 1012.6
1349410 1012.6
1349420 1012.1
1349430 1011.6
1349440 1011.0
1349450 1011.0
1349460 1010.2
1349470 1009.2
1349480 1009.2
1349490 1008.1
1349500 1007.1
1349510 1007.1
1349520 1006.0
1349530 1004.3
1349540 1004.3
1349550 1002.7
1349560 1001.2
1349570 1001.2
1349580 999.9
1349590 998.0
1349600 998.0
1349610 996.5
1349620 995.0
1349630 995.0
1349640 993.4
1349650 991.3
1349660 991.3
1349670 989.7
1349680 989.1
1349690 989.1
1349700 986.7
1349710 984.9
1349720 984.9
1349730 982.5
1349740 980.1
1349750 980.1
1349760 977.7
1349770 975.2
1349780 973.1
1349790 973.1
1349800 970.9
1349810 968.6
1349820 968.6
1349830 966.1
1349840 963.6
1349850 963.6
1349860 960.7
1349870 957.5
1349880 957.5
1349890 954.9
1349900 952.6
1349910 952.6
1349920 950.8
1349930 949.2
1349940 949.2
1349950 947.9
1349960 946.5
1349970 946.5
1349980 945.4
1349990 944.4
1350000 944.4
1350010 943.5
1350020 942.7
1350030 942.7
1350040 941.8
1350050 940.6
1350060 940.6
1350070 938.9
1350080 937.3
1350090 935.5
1350100 935.5
1350110 931.1
1350120 924.6
1350130 924.6
1350140 917.7
1350150 911.1
1350160 911.1
1350170 905.9
1350180 901.7
1350190 901.7
1350200 896.3
1350210 890.1
1350220 890.1
1350230 885.4
1350240 881.2
1350250 881.2
1350260 877.5
1350270 874.9
1350280 874.9
1350290 872.1
1350300 870.2
1350310 870.2
1350320 869.1
1350330 868.0
1350340 868.0
1350350 867.1
1350360 866.3
1350370 866.3
1350380 864.6
1350390 862.2
1350400 860.0
1350410 860.0
1350420 857.9
1350430 855.7
1350440 855.7
1350450 853.3
1350460 850.9
1350470 850.9
1350480 848.7
1350490 846.5
1350500 846.5
1350510 844.5
1350520 842.6
1350530 842.6
1350540 841.1
1350550 840.4
1350560 840.4
1350570 839.8
1350580 838.9
1350590 838.9
1350600 838.1
1350610 837.2
1350620 837.2
1350630 836.7
1350640 836.0
1350650 836.0
1350660 835.0
1350670 833.7
1350680 833.7
1350690 832.8
1350700 832.3
1350710 831.8
1350720 831.8
1350730 831.3
1350740 830.4
1350750 830.4
1350760 829.4
1350770 828.3
1350780 828.3
1350790 827.2
1350800 826.0
1350810 826.0
1350820 824.9
1350830 823.9
1350840 823.9
1350850 823.0
1350860 822.1
1350870 822.1
1350880 821.3
1350890 820.6
1350900 820.6
1350910 819.9
1350920 819.2
1350930 819.2
1350940 818.5
1350950 817.8
1350960 817.8
1350970 816.9
1350980 816.1
1350990 816.1
1351000 815.1
1351010 814.2
1351020 813.4
1351030 813.4
1351040 812.4
1351050 811.2
1351060 811.2
1351070 810.0
1351080 809.2
1351090 809.2
1351100 808.3
1351110 807.2
1351120 807.2
1351130 805.9
1351140 804.7
1351150 804.7
1351160 804.1
1351170 803.2
1351180 803.2
1351190 802.6
1351200 802.8
1351210 802.8
1351220 802.7
1351230 802.5
1351240 802.5
1351250 802.1
1351260 801.4
1351270 801.4
1351280 800.3
1351290 799.2
1351300 799.2
1351310 798.2
1351320 797.6
1351330 796.3
1351340 796.3
1351350 794.4
1351360 792.6
1351370 792.6
1351380 791.0
1351390 789.3
1351400 789.3
1351410 787.1
1351420 783.8
1351430 783.8
1351440 780.5
1351450 777.7
1351460 777.7
1351470 775.3
1351480 773.3
1351490 773.3
1351500 770.0
1351510 765.3
1351520 765.3
1351530 762.3
1351540 760.1
1351550 760.1
1351560 758.7
1351570 757.9
1351580 757.9
1351590 762.6
1351600 765.0
1351610 765.0
1351620 765.6
1351630 764.2
1351640 763.1
1351650 763.1
1351660 762.8
1351670 762.7
1351680 762.7
1351690 761.6
1351700 759.8
1351710 759.8
1351720 757.7
1351730 756.3
1351740 756.3
1351750 755.3
1351760 754.8
1351770 754.8
1351780 753.1
1351790 751.5
1351800 751.5
1351810 750.4
1351820 749.9
1351830 749.9
1351840 750.2
1351850 750.2
1351860 750.2
1351870 748.1
1351880 745.7
1351890 745.7
1351900 743.3
1351910 740.5
1351920 740.5
1351930 737.5
1351940 734.4
1351950 732.0
1351960 732.0
1351970 730.6
1351980 729.8
1351990 729.8
1352000 729.6
1352010 729.4
1352020 729.4
1352030 727.0
1352040 723.0
1352050 723.0
1352060 724.4
1352070 727.5
1352080 727.5
1352090 731.3
1352100 736.4
1352110 736.4
1352120 743.5
1352130 750.2
1352140 750.2
1352150 751.9
1352160 752.0
1352170 752.0
1352180 752.1
1352190 752.2
1352200 752.2
1352210 752.3
1352220 752.5
1352230 752.5
1352240 752.6
1352250 752.8
1352260 753.2
1352270 753.2
1352280 753.5
1352290 753.4
1352300 753.4
1352310 753.5
1352320 753.5
1352330 753.5
1352340 753.5
1352350 753.7
1352360 753.7
1352370 753.9
1352380 754.1
1352390 754.1
1352400 754.0
1352410 753.9
1352420 753.9
1352430 754.0
1352440 754.3
1352450 754.3
1352460 754.1
1352470 753.9
1352480 753.9
1352490 754.0
1352500 754.0
1352510 754.0
1352520 753.9
1352530 753.9
1352540 753.9
1352550 754.2
1352560 753.4
1352570 747.3
1352580 747.3
1352590 739.9
1352600 733.6
1352610 733.6
1352620 728.8
1352630 725.3
1352640 725.3
1352650 723.7
1352660 723.7
1352670 723.7
1352680 722.6
1352690 720.2
1352700 720.2
1352710 719.0
1352720 719.1
1352730 719.1
1352740 714.8
1352750 710.1
1352760 710.1
1352770 705.7
1352780 702.6
1352790 702.6
1352800 699.5
1352810 695.2
1352820 695.2
1352830 692.0
1352840 690.4
1352850 690.4
1352860 687.1
1352870 680.0
1352880 672.3
1352890 672.3
1352900 664.5
1352910 657.8
1352920 657.8
1352930 654.5
1352940 652.8
1352950 652.8
1352960 651.2
1352970 648.6
1352980 648.6
1352990 645.8
1353000 643.1
1353010 643.1
1353020 639.5
1353030 634.0
1353040 634.0
1353050 628.3
1353060 625.5
1353070 625.5
1353080 624.1
1353090 623.0
1353100 623.0
1353110 622.1
1353120 621.2
1353130 621.2
1353140 620.4
1353150 619.9
1353160 619.9
1353170 619.9
1353180 619.7
1353190 619.7
1353200 619.3
1353210 617.7
1353220 613.2
1353230 613.2
1353240 611.7
1353250 613.1
1353260 613.1
1353270 614.6
1353280 614.7
1353290 614.7
1353300 615.0
1353310 614.9
1353320 614.9
1353330 615.1
1353340 615.7
1353350 615.7
1353360 615.8
1353370 615.7
1353380 615.7
1353390 615.5
1353400 615.4
1353410 615.4
1353420 615.4
1353430 615.8
1353440 615.8
1353450 616.7
1353460 617.7
1353470 617.7
1353480 618.8
1353490 619.8
1353500 619.8
1353510 620.3
1353520 621.1
1353530 621.3
1353540 621.3
1353550 621.2
1353560 621.1
1353570 621.1
1353580 621.0
1353590 621.0
1353600 621.0
1353610 621.3
1353620 622.4
1353630 622.4
1353640 623.9
1353650 625.5
1353660 625.5
1353670 627.5
1353680 629.6
1353690 629.6
1353700 631.7
1353710 633.4
1353720 633.4
1353730 634.8
1353740 635.9
1353750 635.9
1353760 637.1
1353770 637.9
1353780 637.9
1353790 639.1
1353800 643.8
1353810 643.8
1353820 649.6
1353830 655.1
1353840 660.1
1353850 660.1
1353860 664.1
1353870 668.5
1353880 668.5
1353890 673.0
1353900 675.8
1353910 675.8
1353920 677.8
1353930 679.6
1353940 679.6
1353950 679.3
1353960 677.1
1353970 677.1
1353980 673.5
1353990 668.7
1354000 668.7
1354010 662.5
1354020 655.3
1354030 655.3
1354040 649.4
1354050 644.1
1354060 644.1
1354070 640.3
1354080 638.6
1354090 638.6
1354100 638.1
1354110 638.1
1354120 638.1
1354130 637.5
1354140 636.5
1354150 635.3
1354160 635.3
1354170 634.0
1354180 632.6
1354190 632.6
1354200 631.5
1354210 630.9
1354220 630.9
1354230 630.8
1354240 631.1
1354250 631.1
1354260 631.6
1354270 632.0
1354280 632.0
1354290 631.5
1354300 629.5
1354310 629.5
1354320 626.5
1354330 623.0
1354340 623.0
1354350 619.4
1354360 617.9
1354370 617.9
1354380 618.1
1354390 619.4
1354400 619.4
1354410 620.1
1354420 620.8
1354430 620.8
1354440 620.8
1354450 619.7
1354460 618.3
1354470 618.3
1354480 616.9
1354490 615.6
1354500 620.3
1354510 618.6
1354520 616.7
1354530 616.7
1354540 616.0
1354550 615.8
1354560 615.8
1354570 615.8
1354580 616.0
1354590 616.0
1354600 616.3
1354610 616.5
1354620 616.5
1354630 616.8
1354640 616.8
1354650 616.8
1354660 617.1
1354670 618.0
1354680 618.0
1354690 621.5
1354700 626.6
1354710 626.6
1354720 630.6
1354730 636.3
1354740 636.3
1354750 642.9
1354760 648.5
1354770 655.2
1354780 655.2
1354790 664.4
1354800 672.2
1354810 672.2
1354820 679.0
1354830 683.3
1354840 683.3
1354850 687.6
1354860 692.6
1354870 692.6
1354880 693.4
1354890 690.9
1354900 690.9
1354910 684.9
1354920 677.1
1354930 677.1
1354940 669.8
1354950 663.5
1354960 663.5
1354970 656.8
1354980 652.6
1354990 652.6
1355000 649.3
1355010 646.4
1355020 646.4
1355030 642.0
1355040 637.0
1355050 637.0
1355060 633.3
1355070 630.6
1355080 629.3
1355090 629.3
1355100 632.3
1355110 638.0
1355120 638.0
1355130 645.3
1355140 652.7
1355150 652.7
1355160 660.7
1355170 668.0
1355180 668.0
1355190 672.8
1355200 674.5
1355210 674.5
1355220 675.9
1355230 678.1
1355240 678.1
1355250 680.8
1355260 682.7
1355270 682.7
1355280 684.0
1355290 685.1
1355300 685.1
1355310 686.8
1355320 689.1
1355330 689.1
1355340 691.9
1355350 694.2
1355360 694.2
1355370 696.3
1355380 698.3
1355390 700.8
1355400 700.8
1355410 703.1
1355420 703.9
1355430 703.9
1355440 704.0
1355450 708.1
1355460 708.1
1355470 713.7
1355480 717.7
1355490 712.8
1355500 714.4
1355510 715.6
1355520 715.6
1355530 719.4
1355540 723.0
1355550 723.0
1355560 725.9
1355570 728.8
1355580 728.8
1355590 731.5
1355600 734.3
1355610 734.3
1355620 737.4
1355630 740.5
1355640 740.5
1355650 742.8
1355660 742.2
1355670 742.2
1355680 742.4
1355690 741.6
1355700 740.9
1355710 740.9
1355720 739.4
1355730 740.0
1355740 740.0
1355750 740.2
1355760 739.8
1355770 739.8
1355780 741.3
1355790 745.2
1355800 745.2
1355810 750.4
1355820 753.5
1355830 753.5
1355840 754.1
1355850 754.2
1355860 754.2
1355870 754.3
1355880 754.4
1355890 754.4
1355900 754.4
1355910 754.5
1355920 754.5
1355930 754.6
1355940 754.6
1355950 754.6
1355960 754.9
1355970 755.1
1355980 755.1
1355990 755.2
1356000 755.4
1356010 755.6
1356020 755.6
1356030 755.7
1356040 755.8
1356050 755.8
1356060 755.9
1356070 756.0
1356080 756.0
1356090 756.0
1356100 756.1
1356110 756.1
1356120 756.2
1356130 756.2
1356140 756.2
1356150 756.3
1356160 756.4
1356170 756.4
1356180 756.2
1356190 755.2
1356200 755.2
1356210 754.3
1356220 754.0
1356230 754.0
1356240 754.0
1356250 754.2
1356260 754.2
1356270 754.3
1356280 754.3
1356290 754.3
1356300 754.3
1356310 754.3
1356320 754.6
1356330 754.6
1356340 755.0
1356350 755.3
1356360 755.3
1356370 755.2
1356380 754.7
1356390 754.7
1356400 754.6
1356410 754.8
1356420 754.8
1356430 754.8
1356440 754.6
1356450 754.6
1356460 754.4
1356470 753.8
1356480 755.0
1356490 754.9
1356500 754.8
1356510 754.8
1356520 754.5
1356530 754.2
1356540 754.2
1356550 753.9
1356560 753.3
1356570 753.3
1356580 752.5
1356590 751.6
1356600 751.6
1356610 750.5
1356620 749.7
1356630 749.6
1356640 749.6
1356650 749.8
1356660 749.9
1356670 749.9
1356680 750.2
1356690 750.5
1356700 750.5
1356710 750.6
1356720 750.6
1356730 750.6
1356740 750.7
1356750 750.8
1356760 750.8
1356770 750.7
1356780 750.7
1356790 750.7
1356800 750.6
1356810 750.7
1356820 750.7
1356830 750.9
1356840 751.2
1356850 751.2
1356860 751.5
1356870 751.7
1356880 751.7
1356890 751.9
1356900 752.0
1356910 752.0
1356920 752.2
1356930 752.2
1356940 752.2
1356950 752.3
1356960 752.4
1356970 752.3
1356980 752.3
1356990 752.6
1357000 752.7
1357010 752.7
1357020 752.7
1357030 752.7
1357040 752.7
1357050 752.7
1357060 752.9
1357070 752.9
1357080 752.9
1357090 752.7
1357100 752.7
1357110 750.3
1357120 745.5
1357130 745.5
1357140 740.6
1357150 735.0
1357160 735.0
1357170 730.6
1357180 726.1
1357190 726.1
1357200 724.5
1357210 725.2
1357220 725.2
1357230 725.3
1357240 725.3
1357250 725.3
1357260 725.5
1357270 726.2
1357280 726.6
1357290 726.6
1357300 725.7
1357310 725.6
1357320 725.6
1357330 726.0
1357340 726.0
1357350 726.0
1357360 726.0
1357370 727.0
1357380 727.0
1357390 728.1
1357400 727.3
1357410 727.3
1357420 726.1
1357430 726.5
1357440 726.5
1357450 727.4
1357460 728.7
1357470 728.7
1357480 729.7
1357490 730.8
1357500 730.8
1357510 732.0
1357520 733.0
1357530 733.0
1357540 733.7
1357550 734.4
1357560 734.4
1357570 735.2
1357580 736.1
1357590 737.0
1357600 737.0
1357610 737.9
1357620 738.9
1357630 738.9
1357640 740.0
1357650 741.1
1357660 741.1
1357670 742.2
1357680 743.0
1357690 743.0
1357700 743.8
1357710 744.5
1357720 744.5
1357730 745.2
1357740 745.9
1357750 745.9
1357760 746.5
1357770 747.2
1357780 747.2
1357790 747.8
1357800 748.5
1357810 748.5
1357820 748.8
1357830 749.4
1357840 749.4
1357850 749.9
1357860 750.5
1357870 750.5
1357880 751.3
1357890 752.2
1357900 753.7
1357910 753.7
1357920 755.3
1357930 756.0
1357940 756.0
1357950 755.7
1357960 756.3
1357970 756.3
1357980 757.1
1357990 757.7
1358000 757.7
1358010 758.3
1358020 758.9
1358030 758.9
1358040 759.7
1358050 760.7
1358060 760.7
1358070 761.7
1358080 762.6
1358090 762.6
1358100 763.2
1358110 763.9
1358120 763.9
1358130 764.9
1358140 765.6
1358150 765.6
1358160 766.5
1358170 768.1
1358180 768.1
1358190 769.0
1358200 770.0
1358210 771.3
1358220 771.3
1358230 772.6
1358240 773.3
1358250 773.3
1358260 774.7
1358270 776.3
1358280 776.3
1358290 776.7
1358300 776.9
1358310 776.9
1358320 777.2
1358330 777.4
1358340 777.4
1358350 777.9
1358360 778.6
1358370 778.6
1358380 779.2
1358390 779.6
1358400 779.6
1358410 782.2
1358420 783.3
1358430 783.3
1358440 783.6
1358450 783.6
1358460 783.6
1358470 783.5
1358480 783.2
1358490 781.4
1358500 781.3
1358510 780.8
1358520 779.9
1358530 779.9
1358540 779.3
1358550 779.3
1358560 779.3
1358570 779.0
1358580 778.4
1358590 778.4
1358600 777.6
1358610 776.8
1358620 776.8
1358630 776.5
1358640 776.5
1358650 776.5
1358660 776.9
1358670 777.5
1358680 777.5
1358690 778.0
1358700 778.3
1358710 778.3
1358720 778.6
1358730 779.2
1358740 779.2
1358750 780.0
1358760 779.9
1358770 779.9
1358780 779.7
1358790 780.0
1358800 780.0
1358810 780.4
1358820 779.6
1358830 780.5
1358840 780.5
1358850 781.7
1358860 782.4
1358870 782.4
1358880 783.3
1358890 784.3
1358900 784.3
1358910 785.0
1358920 785.0
1358930 785.0
1358940 784.9
1358950 785.4
1358960 785.4
1358970 785.2
1358980 784.4
1358990 784.4
1359000 784.4
1359010 784.9
1359020 784.9
1359030 784.5
1359040 782.8
1359050 782.8
1359060 779.6
1359070 777.3
1359080 777.3
1359090 776.6
1359100 776.3
1359110 776.3
1359120 775.9
1359130 776.2
1359140 776.6
1359150 776.6
1359160 776.4
1359170 775.3
1359180 775.3
1359190 774.6
1359200 773.9
1359210 773.9
1359220 773.2
1359230 772.2
1359240 772.2
1359250 771.3
1359260 770.9
1359270 770.9
1359280 769.9
1359290 768.7
1359300 768.7
1359310 768.6
1359320 768.8
1359330 768.8
1359340 768.0
1359350 767.9
1359360 767.9
1359370 768.1
1359380 766.7
1359390 766.7
1359400 765.0
1359410 764.2
1359420 764.2
1359430 762.7
1359440 760.8
1359450 758.3
1359460 758.3
1359470 756.4
1359480 755.0
1359490 755.0
1359500 749.1
1359510 747.6
1359520 747.6
1359530 747.6
1359540 747.9
1359550 747.9
1359560 748.1
1359570 747.9
1359580 747.9
1359590 747.1
1359600 745.9
1359610 745.9
1359620 746.1
1359630 746.9
1359640 746.9
1359650 747.5
1359660 747.8
1359670 747.8
1359680 748.0
1359690 748.3
1359700 748.3
1359710 748.8
1359720 749.1
1359730 749.1
1359740 748.4
1359750 749.3
1359760 750.5
1359770 750.5
1359780 751.0
1359790 751.3
1359800 751.3
1359810 751.7
1359820 752.6
1359830 752.6
1359840 755.0
1359850 756.1
1359860 756.1
1359870 756.2
1359880 756.5
1359890 756.5
1359900 757.8
1359910 760.7
1359920 760.7
1359930 764.8
1359940 769.2
1359950 769.2
1359960 771.9
1359970 772.8
1359980 772.8
1359990 772.1
