1340000 1126.4
1340010 1125.0
1340020 1122.9
1340030 1122.9
1340040 1118.6
1340050 1117.0
1340060 1117.0
1340070 1117.6
1340080 1114.7
1340090 1114.7
1340100 1109.8
1340110 1105.0
1340120 1105.0
1340130 1107.8
1340140 1107.6
1340150 1107.6
1340160 1106.7
1340170 1105.7
1340180 1105.7
1340190 1104.1
1340200 1102.2
1340210 1102.2
1340220 1099.9
1340230 1097.0
1340240 1093.7
1340250 1093.7
1340260 1090.0
1340270 1085.0
1340280 1085.0
1340290 1078.2
1340300 1073.7
1340310 1073.7
1340320 1070.1
1340330 1068.0
1340340 1068.0
1340350 1068.0
1340360 1063.6
1340370 1063.6
1340380 1060.1
1340390 1058.9
1340400 1058.9
1340410 1057.0
1340420 1054.4
1340430 1054.4
1340440 1051.7
1340450 1049.7
1340460 1049.7
1340470 1048.9
1340480 1048.1
1340490 1048.1
1340500 1046.3
1340510 1045.6
1340520 1045.6
1340530 1043.3
1340540 1039.5
1340550 1035.4
1340560 1035.4
1340570 1030.7
1340580 1026.5
1340590 1026.5
1340600 1023.3
1340610 1020.0
1340620 1020.0
1340630 1016.9
1340640 1014.0
1340650 1014.0
1340660 1011.1
1340670 1008.1
1340680 1008.1
1340690 1000.4
1340700 996.9
1340710 996.9
1340720 993.7
1340730 990.5
1340740 990.5
1340750 987.4
1340760 983.7
1340770 983.7
1340780 980.1
1340790 977.0
1340800 977.0
1340810 973.8
1340820 970.4
1340830 970.4
1340840 966.6
1340850 962.5
1340860 962.5
1340870 960.1
1340880 957.9
1340890 954.6
1340900 954.6
1340910 950.5
1340920 946.4
1340930 946.4
1340940 942.5
1340950 939.3
1340960 939.3
1340970 937.8
1340980 937.6
1340990 937.6
1341000 937.5
1341010 936.8
1341020 936.8
1341030 936.7
1341040 937.7
1341050 937.7
1341060 937.2
1341070 936.9
1341080 936.9
1341090 936.4
1341100 934.9
1341110 934.9
1341120 933.8
1341130 932.4
1341140 932.4
1341150 930.5
1341160 929.4
1341170 929.4
1341180 928.1
1341190 926.3
1341200 924.4
1341210 924.4
1341220 925.4
1341230 926.2
1341240 926.2
1341250 926.7
1341260 926.2
1341270 926.2
1341280 926.4
1341290 927.6
1341300 927.6
1341310 928.5
1341320 928.8
1341330 928.8
1341340 929.4
1341350 929.7
1341360 929.7
1341370 929.5
1341380 929.5
1341390 929.5
1341400 930.0
1341410 930.4
1341420 930.4
1341430 932.2
1341440 933.3
1341450 933.3
1341460 933.8
1341470 934.7
1341480 934.7
1341490 935.8
1341500 936.8
1341510 937.8
1341520 937.8
1341530 938.7
1341540 939.6
1341550 939.6
1341560 940.5
1341570 941.4
1341580 942.7
1341590 943.6
1341600 944.4
1341610 944.4
1341620 944.9
1341630 945.4
1341640 945.4
1341650 946.0
1341660 946.4
1341670 946.4
1341680 946.9
1341690 947.0
1341700 947.0
1341710 947.2
1341720 946.9
1341730 946.9
1341740 946.7
1341750 946.3
1341760 946.3
1341770 945.7
1341780 945.4
1341790 945.4
1341800 945.0
1341810 944.5
1341820 945.3
1341830 945.3
1341840 947.1
1341850 948.5
1341860 948.5
1341870 949.7
1341880 950.5
1341890 950.5
1341900 949.8
1341910 950.2
1341920 950.2
1341930 950.5
1341940 951.3
1341950 951.3
1341960 953.0
1341970 954.3
1341980 954.3
1341990 955.6
1342000 958.5
1342010 958.5
1342020 962.6
1342030 965.8
1342040 965.8
1342050 968.9
1342060 971.4
1342070 971.4
1342080 972.9
1342090 972.0
1342100 972.0
1342110 969.4
1342120 967.9
1342130 969.1
1342140 969.1
1342150 973.2
1342160 979.4
1342170 979.4
1342180 985.7
1342190 990.5
1342200 990.5
1342210 991.9
1342220 991.4
1342230 991.4
1342240 990.4
1342250 989.6
1342260 989.6
1342270 989.2
1342280 988.8
1342290 988.8
1342300 986.5
1342310 981.3
1342320 981.3
1342330 977.6
1342340 974.1
1342350 974.1
1342360 973.7
1342370 974.7
1342380 974.7
1342390 974.8
1342400 979.7
1342410 979.7
1342420 987.4
1342430 997.4
1342440 1005.5
1342450 1005.5
1342460 1009.4
1342470 1009.1
1342480 1013.9
1342490 1012.6
1342500 1014.5
1342510 1014.5
1342520 1016.9
1342530 1019.5
1342540 1019.5
1342550 1023.2
1342560 1026.6
1342570 1026.6
1342580 1029.8
1342590 1032.1
1342600 1032.1
1342610 1035.2
1342620 1038.8
1342630 1038.8
1342640 1043.7
1342650 1048.2
1342660 1048.2
1342670 1051.5
1342680 1054.2
1342690 1054.2
1342700 1056.4
1342710 1060.2
1342720 1060.2
1342730 1063.7
1342740 1066.5
1342750 1066.5
1342760 1069.4
1342770 1071.9
1342780 1071.4
1342790 1071.4
1342800 1072.1
1342810 1077.4
1342820 1077.4
1342830 1080.2
1342840 1082.3
1342850 1082.3
1342860 1083.2
1342870 1082.2
1342880 1082.2
1342890 1084.2
1342900 1087.9
1342910 1087.9
1342920 1090.7
1342930 1093.4
1342940 1093.4
1342950 1096.7
1342960 1099.0
1342970 1099.0
1342980 1100.6
1342990 1104.1
1343000 1104.1
1343010 1106.3
1343020 1107.8
1343030 1107.8
1343040 1109.0
1343050 1109.9
1343060 1109.9
1343070 1110.9
1343080 1111.4
1343090 1111.6
1343100 1111.6
1343110 1111.5
1343120 1110.9
1343130 1110.9
1343140 1109.7
1343150 1108.4
1343160 1108.4
1343170 1106.4
1343180 1105.1
1343190 1105.1
1343200 1103.7
1343210 1099.7
1343220 1099.7
1343230 1096.9
1343240 1094.0
1343250 1094.0
1343260 1091.8
1343270 1090.0
1343280 1090.0
1343290 1087.8
1343300 1085.4
1343310 1085.4
1343320 1081.6
1343330 1076.7
1343340 1076.7
1343350 1071.8
1343360 1066.8
1343370 1066.8
1343380 1064.8
1343390 1062.2
1343400 1059.4
1343410 1059.4
1343420 1055.2
1343430 1051.6
1343440 1051.6
1343450 1047.1
1343460 1042.8
1343470 1042.8
1343480 1039.2
1343490 1036.3
1343500 1036.3
1343510 1033.7
1343520 1030.4
1343530 1030.4
1343540 1026.3
1343550 1019.2
1343560 1019.2
1343570 1010.7
1343580 1002.1
1343590 1002.1
1343600 995.4
1343610 990.2
1343620 990.2
1343630 985.3
1343640 980.6
1343650 980.6
1343660 976.8
1343670 974.7
1343680 974.7
1343690 974.3
1343700 971.4
1343710 973.8
1343720 973.8
1343730 982.6
1343740 995.6
1343750 995.6
1343760 1008.1
1343770 1014.5
1343780 1014.5
1343790 1020.9
1343800 1028.6
1343810 1028.6
1343820 1036.0
1343830 1042.5
1343840 1042.5
1343850 1043.3
1343860 1038.7
1343870 1038.7
1343880 1036.2
1343890 1036.6
1343900 1036.6
1343910 1037.3
1343920 1038.5
1343930 1038.5
1343940 1039.9
1343950 1040.9
1343960 1040.9
1343970 1042.2
1343980 1043.7
1343990 1043.7
1344000 1045.2
1344010 1047.1
1344020 1049.2
1344030 1049.2
1344040 1051.3
1344050 1053.6
1344060 1053.6
1344070 1056.2
1344080 1058.2
1344090 1058.2
1344100 1060.0
1344110 1061.0
1344120 1061.0
1344130 1061.8
1344140 1062.5
1344150 1062.5
1344160 1062.4
1344170 1061.9
1344180 1061.9
1344190 1059.1
1344200 1052.0
1344210 1052.0
1344220 1051.0
1344230 1051.3
1344240 1051.3
1344250 1048.0
1344260 1045.2
1344270 1045.2
1344280 1044.0
1344290 1045.1
1344300 1045.1
1344310 1044.2
1344320 1043.2
1344330 1043.2
1344340 1042.0
1344350 1039.8
1344360 1035.2
1344370 1035.2
1344380 1032.2
1344390 1030.8
1344400 1030.8
1344410 1028.1
1344420 1026.4
1344430 1026.4
1344440 1024.4
1344450 1018.3
1344460 1018.3
1344470 1010.0
1344480 1004.0
1344490 1004.0
1344500 1000.3
1344510 995.0
1344520 995.0
1344530 989.9
1344540 992.9
1344550 992.9
1344560 1003.7
1344570 1011.8
1344580 1011.8
1344590 1021.9
1344600 1029.4
1344610 1029.4
1344620 1029.1
1344630 1028.2
1344640 1028.2
1344650 1028.2
1344660 1028.9
1344670 1029.6
1344680 1029.6
1344690 1029.2
1344700 1028.5
1344710 1028.5
1344720 1026.5
1344730 1022.4
1344740 1022.4
1344750 1015.1
1344760 1013.5
1344770 1013.5
1344780 1017.4
1344790 1021.4
1344800 1021.4
1344810 1019.6
1344820 1015.0
1344830 1015.0
1344840 1012.8
1344850 1013.3
1344860 1013.3
1344870 1012.4
1344880 1007.0
1344890 1007.0
1344900 1004.6
1344910 1008.8
1344920 1008.8
1344930 1011.1
1344940 1009.0
1344950 1009.0
1344960 1002.6
1344970 993.1
1344980 988.9
1344990 988.9
1345000 993.4
1345010 998.9
1345020 998.9
1345030 998.5
1345040 992.1
1345050 992.1
1345060 983.8
1345070 981.1
1345080 981.1
1345090 987.2
1345100 990.5
1345110 990.5
1345120 991.0
1345130 990.3
1345140 990.3
1345150 988.6
1345160 987.3
1345170 987.3
1345180 985.7
1345190 983.9
1345200 983.9
1345210 986.5
1345220 983.4
1345230 983.4
1345240 980.2
1345250 977.1
1345260 977.1
1345270 973.2
1345280 965.5
1345290 956.1
1345300 956.1
1345310 947.8
1345320 940.6
1345330 940.6
1345340 941.6
1345350 949.5
1345360 949.5
1345370 959.8
1345380 963.5
1345390 963.5
1345400 967.8
1345410 971.6
1345420 971.6
1345430 972.2
1345440 970.6
1345450 970.6
1345460 966.4
1345470 962.9
1345480 962.9
1345490 962.8
1345500 963.7
1345510 963.7
1345520 962.9
1345530 961.1
1345540 961.1
1345550 959.4
1345560 958.0
1345570 958.0
1345580 956.5
1345590 955.4
1345600 954.0
1345610 954.0
1345620 952.8
1345630 952.2
1345640 952.2
1345650 952.1
1345660 951.8
1345670 951.8
1345680 950.5
1345690 950.5
1345700 950.5
1345710 952.5
1345720 951.9
1345730 951.9
1345740 950.5
1345750 948.6
1345760 948.6
1345770 945.8
1345780 944.5
1345790 944.5
1345800 945.1
1345810 944.6
1345820 944.6
1345830 941.7
1345840 936.4
1345850 936.4
1345860 935.7
1345870 940.0
1345880 940.0
1345890 940.0
1345900 935.7
1345910 931.4
1345920 931.4
1345930 930.2
1345940 928.7
1345950 928.7
1345960 927.6
1345970 928.4
1345980 928.4
1345990 930.5
1346000 936.3
1346010 936.3
1346020 942.0
1346030 944.8
1346040 944.8
1346050 945.0
1346060 946.1
1346070 946.1
1346080 947.2
1346090 943.8
1346100 943.8
1346110 936.7
1346120 929.0
1346130 930.0
1346140 927.3
1346150 926.9
1346160 926.9
1346170 925.4
1346180 926.4
1346190 926.4
1346200 929.7
1346210 930.7
1346220 930.7
1346230 929.7
1346240 928.5
1346250 928.6
1346260 928.6
1346270 929.1
1346280 929.7
1346290 929.7
1346300 930.2
1346310 931.8
1346320 931.8
1346330 934.3
1346340 936.3
1346350 936.3
1346360 937.4
1346370 938.3
1346380 938.3
1346390 936.2
1346400 930.5
1346410 930.5
1346420 926.8
1346430 925.3
1346440 925.3
1346450 926.0
1346460 927.1
1346470 927.1
1346480 930.2
1346490 933.1
1346500 933.1
1346510 933.9
1346520 934.4
1346530 934.4
1346540 933.9
1346550 932.8
1346560 931.4
1346570 931.4
1346580 930.2
1346590 928.9
1346600 928.9
1346610 928.9
1346620 929.2
1346630 929.2
1346640 929.4
1346650 929.4
1346660 929.4
1346670 929.0
1346680 928.7
1346690 928.7
1346700 928.2
1346710 927.8
1346720 927.8
1346730 927.5
1346740 927.3
1346750 927.3
1346760 926.8
1346770 925.6
1346780 925.6
1346790 925.0
1346800 925.8
1346810 925.8
1346820 927.4
1346830 929.1
1346840 929.1
1346850 929.8
1346860 926.3
1346870 925.4
1346880 925.4
1346890 925.7
1346900 925.6
1346910 925.6
1346920 925.9
1346930 925.3
1346940 925.3
1346950 923.9
1346960 922.8
1346970 922.8
1346980 921.6
1346990 923.2
1347000 923.2
1347010 928.1
1347020 931.5
1347030 931.5
1347040 932.7
1347050 936.1
1347060 936.1
1347070 939.9
1347080 944.2
1347090 944.2
1347100 947.9
1347110 951.4
1347120 951.4
1347130 954.5
1347140 957.1
1347150 957.1
1347160 959.1
1347170 961.6
1347180 963.8
1347190 963.8
1347200 965.9
1347210 967.3
1347220 967.3
1347230 967.8
1347240 968.6
1347250 968.6
1347260 969.3
1347270 969.6
1347280 969.6
1347290 969.5
1347300 969.0
1347310 969.0
1347320 968.5
1347330 968.1
1347340 968.1
1347350 968.3
1347360 969.7
1347370 969.7
1347380 971.6
1347390 973.3
1347400 973.3
1347410 974.5
1347420 974.9
1347430 974.9
1347440 974.4
1347450 974.2
1347460 974.2
1347470 973.2
1347480 972.0
1347490 971.7
1347500 971.7
1347510 969.4
1347520 966.3
1347530 966.3
1347540 966.0
1347550 969.7
1347560 969.7
1347570 975.1
1347580 980.1
1347590 980.1
1347600 984.3
1347610 987.8
1347620 987.8
1347630 990.7
1347640 993.4
1347650 993.4
1347660 996.1
1347670 998.9
1347680 998.9
1347690 1001.3
1347700 1003.1
1347710 1003.1
1347720 1003.9
1347730 1002.5
1347740 1002.5
1347750 998.2
1347760 993.0
1347770 993.0
1347780 987.8
1347790 982.7
1347800 982.7
1347810 977.3
1347820 974.2
1347830 973.5
1347840 973.5
1347850 974.4
1347860 980.1
1347870 980.1
1347880 987.2
1347890 993.2
1347900 993.2
1347910 998.1
1347920 1000.5
1347930 1000.5
1347940 1000.8
1347950 999.4
1347960 999.4
1347970 1000.4
1347980 1006.7
1347990 1006.7
1348000 1011.2
1348010 1017.0
1348020 1017.0
1348030 1021.6
1348040 1026.6
1348050 1026.6
1348060 1031.4
1348070 1036.4
1348080 1036.4
1348090 1041.2
1348100 1045.1
1348110 1045.1
1348120 1048.8
1348130 1052.9
1348140 1057.7
1348150 1057.7
1348160 1060.6
1348170 1063.0
1348180 1063.0
1348190 1067.3
1348200 1071.1
1348210 1071.1
1348220 1073.8
1348230 1079.4
1348240 1079.4
1348250 1083.4
1348260 1087.1
1348270 1087.1
1348280 1089.9
1348290 1092.2
1348300 1092.2
1348310 1095.1
1348320 1098.4
1348330 1098.4
1348340 1101.4
1348350 1103.7
1348360 1103.7
1348370 1105.7
1348380 1108.2
1348390 1108.2
1348400 1111.9
1348410 1115.4
1348420 1115.4
1348430 1117.6
1348440 1119.6
1348450 1122.2
1348460 1122.2
1348470 1124.4
1348480 1124.9
1348490 1124.9
1348500 1125.5
1348510 1127.2
1348520 1127.2
1348530 1129.1
1348540 1130.1
1348550 1130.1
1348560 1130.2
1348570 1131.4
1348580 1131.4
1348590 1133.2
1348600 1135.1
1348610 1135.1
1348620 1136.4
1348630 1137.1
1348640 1137.1
1348650 1139.2
1348660 1140.7
1348670 1140.7
1348680 1141.8
1348690 1142.5
1348700 1142.5
1348710 1143.2
1348720 1144.5
1348730 1144.5
1348740 1146.1
1348750 1147.8
1348760 1148.5
1348770 1148.5
1348780 1148.1
1348790 1146.8
1348800 1146.8
1348810 1145.9
1348820 1144.6
1348830 1144.6
1348840 1143.0
1348850 1141.0
1348860 1141.0
1348870 1139.0
1348880 1137.9
1348890 1137.9
1348900 1137.4
1348910 1137.2
1348920 1141.0
1348930 1139.8
1348940 1139.1
1348950 1139.1
1348960 1138.9
1348970 1138.8
1348980 1138.8
1348990 1138.0
1349000 1136.5
1349010 1136.5
1349020 1134.2
1349030 1131.1
1349040 1131.1
1349050 1127.7
1349060 1124.5
1349070 1121.0
1349080 1121.0
1349090 1116.7
1349100 1112.3
1349110 1112.3
1349120 1108.6
1349130 1104.9
1349140 1104.9
1349150 1101.0
1349160 1097.0
1349170 1097.0
1349180 1092.7
1349190 1088.1
1349200 1088.1
1349210 1083.9
1349220 1079.5
1349230 1079.5
1349240 1075.6
1349250 1072.8
1349260 1072.8
1349270 1070.1
1349280 1066.6
1349290 1066.6
1349300 1060.6
1349310 1055.2
1349320 1055.2
1349330 1050.9
1349340 1048.6
1349350 1048.6
1349360 1047.6
1349370 1044.9
1349380 1041.3
1349390 1041.3
1349400 1037.6
1349410 1033.0
1349420 1033.0
1349430 1027.7
1349440 1022.4
1349450 1022.4
1349460 1017.6
1349470 1013.5
1349480 1013.5
1349490 1010.2
1349500 1005.4
1349510 1005.4
1349520 999.2
1349530 994.6
1349540 994.6
1349550 990.9
1349560 985.8
1349570 985.8
1349580 983.1
1349590 979.6
1349600 979.6
1349610 973.1
1349620 966.7
1349630 966.7
1349640 961.2
1349650 955.2
1349660 955.2
1349670 950.6
1349680 945.9
1349690 945.9
1349700 940.5
1349710 934.7
1349720 929.5
1349730 929.5
1349740 924.2
1349750 919.8
1349760 919.8
1349770 916.2
1349780 911.5
1349790 911.5
1349800 907.0
1349810 903.5
1349820 903.5
1349830 901.2
1349840 898.8
1349850 898.8
1349860 896.0
1349870 894.9
1349880 894.9
1349890 892.0
1349900 889.5
1349910 889.5
1349920 887.4
1349930 885.4
1349940 885.4
1349950 883.4
1349960 881.6
1349970 881.6
1349980 879.9
1349990 878.3
1350000 878.3
1350010 876.8
1350020 874.4
1350030 872.0
1350040 872.0
1350050 870.2
1350060 868.3
1350070 868.3
1350080 866.0
1350090 865.5
1350100 865.5
1350110 865.3
1350120 864.2
1350130 864.2
1350140 863.0
1350150 861.7
1350160 861.7
1350170 860.8
1350180 859.9
1350190 859.9
1350200 859.1
1350210 858.3
1350220 858.3
1350230 857.5
1350240 856.6
1350250 856.6
1350260 855.6
1350270 854.2
1350280 854.2
1350290 853.2
1350300 852.6
1350310 852.6
1350320 852.1
1350330 851.3
1350340 850.7
1350350 850.7
1350360 850.1
1350370 850.2
1350380 850.2
1350390 849.3
1350400 848.1
1350410 848.1
1350420 847.2
1350430 846.6
1350440 846.6
1350450 846.0
1350460 844.8
1350470 844.8
1350480 843.7
1350490 843.7
1350500 843.7
1350510 843.4
1350520 842.5
1350530 842.5
1350540 841.1
1350550 840.4
1350560 840.4
1350570 839.5
1350580 838.2
1350590 838.2
1350600 837.7
1350610 837.7
1350620 837.7
1350630 837.8
1350640 837.9
1350650 838.1
1350660 838.1
1350670 838.4
1350680 838.8
1350690 838.8
1350700 839.6
1350710 839.9
1350720 839.9
1350730 840.4
1350740 840.1
1350750 840.1
1350760 838.5
1350770 837.3
1350780 837.3
1350790 836.0
1350800 834.7
1350810 834.7
1350820 832.9
1350830 831.3
1350840 831.3
1350850 829.6
1350860 827.9
1350870 827.9
1350880 826.3
1350890 824.9
1350900 824.9
1350910 823.5
1350920 822.0
1350930 822.0
1350940 820.4
1350950 818.9
1350960 817.0
1350970 817.0
1350980 815.2
1350990 812.5
1351000 812.5
1351010 808.8
1351020 805.7
1351030 805.7
1351040 803.4
1351050 801.7
1351060 801.7
1351070 800.1
1351080 798.3
1351090 798.3
1351100 796.3
1351110 794.0
1351120 794.0
1351130 791.6
1351140 789.3
1351150 789.3
1351160 787.0
1351170 785.0
1351180 785.0
1351190 783.0
1351200 781.2
1351210 781.2
1351220 779.3
1351230 777.2
1351240 777.2
1351250 775.3
1351260 773.7
1351270 772.3
1351280 772.3
1351290 771.0
1351300 769.9
1351310 769.9
1351320 769.1
1351330 768.2
1351340 768.2
1351350 767.3
1351360 766.5
1351370 766.5
1351380 765.7
1351390 765.1
1351400 765.1
1351410 764.6
1351420 764.1
1351430 764.1
1351440 763.5
1351450 762.6
1351460 762.6
1351470 761.3
1351480 759.9
1351490 759.9
1351500 758.4
1351510 756.5
1351520 756.5
1351530 755.2
1351540 754.3
1351550 754.3
1351560 753.6
1351570 753.1
1351580 753.1
1351590 752.4
1351600 751.4
1351610 749.9
1351620 749.9
1351630 748.4
1351640 747.3
1351650 747.3
1351660 746.9
1351670 746.5
1351680 746.5
1351690 745.7
1351700 744.7
1351710 744.7
1351720 743.7
1351730 742.9
1351740 742.9
1351750 742.1
1351760 741.5
1351770 741.5
1351780 741.0
1351790 740.6
1351800 740.6
1351810 740.1
1351820 739.6
1351830 739.6
1351840 739.2
1351850 738.9
1351860 738.9
1351870 738.2
1351880 736.7
1351890 736.7
1351900 734.9
1351910 729.8
1351920 726.4
1351930 726.4
1351940 722.8
1351950 719.8
1351960 719.8
1351970 718.5
1351980 714.5
1351990 714.5
1352000 706.9
1352010 699.0
1352020 699.0
1352030 692.5
1352040 687.8
1352050 687.8
1352060 684.9
1352070 685.3
1352080 685.3
1352090 690.8
1352100 697.0
1352110 697.0
1352120 703.9
1352130 710.3
1352140 710.3
1352150 716.4
1352160 722.3
1352170 722.3
1352180 727.9
1352190 735.5
1352200 735.5
1352210 740.0
1352220 739.9
1352230 739.7
1352240 739.7
1352250 739.6
1352260 739.8
1352270 739.8
1352280 740.0
1352290 740.0
1352300 740.0
1352310 739.9
1352320 739.7
1352330 739.7
1352340 739.7
1352350 739.7
1352360 739.7
1352370 739.9
1352380 740.0
1352390 740.0
1352400 740.0
1352410 740.0
1352420 740.0
1352430 739.9
1352440 739.8
1352450 739.8
1352460 739.6
1352470 738.7
1352480 738.7
1352490 737.6
1352500 736.6
1352510 736.6
1352520 736.0
1352530 735.9
1352540 736.6
1352550 736.6
1352560 737.8
1352570 738.7
1352580 738.7
1352590 739.0
1352600 738.9
1352610 738.9
1352620 739.1
1352630 739.6
1352640 739.6
1352650 739.7
1352660 739.6
1352670 739.6
1352680 739.4
1352690 738.7
1352700 738.7
1352710 736.6
1352720 731.0
1352730 731.0
1352740 723.9
1352750 717.9
1352760 717.9
1352770 714.2
1352780 710.8
1352790 710.8
1352800 707.4
1352810 704.1
1352820 704.1
1352830 700.9
1352840 697.9
1352850 694.5
1352860 694.5
1352870 692.0
1352880 691.0
1352890 691.0
1352900 688.9
1352910 687.0
1352920 687.0
1352930 685.5
1352940 683.7
1352950 683.7
1352960 682.2
1352970 681.7
1352980 681.7
1352990 681.2
1353000 680.7
1353010 680.7
1353020 680.2
1353030 679.7
1353040 679.7
1353050 679.1
1353060 678.4
1353070 678.4
1353080 677.6
1353090 676.9
1353100 676.9
1353110 676.4
1353120 676.0
1353130 676.0
1353140 675.7
1353150 675.3
1353160 674.9
1353170 674.9
1353180 674.8
1353190 674.7
1353200 674.7
1353210 674.7
1353220 674.7
1353230 674.7
1353240 674.7
1353250 674.3
1353260 674.3
1353270 671.4
1353280 667.6
1353290 667.6
1353300 664.7
1353310 661.1
1353320 661.1
1353330 658.3
1353340 653.6
1353350 653.6
1353360 648.8
1353370 643.6
1353380 643.6
1353390 636.6
1353400 632.2
1353410 632.2
1353420 625.5
1353430 619.5
1353440 619.5
1353450 615.3
1353460 613.5
1353470 613.5
1353480 612.1
1353490 611.5
1353500 611.4
1353510 611.4
1353520 611.3
1353530 611.1
1353540 611.1
1353550 611.1
1353560 611.1
1353570 611.1
1353580 611.0
1353590 610.8
1353600 610.8
1353610 608.9
1353620 605.5
1353630 605.5
1353640 605.4
1353650 604.7
1353660 604.7
1353670 603.6
1353680 600.8
1353690 600.8
1353700 600.0
1353710 600.4
1353720 600.4
1353730 602.5
1353740 604.3
1353750 604.3
1353760 604.5
1353770 604.5
1353780 604.5
1353790 604.3
1353800 604.4
1353810 605.0
1353820 605.0
1353830 605.3
1353840 605.4
1353850 605.4
1353860 605.6
1353870 605.7
1353880 605.7
1353890 605.9
1353900 606.2
1353910 606.2
1353920 606.2
1353930 606.3
1353940 606.3
1353950 606.6
1353960 606.9
1353970 606.9
1353980 607.2
1353990 607.8
1354000 607.8
1354010 608.8
1354020 611.3
1354030 611.3
1354040 615.0
1354050 616.3
1354060 616.3
1354070 618.4
1354080 622.8
1354090 622.8
1354100 627.2
1354110 632.4
1354120 639.9
1354130 639.9
1354140 648.2
1354150 654.6
1354160 654.6
1354170 659.1
1354180 663.0
1354190 663.0
1354200 665.8
1354210 669.4
1354220 669.4
1354230 673.3
1354240 676.4
1354250 676.4
1354260 678.8
1354270 681.6
1354280 681.6
1354290 684.3
1354300 686.7
1354310 686.7
1354320 688.7
1354330 690.7
1354340 690.7
1354350 692.4
1354360 693.6
1354370 693.6
1354380 694.6
1354390 695.6
1354400 695.6
1354410 696.4
1354420 697.2
1354430 697.7
1354440 697.7
1354450 697.8
1354460 697.8
1354470 697.8
1354480 698.0
1354490 699.2
1354500 699.2
1354510 701.4
1354520 703.0
1354530 703.0
1354540 704.3
1354550 705.3
1354560 705.3
1354570 706.5
1354580 708.7
1354590 708.7
1354600 710.2
1354610 710.6
1354620 710.6
1354630 711.4
1354640 713.5
1354650 713.5
1354660 716.2
1354670 719.4
1354680 719.4
1354690 721.5
1354700 725.9
1354710 725.9
1354720 731.8
1354730 737.6
1354740 741.5
1354750 741.5
1354760 743.1
1354770 743.4
1354780 743.4
1354790 743.7
1354800 743.8
1354810 743.8
1354820 743.9
1354830 743.9
1354840 743.9
1354850 743.8
1354860 743.8
1354870 743.8
1354880 744.1
1354890 744.8
1354900 744.8
1354910 745.3
1354920 747.1
1354930 747.1
1354940 749.2
1354950 751.4
1354960 751.4
1354970 753.6
1354980 756.2
1354990 756.2
1355000 759.0
1355010 761.0
1355020 761.0
1355030 762.9
1355040 764.3
1355050 766.2
1355060 766.2
1355070 768.2
1355080 769.5
1355090 769.5
1355100 771.1
1355110 772.3
1355120 772.3
1355130 774.2
1355140 777.0
1355150 777.0
1355160 779.4
1355170 782.0
1355180 782.0
1355190 783.7
1355200 784.6
1355210 784.6
1355220 785.0
1355230 785.0
1355240 785.0
1355250 784.9
1355260 784.5
1355270 784.5
1355280 784.0
1355290 783.7
1355300 783.7
1355310 783.4
1355320 783.1
1355330 783.1
1355340 782.5
1355350 781.4
1355360 781.4
1355370 779.9
1355380 777.4
1355390 774.2
1355400 774.2
1355410 770.3
1355420 764.1
1355430 764.1
1355440 757.1
1355450 750.7
1355460 750.7
1355470 744.2
1355480 736.8
1355490 736.8
1355500 730.3
1355510 723.5
1355520 723.5
1355530 717.6
1355540 712.0
1355550 712.0
1355560 709.8
1355570 712.5
1355580 712.5
1355590 718.7
1355600 722.7
1355610 722.7
1355620 725.4
1355630 725.8
1355640 725.8
1355650 729.9
1355660 735.5
1355670 735.5
1355680 741.6
1355690 749.9
1355700 757.5
1355710 757.5
1355720 762.1
1355730 766.0
1355740 766.0
1355750 771.7
1355760 772.6
1355770 772.6
1355780 772.6
1355790 772.7
1355800 772.7
1355810 775.1
1355820 775.9
1355830 775.9
1355840 776.5
1355850 777.2
1355860 777.2
1355870 776.9
1355880 772.4
1355890 772.4
1355900 765.5
1355910 761.8
1355920 761.8
1355930 765.7
1355940 772.3
1355950 772.3
1355960 778.3
1355970 780.4
1355980 780.4
1355990 781.0
1356000 781.7
1356010 782.1
1356020 782.1
1356030 781.7
1356040 781.9
1356050 781.9
1356060 784.4
1356070 786.1
1356080 786.1
1356090 787.3
1356100 788.5
1356110 788.5
1356120 789.8
1356130 790.7
1356140 790.7
1356150 791.3
1356160 791.7
1356170 791.7
1356180 792.4
1356190 792.8
1356200 792.8
1356210 793.4
1356220 797.1
1356230 797.1
1356240 798.4
1356250 799.6
1356260 799.6
1356270 801.6
1356280 803.6
1356290 803.6
1356300 805.6
1356310 807.6
1356320 809.4
1356330 809.4
1356340 811.1
1356350 812.9
1356360 812.9
1356370 813.9
1356380 813.7
1356390 813.7
1356400 813.1
1356410 813.2
1356420 813.2
1356430 814.0
1356440 817.0
1356450 817.0
1356460 820.3
1356470 822.4
1356480 822.4
1356490 824.1
1356500 824.7
1356510 824.7
1356520 824.9
1356530 825.0
1356540 825.0
1356550 825.5
1356560 825.8
1356570 825.8
1356580 823.4
1356590 818.5
1356600 818.5
1356610 811.7
1356620 803.8
1356630 800.3
1356640 800.3
1356650 807.1
1356660 818.0
1356670 816.0
1356680 825.3
1356690 834.4
1356700 834.4
1356710 841.6
1356720 843.6
1356730 843.6
1356740 844.4
1356750 845.3
1356760 845.3
1356770 846.1
1356780 847.3
1356790 847.3
1356800 849.1
1356810 851.3
1356820 851.3
1356830 852.7
1356840 853.6
1356850 853.6
1356860 854.0
1356870 855.0
1356880 855.0
1356890 855.3
1356900 855.8
1356910 855.8
1356920 856.6
1356930 857.3
1356940 857.3
1356950 857.3
1356960 858.3
1356970 860.2
1356980 860.2
1356990 862.0
1357000 863.6
1357010 863.6
1357020 865.0
1357030 866.4
1357040 866.4
1357050 867.5
1357060 867.2
1357070 867.2
1357080 866.7
1357090 869.3
1357100 869.3
1357110 871.9
1357120 874.3
1357130 874.3
1357140 876.8
1357150 879.2
1357160 879.2
1357170 881.5
1357180 883.4
1357190 883.4
1357200 885.1
1357210 886.7
1357220 886.7
1357230 889.1
1357240 891.4
1357250 891.4
1357260 892.9
1357270 894.6
1357280 895.5
1357290 895.5
1357300 896.7
1357310 899.2
1357320 899.2
1357330 902.2
1357340 904.5
1357350 904.5
1357360 906.6
1357370 907.8
1357380 907.8
1357390 903.2
1357400 897.2
1357410 897.2
1357420 892.6
1357430 895.9
1357440 895.9
1357450 903.3
1357460 909.8
1357470 909.8
1357480 915.5
1357490 922.4
1357500 922.4
1357510 930.2
1357520 937.8
1357530 937.8
1357540 943.1
1357550 947.4
1357560 947.4
1357570 949.8
1357580 951.5
1357590 954.4
1357600 954.4
1357610 957.6
1357620 960.1
1357630 960.1
1357640 962.7
1357650 965.6
1357660 965.6
1357670 963.8
1357680 967.3
1357690 967.3
1357700 969.9
1357710 972.2
1357720 972.2
1357730 974.2
1357740 976.6
1357750 976.6
1357760 979.2
1357770 981.5
1357780 981.5
1357790 982.7
1357800 982.6
1357810 982.6
1357820 986.2
1357830 987.9
1357840 987.9
1357850 987.2
1357860 990.8
1357870 990.8
1357880 993.7
1357890 995.1
1357900 997.4
1357910 997.4
1357920 1001.6
1357930 1004.3
1357940 1004.3
1357950 1006.8
1357960 1009.3
1357970 1009.3
1357980 1012.0
1357990 1014.8
1358000 1014.8
1358010 1017.1
1358020 1018.9
1358030 1018.9
1358040 1020.6
1358050 1022.1
1358060 1022.1
1358070 1022.8
1358080 1022.9
1358090 1022.9
1358100 1023.9
1358110 1025.3
1358120 1025.3
1358130 1026.2
1358140 1026.8
1358150 1026.8
1358160 1028.1
1358170 1029.1
1358180 1029.1
1358190 1029.7
1358200 1029.2
1358210 1028.5
1358220 1028.5
1358230 1028.9
1358240 1029.7
1358250 1029.7
1358260 1033.3
1358270 1035.4
1358280 1035.4
1358290 1034.6
1358300 1031.1
1358310 1031.1
1358320 1035.5
1358330 1040.7
1358340 1040.7
1358350 1040.7
1358360 1044.7
1358370 1044.7
1358380 1048.6
1358390 1047.5
1358400 1047.5
1358410 1045.1
1358420 1044.7
1358430 1044.7
1358440 1045.0
1358450 1046.9
1358460 1046.9
1358470 1046.9
1358480 1046.0
1358490 1046.0
1358500 1044.2
1358510 1043.5
1358520 1042.4
1358530 1042.4
1358540 1041.5
1358550 1041.0
1358560 1041.0
1358570 1041.3
1358580 1041.1
1358590 1041.1
1358600 1040.2
1358610 1039.5
1358620 1039.5
1358630 1039.1
1358640 1035.6
1358650 1035.6
1358660 1036.8
1358670 1042.6
1358680 1042.6
1358690 1041.2
1358700 1042.2
1358710 1042.2
1358720 1042.0
1358730 1042.0
1358740 1042.0
1358750 1042.4
1358760 1043.2
1358770 1043.2
1358780 1043.5
1358790 1043.8
1358800 1043.8
1358810 1044.5
1358820 1045.4
1358830 1045.5
1358840 1045.5
1358850 1045.5
1358860 1045.2
1358870 1045.2
1358880 1044.9
1358890 1044.5
1358900 1044.5
1358910 1043.8
1358920 1043.0
1358930 1043.0
1358940 1042.0
1358950 1040.5
1358960 1040.5
1358970 1038.9
1358980 1036.8
1358990 1036.8
1359000 1033.0
1359010 1028.5
1359020 1028.5
1359030 1025.8
1359040 1023.5
1359050 1023.5
1359060 1022.6
1359070 1021.7
1359080 1021.7
1359090 1020.5
1359100 1018.5
1359110 1018.5
1359120 1015.6
1359130 1012.8
1359140 1011.2
1359150 1011.2
1359160 1009.8
1359170 1008.1
1359180 1008.1
1359190 1005.9
1359200 1003.5
1359210 1003.5
1359220 1001.3
1359230 998.7
1359240 998.7
1359250 995.8
1359260 993.6
1359270 993.6
1359280 991.6
1359290 989.7
1359300 989.7
1359310 985.7
1359320 982.3
1359330 982.3
1359340 979.3
1359350 977.6
1359360 977.6
1359370 976.2
1359380 974.6
1359390 974.6
1359400 972.9
1359410 969.9
1359420 969.9
1359430 966.6
1359440 963.2
1359450 963.2
1359460 960.8
1359470 959.2
1359480 957.2
1359490 957.2
1359500 955.1
1359510 952.6
1359520 952.6
1359530 949.1
1359540 946.0
1359550 946.0
1359560 942.0
1359570 937.3
1359580 937.3
1359590 932.4
1359600 929.8
1359610 929.8
1359620 928.8
1359630 929.1
1359640 929.1
1359650 929.8
1359660 930.2
1359670 930.2
1359680 928.5
1359690 923.1
1359700 915.8
1359710 910.5
1359720 903.5
1359730 903.5
1359740 895.7
1359750 888.5
1359760 888.5
1359770 881.2
1359780 880.0
1359790 878.6
1359800 878.6
1359810 872.7
1359820 866.4
1359830 866.4
1359840 862.4
1359850 859.8
1359860 859.8
1359870 857.1
1359880 853.5
1359890 853.5
1359900 850.1
1359910 847.1
1359920 847.1
1359930 844.2
1359940 841.6
1359950 841.6
1359960 838.6
1359970 835.4
1359980 835.4
1359990 832.0
