1340000 1039.8
1340010 1039.8
1340020 1034.3
1340030 1026.9
1340040 1026.9
1340050 1019.9
1340060 1015.5
1340070 1015.5
1340080 1011.7
1340090 1007.0
1340100 1007.0
1340110 1001.7
1340120 995.6
1340130 1003.5
1340140 998.4
1340150 995.1
1340160 995.1
1340170 990.2
1340180 984.3
1340190 984.3
1340200 980.1
1340210 975.5
1340220 975.5
1340230 970.7
1340240 970.5
1340250 970.5
1340260 973.3
1340270 976.8
1340280 976.8
1340290 988.4
1340300 997.2
1340310 1004.5
1340320 1004.5
1340330 1012.9
1340340 1021.6
1340350 1021.6
1340360 1031.6
1340370 1040.8
1340380 1040.8
1340390 1051.6
1340400 1063.9
1340410 1063.9
1340420 1074.2
1340430 1080.7
1340440 1080.7
1340450 1083.5
1340460 1090.1
1340470 1090.1
1340480 1098.6
1340490 1101.5
1340500 1101.5
1340510 1106.4
1340520 1114.4
1340530 1114.4
1340540 1120.1
1340550 1124.2
1340560 1124.2
1340570 1133.8
1340580 1139.7
1340590 1139.7
1340600 1143.3
1340610 1148.9
1340620 1155.7
1340630 1155.7
1340640 1164.5
1340650 1172.3
1340660 1172.3
1340670 1178.8
1340680 1187.3
1340690 1187.3
1340700 1194.4
1340710 1199.1
1340720 1199.1
1340730 1206.1
1340740 1210.7
1340750 1210.7
1340760 1207.1
1340770 1203.3
1340780 1203.3
1340790 1199.2
1340800 1195.5
1340810 1195.5
1340820 1191.0
1340830 1186.9
1340840 1186.9
1340850 1183.3
1340860 1180.4
1340870 1180.4
1340880 1177.6
1340890 1174.6
1340900 1174.6
1340910 1172.6
1340920 1170.6
1340930 1167.5
1340940 1167.5
1340950 1164.0
1340960 1159.8
1340970 1159.8
1340980 1154.3
1340990 1148.1
1341000 1148.1
1341010 1143.0
1341020 1141.8
1341030 1141.8
1341040 1136.6
1341050 1133.4
1341060 1133.4
1341070 1129.2
1341080 1125.3
1341090 1125.3
1341100 1121.5
1341110 1117.4
1341120 1117.4
1341130 1114.3
1341140 1113.3
1341150 1113.3
1341160 1111.9
1341170 1109.9
1341180 1109.9
1341190 1107.5
1341200 1104.2
1341210 1104.2
1341220 1100.9
1341230 1098.0
1341240 1098.0
1341250 1095.8
1341260 1093.4
1341270 1090.1
1341280 1090.1
1341290 1086.6
1341300 1082.7
1341310 1082.7
1341320 1078.5
1341330 1075.1
1341340 1075.1
1341350 1072.2
1341360 1069.0
1341370 1069.0
1341380 1065.0
1341390 1060.5
1341400 1060.5
1341410 1055.2
1341420 1049.8
1341430 1049.8
1341440 1045.3
1341450 1041.5
1341460 1041.5
1341470 1038.0
1341480 1034.9
1341490 1034.9
1341500 1031.4
1341510 1027.9
1341520 1027.9
1341530 1024.4
1341540 1020.9
1341550 1020.9
1341560 1017.9
1341570 1015.1
1341580 1012.7
1341590 1012.7
1341600 1010.6
1341610 1008.5
1341620 1008.5
1341630 1006.5
1341640 1005.5
1341650 1005.5
1341660 1004.7
1341670 1004.6
1341680 1004.6
1341690 1002.0
1341700 999.1
1341710 999.1
1341720 996.2
1341730 992.9
1341740 992.9
1341750 989.8
1341760 987.6
1341770 987.6
1341780 986.4
1341790 983.3
1341800 983.3
1341810 980.6
1341820 980.0
1341830 980.0
1341840 977.2
1341850 973.8
1341860 973.8
1341870 971.4
1341880 968.5
1341890 965.7
1341900 965.7
1341910 962.5
1341920 960.6
1341930 960.6
1341940 957.9
1341950 955.0
1341960 955.0
1341970 952.4
1341980 951.2
1341990 951.2
1342000 951.3
1342010 953.4
1342020 953.4
1342030 957.0
1342040 961.2
1342050 961.2
1342060 963.0
1342070 963.2
1342080 963.2
1342090 962.9
1342100 962.7
1342110 962.7
1342120 962.9
1342130 963.2
1342140 963.2
1342150 963.5
1342160 963.8
1342170 963.8
1342180 964.1
1342190 964.6
1342200 964.6
1342210 964.7
1342220 965.0
1342230 966.2
1342240 966.2
1342250 967.8
1342260 969.7
1342270 969.7
1342280 971.1
1342290 973.3
1342300 973.3
1342310 975.0
1342320 976.9
1342330 976.9
1342340 978.7
1342350 980.9
1342360 980.9
1342370 983.3
1342380 984.3
1342390 984.3
1342400 985.2
1342410 986.6
1342420 986.6
1342430 987.2
1342440 987.9
1342450 987.9
1342460 990.0
1342470 992.6
1342480 992.6
1342490 995.2
1342500 997.6
1342510 997.6
1342520 999.7
1342530 1001.3
1342540 1004.2
1342550 1004.2
1342560 1007.2
1342570 1010.3
1342580 1010.3
1342590 1013.6
1342600 1016.9
1342610 1016.9
1342620 1020.8
1342630 1024.2
1342640 1024.2
1342650 1027.6
1342660 1031.5
1342670 1031.5
1342680 1035.5
1342690 1039.0
1342700 1039.0
1342710 1042.6
1342720 1047.3
1342730 1047.3
1342740 1051.4
1342750 1055.5
1342760 1055.5
1342770 1059.5
1342780 1063.6
1342790 1063.6
1342800 1068.1
1342810 1067.5
1342820 1067.5
1342830 1071.5
1342840 1075.5
1342850 1079.1
1342860 1079.1
1342870 1082.2
1342880 1085.0
1342890 1085.0
1342900 1088.3
1342910 1091.7
1342920 1091.7
1342930 1095.2
1342940 1098.5
1342950 1098.5
1342960 1101.2
1342970 1103.4
1342980 1103.4
1342990 1104.4
1343000 1105.6
1343010 1105.6
1343020 1106.2
1343030 1105.5
1343040 1105.5
1343050 1106.7
1343060 1106.7
1343070 1106.7
1343080 1103.7
1343090 1102.8
1343100 1102.8
1343110 1103.6
1343120 1104.7
1343130 1104.7
1343140 1105.2
1343150 1104.9
1343160 1104.9
1343170 1103.6
1343180 1103.8
1343190 1101.6
1343200 1101.6
1343210 1095.7
1343220 1091.8
1343230 1091.8
1343240 1094.8
1343250 1094.0
1343260 1094.0
1343270 1086.2
1343280 1079.1
1343290 1079.1
1343300 1078.5
1343310 1086.3
1343320 1086.3
1343330 1093.9
1343340 1096.6
1343350 1096.6
1343360 1096.2
1343370 1096.5
1343380 1096.5
1343390 1097.4
1343400 1096.0
1343410 1096.0
1343420 1093.5
1343430 1092.9
1343440 1092.9
1343450 1091.6
1343460 1092.3
1343470 1092.3
1343480 1093.3
1343490 1093.7
1343500 1093.4
1343510 1093.4
1343520 1093.1
1343530 1092.0
1343540 1092.0
1343550 1090.8
1343560 1090.7
1343570 1090.7
1343580 1091.5
1343590 1091.5
1343600 1091.5
1343610 1091.9
1343620 1093.6
1343630 1093.6
1343640 1094.0
1343650 1094.3
1343660 1094.3
1343670 1094.4
1343680 1094.5
1343690 1094.5
1343700 1094.6
1343710 1094.5
1343720 1089.5
1343730 1089.6
1343740 1089.7
1343750 1089.7
1343760 1090.1
1343770 1090.1
1343780 1090.1
1343790 1090.1
1343800 1090.4
1343810 1090.4
1343820 1091.5
1343830 1092.1
1343840 1093.1
1343850 1093.1
1343860 1094.0
1343870 1094.9
1343880 1094.9
1343890 1096.2
1343900 1097.5
1343910 1097.5
1343920 1098.4
1343930 1099.0
1343940 1099.0
1343950 1100.1
1343960 1101.6
1343970 1101.6
1343980 1102.3
1343990 1101.7
1344000 1101.7
1344010 1101.1
1344020 1100.9
1344030 1100.9
1344040 1100.9
1344050 1100.8
1344060 1100.8
1344070 1100.7
1344080 1100.0
1344090 1100.0
1344100 1099.2
1344110 1098.8
1344120 1098.8
1344130 1097.4
1344140 1097.1
1344150 1097.4
1344160 1097.4
1344170 1097.2
1344180 1096.7
1344190 1096.7
1344200 1097.6
1344210 1097.6
1344220 1097.6
1344230 1097.4
1344240 1096.5
1344250 1096.5
1344260 1095.4
1344270 1095.0
1344280 1095.0
1344290 1095.0
1344300 1094.0
1344310 1094.0
1344320 1092.9
1344330 1091.9
1344340 1091.9
1344350 1091.5
1344360 1090.6
1344370 1090.6
1344380 1089.5
1344390 1088.5
1344400 1088.5
1344410 1087.4
1344420 1086.0
1344430 1086.0
1344440 1083.9
1344450 1081.7
1344460 1080.1
1344470 1080.1
1344480 1077.8
1344490 1075.2
1344500 1075.2
1344510 1073.3
1344520 1071.0
1344530 1071.0
1344540 1068.2
1344550 1064.5
1344560 1064.5
1344570 1060.3
1344580 1055.7
1344590 1055.7
1344600 1051.9
1344610 1049.3
1344620 1049.3
1344630 1041.7
1344640 1037.7
1344650 1037.7
1344660 1033.7
1344670 1029.6
1344680 1029.6
1344690 1025.6
1344700 1021.4
1344710 1021.4
1344720 1017.4
1344730 1013.3
1344740 1013.3
1344750 1009.2
1344760 1005.5
1344770 1005.5
1344780 1002.7
1344790 1000.2
1344800 997.7
1344810 997.7
1344820 994.5
1344830 990.8
1344840 990.8
1344850 986.8
1344860 982.5
1344870 982.5
1344880 978.1
1344890 974.7
1344900 974.7
1344910 971.4
1344920 968.0
1344930 968.0
1344940 964.3
1344950 960.7
1344960 960.7
1344970 957.4
1344980 954.7
1344990 954.7
1345000 953.1
1345010 950.4
1345020 950.4
1345030 947.9
1345040 946.1
1345050 946.1
1345060 943.9
1345070 941.3
1345080 941.3
1345090 938.8
1345100 936.3
1345110 934.0
1345120 934.0
1345130 931.6
1345140 929.1
1345150 929.1
1345160 926.6
1345170 924.1
1345180 924.1
1345190 922.4
1345200 920.3
1345210 920.3
1345220 918.4
1345230 916.6
1345240 916.6
1345250 915.4
1345260 914.7
1345270 914.7
1345280 913.5
1345290 911.7
1345300 911.7
1345310 910.2
1345320 908.5
1345330 908.5
1345340 906.7
1345350 905.3
1345360 905.3
1345370 903.7
1345380 901.5
1345390 901.5
1345400 899.1
1345410 896.8
1345420 894.6
1345430 894.6
1345440 892.1
1345450 889.4
1345460 889.4
1345470 886.8
1345480 884.0
1345490 884.0
1345500 881.3
1345510 878.6
1345520 878.6
1345530 876.1
1345540 873.3
1345550 873.3
1345560 870.8
1345570 868.4
1345580 868.4
1345590 865.5
1345600 862.3
1345610 862.3
1345620 859.0
1345630 855.4
1345640 855.4
1345650 851.4
1345660 847.3
1345670 847.3
1345680 843.2
1345690 839.6
1345700 839.6
1345710 835.9
1345720 832.4
1345730 832.4
1345740 829.3
1345750 826.3
1345760 822.6
1345770 822.6
1345780 819.1
1345790 815.4
1345800 815.4
1345810 811.3
1345820 807.2
1345830 807.2
1345840 803.1
1345850 799.2
1345860 799.2
1345870 795.5
1345880 791.8
1345890 791.8
1345900 788.4
1345910 784.8
1345920 784.8
1345930 782.3
1345940 781.0
1345950 781.0
1345960 779.1
1345970 778.5
1345980 778.5
1345990 778.9
1346000 778.9
1346010 778.9
1346020 779.7
1346030 780.0
1346040 780.0
1346050 779.3
1346060 778.4
1346070 778.2
1346080 778.2
1346090 778.2
1346100 779.3
1346110 779.3
1346120 781.6
1346130 786.2
1346140 786.2
1346150 792.0
1346160 795.1
1346170 795.1
1346180 797.4
1346190 799.5
1346200 799.5
1346210 801.3
1346220 803.3
1346230 803.3
1346240 805.3
1346250 807.1
1346260 807.1
1346270 808.6
1346280 809.3
1346290 809.3
1346300 808.5
1346310 807.8
1346320 807.8
1346330 808.0
1346340 808.0
1346350 808.0
1346360 808.2
1346370 809.1
1346380 810.3
1346390 810.3
1346400 812.1
1346410 815.5
1346420 815.5
1346430 819.7
1346440 822.8
1346450 822.8
1346460 824.4
1346470 825.5
1346480 825.5
1346490 825.2
1346500 825.0
1346510 825.0
1346520 825.0
1346530 825.5
1346540 825.5
1346550 826.5
1346560 827.3
1346570 827.3
1346580 828.1
1346590 828.8
1346600 828.8
1346610 829.5
1346620 830.5
1346630 830.5
1346640 831.6
1346650 832.7
1346660 832.7
1346670 833.6
1346680 834.3
1346690 834.3
1346700 834.7
1346710 836.3
1346720 837.1
1346730 837.1
1346740 838.0
1346750 838.8
1346760 838.8
1346770 841.8
1346780 846.6
1346790 846.6
1346800 851.1
1346810 854.5
1346820 854.5
1346830 857.8
1346840 861.4
1346850 861.4
1346860 865.2
1346870 869.1
1346880 869.1
1346890 872.9
1346900 876.9
1346910 876.9
1346920 881.0
1346930 884.9
1346940 884.9
1346950 889.6
1346960 893.5
1346970 893.5
1346980 896.4
1346990 896.9
1347000 896.9
1347010 898.9
1347020 902.0
1347030 905.9
1347040 905.9
1347050 907.9
1347060 910.3
1347070 910.3
1347080 914.5
1347090 919.2
1347100 919.2
1347110 922.6
1347120 926.2
1347130 926.2
1347140 929.7
1347150 930.6
1347160 930.6
1347170 937.0
1347180 945.9
1347190 945.9
1347200 954.7
1347210 963.1
1347220 963.1
1347230 970.3
1347240 971.9
1347250 971.9
1347260 973.8
1347270 977.6
1347280 977.6
1347290 979.5
1347300 981.6
1347310 981.6
1347320 984.4
1347330 986.2
1347340 988.0
1347350 988.0
1347360 990.0
1347370 992.4
1347380 992.4
1347390 994.9
1347400 996.4
1347410 996.4
1347420 999.1
1347430 1001.9
1347440 1001.9
1347450 1004.7
1347460 1007.2
1347470 1007.2
1347480 1009.7
1347490 1012.4
1347500 1012.4
1347510 1015.0
1347520 1017.6
1347530 1017.6
1347540 1020.6
1347550 1023.6
1347560 1023.6
1347570 1027.4
1347580 1030.5
1347590 1030.5
1347600 1034.6
1347610 1038.9
1347620 1038.9
1347630 1042.4
1347640 1046.1
1347650 1046.1
1347660 1048.7
1347670 1049.2
1347680 1048.9
1347690 1048.9
1347700 1048.2
1347710 1047.3
1347720 1047.3
1347730 1046.5
1347740 1046.1
1347750 1046.1
1347760 1045.5
1347770 1045.2
1347780 1045.2
1347790 1045.0
1347800 1044.6
1347810 1044.6
1347820 1044.3
1347830 1044.3
1347840 1044.3
1347850 1044.6
1347860 1044.8
1347870 1044.8
1347880 1044.9
1347890 1044.9
1347900 1044.9
1347910 1045.0
1347920 1044.9
1347930 1044.9
1347940 1044.9
1347950 1045.0
1347960 1045.0
1347970 1045.0
1347980 1045.6
1347990 1046.6
1348000 1046.6
1348010 1047.7
1348020 1048.8
1348030 1048.8
1348040 1050.2
1348050 1051.3
1348060 1051.3
1348070 1052.3
1348080 1053.4
1348090 1053.4
1348100 1054.4
1348110 1055.4
1348120 1055.4
1348130 1056.4
1348140 1057.1
1348150 1057.1
1348160 1057.7
1348170 1058.4
1348180 1058.4
1348190 1059.0
1348200 1059.3
1348210 1059.3
1348220 1059.3
1348230 1058.5
1348240 1058.5
1348250 1057.4
1348260 1056.4
1348270 1056.4
1348280 1055.6
1348290 1054.3
1348300 1052.3
1348310 1052.3
1348320 1050.0
1348330 1046.0
1348340 1046.0
1348350 1043.2
1348360 1041.4
1348370 1041.4
1348380 1039.8
1348390 1039.9
1348400 1039.9
1348410 1040.0
1348420 1040.2
1348430 1040.2
1348440 1040.6
1348450 1041.4
1348460 1041.4
1348470 1041.9
1348480 1042.0
1348490 1042.0
1348500 1042.2
1348510 1042.5
1348520 1042.5
1348530 1042.6
1348540 1042.8
1348550 1042.8
1348560 1043.4
1348570 1043.8
1348580 1043.8
1348590 1043.9
1348600 1043.8
1348610 1043.8
1348620 1043.1
1348630 1042.3
1348640 1041.6
1348650 1041.6
1348660 1040.9
1348670 1039.9
1348680 1039.9
1348690 1039.3
1348700 1038.7
1348710 1038.7
1348720 1038.0
1348730 1037.2
1348740 1037.2
1348750 1036.6
1348760 1036.1
1348770 1036.1
1348780 1035.6
1348790 1035.4
1348800 1035.4
1348810 1035.3
1348820 1035.1
1348830 1035.1
1348840 1035.4
1348850 1035.8
1348860 1035.8
1348870 1036.0
1348880 1036.4
1348890 1036.4
1348900 1036.7
1348910 1037.0
1348920 1037.0
1348930 1037.0
1348940 1036.8
1348950 1036.9
1348960 1036.9
1348970 1036.8
1348980 1036.5
1348990 1036.5
1349000 1036.6
1349010 1037.2
1349020 1037.2
1349030 1037.7
1349040 1038.0
1349050 1038.0
1349060 1038.5
1349070 1038.9
1349080 1038.9
1349090 1039.0
1349100 1039.0
1349110 1039.0
1349120 1038.9
1349130 1038.7
1349140 1038.7
1349150 1038.3
1349160 1037.6
1349170 1037.6
1349180 1036.6
1349190 1035.9
1349200 1035.9
1349210 1035.2
1349220 1034.1
1349230 1034.1
1349240 1032.5
1349250 1031.0
1349260 1029.5
1349270 1030.3
1349280 1029.0
1349290 1028.1
1349300 1028.1
1349310 1026.9
1349320 1026.3
1349330 1026.3
1349340 1026.2
1349350 1025.6
1349360 1025.6
1349370 1024.5
1349380 1024.0
1349390 1024.0
1349400 1023.7
1349410 1022.6
1349420 1022.6
1349430 1021.1
1349440 1019.7
1349450 1019.7
1349460 1018.5
1349470 1017.1
1349480 1017.1
1349490 1015.7
1349500 1013.9
1349510 1013.9
1349520 1012.0
1349530 1009.8
1349540 1009.8
1349550 1007.7
1349560 1006.0
1349570 1006.0
1349580 1004.4
1349590 1002.8
1349600 1000.8
1349610 1000.8
1349620 998.0
1349630 995.2
1349640 995.2
1349650 993.0
1349660 991.2
1349670 991.2
1349680 990.2
1349690 989.5
1349700 989.5
1349710 988.5
1349720 986.9
1349730 986.9
1349740 984.2
1349750 981.0
1349760 981.0
1349770 977.5
1349780 974.4
1349790 974.4
1349800 971.4
1349810 969.0
1349820 969.0
1349830 967.5
1349840 966.7
1349850 966.7
1349860 966.0
1349870 964.1
1349880 964.1
1349890 961.3
1349900 958.4
1349910 955.2
1349920 955.2
1349930 952.0
1349940 949.1
1349950 949.1
1349960 945.4
1349970 941.3
1349980 941.3
1349990 937.3
1350000 935.1
1350010 935.1
1350020 933.3
1350030 931.9
1350040 931.9
1350050 929.8
1350060 927.3
1350070 927.3
1350080 924.2
1350090 920.7
1350100 920.7
1350110 917.0
1350120 913.1
1350130 913.1
1350140 909.5
1350150 905.4
1350160 905.4
1350170 900.7
1350180 895.1
1350190 895.1
1350200 890.6
1350210 891.6
1350220 888.5
1350230 888.5
1350240 885.1
1350250 881.9
1350260 881.9
1350270 879.1
1350280 876.1
1350290 876.1
1350300 873.6
1350310 871.2
1350320 871.2
1350330 868.2
1350340 865.4
1350350 865.4
1350360 862.3
1350370 859.1
1350380 859.1
1350390 856.0
1350400 852.4
1350410 852.4
1350420 849.5
1350430 847.1
1350440 847.1
1350450 844.5
1350460 841.8
1350470 841.8
1350480 838.9
1350490 836.5
1350500 836.5
1350510 833.9
1350520 831.6
1350530 831.6
1350540 829.4
1350550 827.0
1350560 825.0
1350570 825.0
1350580 823.3
1350590 821.9
1350600 821.9
1350610 820.8
1350620 819.9
1350630 819.9
1350640 818.9
1350650 817.9
1350660 817.9
1350670 816.9
1350680 816.3
1350690 816.3
1350700 815.8
1350710 815.1
1350720 815.1
1350730 814.1
1350740 813.1
1350750 813.1
1350760 812.1
1350770 811.4
1350780 811.4
1350790 811.0
1350800 810.9
1350810 810.9
1350820 810.9
1350830 811.0
1350840 811.0
1350850 811.3
1350860 811.5
1350870 811.2
1350880 811.2
1350890 810.7
1350900 810.2
1350910 810.2
1350920 809.8
1350930 809.4
1350940 809.4
1350950 809.0
1350960 808.5
1350970 808.5
1350980 808.2
1350990 807.5
1351000 807.5
1351010 806.8
1351020 806.0
1351030 806.0
1351040 805.3
1351050 804.2
1351060 804.2
1351070 802.8
1351080 801.1
1351090 801.1
1351100 798.6
1351110 795.5
1351120 795.5
1351130 792.5
1351140 789.6
1351150 789.6
1351160 786.8
1351170 784.3
1351180 781.8
1351190 781.8
1351200 778.9
1351210 775.8
1351220 775.8
1351230 773.3
1351240 770.1
1351250 770.1
1351260 766.6
1351270 763.5
1351280 763.5
1351290 760.4
1351300 758.0
1351310 758.0
1351320 756.0
1351330 752.8
1351340 752.8
1351350 748.6
1351360 746.2
1351370 746.2
1351380 745.4
1351390 747.4
1351400 747.4
1351410 748.7
1351420 747.4
1351430 747.4
1351440 746.3
1351450 745.0
1351460 745.0
1351470 743.2
1351480 740.9
1351490 738.2
1351500 738.2
1351510 736.2
1351520 733.9
1351530 733.9
1351540 731.8
1351550 729.6
1351560 729.6
1351570 728.0
1351580 726.5
1351590 726.5
1351600 724.4
1351610 721.9
1351620 721.9
1351630 719.5
1351640 717.9
1351650 717.9
1351660 716.9
1351670 715.9
1351680 715.9
1351690 715.2
1351700 714.6
1351710 714.6
1351720 713.5
1351730 712.3
1351740 712.3
1351750 711.5
1351760 710.4
1351770 710.4
1351780 708.4
1351790 706.1
1351800 706.1
1351810 704.1
1351820 700.5
1351830 697.4
1351840 697.4
1351850 695.1
1351860 693.9
1351870 693.9
1351880 692.6
1351890 691.4
1351900 691.4
1351910 689.3
1351920 685.8
1351930 685.8
1351940 681.0
1351950 677.4
1351960 677.4
1351970 672.3
1351980 668.0
1351990 668.0
1352000 662.2
1352010 658.1
1352020 658.1
1352030 655.4
1352040 650.7
1352050 650.7
1352060 643.8
1352070 638.9
1352080 638.9
1352090 631.8
1352100 624.1
1352110 624.1
1352120 615.0
1352130 615.7
1352140 612.2
1352150 612.2
1352160 605.7
1352170 598.1
1352180 598.1
1352190 590.8
1352200 589.0
1352210 589.0
1352220 588.4
1352230 587.7
1352240 587.7
1352250 587.1
1352260 586.7
1352270 586.7
1352280 585.5
1352290 583.8
1352300 583.8
1352310 583.4
1352320 583.6
1352330 583.6
1352340 585.5
1352350 586.8
1352360 586.8
1352370 586.9
1352380 586.8
1352390 586.8
1352400 586.8
1352410 587.1
1352420 587.1
1352430 588.4
1352440 588.4
1352450 588.5
1352460 588.5
1352470 588.7
1352480 588.7
1352490 588.7
1352500 588.7
1352510 588.5
1352520 588.5
1352530 588.3
1352540 588.3
1352550 588.3
1352560 587.9
1352570 587.7
1352580 587.7
1352590 587.8
1352600 588.0
1352610 588.0
1352620 588.8
1352630 589.0
1352640 589.0
1352650 588.8
1352660 589.1
1352670 589.1
1352680 589.7
1352690 590.8
1352700 590.8
1352710 591.5
1352720 591.8
1352730 591.8
1352740 593.4
1352750 593.7
1352760 593.7
1352770 594.8
1352780 596.5
1352790 598.5
1352800 598.5
1352810 601.1
1352820 602.9
1352830 602.9
1352840 605.4
1352850 607.6
1352860 607.6
1352870 610.1
1352880 615.2
1352890 615.2
1352900 621.1
1352910 627.3
1352920 627.3
1352930 633.4
1352940 640.2
1352950 640.2
1352960 648.7
1352970 656.2
1352980 656.2
1352990 659.0
1353000 662.0
1353010 662.0
1353020 666.2
1353030 671.6
1353040 671.6
1353050 677.8
1353060 681.0
1353070 681.0
1353080 680.3
1353090 679.7
1353100 678.9
1353110 678.9
1353120 678.4
1353130 678.1
1353140 678.1
1353150 677.8
1353160 677.5
1353170 677.5
1353180 677.2
1353190 676.8
1353200 676.8
1353210 673.8
1353220 669.5
1353230 669.5
1353240 669.8
1353250 666.1
1353260 666.1
1353270 659.2
1353280 654.0
1353290 654.0
1353300 651.6
1353310 655.8
1353320 655.8
1353330 661.7
1353340 669.1
1353350 669.1
1353360 675.3
1353370 676.7
1353380 676.7
1353390 677.4
1353400 678.3
1353410 678.8
1353420 678.8
1353430 680.7
1353440 684.0
1353450 684.0
1353460 687.6
1353470 691.3
1353480 691.3
1353490 693.3
1353500 693.7
1353510 693.7
1353520 694.5
1353530 698.5
1353540 698.5
1353550 703.3
1353560 708.3
1353570 708.3
1353580 711.7
1353590 717.2
1353600 717.2
1353610 723.1
1353620 729.8
1353630 729.8
1353640 736.0
1353650 738.8
1353660 738.8
1353670 740.0
1353680 741.2
1353690 741.2
1353700 742.5
1353710 743.9
1353720 743.9
1353730 745.0
1353740 746.3
1353750 746.1
1353760 746.1
1353770 742.0
1353780 738.2
1353790 738.2
1353800 734.8
1353810 731.5
1353820 731.5
1353830 728.2
1353840 725.9
1353850 725.9
1353860 726.4
1353870 723.8
1353880 723.8
1353890 718.4
1353900 714.8
1353910 714.8
1353920 709.7
1353930 706.7
1353940 706.7
1353950 704.3
1353960 704.5
1353970 704.5
1353980 706.6
1353990 710.9
1354000 710.9
1354010 714.6
1354020 721.0
1354030 721.0
1354040 728.1
1354050 735.0
1354060 741.4
1354070 746.5
1354080 753.9
1354090 761.4
1354100 761.4
1354110 765.9
1354120 769.0
1354130 769.0
1354140 769.7
1354150 769.8
1354160 769.8
1354170 770.9
1354180 775.0
1354190 775.0
1354200 779.9
1354210 784.8
1354220 784.8
1354230 789.3
1354240 794.3
1354250 794.3
1354260 798.8
1354270 802.7
1354280 802.7
1354290 805.9
1354300 808.3
1354310 808.3
1354320 808.2
1354330 805.5
1354340 805.5
1354350 803.9
1354360 798.6
1354370 797.1
1354380 797.1
1354390 803.9
1354400 806.4
1354410 806.4
1354420 803.5
1354430 801.5
1354440 801.5
1354450 801.7
1354460 798.8
1354470 798.8
1354480 792.8
1354490 797.0
1354500 797.0
1354510 805.6
1354520 814.0
1354530 814.0
1354540 822.3
1354550 832.3
1354560 832.3
1354570 844.2
1354580 852.9
1354590 852.9
1354600 854.1
1354610 855.0
1354620 855.0
1354630 856.5
1354640 857.4
1354650 857.4
1354660 857.3
1354670 857.9
1354680 857.9
1354690 859.2
1354700 861.4
1354710 863.8
1354720 863.8
1354730 866.1
1354740 868.0
1354750 868.0
1354760 869.3
1354770 871.2
1354780 871.2
1354790 873.5
1354800 875.7
1354810 875.7
1354820 874.0
1354830 866.7
1354840 866.7
1354850 861.2
1354860 855.1
1354870 855.1
1354880 849.3
1354890 846.3
1354900 846.3
1354910 844.3
1354920 846.5
1354930 846.5
1354940 854.5
1354950 862.1
1354960 862.1
1354970 868.8
1354980 876.7
1354990 876.7
1355000 882.5
1355010 886.3
1355020 890.1
1355030 890.1
1355040 894.2
1355050 897.6
1355060 897.6
1355070 903.1
1355080 907.8
1355090 907.8
1355100 910.2
1355110 912.3
1355120 912.3
1355130 914.7
1355140 916.7
1355150 916.7
1355160 918.5
1355170 920.8
1355180 920.8
1355190 922.7
1355200 922.6
1355210 922.6
1355220 917.6
1355230 916.8
1355240 916.8
1355250 923.7
1355260 928.4
1355270 928.4
1355280 931.3
1355290 935.0
1355300 935.0
1355310 938.5
1355320 940.7
1355330 940.6
1355340 940.6
1355350 938.0
1355360 935.3
1355370 935.3
1355380 930.9
1355390 926.0
1355400 926.0
1355410 924.4
1355420 924.2
1355430 924.2
1355440 926.4
1355450 929.8
1355460 929.8
1355470 930.2
1355480 929.5
1355490 929.5
1355500 929.6
1355510 929.9
1355520 929.9
1355530 930.2
1355540 927.5
1355550 927.5
1355560 919.7
1355570 918.2
1355580 918.2
1355590 927.6
1355600 935.9
1355610 935.9
1355620 943.4
1355630 949.8
1355640 949.8
1355650 955.0
1355660 959.7
1355670 966.2
1355680 966.2
1355690 971.7
1355700 976.0
1355710 976.0
1355720 981.9
1355730 987.0
1355740 987.0
1355750 990.3
1355760 993.2
1355770 993.2
1355780 997.4
1355790 1002.4
1355800 1002.4
1355810 1004.3
1355820 1005.8
1355830 1005.8
1355840 1006.9
1355850 1009.0
1355860 1009.0
1355870 1011.5
1355880 1013.7
1355890 1013.7
1355900 1015.7
1355910 1018.1
1355920 1018.1
1355930 1020.7
1355940 1022.6
1355950 1022.6
1355960 1025.0
1355970 1028.9
1355980 1034.4
1355990 1034.4
1356000 1039.8
1356010 1046.0
1356020 1046.0
1356030 1051.5
1356040 1054.5
1356050 1054.5
1356060 1058.8
1356070 1062.9
1356080 1062.9
1356090 1067.0
1356100 1069.9
1356110 1069.9
1356120 1072.0
1356130 1074.6
1356140 1074.6
1356150 1077.3
1356160 1080.3
1356170 1080.3
1356180 1083.5
1356190 1086.4
1356200 1086.4
1356210 1089.1
1356220 1091.5
1356230 1091.5
1356240 1093.8
1356250 1096.3
1356260 1096.3
1356270 1100.8
1356280 1104.5
1356290 1107.3
1356300 1107.3
1356310 1109.4
1356320 1111.7
1356330 1111.7
1356340 1113.8
1356350 1116.1
1356360 1116.1
1356370 1118.3
1356380 1120.3
1356390 1120.3
1356400 1122.4
1356410 1124.2
1356420 1124.2
1356430 1125.3
1356440 1121.3
1356450 1121.3
1356460 1118.3
1356470 1121.2
1356480 1121.2
1356490 1123.3
1356500 1125.2
1356510 1125.2
1356520 1127.4
1356530 1128.7
1356540 1128.7
1356550 1128.6
1356560 1129.7
1356570 1129.7
1356580 1132.5
1356590 1136.3
1356600 1136.3
1356610 1138.8
1356620 1140.6
1356630 1140.5
1356640 1140.5
1356650 1139.3
1356660 1137.0
1356670 1137.0
1356680 1135.8
1356690 1135.4
1356700 1135.4
1356710 1135.2
1356720 1136.0
1356730 1136.0
1356740 1137.0
1356750 1136.9
1356760 1136.9
1356770 1134.5
1356780 1134.1
1356790 1134.1
1356800 1137.0
1356810 1137.2
1356820 1137.2
1356830 1135.3
1356840 1135.0
1356850 1135.0
1356860 1141.0
1356870 1147.4
1356880 1147.4
1356890 1151.9
1356900 1154.1
1356910 1154.1
1356920 1155.8
1356930 1156.8
1356940 1153.1
1356950 1153.1
1356960 1147.5
1356970 1150.9
1356980 1150.9
1356990 1157.1
1357000 1162.6
1357010 1162.6
1357020 1167.4
1357030 1172.8
1357040 1170.4
1357050 1174.9
1357060 1180.9
1357070 1180.9
1357080 1188.4
1357090 1195.6
1357100 1195.6
1357110 1200.0
1357120 1202.8
1357130 1202.8
1357140 1205.0
1357150 1206.9
1357160 1206.9
1357170 1210.0
1357180 1213.3
1357190 1213.3
1357200 1216.2
1357210 1218.9
1357220 1218.9
1357230 1221.7
1357240 1224.8
1357250 1227.1
1357260 1227.1
1357270 1228.4
1357280 1231.5
1357290 1231.5
1357300 1234.3
1357310 1236.6
1357320 1236.6
1357330 1239.0
1357340 1242.1
1357350 1242.1
1357360 1244.7
1357370 1247.0
1357380 1247.0
1357390 1249.2
1357400 1251.0
1357410 1251.0
1357420 1252.5
1357430 1254.1
1357440 1254.1
1357450 1255.9
1357460 1257.7
1357470 1257.7
1357480 1260.9
1357490 1265.0
1357500 1265.0
1357510 1269.4
1357520 1274.3
1357530 1274.3
1357540 1278.8
1357550 1284.3
1357560 1284.3
1357570 1288.3
1357580 1291.1
1357590 1294.8
1357600 1294.8
1357610 1299.7
1357620 1302.3
1357630 1302.3
1357640 1306.4
1357650 1311.7
1357660 1311.7
1357670 1316.8
1357680 1322.2
1357690 1322.2
1357700 1326.3
1357710 1329.5
1357720 1329.5
1357730 1333.9
1357740 1340.2
1357750 1340.2
1357760 1347.1
1357770 1352.8
1357780 1352.8
1357790 1357.1
1357800 1360.5
1357810 1360.5
1357820 1363.4
1357830 1366.3
1357840 1366.3
1357850 1367.6
1357860 1369.5
1357870 1369.5
1357880 1372.6
1357890 1375.5
1357900 1377.5
1357910 1377.5
1357920 1379.4
1357930 1381.3
1357940 1381.3
1357950 1382.8
1357960 1384.6
1357970 1384.6
1357980 1386.5
1357990 1388.7
1358000 1388.7
1358010 1390.6
1358020 1392.3
1358030 1392.3
1358040 1391.4
1358050 1392.6
1358060 1392.6
1358070 1393.8
1358080 1394.7
1358090 1394.7
1358100 1393.7
1358110 1392.2
1358120 1392.2
1358130 1394.3
1358140 1396.9
1358150 1396.9
1358160 1398.8
1358170 1400.2
1358180 1400.2
1358190 1401.9
1358200 1404.7
1358210 1406.5
1358220 1406.5
1358230 1407.7
1358240 1408.9
1358250 1408.9
1358260 1410.4
1358270 1412.4
1358280 1412.4
1358290 1414.1
1358300 1415.7
1358310 1415.7
1358320 1418.1
1358330 1420.4
1358340 1420.4
1358350 1424.1
1358360 1427.6
1358370 1427.6
1358380 1430.2
1358390 1432.7
1358400 1432.7
1358410 1435.9
1358420 1438.7
1358430 1438.7
1358440 1441.4
1358450 1444.7
1358460 1444.7
1358470 1447.1
1358480 1448.9
1358490 1448.9
1358500 1450.5
1358510 1451.1
1358520 1451.1
1358530 1450.7
1358540 1449.7
1358550 1449.2
1358560 1449.2
1358570 1448.7
1358580 1448.2
1358590 1448.2
1358600 1447.5
1358610 1447.5
1358620 1447.5
1358630 1447.2
1358640 1446.4
1358650 1446.4
1358660 1445.8
1358670 1445.1
1358680 1445.1
1358690 1443.9
1358700 1442.2
1358710 1442.2
1358720 1440.5
1358730 1439.5
1358740 1439.5
1358750 1439.1
1358760 1440.8
1358770 1440.8
1358780 1443.7
1358790 1445.7
1358800 1445.7
1358810 1447.0
1358820 1447.8
1358830 1447.8
1358840 1448.1
1358850 1448.7
1358860 1448.9
1358870 1448.9
1358880 1449.0
1358890 1448.8
1358900 1448.8
1358910 1447.9
1358920 1446.6
1358930 1446.6
1358940 1444.0
1358950 1443.5
1358960 1443.5
1358970 1443.8
1358980 1441.5
1358990 1441.5
1359000 1439.1
1359010 1437.2
1359020 1437.2
1359030 1436.1
1359040 1435.4
1359050 1435.4
1359060 1430.6
1359070 1427.9
1359080 1427.9
1359090 1428.2
1359100 1426.8
1359110 1426.8
1359120 1424.0
1359130 1421.4
1359140 1421.4
1359150 1420.3
1359160 1419.6
1359170 1418.3
1359180 1418.3
1359190 1416.7
1359200 1415.0
1359210 1415.0
1359220 1412.5
1359230 1409.4
1359240 1409.4
1359250 1407.0
1359260 1404.7
1359270 1404.7
1359280 1404.6
1359290 1405.2
1359300 1405.2
1359310 1404.0
1359320 1406.8
1359330 1406.8
1359340 1408.7
1359350 1408.9
1359360 1408.9
1359370 1409.2
1359380 1409.3
1359390 1409.3
1359400 1409.0
1359410 1408.2
1359420 1408.2
1359430 1407.2
1359440 1406.6
1359450 1406.6
1359460 1406.2
1359470 1405.2
1359480 1405.2
1359490 1404.3
1359500 1403.4
1359510 1402.8
1359520 1402.8
1359530 1402.1
1359540 1401.4
1359550 1401.4
1359560 1400.1
1359570 1398.3
1359580 1398.3
1359590 1396.6
1359600 1395.4
1359610 1395.4
1359620 1393.3
1359630 1392.1
1359640 1392.1
1359650 1391.2
1359660 1388.8
1359670 1388.8
1359680 1386.1
1359690 1384.8
1359700 1384.8
1359710 1382.2
1359720 1377.7
1359730 1377.7
1359740 1374.2
1359750 1371.5
1359760 1371.5
1359770 1369.9
1359780 1367.5
1359790 1367.5
1359800 1364.2
1359810 1360.0
1359820 1356.6
1359830 1356.6
1359840 1353.1
1359850 1348.1
1359860 1348.1
1359870 1344.5
1359880 1340.3
1359890 1340.3
1359900 1333.2
1359910 1325.6
1359920 1325.6
1359930 1318.5
1359940 1312.9
1359950 1312.9
1359960 1309.5
1359970 1306.9
1359980 1306.9
1359990 1303.7
