1340000 912.0
1340010 913.2
1340020 913.2
1340030 906.5
1340040 903.0
1340050 903.0
1340060 898.0
1340070 899.8
1340080 899.8
1340090 909.5
1340100 921.9
1340110 921.9
1340120 931.2
1340130 941.0
1340140 941.0
1340150 951.5
1340160 958.3
1340170 958.3
1340180 961.6
1340190 968.2
1340200 968.2
1340210 974.3
1340220 982.8
1340230 991.7
1340240 991.7
1340250 999.8
1340260 1006.5
1340270 1006.5
1340280 1014.9
1340290 1025.2
1340300 1025.2
1340310 1035.7
1340320 1043.9
1340330 1043.9
1340340 1051.5
1340350 1058.3
1340360 1058.3
1340370 1062.9
1340380 1067.6
1340390 1067.6
1340400 1073.4
1340410 1077.9
1340420 1077.9
1340430 1080.6
1340440 1082.1
1340450 1082.1
1340460 1085.0
1340470 1089.2
1340480 1089.2
1340490 1094.2
1340500 1098.2
1340510 1098.2
1340520 1100.9
1340530 1104.3
1340540 1108.4
1340550 1108.4
1340560 1111.6
1340570 1113.6
1340580 1113.6
1340590 1113.6
1340600 1113.0
1340610 1113.0
1340620 1113.8
1340630 1116.9
1340640 1116.9
1340650 1120.6
1340660 1122.6
1340670 1122.6
1340680 1122.0
1340690 1118.8
1340700 1118.8
1340710 1116.3
1340720 1114.8
1340730 1114.8
1340740 1114.0
1340750 1113.7
1340760 1113.7
1340770 1113.1
1340780 1110.0
1340790 1110.0
1340800 1106.4
1340810 1102.8
1340820 1102.8
1340830 1099.7
1340840 1097.6
1340850 1097.6
1340860 1096.0
1340870 1094.6
1340880 1092.0
1340890 1092.0
1340900 1089.3
1340910 1087.5
1340920 1087.5
1340930 1088.7
1340940 1092.1
1340950 1092.1
1340960 1091.0
1340970 1087.3
1340980 1087.3
1340990 1083.4
1341000 1080.0
1341010 1080.0
1341020 1076.2
1341030 1070.5
1341040 1070.5
1341050 1066.0
1341060 1062.4
1341070 1062.4
1341080 1059.7
1341090 1060.6
1341100 1060.6
1341110 1061.7
1341120 1060.7
1341130 1060.7
1341140 1058.7
1341150 1056.4
1341160 1056.4
1341170 1053.7
1341180 1050.4
1341190 1047.7
1341200 1047.7
1341210 1044.0
1341220 1038.5
1341230 1038.5
1341240 1038.0
1341250 1038.0
1341260 1038.0
1341270 1035.8
1341280 1033.6
1341290 1035.6
1341300 1032.7
1341310 1030.0
1341320 1030.0
1341330 1027.0
1341340 1024.3
1341350 1024.3
1341360 1021.9
1341370 1019.5
1341380 1019.5
1341390 1016.8
1341400 1013.2
1341410 1013.2
1341420 1010.4
1341430 1007.8
1341440 1007.8
1341450 1004.7
1341460 1002.3
1341470 1002.3
1341480 999.7
1341490 997.3
1341500 997.3
1341510 996.2
1341520 995.4
1341530 994.5
1341540 994.5
1341550 993.3
1341560 991.8
1341570 991.8
1341580 989.9
1341590 987.8
1341600 987.8
1341610 985.9
1341620 984.6
1341630 984.6
1341640 983.6
1341650 982.8
1341660 982.8
1341670 982.1
1341680 981.5
1341690 981.5
1341700 981.3
1341710 981.6
1341720 981.6
1341730 982.8
1341740 984.4
1341750 984.4
1341760 986.7
1341770 989.1
1341780 989.1
1341790 991.5
1341800 993.8
1341810 993.8
1341820 996.4
1341830 1000.6
1341840 1005.3
1341850 1005.3
1341860 1008.3
1341870 1008.8
1341880 1008.8
1341890 1009.4
1341900 1011.0
1341910 1011.0
1341920 1013.3
1341930 1016.1
1341940 1016.1
1341950 1018.0
1341960 1019.4
1341970 1019.4
1341980 1021.0
1341990 1021.8
1342000 1021.8
1342010 1021.8
1342020 1021.5
1342030 1021.5
1342040 1020.8
1342050 1020.1
1342060 1020.1
1342070 1019.9
1342080 1020.0
1342090 1020.0
1342100 1020.0
1342110 1019.2
1342120 1019.2
1342130 1019.3
1342140 1018.7
1342150 1016.5
1342160 1016.5
1342170 1017.6
1342180 1016.0
1342190 1016.0
1342200 1017.5
1342210 1019.5
1342220 1019.5
1342230 1021.9
1342240 1023.9
1342250 1023.9
1342260 1025.9
1342270 1029.0
1342280 1029.0
1342290 1031.9
1342300 1034.1
1342310 1034.1
1342320 1037.0
1342330 1040.2
1342340 1040.2
1342350 1043.8
1342360 1046.9
1342370 1046.9
1342380 1049.4
1342390 1053.6
1342400 1053.6
1342410 1059.0
1342420 1063.7
1342430 1063.7
1342440 1068.5
1342450 1073.7
1342460 1073.7
1342470 1078.8
1342480 1083.8
1342490 1088.2
1342500 1088.2
1342510 1093.1
1342520 1098.4
1342530 1098.4
1342540 1103.7
1342550 1108.5
1342560 1108.5
1342570 1113.1
1342580 1116.9
1342590 1116.9
1342600 1120.2
1342610 1124.1
1342620 1124.1
1342630 1127.7
1342640 1130.2
1342650 1130.2
1342660 1131.4
1342670 1130.9
1342680 1130.9
1342690 1125.7
1342700 1123.7
1342710 1123.7
1342720 1132.1
1342730 1141.0
1342740 1141.0
1342750 1149.9
1342760 1158.6
1342770 1158.6
1342780 1165.4
1342790 1171.7
1342800 1176.9
1342810 1176.9
1342820 1181.5
1342830 1186.7
1342840 1186.7
1342850 1192.1
1342860 1197.5
1342870 1197.5
1342880 1203.0
1342890 1208.1
1342900 1208.1
1342910 1213.1
1342920 1217.9
1342930 1217.9
1342940 1222.8
1342950 1226.7
1342960 1226.7
1342970 1229.6
1342980 1232.0
1342990 1232.0
1343000 1234.1
1343010 1235.5
1343020 1235.5
1343030 1236.4
1343040 1237.1
1343050 1237.1
1343060 1238.0
1343070 1238.5
1343080 1235.2
1343090 1235.3
1343100 1235.4
1343110 1235.2
1343120 1235.2
1343130 1234.7
1343140 1234.5
1343150 1234.5
1343160 1234.4
1343170 1231.5
1343180 1231.5
1343190 1227.0
1343200 1225.5
1343210 1225.5
1343220 1228.0
1343230 1231.7
1343240 1231.7
1343250 1229.0
1343260 1228.7
1343270 1228.7
1343280 1230.7
1343290 1231.0
1343300 1231.0
1343310 1228.0
1343320 1230.0
1343330 1230.0
1343340 1229.1
1343350 1230.1
1343360 1230.1
1343370 1230.3
1343380 1231.7
1343390 1231.7
1343400 1231.6
1343410 1230.9
1343420 1230.9
1343430 1231.3
1343440 1231.2
1343450 1231.1
1343460 1231.1
1343470 1230.9
1343480 1230.6
1343490 1230.6
1343500 1231.0
1343510 1233.0
1343520 1233.0
1343530 1233.7
1343540 1233.8
1343550 1233.8
1343560 1234.2
1343570 1234.8
1343580 1234.8
1343590 1235.4
1343600 1236.1
1343610 1236.1
1343620 1236.7
1343630 1236.9
1343640 1236.9
1343650 1236.6
1343660 1235.9
1343670 1235.9
1343680 1234.9
1343690 1233.9
1343700 1233.9
1343710 1233.2
1343720 1232.3
1343730 1232.3
1343740 1231.3
1343750 1230.0
1343760 1229.2
1343770 1229.2
1343780 1227.6
1343790 1224.7
1343800 1224.7
1343810 1223.3
1343820 1222.4
1343830 1222.4
1343840 1219.9
1343850 1217.5
1343860 1217.5
1343870 1214.9
1343880 1211.5
1343890 1211.5
1343900 1209.1
1343910 1207.2
1343920 1207.2
1343930 1205.5
1343940 1203.6
1343950 1203.6
1343960 1201.4
1343970 1198.6
1343980 1198.6
1343990 1191.7
1344000 1189.3
1344010 1189.3
1344020 1187.4
1344030 1185.3
1344040 1185.3
1344050 1185.5
1344060 1185.2
1344070 1185.2
1344080 1184.1
1344090 1182.1
1344100 1179.8
1344110 1179.8
1344120 1177.5
1344130 1175.4
1344140 1175.4
1344150 1172.7
1344160 1169.6
1344170 1169.6
1344180 1167.0
1344190 1163.8
1344200 1163.8
1344210 1160.9
1344220 1157.7
1344230 1157.7
1344240 1154.6
1344250 1150.8
1344260 1150.8
1344270 1146.0
1344280 1141.7
1344290 1141.7
1344300 1139.1
1344310 1136.2
1344320 1136.2
1344330 1132.5
1344340 1128.5
1344350 1128.5
1344360 1125.0
1344370 1122.0
1344380 1122.0
1344390 1118.5
1344400 1114.7
1344410 1110.9
1344420 1110.9
1344430 1107.0
1344440 1103.4
1344450 1103.4
1344460 1100.1
1344470 1097.7
1344480 1097.7
1344490 1094.8
1344500 1091.6
1344510 1091.6
1344520 1088.6
1344530 1085.7
1344540 1085.7
1344550 1083.4
1344560 1081.8
1344570 1081.8
1344580 1080.5
1344590 1080.2
1344600 1080.2
1344610 1081.4
1344620 1083.3
1344630 1083.3
1344640 1084.4
1344650 1085.5
1344660 1085.5
1344670 1088.0
1344680 1091.0
1344690 1091.0
1344700 1092.8
1344710 1092.6
1344720 1090.2
1344730 1090.2
1344740 1086.4
1344750 1081.3
1344760 1081.3
1344770 1074.6
1344780 1068.3
1344790 1068.3
1344800 1061.7
1344810 1053.7
1344820 1053.7
1344830 1046.3
1344840 1039.3
1344850 1039.3
1344860 1033.0
1344870 1027.4
1344880 1027.4
1344890 1022.4
1344900 1018.1
1344910 1018.1
1344920 1014.0
1344930 1011.9
1344940 1011.9
1344950 1009.9
1344960 1008.1
1344970 1008.1
1344980 1007.2
1344990 1006.3
1345000 1006.3
1345010 1004.9
1345020 1003.4
1345030 1003.4
1345040 1001.7
1345050 999.4
1345060 997.6
1345070 997.6
1345080 995.6
1345090 993.5
1345100 993.5
1345110 991.5
1345120 989.5
1345130 989.5
1345140 987.0
1345150 983.7
1345160 983.7
1345170 980.1
1345180 977.3
1345190 977.3
1345200 975.0
1345210 972.3
1345220 972.3
1345230 969.8
1345240 967.9
1345250 967.9
1345260 965.6
1345270 962.5
1345280 962.5
1345290 960.4
1345300 958.5
1345310 958.5
1345320 956.2
1345330 954.3
1345340 954.3
1345350 953.1
1345360 952.6
1345370 951.3
1345380 951.3
1345390 950.4
1345400 948.5
1345410 948.5
1345420 944.6
1345430 934.2
1345440 934.2
1345450 924.1
1345460 916.1
1345470 916.1
1345480 909.7
1345490 904.2
1345500 904.2
1345510 898.4
1345520 890.7
1345530 890.7
1345540 883.4
1345550 876.9
1345560 876.9
1345570 870.4
1345580 864.4
1345590 864.4
1345600 858.2
1345610 853.9
1345620 853.9
1345630 849.9
1345640 845.9
1345650 845.9
1345660 842.2
1345670 839.2
1345680 836.1
1345690 836.1
1345700 833.3
1345710 831.3
1345720 831.3
1345730 830.0
1345740 829.0
1345750 829.0
1345760 828.5
1345770 828.4
1345780 828.4
1345790 828.8
1345800 829.4
1345810 829.4
1345820 829.8
1345830 829.9
1345840 829.9
1345850 830.7
1345860 831.5
1345870 831.5
1345880 833.4
1345890 836.7
1345900 836.7
1345910 841.2
1345920 846.3
1345930 846.3
1345940 851.3
1345950 854.6
1345960 854.6
1345970 853.3
1345980 851.2
1345990 851.2
1346000 849.3
1346010 847.1
1346020 844.3
1346030 844.3
1346040 841.5
1346050 839.0
1346060 839.0
1346070 836.4
1346080 834.1
1346090 834.1
1346100 832.0
1346110 829.7
1346120 829.7
1346130 827.5
1346140 824.9
1346150 824.9
1346160 822.1
1346170 818.4
1346180 818.4
1346190 813.5
1346200 809.5
1346210 809.5
1346220 805.5
1346230 801.6
1346240 801.6
1346250 797.9
1346260 794.2
1346270 794.2
1346280 789.9
1346290 784.9
1346300 784.9
1346310 779.7
1346320 775.1
1346330 770.8
1346340 770.8
1346350 768.7
1346360 766.8
1346370 766.8
1346380 768.0
1346390 773.3
1346400 773.3
1346410 779.4
1346420 782.4
1346430 782.4
1346440 784.4
1346450 785.7
1346460 785.7
1346470 786.7
1346480 790.2
1346490 790.2
1346500 793.2
1346510 795.0
1346520 795.0
1346530 796.7
1346540 798.4
1346550 798.4
1346560 800.4
1346570 802.5
1346580 802.5
1346590 804.8
1346600 807.5
1346610 807.5
1346620 810.9
1346630 814.7
1346640 814.7
1346650 816.9
1346660 818.6
1346670 821.1
1346680 821.1
1346690 824.4
1346700 827.1
1346710 827.1
1346720 829.8
1346730 833.1
1346740 832.6
1346750 836.5
1346760 840.8
1346770 840.8
1346780 844.5
1346790 848.9
1346800 848.9
1346810 854.3
1346820 859.6
1346830 859.6
1346840 864.7
1346850 870.0
1346860 870.0
1346870 875.7
1346880 881.4
1346890 881.4
1346900 886.4
1346910 891.4
1346920 891.4
1346930 896.4
1346940 901.3
1346950 901.3
1346960 906.3
1346970 911.7
1346980 917.3
1346990 917.3
1347000 923.2
1347010 929.4
1347020 929.4
1347030 935.5
1347040 941.1
1347050 941.1
1347060 947.4
1347070 953.8
1347080 953.8
1347090 959.8
1347100 966.1
1347110 966.1
1347120 971.8
1347130 977.2
1347140 977.2
1347150 983.1
1347160 986.9
1347170 986.9
1347180 990.6
1347190 994.3
1347200 994.3
1347210 998.4
1347220 1000.7
1347230 1000.7
1347240 1003.9
1347250 1010.5
1347260 1010.5
1347270 1017.8
1347280 1022.6
1347290 1024.6
1347300 1024.6
1347310 1025.3
1347320 1025.7
1347330 1025.7
1347340 1028.3
1347350 1032.2
1347360 1032.2
1347370 1034.9
1347380 1036.8
1347390 1036.8
1347400 1038.8
1347410 1040.8
1347420 1040.8
1347430 1042.0
1347440 1042.8
1347450 1042.8
1347460 1043.0
1347470 1042.7
1347480 1042.7
1347490 1042.1
1347500 1040.8
1347510 1040.8
1347520 1039.0
1347530 1038.2
1347540 1038.2
1347550 1038.8
1347560 1042.0
1347570 1042.0
1347580 1045.4
1347590 1047.4
1347600 1047.4
1347610 1048.4
1347620 1048.8
1347630 1049.2
1347640 1049.2
1347650 1049.5
1347660 1049.7
1347670 1051.5
1347680 1051.1
1347690 1050.5
1347700 1050.5
1347710 1049.8
1347720 1049.4
1347730 1049.4
1347740 1049.5
1347750 1050.8
1347760 1050.8
1347770 1052.7
1347780 1054.4
1347790 1054.4
1347800 1055.5
1347810 1056.2
1347820 1056.2
1347830 1055.7
1347840 1055.1
1347850 1055.1
1347860 1055.3
1347870 1055.1
1347880 1055.1
1347890 1054.5
1347900 1054.6
1347910 1054.6
1347920 1054.7
1347930 1055.0
1347940 1055.8
1347950 1055.8
1347960 1056.5
1347970 1057.4
1347980 1057.4
1347990 1058.0
1348000 1058.2
1348010 1058.2
1348020 1058.4
1348030 1058.3
1348040 1058.3
1348050 1058.1
1348060 1057.6
1348070 1057.6
1348080 1057.0
1348090 1057.1
1348100 1057.1
1348110 1057.4
1348120 1057.7
1348130 1057.7
1348140 1057.9
1348150 1058.0
1348160 1058.0
1348170 1058.3
1348180 1058.6
1348190 1058.6
1348200 1059.2
1348210 1060.0
1348220 1060.0
1348230 1060.8
1348240 1061.4
1348250 1062.0
1348260 1062.0
1348270 1062.2
1348280 1062.7
1348290 1062.7
1348300 1063.2
1348310 1063.7
1348320 1063.7
1348330 1064.2
1348340 1064.7
1348350 1064.7
1348360 1065.3
1348370 1065.7
1348380 1065.7
1348390 1066.0
1348400 1066.0
1348410 1066.0
1348420 1065.7
1348430 1065.2
1348440 1065.2
1348450 1064.6
1348460 1063.7
1348470 1063.7
1348480 1062.7
1348490 1061.7
1348500 1061.7
1348510 1061.2
1348520 1061.0
1348530 1061.0
1348540 1061.0
1348550 1061.1
1348560 1061.1
1348570 1061.2
1348580 1061.3
1348590 1061.4
1348600 1061.4
1348610 1061.6
1348620 1061.7
1348630 1061.7
1348640 1061.8
1348650 1061.8
1348660 1061.8
1348670 1061.9
1348680 1062.0
1348690 1062.0
1348700 1062.2
1348710 1062.4
1348720 1062.4
1348730 1062.8
1348740 1063.1
1348750 1063.1
1348760 1063.3
1348770 1063.6
1348780 1063.6
1348790 1063.7
1348800 1063.8
1348810 1063.8
1348820 1063.8
1348830 1063.6
1348840 1063.6
1348850 1063.0
1348860 1062.4
1348870 1062.4
1348880 1061.6
1348890 1060.8
1348900 1060.1
1348910 1060.1
1348920 1059.3
1348930 1058.4
1348940 1058.4
1348950 1057.3
1348960 1056.0
1348970 1056.0
1348980 1054.8
1348990 1053.3
1349000 1053.3
1349010 1051.7
1349020 1050.1
1349030 1050.1
1349040 1048.3
1349050 1046.6
1349060 1046.6
1349070 1044.6
1349080 1042.8
1349090 1042.8
1349100 1041.2
1349110 1039.7
1349120 1039.7
1349130 1038.3
1349140 1036.9
1349150 1036.9
1349160 1035.6
1349170 1034.7
1349180 1034.7
1349190 1033.7
1349200 1032.1
1349210 1030.2
1349220 1030.2
1349230 1028.9
1349240 1027.6
1349250 1027.6
1349260 1026.4
1349270 1024.9
1349280 1024.9
1349290 1021.9
1349300 1018.5
1349310 1018.5
1349320 1015.0
1349330 1011.2
1349340 1011.2
1349350 1008.3
1349360 1005.4
1349370 1005.4
1349380 1002.1
1349390 998.5
1349400 998.5
1349410 995.0
1349420 991.8
1349430 991.8
1349440 990.0
1349450 988.9
1349460 988.9
1349470 988.1
1349480 988.1
1349490 988.1
1349500 987.4
1349510 986.0
1349520 986.0
1349530 983.8
1349540 980.0
1349550 981.0
1349560 981.0
1349570 977.7
1349580 974.1
1349590 974.1
1349600 971.1
1349610 968.2
1349620 968.2
1349630 965.4
1349640 962.1
1349650 962.1
1349660 959.7
1349670 956.5
1349680 956.5
1349690 953.4
1349700 952.7
1349710 952.7
1349720 948.4
1349730 943.4
1349740 943.4
1349750 939.0
1349760 935.0
1349770 935.0
1349780 932.2
1349790 931.0
1349800 931.0
1349810 929.4
1349820 927.5
1349830 927.5
1349840 925.5
1349850 923.5
1349860 921.9
1349870 921.9
1349880 920.4
1349890 918.0
1349900 918.0
1349910 915.7
1349920 913.8
1349930 913.8
1349940 911.6
1349950 909.2
1349960 909.2
1349970 906.6
1349980 904.0
1349990 904.0
1350000 902.1
1350010 900.2
1350020 900.2
1350030 898.7
1350040 897.1
1350050 897.1
1350060 893.9
1350070 891.9
1350080 891.9
1350090 891.3
1350100 891.7
1350110 891.7
1350120 890.4
1350130 888.4
1350140 888.4
1350150 886.6
1350160 884.6
1350170 881.2
1350180 881.2
1350190 878.8
1350200 875.5
1350210 875.5
1350220 872.9
1350230 869.8
1350240 869.8
1350250 865.5
1350260 862.0
1350270 862.0
1350280 858.6
1350290 855.0
1350300 855.0
1350310 851.8
1350320 848.6
1350330 848.6
1350340 845.5
1350350 843.0
1350360 843.0
1350370 840.7
1350380 838.9
1350390 838.9
1350400 836.8
1350410 835.0
1350420 835.0
1350430 833.3
1350440 831.5
1350450 831.5
1350460 829.8
1350470 828.5
1350480 828.5
1350490 827.6
1350500 826.6
1350510 825.9
1350520 825.9
1350530 825.2
1350540 824.5
1350550 824.5
1350560 823.9
1350570 823.2
1350580 823.2
1350590 822.4
1350600 821.6
1350610 821.6
1350620 821.0
1350630 820.5
1350640 820.5
1350650 820.1
1350660 819.6
1350670 819.6
1350680 819.2
1350690 819.0
1350700 819.0
1350710 818.7
1350720 818.8
1350730 818.8
1350740 818.8
1350750 818.5
1350760 818.5
1350770 818.0
1350780 817.2
1350790 817.2
1350800 815.7
1350810 814.2
1350820 812.9
1350830 812.9
1350840 811.8
1350850 811.0
1350860 811.0
1350870 809.9
1350880 808.6
1350890 808.6
1350900 807.1
1350910 805.4
1350920 805.4
1350930 803.8
1350940 802.4
1350950 802.4
1350960 800.7
1350970 798.3
1350980 798.3
1350990 795.1
1351000 792.7
1351010 792.7
1351020 790.0
1351030 786.8
1351040 786.8
1351050 783.3
1351060 779.5
1351070 779.5
1351080 776.1
1351090 773.0
1351100 773.0
1351110 771.1
1351120 769.0
1351130 769.0
1351140 765.7
1351150 763.1
1351160 761.0
1351170 761.0
1351180 758.6
1351190 755.3
1351200 755.3
1351210 752.3
1351220 749.2
1351230 749.2
1351240 746.4
1351250 744.1
1351260 744.1
1351270 741.4
1351280 738.4
1351290 738.4
1351300 736.1
1351310 733.7
1351320 733.7
1351330 730.8
1351340 727.9
1351350 727.9
1351360 725.5
1351370 723.2
1351380 723.2
1351390 720.2
1351400 717.5
1351410 717.5
1351420 715.7
1351430 713.6
1351440 713.6
1351450 711.5
1351460 710.4
1351470 707.6
1351480 707.6
1351490 706.0
1351500 705.4
1351510 705.4
1351520 702.6
1351530 698.4
1351540 698.4
1351550 695.8
1351560 691.5
1351570 691.5
1351580 691.6
1351590 690.3
1351600 690.3
1351610 688.2
1351620 685.3
1351630 685.3
1351640 681.4
1351650 677.1
1351660 677.1
1351670 676.4
1351680 676.1
1351690 676.1
1351700 675.1
1351710 674.7
1351720 674.7
1351730 676.6
1351740 677.8
1351750 677.8
1351760 677.5
1351770 675.7
1351780 672.4
1351790 672.4
1351800 666.2
1351810 658.3
1351820 658.3
1351830 651.0
1351840 643.6
1351850 643.6
1351860 634.7
1351870 624.2
1351880 624.2
1351890 616.3
1351900 611.2
1351910 611.2
1351920 607.8
1351930 608.4
1351940 608.4
1351950 611.5
1351960 611.7
1351970 611.7
1351980 608.1
1351990 602.0
1352000 602.0
1352010 597.5
1352020 594.4
1352030 594.4
1352040 588.8
1352050 583.8
1352060 583.8
1352070 581.6
1352080 580.9
1352090 580.9
1352100 581.1
1352110 582.9
1352120 583.8
1352130 583.8
1352140 583.7
1352150 583.8
1352160 583.8
1352170 583.9
1352180 585.2
1352190 585.2
1352200 587.0
1352210 587.2
1352220 587.2
1352230 587.3
1352240 588.2
1352250 588.2
1352260 588.4
1352270 587.4
1352280 587.4
1352290 587.5
1352300 587.0
1352310 587.0
1352320 587.4
1352330 588.1
1352340 588.1
1352350 589.0
1352360 590.3
1352370 590.3
1352380 592.5
1352390 595.3
1352400 595.3
1352410 600.8
1352420 600.3
1352430 604.5
1352440 604.5
1352450 607.8
1352460 608.5
1352470 608.5
1352480 609.0
1352490 613.2
1352500 613.2
1352510 619.4
1352520 626.3
1352530 626.3
1352540 631.3
1352550 637.0
1352560 637.0
1352570 643.6
1352580 652.2
1352590 652.2
1352600 660.5
1352610 668.9
1352620 668.9
1352630 676.1
1352640 675.2
1352650 675.2
1352660 669.4
1352670 666.3
1352680 666.3
1352690 664.5
1352700 664.3
1352710 664.3
1352720 666.1
1352730 670.2
1352740 676.0
1352750 676.0
1352760 682.4
1352770 683.8
1352780 683.8
1352790 680.3
1352800 677.1
1352810 677.1
1352820 673.8
1352830 672.6
1352840 672.6
1352850 674.1
1352860 673.4
1352870 673.4
1352880 676.1
1352890 679.8
1352900 679.8
1352910 684.7
1352920 689.6
1352930 689.6
1352940 693.3
1352950 697.9
1352960 697.9
1352970 702.2
1352980 708.8
1352990 708.8
1353000 718.1
1353010 723.5
1353020 723.5
1353030 725.9
1353040 726.2
1353050 726.2
1353060 726.8
1353070 727.4
1353080 728.1
1353090 728.1
1353100 728.7
1353110 729.4
1353120 729.4
1353130 729.9
1353140 730.5
1353150 730.5
1353160 731.1
1353170 731.7
1353180 731.7
1353190 732.4
1353200 733.1
1353210 733.1
1353220 733.7
1353230 734.2
1353240 734.2
1353250 734.9
1353260 735.6
1353270 735.6
1353280 736.3
1353290 737.1
1353300 737.1
1353310 737.3
1353320 737.1
1353330 737.1
1353340 737.9
1353350 738.6
1353360 738.6
1353370 739.1
1353380 739.2
1353390 731.9
1353400 731.9
1353410 728.1
1353420 725.3
1353430 725.3
1353440 722.3
1353450 719.8
1353460 719.8
1353470 717.8
1353480 716.2
1353490 716.2
1353500 716.3
1353510 718.0
1353520 718.0
1353530 719.4
1353540 723.6
1353550 723.6
1353560 728.3
1353570 734.1
1353580 734.1
1353590 740.1
1353600 747.4
1353610 747.4
1353620 754.3
1353630 759.9
1353640 759.9
1353650 762.6
1353660 764.1
1353670 764.1
1353680 765.6
1353690 767.3
1353700 769.0
1353710 769.0
1353720 770.6
1353730 772.0
1353740 772.0
1353750 773.3
1353760 774.6
1353770 774.6
1353780 775.9
1353790 777.8
1353800 777.8
1353810 780.2
1353820 780.8
1353830 780.8
1353840 781.5
1353850 782.7
1353860 782.7
1353870 784.5
1353880 786.6
1353890 786.6
1353900 788.8
1353910 790.6
1353920 790.6
1353930 792.2
1353940 793.9
1353950 793.9
1353960 795.5
1353970 797.2
1353980 797.2
1353990 798.9
1354000 800.5
1354010 800.5
1354020 802.0
1354030 798.1
1354040 789.6
1354050 789.6
1354060 782.9
1354070 773.3
1354080 773.3
1354090 765.3
1354100 761.7
1354110 761.7
1354120 763.8
1354130 770.2
1354140 770.2
1354150 776.9
1354160 784.9
1354170 784.9
1354180 794.2
1354190 801.5
1354200 801.5
1354210 810.0
1354220 822.0
1354230 822.0
1354240 834.3
1354250 843.5
1354260 843.5
1354270 847.4
1354280 845.3
1354290 845.3
1354300 840.6
1354310 837.5
1354320 837.5
1354330 841.9
1354340 850.7
1354350 858.5
1354360 860.0
1354370 865.4
1354380 868.1
1354390 868.1
1354400 868.6
1354410 868.9
1354420 868.9
1354430 868.8
1354440 868.9
1354450 868.9
1354460 870.5
1354470 873.3
1354480 873.3
1354490 875.9
1354500 880.4
1354510 880.4
1354520 886.4
1354530 892.3
1354540 892.3
1354550 898.7
1354560 903.5
1354570 903.5
1354580 906.2
1354590 908.7
1354600 908.7
1354610 910.8
1354620 913.2
1354630 913.2
1354640 914.5
1354650 915.4
1354660 917.0
1354670 917.0
1354680 919.1
1354690 921.5
1354700 921.5
1354710 923.7
1354720 925.3
1354730 925.3
1354740 927.0
1354750 928.3
1354760 928.3
1354770 929.5
1354780 930.0
1354790 930.0
1354800 929.2
1354810 927.2
1354820 927.2
1354830 931.1
1354840 938.0
1354850 938.0
1354860 946.0
1354870 952.3
1354880 952.3
1354890 956.7
1354900 957.2
1354910 957.2
1354920 958.0
1354930 960.4
1354940 960.4
1354950 962.8
1354960 964.6
1354970 964.6
1354980 966.4
1354990 968.1
1355000 969.7
1355010 969.7
1355020 971.3
1355030 972.7
1355040 972.7
1355050 974.3
1355060 975.7
1355070 975.7
1355080 976.0
1355090 971.6
1355100 971.6
1355110 964.3
1355120 959.5
1355130 959.5
1355140 955.0
1355150 962.6
1355160 962.6
1355170 972.5
1355180 981.7
1355190 981.7
1355200 986.7
1355210 988.8
1355220 988.8
1355230 991.6
1355240 994.3
1355250 994.3
1355260 996.4
1355270 998.9
1355280 998.9
1355290 1003.6
1355300 1005.9
1355310 1006.7
1355320 1006.7
1355330 1007.0
1355340 1007.5
1355350 1005.3
1355360 1005.9
1355370 1006.9
1355380 1006.9
1355390 1007.6
1355400 1007.6
1355410 1007.6
1355420 1006.3
1355430 1007.1
1355440 1007.1
1355450 1009.0
1355460 1012.2
1355470 1012.2
1355480 1017.2
1355490 1018.9
1355500 1018.9
1355510 1020.0
1355520 1020.3
1355530 1020.3
1355540 1019.0
1355550 1017.8
1355560 1017.8
1355570 1021.0
1355580 1026.4
1355590 1026.4
1355600 1031.7
1355610 1035.7
1355620 1038.7
1355630 1038.7
1355640 1040.8
1355650 1041.7
1355660 1041.7
1355670 1042.5
1355680 1043.5
1355690 1043.5
1355700 1044.3
1355710 1045.0
1355720 1045.0
1355730 1045.2
1355740 1044.1
1355750 1044.1
1355760 1039.6
1355770 1030.9
1355780 1030.9
1355790 1023.7
1355800 1027.9
1355810 1027.9
1355820 1029.6
1355830 1024.0
1355840 1024.0
1355850 1025.5
1355860 1035.7
1355870 1035.7
1355880 1049.1
1355890 1061.0
1355900 1061.0
1355910 1070.9
1355920 1077.4
1355930 1077.4
1355940 1083.2
1355950 1090.2
1355960 1096.6
1355970 1096.6
1355980 1103.4
1355990 1110.5
1356000 1110.5
1356010 1117.6
1356020 1124.5
1356030 1124.5
1356040 1132.0
1356050 1138.8
1356060 1138.8
1356070 1144.8
1356080 1150.3
1356090 1150.3
1356100 1155.7
1356110 1159.3
1356120 1159.3
1356130 1161.4
1356140 1163.7
1356150 1163.7
1356160 1165.6
1356170 1167.3
1356180 1167.3
1356190 1169.0
1356200 1170.6
1356210 1170.6
1356220 1172.1
1356230 1175.0
1356240 1175.0
1356250 1179.0
1356260 1182.4
1356270 1184.4
1356280 1184.4
1356290 1188.0
1356300 1191.1
1356310 1191.1
1356320 1193.2
1356330 1195.3
1356340 1195.3
1356350 1195.7
1356360 1196.5
1356370 1196.5
1356380 1197.4
1356390 1197.8
1356400 1197.8
1356410 1198.2
1356420 1199.2
1356430 1199.2
1356440 1200.4
1356450 1201.7
1356460 1201.7
1356470 1203.7
1356480 1205.0
1356490 1205.0
1356500 1205.9
1356510 1206.4
1356520 1206.4
1356530 1206.6
1356540 1206.8
1356550 1206.8
1356560 1207.3
1356570 1207.2
1356580 1207.2
1356590 1206.7
1356600 1206.3
1356610 1205.8
1356620 1205.8
1356630 1206.6
1356640 1207.6
1356650 1207.6
1356660 1208.4
1356670 1209.0
1356680 1209.0
1356690 1210.5
1356700 1212.9
1356710 1212.9
1356720 1215.1
1356730 1215.9
1356740 1215.9
1356750 1217.1
1356760 1219.1
1356770 1219.1
1356780 1220.9
1356790 1222.5
1356800 1222.5
1356810 1224.2
1356820 1225.3
1356830 1225.3
1356840 1226.1
1356850 1227.2
1356860 1227.2
1356870 1228.7
1356880 1230.3
1356890 1230.3
1356900 1231.9
1356910 1233.7
1356920 1236.1
1356930 1236.1
1356940 1238.5
1356950 1240.6
1356960 1240.6
1356970 1242.1
1356980 1243.5
1356990 1243.5
1357000 1245.4
1357010 1246.8
1357020 1246.8
1357030 1246.9
1357040 1247.3
1357050 1247.3
1357060 1249.3
1357070 1252.8
1357080 1252.8
1357090 1257.0
1357100 1260.5
1357110 1260.5
1357120 1263.0
1357130 1265.4
1357140 1265.4
1357150 1268.1
1357160 1270.6
1357170 1270.6
1357180 1272.9
1357190 1275.5
1357200 1275.5
1357210 1277.5
1357220 1279.5
1357230 1282.3
1357240 1282.3
1357250 1284.9
1357260 1285.7
1357270 1285.7
1357280 1284.4
1357290 1282.6
1357300 1282.6
1357310 1281.2
1357320 1277.4
1357330 1277.4
1357340 1269.4
1357350 1271.4
1357360 1271.4
1357370 1277.7
1357380 1286.1
1357390 1286.1
1357400 1293.5
1357410 1299.7
1357420 1299.7
1357430 1302.9
1357440 1305.4
1357450 1305.4
1357460 1307.8
1357470 1307.7
1357480 1307.7
1357490 1306.9
1357500 1306.0
1357510 1306.0
1357520 1306.2
1357530 1309.0
1357540 1309.0
1357550 1312.9
1357560 1319.4
1357570 1325.3
1357580 1325.3
1357590 1328.7
1357600 1331.7
1357610 1331.7
1357620 1335.1
1357630 1339.0
1357640 1339.0
1357650 1341.7
1357660 1343.8
1357670 1343.8
1357680 1345.4
1357690 1346.2
1357700 1346.2
1357710 1347.5
1357720 1348.6
1357730 1348.6
1357740 1351.0
1357750 1357.5
1357760 1357.5
1357770 1362.9
1357780 1367.2
1357790 1367.2
1357800 1372.8
1357810 1377.1
1357820 1377.1
1357830 1380.9
1357840 1384.3
1357850 1384.3
1357860 1387.1
1357870 1389.9
1357880 1393.0
1357890 1393.0
1357900 1396.7
1357910 1399.8
1357920 1399.8
1357930 1401.3
1357940 1401.5
1357950 1401.5
1357960 1401.3
1357970 1401.1
1357980 1401.1
1357990 1403.0
1358000 1405.8
1358010 1405.8
1358020 1410.1
1358030 1414.8
1358040 1414.8
1358050 1417.5
1358060 1420.2
1358070 1420.2
1358080 1422.9
1358090 1424.9
1358100 1424.9
1358110 1427.2
1358120 1428.7
1358130 1428.7
1358140 1429.9
1358150 1432.8
1358160 1432.8
1358170 1435.9
1358180 1439.0
1358190 1442.5
1358200 1442.5
1358210 1445.8
1358220 1448.5
1358230 1448.5
1358240 1451.1
1358250 1453.4
1358260 1453.4
1358270 1457.7
1358280 1461.0
1358290 1461.0
1358300 1464.2
1358310 1467.4
1358320 1467.4
1358330 1469.9
1358340 1471.9
1358350 1468.9
1358360 1470.7
1358370 1472.5
1358380 1472.5
1358390 1474.6
1358400 1476.4
1358410 1476.4
1358420 1478.2
1358430 1480.4
1358440 1480.4
1358450 1482.6
1358460 1484.5
1358470 1484.5
1358480 1485.6
1358490 1487.0
1358500 1487.0
1358510 1488.0
1358520 1488.0
1358530 1489.5
1358540 1489.5
1358550 1491.6
1358560 1493.1
1358570 1493.1
1358580 1493.9
1358590 1494.2
1358600 1494.2
1358610 1494.6
1358620 1495.5
1358630 1495.5
1358640 1496.3
1358650 1497.0
1358660 1497.0
1358670 1496.6
1358680 1496.4
1358690 1496.4
1358700 1497.8
1358710 1499.5
1358720 1499.5
1358730 1501.5
1358740 1502.8
1358750 1502.8
1358760 1503.1
1358770 1503.2
1358780 1503.2
1358790 1501.0
1358800 1501.3
1358810 1501.3
1358820 1504.9
1358830 1506.9
1358840 1506.9
1358850 1506.9
1358860 1505.6
1358870 1507.1
1358880 1507.1
1358890 1509.8
1358900 1512.7
1358910 1512.7
1358920 1514.3
1358930 1515.3
1358940 1515.3
1358950 1516.2
1358960 1517.5
1358970 1517.5
1358980 1518.8
1358990 1520.1
1359000 1520.1
1359010 1521.0
1359020 1521.5
1359030 1521.5
1359040 1522.1
1359050 1523.8
1359060 1523.8
1359070 1525.6
1359080 1526.2
1359090 1526.2
1359100 1522.8
1359110 1516.6
1359120 1516.6
1359130 1511.8
1359140 1507.9
1359150 1505.9
1359160 1505.9
1359170 1505.8
1359180 1506.1
1359190 1506.1
1359200 1506.0
1359210 1505.1
1359220 1505.1
1359230 1502.2
1359240 1499.1
1359250 1499.1
1359260 1496.8
1359270 1494.8
1359280 1494.8
1359290 1494.5
1359300 1494.5
1359310 1494.5
1359320 1494.3
1359330 1493.8
1359340 1493.8
1359350 1493.3
1359360 1489.9
1359370 1489.9
1359380 1489.4
1359390 1489.0
1359400 1489.0
1359410 1488.9
1359420 1488.2
1359430 1488.2
1359440 1486.4
1359450 1483.5
1359460 1483.5
1359470 1481.0
1359480 1478.7
1359490 1476.7
1359500 1476.7
1359510 1474.7
1359520 1472.8
1359530 1472.8
1359540 1471.4
1359550 1470.0
1359560 1470.0
1359570 1469.3
1359580 1469.5
1359590 1469.5
1359600 1469.1
1359610 1468.8
1359620 1468.8
1359630 1468.6
1359640 1468.0
1359650 1468.0
1359660 1467.4
1359670 1466.6
1359680 1466.6
1359690 1465.9
1359700 1465.0
1359710 1465.0
1359720 1464.1
1359730 1463.0
1359740 1463.0
1359750 1461.8
1359760 1460.2
1359770 1460.2
1359780 1458.6
1359790 1457.3
1359800 1455.5
1359810 1455.5
1359820 1453.1
1359830 1449.5
1359840 1449.5
1359850 1445.9
1359860 1442.3
1359870 1442.3
1359880 1440.1
1359890 1438.7
1359900 1438.7
1359910 1436.3
1359920 1433.1
1359930 1433.1
1359940 1431.8
1359950 1431.1
1359960 1431.1
1359970 1427.4
1359980 1423.3
1359990 1423.3
