1340000 881.6
1340010 892.5
1340020 892.5
1340030 903.3
1340040 912.8
1340050 912.8
1340060 922.6
1340070 929.5
1340080 929.5
1340090 938.0
1340100 945.7
1340110 945.7
1340120 951.2
1340130 958.1
1340140 963.8
1340150 963.8
1340160 972.2
1340170 980.6
1340180 980.6
1340190 987.9
1340200 995.4
1340210 995.4
1340220 1002.0
1340230 1006.2
1340240 1006.2
1340250 1011.3
1340260 1016.7
1340270 1016.7
1340280 1020.4
1340290 1023.8
1340300 1023.8
1340310 1027.9
1340320 1031.2
1340330 1031.2
1340340 1035.0
1340350 1041.1
1340360 1041.1
1340370 1045.8
1340380 1049.6
1340390 1049.6
1340400 1053.4
1340410 1056.6
1340420 1056.6
1340430 1057.5
1340440 1060.4
1340450 1065.7
1340460 1067.3
1340470 1071.8
1340480 1075.3
1340490 1075.3
1340500 1078.4
1340510 1081.5
1340520 1081.5
1340530 1083.2
1340540 1084.9
1340550 1084.9
1340560 1088.7
1340570 1093.4
1340580 1093.4
1340590 1096.4
1340600 1097.9
1340610 1097.9
1340620 1100.3
1340630 1102.2
1340640 1102.2
1340650 1101.9
1340660 1102.3
1340670 1102.3
1340680 1103.1
1340690 1101.5
1340700 1101.5
1340710 1097.0
1340720 1092.2
1340730 1092.2
1340740 1088.3
1340750 1086.1
1340760 1086.1
1340770 1085.2
1340780 1084.4
1340790 1084.7
1340800 1084.7
1340810 1082.9
1340820 1079.9
1340830 1079.9
1340840 1078.0
1340850 1076.8
1340860 1076.8
1340870 1075.0
1340880 1071.9
1340890 1071.9
1340900 1067.1
1340910 1062.9
1340920 1062.9
1340930 1062.0
1340940 1064.3
1340950 1064.3
1340960 1066.2
1340970 1064.6
1340980 1064.6
1340990 1060.0
1341000 1054.8
1341010 1054.8
1341020 1053.5
1341030 1053.3
1341040 1053.3
1341050 1050.7
1341060 1046.9
1341070 1046.9
1341080 1042.6
1341090 1038.2
1341100 1033.8
1341110 1033.8
1341120 1034.4
1341130 1035.1
1341140 1035.1
1341150 1036.7
1341160 1036.7
1341170 1036.7
1341180 1035.7
1341190 1034.0
1341200 1034.0
1341210 1031.8
1341220 1029.8
1341230 1029.8
1341240 1027.7
1341250 1024.8
1341260 1024.8
1341270 1020.8
1341280 1017.0
1341290 1017.0
1341300 1013.8
1341310 1012.0
1341320 1012.0
1341330 1009.8
1341340 1007.4
1341350 1010.1
1341360 1008.0
1341370 1005.6
1341380 1005.6
1341390 1003.7
1341400 1002.7
1341410 1001.2
1341420 1001.2
1341430 998.8
1341440 996.6
1341450 996.6
1341460 995.8
1341470 995.9
1341480 995.9
1341490 995.7
1341500 994.3
1341510 994.3
1341520 992.0
1341530 990.4
1341540 990.4
1341550 989.0
1341560 987.7
1341570 987.7
1341580 986.1
1341590 984.5
1341600 984.5
1341610 982.7
1341620 982.1
1341630 982.1
1341640 981.7
1341650 981.4
1341660 981.4
1341670 981.2
1341680 981.3
1341690 981.3
1341700 981.8
1341710 983.7
1341720 983.7
1341730 985.7
1341740 988.2
1341750 991.9
1341760 991.9
1341770 997.0
1341780 1002.8
1341790 1002.8
1341800 1007.9
1341810 1011.5
1341820 1011.5
1341830 1014.7
1341840 1017.8
1341850 1017.8
1341860 1021.1
1341870 1024.3
1341880 1024.3
1341890 1028.0
1341900 1031.6
1341910 1031.6
1341920 1034.6
1341930 1036.9
1341940 1036.9
1341950 1039.0
1341960 1040.8
1341970 1040.8
1341980 1042.3
1341990 1043.5
1342000 1043.5
1342010 1044.6
1342020 1045.7
1342030 1045.7
1342040 1046.1
1342050 1046.1
1342060 1046.4
1342070 1046.4
1342080 1046.6
1342090 1046.0
1342100 1046.0
1342110 1045.1
1342120 1043.9
1342130 1043.9
1342140 1043.0
1342150 1043.7
1342160 1043.7
1342170 1044.4
1342180 1045.8
1342190 1045.8
1342200 1047.5
1342210 1049.0
1342220 1049.0
1342230 1049.2
1342240 1050.3
1342250 1045.6
1342260 1047.2
1342270 1046.4
1342280 1046.4
1342290 1046.4
1342300 1054.4
1342310 1054.4
1342320 1059.4
1342330 1063.1
1342340 1063.1
1342350 1067.0
1342360 1070.7
1342370 1075.7
1342380 1075.7
1342390 1081.9
1342400 1087.1
1342410 1087.1
1342420 1092.7
1342430 1098.7
1342440 1098.7
1342450 1104.8
1342460 1111.4
1342470 1111.4
1342480 1116.3
1342490 1121.4
1342500 1121.4
1342510 1126.4
1342520 1130.2
1342530 1130.2
1342540 1133.9
1342550 1137.7
1342560 1137.7
1342570 1141.5
1342580 1144.7
1342590 1144.7
1342600 1147.8
1342610 1151.1
1342620 1151.1
1342630 1154.5
1342640 1157.6
1342650 1157.6
1342660 1160.3
1342670 1163.7
1342680 1163.7
1342690 1167.0
1342700 1168.1
1342710 1166.4
1342720 1166.4
1342730 1162.3
1342740 1166.9
1342750 1166.9
1342760 1176.5
1342770 1184.7
1342780 1184.7
1342790 1190.1
1342800 1195.5
1342810 1195.5
1342820 1199.7
1342830 1204.0
1342840 1204.0
1342850 1210.0
1342860 1216.3
1342870 1216.3
1342880 1222.4
1342890 1227.8
1342900 1227.8
1342910 1232.8
1342920 1237.3
1342930 1237.3
1342940 1241.2
1342950 1244.6
1342960 1244.6
1342970 1247.5
1342980 1249.8
1342990 1249.8
1343000 1251.5
1343010 1252.7
1343020 1253.5
1343030 1253.5
1343040 1254.1
1343050 1254.3
1343060 1254.3
1343070 1255.0
1343080 1255.6
1343090 1255.6
1343100 1255.4
1343110 1254.9
1343120 1254.9
1343130 1254.7
1343140 1255.5
1343150 1251.9
1343160 1252.4
1343170 1252.7
1343180 1252.7
1343190 1252.2
1343200 1251.7
1343210 1251.7
1343220 1252.3
1343230 1252.7
1343240 1252.7
1343250 1251.2
1343260 1251.1
1343270 1251.1
1343280 1251.5
1343290 1251.1
1343300 1251.1
1343310 1250.8
1343320 1251.2
1343330 1251.2
1343340 1252.2
1343350 1253.0
1343360 1254.1
1343370 1254.1
1343380 1255.2
1343390 1256.1
1343400 1256.1
1343410 1255.9
1343420 1255.0
1343430 1255.0
1343440 1255.7
1343450 1256.3
1343460 1256.3
1343470 1256.1
1343480 1256.0
1343490 1256.0
1343500 1256.3
1343510 1257.3
1343520 1257.3
1343530 1258.6
1343540 1260.0
1343550 1260.0
1343560 1261.1
1343570 1261.9
1343580 1261.9
1343590 1262.6
1343600 1263.7
1343610 1263.7
1343620 1264.5
1343630 1265.0
1343640 1265.0
1343650 1264.8
1343660 1264.1
1343670 1262.5
1343680 1262.5
1343690 1260.6
1343700 1258.4
1343710 1258.4
1343720 1256.4
1343730 1254.9
1343740 1254.9
1343750 1253.6
1343760 1252.2
1343770 1252.2
1343780 1250.9
1343790 1248.9
1343800 1248.9
1343810 1247.0
1343820 1244.9
1343830 1244.9
1343840 1242.4
1343850 1239.9
1343860 1239.9
1343870 1237.2
1343880 1234.4
1343890 1234.4
1343900 1231.0
1343910 1226.8
1343920 1226.8
1343930 1223.1
1343940 1220.8
1343950 1220.8
1343960 1218.3
1343970 1214.8
1343980 1210.9
1343990 1210.9
1344000 1207.0
1344010 1202.6
1344020 1202.6
1344030 1197.6
1344040 1192.8
1344050 1192.8
1344060 1188.4
1344070 1186.2
1344080 1186.2
1344090 1187.2
1344100 1185.6
1344110 1185.6
1344120 1182.5
1344130 1179.5
1344140 1179.5
1344150 1176.0
1344160 1171.9
1344170 1171.9
1344180 1169.3
1344190 1165.5
1344200 1165.5
1344210 1162.2
1344220 1160.2
1344230 1160.2
1344240 1156.3
1344250 1150.7
1344260 1150.7
1344270 1147.8
1344280 1145.3
1344290 1145.3
1344300 1141.7
1344310 1137.8
1344320 1133.8
1344330 1133.8
1344340 1129.2
1344350 1125.2
1344360 1125.2
1344370 1120.5
1344380 1115.8
1344390 1115.8
1344400 1112.4
1344410 1108.6
1344420 1108.6
1344430 1104.3
1344440 1099.4
1344450 1099.4
1344460 1094.4
1344470 1089.6
1344480 1089.6
1344490 1086.8
1344500 1084.5
1344510 1084.5
1344520 1082.0
1344530 1079.0
1344540 1079.0
1344550 1077.0
1344560 1075.9
1344570 1075.9
1344580 1075.2
1344590 1075.0
1344600 1075.0
1344610 1077.3
1344620 1081.5
1344630 1087.6
1344640 1087.6
1344650 1094.6
1344660 1096.8
1344670 1096.8
1344680 1094.8
1344690 1091.6
1344700 1091.6
1344710 1085.7
1344720 1077.1
1344730 1077.1
1344740 1069.2
1344750 1061.0
1344760 1061.0
1344770 1053.1
1344780 1046.6
1344790 1046.6
1344800 1040.3
1344810 1034.2
1344820 1034.2
1344830 1029.2
1344840 1025.8
1344850 1025.8
1344860 1022.7
1344870 1019.9
1344880 1019.9
1344890 1017.2
1344900 1014.0
1344910 1014.0
1344920 1010.5
1344930 1007.0
1344940 1007.0
1344950 1003.1
1344960 999.5
1344970 998.4
1344980 998.4
1344990 996.2
1345000 993.5
1345010 993.5
1345020 991.9
1345030 991.5
1345040 991.5
1345050 991.0
1345060 989.9
1345070 989.9
1345080 988.0
1345090 985.4
1345100 985.4
1345110 982.4
1345120 980.1
1345130 980.1
1345140 977.7
1345150 975.4
1345160 975.4
1345170 973.4
1345180 971.8
1345190 971.8
1345200 969.9
1345210 968.6
1345220 968.6
1345230 966.7
1345240 964.4
1345250 964.4
1345260 961.1
1345270 957.5
1345280 954.3
1345290 954.3
1345300 951.2
1345310 948.2
1345320 948.2
1345330 944.3
1345340 940.3
1345350 940.3
1345360 935.2
1345370 929.9
1345380 929.9
1345390 924.8
1345400 920.1
1345410 920.1
1345420 915.8
1345430 911.9
1345440 911.9
1345450 906.6
1345460 901.0
1345470 901.0
1345480 894.6
1345490 888.9
1345500 888.9
1345510 884.1
1345520 879.8
1345530 879.8
1345540 875.2
1345550 872.0
1345560 872.0
1345570 869.3
1345580 865.0
1345590 860.0
1345600 860.0
1345610 855.5
1345620 851.8
1345630 851.8
1345640 847.4
1345650 842.3
1345660 842.3
1345670 838.1
1345680 835.1
1345690 835.1
1345700 832.8
1345710 831.6
1345720 831.6
1345730 830.6
1345740 829.9
1345750 829.9
1345760 829.6
1345770 829.5
1345780 829.5
1345790 829.7
1345800 830.3
1345810 830.3
1345820 830.3
1345830 831.1
1345840 831.1
1345850 832.6
1345860 837.1
1345870 837.1
1345880 844.0
1345890 850.4
1345900 850.4
1345910 859.3
1345920 869.6
1345930 878.8
1345940 878.8
1345950 886.8
1345960 890.6
1345970 890.6
1345980 891.0
1345990 888.9
1346000 888.9
1346010 886.6
1346020 884.1
1346030 884.1
1346040 881.6
1346050 877.8
1346060 877.8
1346070 872.2
1346080 866.0
1346090 866.0
1346100 860.4
1346110 855.8
1346120 855.8
1346130 852.1
1346140 849.0
1346150 849.0
1346160 846.2
1346170 842.7
1346180 842.7
1346190 836.9
1346200 829.5
1346210 829.5
1346220 823.9
1346230 818.1
1346240 812.3
1346250 812.3
1346260 806.4
1346270 800.4
1346280 800.4
1346290 794.8
1346300 790.2
1346310 790.2
1346320 785.9
1346330 781.4
1346340 781.4
1346350 777.6
1346360 773.2
1346370 773.2
1346380 769.5
1346390 766.6
1346400 766.6
1346410 766.1
1346420 764.9
1346430 764.9
1346440 765.0
1346450 772.9
1346460 772.9
1346470 781.6
1346480 787.0
1346490 787.0
1346500 790.4
1346510 793.2
1346520 793.2
1346530 795.9
1346540 799.3
1346550 802.9
1346560 802.9
1346570 806.2
1346580 808.6
1346590 808.6
1346600 810.9
1346610 813.5
1346620 813.5
1346630 816.2
1346640 818.7
1346650 818.7
1346660 821.7
1346670 825.1
1346680 825.1
1346690 828.4
1346700 831.9
1346710 831.9
1346720 835.6
1346730 839.5
1346740 839.5
1346750 844.0
1346760 849.7
1346770 849.7
1346780 854.3
1346790 859.8
1346800 859.8
1346810 864.5
1346820 870.4
1346830 870.4
1346840 877.2
1346850 882.7
1346860 882.7
1346870 885.4
1346880 888.3
1346890 892.4
1346900 892.4
1346910 898.8
1346920 903.8
1346930 903.8
1346940 909.3
1346950 913.0
1346960 913.0
1346970 916.4
1346980 921.4
1346990 921.4
1347000 925.8
1347010 930.8
1347020 930.8
1347030 936.9
1347040 943.0
1347050 943.0
1347060 949.2
1347070 956.3
1347080 956.3
1347090 965.1
1347100 975.3
1347110 975.3
1347120 983.4
1347130 990.9
1347140 990.9
1347150 998.5
1347160 1004.8
1347170 1004.8
1347180 1008.4
1347190 1010.7
1347200 1012.3
1347210 1012.3
1347220 1014.2
1347230 1016.7
1347240 1016.7
1347250 1019.6
1347260 1022.9
1347270 1022.9
1347280 1026.4
1347290 1028.7
1347300 1028.7
1347310 1029.0
1347320 1028.2
1347330 1028.2
1347340 1028.5
1347350 1030.1
1347360 1030.1
1347370 1032.9
1347380 1035.6
1347390 1035.6
1347400 1036.8
1347410 1037.4
1347420 1037.4
1347430 1038.2
1347440 1038.8
1347450 1038.8
1347460 1038.8
1347470 1038.4
1347480 1038.4
1347490 1037.5
1347500 1036.3
1347510 1036.3
1347520 1035.1
1347530 1034.0
1347540 1032.5
1347550 1032.5
1347560 1031.0
1347570 1030.1
1347580 1030.1
1347590 1029.6
1347600 1029.4
1347610 1029.4
1347620 1029.5
1347630 1029.7
1347640 1029.7
1347650 1030.2
1347660 1031.5
1347670 1031.5
1347680 1033.5
1347690 1035.0
1347700 1035.0
1347710 1036.1
1347720 1036.9
1347730 1036.9
1347740 1039.6
1347750 1039.8
1347760 1039.8
1347770 1040.3
1347780 1040.6
1347790 1040.6
1347800 1040.6
1347810 1041.0
1347820 1041.0
1347830 1042.2
1347840 1043.7
1347850 1044.9
1347860 1044.9
1347870 1045.9
1347880 1046.6
1347890 1046.6
1347900 1048.2
1347910 1049.7
1347920 1049.7
1347930 1050.6
1347940 1051.3
1347950 1051.3
1347960 1051.5
1347970 1051.5
1347980 1051.5
1347990 1051.4
1348000 1051.2
1348010 1051.2
1348020 1051.1
1348030 1051.4
1348040 1051.4
1348050 1051.3
1348060 1051.3
1348070 1051.3
1348080 1052.1
1348090 1053.3
1348100 1053.3
1348110 1054.4
1348120 1055.4
1348130 1055.4
1348140 1056.0
1348150 1056.5
1348160 1056.8
1348170 1056.8
1348180 1057.3
1348190 1058.5
1348200 1058.5
1348210 1059.9
1348220 1061.6
1348230 1061.6
1348240 1063.0
1348250 1064.0
1348260 1064.0
1348270 1064.8
1348280 1065.2
1348290 1065.2
1348300 1065.3
1348310 1065.4
1348320 1065.4
1348330 1065.4
1348340 1065.4
1348350 1065.4
1348360 1065.3
1348370 1064.8
1348380 1064.8
1348390 1063.8
1348400 1062.3
1348410 1062.3
1348420 1060.7
1348430 1059.9
1348440 1059.9
1348450 1059.8
1348460 1059.5
1348470 1059.5
1348480 1059.2
1348490 1059.1
1348500 1059.2
1348510 1059.2
1348520 1059.5
1348530 1059.8
1348540 1059.8
1348550 1060.1
1348560 1060.3
1348570 1060.3
1348580 1060.4
1348590 1060.5
1348600 1060.5
1348610 1060.5
1348620 1060.6
1348630 1060.6
1348640 1060.9
1348650 1061.3
1348660 1061.3
1348670 1061.6
1348680 1061.8
1348690 1061.8
1348700 1062.0
1348710 1061.7
1348720 1061.7
1348730 1061.5
1348740 1061.2
1348750 1061.2
1348760 1060.6
1348770 1060.0
1348780 1060.0
1348790 1059.5
1348800 1059.0
1348810 1058.6
1348820 1058.6
1348830 1058.0
1348840 1057.2
1348850 1057.2
1348860 1056.3
1348870 1055.3
1348880 1055.3
1348890 1054.4
1348900 1053.5
1348910 1053.5
1348920 1052.8
1348930 1052.0
1348940 1052.0
1348950 1050.9
1348960 1049.5
1348970 1049.5
1348980 1048.2
1348990 1046.7
1349000 1046.7
1349010 1044.8
1349020 1043.2
1349030 1043.2
1349040 1041.7
1349050 1040.2
1349060 1040.2
1349070 1038.9
1349080 1037.6
1349090 1037.6
1349100 1036.4
1349110 1035.3
1349120 1034.3
1349130 1034.3
1349140 1033.2
1349150 1031.7
1349160 1031.7
1349170 1029.7
1349180 1027.7
1349190 1027.7
1349200 1026.0
1349210 1023.8
1349220 1023.8
1349230 1021.9
1349240 1019.8
1349250 1019.8
1349260 1017.8
1349270 1015.7
1349280 1015.7
1349290 1011.9
1349300 1007.3
1349310 1007.3
1349320 1002.6
1349330 998.6
1349340 998.6
1349350 994.6
1349360 991.8
1349370 991.8
1349380 989.2
1349390 987.3
1349400 987.3
1349410 985.7
1349420 985.0
1349430 985.0
1349440 983.6
1349450 982.2
1349460 980.6
1349470 980.6
1349480 978.2
1349490 975.5
1349500 975.5
1349510 973.5
1349520 971.8
1349530 971.8
1349540 970.2
1349550 968.4
1349560 968.4
1349570 965.3
1349580 962.3
1349590 962.3
1349600 959.2
1349610 955.9
1349620 956.1
1349630 953.3
1349640 950.4
1349650 950.4
1349660 947.4
1349670 944.2
1349680 944.2
1349690 940.8
1349700 937.0
1349710 937.0
1349720 933.9
1349730 932.0
1349740 932.0
1349750 930.9
1349760 930.0
1349770 928.9
1349780 928.9
1349790 927.6
1349800 925.6
1349810 925.6
1349820 923.2
1349830 920.9
1349840 920.9
1349850 919.2
1349860 917.7
1349870 917.7
1349880 916.2
1349890 914.4
1349900 914.4
1349910 912.2
1349920 910.1
1349930 910.1
1349940 908.1
1349950 906.2
1349960 906.2
1349970 904.8
1349980 903.2
1349990 903.2
1350000 901.3
1350010 899.8
1350020 899.8
1350030 898.4
1350040 896.9
1350050 896.9
1350060 895.2
1350070 892.7
1350080 889.6
1350090 889.6
1350100 886.5
1350110 883.9
1350120 883.9
1350130 881.4
1350140 878.6
1350150 878.6
1350160 875.3
1350170 870.9
1350180 870.9
1350190 864.6
1350200 857.6
1350210 857.6
1350220 853.7
1350230 851.3
1350240 851.3
1350250 849.6
1350260 848.3
1350270 848.3
1350280 847.0
1350290 845.6
1350300 845.6
1350310 844.3
1350320 842.9
1350330 842.9
1350340 841.5
1350350 839.9
1350360 839.9
1350370 838.6
1350380 837.1
1350390 837.1
1350400 836.1
1350410 834.9
1350420 833.7
1350430 833.7
1350440 832.6
1350450 831.2
1350460 831.2
1350470 830.0
1350480 829.0
1350490 829.0
1350500 827.9
1350510 826.5
1350520 826.5
1350530 824.8
1350540 823.7
1350550 823.7
1350560 822.9
1350570 822.6
1350580 822.6
1350590 822.0
1350600 821.3
1350610 821.3
1350620 820.6
1350630 820.1
1350640 820.1
1350650 819.5
1350660 818.7
1350670 818.7
1350680 818.2
1350690 817.9
1350700 817.9
1350710 817.9
1350720 817.1
1350730 816.0
1350740 816.0
1350750 815.2
1350760 814.6
1350770 814.6
1350780 813.8
1350790 813.1
1350800 813.1
1350810 812.2
1350820 811.3
1350830 811.3
1350840 809.6
1350850 807.5
1350860 807.5
1350870 805.9
1350880 804.0
1350890 804.0
1350900 801.9
1350910 799.7
1350920 799.7
1350930 797.2
1350940 794.6
1350950 794.6
1350960 791.7
1350970 788.8
1350980 788.8
1350990 786.6
1351000 784.0
1351010 784.0
1351020 781.7
1351030 779.8
1351040 779.8
1351050 776.4
1351060 772.1
1351070 768.2
1351080 768.2
1351090 764.4
1351100 761.8
1351110 761.8
1351120 760.1
1351130 760.2
1351140 760.2
1351150 757.7
1351160 753.7
1351170 753.7
1351180 750.9
1351190 748.1
1351200 748.1
1351210 745.1
1351220 742.3
1351230 742.3
1351240 739.3
1351250 736.4
1351260 736.4
1351270 733.6
1351280 730.2
1351290 730.2
1351300 727.3
1351310 724.5
1351320 724.5
1351330 721.8
1351340 718.8
1351350 718.8
1351360 715.2
1351370 711.9
1351380 708.4
1351390 708.4
1351400 705.1
1351410 702.1
1351420 702.1
1351430 699.7
1351440 697.4
1351450 697.4
1351460 695.7
1351470 693.1
1351480 693.1
1351490 690.5
1351500 688.0
1351510 688.0
1351520 685.4
1351530 685.0
1351540 685.0
1351550 681.6
1351560 676.0
1351570 676.0
1351580 672.6
1351590 669.5
1351600 669.5
1351610 663.9
1351620 656.8
1351630 656.8
1351640 650.6
1351650 649.7
1351660 649.7
1351670 654.3
1351680 656.6
1351690 651.0
1351700 651.0
1351710 641.5
1351720 638.6
1351730 638.6
1351740 642.6
1351750 645.9
1351760 645.9
1351770 643.6
1351780 639.7
1351790 639.7
1351800 636.5
1351810 633.0
1351820 633.0
1351830 628.0
1351840 622.9
1351850 622.9
1351860 617.3
1351870 613.1
1351880 613.1
1351890 610.4
1351900 608.0
1351910 608.0
1351920 604.7
1351930 599.9
1351940 599.9
1351950 595.7
1351960 591.8
1351970 591.8
1351980 588.9
1351990 585.9
1352000 585.9
1352010 583.7
1352020 581.6
1352030 580.3
1352040 580.3
1352050 580.3
1352060 581.7
1352070 581.7
1352080 582.8
1352090 581.9
1352100 581.9
1352110 582.2
1352120 583.9
1352130 583.9
1352140 586.0
1352150 586.5
1352160 586.5
1352170 588.0
1352180 588.0
1352190 588.0
1352200 587.3
1352210 585.8
1352220 585.8
1352230 584.3
1352240 584.4
1352250 584.4
1352260 585.0
1352270 585.8
1352280 585.8
1352290 586.1
1352300 587.1
1352310 587.1
1352320 590.9
1352330 595.9
1352340 600.6
1352350 600.6
1352360 607.8
1352370 614.5
1352380 614.5
1352390 620.7
1352400 626.5
1352410 626.5
1352420 633.2
1352430 640.5
1352440 640.5
1352450 647.6
1352460 654.9
1352470 654.9
1352480 655.7
1352490 643.8
1352500 643.8
1352510 642.0
1352520 639.0
1352530 639.0
1352540 636.4
1352550 635.3
1352560 635.3
1352570 636.7
1352580 642.4
1352590 642.4
1352600 649.3
1352610 656.4
1352620 656.4
1352630 664.9
1352640 672.7
1352650 678.7
1352660 678.7
1352670 685.5
1352680 691.5
1352690 691.5
1352700 696.5
1352710 697.9
1352720 697.9
1352730 697.7
1352740 698.0
1352750 698.0
1352760 699.3
1352770 702.4
1352780 702.4
1352790 705.7
1352800 706.6
1352810 706.6
1352820 705.1
1352830 703.3
1352840 703.3
1352850 703.9
1352860 705.0
1352870 705.0
1352880 704.5
1352890 704.5
1352900 704.5
1352910 706.5
1352920 710.0
1352930 710.0
1352940 714.9
1352950 719.7
1352960 719.7
1352970 722.2
1352980 724.2
1352990 725.4
1353000 725.4
1353010 726.2
1353020 727.2
1353030 727.2
1353040 728.1
1353050 728.9
1353060 728.9
1353070 729.8
1353080 730.7
1353090 730.7
1353100 731.6
1353110 732.5
1353120 732.5
1353130 733.3
1353140 734.1
1353150 734.1
1353160 735.0
1353170 735.8
1353180 735.8
1353190 736.6
1353200 737.3
1353210 737.3
1353220 738.0
1353230 738.7
1353240 738.7
1353250 739.5
1353260 740.3
1353270 740.3
1353280 741.2
1353290 742.2
1353300 742.7
1353310 742.7
1353320 743.1
1353330 744.0
1353340 744.0
1353350 744.7
1353360 745.8
1353370 745.8
1353380 747.1
1353390 748.1
1353400 748.1
1353410 749.1
1353420 750.2
1353430 750.2
1353440 751.2
1353450 752.1
1353460 750.6
1353470 750.9
1353480 751.0
1353490 751.0
1353500 750.0
1353510 747.3
1353520 747.3
1353530 743.4
1353540 738.6
1353550 738.6
1353560 733.7
1353570 730.3
1353580 730.3
1353590 730.9
1353600 737.4
1353610 741.6
1353620 741.6
1353630 744.5
1353640 747.3
1353650 747.3
1353660 749.2
1353670 751.5
1353680 751.5
1353690 754.2
1353700 756.1
1353710 756.1
1353720 755.7
1353730 756.8
1353740 756.8
1353750 760.0
1353760 765.0
1353770 765.0
1353780 771.4
1353790 777.3
1353800 777.3
1353810 782.9
1353820 787.3
1353830 787.3
1353840 791.7
1353850 795.0
1353860 795.0
1353870 797.8
1353880 799.7
1353890 799.7
1353900 801.2
1353910 803.9
1353920 803.9
1353930 807.7
1353940 811.7
1353950 813.6
1353960 813.6
1353970 813.7
1353980 813.4
1353990 813.4
1354000 813.0
1354010 813.3
1354020 813.3
1354030 814.9
1354040 816.7
1354050 816.7
1354060 818.4
1354070 816.8
1354080 816.8
1354090 809.9
1354100 809.7
1354110 809.7
1354120 817.9
1354130 820.1
1354140 820.1
1354150 815.7
1354160 809.9
1354170 809.9
1354180 803.2
1354190 797.5
1354200 797.5
1354210 797.4
1354220 803.2
1354230 803.2
1354240 812.1
1354250 821.1
1354260 829.4
1354270 829.4
1354280 837.7
1354290 845.8
1354300 845.8
1354310 853.8
1354320 864.3
1354330 864.3
1354340 873.8
1354350 876.2
1354360 876.2
1354370 874.5
1354380 871.5
1354390 871.5
1354400 869.4
1354410 870.1
1354420 870.1
1354430 876.3
1354440 885.7
1354450 885.7
1354460 890.8
1354470 895.5
1354480 895.5
1354490 899.6
1354500 901.9
1354510 901.9
1354520 903.8
1354530 904.9
1354540 904.9
1354550 905.3
1354560 904.5
1354570 907.4
1354580 907.4
1354590 911.7
1354600 918.9
1354610 918.9
1354620 925.3
1354630 928.3
1354640 928.3
1354650 931.4
1354660 934.5
1354670 934.5
1354680 938.4
1354690 942.3
1354700 942.3
1354710 946.1
1354720 949.2
1354730 949.2
1354740 951.9
1354750 954.5
1354760 954.5
1354770 956.2
1354780 958.5
1354790 958.5
1354800 960.6
1354810 961.7
1354820 961.7
1354830 960.5
1354840 958.4
1354850 958.4
1354860 952.6
1354870 949.6
1354880 949.6
1354890 957.7
1354900 967.6
1354910 976.5
1354920 976.5
1354930 980.6
1354940 982.4
1354950 982.4
1354960 983.9
1354970 985.5
1354980 985.5
1354990 987.1
1355000 988.6
1355010 988.6
1355020 990.8
1355030 993.0
1355040 993.0
1355050 995.1
1355060 996.7
1355070 996.7
1355080 997.8
1355090 998.2
1355100 998.2
1355110 996.8
1355120 993.9
1355130 993.9
1355140 987.4
1355150 982.6
1355160 982.6
1355170 982.0
1355180 987.3
1355190 987.3
1355200 993.7
1355210 1000.1
1355220 1005.9
1355230 1005.9
1355240 1010.3
1355250 1016.1
1355260 1016.1
1355270 1021.5
1355280 1026.1
1355290 1026.1
1355300 1030.9
1355310 1033.8
1355320 1033.8
1355330 1035.1
1355340 1036.0
1355350 1036.0
1355360 1037.0
1355370 1038.0
1355380 1038.0
1355390 1038.6
1355400 1037.9
1355410 1037.9
1355420 1035.4
1355430 1039.8
1355440 1039.8
1355450 1042.2
1355460 1044.0
1355470 1044.0
1355480 1045.4
1355490 1045.5
1355500 1045.5
1355510 1044.5
1355520 1041.1
1355530 1041.1
1355540 1040.1
1355550 1046.3
1355560 1050.1
1355570 1050.1
1355580 1051.2
1355590 1052.9
1355600 1052.9
1355610 1054.9
1355620 1057.7
1355630 1057.7
1355640 1060.7
1355650 1063.3
1355660 1063.3
1355670 1067.2
1355680 1071.4
1355690 1071.4
1355700 1075.3
1355710 1076.5
1355720 1076.5
1355730 1070.2
1355740 1062.5
1355750 1062.5
1355760 1061.0
1355770 1068.1
1355780 1068.1
1355790 1071.4
1355800 1073.5
1355810 1073.5
1355820 1075.2
1355830 1075.3
1355840 1075.3
1355850 1076.2
1355860 1081.2
1355870 1083.3
1355880 1083.3
1355890 1088.8
1355900 1096.4
1355910 1096.4
1355920 1101.2
1355930 1103.7
1355940 1103.7
1355950 1106.3
1355960 1107.4
1355970 1107.4
1355980 1104.7
1355990 1101.6
1356000 1101.6
1356010 1098.9
1356020 1102.4
1356030 1102.4
1356040 1110.4
1356050 1120.4
1356060 1120.4
1356070 1129.7
1356080 1138.2
1356090 1138.2
1356100 1145.1
1356110 1151.8
1356120 1151.8
1356130 1158.5
1356140 1165.0
1356150 1165.0
1356160 1170.9
1356170 1176.0
1356180 1180.9
1356190 1180.9
1356200 1186.0
1356210 1191.3
1356220 1191.3
1356230 1193.7
1356240 1195.1
1356250 1195.1
1356260 1196.7
1356270 1198.6
1356280 1198.6
1356290 1199.9
1356300 1200.3
1356310 1200.3
1356320 1201.0
1356330 1205.5
1356340 1205.5
1356350 1209.8
1356360 1214.0
1356370 1214.0
1356380 1217.2
1356390 1219.8
1356400 1219.8
1356410 1218.4
1356420 1219.4
1356430 1219.4
1356440 1221.2
1356450 1223.3
1356460 1223.3
1356470 1225.3
1356480 1227.3
1356490 1227.3
1356500 1228.8
1356510 1229.1
1356520 1228.2
1356530 1228.2
1356540 1227.6
1356550 1227.1
1356560 1227.1
1356570 1226.9
1356580 1227.7
1356590 1227.7
1356600 1228.8
1356610 1229.3
1356620 1229.3
1356630 1228.9
1356640 1228.2
1356650 1228.2
1356660 1231.0
1356670 1233.1
1356680 1233.1
1356690 1234.3
1356700 1234.9
1356710 1234.9
1356720 1235.3
1356730 1235.8
1356740 1235.8
1356750 1236.0
1356760 1235.6
1356770 1235.6
1356780 1237.6
1356790 1240.0
1356800 1240.0
1356810 1242.6
1356820 1245.2
1356830 1247.6
1356840 1247.6
1356850 1249.9
1356860 1251.4
1356870 1251.4
1356880 1252.7
1356890 1253.7
1356900 1253.7
1356910 1254.4
1356920 1255.1
1356930 1255.1
1356940 1256.2
1356950 1258.1
1356960 1258.1
1356970 1260.0
1356980 1262.2
1356990 1262.2
1357000 1264.7
1357010 1267.0
1357020 1267.0
1357030 1268.9
1357040 1271.4
1357050 1271.4
1357060 1274.4
1357070 1277.3
1357080 1277.3
1357090 1279.3
1357100 1280.2
1357110 1280.2
1357120 1280.8
1357130 1281.7
1357140 1282.5
1357150 1282.5
1357160 1283.2
1357170 1286.2
1357180 1286.2
1357190 1290.0
1357200 1293.2
1357210 1293.2
1357220 1296.2
1357230 1298.3
1357240 1298.3
1357250 1300.3
1357260 1302.9
1357270 1302.9
1357280 1305.5
1357290 1307.5
1357300 1307.5
1357310 1307.6
1357320 1306.8
1357330 1306.8
1357340 1307.0
1357350 1307.6
1357360 1307.6
1357370 1309.3
1357380 1310.3
1357390 1310.3
1357400 1310.8
1357410 1305.8
1357420 1305.8
1357430 1306.3
1357440 1307.9
1357450 1307.9
1357460 1310.8
1357470 1314.3
1357480 1317.9
1357490 1317.9
1357500 1321.6
1357510 1325.1
1357520 1325.1
1357530 1329.0
1357540 1334.7
1357550 1334.7
1357560 1339.8
1357570 1343.2
1357580 1343.2
1357590 1344.7
1357600 1345.2
1357610 1345.2
1357620 1348.3
1357630 1352.3
1357640 1352.3
1357650 1356.0
1357660 1358.7
1357670 1358.7
1357680 1362.5
1357690 1366.8
1357700 1366.8
1357710 1370.7
1357720 1374.8
1357730 1374.8
1357740 1379.4
1357750 1383.6
1357760 1383.6
1357770 1386.1
1357780 1386.6
1357790 1386.9
1357800 1386.9
1357810 1390.4
1357820 1394.0
1357830 1394.0
1357840 1400.6
1357850 1405.9
1357860 1405.9
1357870 1409.0
1357880 1411.1
1357890 1411.1
1357900 1413.2
1357910 1415.9
1357920 1415.9
1357930 1420.2
1357940 1423.7
1357950 1423.7
1357960 1426.6
1357970 1429.2
1357980 1429.2
1357990 1431.7
1358000 1433.6
1358010 1433.6
1358020 1435.0
1358030 1435.8
1358040 1435.8
1358050 1436.7
1358060 1438.2
1358070 1438.2
1358080 1441.1
1358090 1443.6
1358100 1445.7
1358110 1445.7
1358120 1446.5
1358130 1448.3
1358140 1448.3
1358150 1451.0
1358160 1454.0
1358170 1454.0
1358180 1457.6
1358190 1461.2
1358200 1461.2
1358210 1464.9
1358220 1467.2
1358230 1467.2
1358240 1468.1
1358250 1471.2
1358260 1471.2
1358270 1473.9
1358280 1476.9
1358290 1476.9
1358300 1478.9
1358310 1480.3
1358320 1480.3
1358330 1482.7
1358340 1484.4
1358350 1484.4
1358360 1485.8
1358370 1488.2
1358380 1488.2
1358390 1491.9
1358400 1493.9
1358410 1493.9
1358420 1493.5
1358430 1494.7
1358440 1495.8
1358450 1495.8
1358460 1496.7
1358470 1497.7
1358480 1497.7
1358490 1499.2
1358500 1500.5
1358510 1500.5
1358520 1502.4
1358530 1504.0
1358540 1504.0
1358550 1505.5
1358560 1506.6
1358570 1506.6
1358580 1507.9
1358590 1509.2
1358600 1509.2
1358610 1510.2
1358620 1510.8
1358630 1510.8
1358640 1511.6
1358650 1512.5
1358660 1512.5
1358670 1512.9
1358680 1513.1
1358690 1513.1
1358700 1513.7
1358710 1515.5
1358720 1515.5
1358730 1517.3
1358740 1518.6
1358750 1519.7
1358760 1519.7
1358770 1520.6
1358780 1521.2
1358790 1521.2
1358800 1521.6
1358810 1521.8
1358820 1521.8
1358830 1522.2
1358840 1523.7
1358850 1523.7
1358860 1524.7
1358870 1525.5
1358880 1525.5
1358890 1526.3
1358900 1526.9
1358910 1526.9
1358920 1527.8
1358930 1529.0
1358940 1529.0
1358950 1529.4
1358960 1529.5
1358970 1529.5
1358980 1529.6
1358990 1529.4
1359000 1529.4
1359010 1530.1
1359020 1531.9
1359030 1531.9
1359040 1534.7
1359050 1537.1
1359060 1538.3
1359070 1538.3
1359080 1539.1
1359090 1539.8
1359100 1539.8
1359110 1540.1
1359120 1540.9
1359130 1540.9
1359140 1541.4
1359150 1538.5
1359160 1538.5
1359170 1532.8
1359180 1530.6
1359190 1530.6
1359200 1529.4
1359210 1529.9
1359220 1529.9
1359230 1530.3
1359240 1529.8
1359250 1529.8
1359260 1528.9
1359270 1526.9
1359280 1526.9
1359290 1524.5
1359300 1521.7
1359310 1521.7
1359320 1519.1
1359330 1516.7
1359340 1516.7
1359350 1513.0
1359360 1508.8
1359370 1508.8
1359380 1505.6
1359390 1505.1
1359400 1505.1
1359410 1505.1
1359420 1504.8
1359430 1503.9
1359440 1502.1
1359450 1500.5
1359460 1499.3
1359470 1499.3
1359480 1498.2
1359490 1496.8
1359500 1496.8
1359510 1495.4
1359520 1493.5
1359530 1493.5
1359540 1491.1
1359550 1489.3
1359560 1489.3
1359570 1488.0
1359580 1487.2
1359590 1487.2
1359600 1487.1
1359610 1487.5
1359620 1487.5
1359630 1487.7
1359640 1487.8
1359650 1487.8
1359660 1488.0
1359670 1488.9
1359680 1488.9
1359690 1489.1
1359700 1488.8
1359710 1488.0
1359720 1488.0
1359730 1486.6
1359740 1485.3
1359750 1485.3
1359760 1484.1
1359770 1483.7
1359780 1483.7
1359790 1483.1
1359800 1482.6
1359810 1482.6
1359820 1481.5
1359830 1480.0
1359840 1480.0
1359850 1477.9
1359860 1475.6
1359870 1475.6
1359880 1473.7
1359890 1473.5
1359900 1473.5
1359910 1473.0
1359920 1472.1
1359930 1472.1
1359940 1470.4
1359950 1467.5
1359960 1467.5
1359970 1464.6
1359980 1460.9
1359990 1460.9
