1340000 900.0
1340010 899.7
1340020 899.7
1340030 899.0
1340040 895.4
1340050 895.4
1340060 896.3
1340070 902.4
1340080 902.4
1340090 913.9
1340100 926.8
1340110 921.9
1340120 931.2
1340130 941.0
1340140 941.0
1340150 951.5
1340160 958.3
1340170 958.3
1340180 961.6
1340190 968.2
1340200 968.2
1340210 974.3
1340220 982.8
1340230 991.7
1340240 991.7
1340250 999.8
1340260 1006.5
1340270 1006.5
1340280 1014.9
1340290 1025.2
1340300 1025.2
1340310 1035.7
1340320 1043.9
1340330 1043.9
1340340 1051.5
1340350 1058.3
1340360 1058.3
1340370 1062.9
1340380 1067.6
1340390 1067.6
1340400 1071.9
1340410 1075.0
1340420 1075.0
1340430 1076.3
1340440 1078.0
1340450 1078.0
1340460 1081.6
1340470 1086.6
1340480 1086.6
1340490 1091.1
1340500 1093.6
1340510 1093.6
1340520 1097.1
1340530 1101.2
1340540 1105.0
1340550 1105.0
1340560 1107.8
1340570 1109.5
1340580 1109.5
1340590 1109.3
1340600 1109.3
1340610 1109.3
1340620 1111.7
1340630 1115.6
1340640 1115.6
1340650 1118.7
1340660 1119.8
1340670 1119.8
1340680 1119.2
1340690 1116.0
1340700 1116.0
1340710 1112.6
1340720 1110.3
1340730 1110.3
1340740 1109.5
1340750 1109.2
1340760 1109.2
1340770 1108.5
1340780 1106.3
1340790 1106.3
1340800 1103.1
1340810 1099.8
1340820 1099.8
1340830 1096.7
1340840 1093.9
1340850 1092.0
1340860 1092.0
1340870 1091.0
1340880 1089.0
1340890 1089.0
1340900 1085.3
1340910 1083.0
1340920 1083.0
1340930 1084.3
1340940 1087.8
1340950 1087.8
1340960 1087.3
1340970 1083.5
1340980 1083.5
1340990 1079.7
1341000 1080.0
1341010 1080.0
1341020 1076.2
1341030 1070.5
1341040 1070.5
1341050 1066.0
1341060 1062.4
1341070 1062.4
1341080 1059.7
1341090 1060.6
1341100 1060.6
1341110 1061.7
1341120 1060.7
1341130 1060.7
1341140 1058.7
1341150 1056.4
1341160 1056.4
1341170 1053.7
1341180 1050.4
1341190 1047.7
1341200 1047.7
1341210 1044.0
1341220 1038.5
1341230 1038.5
1341240 1038.0
1341250 1038.0
1341260 1038.0
1341270 1035.8
1341280 1033.6
1341290 1033.6
1341300 1030.6
1341310 1028.2
1341320 1028.2
1341330 1025.9
1341340 1023.3
1341350 1023.3
1341360 1020.6
1341370 1018.1
1341380 1018.1
1341390 1015.8
1341400 1012.9
1341410 1012.9
1341420 1009.9
1341430 1007.3
1341440 1007.3
1341450 1004.2
1341460 1001.7
1341470 1001.7
1341480 999.3
1341490 997.6
1341500 997.0
1341510 997.0
1341520 996.6
1341530 995.8
1341540 995.8
1341550 994.4
1341560 992.8
1341570 992.8
1341580 990.8
1341590 988.4
1341600 988.4
1341610 985.8
1341620 984.2
1341630 984.2
1341640 983.3
1341650 982.7
1341660 982.7
1341670 982.0
1341680 981.4
1341690 981.4
1341700 981.4
1341710 982.1
1341720 982.1
1341730 983.5
1341740 985.6
1341750 985.6
1341760 988.2
1341770 991.0
1341780 991.0
1341790 993.7
1341800 996.3
1341810 996.3
1341820 999.2
1341830 1003.4
1341840 1007.8
1341850 1007.8
1341860 1010.2
1341870 1010.8
1341880 1010.8
1341890 1009.4
1341900 1011.0
1341910 1011.0
1341920 1013.3
1341930 1016.1
1341940 1016.1
1341950 1018.0
1341960 1019.4
1341970 1019.4
1341980 1021.0
1341990 1021.8
1342000 1021.8
1342010 1021.8
1342020 1021.5
1342030 1021.5
1342040 1020.8
1342050 1020.1
1342060 1020.1
1342070 1019.9
1342080 1020.0
1342090 1020.0
1342100 1020.0
1342110 1019.2
1342120 1019.2
1342130 1019.3
1342140 1018.7
1342150 1016.5
1342160 1016.5
1342170 1017.6
1342180 1020.2
1342190 1020.2
1342200 1021.1
1342210 1021.9
1342220 1021.9
1342230 1024.2
1342240 1026.6
1342250 1026.6
1342260 1029.2
1342270 1032.2
1342280 1032.2
1342290 1035.1
1342300 1037.8
1342310 1037.8
1342320 1040.6
1342330 1043.6
1342340 1043.6
1342350 1047.6
1342360 1051.1
1342370 1051.1
1342380 1053.9
1342390 1057.9
1342400 1057.9
1342410 1063.2
1342420 1068.6
1342430 1068.6
1342440 1073.3
1342450 1078.0
1342460 1083.3
1342470 1083.3
1342480 1088.4
1342490 1093.1
1342500 1093.1
1342510 1098.4
1342520 1104.0
1342530 1104.0
1342540 1109.0
1342550 1113.4
1342560 1113.4
1342570 1117.9
1342580 1121.8
1342590 1121.8
1342600 1125.3
1342610 1129.2
1342620 1129.2
1342630 1133.0
1342640 1135.9
1342650 1135.9
1342660 1138.1
1342670 1138.1
1342680 1138.1
1342690 1135.1
1342700 1130.4
1342710 1130.4
1342720 1132.8
1342730 1142.0
1342740 1142.0
1342750 1150.9
1342760 1158.7
1342770 1158.7
1342780 1167.1
1342790 1171.7
1342800 1176.9
1342810 1176.9
1342820 1181.5
1342830 1186.7
1342840 1186.7
1342850 1192.1
1342860 1197.5
1342870 1197.5
1342880 1203.0
1342890 1208.1
1342900 1208.1
1342910 1213.1
1342920 1217.9
1342930 1217.9
1342940 1222.8
1342950 1226.7
1342960 1226.7
1342970 1229.6
1342980 1232.0
1342990 1232.0
1343000 1234.1
1343010 1235.5
1343020 1235.5
1343030 1236.4
1343040 1237.1
1343050 1237.1
1343060 1238.0
1343070 1238.5
1343080 1238.5
1343090 1238.7
1343100 1238.6
1343110 1238.5
1343120 1238.5
1343130 1238.1
1343140 1238.1
1343150 1238.1
1343160 1237.9
1343170 1234.0
1343180 1234.0
1343190 1233.0
1343200 1232.0
1343210 1232.0
1343220 1232.5
1343230 1235.8
1343240 1235.8
1343250 1233.1
1343260 1233.2
1343270 1233.2
1343280 1235.9
1343290 1236.3
1343300 1236.3
1343310 1233.7
1343320 1235.0
1343330 1235.0
1343340 1233.8
1343350 1235.0
1343360 1235.0
1343370 1235.7
1343380 1236.1
1343390 1236.1
1343400 1235.7
1343410 1234.6
1343420 1234.6
1343430 1234.6
1343440 1234.6
1343450 1234.1
1343460 1234.1
1343470 1233.6
1343480 1233.3
1343490 1233.3
1343500 1234.1
1343510 1236.0
1343520 1236.0
1343530 1237.1
1343540 1237.2
1343550 1237.2
1343560 1237.7
1343570 1238.4
1343580 1238.4
1343590 1239.1
1343600 1239.9
1343610 1239.9
1343620 1240.6
1343630 1241.3
1343640 1241.3
1343650 1241.6
1343660 1241.3
1343670 1241.3
1343680 1240.4
1343690 1233.9
1343700 1233.9
1343710 1233.2
1343720 1232.3
1343730 1232.3
1343740 1231.3
1343750 1230.0
1343760 1229.2
1343770 1229.2
1343780 1227.6
1343790 1224.7
1343800 1224.7
1343810 1223.3
1343820 1222.4
1343830 1222.4
1343840 1219.9
1343850 1217.5
1343860 1217.5
1343870 1214.9
1343880 1211.5
1343890 1211.5
1343900 1209.1
1343910 1207.2
1343920 1207.2
1343930 1205.5
1343940 1203.6
1343950 1203.6
1343960 1201.4
1343970 1198.6
1343980 1198.6
1343990 1195.5
1344000 1192.0
1344010 1192.0
1344020 1189.2
1344030 1186.7
1344040 1186.7
1344050 1185.7
1344060 1185.0
1344070 1183.6
1344080 1183.6
1344090 1181.2
1344100 1179.2
1344110 1179.2
1344120 1177.8
1344130 1176.9
1344140 1176.9
1344150 1174.2
1344160 1170.7
1344170 1170.7
1344180 1168.1
1344190 1164.3
1344200 1164.3
1344210 1161.2
1344220 1157.9
1344230 1157.9
1344240 1154.8
1344250 1151.0
1344260 1151.0
1344270 1146.1
1344280 1142.7
1344290 1142.7
1344300 1140.8
1344310 1137.1
1344320 1137.1
1344330 1133.2
1344340 1129.7
1344350 1129.7
1344360 1125.8
1344370 1122.3
1344380 1122.3
1344390 1118.6
1344400 1114.6
1344410 1110.8
1344420 1110.8
1344430 1107.0
1344440 1102.9
1344450 1102.9
1344460 1099.2
1344470 1095.5
1344480 1095.5
1344490 1092.0
1344500 1088.9
1344510 1088.9
1344520 1085.9
1344530 1083.1
1344540 1083.1
1344550 1081.4
1344560 1080.3
1344570 1080.3
1344580 1078.7
1344590 1078.3
1344600 1080.2
1344610 1081.4
1344620 1083.3
1344630 1083.3
1344640 1084.4
1344650 1085.5
1344660 1085.5
1344670 1088.0
1344680 1091.0
1344690 1091.0
1344700 1092.8
1344710 1092.6
1344720 1090.2
1344730 1090.2
1344740 1086.4
1344750 1081.3
1344760 1081.3
1344770 1074.6
1344780 1068.3
1344790 1068.3
1344800 1061.7
1344810 1053.7
1344820 1053.7
1344830 1046.3
1344840 1039.3
1344850 1039.3
1344860 1033.0
1344870 1027.4
1344880 1027.4
1344890 1022.4
1344900 1018.1
1344910 1018.1
1344920 1014.4
1344930 1011.5
1344940 1011.5
1344950 1009.6
1344960 1007.8
1344970 1007.8
1344980 1006.9
1344990 1005.7
1345000 1005.7
1345010 1003.9
1345020 1002.1
1345030 1000.4
1345040 1000.4
1345050 998.7
1345060 997.8
1345070 997.8
1345080 996.3
1345090 995.0
1345100 995.0
1345110 993.2
1345120 991.0
1345130 991.0
1345140 987.9
1345150 983.9
1345160 983.9
1345170 980.2
1345180 977.3
1345190 977.3
1345200 975.0
1345210 972.4
1345220 972.4
1345230 969.8
1345240 967.9
1345250 967.9
1345260 965.0
1345270 962.8
1345280 962.8
1345290 961.0
1345300 959.0
1345310 959.0
1345320 956.8
1345330 955.1
1345340 955.1
1345350 953.8
1345360 953.5
1345370 952.8
1345380 952.8
1345390 952.2
1345400 950.1
1345410 950.1
1345420 945.0
1345430 933.3
1345440 933.3
1345450 923.3
1345460 915.7
1345470 915.7
1345480 909.1
1345490 903.6
1345500 903.6
1345510 896.6
1345520 890.7
1345530 890.7
1345540 883.4
1345550 876.9
1345560 876.9
1345570 870.4
1345580 864.4
1345590 864.4
1345600 858.2
1345610 853.9
1345620 853.9
1345630 849.9
1345640 845.9
1345650 845.9
1345660 842.2
1345670 839.2
1345680 836.1
1345690 836.1
1345700 833.3
1345710 831.3
1345720 831.3
1345730 830.0
1345740 829.0
1345750 829.0
1345760 828.5
1345770 828.4
1345780 828.4
1345790 828.8
1345800 829.4
1345810 829.4
1345820 829.8
1345830 830.3
1345840 830.3
1345850 830.9
1345860 831.7
1345870 831.7
1345880 833.4
1345890 837.3
1345900 837.3
1345910 842.8
1345920 848.5
1345930 848.5
1345940 853.7
1345950 858.5
1345960 858.5
1345970 859.2
1345980 856.9
1345990 853.8
1346000 853.8
1346010 851.4
1346020 849.2
1346030 849.2
1346040 846.1
1346050 843.7
1346060 843.7
1346070 841.4
1346080 839.1
1346090 839.1
1346100 836.5
1346110 833.7
1346120 833.7
1346130 831.1
1346140 828.2
1346150 828.2
1346160 825.1
1346170 822.2
1346180 822.2
1346190 818.1
1346200 813.5
1346210 813.5
1346220 809.5
1346230 805.8
1346240 805.8
1346250 802.3
1346260 798.8
1346270 798.8
1346280 794.3
1346290 788.3
1346300 788.3
1346310 783.4
1346320 780.4
1346330 774.5
1346340 774.5
1346350 769.0
1346360 766.9
1346370 766.9
1346380 767.5
1346390 771.9
1346400 771.9
1346410 776.8
1346420 780.5
1346430 780.5
1346440 784.4
1346450 785.7
1346460 785.7
1346470 786.7
1346480 790.2
1346490 790.2
1346500 793.2
1346510 795.0
1346520 795.0
1346530 796.7
1346540 798.4
1346550 798.4
1346560 800.4
1346570 802.5
1346580 802.5
1346590 804.8
1346600 807.5
1346610 807.5
1346620 810.9
1346630 814.7
1346640 816.9
1346650 816.9
1346660 818.6
1346670 821.1
1346680 821.1
1346690 824.4
1346700 827.1
1346710 827.1
1346720 829.8
1346730 833.1
1346740 833.1
1346750 836.9
1346760 841.3
1346770 841.3
1346780 845.4
1346790 849.7
1346800 849.7
1346810 854.6
1346820 859.9
1346830 859.9
1346840 865.2
1346850 870.5
1346860 870.5
1346870 876.3
1346880 882.2
1346890 882.2
1346900 887.6
1346910 892.7
1346920 892.7
1346930 897.3
1346940 902.0
1346950 902.0
1346960 907.0
1346970 913.0
1346980 919.1
1346990 919.1
1347000 925.0
1347010 931.0
1347020 931.0
1347030 936.9
1347040 942.9
1347050 942.9
1347060 948.9
1347070 955.3
1347080 955.3
1347090 961.7
1347100 968.3
1347110 968.3
1347120 974.8
1347130 981.0
1347140 981.0
1347150 987.5
1347160 993.4
1347170 993.4
1347180 997.3
1347190 1001.2
1347200 1001.2
1347210 1003.8
1347220 1004.8
1347230 1004.8
1347240 1007.2
1347250 1014.2
1347260 1014.2
1347270 1020.7
1347280 1023.9
1347290 1025.9
1347300 1025.9
1347310 1026.4
1347320 1026.5
1347330 1026.5
1347340 1029.0
1347350 1032.6
1347360 1032.6
1347370 1034.9
1347380 1036.8
1347390 1036.8
1347400 1038.8
1347410 1040.8
1347420 1040.8
1347430 1042.0
1347440 1042.8
1347450 1042.8
1347460 1043.0
1347470 1042.7
1347480 1042.7
1347490 1042.1
1347500 1040.8
1347510 1040.8
1347520 1039.0
1347530 1038.2
1347540 1038.2
1347550 1038.8
1347560 1042.0
1347570 1042.0
1347580 1045.4
1347590 1047.4
1347600 1048.4
1347610 1048.4
1347620 1048.8
1347630 1049.2
1347640 1049.2
1347650 1049.5
1347660 1049.7
1347670 1049.7
1347680 1049.8
1347690 1049.5
1347700 1049.5
1347710 1049.3
1347720 1048.8
1347730 1048.8
1347740 1048.2
1347750 1048.4
1347760 1048.4
1347770 1050.5
1347780 1052.5
1347790 1052.5
1347800 1053.9
1347810 1054.5
1347820 1054.5
1347830 1053.9
1347840 1053.8
1347850 1053.8
1347860 1054.0
1347870 1054.2
1347880 1054.2
1347890 1054.0
1347900 1054.0
1347910 1054.0
1347920 1054.1
1347930 1054.5
1347940 1055.0
1347950 1055.0
1347960 1055.7
1347970 1056.5
1347980 1056.5
1347990 1056.9
1348000 1057.1
1348010 1057.1
1348020 1056.9
1348030 1056.7
1348040 1056.7
1348050 1056.6
1348060 1056.3
1348070 1056.3
1348080 1056.1
1348090 1056.5
1348100 1056.5
1348110 1057.0
1348120 1057.3
1348130 1057.3
1348140 1057.5
1348150 1057.7
1348160 1057.7
1348170 1058.0
1348180 1058.3
1348190 1058.3
1348200 1059.0
1348210 1060.0
1348220 1060.0
1348230 1060.8
1348240 1061.6
1348250 1062.2
1348260 1062.2
1348270 1062.7
1348280 1063.1
1348290 1063.1
1348300 1063.2
1348310 1063.7
1348320 1063.7
1348330 1064.2
1348340 1064.7
1348350 1064.7
1348360 1065.3
1348370 1065.7
1348380 1065.7
1348390 1066.0
1348400 1066.0
1348410 1066.0
1348420 1065.7
1348430 1065.2
1348440 1065.2
1348450 1064.6
1348460 1063.7
1348470 1063.7
1348480 1062.7
1348490 1061.7
1348500 1061.7
1348510 1061.2
1348520 1061.0
1348530 1061.0
1348540 1061.0
1348550 1061.1
1348560 1061.2
1348570 1061.2
1348580 1061.3
1348590 1061.4
1348600 1061.4
1348610 1061.5
1348620 1061.6
1348630 1061.6
1348640 1061.7
1348650 1061.8
1348660 1061.8
1348670 1061.9
1348680 1062.1
1348690 1062.1
1348700 1062.4
1348710 1062.7
1348720 1062.7
1348730 1063.1
1348740 1063.2
1348750 1063.2
1348760 1063.1
1348770 1063.2
1348780 1063.2
1348790 1063.2
1348800 1063.1
1348810 1063.1
1348820 1063.1
1348830 1062.8
1348840 1062.8
1348850 1062.3
1348860 1061.6
1348870 1061.6
1348880 1060.6
1348890 1059.8
1348900 1059.0
1348910 1059.0
1348920 1058.4
1348930 1057.5
1348940 1057.5
1348950 1056.3
1348960 1055.0
1348970 1055.0
1348980 1053.7
1348990 1052.2
1349000 1052.2
1349010 1050.7
1349020 1049.2
1349030 1049.2
1349040 1047.4
1349050 1045.8
1349060 1045.8
1349070 1043.9
1349080 1042.2
1349090 1042.2
1349100 1040.5
1349110 1039.0
1349120 1039.0
1349130 1037.6
1349140 1036.3
1349150 1036.3
1349160 1035.3
1349170 1034.4
1349180 1034.4
1349190 1033.4
1349200 1031.7
1349210 1029.4
1349220 1029.4
1349230 1027.5
1349240 1027.6
1349250 1027.6
1349260 1026.4
1349270 1024.9
1349280 1024.9
1349290 1021.9
1349300 1018.5
1349310 1018.5
1349320 1015.0
1349330 1011.2
1349340 1011.2
1349350 1008.3
1349360 1005.4
1349370 1005.4
1349380 1002.1
1349390 998.5
1349400 998.5
1349410 995.0
1349420 991.8
1349430 991.8
1349440 990.0
1349450 988.9
1349460 988.9
1349470 988.1
1349480 988.1
1349490 988.1
1349500 987.4
1349510 986.0
1349520 983.8
1349530 983.8
1349540 980.0
1349550 976.6
1349560 976.6
1349570 974.6
1349580 971.5
1349590 971.5
1349600 968.1
1349610 966.2
1349620 966.2
1349630 963.0
1349640 959.7
1349650 959.7
1349660 957.7
1349670 954.8
1349680 954.8
1349690 950.8
1349700 948.9
1349710 948.9
1349720 946.0
1349730 941.0
1349740 941.0
1349750 936.6
1349760 933.2
1349770 933.2
1349780 931.6
1349790 930.4
1349800 930.4
1349810 928.6
1349820 926.5
1349830 926.5
1349840 924.5
1349850 922.7
1349860 921.4
1349870 921.4
1349880 919.8
1349890 917.5
1349900 917.5
1349910 915.4
1349920 913.5
1349930 913.5
1349940 911.3
1349950 908.8
1349960 908.8
1349970 906.4
1349980 904.2
1349990 904.2
1350000 902.3
1350010 900.4
1350020 900.4
1350030 898.4
1350040 896.0
1350050 896.0
1350060 892.4
1350070 889.2
1350080 889.2
1350090 886.6
1350100 886.9
1350110 886.9
1350120 886.5
1350130 886.3
1350140 886.3
1350150 885.3
1350160 883.0
1350170 879.5
1350180 879.5
1350190 878.8
1350200 875.5
1350210 875.5
1350220 872.9
1350230 869.8
1350240 869.8
1350250 865.5
1350260 862.0
1350270 862.0
1350280 858.6
1350290 855.0
1350300 855.0
1350310 851.8
1350320 848.6
1350330 848.6
1350340 845.5
1350350 843.0
1350360 843.0
1350370 840.7
1350380 838.9
1350390 838.9
1350400 836.8
1350410 835.0
1350420 835.0
1350430 833.3
1350440 831.5
1350450 831.5
1350460 829.8
1350470 828.5
1350480 827.6
1350490 827.6
1350500 826.9
1350510 826.2
1350520 826.2
1350530 825.5
1350540 824.8
1350550 824.8
1350560 824.1
1350570 823.3
1350580 823.3
1350590 822.6
1350600 821.7
1350610 821.7
1350620 821.1
1350630 820.6
1350640 820.6
1350650 820.1
1350660 819.7
1350670 819.7
1350680 819.2
1350690 818.9
1350700 818.9
1350710 818.8
1350720 818.9
1350730 818.9
1350740 818.8
1350750 818.5
1350760 818.5
1350770 817.9
1350780 816.9
1350790 816.9
1350800 815.3
1350810 813.6
1350820 812.5
1350830 812.5
1350840 811.5
1350850 810.9
1350860 810.9
1350870 810.0
1350880 808.5
1350890 808.5
1350900 806.7
1350910 804.6
1350920 804.6
1350930 802.8
1350940 801.3
1350950 801.3
1350960 799.3
1350970 796.5
1350980 796.5
1350990 792.9
1351000 789.5
1351010 789.5
1351020 787.1
1351030 784.9
1351040 784.9
1351050 781.7
1351060 777.8
1351070 777.8
1351080 774.6
1351090 771.8
1351100 771.8
1351110 769.8
1351120 767.9
1351130 765.0
1351140 765.7
1351150 763.1
1351160 761.0
1351170 761.0
1351180 758.6
1351190 755.3
1351200 755.3
1351210 752.3
1351220 749.2
1351230 749.2
1351240 746.4
1351250 744.1
1351260 744.1
1351270 741.4
1351280 738.4
1351290 738.4
1351300 736.1
1351310 733.7
1351320 733.7
1351330 730.8
1351340 727.9
1351350 727.9
1351360 725.5
1351370 723.2
1351380 723.2
1351390 720.2
1351400 717.5
1351410 717.5
1351420 715.7
1351430 713.6
1351440 713.6
1351450 711.5
1351460 709.2
1351470 706.4
1351480 706.4
1351490 702.7
1351500 701.6
1351510 701.6
1351520 699.0
1351530 696.5
1351540 696.5
1351550 693.7
1351560 688.3
1351570 688.3
1351580 684.7
1351590 684.0
1351600 684.0
1351610 684.5
1351620 683.0
1351630 683.0
1351640 680.7
1351650 676.4
1351660 676.4
1351670 671.8
1351680 672.2
1351690 672.2
1351700 670.5
1351710 670.6
1351720 670.6
1351730 673.5
1351740 675.5
1351750 675.5
1351760 675.2
1351770 672.5
1351780 669.6
1351790 669.6
1351800 664.9
1351810 658.9
1351820 658.9
1351830 651.8
1351840 645.5
1351850 645.5
1351860 638.4
1351870 628.3
1351880 628.3
1351890 620.6
1351900 614.5
1351910 614.5
1351920 608.3
1351930 603.3
1351940 603.3
1351950 603.1
1351960 606.4
1351970 606.4
1351980 605.4
1351990 600.6
1352000 600.6
1352010 595.5
1352020 590.5
1352030 590.5
1352040 585.6
1352050 582.5
1352060 582.5
1352070 580.9
1352080 580.8
1352090 581.3
1352100 581.1
1352110 582.9
1352120 583.8
1352130 583.8
1352140 583.7
1352150 583.8
1352160 583.8
1352170 583.9
1352180 585.2
1352190 585.2
1352200 587.0
1352210 587.2
1352220 587.2
1352230 587.3
1352240 588.2
1352250 588.2
1352260 588.4
1352270 587.4
1352280 587.4
1352290 587.5
1352300 587.0
1352310 587.0
1352320 587.4
1352330 588.1
1352340 588.1
1352350 589.0
1352360 590.3
1352370 590.3
1352380 592.5
1352390 595.3
1352400 595.3
1352410 600.8
1352420 605.5
1352430 610.2
1352440 610.2
1352450 614.6
1352460 614.9
1352470 614.9
1352480 612.4
1352490 613.7
1352500 613.7
1352510 618.1
1352520 623.3
1352530 623.3
1352540 630.2
1352550 638.8
1352560 638.8
1352570 646.7
1352580 654.3
1352590 654.3
1352600 661.5
1352610 670.5
1352620 670.5
1352630 678.2
1352640 679.5
1352650 679.5
1352660 675.7
1352670 673.1
1352680 673.1
1352690 670.9
1352700 670.3
1352710 670.3
1352720 670.8
1352730 673.0
1352740 677.9
1352750 677.9
1352760 683.9
1352770 687.7
1352780 687.7
1352790 685.5
1352800 681.9
1352810 681.9
1352820 679.1
1352830 678.2
1352840 678.2
1352850 680.2
1352860 679.1
1352870 679.1
1352880 679.9
1352890 683.4
1352900 683.4
1352910 686.8
1352920 690.7
1352930 690.7
1352940 694.4
1352950 699.6
1352960 699.6
1352970 703.5
1352980 710.4
1352990 710.4
1353000 719.0
1353010 724.0
1353020 724.0
1353030 726.3
1353040 726.7
1353050 727.3
1353060 727.3
1353070 727.4
1353080 728.1
1353090 728.1
1353100 728.7
1353110 729.4
1353120 729.4
1353130 729.9
1353140 730.5
1353150 730.5
1353160 731.1
1353170 731.7
1353180 731.7
1353190 732.4
1353200 733.1
1353210 733.1
1353220 733.7
1353230 734.2
1353240 734.2
1353250 734.9
1353260 735.6
1353270 735.6
1353280 736.3
1353290 737.1
1353300 737.1
1353310 737.3
1353320 737.1
1353330 737.1
1353340 737.9
1353350 738.6
1353360 738.6
1353370 739.1
1353380 739.2
1353390 737.1
1353400 737.1
1353410 733.5
1353420 729.6
1353430 729.6
1353440 726.6
1353450 724.3
1353460 724.3
1353470 722.5
1353480 721.3
1353490 721.3
1353500 720.5
1353510 720.0
1353520 720.0
1353530 719.1
1353540 722.0
1353550 722.0
1353560 725.8
1353570 730.7
1353580 730.7
1353590 736.8
1353600 743.9
1353610 743.9
1353620 751.0
1353630 757.1
1353640 757.1
1353650 761.1
1353660 763.5
1353670 763.5
1353680 765.7
1353690 767.8
1353700 769.8
1353710 769.8
1353720 771.5
1353730 773.2
1353740 773.2
1353750 774.8
1353760 776.4
1353770 776.4
1353780 778.0
1353790 779.9
1353800 779.9
1353810 781.4
1353820 782.0
1353830 782.0
1353840 782.6
1353850 784.3
1353860 784.3
1353870 785.9
1353880 787.9
1353890 787.9
1353900 790.0
1353910 792.1
1353920 792.1
1353930 794.0
1353940 795.7
1353950 795.7
1353960 797.3
1353970 798.8
1353980 798.8
1353990 800.5
1354000 802.4
1354010 804.2
1354020 804.2
1354030 803.6
1354040 796.7
1354050 789.6
1354060 782.9
1354070 773.3
1354080 773.3
1354090 765.3
1354100 761.7
1354110 761.7
1354120 763.8
1354130 770.2
1354140 770.2
1354150 776.9
1354160 784.9
1354170 784.9
1354180 794.2
1354190 801.5
1354200 801.5
1354210 810.0
1354220 822.0
1354230 822.0
1354240 834.3
1354250 843.5
1354260 843.5
1354270 847.4
1354280 845.3
1354290 845.3
1354300 840.6
1354310 837.5
1354320 837.5
1354330 841.9
1354340 850.7
1354350 858.5
1354360 858.5
1354370 865.8
1354380 871.0
1354390 871.0
1354400 873.2
1354410 873.9
1354420 873.9
1354430 874.0
1354440 873.9
1354450 873.9
1354460 874.1
1354470 875.3
1354480 875.3
1354490 877.0
1354500 881.0
1354510 881.0
1354520 886.0
1354530 891.1
1354540 891.1
1354550 896.5
1354560 901.8
1354570 901.8
1354580 906.7
1354590 909.8
1354600 909.8
1354610 912.2
1354620 915.7
1354630 915.7
1354640 916.7
1354650 918.3
1354660 920.2
1354670 920.2
1354680 922.3
1354690 924.5
1354700 924.5
1354710 926.8
1354720 929.0
1354730 929.0
1354740 930.4
1354750 932.1
1354760 932.1
1354770 934.0
1354780 935.1
1354790 935.1
1354800 934.4
1354810 932.6
1354820 932.6
1354830 932.8
1354840 937.6
1354850 937.6
1354860 945.8
1354870 953.3
1354880 953.3
1354890 957.9
1354900 959.4
1354910 959.4
1354920 961.1
1354930 963.1
1354940 963.1
1354950 965.2
1354960 967.1
1354970 969.0
1354980 969.0
1354990 970.9
1355000 972.7
1355010 972.7
1355020 974.2
1355030 972.7
1355040 972.7
1355050 974.3
1355060 975.7
1355070 975.7
1355080 976.0
1355090 971.6
1355100 971.6
1355110 964.3
1355120 959.5
1355130 959.5
1355140 955.0
1355150 962.6
1355160 962.6
1355170 972.5
1355180 981.7
1355190 981.7
1355200 986.7
1355210 988.8
1355220 988.8
1355230 991.6
1355240 994.3
1355250 994.3
1355260 996.4
1355270 998.9
1355280 998.9
1355290 1003.6
1355300 1005.9
1355310 1006.7
1355320 1006.7
1355330 1007.0
1355340 1007.5
1355350 1007.5
1355360 1008.1
1355370 1009.2
1355380 1009.2
1355390 1010.8
1355400 1011.9
1355410 1011.9
1355420 1012.5
1355430 1013.8
1355440 1013.8
1355450 1015.0
1355460 1016.2
1355470 1016.2
1355480 1018.4
1355490 1020.2
1355500 1020.2
1355510 1021.4
1355520 1022.0
1355530 1022.0
1355540 1021.5
1355550 1021.7
1355560 1021.7
1355570 1024.5
1355580 1029.5
1355590 1029.5
1355600 1034.1
1355610 1038.2
1355620 1041.8
1355630 1041.8
1355640 1044.2
1355650 1045.3
1355660 1045.3
1355670 1046.2
1355680 1047.4
1355690 1047.4
1355700 1048.5
1355710 1049.3
1355720 1049.3
1355730 1049.2
1355740 1048.2
1355750 1048.2
1355760 1043.2
1355770 1035.0
1355780 1035.0
1355790 1029.9
1355800 1034.0
1355810 1034.0
1355820 1037.0
1355830 1032.9
1355840 1032.9
1355850 1030.1
1355860 1037.1
1355870 1037.1
1355880 1050.4
1355890 1061.5
1355900 1061.5
1355910 1068.9
1355920 1073.9
1355930 1078.5
1355940 1078.5
1355950 1085.1
1355960 1093.1
1355970 1093.1
1355980 1100.2
1355990 1107.8
1356000 1107.8
1356010 1115.4
1356020 1124.5
1356030 1124.5
1356040 1132.0
1356050 1138.8
1356060 1138.8
1356070 1144.8
1356080 1150.3
1356090 1150.3
1356100 1155.7
1356110 1159.3
1356120 1159.3
1356130 1161.4
1356140 1163.7
1356150 1163.7
1356160 1165.6
1356170 1167.3
1356180 1167.3
1356190 1169.0
1356200 1170.6
1356210 1170.6
1356220 1172.1
1356230 1175.0
1356240 1175.0
1356250 1179.0
1356260 1182.4
1356270 1184.4
1356280 1184.4
1356290 1188.0
1356300 1191.1
1356310 1191.1
1356320 1193.2
1356330 1195.3
1356340 1195.3
1356350 1196.1
1356360 1197.4
1356370 1197.4
1356380 1199.1
1356390 1200.7
1356400 1200.7
1356410 1202.0
1356420 1202.7
1356430 1202.7
1356440 1203.5
1356450 1204.9
1356460 1204.9
1356470 1207.3
1356480 1208.9
1356490 1208.9
1356500 1209.9
1356510 1210.3
1356520 1210.3
1356530 1210.2
1356540 1210.3
1356550 1210.3
1356560 1210.7
1356570 1211.0
1356580 1211.1
1356590 1211.1
1356600 1211.3
1356610 1210.6
1356620 1210.6
1356630 1212.0
1356640 1213.3
1356650 1213.3
1356660 1214.3
1356670 1214.9
1356680 1214.9
1356690 1215.8
1356700 1218.0
1356710 1218.0
1356720 1220.1
1356730 1220.6
1356740 1220.6
1356750 1220.6
1356760 1222.2
1356770 1222.2
1356780 1224.6
1356790 1226.4
1356800 1226.4
1356810 1228.0
1356820 1229.0
1356830 1229.0
1356840 1229.7
1356850 1230.5
1356860 1230.5
1356870 1232.1
1356880 1233.7
1356890 1233.7
1356900 1234.9
1356910 1236.1
1356920 1238.2
1356930 1238.2
1356940 1240.8
1356950 1243.2
1356960 1243.2
1356970 1245.2
1356980 1247.1
1356990 1247.1
1357000 1249.2
1357010 1246.8
1357020 1246.8
1357030 1246.9
1357040 1247.3
1357050 1247.3
1357060 1249.3
1357070 1252.8
1357080 1252.8
1357090 1257.0
1357100 1260.5
1357110 1260.5
1357120 1263.0
1357130 1265.4
1357140 1265.4
1357150 1268.1
1357160 1270.6
1357170 1270.6
1357180 1272.9
1357190 1275.5
1357200 1275.5
1357210 1277.5
1357220 1279.5
1357230 1282.3
1357240 1282.3
1357250 1284.9
1357260 1285.7
1357270 1285.7
1357280 1284.4
1357290 1282.6
1357300 1282.6
1357310 1281.2
1357320 1277.4
1357330 1277.4
1357340 1276.4
1357350 1276.8
1357360 1276.8
1357370 1277.6
1357380 1283.9
1357390 1283.9
1357400 1292.4
1357410 1300.9
1357420 1300.9
1357430 1306.0
1357440 1309.3
1357450 1309.3
1357460 1311.7
1357470 1313.0
1357480 1313.0
1357490 1314.1
1357500 1313.9
1357510 1313.9
1357520 1313.9
1357530 1315.7
1357540 1318.6
1357550 1318.6
1357560 1320.8
1357570 1324.9
1357580 1324.9
1357590 1329.4
1357600 1333.3
1357610 1333.3
1357620 1337.0
1357630 1340.9
1357640 1340.9
1357650 1344.5
1357660 1347.3
1357670 1347.3
1357680 1348.9
1357690 1350.0
1357700 1350.0
1357710 1352.9
1357720 1355.7
1357730 1355.7
1357740 1355.6
1357750 1357.2
1357760 1357.2
1357770 1363.8
1357780 1369.9
1357790 1369.9
1357800 1375.4
1357810 1379.9
1357820 1379.9
1357830 1382.8
1357840 1385.8
1357850 1385.8
1357860 1389.4
1357870 1392.8
1357880 1396.8
1357890 1396.8
1357900 1400.7
1357910 1403.5
1357920 1403.5
1357930 1406.2
1357940 1407.1
1357950 1407.1
1357960 1405.9
1357970 1405.4
1357980 1405.4
1357990 1406.9
1358000 1409.7
1358010 1409.7
1358020 1410.1
1358030 1414.8
1358040 1414.8
1358050 1417.5
1358060 1420.2
1358070 1420.2
1358080 1422.9
1358090 1424.9
1358100 1424.9
1358110 1427.2
1358120 1428.7
1358130 1428.7
1358140 1429.9
1358150 1432.8
1358160 1432.8
1358170 1435.9
1358180 1439.0
1358190 1442.5
1358200 1442.5
1358210 1445.8
1358220 1448.5
1358230 1448.5
1358240 1451.1
1358250 1453.4
1358260 1453.4
1358270 1457.7
1358280 1461.0
1358290 1461.0
1358300 1464.2
1358310 1467.4
1358320 1467.4
1358330 1469.9
1358340 1471.9
1358350 1471.9
1358360 1473.8
1358370 1475.8
1358380 1475.8
1358390 1477.7
1358400 1479.4
1358410 1479.4
1358420 1480.9
1358430 1483.0
1358440 1483.0
1358450 1485.1
1358460 1487.2
1358470 1487.2
1358480 1488.8
1358490 1489.7
1358500 1490.9
1358510 1490.9
1358520 1491.4
1358530 1492.9
1358540 1492.9
1358550 1494.3
1358560 1495.5
1358570 1495.5
1358580 1496.3
1358590 1496.9
1358600 1496.9
1358610 1497.5
1358620 1498.2
1358630 1498.2
1358640 1499.1
1358650 1499.5
1358660 1499.5
1358670 1499.0
1358680 1499.4
1358690 1499.4
1358700 1500.4
1358710 1501.5
1358720 1501.5
1358730 1502.9
1358740 1504.7
1358750 1504.7
1358760 1505.9
1358770 1506.0
1358780 1506.0
1358790 1505.6
1358800 1505.0
1358810 1505.0
1358820 1507.2
1358830 1509.7
1358840 1509.7
1358850 1509.7
1358860 1509.3
1358870 1509.2
1358880 1509.2
1358890 1509.8
1358900 1513.8
1358910 1513.8
1358920 1516.3
1358930 1517.7
1358940 1517.7
1358950 1518.4
1358960 1520.0
1358970 1520.0
1358980 1521.6
1358990 1522.9
1359000 1522.9
1359010 1524.0
1359020 1524.7
1359030 1521.5
1359040 1522.1
1359050 1523.8
1359060 1523.8
1359070 1525.6
1359080 1526.2
1359090 1526.2
1359100 1522.8
1359110 1516.6
1359120 1516.6
1359130 1511.8
1359140 1507.9
1359150 1505.9
1359160 1505.9
1359170 1505.8
1359180 1506.1
1359190 1506.1
1359200 1506.0
1359210 1505.1
1359220 1505.1
1359230 1502.2
1359240 1499.1
1359250 1499.1
1359260 1496.8
1359270 1494.8
1359280 1494.8
1359290 1494.5
1359300 1494.5
1359310 1494.5
1359320 1494.3
1359330 1493.8
1359340 1493.8
1359350 1493.3
1359360 1493.1
1359370 1493.1
1359380 1492.6
1359390 1492.2
1359400 1492.2
1359410 1492.0
1359420 1491.6
1359430 1491.6
1359440 1490.4
1359450 1488.1
1359460 1485.4
1359470 1485.4
1359480 1482.8
1359490 1480.4
1359500 1480.4
1359510 1477.5
1359520 1475.1
1359530 1475.1
1359540 1473.4
1359550 1472.1
1359560 1472.1
1359570 1471.3
1359580 1471.0
1359590 1471.0
1359600 1470.8
1359610 1470.6
1359620 1470.6
1359630 1470.2
1359640 1470.4
1359650 1470.4
1359660 1470.2
1359670 1470.1
1359680 1470.1
1359690 1469.9
1359700 1469.3
1359710 1469.3
1359720 1468.5
1359730 1467.5
1359740 1467.5
1359750 1466.2
1359760 1464.3
1359770 1464.3
1359780 1462.6
1359790 1460.9
1359800 1459.3
1359810 1459.3
1359820 1457.3
1359830 1454.0
1359840 1454.0
1359850 1451.0
1359860 1447.8
1359870 1447.8
1359880 1444.8
1359890 1443.4
1359900 1443.4
1359910 1441.6
1359920 1439.6
1359930 1439.6
1359940 1438.2
1359950 1437.3
1359960 1437.3
1359970 1434.2
1359980 1430.4
1359990 1430.4
