1340000 786.6
1340010 803.1
1340020 814.7
1340030 814.7
1340040 827.8
1340050 840.4
1340060 840.4
1340070 848.7
1340080 854.1
1340090 854.1
1340100 861.1
1340110 867.2
1340120 867.2
1340130 871.3
1340140 877.4
1340150 877.4
1340160 878.3
1340170 885.5
1340180 885.5
1340190 904.6
1340200 908.2
1340210 908.2
1340220 910.1
1340230 912.7
1340240 915.2
1340250 915.2
1340260 918.3
1340270 920.2
1340280 920.2
1340290 920.7
1340300 920.4
1340310 920.4
1340320 920.6
1340330 921.3
1340340 921.3
1340350 922.1
1340360 922.9
1340370 923.2
1340380 924.1
1340390 925.2
1340400 925.2
1340410 926.5
1340420 928.0
1340430 928.0
1340440 929.6
1340450 931.8
1340460 931.8
1340470 934.4
1340480 936.9
1340490 936.9
1340500 938.4
1340510 938.8
1340520 938.8
1340530 938.7
1340540 938.9
1340550 938.9
1340560 939.4
1340570 939.6
1340580 940.0
1340590 940.0
1340600 941.0
1340610 941.1
1340620 941.1
1340630 941.8
1340640 942.7
1340650 942.7
1340660 944.6
1340670 946.7
1340680 946.7
1340690 947.3
1340700 947.3
1340710 947.3
1340720 947.4
1340730 947.3
1340740 947.3
1340750 946.2
1340760 944.4
1340770 944.4
1340780 942.5
1340790 941.2
1340800 941.2
1340810 939.9
1340820 937.5
1340830 937.5
1340840 935.3
1340850 934.1
1340860 934.1
1340870 932.9
1340880 931.0
1340890 929.1
1340900 929.1
1340910 928.3
1340920 928.3
1340930 928.3
1340940 928.6
1340950 928.8
1340960 928.8
1340970 929.0
1340980 929.2
1340990 929.2
1341000 929.2
1341010 929.2
1341020 929.2
1341030 928.1
1341040 926.5
1341050 926.5
1341060 925.8
1341070 925.3
1341080 925.3
1341090 924.7
1341100 923.4
1341110 923.4
1341120 922.1
1341130 921.1
1341140 921.1
1341150 920.5
1341160 919.9
1341170 919.9
1341180 919.1
1341190 918.3
1341200 918.3
1341210 917.6
1341220 916.7
1341230 915.8
1341240 915.8
1341250 915.2
1341260 913.6
1341270 913.6
1341280 911.8
1341290 909.0
1341300 909.0
1341310 901.2
1341320 893.3
1341330 893.3
1341340 899.6
1341350 904.4
1341360 904.4
1341370 906.5
1341380 910.8
1341390 910.8
1341400 913.3
1341410 913.8
1341420 913.8
1341430 914.5
1341440 915.2
1341450 915.2
1341460 916.1
1341470 916.9
1341480 916.9
1341490 917.7
1341500 918.5
1341510 918.5
1341520 919.4
1341530 920.1
1341540 920.9
1341550 920.9
1341560 921.5
1341570 922.3
1341580 922.3
1341590 924.4
1341600 927.0
1341610 927.0
1341620 929.0
1341630 931.7
1341640 931.7
1341650 934.5
1341660 937.4
1341670 937.4
1341680 940.9
1341690 943.8
1341700 943.8
1341710 946.4
1341720 948.6
1341730 948.6
1341740 950.9
1341750 952.8
1341760 952.8
1341770 954.3
1341780 955.5
1341790 955.5
1341800 955.2
1341810 957.3
1341820 957.3
1341830 960.1
1341840 961.8
1341850 961.8
1341860 962.7
1341870 966.1
1341880 970.3
1341890 970.3
1341900 973.2
1341910 974.7
1341920 974.7
1341930 976.1
1341940 976.0
1341950 976.0
1341960 978.8
1341970 982.7
1341980 982.7
1341990 985.2
1342000 987.8
1342010 987.8
1342020 990.5
1342030 992.3
1342040 992.3
1342050 993.3
1342060 992.7
1342070 992.7
1342080 987.7
1342090 986.2
1342100 986.2
1342110 985.2
1342120 983.0
1342130 983.0
1342140 982.2
1342150 981.0
1342160 986.4
1342170 983.5
1342180 978.4
1342190 974.0
1342200 974.0
1342210 968.7
1342220 968.7
1342230 968.7
1342240 977.0
1342250 985.6
1342260 985.6
1342270 991.7
1342280 996.9
1342290 996.9
1342300 1002.4
1342310 1008.4
1342320 1008.4
1342330 1011.4
1342340 1015.2
1342350 1015.2
1342360 1021.8
1342370 1029.6
1342380 1029.6
1342390 1037.4
1342400 1040.0
1342410 1040.0
1342420 1040.2
1342430 1041.3
1342440 1041.3
1342450 1043.5
1342460 1046.0
1342470 1046.0
1342480 1047.0
1342490 1050.0
1342500 1050.0
1342510 1054.4
1342520 1057.7
1342530 1058.4
1342540 1058.4
1342550 1060.8
1342560 1066.6
1342570 1066.6
1342580 1070.3
1342590 1071.8
1342600 1071.8
1342610 1072.1
1342620 1071.5
1342630 1071.5
1342640 1070.4
1342650 1069.4
1342660 1069.4
1342670 1067.3
1342680 1067.1
1342690 1067.1
1342700 1064.7
1342710 1063.5
1342720 1063.5
1342730 1066.0
1342740 1071.3
1342750 1071.3
1342760 1076.6
1342770 1079.8
1342780 1079.8
1342790 1078.1
1342800 1072.8
1342810 1072.8
1342820 1067.6
1342830 1063.3
1342840 1060.2
1342850 1060.2
1342860 1064.5
1342870 1066.6
1342880 1066.6
1342890 1065.5
1342900 1062.8
1342910 1062.8
1342920 1066.2
1342930 1072.2
1342940 1072.2
1342950 1074.8
1342960 1073.2
1342970 1073.2
1342980 1072.2
1342990 1075.1
1343000 1075.1
1343010 1076.0
1343020 1073.4
1343030 1073.4
1343040 1069.1
1343050 1061.6
1343060 1065.8
1343070 1058.5
1343080 1059.6
1343090 1059.6
1343100 1065.8
1343110 1065.2
1343120 1065.2
1343130 1064.4
1343140 1065.9
1343150 1065.9
1343160 1066.8
1343170 1067.2
1343180 1072.5
1343190 1072.5
1343200 1074.4
1343210 1074.4
1343220 1074.4
1343230 1071.7
1343240 1068.5
1343250 1068.5
1343260 1067.3
1343270 1075.6
1343280 1075.6
1343290 1085.0
1343300 1092.9
1343310 1092.9
1343320 1099.9
1343330 1103.6
1343340 1103.6
1343350 1104.7
1343360 1106.3
1343370 1106.3
1343380 1107.7
1343390 1108.1
1343400 1108.1
1343410 1107.7
1343420 1107.8
1343430 1107.8
1343440 1107.9
1343450 1108.3
1343460 1108.3
1343470 1107.9
1343480 1108.9
1343490 1110.4
1343500 1110.4
1343510 1110.5
1343520 1110.7
1343530 1110.7
1343540 1111.7
1343550 1112.1
1343560 1112.1
1343570 1112.0
1343580 1111.6
1343590 1111.6
1343600 1110.4
1343610 1109.4
1343620 1109.4
1343630 1108.8
1343640 1107.6
1343650 1107.6
1343660 1105.8
1343670 1103.9
1343680 1103.9
1343690 1102.4
1343700 1100.6
1343710 1100.6
1343720 1098.7
1343730 1096.5
1343740 1096.5
1343750 1094.3
1343760 1091.1
1343770 1091.1
1343780 1091.2
1343790 1091.2
1343800 1089.9
1343810 1089.9
1343820 1087.7
1343830 1084.1
1343840 1084.1
1343850 1080.6
1343860 1076.8
1343870 1076.8
1343880 1072.1
1343890 1067.4
1343900 1067.4
1343910 1063.9
1343920 1061.0
1343930 1061.0
1343940 1058.7
1343950 1055.5
1343960 1057.3
1343970 1052.5
1343980 1046.6
1343990 1046.6
1344000 1040.6
1344010 1034.3
1344020 1034.3
1344030 1028.5
1344040 1024.2
1344050 1024.2
1344060 1023.2
1344070 1023.9
1344080 1023.9
1344090 1023.5
1344100 1020.7
1344110 1020.7
1344120 1017.7
1344130 1014.4
1344140 1010.4
1344150 1010.4
1344160 1005.9
1344170 1001.0
1344180 1001.0
1344190 995.3
1344200 989.9
1344210 989.9
1344220 984.8
1344230 979.6
1344240 979.6
1344250 972.5
1344260 965.4
1344270 965.4
1344280 957.3
1344290 948.5
1344300 948.5
1344310 939.2
1344320 929.7
1344330 929.7
1344340 921.0
1344350 914.0
1344360 914.0
1344370 908.0
1344380 900.6
1344390 900.6
1344400 894.2
1344410 894.1
1344420 894.1
1344430 897.0
1344440 899.7
1344450 902.8
1344460 902.8
1344470 901.4
1344480 901.5
1344490 901.5
1344500 903.7
1344510 901.7
1344520 901.7
1344530 906.8
1344540 909.6
1344550 909.6
1344560 910.8
1344570 912.7
1344580 912.7
1344590 911.9
1344600 915.0
1344610 915.0
1344620 916.0
1344630 913.6
1344640 913.6
1344650 910.3
1344660 906.3
1344670 906.3
1344680 900.9
1344690 897.0
1344700 897.0
1344710 894.9
1344720 892.7
1344730 892.7
1344740 890.5
1344750 888.2
1344760 888.2
1344770 882.2
1344780 874.5
1344790 866.4
1344800 866.4
1344810 859.2
1344820 853.3
1344830 853.3
1344840 847.3
1344850 840.4
1344860 840.4
1344870 828.6
1344880 824.9
1344890 824.9
1344900 823.0
1344910 822.7
1344920 822.7
1344930 825.6
1344940 828.9
1344950 828.9
1344960 830.1
1344970 828.6
1344980 828.6
1344990 828.9
1345000 833.8
1345010 833.8
1345020 833.1
1345030 828.8
1345040 828.8
1345050 826.6
1345060 827.3
1345070 827.3
1345080 824.1
1345090 821.3
1345100 817.0
1345110 817.0
1345120 811.2
1345130 806.6
1345140 806.6
1345150 804.3
1345160 802.7
1345170 802.7
1345180 801.1
1345190 798.9
1345200 798.9
1345210 795.9
1345220 791.8
1345230 791.8
1345240 790.4
1345250 789.3
1345260 789.3
1345270 787.9
1345280 786.5
1345290 786.5
1345300 784.9
1345310 782.6
1345320 782.6
1345330 779.6
1345340 775.3
1345350 775.3
1345360 772.0
1345370 768.8
1345380 768.8
1345390 765.3
1345400 762.2
1345410 762.2
1345420 759.5
1345430 757.2
1345440 753.9
1345450 753.9
1345460 750.2
1345470 747.2
1345480 747.2
1345490 742.0
1345500 737.0
1345510 737.0
1345520 737.7
1345530 739.4
1345540 739.4
1345550 737.7
1345560 735.5
1345570 735.5
1345580 732.3
1345590 730.4
1345600 730.4
1345610 728.0
1345620 724.2
1345630 724.2
1345640 720.3
1345650 717.0
1345660 717.0
1345670 713.4
1345680 713.0
1345690 713.0
1345700 714.8
1345710 715.7
1345720 715.7
1345730 716.4
1345740 717.5
1345750 719.3
1345760 719.3
1345770 721.6
1345780 724.6
1345790 724.8
1345800 728.4
1345810 732.0
1345820 732.0
1345830 738.9
1345840 748.1
1345850 748.1
1345860 755.2
1345870 760.1
1345880 760.1
1345890 764.1
1345900 767.7
1345910 767.7
1345920 771.4
1345930 775.0
1345940 775.0
1345950 777.7
1345960 779.9
1345970 779.9
1345980 781.9
1345990 784.3
1346000 784.3
1346010 786.6
1346020 788.9
1346030 788.9
1346040 791.4
1346050 792.4
1346060 792.4
1346070 794.2
1346080 796.9
1346090 799.5
1346100 799.5
1346110 801.7
1346120 803.9
1346130 803.9
1346140 806.3
1346150 808.8
1346160 808.8
1346170 811.5
1346180 814.6
1346190 814.6
1346200 817.7
1346210 820.6
1346220 820.6
1346230 822.7
1346240 819.3
1346250 819.3
1346260 815.5
1346270 817.2
1346280 817.2
1346290 824.4
1346300 833.0
1346310 833.0
1346320 840.5
1346330 849.2
1346340 849.2
1346350 855.3
1346360 859.4
1346370 859.4
1346380 863.5
1346390 867.7
1346400 871.5
1346410 871.5
1346420 875.9
1346430 880.1
1346440 880.1
1346450 884.2
1346460 888.3
1346470 888.3
1346480 892.1
1346490 895.3
1346500 895.3
1346510 898.1
1346520 900.5
1346530 900.5
1346540 901.8
1346550 904.7
1346560 904.7
1346570 907.1
1346580 909.3
1346590 909.3
1346600 911.9
1346610 914.7
1346620 914.7
1346630 917.2
1346640 919.9
1346650 919.9
1346660 923.1
1346670 927.1
1346680 927.1
1346690 929.6
1346700 930.4
1346710 925.8
1346720 927.4
1346730 929.1
1346740 928.2
1346750 928.2
1346760 926.6
1346770 927.7
1346780 927.7
1346790 933.0
1346800 937.9
1346810 937.9
1346820 943.6
1346830 946.7
1346840 946.7
1346850 948.2
1346860 949.4
1346870 949.4
1346880 950.6
1346890 951.8
1346900 951.8
1346910 952.9
1346920 953.9
1346930 953.9
1346940 954.5
1346950 955.4
1346960 955.4
1346970 956.8
1346980 958.3
1346990 958.3
1347000 960.0
1347010 962.2
1347020 962.2
1347030 964.7
1347040 967.3
1347050 970.3
1347060 970.3
1347070 972.0
1347080 974.4
1347090 974.4
1347100 976.4
1347110 978.5
1347120 978.5
1347130 981.6
1347140 983.8
1347150 983.8
1347160 985.7
1347170 987.9
1347180 987.9
1347190 989.7
1347200 991.9
1347210 991.9
1347220 993.7
1347230 994.8
1347240 994.8
1347250 996.2
1347260 997.8
1347270 997.8
1347280 999.3
1347290 1000.8
1347300 1000.8
1347310 1002.2
1347320 1003.8
1347330 1003.8
1347340 1005.4
1347350 1007.0
1347360 1007.0
1347370 1008.6
1347380 1010.0
1347390 1010.8
1347400 1010.8
1347410 1011.3
1347420 1012.3
1347430 1012.3
1347440 1013.5
1347450 1014.6
1347460 1014.6
1347470 1015.4
1347480 1016.0
1347490 1016.0
1347500 1016.3
1347510 1015.8
1347520 1015.8
1347530 1014.5
1347540 1013.1
1347550 1013.1
1347560 1011.7
1347570 1011.1
1347580 1011.1
1347590 1010.9
1347600 1010.7
1347610 1010.7
1347620 1010.5
1347630 1010.4
1347640 1010.3
1347650 1010.1
1347660 1009.9
1347670 1009.9
1347680 1009.8
1347690 1009.8
1347700 1010.4
1347710 1010.4
1347720 1011.1
1347730 1011.5
1347740 1011.5
1347750 1010.9
1347760 1009.8
1347770 1009.8
1347780 1008.0
1347790 1005.7
1347800 1005.7
1347810 1004.2
1347820 1003.4
1347830 1003.4
1347840 1002.0
1347850 1000.4
1347860 1000.4
1347870 997.8
1347880 997.1
1347890 997.1
1347900 998.4
1347910 998.7
1347920 998.7
1347930 998.8
1347940 997.7
1347950 997.7
1347960 994.4
1347970 991.1
1347980 991.1
1347990 987.0
1348000 981.8
1348010 976.8
1348020 976.8
1348030 972.4
1348040 968.5
1348050 968.5
1348060 966.3
1348070 965.6
1348080 965.6
1348090 965.2
1348100 965.4
1348110 965.4
1348120 968.3
1348130 974.1
1348140 974.1
1348150 978.0
1348160 979.2
1348170 979.2
1348180 982.3
1348190 986.1
1348200 986.1
1348210 989.6
1348220 993.0
1348230 993.0
1348240 995.1
1348250 996.0
1348260 996.0
1348270 995.4
1348280 994.9
1348290 994.9
1348300 995.2
1348310 995.9
1348320 995.9
1348330 996.7
1348340 997.5
1348350 998.2
1348360 998.2
1348370 999.4
1348380 1001.5
1348390 1001.5
1348400 1004.3
1348410 1007.2
1348420 1007.2
1348430 1009.5
1348440 1011.6
1348450 1011.6
1348460 1013.3
1348470 1015.2
1348480 1015.2
1348490 1017.0
1348500 1018.9
1348510 1018.9
1348520 1019.4
1348530 1018.0
1348540 1018.0
1348550 1016.6
1348560 1015.1
1348570 1015.1
1348580 1016.3
1348590 1015.2
1348600 1015.2
1348610 1014.5
1348620 1013.7
1348630 1013.7
1348640 1012.2
1348650 1011.0
1348660 1012.4
1348670 1012.4
1348680 1013.6
1348690 1013.8
1348700 1013.8
1348710 1013.1
1348720 1011.8
1348730 1011.8
1348740 1009.5
1348750 1008.1
1348760 1008.1
1348770 1007.5
1348780 1007.4
1348790 1007.4
1348800 1006.3
1348810 1004.1
1348820 1004.1
1348830 1001.5
1348840 998.9
1348850 998.9
1348860 996.0
1348870 992.0
1348880 992.0
1348890 988.6
1348900 986.3
1348910 986.3
1348920 984.0
1348930 981.4
1348940 981.4
1348950 979.1
1348960 976.9
1348970 976.9
1348980 975.2
1348990 973.5
1349000 970.6
1349010 970.6
1349020 967.0
1349030 963.0
1349040 963.0
1349050 959.1
1349060 956.0
1349070 956.0
1349080 953.1
1349090 950.2
1349100 950.2
1349110 947.1
1349120 945.0
1349130 945.0
1349140 943.0
1349150 940.1
1349160 940.1
1349170 936.5
1349180 932.3
1349190 932.3
1349200 927.6
1349210 923.2
1349220 923.2
1349230 919.6
1349240 915.8
1349250 915.8
1349260 911.3
1349270 906.4
1349280 906.4
1349290 901.8
1349300 898.4
1349310 896.3
1349320 896.3
1349330 894.5
1349340 892.8
1349350 892.8
1349360 893.5
1349370 893.1
1349380 893.1
1349390 891.1
1349400 888.4
1349410 888.4
1349420 885.6
1349430 883.2
1349440 883.2
1349450 880.8
1349460 877.6
1349470 877.6
1349480 874.9
1349490 872.7
1349500 872.7
1349510 870.8
1349520 869.9
1349530 869.9
1349540 868.3
1349550 865.8
1349560 865.8
1349570 862.3
1349580 857.4
1349590 857.4
1349600 852.6
1349610 846.7
1349620 846.7
1349630 840.0
1349640 835.7
1349650 838.8
1349660 838.8
1349670 843.3
1349680 849.5
1349690 849.5
1349700 853.9
1349710 849.3
1349720 849.3
1349730 847.2
1349740 846.1
1349750 846.1
1349760 845.6
1349770 847.3
1349780 847.3
1349790 843.3
1349800 836.1
1349810 836.1
1349820 829.7
1349830 824.4
1349840 824.4
1349850 819.8
1349860 818.6
1349870 818.6
1349880 817.8
1349890 814.8
1349900 814.8
1349910 815.0
1349920 817.9
1349930 817.9
1349940 818.8
1349950 818.8
1349960 818.4
1349970 818.4
1349980 817.0
1349990 815.2
1350000 815.2
1350010 812.8
1350020 810.2
1350030 810.2
1350040 808.1
1350050 805.3
1350060 805.3
1350070 802.6
1350080 800.0
1350090 800.0
1350100 797.3
1350110 795.3
1350120 795.3
1350130 793.6
1350140 791.6
1350150 791.6
1350160 789.7
1350170 787.8
1350180 787.8
1350190 785.9
1350200 783.7
1350210 783.7
1350220 781.4
1350230 779.5
1350240 779.5
1350250 777.9
1350260 775.6
1350270 775.6
1350280 773.7
1350290 771.3
1350300 769.0
1350310 769.0
1350320 767.0
1350330 765.2
1350340 765.2
1350350 763.3
1350360 761.2
1350370 761.2
1350380 759.4
1350390 759.3
1350400 759.3
1350410 759.8
1350420 758.5
1350430 758.5
1350440 756.7
1350450 754.2
1350460 754.2
1350470 752.1
1350480 747.8
1350490 747.8
1350500 744.2
1350510 740.6
1350520 740.6
1350530 737.2
1350540 734.5
1350550 734.5
1350560 732.8
1350570 730.3
1350580 730.3
1350590 731.4
1350600 732.4
1350610 729.8
1350620 729.8
1350630 728.1
1350640 726.3
1350650 726.3
1350660 723.8
1350670 721.9
1350680 721.9
1350690 720.2
1350700 718.0
1350710 718.0
1350720 715.9
1350730 713.9
1350740 713.9
1350750 712.5
1350760 711.5
1350770 711.5
1350780 709.5
1350790 706.6
1350800 706.6
1350810 703.1
1350820 699.2
1350830 699.2
1350840 695.3
1350850 692.8
1350860 692.8
1350870 690.2
1350880 688.3
1350890 688.3
1350900 685.4
1350910 682.6
1350920 682.6
1350930 679.8
1350940 676.5
1350950 673.3
1350960 673.3
1350970 670.1
1350980 667.6
1350990 667.6
1351000 665.2
1351010 662.8
1351020 662.8
1351030 660.4
1351040 654.7
1351050 654.7
1351060 646.2
1351070 639.0
1351080 639.0
1351090 631.9
1351100 625.1
1351110 625.1
1351120 617.6
1351130 610.6
1351140 610.6
1351150 603.6
1351160 597.7
1351170 597.7
1351180 588.1
1351190 574.3
1351200 574.3
1351210 571.3
1351220 573.3
1351230 573.3
1351240 575.4
1351250 575.8
1351260 576.9
1351270 576.9
1351280 576.0
1351290 574.5
1351300 574.5
1351310 575.9
1351320 578.1
1351330 578.1
1351340 577.9
1351350 582.6
1351360 582.6
1351370 589.4
1351380 593.5
1351390 593.5
1351400 602.0
1351410 610.8
1351420 608.4
1351430 616.6
1351440 624.3
1351450 624.3
1351460 631.6
1351470 640.0
1351480 640.0
1351490 646.6
1351500 651.7
1351510 651.7
1351520 654.0
1351530 653.4
1351540 653.4
1351550 651.8
1351560 649.3
1351570 647.2
1351580 647.2
1351590 647.8
1351600 651.7
1351610 651.7
1351620 653.9
1351630 656.2
1351640 656.2
1351650 657.1
1351660 658.6
1351670 658.6
1351680 661.4
1351690 663.7
1351700 663.7
1351710 666.4
1351720 668.5
1351730 668.5
1351740 668.8
1351750 669.4
1351760 669.4
1351770 671.2
1351780 674.2
1351790 674.2
1351800 675.7
1351810 674.4
1351820 674.4
1351830 671.9
1351840 671.4
1351850 671.4
1351860 673.6
1351870 677.5
1351880 677.5
1351890 680.7
1351900 683.4
1351910 686.0
1351920 686.0
1351930 689.2
1351940 691.3
1351950 691.3
1351960 695.4
1351970 699.9
1351980 699.9
1351990 704.9
1352000 708.7
1352010 708.7
1352020 709.8
1352030 709.9
1352040 709.9
1352050 709.9
1352060 709.8
1352070 709.8
1352080 709.7
1352090 709.6
1352100 709.6
1352110 709.4
1352120 709.4
1352130 709.4
1352140 709.5
1352150 709.6
1352160 709.6
1352170 709.7
1352180 709.7
1352190 709.7
1352200 709.8
1352210 710.1
1352220 710.1
1352230 710.1
1352240 710.1
1352250 710.0
1352260 710.0
1352270 710.0
1352280 710.1
1352290 710.1
1352300 710.2
1352310 710.2
1352320 710.2
1352330 710.3
1352340 710.6
1352350 710.6
1352360 710.6
1352370 710.7
1352380 710.7
1352390 711.1
1352400 711.3
1352410 711.3
1352420 711.5
1352430 711.7
1352440 711.7
1352450 711.7
1352460 711.8
1352470 711.8
1352480 712.0
1352490 712.2
1352500 712.2
1352510 712.4
1352520 712.7
1352530 712.7
1352540 712.9
1352550 713.1
1352560 713.3
1352570 713.3
1352580 713.6
1352590 714.5
1352600 714.5
1352610 715.6
1352620 717.2
1352630 717.2
1352640 720.4
1352650 725.0
1352660 725.0
1352670 731.2
1352680 738.6
1352690 738.6
1352700 746.7
1352710 754.9
1352720 754.9
1352730 763.4
1352740 772.8
1352750 772.8
1352760 786.3
1352770 799.6
1352780 799.6
1352790 805.8
1352800 809.8
1352810 809.8
1352820 815.2
1352830 818.1
1352840 818.1
1352850 820.2
1352860 822.3
1352870 824.4
1352880 824.4
1352890 826.4
1352900 828.3
1352910 828.3
1352920 830.5
1352930 833.1
1352940 833.1
1352950 835.7
1352960 838.3
1352970 838.3
1352980 841.2
1352990 845.6
1353000 845.6
1353010 849.3
1353020 853.3
1353030 853.3
1353040 856.2
1353050 860.2
1353060 860.2
1353070 864.7
1353080 869.8
1353090 869.8
1353100 872.5
1353110 873.3
1353120 873.3
1353130 872.9
1353140 870.5
1353150 870.5
1353160 867.2
1353170 865.5
1353180 865.5
1353190 864.9
1353200 864.0
1353210 863.0
1353220 863.0
1353230 862.0
1353240 861.3
1353250 861.3
1353260 861.4
1353270 861.3
1353280 861.3
1353290 862.4
1353300 863.8
1353310 863.8
1353320 863.1
1353330 861.3
1353340 861.3
1353350 859.9
1353360 855.2
1353370 855.2
1353380 857.1
1353390 857.8
1353400 857.8
1353410 856.7
1353420 855.8
1353430 855.8
1353440 855.8
1353450 856.1
1353460 856.1
1353470 856.6
1353480 858.1
1353490 858.1
1353500 860.9
1353510 863.1
1353520 864.3
1353530 864.3
1353540 864.2
1353550 863.2
1353560 863.2
1353570 863.1
1353580 865.9
1353590 865.9
1353600 870.4
1353610 871.4
1353620 871.4
1353630 870.9
1353640 872.1
1353650 872.1
1353660 871.5
1353670 869.6
1353680 869.6
1353690 871.3
1353700 871.8
1353710 871.8
1353720 873.2
1353730 876.9
1353740 876.9
1353750 881.9
1353760 886.4
1353770 886.4
1353780 891.2
1353790 896.0
1353800 896.0
1353810 900.9
1353820 906.6
1353830 906.6
1353840 913.9
1353850 923.9
1353860 935.4
1353870 935.4
1353880 944.9
1353890 954.1
1353900 954.1
1353910 964.4
1353920 973.9
1353930 973.9
1353940 981.1
1353950 987.3
1353960 987.3
1353970 994.7
1353980 1001.3
1353990 1001.3
1354000 1003.2
1354010 1000.2
1354020 1000.2
1354030 1000.3
1354040 1003.5
1354050 1003.5
1354060 1008.6
1354070 1015.1
1354080 1015.1
1354090 1021.7
1354100 1028.0
1354110 1028.0
1354120 1034.0
1354130 1040.7
1354140 1040.7
1354150 1045.0
1354160 1051.2
1354170 1058.3
1354180 1058.3
1354190 1062.3
1354200 1065.8
1354210 1065.8
1354220 1067.4
1354230 1070.8
1354240 1070.8
1354250 1074.7
1354260 1078.0
1354270 1078.0
1354280 1080.9
1354290 1084.0
1354300 1084.0
1354310 1087.3
1354320 1091.5
1354330 1088.0
1354340 1092.4
1354350 1096.1
1354360 1096.1
1354370 1097.7
1354380 1099.4
1354390 1099.4
1354400 1102.5
1354410 1106.0
1354420 1106.0
1354430 1109.1
1354440 1112.1
1354450 1112.1
1354460 1114.2
1354470 1115.1
1354480 1116.5
1354490 1116.5
1354500 1118.4
1354510 1120.4
1354520 1120.4
1354530 1123.0
1354540 1127.3
1354550 1127.3
1354560 1130.3
1354570 1134.3
1354580 1134.3
1354590 1138.2
1354600 1140.8
1354610 1140.8
1354620 1143.8
1354630 1146.0
1354640 1146.0
1354650 1147.8
1354660 1149.8
1354670 1149.8
1354680 1151.4
1354690 1152.9
1354700 1152.9
1354710 1154.9
1354720 1157.6
1354730 1157.6
1354740 1160.0
1354750 1161.9
1354760 1161.9
1354770 1163.9
1354780 1165.5
1354790 1165.5
1354800 1166.8
1354810 1167.6
1354820 1168.4
1354830 1168.4
1354840 1168.9
1354850 1169.7
1354860 1169.7
1354870 1170.4
1354880 1170.9
1354890 1170.9
1354900 1172.3
1354910 1174.6
1354920 1174.6
1354930 1177.5
1354940 1180.2
1354950 1180.2
1354960 1182.5
1354970 1184.5
1354980 1184.5
1354990 1187.1
1355000 1188.9
1355010 1188.9
1355020 1190.5
1355030 1192.4
1355040 1192.4
1355050 1194.5
1355060 1196.4
1355070 1196.4
1355080 1198.5
1355090 1200.9
1355100 1200.9
1355110 1204.4
1355120 1208.8
1355130 1211.9
1355140 1211.9
1355150 1214.7
1355160 1217.6
1355170 1217.6
1355180 1220.0
1355190 1222.2
1355200 1222.2
1355210 1226.4
1355220 1232.5
1355230 1232.5
1355240 1237.1
1355250 1241.4
1355260 1241.4
1355270 1244.7
1355280 1246.5
1355290 1246.5
1355300 1249.7
1355310 1253.6
1355320 1248.4
1355330 1252.6
1355340 1256.7
1355350 1256.7
1355360 1261.0
1355370 1264.7
1355380 1264.7
1355390 1269.4
1355400 1273.4
1355410 1273.4
1355420 1276.2
1355430 1278.5
1355440 1278.5
1355450 1282.1
1355460 1285.7
1355470 1288.3
1355480 1288.3
1355490 1291.2
1355500 1295.1
1355510 1295.1
1355520 1298.1
1355530 1300.1
1355540 1300.1
1355550 1303.1
1355560 1305.9
1355570 1305.9
1355580 1308.9
1355590 1311.3
1355600 1311.3
1355610 1313.7
1355620 1317.4
1355630 1317.4
1355640 1319.7
1355650 1322.0
1355660 1322.0
1355670 1324.4
1355680 1325.8
1355690 1325.8
1355700 1327.0
1355710 1329.7
1355720 1329.7
1355730 1332.6
1355740 1335.3
1355750 1335.3
1355760 1339.1
1355770 1343.4
1355780 1348.2
1355790 1348.2
1355800 1352.0
1355810 1354.3
1355820 1354.3
1355830 1355.7
1355840 1356.7
1355850 1356.7
1355860 1357.0
1355870 1357.8
1355880 1357.8
1355890 1361.9
1355900 1365.1
1355910 1365.1
1355920 1367.0
1355930 1369.0
1355940 1369.0
1355950 1371.0
1355960 1372.6
1355970 1372.6
1355980 1374.3
1355990 1377.2
1356000 1377.2
1356010 1379.5
1356020 1381.5
1356030 1381.5
1356040 1384.3
1356050 1386.0
1356060 1386.0
1356070 1388.0
1356080 1392.1
1356090 1392.1
1356100 1400.6
1356110 1404.7
1356120 1407.5
1356130 1407.5
1356140 1409.9
1356150 1413.9
1356160 1413.9
1356170 1418.5
1356180 1422.1
1356190 1422.1
1356200 1425.2
1356210 1427.8
1356220 1427.8
1356230 1430.1
1356240 1432.3
1356250 1432.3
1356260 1434.3
1356270 1436.3
1356280 1436.3
1356290 1438.3
1356300 1439.9
1356310 1435.6
1356320 1435.9
1356330 1436.7
1356340 1436.7
1356350 1438.1
1356360 1440.1
1356370 1440.1
1356380 1442.2
1356390 1444.5
1356400 1444.5
1356410 1446.5
1356420 1448.3
1356430 1449.9
1356440 1449.9
1356450 1450.8
1356460 1450.2
1356470 1450.2
1356480 1450.4
1356490 1451.7
1356500 1451.7
1356510 1453.0
1356520 1454.4
1356530 1454.4
1356540 1454.9
1356550 1454.5
1356560 1454.5
1356570 1454.8
1356580 1455.0
1356590 1455.0
1356600 1455.1
1356610 1455.6
1356620 1455.6
1356630 1456.4
1356640 1457.8
1356650 1457.8
1356660 1458.8
1356670 1460.3
1356680 1460.3
1356690 1462.6
1356700 1464.9
1356710 1464.9
1356720 1465.9
1356730 1466.9
1356740 1466.9
1356750 1469.8
1356760 1473.1
1356770 1476.3
1356780 1476.3
1356790 1479.4
1356800 1482.8
1356810 1482.8
1356820 1486.7
1356830 1490.8
1356840 1490.8
1356850 1493.6
1356860 1495.1
1356870 1495.1
1356880 1495.6
1356890 1495.3
1356900 1495.3
1356910 1494.8
1356920 1494.7
1356930 1494.7
1356940 1495.5
1356950 1497.9
1356960 1497.9
1356970 1502.2
1356980 1507.4
1356990 1507.4
1357000 1513.2
1357010 1518.4
1357020 1518.4
1357030 1522.3
1357040 1524.7
1357050 1524.7
1357060 1525.9
1357070 1526.9
1357080 1527.7
1357090 1527.7
1357100 1528.6
1357110 1529.5
1357120 1529.5
1357130 1530.7
1357140 1531.9
1357150 1531.9
1357160 1532.2
1357170 1531.2
1357180 1531.2
1357190 1528.4
1357200 1525.8
1357210 1525.8
1357220 1526.0
1357230 1528.2
1357240 1528.2
1357250 1531.0
1357260 1534.6
1357270 1534.6
1357280 1538.9
1357290 1542.7
1357300 1544.0
1357310 1548.8
1357320 1553.5
1357330 1553.5
1357340 1556.9
1357350 1559.5
1357360 1559.5
1357370 1561.6
1357380 1564.1
1357390 1567.3
1357400 1567.3
1357410 1570.2
1357420 1574.2
1357430 1574.2
1357440 1578.3
1357450 1582.8
1357460 1582.8
1357470 1587.6
1357480 1592.8
1357490 1592.8
1357500 1597.9
1357510 1602.5
1357520 1602.5
1357530 1606.7
1357540 1611.1
1357550 1611.1
1357560 1616.3
1357570 1621.8
1357580 1621.8
1357590 1627.7
1357600 1633.2
1357610 1633.2
1357620 1638.5
1357630 1643.6
1357640 1643.6
1357650 1648.5
1357660 1653.0
1357670 1653.0
1357680 1657.2
1357690 1660.9
1357700 1660.9
1357710 1664.6
1357720 1667.9
1357730 1670.5
1357740 1670.5
1357750 1672.7
1357760 1675.6
1357770 1675.6
1357780 1678.2
1357790 1680.4
1357800 1680.4
1357810 1683.4
1357820 1687.2
1357830 1687.2
1357840 1691.3
1357850 1695.2
1357860 1695.2
1357870 1698.7
1357880 1701.9
1357890 1701.9
1357900 1704.7
1357910 1706.7
1357920 1706.7
1357930 1708.4
1357940 1710.3
1357950 1710.3
1357960 1712.9
1357970 1716.0
1357980 1716.0
1357990 1719.1
1358000 1721.7
1358010 1721.7
1358020 1723.6
1358030 1725.3
1358040 1726.6
1358050 1726.6
1358060 1727.7
1358070 1729.5
1358080 1729.5
1358090 1731.8
1358100 1734.6
1358110 1734.6
1358120 1737.8
1358130 1741.4
1358140 1741.4
1358150 1745.3
1358160 1748.8
1358170 1748.8
1358180 1751.1
1358190 1753.4
1358200 1753.4
1358210 1756.3
1358220 1760.9
1358230 1760.9
1358240 1766.8
1358250 1772.2
1358260 1772.2
1358270 1777.6
1358280 1784.2
1358290 1784.2
1358300 1789.2
1358310 1794.8
1358320 1794.8
1358330 1798.2
1358340 1801.2
1358350 1801.2
1358360 1803.9
1358370 1806.4
1358380 1808.4
1358390 1808.4
1358400 1810.4
1358410 1812.8
1358420 1812.8
1358430 1814.7
1358440 1816.0
1358450 1816.0
1358460 1815.3
1358470 1812.0
1358480 1812.0
1358490 1809.2
1358500 1806.9
1358510 1806.9
1358520 1804.9
1358530 1803.1
1358540 1803.1
1358550 1801.8
1358560 1800.6
1358570 1800.6
1358580 1799.4
1358590 1798.3
1358600 1798.3
1358610 1797.8
1358620 1796.6
1358630 1796.6
1358640 1795.4
1358650 1794.9
1358660 1794.9
1358670 1794.2
1358680 1793.0
1358690 1791.5
1358700 1791.5
1358710 1789.9
1358720 1788.0
1358730 1788.0
1358740 1785.9
1358750 1782.9
1358760 1782.9
1358770 1777.7
1358780 1769.0
1358790 1769.0
1358800 1761.8
1358810 1755.4
1358820 1755.4
1358830 1748.5
1358840 1742.2
1358850 1742.2
1358860 1735.5
1358870 1726.4
1358880 1726.4
1358890 1718.0
1358900 1708.7
1358910 1708.7
1358920 1700.9
1358930 1694.1
1358940 1694.1
1358950 1687.7
1358960 1681.4
1358970 1681.4
1358980 1673.0
1358990 1665.6
1359000 1665.6
1359010 1658.8
1359020 1652.3
1359030 1646.5
1359040 1646.5
1359050 1641.3
1359060 1636.2
1359070 1636.2
1359080 1630.6
1359090 1623.1
1359100 1623.1
1359110 1616.3
1359120 1610.5
1359130 1610.5
1359140 1604.6
1359150 1598.2
1359160 1598.2
1359170 1591.2
1359180 1584.9
1359190 1584.9
1359200 1579.2
1359210 1573.6
1359220 1573.6
1359230 1569.2
1359240 1566.1
1359250 1566.1
1359260 1561.6
1359270 1556.7
1359280 1556.7
1359290 1551.9
1359300 1548.7
1359310 1548.7
1359320 1546.3
1359330 1541.0
1359340 1531.9
1359350 1531.9
1359360 1521.6
1359370 1512.9
1359380 1512.9
1359390 1505.7
1359400 1500.1
1359410 1500.1
1359420 1494.9
1359430 1490.3
1359440 1490.3
1359450 1486.7
1359460 1484.1
1359470 1484.1
1359480 1481.5
1359490 1479.5
1359500 1479.5
1359510 1476.6
1359520 1473.4
1359530 1473.4
1359540 1470.3
1359550 1466.5
1359560 1466.5
1359570 1462.3
1359580 1458.7
1359590 1458.7
1359600 1455.6
1359610 1452.7
1359620 1452.7
1359630 1450.6
1359640 1449.1
1359650 1447.8
1359660 1447.8
1359670 1446.0
1359680 1443.9
1359690 1443.9
1359700 1441.8
1359710 1439.3
1359720 1439.3
1359730 1437.2
1359740 1436.6
1359750 1436.6
1359760 1436.0
1359770 1434.8
1359780 1434.8
1359790 1433.5
1359800 1431.9
1359810 1431.9
1359820 1429.9
1359830 1428.2
1359840 1428.2
1359850 1427.4
1359860 1426.7
1359870 1426.7
1359880 1427.4
1359890 1428.6
1359900 1428.6
1359910 1429.8
1359920 1430.7
1359930 1430.7
1359940 1431.4
1359950 1431.0
1359960 1431.0
1359970 1428.6
1359980 1425.9
1359990 1424.0
