1340000 524.7
1340010 524.1
1340020 524.1
1340030 523.4
1340040 522.8
1340050 522.2
1340060 522.2
1340070 521.7
1340080 521.2
1340090 521.2
1340100 520.8
1340110 520.4
1340120 520.4
1340130 520.0
1340140 519.7
1340150 519.7
1340160 519.3
1340170 518.8
1340180 518.8
1340190 518.4
1340200 518.0
1340210 518.0
1340220 517.5
1340230 516.9
1340240 516.9
1340250 516.4
1340260 516.0
1340270 516.0
1340280 515.6
1340290 515.2
1340300 515.2
1340310 514.6
1340320 514.1
1340330 514.1
1340340 513.7
1340350 513.4
1340360 513.4
1340370 513.2
1340380 512.9
1340390 512.6
1340400 512.6
1340410 512.3
1340420 512.0
1340430 512.0
1340440 511.8
1340450 511.4
1340460 511.4
1340470 511.2
1340480 511.0
1340490 511.0
1340500 510.9
1340510 510.7
1340520 510.7
1340530 510.4
1340540 510.2
1340550 510.2
1340560 509.8
1340570 509.4
1340580 509.4
1340590 509.1
1340600 508.9
1340610 508.9
1340620 508.6
1340630 508.2
1340640 508.2
1340650 508.0
1340660 508.1
1340670 508.1
1340680 508.2
1340690 507.7
1340700 507.7
1340710 507.4
1340720 507.1
1340730 506.8
1340740 506.8
1340750 506.4
1340760 506.0
1340770 506.0
1340780 505.7
1340790 505.6
1340800 505.6
1340810 505.6
1340820 505.5
1340830 505.5
1340840 505.3
1340850 505.1
1340860 505.1
1340870 504.9
1340880 504.7
1340890 504.7
1340900 504.5
1340910 504.4
1340920 504.4
1340930 504.3
1340940 504.3
1340950 504.3
1340960 504.1
1340970 504.3
1340980 504.3
1340990 505.1
1341000 506.2
1341010 506.2
1341020 506.9
1341030 507.3
1341040 507.5
1341050 507.5
1341060 507.9
1341070 509.4
1341080 509.4
1341090 508.2
1341100 507.7
1341110 507.7
1341120 507.7
1341130 507.7
1341140 507.7
1341150 507.7
1341160 507.5
1341170 507.5
1341180 507.3
1341190 507.2
1341200 507.2
1341210 507.2
1341220 507.3
1341230 507.3
1341240 507.6
1341250 507.9
1341260 507.9
1341270 508.1
1341280 508.3
1341290 508.3
1341300 508.4
1341310 508.2
1341320 508.2
1341330 509.8
1341340 513.4
1341350 513.4
1341360 516.1
1341370 517.8
1341380 517.9
1341390 517.9
1341400 520.0
1341410 523.7
1341420 523.7
1341430 528.1
1341440 532.4
1341450 532.4
1341460 537.0
1341470 540.7
1341480 540.7
1341490 543.7
1341500 547.1
1341510 547.1
1341520 551.2
1341530 555.8
1341540 555.8
1341550 560.7
1341560 564.6
1341570 576.5
1341580 578.3
1341590 581.2
1341600 581.2
1341610 583.6
1341620 586.6
1341630 586.6
1341640 590.9
1341650 596.4
1341660 596.4
1341670 599.9
1341680 603.0
1341690 607.9
1341700 607.9
1341710 610.8
1341720 615.6
1341730 615.6
1341740 622.9
1341750 628.0
1341760 628.0
1341770 631.0
1341780 631.0
1341790 631.0
1341800 630.1
1341810 628.1
1341820 628.1
1341830 628.2
1341840 628.9
1341850 628.9
1341860 628.1
1341870 627.3
1341880 627.3
1341890 627.6
1341900 628.6
1341910 628.6
1341920 629.0
1341930 629.6
1341940 629.6
1341950 629.9
1341960 629.1
1341970 629.1
1341980 631.8
1341990 634.4
1342000 634.4
1342010 635.1
1342020 633.7
1342030 632.8
1342040 632.8
1342050 633.3
1342060 632.6
1342070 632.6
1342080 633.6
1342090 634.1
1342100 634.1
1342110 633.6
1342120 626.3
1342130 626.3
1342140 610.5
1342150 598.2
1342160 598.2
1342170 587.7
1342180 580.1
1342190 580.1
1342200 581.3
1342210 591.7
1342220 591.7
1342230 610.6
1342240 625.8
1342250 625.8
1342260 637.7
1342270 647.4
1342280 647.4
1342290 650.5
1342300 652.3
1342310 652.3
1342320 652.7
1342330 654.5
1342340 654.5
1342350 655.5
1342360 656.4
1342370 658.2
1342380 658.2
1342390 659.0
1342400 659.7
1342410 659.7
1342420 661.8
1342430 664.1
1342440 664.1
1342450 666.7
1342460 668.7
1342470 674.3
1342480 677.3
1342490 679.6
1342500 679.6
1342510 678.5
1342520 677.9
1342530 677.9
1342540 678.4
1342550 678.2
1342560 678.2
1342570 680.6
1342580 683.6
1342590 683.6
1342600 685.4
1342610 686.8
1342620 686.8
1342630 687.7
1342640 689.6
1342650 689.6
1342660 692.0
1342670 690.0
1342680 685.8
1342690 685.8
1342700 677.1
1342710 666.5
1342720 666.5
1342730 658.7
1342740 649.5
1342750 649.5
1342760 643.0
1342770 638.5
1342780 638.5
1342790 645.2
1342800 665.8
1342810 665.8
1342820 679.4
1342830 687.2
1342840 687.2
1342850 693.3
1342860 697.2
1342870 697.2
1342880 699.8
1342890 701.7
1342900 701.7
1342910 702.2
1342920 701.0
1342930 701.0
1342940 698.5
1342950 696.4
1342960 696.4
1342970 694.0
1342980 690.4
1342990 690.4
1343000 687.7
1343010 685.0
1343020 682.9
1343030 682.9
1343040 681.2
1343050 679.6
1343060 679.6
1343070 678.3
1343080 677.0
1343090 677.0
1343100 676.0
1343110 675.1
1343120 675.1
1343130 674.2
1343140 674.3
1343150 674.3
1343160 674.7
1343170 674.8
1343180 674.8
1343190 675.2
1343200 675.4
1343210 675.4
1343220 675.8
1343230 675.9
1343240 675.9
1343250 675.6
1343260 675.2
1343270 675.2
1343280 674.7
1343290 674.8
1343300 674.8
1343310 675.2
1343320 675.6
1343330 676.2
1343340 676.2
1343350 677.2
1343360 678.2
1343370 681.1
1343380 682.2
1343390 682.7
1343400 682.7
1343410 682.7
1343420 682.2
1343430 682.2
1343440 682.5
1343450 683.6
1343460 683.6
1343470 684.5
1343480 684.8
1343490 684.8
1343500 684.8
1343510 685.1
1343520 685.1
1343530 685.9
1343540 686.6
1343550 686.6
1343560 686.7
1343570 686.7
1343580 686.7
1343590 687.1
1343600 687.6
1343610 687.6
1343620 687.8
1343630 687.2
1343640 687.2
1343650 685.2
1343660 684.8
1343670 685.7
1343680 685.7
1343690 686.7
1343700 687.3
1343710 687.3
1343720 688.2
1343730 687.2
1343740 687.2
1343750 685.0
1343760 680.8
1343770 680.8
1343780 674.5
1343790 670.6
1343800 670.6
1343810 664.2
1343820 661.3
1343830 661.3
1343840 657.8
1343850 649.7
1343860 649.7
1343870 644.1
1343880 645.7
1343890 645.7
1343900 643.1
1343910 637.8
1343920 637.8
1343930 628.7
1343940 618.8
1343950 618.8
1343960 608.7
1343970 600.3
1343980 600.3
1343990 595.3
1344000 591.6
1344010 594.8
1344020 594.8
1344030 602.6
1344040 608.1
1344050 608.1
1344060 612.3
1344070 619.3
1344080 619.3
1344090 625.8
1344100 625.1
1344110 625.1
1344120 623.8
1344130 631.4
1344140 631.4
1344150 638.6
1344160 645.4
1344170 645.4
1344180 655.8
1344190 678.7
1344200 678.7
1344210 689.0
1344220 693.0
1344230 693.0
1344240 696.3
1344250 700.8
1344260 700.8
1344270 705.3
1344280 704.1
1344290 704.1
1344300 708.7
1344310 714.1
1344320 719.4
1344330 719.4
1344340 725.9
1344350 733.1
1344360 733.1
1344370 739.1
1344380 744.3
1344390 744.3
1344400 747.7
1344410 750.7
1344420 750.7
1344430 754.1
1344440 756.6
1344450 756.6
1344460 758.9
1344470 761.2
1344480 761.2
1344490 763.9
1344500 766.8
1344510 766.8
1344520 769.6
1344530 772.3
1344540 772.3
1344550 775.3
1344560 778.3
1344570 778.3
1344580 782.1
1344590 786.2
1344600 786.2
1344610 789.5
1344620 792.3
1344630 792.3
1344640 794.6
1344650 797.5
1344660 801.3
1344670 801.3
1344680 805.6
1344690 810.2
1344700 810.2
1344710 814.7
1344720 818.9
1344730 818.9
1344740 822.8
1344750 827.3
1344760 827.3
1344770 831.6
1344780 836.1
1344790 836.1
1344800 840.9
1344810 846.1
1344820 846.1
1344830 851.8
1344840 857.9
1344850 857.9
1344860 863.6
1344870 869.3
1344880 869.3
1344890 874.1
1344900 878.6
1344910 878.6
1344920 883.5
1344930 888.9
1344940 888.9
1344950 894.9
1344960 900.2
1344970 904.6
1344980 904.6
1344990 909.5
1345000 914.6
1345010 914.6
1345020 920.3
1345030 925.5
1345040 925.5
1345050 928.5
1345060 932.1
1345070 932.1
1345080 936.1
1345090 939.6
1345100 939.6
1345110 942.4
1345120 943.8
1345130 943.8
1345140 943.5
1345150 943.5
1345160 943.5
1345170 944.6
1345180 947.1
1345190 943.6
1345200 946.9
1345210 950.3
1345220 950.3
1345230 953.4
1345240 956.9
1345250 956.9
1345260 960.4
1345270 963.5
1345280 963.5
1345290 967.0
1345300 969.9
1345310 972.4
1345320 972.4
1345330 975.3
1345340 978.8
1345350 978.8
1345360 982.0
1345370 987.1
1345380 987.1
1345390 993.5
1345400 1000.1
1345410 1000.1
1345420 1005.3
1345430 1008.4
1345440 1008.4
1345450 1011.3
1345460 1015.3
1345470 1015.3
1345480 1018.4
1345490 1021.3
1345500 1021.3
1345510 1025.6
1345520 1031.1
1345530 1031.1
1345540 1035.8
1345550 1038.3
1345560 1038.3
1345570 1041.0
1345580 1044.3
1345590 1044.3
1345600 1048.3
1345610 1052.0
1345620 1052.0
1345630 1055.8
1345640 1060.2
1345650 1064.8
1345660 1064.8
1345670 1068.7
1345680 1070.1
1345690 1070.1
1345700 1070.0
1345710 1070.3
1345720 1070.3
1345730 1070.7
1345740 1070.3
1345750 1070.3
1345760 1069.9
1345770 1070.3
1345780 1070.3
1345790 1072.2
1345800 1074.3
1345810 1074.3
1345820 1077.7
1345830 1080.1
1345840 1080.1
1345850 1078.7
1345860 1075.3
1345870 1075.3
1345880 1072.2
1345890 1072.6
1345900 1072.6
1345910 1077.1
1345920 1081.6
1345930 1081.6
1345940 1085.6
1345950 1089.7
1345960 1092.0
1345970 1092.0
1345980 1092.4
1345990 1090.6
1346000 1090.6
1346010 1089.1
1346020 1087.8
1346030 1087.8
1346040 1088.0
1346050 1091.2
1346060 1091.2
1346070 1093.5
1346080 1093.7
1346090 1093.7
1346100 1095.5
1346110 1103.6
1346120 1103.6
1346130 1104.8
1346140 1103.8
1346150 1103.8
1346160 1099.1
1346170 1089.7
1346180 1089.7
1346190 1079.7
1346200 1070.9
1346210 1070.9
1346220 1062.5
1346230 1054.4
1346240 1054.4
1346250 1046.3
1346260 1038.3
1346270 1038.3
1346280 1030.8
1346290 1023.7
1346300 1017.3
1346310 1017.3
1346320 1012.3
1346330 1008.5
1346340 1008.5
1346350 1005.7
1346360 1004.0
1346370 1004.0
1346380 1002.9
1346390 1001.2
1346400 1001.2
1346410 998.3
1346420 996.3
1346430 996.3
1346440 993.6
1346450 990.2
1346460 990.2
1346470 988.0
1346480 983.6
1346490 983.6
1346500 978.9
1346510 979.8
1346520 979.8
1346530 977.0
1346540 971.7
1346550 971.7
1346560 971.2
1346570 974.1
1346580 974.1
1346590 974.5
1346600 971.8
1346610 967.0
1346620 967.0
1346630 959.6
1346640 951.5
1346650 951.5
1346660 945.0
1346670 945.9
1346680 945.9
1346690 951.1
1346700 951.3
1346710 951.3
1346720 946.5
1346730 940.4
1346740 940.4
1346750 935.3
1346760 934.2
1346770 934.2
1346780 932.8
1346790 930.2
1346800 930.2
1346810 930.6
1346820 930.6
1346830 930.6
1346840 932.9
1346850 937.1
1346860 937.1
1346870 937.2
1346880 935.1
1346890 935.1
1346900 932.1
1346910 928.8
1346920 928.8
1346930 926.2
1346940 924.2
1346950 921.8
1346960 921.8
1346970 918.9
1346980 914.8
1346990 914.8
1347000 910.0
1347010 904.9
1347020 904.9
1347030 899.5
1347040 891.5
1347050 891.5
1347060 887.1
1347070 882.5
1347080 882.5
1347090 879.0
1347100 875.2
1347110 875.2
1347120 867.5
1347130 851.3
1347140 851.3
1347150 838.7
1347160 829.0
1347170 829.0
1347180 820.2
1347190 811.1
1347200 811.1
1347210 806.3
1347220 810.1
1347230 810.1
1347240 814.5
1347250 817.9
1347260 817.9
1347270 822.6
1347280 821.1
1347290 814.4
1347300 814.4
1347310 811.1
1347320 805.3
1347330 805.3
1347340 799.1
1347350 792.9
1347360 792.9
1347370 785.3
1347380 778.2
1347390 778.2
1347400 774.4
1347410 773.1
1347420 773.1
1347430 774.2
1347440 776.3
1347450 776.3
1347460 780.2
1347470 781.7
1347480 781.7
1347490 783.2
1347500 783.8
1347510 783.8
1347520 788.9
1347530 790.8
1347540 790.8
1347550 792.0
1347560 790.3
1347570 790.3
1347580 786.8
1347590 781.9
1347600 776.2
1347610 776.2
1347620 774.3
1347630 777.5
1347640 777.5
1347650 781.1
1347660 783.2
1347670 783.2
1347680 781.3
1347690 776.7
1347700 776.7
1347710 771.2
1347720 765.2
1347730 765.2
1347740 759.6
1347750 754.7
1347760 754.7
1347770 749.5
1347780 744.3
1347790 744.3
1347800 739.5
1347810 735.8
1347820 735.8
1347830 732.7
1347840 731.6
1347850 731.6
1347860 730.6
1347870 728.7
1347880 728.7
1347890 725.8
1347900 720.8
1347910 720.8
1347920 720.0
1347930 719.8
1347940 719.6
1347950 719.6
1347960 719.9
1347970 719.9
1347980 719.9
1347990 720.0
1348000 719.8
1348010 719.8
1348020 719.8
1348030 717.9
1348040 717.9
1348050 710.5
1348060 702.8
1348070 702.8
1348080 696.9
1348090 693.0
1348100 693.0
1348110 691.8
1348120 693.4
1348130 693.4
1348140 694.5
1348150 696.1
1348160 696.1
1348170 697.9
1348180 698.9
1348190 698.9
1348200 698.9
1348210 698.6
1348220 698.6
1348230 697.3
1348240 693.7
1348250 693.9
1348260 693.9
1348270 699.5
1348280 702.1
1348290 702.1
1348300 700.7
1348310 696.1
1348320 696.1
1348330 689.3
1348340 681.3
1348350 681.3
1348360 674.1
1348370 667.8
1348380 667.8
1348390 666.4
1348400 666.7
1348410 666.7
1348420 670.6
1348430 675.5
1348440 675.5
1348450 680.2
1348460 687.2
1348470 687.2
1348480 693.8
1348490 694.3
1348500 694.3
1348510 693.4
1348520 692.6
1348530 692.6
1348540 691.9
1348550 689.5
1348560 689.5
1348570 687.4
1348580 685.8
1348590 685.5
1348600 685.5
1348610 685.6
1348620 684.2
1348630 684.2
1348640 682.7
1348650 683.3
1348660 683.3
1348670 683.1
1348680 682.2
1348690 682.2
1348700 681.7
1348710 680.7
1348720 680.7
1348730 679.2
1348740 678.5
1348750 678.5
1348760 679.0
1348770 679.8
1348780 679.8
1348790 680.6
1348800 681.4
1348810 681.4
1348820 681.9
1348830 682.3
1348840 682.3
1348850 682.6
1348860 682.5
1348870 682.5
1348880 682.2
1348890 682.0
1348900 682.0
1348910 683.2
1348920 682.9
1348930 682.5
1348940 682.5
1348950 682.0
1348960 681.5
1348970 681.5
1348980 681.0
1348990 680.4
1349000 680.4
1349010 679.9
1349020 679.3
1349030 679.3
1349040 678.6
1349050 677.9
1349060 677.9
1349070 677.3
1349080 676.9
1349090 676.9
1349100 676.3
1349110 675.7
1349120 675.7
1349130 675.7
1349140 675.1
1349150 675.1
1349160 674.0
1349170 673.3
1349180 673.3
1349190 672.8
1349200 672.3
1349210 672.3
1349220 672.3
1349230 672.1
1349240 667.6
1349250 667.6
1349260 660.1
1349270 652.7
1349280 652.7
1349290 645.1
1349300 637.4
1349310 637.4
1349320 630.1
1349330 623.2
1349340 623.2
1349350 616.3
1349360 611.2
1349370 611.2
1349380 608.0
1349390 605.4
1349400 605.4
1349410 603.1
1349420 602.3
1349430 602.3
1349440 601.4
1349450 599.8
1349460 599.8
1349470 598.9
1349480 598.3
1349490 598.3
1349500 597.2
1349510 595.7
1349520 595.7
1349530 594.4
1349540 593.0
1349550 593.0
1349560 592.6
1349570 592.3
1349580 592.5
1349590 592.5
1349600 592.8
1349610 591.3
1349620 591.3
1349630 588.7
1349640 586.0
1349650 586.0
1349660 584.1
1349670 582.8
1349680 582.8
1349690 581.8
1349700 580.8
1349710 580.8
1349720 580.2
1349730 579.9
1349740 579.9
1349750 579.6
1349760 579.6
1349770 579.6
1349780 579.0
1349790 577.9
1349800 577.9
1349810 577.6
1349820 577.7
1349830 577.7
1349840 578.0
1349850 578.3
1349860 578.3
1349870 577.9
1349880 577.7
1349890 576.3
1349900 576.3
1349910 575.4
1349920 574.8
1349930 574.8
1349940 573.7
1349950 572.8
1349960 572.8
1349970 571.9
1349980 571.2
1349990 571.2
1350000 570.6
1350010 569.9
1350020 569.9
1350030 569.2
1350040 568.4
1350050 568.4
1350060 567.6
1350070 566.8
1350080 566.8
1350090 566.1
1350100 565.4
1350110 565.4
1350120 564.8
1350130 564.1
1350140 564.1
1350150 563.4
1350160 562.8
1350170 562.8
1350180 562.4
1350190 562.0
1350200 562.0
1350210 561.6
1350220 561.2
1350230 560.9
1350240 560.9
1350250 560.4
1350260 559.9
1350270 559.9
1350280 559.5
1350290 559.2
1350300 559.2
1350310 558.9
1350320 558.4
1350330 558.4
1350340 557.2
1350350 556.6
1350360 556.6
1350370 556.5
1350380 556.3
1350390 556.3
1350400 556.3
1350410 556.2
1350420 556.2
1350430 556.1
1350440 556.2
1350450 556.2
1350460 556.3
1350470 556.7
1350480 556.7
1350490 556.9
1350500 557.1
1350510 557.1
1350520 557.1
1350530 557.2
1350540 557.2
1350550 557.2
1350560 557.3
1350570 557.5
1350580 557.5
1350590 557.6
1350600 557.7
1350610 557.7
1350620 557.8
1350630 557.9
1350640 557.9
1350650 558.0
1350660 558.0
1350670 558.0
1350680 558.5
1350690 559.7
1350700 559.7
1350710 558.5
1350720 557.6
1350730 557.6
1350740 558.2
1350750 558.4
1350760 558.4
1350770 558.5
1350780 558.6
1350790 558.6
1350800 558.8
1350810 558.8
1350820 558.8
1350830 558.8
1350840 558.6
1350850 558.6
1350860 558.5
1350870 558.7
1350880 559.5
1350890 559.5
1350900 560.5
1350910 559.9
1350920 559.9
1350930 559.5
1350940 559.1
1350950 559.1
1350960 559.9
1350970 561.1
1350980 561.1
1350990 559.9
1351000 559.0
1351010 559.0
1351020 558.8
1351030 558.2
1351040 558.2
1351050 557.8
1351060 557.4
1351070 557.4
1351080 557.2
1351090 557.0
1351100 557.0
1351110 557.0
1351120 557.0
1351130 557.0
1351140 557.0
1351150 556.9
1351160 556.9
1351170 555.5
1351180 551.0
1351190 551.0
1351200 548.8
1351210 548.6
1351220 549.7
1351230 549.7
1351240 552.1
1351250 552.6
1351260 552.6
1351270 553.3
1351280 554.0
1351290 554.0
1351300 554.7
1351310 555.4
1351320 555.4
1351330 556.0
1351340 556.7
1351350 556.7
1351360 557.4
1351370 559.3
1351380 559.3
1351390 564.9
1351400 571.0
1351410 571.0
1351420 578.1
1351430 584.1
1351440 584.1
1351450 588.7
1351460 590.0
1351470 590.0
1351480 591.2
1351490 592.8
1351500 592.8
1351510 595.8
1351520 598.8
1351530 602.3
1351540 602.3
1351550 607.5
1351560 613.5
1351570 613.5
1351580 620.0
1351590 626.3
1351600 626.3
1351610 632.6
1351620 638.7
1351630 638.7
1351640 644.8
1351650 650.9
1351660 650.9
1351670 657.4
1351680 664.3
1351690 664.3
1351700 671.2
1351710 677.9
1351720 677.9
1351730 684.5
1351740 690.9
1351750 690.9
1351760 696.4
1351770 698.9
1351780 698.9
1351790 699.3
1351800 699.5
1351810 699.5
1351820 699.6
1351830 699.6
1351840 699.6
1351850 699.4
1351860 699.0
1351870 698.4
1351880 698.4
1351890 697.6
1351900 697.0
1351910 697.0
1351920 696.7
1351930 696.7
1351940 696.7
1351950 696.8
1351960 696.0
1351970 696.0
1351980 695.7
1351990 695.7
1352000 695.7
1352010 695.3
1352020 695.1
1352030 695.1
1352040 695.3
1352050 695.1
1352060 695.1
1352070 694.4
1352080 693.8
1352090 693.8
1352100 693.5
1352110 693.5
1352120 693.5
1352130 693.7
1352140 693.8
1352150 693.8
1352160 693.8
1352170 693.6
1352180 693.6
1352190 693.1
1352200 692.2
1352210 691.4
1352220 691.4
1352230 689.8
1352240 688.3
1352250 688.3
1352260 686.7
1352270 686.3
1352280 686.3
1352290 685.8
1352300 685.1
1352310 685.1
1352320 684.6
1352330 684.0
1352340 684.0
1352350 683.4
1352360 683.3
1352370 683.3
1352380 683.6
1352390 684.0
1352400 684.0
1352410 684.5
1352420 685.1
1352430 685.1
1352440 685.4
1352450 685.3
1352460 685.3
1352470 685.1
1352480 685.4
1352490 685.4
1352500 686.3
1352510 687.2
1352520 688.0
1352530 688.0
1352540 688.8
1352550 689.5
1352560 689.5
1352570 690.3
1352580 691.2
1352590 691.2
1352600 692.1
1352610 692.6
1352620 692.6
1352630 693.2
1352640 694.1
1352650 694.1
1352660 695.1
1352670 696.2
1352680 696.2
1352690 697.2
1352700 698.4
1352710 698.4
1352720 700.6
1352730 701.9
1352740 701.9
1352750 703.1
1352760 704.4
1352770 704.4
1352780 705.6
1352790 706.9
1352800 706.9
1352810 708.1
1352820 709.5
1352830 709.5
1352840 710.9
1352850 712.4
1352860 713.8
1352870 713.8
1352880 715.3
1352890 716.6
1352900 716.6
1352910 718.0
1352920 719.3
1352930 719.3
1352940 720.8
1352950 722.3
1352960 722.3
1352970 723.7
1352980 725.1
1352990 725.1
1353000 726.3
1353010 727.3
1353020 727.3
1353030 728.4
1353040 729.5
1353050 729.5
1353060 729.4
1353070 730.3
1353080 730.3
1353090 732.1
1353100 733.3
1353110 733.3
1353120 734.2
1353130 735.3
1353140 735.3
1353150 736.5
1353160 737.8
1353170 739.0
1353180 739.0
1353190 740.1
1353200 741.0
1353210 741.0
1353220 742.1
1353230 743.3
1353240 743.3
1353250 744.5
1353260 745.5
1353270 745.5
1353280 746.3
1353290 747.6
1353300 747.6
1353310 749.3
1353320 750.1
1353330 750.1
1353340 750.3
1353350 751.1
1353360 751.1
1353370 752.4
1353380 753.9
1353390 753.9
1353400 755.7
1353410 758.0
1353420 758.0
1353430 759.6
1353440 761.5
1353450 761.5
1353460 763.1
1353470 763.6
1353480 763.6
1353490 763.8
1353500 764.8
1353510 766.6
1353520 766.6
1353530 768.1
1353540 769.2
1353550 769.2
1353560 769.8
1353570 769.6
1353580 769.6
1353590 770.5
1353600 774.2
1353610 774.2
1353620 778.6
1353630 783.1
1353640 783.1
1353650 786.9
1353660 788.9
1353670 788.9
1353680 788.1
1353690 789.7
1353700 789.7
1353710 786.3
1353720 786.8
1353730 786.8
1353740 788.9
1353750 787.1
1353760 787.1
1353770 785.2
1353780 787.5
1353790 787.5
1353800 786.5
1353810 782.1
1353820 782.1
1353830 776.9
1353840 771.6
1353850 767.9
1353860 767.9
1353870 767.3
1353880 768.0
1353890 768.0
1353900 771.4
1353910 776.2
1353920 776.2
1353930 781.3
1353940 785.5
1353950 785.5
1353960 790.0
1353970 794.4
1353980 794.4
1353990 799.0
1354000 803.4
1354010 803.4
1354020 808.1
1354030 813.8
1354040 813.8
1354050 820.6
1354060 827.4
1354070 827.4
1354080 835.0
1354090 844.2
1354100 844.2
1354110 853.6
1354120 863.0
1354130 863.0
1354140 871.9
1354150 876.7
1354160 877.8
1354170 877.8
1354180 877.7
1354190 877.7
1354200 877.7
1354210 876.0
1354220 873.5
1354230 873.5
1354240 871.2
1354250 869.2
1354260 869.2
1354270 871.5
1354280 874.9
1354290 874.9
1354300 878.2
1354310 878.9
1354320 878.9
1354330 880.5
1354340 882.6
1354350 882.6
1354360 886.4
1354370 890.3
1354380 890.3
1354390 893.3
1354400 897.0
1354410 897.0
1354420 902.9
1354430 906.9
1354440 906.9
1354450 910.5
1354460 914.8
1354470 914.8
1354480 919.8
1354490 924.1
1354500 926.5
1354510 926.5
1354520 928.8
1354530 930.9
1354540 930.9
1354550 932.2
1354560 934.0
1354570 934.0
1354580 936.3
1354590 939.5
1354600 939.5
1354610 942.8
1354620 946.5
1354630 946.5
1354640 949.5
1354650 952.1
1354660 952.1
1354670 957.2
1354680 959.0
1354690 959.0
1354700 961.8
1354710 964.8
1354720 964.8
1354730 967.8
1354740 971.1
1354750 971.1
1354760 974.7
1354770 979.0
1354780 979.0
1354790 983.8
1354800 987.3
1354810 990.0
1354820 990.0
1354830 992.9
1354840 995.5
1354850 995.5
1354860 998.2
1354870 1001.5
1354880 1001.5
1354890 1005.0
1354900 1010.9
1354910 1010.9
1354920 1017.3
1354930 1020.7
1354940 1020.7
1354950 1021.8
1354960 1022.9
1354970 1022.9
1354980 1024.8
1354990 1028.0
1355000 1028.0
1355010 1030.7
1355020 1029.3
1355030 1029.3
1355040 1026.9
1355050 1024.7
1355060 1024.7
1355070 1019.4
1355080 1013.6
1355090 1013.6
1355100 1009.8
1355110 1008.0
1355120 1008.0
1355130 1007.0
1355140 1005.6
1355150 1004.6
1355160 1004.6
1355170 1003.6
1355180 1002.6
1355190 1002.6
1355200 1003.1
1355210 1003.8
1355220 1003.8
1355230 1003.6
1355240 1000.9
1355250 1000.9
1355260 1005.3
1355270 1008.5
1355280 1008.5
1355290 1008.8
1355300 1009.4
1355310 1009.4
1355320 1010.2
1355330 1012.2
1355340 1012.2
1355350 1013.0
1355360 1014.3
1355370 1014.3
1355380 1013.8
1355390 1013.1
1355400 1013.1
1355410 1014.2
1355420 1017.1
1355430 1017.1
1355440 1021.5
1355450 1026.3
1355460 1033.6
1355470 1033.6
1355480 1040.4
1355490 1049.1
1355500 1049.1
1355510 1060.9
1355520 1070.4
1355530 1070.4
1355540 1076.6
1355550 1082.0
1355560 1082.0
1355570 1087.3
1355580 1092.3
1355590 1092.3
1355600 1098.6
1355610 1104.6
1355620 1104.6
1355630 1110.1
1355640 1115.7
1355650 1115.7
1355660 1122.1
1355670 1127.8
1355680 1127.8
1355690 1133.8
1355700 1139.8
1355710 1139.8
1355720 1145.5
1355730 1151.3
1355740 1151.3
1355750 1156.8
1355760 1162.2
1355770 1162.2
1355780 1167.3
1355790 1172.4
1355800 1177.3
1355810 1177.3
1355820 1182.3
1355830 1187.7
1355840 1187.7
1355850 1192.1
1355860 1196.1
1355870 1196.1
1355880 1200.3
1355890 1204.9
1355900 1204.9
1355910 1210.1
1355920 1213.8
1355930 1213.8
1355940 1216.9
1355950 1220.2
1355960 1220.2
1355970 1222.6
1355980 1225.6
1355990 1225.6
1356000 1229.7
1356010 1234.6
1356020 1234.6
1356030 1236.4
1356040 1239.4
1356050 1239.4
1356060 1246.4
1356070 1250.8
1356080 1250.8
1356090 1254.1
1356100 1257.3
1356110 1260.3
1356120 1260.3
1356130 1262.6
1356140 1265.2
1356150 1265.2
1356160 1268.2
1356170 1270.9
1356180 1270.9
1356190 1273.4
1356200 1276.2
1356210 1276.2
1356220 1279.3
1356230 1282.6
1356240 1282.6
1356250 1285.2
1356260 1287.1
1356270 1287.1
1356280 1288.9
1356290 1290.4
1356300 1290.4
1356310 1291.1
1356320 1291.2
1356330 1291.2
1356340 1290.8
1356350 1290.4
1356360 1290.4
1356370 1290.4
1356380 1290.1
1356390 1290.1
1356400 1289.3
1356410 1287.9
1356420 1287.9
1356430 1286.5
1356440 1285.2
1356450 1283.2
1356460 1283.2
1356470 1281.1
1356480 1279.3
1356490 1279.3
1356500 1275.8
1356510 1271.6
1356520 1271.6
1356530 1268.5
1356540 1266.2
1356550 1266.2
1356560 1263.6
1356570 1260.8
1356580 1260.8
1356590 1258.0
1356600 1255.0
1356610 1255.0
1356620 1252.6
1356630 1250.1
1356640 1250.1
1356650 1247.7
1356660 1244.7
1356670 1244.7
1356680 1241.6
1356690 1238.0
1356700 1238.0
1356710 1234.2
1356720 1231.1
1356730 1231.1
1356740 1228.5
1356750 1225.2
1356760 1225.2
1356770 1220.8
1356780 1215.2
1356790 1211.0
1356800 1211.0
1356810 1207.6
1356820 1204.8
1356830 1204.8
1356840 1202.8
1356850 1202.5
1356860 1202.5
1356870 1201.5
1356880 1198.3
1356890 1198.3
1356900 1192.7
1356910 1186.7
1356920 1186.7
1356930 1183.8
1356940 1183.4
1356950 1183.4
1356960 1182.7
1356970 1182.2
1356980 1182.2
1356990 1184.6
1357000 1186.9
1357010 1186.9
1357020 1188.4
1357030 1188.8
1357040 1188.8
1357050 1191.2
1357060 1194.4
1357070 1194.4
1357080 1197.8
1357090 1202.5
1357100 1208.6
1357110 1208.6
1357120 1210.6
1357130 1207.6
1357140 1207.6
1357150 1203.7
1357160 1200.5
1357170 1200.5
1357180 1202.4
1357190 1206.0
1357200 1206.0
1357210 1209.1
1357220 1212.5
1357230 1212.5
1357240 1219.5
1357250 1227.6
1357260 1227.6
1357270 1232.5
1357280 1234.9
1357290 1234.9
1357300 1236.6
1357310 1239.4
1357320 1239.4
1357330 1243.0
1357340 1246.7
1357350 1246.7
1357360 1250.2
1357370 1253.3
1357380 1253.3
1357390 1255.8
1357400 1257.8
1357410 1257.8
1357420 1259.8
1357430 1261.3
1357440 1263.5
1357450 1263.5
1357460 1265.7
1357470 1267.8
1357480 1267.8
1357490 1269.8
1357500 1271.5
1357510 1271.5
1357520 1273.1
1357530 1274.6
1357540 1274.6
1357550 1275.9
1357560 1276.9
1357570 1276.9
1357580 1277.9
1357590 1278.9
1357600 1278.9
1357610 1279.5
1357620 1279.4
1357630 1279.4
1357640 1278.7
1357650 1277.4
1357660 1281.6
1357670 1279.9
1357680 1277.8
1357690 1277.8
1357700 1275.5
1357710 1274.3
1357720 1274.3
1357730 1273.6
1357740 1272.6
1357750 1270.8
1357760 1270.8
1357770 1269.2
1357780 1266.4
1357790 1266.4
1357800 1260.3
1357810 1261.8
1357820 1261.8
1357830 1268.7
1357840 1277.6
1357850 1277.6
1357860 1280.6
1357870 1280.5
1357880 1280.5
1357890 1280.9
1357900 1276.3
1357910 1276.3
1357920 1275.8
1357930 1281.4
1357940 1281.4
1357950 1284.5
1357960 1286.2
1357970 1286.2
1357980 1286.2
1357990 1291.1
1358000 1291.1
1358010 1297.0
1358020 1303.0
1358030 1303.0
1358040 1308.4
1358050 1313.0
1358060 1313.0
1358070 1317.3
1358080 1320.5
1358090 1323.1
1358100 1323.1
1358110 1324.4
1358120 1324.8
1358130 1324.8
1358140 1325.7
1358150 1327.2
1358160 1327.2
1358170 1329.1
1358180 1331.0
1358190 1331.0
1358200 1332.7
1358210 1333.6
1358220 1333.6
1358230 1333.8
1358240 1331.7
1358250 1331.7
1358260 1327.7
1358270 1322.4
1358280 1322.4
1358290 1317.4
1358300 1309.5
1358310 1309.5
1358320 1299.8
1358330 1291.9
1358340 1291.9
1358350 1287.4
1358360 1284.5
1358370 1284.5
1358380 1281.7
1358390 1278.2
1358400 1274.6
1358410 1274.6
1358420 1272.4
1358430 1271.1
1358440 1271.1
1358450 1268.2
1358460 1262.7
1358470 1262.7
1358480 1258.1
1358490 1253.8
1358500 1253.8
1358510 1247.6
1358520 1242.3
1358530 1242.3
1358540 1236.0
1358550 1231.2
1358560 1231.2
1358570 1233.4
1358580 1235.8
1358590 1235.8
1358600 1238.8
1358610 1237.1
1358620 1237.1
1358630 1232.5
1358640 1228.3
1358650 1228.3
1358660 1223.2
1358670 1223.9
1358680 1223.9
1358690 1219.7
1358700 1214.6
1358710 1214.6
1358720 1212.0
1358730 1211.3
1358740 1210.9
1358750 1210.9
1358760 1211.1
1358770 1211.8
1358780 1211.8
1358790 1213.5
1358800 1215.7
1358810 1215.7
1358820 1216.6
1358830 1214.1
1358840 1214.1
1358850 1209.4
1358860 1206.0
1358870 1206.0
1358880 1204.1
1358890 1203.8
1358900 1203.8
1358910 1209.4
1358920 1212.8
1358930 1212.8
1358940 1212.9
1358950 1213.2
1358960 1213.2
1358970 1213.6
1358980 1215.1
1358990 1215.1
1359000 1217.0
1359010 1219.5
1359020 1219.5
1359030 1222.0
1359040 1224.5
1359050 1224.5
1359060 1227.9
1359070 1231.5
1359080 1234.6
1359090 1234.6
1359100 1237.5
1359110 1242.4
1359120 1242.4
1359130 1247.3
1359140 1250.8
1359150 1250.8
1359160 1253.4
1359170 1255.8
1359180 1255.8
1359190 1258.9
1359200 1261.3
1359210 1261.3
1359220 1262.7
1359230 1264.4
1359240 1264.4
1359250 1265.9
1359260 1267.8
1359270 1267.8
1359280 1271.8
1359290 1277.7
1359300 1277.7
1359310 1282.6
1359320 1286.1
1359330 1286.1
1359340 1289.5
1359350 1292.3
1359360 1292.3
1359370 1294.7
1359380 1295.6
1359390 1298.7
1359400 1298.7
1359410 1301.0
1359420 1301.0
1359430 1301.0
1359440 1300.1
1359450 1297.2
1359460 1297.2
1359470 1294.8
1359480 1292.3
1359490 1292.3
1359500 1289.5
1359510 1287.1
1359520 1287.1
1359530 1285.0
1359540 1283.4
1359550 1283.4
1359560 1282.3
1359570 1281.0
1359580 1281.0
1359590 1279.5
1359600 1277.4
1359610 1277.4
1359620 1273.8
1359630 1272.0
1359640 1272.0
1359650 1271.0
1359660 1270.0
1359670 1270.0
1359680 1268.1
1359690 1265.7
1359700 1265.7
1359710 1261.9
1359720 1257.0
1359730 1251.2
1359740 1251.2
1359750 1244.5
1359760 1244.2
1359770 1244.2
1359780 1244.2
1359790 1240.4
1359800 1240.4
1359810 1236.2
1359820 1230.5
1359830 1230.5
1359840 1227.9
1359850 1227.8
1359860 1227.8
1359870 1226.3
1359880 1226.0
1359890 1226.0
1359900 1226.4
1359910 1224.4
1359920 1224.4
1359930 1220.4
1359940 1215.5
1359950 1215.5
1359960 1211.0
1359970 1205.1
1359980 1205.1
1359990 1200.2
