1340000 506.4
1340010 506.4
1340020 506.1
1340030 505.7
1340040 505.7
1340050 505.3
1340060 504.8
1340070 504.8
1340080 504.4
1340090 504.0
1340100 503.5
1340110 503.5
1340120 503.1
1340130 502.7
1340140 502.7
1340150 502.7
1340160 502.8
1340170 502.8
1340180 502.6
1340190 502.0
1340200 502.0
1340210 501.6
1340220 501.6
1340230 501.6
1340240 501.4
1340250 501.4
1340260 501.4
1340270 501.4
1340280 500.6
1340290 500.6
1340300 498.8
1340310 499.1
1340320 499.1
1340330 499.9
1340340 500.9
1340350 500.9
1340360 501.7
1340370 502.2
1340380 502.2
1340390 502.5
1340400 502.5
1340410 502.5
1340420 502.3
1340430 502.1
1340440 501.9
1340450 501.9
1340460 501.6
1340470 501.4
1340480 501.4
1340490 501.4
1340500 501.4
1340510 501.4
1340520 501.3
1340530 501.4
1340540 501.4
1340550 501.4
1340560 501.4
1340570 501.4
1340580 501.4
1340590 501.4
1340600 501.4
1340610 501.5
1340620 501.5
1340630 501.5
1340640 501.5
1340650 501.4
1340660 501.4
1340670 501.4
1340680 501.4
1340690 501.4
1340700 501.2
1340710 501.1
1340720 501.1
1340730 501.0
1340740 500.9
1340750 500.9
1340760 500.9
1340770 501.0
1340780 501.1
1340790 501.1
1340800 501.3
1340810 501.4
1340820 501.4
1340830 501.5
1340840 501.4
1340850 501.4
1340860 501.3
1340870 501.2
1340880 501.2
1340890 501.1
1340900 501.2
1340910 501.2
1340920 501.4
1340930 501.5
1340940 501.5
1340950 501.5
1340960 501.4
1340970 501.4
1340980 501.3
1340990 501.2
1341000 501.2
1341010 501.1
1341020 501.1
1341030 501.1
1341040 501.2
1341050 501.0
1341060 501.0
1341070 501.1
1341080 501.1
1341090 501.1
1341100 501.1
1341110 501.1
1341120 501.1
1341130 501.1
1341140 501.1
1341150 501.1
1341160 501.1
1341170 501.0
1341180 500.9
1341190 500.9
1341200 500.7
1341210 500.5
1341220 500.5
1341230 500.3
1341240 500.2
1341250 500.2
1341260 500.2
1341270 500.3
1341280 500.3
1341290 500.3
1341300 500.3
1341310 500.3
1341320 500.4
1341330 500.5
1341340 500.5
1341350 500.6
1341360 500.8
1341370 500.8
1341380 502.1
1341390 503.4
1341400 503.4
1341410 504.1
1341420 504.6
1341430 505.4
1341440 505.4
1341450 505.9
1341460 506.3
1341470 506.3
1341480 506.6
1341490 506.8
1341500 506.8
1341510 507.1
1341520 507.4
1341530 507.4
1341540 507.8
1341550 508.1
1341560 508.1
1341570 508.5
1341580 508.9
1341590 508.9
1341600 509.3
1341610 509.7
1341620 509.7
1341630 510.2
1341640 510.7
1341650 510.7
1341660 511.1
1341670 511.6
1341680 511.6
1341690 512.0
1341700 512.5
1341710 512.5
1341720 512.9
1341730 513.5
1341740 513.9
1341750 513.9
1341760 514.4
1341770 514.9
1341780 514.9
1341790 515.4
1341800 515.9
1341810 515.9
1341820 516.3
1341830 516.9
1341840 516.9
1341850 518.1
1341860 519.1
1341870 519.1
1341880 519.0
1341890 519.5
1341900 519.5
1341910 520.2
1341920 520.8
1341930 520.8
1341940 521.2
1341950 521.5
1341960 521.5
1341970 521.9
1341980 522.5
1341990 522.5
1342000 523.5
1342010 523.3
1342020 523.3
1342030 521.4
1342040 521.0
1342050 521.0
1342060 523.2
1342070 524.7
1342080 524.8
1342090 524.8
1342100 524.7
1342110 524.5
1342120 524.5
1342130 524.3
1342140 524.0
1342150 524.0
1342160 523.7
1342170 523.3
1342180 523.3
1342190 522.9
1342200 522.4
1342210 522.4
1342220 521.8
1342230 521.3
1342240 521.3
1342250 521.0
1342260 520.6
1342270 520.6
1342280 520.8
1342290 520.4
1342300 520.4
1342310 520.1
1342320 519.7
1342330 519.7
1342340 519.3
1342350 519.1
1342360 519.1
1342370 519.2
1342380 519.4
1342390 519.4
1342400 519.9
1342410 520.5
1342420 521.2
1342430 521.2
1342440 522.1
1342450 522.9
1342460 522.9
1342470 523.6
1342480 524.3
1342490 524.3
1342500 525.1
1342510 525.7
1342520 525.7
1342530 526.4
1342540 526.6
1342550 526.6
1342560 526.9
1342570 527.5
1342580 527.5
1342590 528.3
1342600 529.3
1342610 529.3
1342620 529.8
1342630 529.8
1342640 529.8
1342650 530.0
1342660 531.5
1342670 531.5
1342680 532.6
1342690 533.2
1342700 533.2
1342710 534.2
1342720 534.5
1342730 534.2
1342740 534.2
1342750 533.8
1342760 533.8
1342770 533.8
1342780 533.5
1342790 533.0
1342800 533.0
1342810 532.5
1342820 531.9
1342830 531.9
1342840 531.5
1342850 531.0
1342860 531.0
1342870 530.4
1342880 529.8
1342890 529.8
1342900 529.2
1342910 529.2
1342920 529.2
1342930 529.3
1342940 529.3
1342950 529.3
1342960 529.1
1342970 529.0
1342980 529.0
1342990 528.5
1343000 528.2
1343010 528.2
1343020 527.7
1343030 527.2
1343040 527.2
1343050 526.6
1343060 526.7
1343070 527.2
1343080 527.2
1343090 528.5
1343100 531.4
1343110 531.4
1343120 534.2
1343130 537.0
1343140 537.0
1343150 539.9
1343160 540.7
1343170 540.7
1343180 544.0
1343190 545.2
1343200 545.2
1343210 545.8
1343220 545.4
1343230 545.4
1343240 541.7
1343250 540.8
1343260 540.8
1343270 544.1
1343280 545.6
1343290 545.6
1343300 546.3
1343310 546.8
1343320 546.8
1343330 547.3
1343340 547.9
1343350 547.9
1343360 549.0
1343370 550.4
1343380 552.3
1343390 552.3
1343400 554.4
1343410 557.3
1343420 557.3
1343430 559.0
1343440 562.0
1343450 562.0
1343460 562.2
1343470 562.8
1343480 562.8
1343490 563.9
1343500 566.0
1343510 566.0
1343520 569.0
1343530 571.6
1343540 571.6
1343550 572.5
1343560 574.2
1343570 574.2
1343580 577.4
1343590 579.7
1343600 579.7
1343610 581.7
1343620 584.0
1343630 584.0
1343640 587.0
1343650 590.6
1343660 590.6
1343670 594.2
1343680 597.1
1343690 597.1
1343700 598.8
1343710 600.8
1343720 603.3
1343730 603.3
1343740 605.5
1343750 606.8
1343760 606.8
1343770 602.8
1343780 604.2
1343790 604.2
1343800 607.6
1343810 607.1
1343820 607.1
1343830 598.2
1343840 584.0
1343850 584.0
1343860 573.6
1343870 558.4
1343880 558.4
1343890 544.0
1343900 543.2
1343910 543.2
1343920 544.6
1343930 546.1
1343940 546.1
1343950 560.1
1343960 576.7
1343970 576.7
1343980 597.2
1343990 616.2
1344000 616.2
1344010 634.1
1344020 645.4
1344030 645.4
1344040 650.4
1344050 654.5
1344060 658.4
1344070 658.4
1344080 664.8
1344090 667.9
1344100 667.9
1344110 671.2
1344120 674.9
1344130 674.9
1344140 678.0
1344150 680.9
1344160 680.9
1344170 684.1
1344180 687.0
1344190 687.0
1344200 689.4
1344210 691.9
1344220 691.9
1344230 694.6
1344240 697.8
1344250 697.8
1344260 700.5
1344270 703.1
1344280 703.1
1344290 706.2
1344300 709.0
1344310 709.0
1344320 712.3
1344330 715.4
1344340 715.4
1344350 718.5
1344360 721.5
1344370 724.9
1344380 724.9
1344390 728.8
1344400 732.6
1344410 732.6
1344420 736.5
1344430 741.0
1344440 741.0
1344450 746.2
1344460 752.1
1344470 752.1
1344480 758.4
1344490 765.2
1344500 765.2
1344510 772.3
1344520 779.5
1344530 779.5
1344540 786.4
1344550 792.9
1344560 792.9
1344570 799.2
1344580 805.4
1344590 805.4
1344600 811.2
1344610 816.4
1344620 816.4
1344630 819.7
1344640 823.5
1344650 823.5
1344660 826.7
1344670 829.4
1344680 829.4
1344690 831.3
1344700 833.0
1344710 834.7
1344720 834.7
1344730 836.3
1344740 838.1
1344750 838.1
1344760 840.1
1344770 841.8
1344780 841.8
1344790 843.3
1344800 845.6
1344810 845.6
1344820 848.6
1344830 852.5
1344840 852.5
1344850 859.1
1344860 866.1
1344870 866.1
1344880 873.1
1344890 879.7
1344900 879.7
1344910 886.0
1344920 893.4
1344930 893.4
1344940 899.2
1344950 904.5
1344960 904.5
1344970 908.8
1344980 911.8
1344990 912.6
1345000 915.5
1345010 918.2
1345020 918.2
1345030 919.3
1345040 916.8
1345050 915.3
1345060 915.3
1345070 914.9
1345080 915.2
1345090 915.2
1345100 915.7
1345110 915.6
1345120 915.6
1345130 914.8
1345140 913.5
1345150 913.5
1345160 912.2
1345170 910.6
1345180 910.6
1345190 907.6
1345200 904.1
1345210 904.1
1345220 901.5
1345230 901.9
1345240 901.9
1345250 904.0
1345260 904.9
1345270 904.9
1345280 906.0
1345290 907.4
1345300 907.4
1345310 908.4
1345320 908.5
1345330 908.5
1345340 910.3
1345350 911.9
1345360 913.7
1345370 913.7
1345380 913.9
1345390 911.9
1345400 911.9
1345410 910.2
1345420 908.0
1345430 908.0
1345440 906.0
1345450 904.1
1345460 904.1
1345470 901.5
1345480 899.4
1345490 899.4
1345500 895.1
1345510 894.8
1345520 894.8
1345530 899.3
1345540 896.1
1345550 896.1
1345560 889.4
1345570 889.5
1345580 889.5
1345590 895.1
1345600 892.9
1345610 892.9
1345620 898.7
1345630 901.3
1345640 901.3
1345650 896.9
1345660 903.0
1345670 903.0
1345680 910.2
1345690 912.9
1345700 914.3
1345710 914.3
1345720 916.6
1345730 918.9
1345740 918.9
1345750 920.3
1345760 921.0
1345770 921.0
1345780 921.6
1345790 923.5
1345800 923.5
1345810 927.7
1345820 932.6
1345830 932.6
1345840 935.7
1345850 936.0
1345860 936.0
1345870 933.1
1345880 927.1
1345890 927.1
1345900 918.5
1345910 919.3
1345920 919.3
1345930 914.2
1345940 908.9
1345950 908.9
1345960 904.1
1345970 900.1
1345980 900.1
1345990 897.0
1346000 895.4
1346010 895.4
1346020 896.8
1346030 898.4
1346040 895.0
1346050 895.0
1346060 891.0
1346070 887.5
1346080 887.5
1346090 881.3
1346100 877.7
1346110 877.7
1346120 878.6
1346130 877.5
1346140 877.5
1346150 874.8
1346160 871.7
1346170 871.7
1346180 868.8
1346190 864.9
1346200 864.9
1346210 859.3
1346220 854.0
1346230 854.0
1346240 859.0
1346250 862.9
1346260 862.9
1346270 862.5
1346280 865.2
1346290 865.2
1346300 869.0
1346310 868.4
1346320 868.4
1346330 867.0
1346340 866.1
1346350 866.2
1346360 866.2
1346370 865.6
1346380 865.1
1346390 865.1
1346400 863.5
1346410 860.3
1346420 860.3
1346430 856.9
1346440 855.8
1346450 855.8
1346460 856.2
1346470 855.9
1346480 855.9
1346490 853.3
1346500 848.5
1346510 848.5
1346520 846.6
1346530 846.9
1346540 846.9
1346550 845.0
1346560 839.0
1346570 839.0
1346580 835.4
1346590 835.5
1346600 835.5
1346610 833.1
1346620 830.1
1346630 830.1
1346640 826.9
1346650 824.4
1346660 824.4
1346670 815.2
1346680 805.1
1346690 796.9
1346700 796.9
1346710 789.6
1346720 784.7
1346730 784.7
1346740 779.1
1346750 776.0
1346760 776.0
1346770 773.1
1346780 763.0
1346790 763.0
1346800 759.2
1346810 769.8
1346820 769.8
1346830 780.1
1346840 795.1
1346850 795.1
1346860 804.2
1346870 812.4
1346880 812.4
1346890 813.5
1346900 811.4
1346910 811.4
1346920 808.8
1346930 804.7
1346940 804.7
1346950 799.1
1346960 793.7
1346970 793.7
1346980 792.2
1346990 791.9
1347000 791.9
1347010 788.5
1347020 784.9
1347030 782.1
1347040 782.1
1347050 779.4
1347060 777.0
1347070 777.0
1347080 774.3
1347090 772.3
1347100 772.3
1347110 769.9
1347120 768.8
1347130 768.8
1347140 768.8
1347150 767.2
1347160 767.2
1347170 761.4
1347180 755.4
1347190 755.4
1347200 751.9
1347210 744.8
1347220 744.8
1347230 738.6
1347240 736.1
1347250 736.1
1347260 734.3
1347270 732.3
1347280 732.3
1347290 729.9
1347300 728.0
1347310 728.0
1347320 725.9
1347330 724.1
1347340 722.6
1347350 722.6
1347360 720.6
1347370 718.3
1347380 718.3
1347390 715.8
1347400 713.0
1347410 713.0
1347420 709.8
1347430 706.4
1347440 706.4
1347450 703.4
1347460 700.8
1347470 700.8
1347480 698.4
1347490 696.5
1347500 696.5
1347510 695.1
1347520 693.8
1347530 693.8
1347540 692.8
1347550 692.0
1347560 692.0
1347570 691.2
1347580 690.5
1347590 690.5
1347600 689.8
1347610 689.2
1347620 689.2
1347630 688.5
1347640 686.7
1347650 686.7
1347660 686.4
1347670 685.4
1347680 683.6
1347690 683.6
1347700 681.4
1347710 680.1
1347720 680.1
1347730 678.8
1347740 675.9
1347750 675.9
1347760 673.3
1347770 678.4
1347780 678.4
1347790 677.5
1347800 676.4
1347810 676.4
1347820 675.3
1347830 674.2
1347840 674.2
1347850 673.2
1347860 671.7
1347870 671.7
1347880 670.1
1347890 667.8
1347900 667.8
1347910 665.2
1347920 662.5
1347930 662.5
1347940 659.8
1347950 657.1
1347960 657.1
1347970 654.4
1347980 651.7
1347990 649.9
1348000 649.9
1348010 649.1
1348020 648.9
1348030 648.9
1348040 648.7
1348050 648.8
1348060 648.8
1348070 648.7
1348080 646.8
1348090 646.8
1348100 641.0
1348110 634.3
1348120 634.3
1348130 629.1
1348140 627.9
1348150 627.9
1348160 627.0
1348170 625.3
1348180 625.3
1348190 624.4
1348200 624.2
1348210 624.2
1348220 626.1
1348230 628.5
1348240 628.5
1348250 630.1
1348260 630.0
1348270 630.0
1348280 629.1
1348290 628.4
1348300 628.4
1348310 626.5
1348320 623.1
1348330 620.8
1348340 620.8
1348350 619.3
1348360 617.5
1348370 617.5
1348380 615.9
1348390 613.3
1348400 613.3
1348410 614.4
1348420 618.1
1348430 618.1
1348440 618.0
1348450 614.4
1348460 614.4
1348470 615.3
1348480 617.5
1348490 617.5
1348500 622.0
1348510 629.5
1348520 629.5
1348530 637.1
1348540 640.8
1348550 640.8
1348560 640.9
1348570 640.7
1348580 640.7
1348590 640.0
1348600 639.6
1348610 639.6
1348620 639.1
1348630 638.5
1348640 638.5
1348650 638.1
1348660 637.6
1348670 637.1
1348680 637.1
1348690 636.8
1348700 635.5
1348710 635.5
1348720 633.6
1348730 632.6
1348740 632.6
1348750 632.5
1348760 630.2
1348770 630.2
1348780 621.7
1348790 611.7
1348800 611.7
1348810 606.0
1348820 608.3
1348830 608.3
1348840 614.0
1348850 619.1
1348860 619.1
1348870 620.9
1348880 622.7
1348890 622.7
1348900 624.6
1348910 627.8
1348920 627.8
1348930 633.1
1348940 633.4
1348950 633.4
1348960 628.2
1348970 623.5
1348980 619.0
1348990 619.0
1349000 613.6
1349010 608.8
1349020 608.8
1349030 603.7
1349040 599.8
1349050 599.8
1349060 596.1
1349070 592.3
1349080 592.3
1349090 588.4
1349100 586.5
1349110 586.5
1349120 583.3
1349130 577.7
1349140 577.7
1349150 571.9
1349160 567.6
1349170 567.6
1349180 564.1
1349190 562.6
1349200 562.6
1349210 561.9
1349220 561.7
1349230 561.7
1349240 561.8
1349250 561.1
1349260 561.1
1349270 560.2
1349280 559.5
1349290 559.5
1349300 559.3
1349310 558.5
1349320 557.8
1349330 557.8
1349340 557.4
1349350 556.9
1349360 556.9
1349370 556.4
1349380 556.2
1349390 556.2
1349400 556.2
1349410 556.1
1349420 556.1
1349430 555.7
1349440 555.1
1349450 555.1
1349460 555.0
1349470 555.0
1349480 555.0
1349490 555.2
1349500 555.3
1349510 555.3
1349520 555.0
1349530 554.4
1349540 554.4
1349550 554.0
1349560 553.6
1349570 553.6
1349580 553.5
1349590 553.4
1349600 553.4
1349610 553.3
1349620 553.2
1349630 553.2
1349640 553.2
1349650 554.1
1349660 554.2
1349670 554.2
1349680 553.6
1349690 553.2
1349700 553.2
1349710 553.4
1349720 553.4
1349730 553.4
1349740 553.3
1349750 553.1
1349760 553.1
1349770 552.8
1349780 552.6
1349790 552.6
1349800 552.4
1349810 552.4
1349820 552.4
1349830 552.3
1349840 552.3
1349850 552.3
1349860 552.4
1349870 552.4
1349880 552.4
1349890 552.4
1349900 552.5
1349910 552.5
1349920 552.5
1349930 552.6
1349940 552.6
1349950 552.6
1349960 553.0
1349970 553.9
1349980 553.9
1349990 554.2
1350000 554.2
1350010 554.2
1350020 553.7
1350030 553.1
1350040 553.1
1350050 552.6
1350060 552.2
1350070 552.2
1350080 551.6
1350090 551.3
1350100 551.3
1350110 551.0
1350120 551.0
1350130 551.0
1350140 551.1
1350150 551.3
1350160 551.3
1350170 551.6
1350180 551.8
1350190 551.8
1350200 551.9
1350210 552.0
1350220 552.0
1350230 552.2
1350240 552.3
1350250 552.3
1350260 552.2
1350270 552.5
1350280 552.5
1350290 553.1
1350300 552.8
1350310 552.3
1350320 552.3
1350330 552.4
1350340 552.5
1350350 552.5
1350360 552.4
1350370 552.3
1350380 552.3
1350390 550.4
1350400 549.7
1350410 549.7
1350420 549.7
1350430 549.8
1350440 549.8
1350450 550.2
1350460 550.4
1350470 550.4
1350480 550.5
1350490 550.7
1350500 550.7
1350510 550.5
1350520 550.3
1350530 550.3
1350540 550.1
1350550 550.0
1350560 550.0
1350570 549.8
1350580 549.9
1350590 549.9
1350600 550.3
1350610 550.9
1350620 550.9
1350630 551.3
1350640 551.2
1350650 548.7
1350660 548.7
1350670 545.9
1350680 547.1
1350690 547.1
1350700 548.0
1350710 547.9
1350720 547.9
1350730 548.6
1350740 547.8
1350750 547.8
1350760 545.5
1350770 544.2
1350780 544.2
1350790 544.3
1350800 545.9
1350810 545.9
1350820 548.6
1350830 549.5
1350840 549.5
1350850 549.3
1350860 549.4
1350870 549.4
1350880 549.7
1350890 550.0
1350900 550.0
1350910 550.2
1350920 550.7
1350930 550.7
1350940 550.8
1350950 550.7
1350960 550.9
1350970 550.9
1350980 551.1
1350990 551.3
1351000 551.3
1351010 551.5
1351020 551.6
1351030 551.6
1351040 551.8
1351050 552.4
1351060 552.4
1351070 553.1
1351080 553.5
1351090 553.5
1351100 553.8
1351110 553.7
1351120 553.7
1351130 553.7
1351140 553.6
1351150 553.6
1351160 553.7
1351170 553.9
1351180 553.9
1351190 554.0
1351200 554.2
1351210 554.2
1351220 554.6
1351230 556.6
1351240 556.6
1351250 561.5
1351260 566.8
1351270 566.8
1351280 572.1
1351290 577.2
1351300 580.2
1351310 580.2
1351320 580.6
1351330 580.7
1351340 580.7
1351350 581.1
1351360 582.4
1351370 582.4
1351380 586.0
1351390 591.3
1351400 591.3
1351410 596.8
1351420 603.1
1351430 603.1
1351440 609.8
1351450 616.3
1351460 616.3
1351470 622.8
1351480 629.6
1351490 629.6
1351500 635.8
1351510 642.7
1351520 642.7
1351530 649.5
1351540 656.5
1351550 655.5
1351560 661.8
1351570 668.1
1351580 668.1
1351590 674.0
1351600 677.1
1351610 677.1
1351620 677.1
1351630 674.5
1351640 670.7
1351650 670.7
1351660 665.9
1351670 662.8
1351680 662.8
1351690 662.1
1351700 661.9
1351710 661.9
1351720 660.9
1351730 659.7
1351740 659.7
1351750 658.7
1351760 657.3
1351770 657.3
1351780 656.0
1351790 655.7
1351800 655.7
1351810 656.6
1351820 659.2
1351830 659.2
1351840 662.2
1351850 662.1
1351860 662.1
1351870 660.7
1351880 659.8
1351890 659.8
1351900 658.6
1351910 658.6
1351920 658.6
1351930 658.7
1351940 659.3
1351950 660.4
1351960 660.4
1351970 662.4
1351980 665.0
1351990 665.0
1352000 668.2
1352010 673.3
1352020 673.3
1352030 676.1
1352040 677.2
1352050 677.2
1352060 678.3
1352070 678.8
1352080 678.8
1352090 678.8
1352100 678.6
1352110 678.6
1352120 679.1
1352130 679.4
1352140 679.4
1352150 679.9
1352160 680.2
1352170 680.2
1352180 680.4
1352190 680.5
1352200 680.5
1352210 680.9
1352220 681.0
1352230 681.0
1352240 681.0
1352250 680.7
1352260 680.7
1352270 680.6
1352280 680.0
1352290 679.4
1352300 679.4
1352310 678.7
1352320 677.3
1352330 677.3
1352340 676.0
1352350 674.6
1352360 674.6
1352370 672.9
1352380 671.1
1352390 671.1
1352400 669.3
1352410 667.5
1352420 667.5
1352430 666.0
1352440 664.8
1352450 664.8
1352460 663.8
1352470 663.0
1352480 663.0
1352490 662.5
1352500 662.3
1352510 659.9
1352520 659.8
1352530 659.8
1352540 659.8
1352550 660.2
1352560 662.7
1352570 662.7
1352580 666.9
1352590 669.6
1352600 671.4
1352610 671.4
1352620 672.6
1352630 670.2
1352640 670.2
1352650 665.3
1352660 659.9
1352670 659.9
1352680 655.2
1352690 653.7
1352700 653.7
1352710 653.6
1352720 653.7
1352730 653.7
1352740 654.2
1352750 655.1
1352760 655.1
1352770 656.1
1352780 656.9
1352790 656.9
1352800 657.7
1352810 659.0
1352820 659.0
1352830 660.2
1352840 661.2
1352850 661.2
1352860 661.8
1352870 662.0
1352880 662.0
1352890 662.4
1352900 663.4
1352910 663.4
1352920 664.6
1352930 666.0
1352940 667.5
1352950 667.5
1352960 669.0
1352970 670.5
1352980 670.5
1352990 671.6
1353000 672.5
1353010 672.5
1353020 673.0
1353030 673.7
1353040 673.7
1353050 674.5
1353060 675.3
1353070 675.3
1353080 675.9
1353090 676.9
1353100 676.9
1353110 678.1
1353120 678.9
1353130 678.9
1353140 678.8
1353150 679.5
1353160 679.5
1353170 681.4
1353180 682.2
1353190 682.2
1353200 682.9
1353210 683.3
1353220 683.3
1353230 683.3
1353240 682.8
1353250 682.8
1353260 683.3
1353270 685.3
1353280 688.2
1353290 688.2
1353300 690.0
1353310 692.1
1353320 692.1
1353330 694.6
1353340 695.3
1353350 695.3
1353360 695.5
1353370 695.8
1353380 695.8
1353390 696.5
1353400 697.7
1353410 697.7
1353420 699.2
1353430 700.4
1353440 700.4
1353450 701.4
1353460 702.1
1353470 702.1
1353480 704.3
1353490 705.0
1353500 705.0
1353510 706.7
1353520 708.9
1353530 708.9
1353540 709.9
1353550 711.1
1353560 711.1
1353570 713.3
1353580 714.3
1353590 714.7
1353600 714.7
1353610 714.9
1353620 714.9
1353630 714.9
1353640 714.9
1353650 717.4
1353660 717.4
1353670 720.3
1353680 722.8
1353690 722.8
1353700 725.2
1353710 727.3
1353720 727.3
1353730 729.0
1353740 730.4
1353750 730.4
1353760 731.7
1353770 733.0
1353780 733.0
1353790 734.4
1353800 735.8
1353810 735.8
1353820 737.3
1353830 738.7
1353840 738.7
1353850 740.2
1353860 741.6
1353870 741.6
1353880 742.5
1353890 743.5
1353900 743.5
1353910 744.7
1353920 746.0
1353930 747.5
1353940 747.5
1353950 748.9
1353960 750.5
1353970 750.5
1353980 752.4
1353990 754.7
1354000 754.7
1354010 757.1
1354020 759.9
1354030 759.9
1354040 763.0
1354050 766.1
1354060 766.1
1354070 769.1
1354080 771.9
1354090 771.9
1354100 775.2
1354110 779.5
1354120 779.5
1354130 784.1
1354140 788.9
1354150 788.9
1354160 793.4
1354170 798.0
1354180 798.0
1354190 802.3
1354200 805.8
1354210 805.8
1354220 808.7
1354230 811.1
1354240 811.1
1354250 813.1
1354260 816.1
1354270 820.1
1354280 820.1
1354290 823.9
1354300 826.7
1354310 826.7
1354320 825.7
1354330 818.9
1354340 818.9
1354350 814.7
1354360 811.4
1354370 811.4
1354380 808.6
1354390 804.8
1354400 804.8
1354410 800.0
1354420 797.4
1354430 797.4
1354440 791.8
1354450 784.2
1354460 787.5
1354470 783.0
1354480 782.6
1354490 782.6
1354500 785.2
1354510 788.6
1354520 788.6
1354530 791.8
1354540 796.1
1354550 796.1
1354560 801.3
1354570 807.2
1354580 812.5
1354590 812.5
1354600 818.2
1354610 823.6
1354620 823.6
1354630 829.7
1354640 832.9
1354650 832.9
1354660 833.7
1354670 835.9
1354680 835.9
1354690 840.8
1354700 846.1
1354710 846.1
1354720 847.7
1354730 847.8
1354740 847.8
1354750 847.0
1354760 846.4
1354770 846.4
1354780 847.8
1354790 855.2
1354800 855.2
1354810 862.0
1354820 867.9
1354830 867.9
1354840 873.3
1354850 878.7
1354860 878.7
1354870 884.6
1354880 889.3
1354890 889.3
1354900 894.0
1354910 898.9
1354920 903.5
1354930 903.5
1354940 907.7
1354950 912.9
1354960 912.9
1354970 917.4
1354980 922.6
1354990 922.6
1355000 926.7
1355010 932.2
1355020 932.2
1355030 940.1
1355040 949.3
1355050 949.3
1355060 955.9
1355070 960.8
1355080 960.8
1355090 965.0
1355100 968.0
1355110 968.0
1355120 970.8
1355130 975.1
1355140 975.1
1355150 980.8
1355160 987.3
1355170 987.3
1355180 992.1
1355190 995.9
1355200 995.9
1355210 999.9
1355220 1004.5
1355230 1008.5
1355240 1008.5
1355250 1012.3
1355260 1015.5
1355270 1015.5
1355280 1017.1
1355290 1019.4
1355300 1019.4
1355310 1021.5
1355320 1023.2
1355330 1023.2
1355340 1025.1
1355350 1026.9
1355360 1026.9
1355370 1029.2
1355380 1031.8
1355390 1031.8
1355400 1035.4
1355410 1039.1
1355420 1039.1
1355430 1044.7
1355440 1052.5
1355450 1054.2
1355460 1062.3
1355470 1070.5
1355480 1070.5
1355490 1076.8
1355500 1084.2
1355510 1084.2
1355520 1092.5
1355530 1097.9
1355540 1097.9
1355550 1101.3
1355560 1104.5
1355570 1108.1
1355580 1108.1
1355590 1111.3
1355600 1114.5
1355610 1114.5
1355620 1118.3
1355630 1123.0
1355640 1123.0
1355650 1128.5
1355660 1134.2
1355670 1134.2
1355680 1139.6
1355690 1143.9
1355700 1143.9
1355710 1147.0
1355720 1149.3
1355730 1149.3
1355740 1152.5
1355750 1156.1
1355760 1156.1
1355770 1159.1
1355780 1162.2
1355790 1162.2
1355800 1165.7
1355810 1169.1
1355820 1169.1
1355830 1173.5
1355840 1178.7
1355850 1178.7
1355860 1183.6
1355870 1187.8
1355880 1187.8
1355890 1190.7
1355900 1194.6
1355910 1198.6
1355920 1198.6
1355930 1201.1
1355940 1204.0
1355950 1204.0
1355960 1207.6
1355970 1211.7
1355980 1211.7
1355990 1215.9
1356000 1220.4
1356010 1220.4
1356020 1224.6
1356030 1227.8
1356040 1227.8
1356050 1232.2
1356060 1238.0
1356070 1238.0
1356080 1242.3
1356090 1245.1
1356100 1245.1
1356110 1246.6
1356120 1247.6
1356130 1247.6
1356140 1248.5
1356150 1249.7
1356160 1249.7
1356170 1251.1
1356180 1253.0
1356190 1253.0
1356200 1255.2
1356210 1258.0
1356220 1260.9
1356230 1260.9
1356240 1263.6
1356250 1266.2
1356260 1266.2
1356270 1267.5
1356280 1267.2
1356290 1267.2
1356300 1266.5
1356310 1265.3
1356320 1265.3
1356330 1264.0
1356340 1262.3
1356350 1262.3
1356360 1260.7
1356370 1259.1
1356380 1259.1
1356390 1257.4
1356400 1255.6
1356410 1255.6
1356420 1254.1
1356430 1252.4
1356440 1256.0
1356450 1252.9
1356460 1250.1
1356470 1250.1
1356480 1248.6
1356490 1247.2
1356500 1247.2
1356510 1245.5
1356520 1243.8
1356530 1243.8
1356540 1241.8
1356550 1239.0
1356560 1236.7
1356570 1236.7
1356580 1235.5
1356590 1233.4
1356600 1233.4
1356610 1229.9
1356620 1227.4
1356630 1227.4
1356640 1224.0
1356650 1220.9
1356660 1220.9
1356670 1217.9
1356680 1215.3
1356690 1215.3
1356700 1212.5
1356710 1208.5
1356720 1208.5
1356730 1204.8
1356740 1201.2
1356750 1201.2
1356760 1197.3
1356770 1194.6
1356780 1194.6
1356790 1192.8
1356800 1188.5
1356810 1188.5
1356820 1184.6
1356830 1181.2
1356840 1181.2
1356850 1177.4
1356860 1173.9
1356870 1171.4
1356880 1171.4
1356890 1169.0
1356900 1166.0
1356910 1166.0
1356920 1163.6
1356930 1161.1
1356940 1161.1
1356950 1158.7
1356960 1156.0
1356970 1156.0
1356980 1152.9
1356990 1150.4
1357000 1150.4
1357010 1147.7
1357020 1144.5
1357030 1144.5
1357040 1142.8
1357050 1140.4
1357060 1140.4
1357070 1137.8
1357080 1134.7
1357090 1134.7
1357100 1132.2
1357110 1128.3
1357120 1128.3
1357130 1123.7
1357140 1124.2
1357150 1124.2
1357160 1124.9
1357170 1129.1
1357180 1129.1
1357190 1136.0
1357200 1139.3
1357210 1139.1
1357220 1139.1
1357230 1139.6
1357240 1140.6
1357250 1140.6
1357260 1141.3
1357270 1141.4
1357280 1141.4
1357290 1140.6
1357300 1139.3
1357310 1139.3
1357320 1137.9
1357330 1138.4
1357340 1138.4
1357350 1139.5
1357360 1141.1
1357370 1141.1
1357380 1142.6
1357390 1143.1
1357400 1143.1
1357410 1143.3
1357420 1143.4
1357430 1143.4
1357440 1145.7
1357450 1147.3
1357460 1147.3
1357470 1149.1
1357480 1149.8
1357490 1149.8
1357500 1152.3
1357510 1157.4
1357520 1157.4
1357530 1163.5
1357540 1170.2
1357550 1174.9
1357560 1174.9
1357570 1179.1
1357580 1183.4
1357590 1183.4
1357600 1186.8
1357610 1190.0
1357620 1190.0
1357630 1192.9
1357640 1194.1
1357650 1194.1
1357660 1194.3
1357670 1194.8
1357680 1194.8
1357690 1194.5
1357700 1193.4
1357710 1193.4
1357720 1193.5
1357730 1194.5
1357740 1194.5
1357750 1195.4
1357760 1195.9
1357770 1195.9
1357780 1196.5
1357790 1197.6
1357800 1197.6
1357810 1199.0
1357820 1199.6
1357830 1199.6
1357840 1200.7
1357850 1201.9
1357860 1203.4
1357870 1203.4
1357880 1205.0
1357890 1206.5
1357900 1206.5
1357910 1207.2
1357920 1207.4
1357930 1207.4
1357940 1207.1
1357950 1206.9
1357960 1206.9
1357970 1207.0
1357980 1206.3
1357990 1206.3
1358000 1206.1
1358010 1206.5
1358020 1206.5
1358030 1206.5
1358040 1206.2
1358050 1206.2
1358060 1206.1
1358070 1205.5
1358080 1205.5
1358090 1205.0
1358100 1205.0
1358110 1205.0
1358120 1204.8
1358130 1204.4
1358140 1204.4
1358150 1203.6
1358160 1201.9
1358170 1201.9
1358180 1199.7
1358190 1198.8
1358200 1198.9
1358210 1198.9
1358220 1198.8
1358230 1197.5
1358240 1197.5
1358250 1197.4
1358260 1198.3
1358270 1198.3
1358280 1197.5
1358290 1195.1
1358300 1195.1
1358310 1192.2
1358320 1189.4
1358330 1189.4
1358340 1186.7
1358350 1183.1
1358360 1183.1
1358370 1178.2
1358380 1174.6
1358390 1174.6
1358400 1169.3
1358410 1163.0
1358420 1163.0
1358430 1158.0
1358440 1153.1
1358450 1157.2
1358460 1151.6
1358470 1145.7
1358480 1145.7
1358490 1139.6
1358500 1133.3
1358510 1128.6
1358520 1128.6
1358530 1124.6
1358540 1117.6
1358550 1117.6
1358560 1110.4
1358570 1102.2
1358580 1102.2
1358590 1095.8
1358600 1090.8
1358610 1090.8
1358620 1086.1
1358630 1080.8
1358640 1080.8
1358650 1073.3
1358660 1065.5
1358670 1065.5
1358680 1057.3
1358690 1049.7
1358700 1049.7
1358710 1041.7
1358720 1034.2
1358730 1034.2
1358740 1027.1
1358750 1020.9
1358760 1020.9
1358770 1022.0
1358780 1030.4
1358790 1030.4
1358800 1035.2
1358810 1033.9
1358820 1033.9
1358830 1032.5
1358840 1032.8
1358850 1034.5
1358860 1034.5
1358870 1037.8
1358880 1040.5
1358890 1040.5
1358900 1043.7
1358910 1047.0
1358920 1047.0
1358930 1049.0
1358940 1049.9
1358950 1049.9
1358960 1051.2
1358970 1052.4
1358980 1052.4
1358990 1052.9
1359000 1054.1
1359010 1054.1
1359020 1055.8
1359030 1058.4
1359040 1058.4
1359050 1061.6
1359060 1062.9
1359070 1062.9
1359080 1063.9
1359090 1064.8
1359100 1064.8
1359110 1067.6
1359120 1075.1
1359130 1075.1
1359140 1081.9
1359150 1088.2
1359160 1088.2
1359170 1093.9
1359180 1100.0
1359190 1105.3
1359200 1105.3
1359210 1107.1
1359220 1108.6
1359230 1108.6
1359240 1109.7
1359250 1109.5
1359260 1109.5
1359270 1108.3
1359280 1107.5
1359290 1107.5
1359300 1105.0
1359310 1100.0
1359320 1100.0
1359330 1099.7
1359340 1099.1
1359350 1099.1
1359360 1097.0
1359370 1094.2
1359380 1094.2
1359390 1093.2
1359400 1092.2
1359410 1092.2
1359420 1090.6
1359430 1089.9
1359440 1089.9
1359450 1088.7
1359460 1087.7
1359470 1092.4
1359480 1092.4
1359490 1093.8
1359500 1091.2
1359510 1091.2
1359520 1087.8
1359530 1085.1
1359540 1085.1
1359550 1083.5
1359560 1082.7
1359570 1082.7
1359580 1080.6
1359590 1078.2
1359600 1078.2
1359610 1078.2
1359620 1077.2
1359630 1077.2
1359640 1075.6
1359650 1074.6
1359660 1074.6
1359670 1074.9
1359680 1075.5
1359690 1075.5
1359700 1076.8
1359710 1078.2
1359720 1078.2
1359730 1078.8
1359740 1079.1
1359750 1079.1
1359760 1078.1
1359770 1076.0
1359780 1076.0
1359790 1075.6
1359800 1076.6
1359810 1076.6
1359820 1077.1
1359830 1078.2
1359840 1077.3
1359850 1077.3
1359860 1073.7
1359870 1068.0
1359880 1068.0
1359890 1064.0
1359900 1061.3
1359910 1061.3
1359920 1056.8
1359930 1051.3
1359940 1051.3
1359950 1044.3
1359960 1036.5
1359970 1036.5
1359980 1035.3
1359990 1038.7
