1340000 503.8
1340010 504.2
1340020 504.2
1340030 504.2
1340040 503.8
1340050 503.8
1340060 503.2
1340070 502.6
1340080 502.6
1340090 502.1
1340100 501.6
1340110 500.6
1340120 500.6
1340130 500.5
1340140 500.5
1340150 500.5
1340160 500.4
1340170 500.3
1340180 500.3
1340190 500.3
1340200 500.3
1340210 500.3
1340220 500.2
1340230 500.3
1340240 500.3
1340250 500.4
1340260 500.4
1340270 500.4
1340280 500.4
1340290 500.4
1340300 500.4
1340310 500.5
1340320 500.5
1340330 500.5
1340340 500.6
1340350 500.6
1340360 500.6
1340370 500.5
1340380 500.4
1340390 500.4
1340400 500.4
1340410 500.3
1340420 500.3
1340430 500.3
1340440 500.2
1340450 500.2
1340460 500.2
1340470 500.1
1340480 500.1
1340490 500.1
1340500 500.1
1340510 500.1
1340520 500.1
1340530 500.0
1340540 499.9
1340550 499.9
1340560 499.9
1340570 500.1
1340580 500.1
1340590 500.1
1340600 500.1
1340610 500.1
1340620 500.0
1340630 500.0
1340640 500.0
1340650 500.0
1340660 500.0
1340670 500.0
1340680 499.9
1340690 499.9
1340700 499.9
1340710 499.8
1340720 499.8
1340730 499.8
1340740 499.8
1340750 499.8
1340760 499.8
1340770 499.7
1340780 499.7
1340790 499.7
1340800 500.4
1340810 500.6
1340820 500.6
1340830 500.3
1340840 500.1
1340850 499.9
1340860 499.9
1340870 499.6
1340880 499.6
1340890 499.6
1340900 499.6
1340910 499.5
1340920 499.5
1340930 499.5
1340940 499.5
1340950 499.5
1340960 499.5
1340970 499.5
1340980 499.5
1340990 499.4
1341000 499.4
1341010 499.4
1341020 499.5
1341030 499.8
1341040 499.8
1341050 500.7
1341060 502.1
1341070 502.1
1341080 502.6
1341090 502.6
1341100 502.6
1341110 502.6
1341120 502.7
1341130 502.7
1341140 502.6
1341150 502.4
1341160 501.7
1341170 501.7
1341180 500.7
1341190 499.2
1341200 499.2
1341210 498.3
1341220 498.4
1341230 498.4
1341240 498.9
1341250 499.1
1341260 499.1
1341270 499.1
1341280 499.1
1341290 499.1
1341300 499.1
1341310 499.1
1341320 499.1
1341330 499.0
1341340 499.0
1341350 499.0
1341360 499.0
1341370 499.0
1341380 499.0
1341390 499.0
1341400 499.0
1341410 499.0
1341420 499.1
1341430 499.1
1341440 499.1
1341450 498.9
1341460 499.3
1341470 499.3
1341480 499.3
1341490 499.3
1341500 499.5
1341510 499.5
1341520 500.0
1341530 500.3
1341540 500.3
1341550 500.4
1341560 500.4
1341570 500.4
1341580 500.3
1341590 500.0
1341600 500.0
1341610 499.8
1341620 500.1
1341630 500.1
1341640 500.1
1341650 500.2
1341660 500.2
1341670 500.3
1341680 500.3
1341690 500.3
1341700 500.3
1341710 500.3
1341720 500.3
1341730 500.2
1341740 500.2
1341750 500.2
1341760 500.1
1341770 499.9
1341780 499.9
1341790 499.9
1341800 499.9
1341810 499.9
1341820 499.6
1341830 499.8
1341840 499.9
1341850 499.9
1341860 500.1
1341870 500.0
1341880 500.0
1341890 499.8
1341900 499.8
1341910 499.8
1341920 499.7
1341930 499.7
1341940 499.7
1341950 499.9
1341960 499.9
1341970 499.9
1341980 499.8
1341990 499.8
1342000 499.8
1342010 499.9
1342020 500.3
1342030 500.3
1342040 500.5
1342050 500.6
1342060 500.6
1342070 500.5
1342080 500.3
1342090 500.3
1342100 500.5
1342110 501.3
1342120 501.3
1342130 501.9
1342140 502.1
1342150 502.1
1342160 502.2
1342170 503.7
1342180 504.9
1342190 504.9
1342200 505.3
1342210 505.4
1342220 505.4
1342230 505.5
1342240 505.7
1342250 505.7
1342260 505.7
1342270 505.7
1342280 505.7
1342290 505.8
1342300 505.9
1342310 505.9
1342320 506.0
1342330 506.0
1342340 506.0
1342350 506.0
1342360 506.1
1342370 506.1
1342380 506.3
1342390 506.6
1342400 506.6
1342410 506.9
1342420 507.2
1342430 507.2
1342440 507.4
1342450 507.7
1342460 507.7
1342470 507.9
1342480 507.9
1342490 508.1
1342500 508.1
1342510 508.3
1342520 508.3
1342530 508.3
1342540 508.4
1342550 508.5
1342560 508.5
1342570 508.6
1342580 508.8
1342590 508.8
1342600 509.1
1342610 509.2
1342620 509.2
1342630 509.2
1342640 509.4
1342650 509.4
1342660 509.5
1342670 509.6
1342680 509.6
1342690 509.7
1342700 509.9
1342710 509.9
1342720 510.1
1342730 510.3
1342740 510.3
1342750 510.8
1342760 510.9
1342770 510.9
1342780 510.7
1342790 511.0
1342800 511.0
1342810 511.3
1342820 511.3
1342830 511.4
1342840 511.4
1342850 511.4
1342860 511.6
1342870 511.6
1342880 511.0
1342890 511.2
1342900 511.2
1342910 511.5
1342920 511.9
1342930 511.9
1342940 512.1
1342950 511.2
1342960 511.2
1342970 511.7
1342980 512.5
1342990 512.5
1343000 512.6
1343010 512.8
1343020 512.8
1343030 512.8
1343040 512.8
1343050 512.8
1343060 512.6
1343070 512.7
1343080 512.7
1343090 512.7
1343100 512.6
1343110 512.6
1343120 512.6
1343130 512.7
1343140 512.7
1343150 512.6
1343160 512.9
1343170 513.3
1343180 513.3
1343190 513.4
1343200 513.0
1343210 513.0
1343220 513.5
1343230 514.3
1343240 514.3
1343250 515.0
1343260 515.5
1343270 515.5
1343280 515.8
1343290 516.0
1343300 516.0
1343310 516.4
1343320 517.1
1343330 517.1
1343340 517.3
1343350 517.1
1343360 517.1
1343370 516.5
1343380 516.4
1343390 516.4
1343400 516.6
1343410 516.8
1343420 516.8
1343430 516.9
1343440 517.1
1343450 517.1
1343460 517.0
1343470 516.7
1343480 516.7
1343490 516.7
1343500 516.9
1343510 516.8
1343520 516.8
1343530 516.9
1343540 517.1
1343550 517.1
1343560 517.2
1343570 517.4
1343580 517.4
1343590 517.4
1343600 517.3
1343610 517.3
1343620 517.3
1343630 517.5
1343640 517.5
1343650 517.8
1343660 517.9
1343670 517.9
1343680 517.8
1343690 517.9
1343700 517.9
1343710 517.5
1343720 517.6
1343730 517.6
1343740 517.7
1343750 517.6
1343760 517.6
1343770 517.6
1343780 517.8
1343790 517.8
1343800 517.9
1343810 517.9
1343820 518.0
1343830 518.0
1343840 518.1
1343850 518.2
1343860 518.2
1343870 518.4
1343880 518.5
1343890 518.5
1343900 518.5
1343910 518.6
1343920 518.6
1343930 518.5
1343940 518.5
1343950 518.5
1343960 518.4
1343970 518.4
1343980 518.4
1343990 518.3
1344000 518.3
1344010 518.3
1344020 518.3
1344030 518.2
1344040 518.2
1344050 518.1
1344060 518.0
1344070 518.0
1344080 518.0
1344090 518.0
1344100 518.0
1344110 517.9
1344120 517.8
1344130 517.8
1344140 517.8
1344150 517.8
1344160 517.7
1344170 517.7
1344180 517.7
1344190 517.7
1344200 517.7
1344210 517.7
1344220 517.8
1344230 517.8
1344240 518.0
1344250 518.0
1344260 518.0
1344270 518.0
1344280 518.1
1344290 518.1
1344300 518.1
1344310 518.3
1344320 518.3
1344330 518.3
1344340 518.4
1344350 518.4
1344360 518.4
1344370 518.5
1344380 518.5
1344390 518.7
1344400 519.0
1344410 519.0
1344420 519.2
1344430 519.3
1344440 519.3
1344450 519.6
1344460 519.9
1344470 519.9
1344480 520.1
1344490 520.1
1344500 520.2
1344510 520.2
1344520 520.3
1344530 520.4
1344540 520.4
1344550 520.5
1344560 520.7
1344570 520.7
1344580 520.8
1344590 521.0
1344600 521.0
1344610 521.1
1344620 521.3
1344630 521.3
1344640 521.4
1344650 521.6
1344660 521.6
1344670 521.7
1344680 521.9
1344690 521.9
1344700 522.2
1344710 522.2
1344720 522.2
1344730 522.2
1344740 522.3
1344750 522.3
1344760 522.5
1344770 522.6
1344780 522.6
1344790 522.7
1344800 522.7
1344810 522.9
1344820 522.9
1344830 523.0
1344840 523.2
1344850 523.2
1344860 523.5
1344870 523.5
1344880 523.5
1344890 523.6
1344900 523.8
1344910 523.8
1344920 523.9
1344930 524.1
1344940 524.1
1344950 524.3
1344960 524.5
1344970 524.5
1344980 524.6
1344990 524.7
1345000 524.7
1345010 524.9
1345020 525.1
1345030 525.1
1345040 525.4
1345050 525.7
1345060 525.7
1345070 525.9
1345080 526.3
1345090 526.3
1345100 527.0
1345110 528.1
1345120 528.1
1345130 529.5
1345140 529.9
1345150 530.4
1345160 530.4
1345170 531.3
1345180 532.2
1345190 532.2
1345200 532.9
1345210 533.7
1345220 533.7
1345230 534.5
1345240 535.4
1345250 535.4
1345260 536.3
1345270 537.2
1345280 537.2
1345290 538.0
1345300 538.6
1345310 538.6
1345320 539.3
1345330 540.0
1345340 540.0
1345350 540.7
1345360 541.2
1345370 541.2
1345380 541.7
1345390 542.0
1345400 542.0
1345410 542.6
1345420 543.2
1345430 543.2
1345440 543.0
1345450 542.5
1345460 542.5
1345470 542.3
1345480 541.9
1345490 541.0
1345500 541.0
1345510 544.0
1345520 543.9
1345530 543.9
1345540 542.7
1345550 541.7
1345560 541.7
1345570 541.0
1345580 540.6
1345590 540.6
1345600 540.1
1345610 540.2
1345620 540.2
1345630 541.3
1345640 542.9
1345650 542.9
1345660 543.6
1345670 544.9
1345680 544.9
1345690 547.8
1345700 548.4
1345710 548.4
1345720 548.7
1345730 548.9
1345740 548.9
1345750 549.8
1345760 551.0
1345770 551.0
1345780 552.0
1345790 553.0
1345800 553.0
1345810 554.1
1345820 555.3
1345830 556.5
1345840 556.5
1345850 557.9
1345860 558.8
1345870 558.8
1345880 559.0
1345890 559.6
1345900 559.6
1345910 560.4
1345920 560.8
1345930 560.8
1345940 561.1
1345950 561.2
1345960 561.2
1345970 561.4
1345980 561.2
1345990 561.2
1346000 561.6
1346010 562.5
1346020 562.5
1346030 563.5
1346040 564.7
1346050 564.7
1346060 566.3
1346070 567.4
1346080 567.4
1346090 567.5
1346100 567.0
1346110 567.0
1346120 566.1
1346130 566.3
1346140 567.4
1346150 567.4
1346160 569.6
1346170 572.7
1346180 572.7
1346190 575.8
1346200 577.3
1346210 577.3
1346220 576.8
1346230 575.3
1346240 575.3
1346250 573.4
1346260 570.9
1346270 570.9
1346280 567.9
1346290 565.2
1346300 565.2
1346310 563.0
1346320 561.5
1346330 561.5
1346340 560.5
1346350 560.4
1346360 560.4
1346370 561.7
1346380 564.3
1346390 564.3
1346400 567.3
1346410 570.5
1346420 570.5
1346430 573.6
1346440 577.2
1346450 577.2
1346460 576.9
1346470 577.3
1346480 577.2
1346490 577.2
1346500 577.1
1346510 577.3
1346520 577.3
1346530 577.7
1346540 578.8
1346550 578.8
1346560 580.3
1346570 582.6
1346580 582.6
1346590 584.4
1346600 585.5
1346610 585.5
1346620 586.7
1346630 587.6
1346640 587.6
1346650 588.3
1346660 588.8
1346670 588.8
1346680 587.9
1346690 585.8
1346700 585.8
1346710 585.6
1346720 587.6
1346730 587.6
1346740 588.1
1346750 588.1
1346760 588.1
1346770 589.0
1346780 590.8
1346790 590.8
1346800 591.7
1346810 592.5
1346820 593.5
1346830 593.5
1346840 595.0
1346850 596.2
1346860 596.2
1346870 597.1
1346880 598.2
1346890 598.2
1346900 599.7
1346910 600.9
1346920 600.9
1346930 602.3
1346940 603.7
1346950 603.7
1346960 604.9
1346970 605.7
1346980 605.7
1346990 607.2
1347000 609.1
1347010 609.1
1347020 609.8
1347030 610.0
1347040 610.0
1347050 610.2
1347060 610.5
1347070 610.5
1347080 610.5
1347090 610.4
1347100 610.4
1347110 609.8
1347120 608.3
1347130 608.3
1347140 607.0
1347150 606.4
1347160 604.9
1347170 604.9
1347180 602.7
1347190 603.6
1347200 603.6
1347210 603.1
1347220 598.1
1347230 598.1
1347240 590.5
1347250 583.4
1347260 583.4
1347270 581.1
1347280 579.1
1347290 579.1
1347300 578.5
1347310 578.4
1347320 578.4
1347330 576.8
1347340 575.6
1347350 575.6
1347360 575.2
1347370 574.3
1347380 574.3
1347390 574.3
1347400 576.7
1347410 576.7
1347420 580.3
1347430 582.5
1347440 582.5
1347450 583.7
1347460 584.1
1347470 583.4
1347480 583.4
1347490 581.6
1347500 579.6
1347510 579.6
1347520 578.3
1347530 576.6
1347540 576.6
1347550 574.7
1347560 573.0
1347570 573.0
1347580 571.5
1347590 570.6
1347600 570.6
1347610 569.1
1347620 568.3
1347630 568.3
1347640 566.9
1347650 564.6
1347660 564.6
1347670 562.6
1347680 561.9
1347690 561.9
1347700 562.0
1347710 559.5
1347720 559.5
1347730 554.1
1347740 550.5
1347750 550.5
1347760 549.0
1347770 547.2
1347780 547.2
1347790 546.0
1347800 544.4
1347810 541.6
1347820 541.6
1347830 543.5
1347840 543.4
1347850 543.4
1347860 542.9
1347870 542.5
1347880 542.5
1347890 542.2
1347900 542.0
1347910 542.0
1347920 541.7
1347930 541.5
1347940 541.5
1347950 541.2
1347960 541.0
1347970 541.0
1347980 540.7
1347990 540.3
1348000 540.3
1348010 540.0
1348020 539.7
1348030 539.7
1348040 539.6
1348050 539.5
1348060 539.5
1348070 539.6
1348080 539.6
1348090 539.6
1348100 539.7
1348110 539.9
1348120 539.9
1348130 540.1
1348140 540.3
1348150 540.5
1348160 540.5
1348170 540.6
1348180 540.7
1348190 540.7
1348200 540.8
1348210 540.8
1348220 540.8
1348230 540.9
1348240 541.0
1348250 541.0
1348260 540.8
1348270 540.6
1348280 540.6
1348290 540.4
1348300 541.1
1348310 541.1
1348320 541.2
1348330 541.4
1348340 541.4
1348350 541.6
1348360 541.7
1348370 541.7
1348380 541.9
1348390 542.1
1348400 542.1
1348410 542.6
1348420 542.9
1348430 542.9
1348440 542.6
1348450 542.6
1348460 542.0
1348470 542.0
1348480 542.6
1348490 542.2
1348500 542.2
1348510 542.2
1348520 539.6
1348530 539.6
1348540 537.2
1348550 537.0
1348560 537.0
1348570 536.9
1348580 536.8
1348590 536.8
1348600 536.9
1348610 536.9
1348620 536.9
1348630 536.8
1348640 536.7
1348650 536.7
1348660 537.1
1348670 537.6
1348680 537.6
1348690 537.5
1348700 536.9
1348710 536.9
1348720 537.1
1348730 537.1
1348740 537.1
1348750 537.3
1348760 537.6
1348770 537.6
1348780 537.4
1348790 536.7
1348800 536.4
1348810 536.4
1348820 536.3
1348830 536.4
1348840 536.4
1348850 536.5
1348860 536.5
1348870 536.5
1348880 536.7
1348890 536.0
1348900 536.0
1348910 535.2
1348920 534.5
1348930 534.5
1348940 534.2
1348950 534.2
1348960 534.2
1348970 534.5
1348980 535.2
1348990 535.2
1349000 536.2
1349010 536.9
1349020 536.9
1349030 537.4
1349040 537.6
1349050 537.6
1349060 538.2
1349070 538.7
1349080 538.7
1349090 538.3
1349100 538.2
1349110 538.2
1349120 538.1
1349130 538.0
1349140 538.0
1349150 538.0
1349160 538.2
1349170 538.3
1349180 538.3
1349190 538.4
1349200 538.4
1349210 538.4
1349220 538.5
1349230 539.0
1349240 538.4
1349250 538.6
1349260 538.8
1349270 538.8
1349280 538.9
1349290 539.1
1349300 539.1
1349310 539.9
1349320 541.0
1349330 541.0
1349340 541.4
1349350 540.9
1349360 540.9
1349370 540.4
1349380 540.6
1349390 540.6
1349400 540.7
1349410 540.8
1349420 540.8
1349430 541.4
1349440 541.7
1349450 541.7
1349460 541.6
1349470 541.5
1349480 541.6
1349490 541.6
1349500 541.9
1349510 542.5
1349520 542.5
1349530 543.1
1349540 543.3
1349550 543.3
1349560 543.3
1349570 543.2
1349580 543.2
1349590 543.3
1349600 543.7
1349610 543.7
1349620 544.2
1349630 544.5
1349640 544.5
1349650 544.8
1349660 545.1
1349670 545.1
1349680 545.4
1349690 546.1
1349700 546.1
1349710 547.2
1349720 549.4
1349730 549.4
1349740 553.3
1349750 558.4
1349760 558.4
1349770 563.1
1349780 565.1
1349790 567.0
1349800 567.0
1349810 569.6
1349820 571.8
1349830 571.8
1349840 573.3
1349850 574.6
1349860 574.6
1349870 575.6
1349880 576.7
1349890 576.7
1349900 577.7
1349910 578.4
1349920 578.4
1349930 578.7
1349940 578.9
1349950 578.9
1349960 579.4
1349970 580.2
1349980 580.2
1349990 581.2
1350000 582.3
1350010 582.3
1350020 583.7
1350030 585.3
1350040 585.3
1350050 586.9
1350060 586.2
1350070 586.2
1350080 585.8
1350090 588.1
1350100 588.1
1350110 589.7
1350120 591.4
1350130 592.9
1350140 592.9
1350150 593.8
1350160 594.5
1350170 594.5
1350180 593.9
1350190 594.7
1350200 594.7
1350210 595.3
1350220 596.0
1350230 596.0
1350240 596.5
1350250 597.3
1350260 597.3
1350270 597.8
1350280 598.4
1350290 598.4
1350300 598.9
1350310 598.9
1350320 598.9
1350330 598.8
1350340 598.9
1350350 598.9
1350360 598.9
1350370 599.2
1350380 599.2
1350390 599.3
1350400 599.5
1350410 599.5
1350420 600.0
1350430 600.9
1350440 600.9
1350450 601.9
1350460 603.1
1350470 604.0
1350480 604.0
1350490 604.6
1350500 605.0
1350510 605.0
1350520 605.7
1350530 606.7
1350540 606.7
1350550 607.2
1350560 607.7
1350570 607.7
1350580 608.6
1350590 609.8
1350600 609.8
1350610 610.9
1350620 611.6
1350630 611.6
1350640 612.1
1350650 612.5
1350660 612.5
1350670 613.0
1350680 613.3
1350690 613.3
1350700 612.7
1350710 611.3
1350720 611.3
1350730 609.9
1350740 608.9
1350750 608.9
1350760 608.3
1350770 608.2
1350780 608.2
1350790 608.6
1350800 608.6
1350810 609.5
1350820 609.5
1350830 610.0
1350840 611.2
1350850 611.2
1350860 611.2
1350870 610.9
1350880 610.9
1350890 610.0
1350900 608.3
1350910 608.3
1350920 606.5
1350930 605.0
1350940 605.0
1350950 603.6
1350960 602.4
1350970 602.4
1350980 601.5
1350990 600.8
1351000 600.8
1351010 600.3
1351020 600.0
1351030 600.0
1351040 599.9
1351050 600.7
1351060 600.7
1351070 602.1
1351080 604.0
1351090 604.0
1351100 605.7
1351110 607.2
1351120 609.2
1351130 609.2
1351140 605.4
1351150 606.1
1351160 606.1
1351170 608.8
1351180 611.9
1351190 611.9
1351200 615.6
1351210 618.5
1351220 618.5
1351230 621.0
1351240 625.6
1351250 625.6
1351260 627.4
1351270 628.3
1351280 628.3
1351290 631.4
1351300 633.8
1351310 633.8
1351320 635.5
1351330 637.4
1351340 637.4
1351350 638.7
1351360 638.6
1351370 638.6
1351380 637.8
1351390 638.2
1351400 638.2
1351410 640.2
1351420 640.2
1351430 640.2
1351440 642.0
1351450 642.8
1351460 645.2
1351470 645.2
1351480 646.6
1351490 646.9
1351500 646.9
1351510 647.9
1351520 648.4
1351530 648.4
1351540 650.3
1351550 652.5
1351560 652.5
1351570 654.3
1351580 656.4
1351590 656.4
1351600 658.7
1351610 659.9
1351620 659.9
1351630 660.9
1351640 661.1
1351650 661.1
1351660 661.6
1351670 662.0
1351680 662.0
1351690 664.0
1351700 666.7
1351710 666.7
1351720 668.4
1351730 668.9
1351740 668.9
1351750 665.4
1351760 669.5
1351770 669.5
1351780 677.7
1351790 682.2
1351800 683.1
1351810 683.1
1351820 683.4
1351830 683.7
1351840 683.7
1351850 683.7
1351860 681.8
1351870 681.8
1351880 681.1
1351890 682.6
1351900 682.6
1351910 684.7
1351920 686.3
1351930 686.3
1351940 687.9
1351950 689.6
1351960 689.6
1351970 691.3
1351980 692.4
1351990 692.4
1352000 692.8
1352010 693.8
1352020 693.8
1352030 695.1
1352040 695.3
1352050 695.3
1352060 695.3
1352070 694.9
1352080 694.9
1352090 694.7
1352100 686.2
1352110 686.2
1352120 686.1
1352130 686.4
1352140 687.7
1352150 687.7
1352160 687.7
1352170 688.0
1352180 688.0
1352190 688.7
1352200 690.4
1352210 690.4
1352220 691.7
1352230 692.6
1352240 692.6
1352250 693.3
1352260 693.6
1352270 693.6
1352280 692.9
1352290 691.8
1352300 691.8
1352310 690.1
1352320 688.6
1352330 688.6
1352340 686.9
1352350 685.4
1352360 685.4
1352370 684.1
1352380 682.5
1352390 682.5
1352400 680.7
1352410 678.1
1352420 678.1
1352430 675.2
1352440 673.3
1352450 672.1
1352460 672.1
1352470 672.0
1352480 669.6
1352490 669.6
1352500 671.9
1352510 672.3
1352520 672.3
1352530 670.9
1352540 667.6
1352550 667.6
1352560 664.7
1352570 662.6
1352580 662.6
1352590 659.5
1352600 655.9
1352610 655.9
1352620 653.0
1352630 650.9
1352640 650.9
1352650 649.1
1352660 647.9
1352670 647.9
1352680 646.3
1352690 645.7
1352700 645.7
1352710 646.6
1352720 645.6
1352730 645.6
1352740 645.9
1352750 647.0
1352760 647.0
1352770 646.3
1352780 645.3
1352790 643.8
1352800 643.8
1352810 641.6
1352820 638.9
1352830 638.9
1352840 636.0
1352850 633.1
1352860 633.1
1352870 629.1
1352880 624.5
1352890 624.5
1352900 619.5
1352910 620.9
1352920 620.9
1352930 621.9
1352940 622.6
1352950 622.6
1352960 623.5
1352970 624.5
1352980 624.5
1352990 625.2
1353000 625.7
1353010 625.7
1353020 626.4
1353030 627.2
1353040 627.2
1353050 628.0
1353060 628.4
1353070 628.4
1353080 628.9
1353090 630.5
1353100 630.5
1353110 631.6
1353120 632.1
1353130 632.7
1353140 632.7
1353150 633.3
1353160 634.0
1353170 634.0
1353180 634.7
1353190 635.4
1353200 635.4
1353210 636.1
1353220 637.0
1353230 637.0
1353240 637.6
1353250 638.2
1353260 638.2
1353270 638.8
1353280 639.4
1353290 639.4
1353300 639.9
1353310 640.3
1353320 640.3
1353330 640.8
1353340 641.3
1353350 641.3
1353360 642.1
1353370 642.9
1353380 642.9
1353390 643.7
1353400 644.4
1353410 644.4
1353420 645.2
1353430 645.9
1353440 645.9
1353450 646.7
1353460 647.5
1353470 648.2
1353480 648.2
1353490 648.8
1353500 649.4
1353510 649.4
1353520 650.1
1353530 650.9
1353540 650.9
1353550 651.6
1353560 652.2
1353570 652.2
1353580 652.8
1353590 653.6
1353600 653.6
1353610 654.5
1353620 655.4
1353630 655.4
1353640 656.5
1353650 657.5
1353660 657.5
1353670 658.5
1353680 659.3
1353690 659.3
1353700 659.9
1353710 660.2
1353720 660.2
1353730 660.6
1353740 661.2
1353750 661.2
1353760 661.9
1353770 662.5
1353780 663.0
1353790 663.0
1353800 663.3
1353810 663.6
1353820 663.6
1353830 664.0
1353840 665.0
1353850 665.0
1353860 665.5
1353870 665.8
1353880 665.8
1353890 666.3
1353900 666.9
1353910 666.9
1353920 667.7
1353930 668.7
1353940 668.7
1353950 669.6
1353960 670.7
1353970 670.7
1353980 671.6
1353990 672.5
1354000 672.5
1354010 673.4
1354020 674.4
1354030 674.4
1354040 676.4
1354050 677.4
1354060 677.4
1354070 678.6
1354080 679.9
1354090 679.9
1354100 681.3
1354110 682.7
1354120 684.2
1354130 684.2
1354140 686.3
1354150 688.4
1354160 688.4
1354170 689.3
1354180 690.5
1354190 690.5
1354200 691.9
1354210 693.3
1354220 693.3
1354230 694.8
1354240 696.4
1354250 696.4
1354260 698.2
1354270 700.4
1354280 700.4
1354290 702.4
1354300 704.0
1354310 704.0
1354320 705.9
1354330 707.9
1354340 707.9
1354350 709.5
1354360 710.7
1354370 710.7
1354380 712.0
1354390 713.3
1354400 713.3
1354410 715.2
1354420 716.6
1354430 716.6
1354440 718.9
1354450 722.2
1354460 726.8
1354470 726.8
1354480 732.3
1354490 738.4
1354500 738.4
1354510 745.0
1354520 751.9
1354530 751.9
1354540 759.8
1354550 767.4
1354560 767.4
1354570 774.9
1354580 782.7
1354590 782.7
1354600 791.6
1354610 802.2
1354620 802.2
1354630 813.1
1354640 824.1
1354650 824.1
1354660 839.6
1354670 849.3
1354680 849.3
1354690 852.5
1354700 855.0
1354710 855.0
1354720 857.6
1354730 861.9
1354740 861.9
1354750 867.6
1354760 874.0
1354770 879.5
1354780 879.5
1354790 883.8
1354800 890.7
1354810 890.7
1354820 897.8
1354830 904.3
1354840 904.3
1354850 910.1
1354860 916.4
1354870 916.4
1354880 922.6
1354890 928.5
1354900 928.5
1354910 934.3
1354920 940.6
1354930 940.6
1354940 947.0
1354950 953.3
1354960 953.3
1354970 958.6
1354980 963.1
1354990 963.1
1355000 967.2
1355010 971.1
1355020 966.9
1355030 969.6
1355040 973.3
1355050 973.3
1355060 978.9
1355070 984.5
1355080 984.5
1355090 990.2
1355100 995.2
1355110 999.4
1355120 999.4
1355130 1003.4
1355140 1008.1
1355150 1008.1
1355160 1013.5
1355170 1016.9
1355180 1016.9
1355190 1016.9
1355200 1018.9
1355210 1018.9
1355220 1024.7
1355230 1032.1
1355240 1032.1
1355250 1040.2
1355260 1048.4
1355270 1048.4
1355280 1055.3
1355290 1062.6
1355300 1062.6
1355310 1071.0
1355320 1077.8
1355330 1077.8
1355340 1085.5
1355350 1092.5
1355360 1092.5
1355370 1099.9
1355380 1108.4
1355390 1108.4
1355400 1113.4
1355410 1118.7
1355420 1118.7
1355430 1124.5
1355440 1130.1
1355450 1135.4
1355460 1135.4
1355470 1140.7
1355480 1145.5
1355490 1145.5
1355500 1151.4
1355510 1157.4
1355520 1157.4
1355530 1163.0
1355540 1167.4
1355550 1167.4
1355560 1170.7
1355570 1174.1
1355580 1174.1
1355590 1176.6
1355600 1177.9
1355610 1177.9
1355620 1178.4
1355630 1178.6
1355640 1178.6
1355650 1178.5
1355660 1177.9
1355670 1177.9
1355680 1176.8
1355690 1175.5
1355700 1175.5
1355710 1174.3
1355720 1172.7
1355730 1172.7
1355740 1170.9
1355750 1169.1
1355760 1169.1
1355770 1166.8
1355780 1164.6
1355790 1162.0
1355800 1162.0
1355810 1158.7
1355820 1157.1
1355830 1157.1
1355840 1155.5
1355850 1154.1
1355860 1154.1
1355870 1153.2
1355880 1151.7
1355890 1151.7
1355900 1150.3
1355910 1148.5
1355920 1148.5
1355930 1146.1
1355940 1142.9
1355950 1142.9
1355960 1138.4
1355970 1134.9
1355980 1134.9
1355990 1132.1
1356000 1129.1
1356010 1133.7
1356020 1130.1
1356030 1126.7
1356040 1126.7
1356050 1123.7
1356060 1121.4
1356070 1121.4
1356080 1119.5
1356090 1116.8
1356100 1114.8
1356110 1114.8
1356120 1112.5
1356130 1110.2
1356140 1110.2
1356150 1108.1
1356160 1107.6
1356170 1107.6
1356180 1105.0
1356190 1100.3
1356200 1100.3
1356210 1095.1
1356220 1090.8
1356230 1090.8
1356240 1088.1
1356250 1085.0
1356260 1085.0
1356270 1085.0
1356280 1084.8
1356290 1084.8
1356300 1083.1
1356310 1081.1
1356320 1081.1
1356330 1077.1
1356340 1072.0
1356350 1072.0
1356360 1067.5
1356370 1063.3
1356380 1063.3
1356390 1059.0
1356400 1054.7
1356410 1054.7
1356420 1051.5
1356430 1048.7
1356440 1045.7
1356450 1045.7
1356460 1042.3
1356470 1037.8
1356480 1037.8
1356490 1032.7
1356500 1029.6
1356510 1029.6
1356520 1028.9
1356530 1025.7
1356540 1025.7
1356550 1019.6
1356560 1014.8
1356570 1014.8
1356580 1014.1
1356590 1012.8
1356600 1012.8
1356610 1006.7
1356620 1000.9
1356630 1000.9
1356640 998.1
1356650 997.9
1356660 997.9
1356670 997.8
1356680 997.1
1356690 997.1
1356700 996.2
1356710 1001.2
1356720 1001.2
1356730 1009.8
1356740 1017.8
1356750 1017.8
1356760 1024.4
1356770 1030.0
1356780 1035.2
1356790 1035.2
1356800 1041.0
1356810 1047.0
1356820 1047.0
1356830 1052.9
1356840 1059.2
1356850 1059.2
1356860 1065.4
1356870 1070.2
1356880 1070.2
1356890 1076.1
1356900 1082.2
1356910 1082.2
1356920 1086.5
1356930 1093.9
1356940 1093.9
1356950 1101.9
1356960 1112.6
1356970 1112.6
1356980 1122.7
1356990 1129.4
1357000 1129.4
1357010 1134.8
1357020 1141.5
1357030 1141.5
1357040 1148.4
1357050 1155.2
1357060 1155.2
1357070 1163.0
1357080 1170.5
1357090 1177.2
1357100 1177.2
1357110 1183.4
1357120 1187.2
1357130 1187.2
1357140 1192.8
1357150 1198.0
1357160 1198.0
1357170 1202.4
1357180 1206.8
1357190 1206.8
1357200 1211.3
1357210 1216.4
1357220 1216.4
1357230 1221.7
1357240 1225.0
1357250 1225.0
1357260 1226.7
1357270 1228.1
1357280 1228.1
1357290 1228.7
1357300 1230.7
1357310 1230.7
1357320 1233.6
1357330 1235.4
1357340 1235.4
1357350 1236.3
1357360 1236.6
1357370 1236.6
1357380 1236.0
1357390 1234.8
1357400 1234.8
1357410 1232.8
1357420 1231.9
1357430 1231.6
1357440 1231.6
1357450 1231.3
1357460 1230.2
1357470 1230.2
1357480 1228.1
1357490 1224.9
1357500 1224.9
1357510 1221.2
1357520 1217.7
1357530 1217.7
1357540 1212.9
1357550 1207.9
1357560 1207.9
1357570 1203.1
1357580 1197.2
1357590 1197.2
1357600 1189.4
1357610 1177.8
1357620 1177.8
1357630 1165.0
1357640 1161.9
1357650 1161.9
1357660 1164.4
1357670 1161.1
1357680 1161.1
1357690 1155.2
1357700 1150.5
1357710 1150.5
1357720 1147.6
1357730 1143.9
1357740 1143.9
1357750 1139.8
1357760 1136.9
1357770 1132.6
1357780 1132.6
1357790 1128.9
1357800 1125.1
1357810 1125.1
1357820 1122.2
1357830 1120.0
1357840 1120.0
1357850 1118.7
1357860 1117.4
1357870 1117.4
1357880 1115.7
1357890 1114.3
1357900 1114.3
1357910 1112.5
1357920 1110.3
1357930 1110.3
1357940 1108.2
1357950 1106.1
1357960 1106.1
1357970 1103.5
1357980 1100.4
1357990 1100.4
1358000 1097.3
1358010 1094.8
1358020 1094.8
1358030 1091.3
1358040 1088.0
1358050 1088.0
1358060 1084.3
1358070 1080.5
1358080 1076.9
1358090 1076.9
1358100 1073.6
1358110 1070.6
1358120 1070.6
1358130 1066.9
1358140 1062.2
1358150 1062.2
1358160 1057.8
1358170 1052.9
1358180 1052.9
1358190 1047.8
1358200 1044.1
1358210 1044.1
1358220 1040.3
1358230 1036.8
1358240 1036.8
1358250 1034.4
1358260 1031.0
1358270 1031.0
1358280 1027.8
1358290 1025.2
1358300 1025.2
1358310 1021.8
1358320 1016.6
1358330 1016.6
1358340 1012.2
1358350 1009.1
1358360 1009.1
1358370 1004.7
1358380 1000.6
1358390 1000.6
1358400 997.2
1358410 991.9
1358420 987.6
1358430 987.6
1358440 985.0
1358450 980.9
1358460 980.9
1358470 977.5
1358480 973.0
1358490 973.0
1358500 969.5
1358510 964.7
1358520 964.7
1358530 957.3
1358540 950.3
1358550 950.3
1358560 945.5
1358570 939.8
1358580 939.8
1358590 934.5
1358600 928.8
1358610 928.8
1358620 922.3
1358630 917.9
1358640 917.9
1358650 914.5
1358660 912.8
1358670 912.8
1358680 914.2
1358690 912.6
1358700 912.6
1358710 910.4
1358720 908.7
1358730 908.7
1358740 905.6
1358750 901.3
1358760 900.8
1358770 900.8
1358780 901.4
1358790 902.8
1358800 902.8
1358810 903.7
1358820 902.5
1358830 902.5
1358840 899.9
1358850 897.4
1358860 897.4
1358870 896.0
1358880 894.2
1358890 894.2
1358900 887.8
1358910 881.8
1358920 881.8
1358930 877.7
1358940 875.7
1358950 875.7
1358960 871.9
1358970 873.7
1358980 873.7
1358990 876.2
1359000 877.6
1359010 877.6
1359020 875.9
1359030 876.1
1359040 876.1
1359050 875.2
1359060 874.7
1359070 874.1
1359080 874.1
1359090 875.0
1359100 876.5
1359110 876.5
1359120 875.5
1359130 871.8
1359140 871.8
1359150 870.1
1359160 872.3
1359170 872.3
1359180 878.4
1359190 882.1
1359200 882.1
1359210 886.0
1359220 891.2
1359230 891.2
1359240 897.7
1359250 903.0
1359260 903.0
1359270 906.5
1359280 909.3
1359290 909.3
1359300 914.6
1359310 924.2
1359320 924.2
1359330 932.6
1359340 940.3
1359350 940.3
1359360 945.0
1359370 946.5
1359380 946.5
1359390 945.9
1359400 950.6
1359410 958.8
1359420 958.8
1359430 966.0
1359440 972.2
1359450 972.2
1359460 978.2
1359470 985.3
1359480 985.3
1359490 989.4
1359500 992.4
1359510 992.4
1359520 996.2
1359530 998.7
1359540 998.7
1359550 1001.9
1359560 1006.4
1359570 1006.4
1359580 1010.5
1359590 1012.7
1359600 1012.7
1359610 1014.1
1359620 1016.3
1359630 1016.3
1359640 1019.9
1359650 1024.5
1359660 1024.5
1359670 1025.5
1359680 1025.2
1359690 1025.2
1359700 1025.3
1359710 1026.1
1359720 1026.1
1359730 1027.6
1359740 1029.7
1359750 1031.6
1359760 1031.6
1359770 1033.1
1359780 1034.0
1359790 1034.0
1359800 1035.0
1359810 1037.1
1359820 1037.1
1359830 1040.6
1359840 1045.5
1359850 1045.5
1359860 1049.3
1359870 1050.0
1359880 1050.0
1359890 1049.5
1359900 1048.8
1359910 1048.8
1359920 1051.8
1359930 1054.3
1359940 1054.3
1359950 1056.2
1359960 1058.6
1359970 1058.6
1359980 1060.3
1359990 1060.6
