1340000 560.4
1340010 560.4
1340020 564.3
1340030 567.8
1340040 567.8
1340050 571.0
1340060 572.7
1340070 572.7
1340080 572.5
1340090 572.2
1340100 572.1
1340110 572.1
1340120 571.6
1340130 570.5
1340140 570.5
1340150 569.2
1340160 568.0
1340170 568.0
1340180 566.6
1340190 565.6
1340200 565.6
1340210 565.0
1340220 565.0
1340230 565.0
1340240 565.3
1340250 565.4
1340260 565.4
1340270 564.4
1340280 562.1
1340290 562.1
1340300 559.8
1340310 558.0
1340320 558.0
1340330 555.7
1340340 553.3
1340350 553.3
1340360 551.5
1340370 550.1
1340380 550.1
1340390 549.2
1340400 548.6
1340410 548.6
1340420 548.4
1340430 549.0
1340440 550.4
1340450 550.4
1340460 551.0
1340470 549.4
1340480 549.4
1340490 547.8
1340500 546.2
1340510 546.2
1340520 544.2
1340530 542.4
1340540 542.4
1340550 540.7
1340560 539.1
1340570 536.5
1340580 535.2
1340590 534.2
1340600 534.2
1340610 533.1
1340620 532.2
1340630 532.2
1340640 530.3
1340650 526.8
1340660 526.8
1340670 523.3
1340680 520.7
1340690 520.7
1340700 519.2
1340710 518.1
1340720 518.1
1340730 516.7
1340740 514.0
1340750 514.0
1340760 512.5
1340770 512.9
1340780 511.6
1340790 511.6
1340800 511.8
1340810 506.1
1340820 506.1
1340830 500.3
1340840 498.4
1340850 498.4
1340860 498.3
1340870 498.2
1340880 498.2
1340890 498.2
1340900 498.3
1340910 498.3
1340920 498.3
1340930 498.2
1340940 498.2
1340950 498.2
1340960 498.2
1340970 498.2
1340980 498.2
1340990 498.2
1341000 498.2
1341010 498.1
1341020 498.1
1341030 498.1
1341040 498.1
1341050 498.1
1341060 498.1
1341070 498.1
1341080 498.1
1341090 498.1
1341100 498.1
1341110 498.1
1341120 498.0
1341130 498.0
1341140 498.0
1341150 498.0
1341160 498.0
1341170 498.0
1341180 498.0
1341190 498.0
1341200 498.4
1341210 499.9
1341220 499.9
1341230 501.5
1341240 502.1
1341250 502.1
1341260 502.5
1341270 503.8
1341280 503.8
1341290 505.4
1341300 506.1
1341310 506.1
1341320 506.3
1341330 506.3
1341340 506.3
1341350 506.3
1341360 506.3
1341370 506.3
1341380 505.6
1341390 503.4
1341400 503.4
1341410 501.1
1341420 500.0
1341430 499.8
1341440 499.8
1341450 499.7
1341460 499.3
1341470 499.3
1341480 499.3
1341490 499.4
1341500 499.4
1341510 499.6
1341520 499.9
1341530 499.9
1341540 500.4
1341550 499.5
1341560 499.5
1341570 498.5
1341580 499.5
1341590 499.5
1341600 499.6
1341610 499.6
1341620 499.6
1341630 499.6
1341640 499.7
1341650 499.7
1341660 499.7
1341670 499.7
1341680 499.7
1341690 499.7
1341700 499.8
1341710 499.8
1341720 499.9
1341730 499.7
1341740 499.7
1341750 499.5
1341760 499.3
1341770 499.2
1341780 499.2
1341790 499.2
1341800 499.1
1341810 499.1
1341820 499.1
1341830 499.1
1341840 499.1
1341850 499.0
1341860 499.0
1341870 499.0
1341880 499.0
1341890 499.0
1341900 499.0
1341910 499.0
1341920 499.1
1341930 499.1
1341940 500.1
1341950 502.5
1341960 502.5
1341970 503.9
1341980 504.2
1341990 504.2
1342000 504.1
1342010 504.1
1342020 504.1
1342030 504.0
1342040 503.7
1342050 503.7
1342060 503.1
1342070 503.5
1342080 503.5
1342090 502.9
1342100 500.2
1342110 499.7
1342120 499.7
1342130 499.9
1342140 500.2
1342150 500.2
1342160 500.8
1342170 500.9
1342180 500.9
1342190 500.5
1342200 500.1
1342210 500.1
1342220 500.2
1342230 500.3
1342240 500.3
1342250 500.5
1342260 500.8
1342270 500.8
1342280 501.3
1342290 501.5
1342300 501.5
1342310 501.7
1342320 502.0
1342330 502.0
1342340 502.2
1342350 502.5
1342360 502.5
1342370 502.7
1342380 503.0
1342390 503.0
1342400 503.1
1342410 503.3
1342420 503.3
1342430 503.8
1342440 504.5
1342450 504.8
1342460 504.8
1342470 504.8
1342480 504.6
1342490 504.6
1342500 503.6
1342510 504.7
1342520 504.7
1342530 505.6
1342540 505.6
1342550 505.6
1342560 505.0
1342570 505.1
1342580 505.1
1342590 505.2
1342600 504.8
1342610 504.8
1342620 504.6
1342630 504.7
1342640 504.7
1342650 504.9
1342660 505.0
1342670 505.0
1342680 505.1
1342690 505.2
1342700 505.2
1342710 505.3
1342720 505.4
1342730 505.4
1342740 505.4
1342750 505.6
1342760 505.8
1342770 505.8
1342780 506.0
1342790 506.2
1342800 506.2
1342810 506.5
1342820 506.9
1342830 506.9
1342840 507.2
1342850 507.4
1342860 507.4
1342870 507.3
1342880 507.2
1342890 507.2
1342900 507.4
1342910 507.6
1342920 507.6
1342930 507.7
1342940 507.7
1342950 507.7
1342960 507.9
1342970 508.1
1342980 508.1
1342990 508.3
1343000 508.3
1343010 508.3
1343020 508.2
1343030 508.2
1343040 508.2
1343050 508.4
1343060 508.4
1343070 508.4
1343080 508.4
1343090 508.5
1343100 508.6
1343110 508.6
1343120 508.8
1343130 508.9
1343140 508.9
1343150 509.0
1343160 509.1
1343170 509.1
1343180 509.1
1343190 509.1
1343200 509.1
1343210 509.1
1343220 509.3
1343230 509.3
1343240 509.3
1343250 509.4
1343260 509.4
1343270 509.4
1343280 509.3
1343290 509.3
1343300 509.3
1343310 509.4
1343320 509.4
1343330 509.5
1343340 509.6
1343350 509.6
1343360 509.6
1343370 509.7
1343380 509.7
1343390 509.7
1343400 509.9
1343410 509.9
1343420 510.1
1343430 510.4
1343440 510.3
1343450 510.3
1343460 510.1
1343470 510.1
1343480 510.1
1343490 510.3
1343500 510.5
1343510 510.5
1343520 510.9
1343530 511.3
1343540 511.3
1343550 511.6
1343560 511.8
1343570 511.8
1343580 512.0
1343590 512.1
1343600 512.1
1343610 512.2
1343620 512.2
1343630 512.2
1343640 512.2
1343650 512.2
1343660 512.2
1343670 512.3
1343680 512.2
1343690 512.2
1343700 512.2
1343710 512.1
1343720 512.1
1343730 512.2
1343740 512.2
1343750 512.2
1343760 512.2
1343770 512.3
1343780 512.1
1343790 512.1
1343800 511.9
1343810 512.0
1343820 512.0
1343830 512.2
1343840 512.3
1343850 512.3
1343860 512.5
1343870 512.4
1343880 512.4
1343890 512.4
1343900 512.4
1343910 512.4
1343920 512.4
1343930 512.5
1343940 512.5
1343950 512.4
1343960 512.5
1343970 512.5
1343980 512.8
1343990 512.9
1344000 512.9
1344010 512.8
1344020 512.8
1344030 512.8
1344040 512.9
1344050 513.3
1344060 513.3
1344070 513.4
1344080 513.3
1344090 513.4
1344100 513.4
1344110 513.4
1344120 513.5
1344130 513.5
1344140 513.7
1344150 514.0
1344160 514.0
1344170 514.3
1344180 514.3
1344190 514.3
1344200 514.3
1344210 514.4
1344220 514.4
1344230 514.5
1344240 514.5
1344250 514.5
1344260 514.6
1344270 514.6
1344280 514.6
1344290 514.5
1344300 514.5
1344310 514.5
1344320 514.7
1344330 514.9
1344340 514.9
1344350 515.3
1344360 516.1
1344370 516.1
1344380 516.5
1344390 516.3
1344400 516.3
1344410 516.4
1344420 516.5
1344430 516.3
1344440 516.3
1344450 516.5
1344460 516.7
1344470 516.7
1344480 516.7
1344490 516.8
1344500 516.8
1344510 516.9
1344520 516.9
1344530 516.9
1344540 517.0
1344550 517.1
1344560 517.1
1344570 517.4
1344580 517.5
1344590 517.5
1344600 517.6
1344610 517.6
1344620 517.6
1344630 518.3
1344640 518.8
1344650 518.8
1344660 518.5
1344670 518.3
1344680 518.3
1344690 518.3
1344700 518.6
1344710 518.6
1344720 518.6
1344730 518.6
1344740 518.6
1344750 518.8
1344760 518.9
1344770 519.2
1344780 519.2
1344790 520.2
1344800 520.4
1344810 520.4
1344820 520.5
1344830 520.4
1344840 520.4
1344850 520.5
1344860 520.8
1344870 520.8
1344880 520.5
1344890 520.6
1344900 520.6
1344910 520.4
1344920 520.4
1344930 520.4
1344940 520.4
1344950 520.6
1344960 520.6
1344970 521.0
1344980 521.1
1344990 521.1
1345000 521.1
1345010 521.2
1345020 521.2
1345030 520.8
1345040 520.7
1345050 520.7
1345060 520.8
1345070 520.9
1345080 520.9
1345090 521.0
1345100 521.3
1345110 521.6
1345120 521.6
1345130 521.7
1345140 521.8
1345150 521.8
1345160 522.0
1345170 522.1
1345180 522.1
1345190 522.1
1345200 522.3
1345210 522.3
1345220 522.4
1345230 522.6
1345240 522.6
1345250 522.6
1345260 522.5
1345270 522.5
1345280 522.5
1345290 522.7
1345300 522.7
1345310 522.4
1345320 523.0
1345330 523.0
1345340 523.2
1345350 523.3
1345360 523.3
1345370 523.3
1345380 523.4
1345390 523.4
1345400 523.6
1345410 523.8
1345420 523.8
1345430 523.9
1345440 524.2
1345450 524.3
1345460 524.3
1345470 524.2
1345480 524.0
1345490 524.0
1345500 524.0
1345510 524.1
1345520 524.1
1345530 524.7
1345540 524.7
1345550 524.7
1345560 524.6
1345570 523.7
1345580 523.7
1345590 523.5
1345600 523.5
1345610 523.5
1345620 523.5
1345630 524.2
1345640 524.2
1345650 524.9
1345660 523.5
1345670 523.5
1345680 521.5
1345690 521.3
1345700 521.3
1345710 521.2
1345720 521.2
1345730 521.2
1345740 521.1
1345750 521.1
1345760 521.2
1345770 521.2
1345780 521.2
1345790 521.2
1345800 521.2
1345810 521.3
1345820 521.3
1345830 521.3
1345840 521.4
1345850 521.5
1345860 521.5
1345870 521.7
1345880 521.8
1345890 521.8
1345900 521.9
1345910 522.1
1345920 522.1
1345930 522.3
1345940 522.7
1345950 522.7
1345960 523.1
1345970 522.8
1345980 522.8
1345990 522.8
1346000 523.6
1346010 523.6
1346020 523.6
1346030 523.5
1346040 523.5
1346050 523.5
1346060 523.4
1346070 523.4
1346080 523.4
1346090 523.6
1346100 523.9
1346110 523.9
1346120 524.2
1346130 524.0
1346140 524.0
1346150 523.8
1346160 523.9
1346170 523.9
1346180 523.9
1346190 524.1
1346200 524.1
1346210 524.1
1346220 524.2
1346230 524.2
1346240 524.4
1346250 524.6
1346260 524.6
1346270 524.9
1346280 525.4
1346290 525.4
1346300 525.4
1346310 525.4
1346320 525.4
1346330 525.4
1346340 525.4
1346350 525.4
1346360 525.5
1346370 525.7
1346380 525.7
1346390 525.8
1346400 525.9
1346410 525.9
1346420 526.0
1346430 526.0
1346440 526.1
1346450 526.1
1346460 526.2
1346470 526.2
1346480 526.2
1346490 526.2
1346500 526.2
1346510 526.2
1346520 526.3
1346530 526.3
1346540 526.3
1346550 526.3
1346560 526.3
1346570 526.3
1346580 526.4
1346590 526.5
1346600 526.5
1346610 526.5
1346620 526.6
1346630 526.6
1346640 526.5
1346650 526.6
1346660 526.6
1346670 526.6
1346680 526.6
1346690 526.6
1346700 526.7
1346710 526.7
1346720 526.7
1346730 526.8
1346740 527.0
1346750 527.0
1346760 527.2
1346770 527.3
1346780 527.5
1346790 527.5
1346800 527.8
1346810 527.9
1346820 527.9
1346830 528.1
1346840 528.4
1346850 528.4
1346860 528.6
1346870 528.6
1346880 528.6
1346890 528.6
1346900 528.7
1346910 528.7
1346920 528.8
1346930 528.9
1346940 528.9
1346950 528.8
1346960 528.7
1346970 528.7
1346980 528.7
1346990 528.4
1347000 528.4
1347010 528.4
1347020 528.3
1347030 528.3
1347040 528.1
1347050 527.9
1347060 527.9
1347070 527.9
1347080 527.8
1347090 527.8
1347100 527.9
1347110 528.0
1347120 528.1
1347130 528.1
1347140 528.2
1347150 528.3
1347160 528.3
1347170 528.5
1347180 528.8
1347190 528.8
1347200 529.3
1347210 530.1
1347220 530.1
1347230 531.6
1347240 533.5
1347250 533.5
1347260 534.2
1347270 533.0
1347280 533.0
1347290 532.6
1347300 532.4
1347310 532.4
1347320 532.4
1347330 532.4
1347340 532.4
1347350 532.2
1347360 532.1
1347370 532.1
1347380 532.0
1347390 532.0
1347400 532.0
1347410 532.3
1347420 532.7
1347430 532.8
1347440 532.8
1347450 532.9
1347460 532.8
1347470 532.8
1347480 532.6
1347490 532.0
1347500 532.0
1347510 530.9
1347520 530.3
1347530 530.3
1347540 530.5
1347550 530.6
1347560 530.6
1347570 530.3
1347580 530.0
1347590 530.0
1347600 527.8
1347610 526.4
1347620 526.4
1347630 526.7
1347640 528.8
1347650 528.8
1347660 530.2
1347670 530.6
1347680 530.6
1347690 530.8
1347700 530.8
1347710 530.8
1347720 530.8
1347730 530.9
1347740 530.9
1347750 531.0
1347760 531.0
1347770 530.8
1347780 530.8
1347790 531.1
1347800 531.3
1347810 531.3
1347820 530.9
1347830 530.4
1347840 530.4
1347850 530.4
1347860 530.9
1347870 530.9
1347880 531.3
1347890 531.5
1347900 531.5
1347910 531.2
1347920 531.0
1347930 531.0
1347940 531.2
1347950 531.5
1347960 531.5
1347970 531.6
1347980 531.6
1347990 531.6
1348000 531.5
1348010 531.5
1348020 531.5
1348030 531.6
1348040 531.6
1348050 531.6
1348060 531.7
1348070 531.7
1348080 531.7
1348090 531.7
1348100 531.8
1348110 531.9
1348120 531.9
1348130 531.8
1348140 531.8
1348150 531.8
1348160 532.0
1348170 532.1
1348180 532.1
1348190 532.1
1348200 532.2
1348210 532.2
1348220 532.3
1348230 532.5
1348240 532.5
1348250 532.6
1348260 532.7
1348270 532.7
1348280 532.8
1348290 532.8
1348300 532.8
1348310 532.8
1348320 532.9
1348330 532.9
1348340 533.1
1348350 533.3
1348360 533.3
1348370 533.5
1348380 533.7
1348390 533.7
1348400 534.0
1348410 534.1
1348420 534.1
1348430 534.3
1348440 534.6
1348450 534.8
1348460 534.8
1348470 534.9
1348480 535.0
1348490 535.0
1348500 535.0
1348510 535.1
1348520 535.1
1348530 535.3
1348540 535.2
1348550 535.2
1348560 535.2
1348570 535.2
1348580 535.2
1348590 535.4
1348600 535.7
1348610 535.7
1348620 535.9
1348630 536.1
1348640 536.1
1348650 536.2
1348660 536.3
1348670 536.3
1348680 536.5
1348690 536.7
1348700 536.7
1348710 536.9
1348720 537.2
1348730 537.2
1348740 537.9
1348750 539.1
1348760 540.6
1348770 540.6
1348780 542.1
1348790 540.3
1348800 540.3
1348810 541.8
1348820 543.5
1348830 543.5
1348840 543.9
1348850 545.5
1348860 545.5
1348870 548.4
1348880 550.3
1348890 550.3
1348900 552.7
1348910 556.1
1348920 556.1
1348930 558.6
1348940 561.9
1348950 561.9
1348960 565.6
1348970 569.1
1348980 569.1
1348990 573.0
1349000 577.6
1349010 577.6
1349020 583.6
1349030 589.5
1349040 589.5
1349050 595.9
1349060 602.9
1349070 602.9
1349080 607.9
1349090 611.7
1349100 616.4
1349110 616.4
1349120 620.1
1349130 619.9
1349140 619.9
1349150 617.9
1349160 615.7
1349170 615.7
1349180 614.6
1349190 615.0
1349200 615.0
1349210 616.0
1349220 619.2
1349230 619.2
1349240 625.4
1349250 629.8
1349260 629.8
1349270 633.6
1349280 637.4
1349290 637.4
1349300 641.9
1349310 646.8
1349320 646.8
1349330 645.7
1349340 643.8
1349350 643.8
1349360 646.8
1349370 653.4
1349380 653.4
1349390 658.1
1349400 662.5
1349410 662.5
1349420 669.5
1349430 678.1
1349440 686.3
1349450 686.3
1349460 691.9
1349470 696.4
1349480 696.4
1349490 700.5
1349500 704.4
1349510 704.4
1349520 708.3
1349530 710.8
1349540 710.8
1349550 711.4
1349560 715.9
1349570 715.9
1349580 721.8
1349590 724.5
1349600 724.5
1349610 726.6
1349620 728.3
1349630 728.3
1349640 729.0
1349650 726.1
1349660 726.1
1349670 720.1
1349680 713.8
1349690 713.8
1349700 707.3
1349710 704.0
1349720 704.0
1349730 705.1
1349740 710.1
1349750 710.1
1349760 716.2
1349770 722.8
1349780 727.9
1349790 727.9
1349800 731.6
1349810 729.8
1349820 729.8
1349830 730.7
1349840 735.4
1349850 735.4
1349860 739.9
1349870 743.6
1349880 743.6
1349890 746.8
1349900 748.8
1349910 748.8
1349920 750.0
1349930 750.7
1349940 750.7
1349950 751.6
1349960 752.3
1349970 752.3
1349980 752.9
1349990 753.8
1350000 753.8
1350010 754.7
1350020 753.9
1350030 753.9
1350040 752.4
1350050 751.9
1350060 751.9
1350070 747.7
1350080 740.4
1350090 740.4
1350100 732.3
1350110 734.4
1350120 737.3
1350130 737.3
1350140 734.9
1350150 732.0
1350160 732.0
1350170 731.0
1350180 725.1
1350190 725.1
1350200 715.5
1350210 705.2
1350220 705.2
1350230 696.8
1350240 700.2
1350250 700.2
1350260 712.9
1350270 723.2
1350280 723.2
1350290 731.4
1350300 737.3
1350310 737.3
1350320 742.6
1350330 748.5
1350340 748.5
1350350 753.8
1350360 758.3
1350370 758.3
1350380 762.5
1350390 766.3
1350400 766.3
1350410 769.3
1350420 768.9
1350430 768.9
1350440 766.1
1350450 764.7
1350460 763.5
1350470 763.5
1350480 760.2
1350490 759.5
1350500 759.5
1350510 763.7
1350520 768.8
1350530 768.8
1350540 772.9
1350550 775.6
1350560 775.6
1350570 777.8
1350580 780.0
1350590 780.0
1350600 781.4
1350610 780.4
1350620 780.4
1350630 777.6
1350640 779.2
1350650 779.2
1350660 780.0
1350670 777.8
1350680 774.0
1350690 776.1
1350700 781.0
1350710 781.0
1350720 783.6
1350730 783.8
1350740 783.8
1350750 784.8
1350760 787.7
1350770 790.2
1350780 790.2
1350790 791.4
1350800 792.3
1350810 792.3
1350820 793.6
1350830 794.9
1350840 794.9
1350850 795.4
1350860 795.2
1350870 795.2
1350880 795.0
1350890 795.2
1350900 795.2
1350910 795.9
1350920 794.5
1350930 794.5
1350940 788.2
1350950 779.8
1350960 779.8
1350970 779.0
1350980 786.9
1350990 786.9
1351000 794.3
1351010 799.7
1351020 799.7
1351030 803.5
1351040 804.9
1351050 804.9
1351060 806.4
1351070 807.9
1351080 807.9
1351090 809.5
1351100 810.1
1351110 806.6
1351120 806.6
1351130 801.5
1351140 806.9
1351150 806.9
1351160 813.0
1351170 817.1
1351180 817.1
1351190 820.7
1351200 823.5
1351210 823.5
1351220 825.7
1351230 825.6
1351240 825.6
1351250 817.4
1351260 806.9
1351270 806.9
1351280 803.3
1351290 808.3
1351300 808.3
1351310 816.5
1351320 825.5
1351330 825.5
1351340 835.6
1351350 844.9
1351360 844.9
1351370 849.7
1351380 852.5
1351390 852.5
1351400 855.9
1351410 859.4
1351420 859.4
1351430 862.3
1351440 865.2
1351450 868.3
1351460 868.3
1351470 871.6
1351480 875.3
1351490 875.3
1351500 878.7
1351510 881.4
1351520 881.4
1351530 884.7
1351540 888.9
1351550 888.9
1351560 893.6
1351570 897.3
1351580 897.3
1351590 900.7
1351600 903.6
1351610 903.6
1351620 906.5
1351630 909.7
1351640 905.5
1351650 907.0
1351660 907.9
1351670 907.9
1351680 908.0
1351690 907.9
1351700 907.9
1351710 908.1
1351720 908.5
1351730 908.5
1351740 908.7
1351750 909.5
1351760 909.5
1351770 908.8
1351780 906.6
1351790 907.6
1351800 907.6
1351810 909.0
1351820 912.1
1351830 912.1
1351840 913.5
1351850 914.0
1351860 914.0
1351870 915.7
1351880 917.9
1351890 917.9
1351900 919.6
1351910 920.2
1351920 920.2
1351930 920.0
1351940 919.5
1351950 919.5
1351960 919.0
1351970 918.4
1351980 918.4
1351990 917.9
1352000 917.5
1352010 917.5
1352020 917.3
1352030 916.9
1352040 916.9
1352050 916.2
1352060 915.3
1352070 915.3
1352080 914.2
1352090 913.3
1352100 913.3
1352110 912.9
1352120 911.6
1352130 909.7
1352140 909.7
1352150 906.6
1352160 902.9
1352170 902.9
1352180 898.6
1352190 893.4
1352200 893.4
1352210 889.0
1352220 884.6
1352230 884.6
1352240 879.7
1352250 874.3
1352260 874.3
1352270 869.3
1352280 864.0
1352290 864.0
1352300 858.8
1352310 853.8
1352320 853.8
1352330 848.7
1352340 843.1
1352350 843.1
1352360 837.8
1352370 832.4
1352380 832.4
1352390 828.2
1352400 823.2
1352410 823.2
1352420 819.2
1352430 815.5
1352440 812.2
1352450 812.2
1352460 808.8
1352470 805.5
1352480 805.5
1352490 802.9
1352500 800.5
1352510 800.5
1352520 798.4
1352530 796.3
1352540 796.3
1352550 794.5
1352560 792.9
1352570 792.9
1352580 791.5
1352590 790.2
1352600 789.8
1352610 788.3
1352620 786.4
1352630 786.4
1352640 783.8
1352650 780.5
1352660 780.5
1352670 777.3
1352680 774.1
1352690 774.1
1352700 770.5
1352710 766.8
1352720 766.8
1352730 762.8
1352740 759.0
1352750 759.0
1352760 756.3
1352770 753.0
1352780 748.8
1352790 748.8
1352800 745.2
1352810 740.8
1352820 740.8
1352830 737.5
1352840 734.7
1352850 734.7
1352860 731.8
1352870 728.9
1352880 728.9
1352890 726.0
1352900 723.1
1352910 723.1
1352920 720.5
1352930 718.1
1352940 718.1
1352950 715.6
1352960 712.2
1352970 712.2
1352980 708.4
1352990 704.5
1353000 704.5
1353010 701.3
1353020 700.1
1353030 700.1
1353040 699.1
1353050 696.3
1353060 696.3
1353070 692.7
1353080 688.9
1353090 688.9
1353100 685.2
1353110 682.1
1353120 679.0
1353130 679.0
1353140 676.7
1353150 675.8
1353160 675.8
1353170 674.7
1353180 673.4
1353190 673.4
1353200 672.1
1353210 671.0
1353220 671.0
1353230 669.6
1353240 668.3
1353250 668.3
1353260 667.8
1353270 666.6
1353280 666.6
1353290 665.6
1353300 664.5
1353310 664.5
1353320 663.4
1353330 662.4
1353340 662.4
1353350 661.5
1353360 661.0
1353370 661.0
1353380 660.4
1353390 660.2
1353400 660.2
1353410 659.7
1353420 658.8
1353430 658.8
1353440 658.2
1353450 657.4
1353460 656.6
1353470 656.6
1353480 656.0
1353490 655.5
1353500 655.5
1353510 655.2
1353520 654.8
1353530 654.8
1353540 654.1
1353550 651.9
1353560 651.9
1353570 650.2
1353580 652.9
1353590 652.9
1353600 656.4
1353610 657.9
1353620 657.9
1353630 659.2
1353640 660.4
1353650 660.4
1353660 660.5
1353670 660.3
1353680 660.3
1353690 660.8
1353700 660.5
1353710 660.5
1353720 658.8
1353730 657.4
1353740 657.4
1353750 656.9
1353760 658.3
1353770 659.5
1353780 659.5
1353790 661.1
1353800 663.2
1353810 663.2
1353820 665.2
1353830 667.0
1353840 667.0
1353850 668.7
1353860 670.1
1353870 670.1
1353880 671.1
1353890 671.7
1353900 671.7
1353910 671.5
1353920 670.4
1353930 670.4
1353940 669.2
1353950 668.0
1353960 668.0
1353970 666.2
1353980 664.1
1353990 664.1
1354000 661.9
1354010 660.0
1354020 660.0
1354030 658.6
1354040 655.0
1354050 655.0
1354060 652.4
1354070 651.8
1354080 651.8
1354090 652.2
1354100 652.5
1354110 652.8
1354120 652.8
1354130 652.9
1354140 652.9
1354150 652.9
1354160 653.1
1354170 653.9
1354180 653.9
1354190 656.4
1354200 660.3
1354210 660.3
1354220 663.0
1354230 662.7
1354240 662.7
1354250 661.8
1354260 662.9
1354270 662.9
1354280 665.1
1354290 668.6
1354300 668.6
1354310 672.3
1354320 675.0
1354330 675.0
1354340 676.5
1354350 677.5
1354360 677.5
1354370 679.1
1354380 681.7
1354390 681.7
1354400 683.3
1354410 685.5
1354420 685.5
1354430 688.0
1354440 690.2
1354450 692.9
1354460 692.9
1354470 696.2
1354480 698.7
1354490 698.7
1354500 699.7
1354510 701.1
1354520 701.1
1354530 704.4
1354540 708.2
1354550 710.8
1354560 716.9
1354570 724.4
1354580 724.4
1354590 731.0
1354600 737.8
1354610 737.8
1354620 744.5
1354630 751.8
1354640 751.8
1354650 758.9
1354660 765.1
1354670 765.1
1354680 771.3
1354690 777.7
1354700 777.7
1354710 783.9
1354720 790.6
1354730 790.6
1354740 796.7
1354750 801.3
1354760 801.3
1354770 806.1
1354780 810.4
1354790 814.3
1354800 814.3
1354810 818.6
1354820 824.8
1354830 824.8
1354840 832.0
1354850 838.6
1354860 838.6
1354870 845.2
1354880 851.7
1354890 851.7
1354900 857.7
1354910 863.6
1354920 863.6
1354930 869.6
1354940 874.6
1354950 874.6
1354960 879.4
1354970 883.9
1354980 883.9
1354990 888.2
1355000 893.4
1355010 893.4
1355020 898.5
1355030 904.9
1355040 904.9
1355050 911.1
1355060 916.9
1355070 916.9
1355080 923.0
1355090 929.3
1355100 935.5
1355110 935.5
1355120 942.7
1355130 949.8
1355140 949.8
1355150 957.3
1355160 965.6
1355170 965.6
1355180 973.9
1355190 983.3
1355200 983.3
1355210 997.2
1355220 1007.6
1355230 1007.6
1355240 1014.6
1355250 1020.2
1355260 1020.2
1355270 1023.1
1355280 1024.2
1355290 1024.2
1355300 1026.8
1355310 1030.0
1355320 1030.0
1355330 1032.3
1355340 1034.5
1355350 1034.5
1355360 1037.1
1355370 1041.3
1355380 1041.3
1355390 1042.8
1355400 1043.3
1355410 1043.3
1355420 1043.5
1355430 1043.9
1355440 1044.2
1355450 1044.2
1355460 1044.0
1355470 1043.2
1355480 1043.2
1355490 1042.0
1355500 1040.6
1355510 1040.6
1355520 1039.1
1355530 1037.3
1355540 1040.5
1355550 1038.0
1355560 1035.7
1355570 1035.7
1355580 1033.6
1355590 1031.3
1355600 1031.3
1355610 1029.5
1355620 1027.5
1355630 1027.5
1355640 1023.1
1355650 1019.4
1355660 1019.4
1355670 1017.6
1355680 1016.1
1355690 1016.1
1355700 1010.3
1355710 1003.7
1355720 1003.7
1355730 998.6
1355740 993.8
1355750 993.8
1355760 993.3
1355770 991.3
1355780 987.3
1355790 987.3
1355800 985.6
1355810 982.6
1355820 982.6
1355830 978.9
1355840 973.6
1355850 973.6
1355860 967.0
1355870 960.6
1355880 960.6
1355890 956.9
1355900 952.3
1355910 952.3
1355920 949.8
1355930 949.9
1355940 949.9
1355950 948.9
1355960 945.3
1355970 945.3
1355980 938.5
1355990 935.1
1356000 935.1
1356010 936.5
1356020 936.9
1356030 936.9
1356040 936.8
1356050 935.5
1356060 935.5
1356070 935.0
1356080 934.9
1356090 934.9
1356100 934.8
1356110 933.6
1356120 929.0
1356130 929.0
1356140 923.4
1356150 916.8
1356160 916.8
1356170 910.4
1356180 908.4
1356190 908.4
1356200 914.3
1356210 922.8
1356220 922.8
1356230 929.9
1356240 936.1
1356250 936.1
1356260 942.5
1356270 948.5
1356280 948.5
1356290 953.8
1356300 959.0
1356310 959.0
1356320 963.8
1356330 969.7
1356340 969.7
1356350 976.2
1356360 980.9
1356370 980.9
1356380 987.3
1356390 992.1
1356400 992.1
1356410 996.4
1356420 1000.1
1356430 1003.3
1356440 1003.3
1356450 1006.9
1356460 1010.6
1356470 1010.6
1356480 1013.9
1356490 1016.9
1356500 1016.9
1356510 1020.1
1356520 1022.9
1356530 1018.6
1356540 1021.0
1356550 1022.5
1356560 1022.5
1356570 1023.6
1356580 1024.8
1356590 1024.8
1356600 1025.9
1356610 1026.9
1356620 1026.9
1356630 1028.1
1356640 1029.6
1356650 1029.6
1356660 1032.8
1356670 1037.0
1356680 1037.0
1356690 1040.5
1356700 1043.2
1356710 1043.2
1356720 1045.2
1356730 1047.4
1356740 1047.4
1356750 1049.0
1356760 1051.0
1356770 1053.4
1356780 1053.4
1356790 1056.2
1356800 1059.1
1356810 1059.1
1356820 1061.6
1356830 1063.6
1356840 1063.6
1356850 1065.6
1356860 1068.2
1356870 1068.2
1356880 1071.6
1356890 1074.8
1356900 1074.8
1356910 1077.8
1356920 1080.6
1356930 1080.6
1356940 1082.7
1356950 1084.3
1356960 1084.3
1356970 1085.3
1356980 1085.1
1356990 1085.1
1357000 1082.7
1357010 1080.4
1357020 1080.4
1357030 1078.7
1357040 1078.0
1357050 1078.0
1357060 1079.2
1357070 1079.6
1357080 1079.6
1357090 1076.4
1357100 1072.5
1357110 1068.3
1357120 1068.3
1357130 1064.4
1357140 1060.8
1357150 1060.8
1357160 1057.6
1357170 1054.2
1357180 1054.2
1357190 1049.1
1357200 1043.8
1357210 1043.8
1357220 1039.3
1357230 1037.0
1357240 1037.0
1357250 1036.2
1357260 1034.9
1357270 1034.9
1357280 1034.7
1357290 1034.3
1357300 1034.3
1357310 1033.5
1357320 1031.3
1357330 1031.3
1357340 1028.9
1357350 1029.4
1357360 1029.4
1357370 1034.4
1357380 1038.9
1357390 1038.9
1357400 1038.0
1357410 1033.2
1357420 1033.2
1357430 1029.8
1357440 1025.8
1357450 1021.8
1357460 1021.8
1357470 1021.1
1357480 1020.7
1357490 1020.7
1357500 1018.9
1357510 1015.5
1357520 1015.5
1357530 1015.3
1357540 1010.6
1357550 1010.6
1357560 1005.0
1357570 997.3
1357580 997.3
1357590 990.8
1357600 983.9
1357610 983.9
1357620 976.9
1357630 973.0
1357640 973.0
1357650 970.2
1357660 967.5
1357670 967.5
1357680 962.6
1357690 960.7
1357700 960.7
1357710 958.8
1357720 956.5
1357730 956.5
1357740 953.7
1357750 950.6
1357760 947.6
1357770 947.6
1357780 944.2
1357790 940.5
1357800 940.5
1357810 938.3
1357820 933.1
1357830 933.1
1357840 927.6
1357850 924.3
1357860 924.3
1357870 924.6
1357880 924.2
1357890 924.2
1357900 921.6
1357910 919.8
1357920 919.8
1357930 920.2
1357940 921.8
1357950 921.8
1357960 923.7
1357970 925.8
1357980 925.8
1357990 926.9
1358000 927.1
1358010 927.1
1358020 927.3
1358030 927.7
1358040 927.7
1358050 924.6
1358060 918.4
1358070 918.4
1358080 914.8
1358090 911.2
1358100 907.7
1358110 907.7
1358120 906.7
1358130 900.7
1358140 900.7
1358150 894.2
1358160 893.8
1358170 893.8
1358180 894.6
1358190 892.6
1358200 892.6
1358210 891.7
1358220 893.0
1358230 893.0
1358240 895.0
1358250 892.2
1358260 892.2
1358270 886.7
1358280 879.9
1358290 879.9
1358300 875.5
1358310 875.1
1358320 875.1
1358330 876.2
1358340 877.6
1358350 877.6
1358360 877.3
1358370 876.1
1358380 876.1
1358390 872.1
1358400 863.8
1358410 863.8
1358420 856.0
1358430 849.8
1358440 841.1
1358450 841.1
1358460 831.0
1358470 820.7
1358480 820.7
1358490 810.1
1358500 814.0
1358510 814.0
1358520 817.4
1358530 822.6
1358540 820.8
1358550 826.0
1358560 832.0
1358570 832.0
1358580 838.8
1358590 846.9
1358600 846.9
1358610 855.8
1358620 862.5
1358630 862.5
1358640 866.6
1358650 869.8
1358660 869.8
1358670 873.0
1358680 876.4
1358690 876.4
1358700 879.8
1358710 883.3
1358720 883.3
1358730 886.6
1358740 889.8
1358750 889.8
1358760 892.9
1358770 895.5
1358780 894.6
1358790 894.6
1358800 891.1
1358810 889.7
1358820 889.7
1358830 894.4
1358840 904.6
1358850 904.6
1358860 912.2
1358870 916.5
1358880 916.5
1358890 919.6
1358900 923.2
1358910 923.2
1358920 926.5
1358930 929.7
1358940 929.7
1358950 933.8
1358960 936.4
1358970 936.4
1358980 939.2
1358990 942.7
1359000 942.7
1359010 946.6
1359020 951.7
1359030 951.7
1359040 957.6
1359050 961.9
1359060 961.9
1359070 966.0
1359080 970.2
1359090 974.3
1359100 974.3
1359110 977.7
1359120 983.1
1359130 983.1
1359140 988.5
1359150 992.6
1359160 992.6
1359170 995.8
1359180 998.7
1359190 998.7
1359200 1001.2
1359210 1002.8
1359220 1002.8
1359230 1003.6
1359240 1005.1
1359250 1005.1
1359260 1009.0
1359270 1016.1
1359280 1016.1
1359290 1023.9
1359300 1032.1
1359310 1032.1
1359320 1039.0
1359330 1043.9
1359340 1043.9
1359350 1049.3
1359360 1055.4
1359370 1055.4
1359380 1061.8
1359390 1066.1
1359400 1066.1
1359410 1063.6
1359420 1062.7
1359430 1066.5
1359440 1066.5
1359450 1071.4
1359460 1076.4
1359470 1076.4
1359480 1081.2
1359490 1085.6
1359500 1085.6
1359510 1090.8
1359520 1096.5
1359530 1096.5
1359540 1101.7
1359550 1107.1
1359560 1104.7
1359570 1109.3
1359580 1114.1
1359590 1114.1
1359600 1117.8
1359610 1121.3
1359620 1121.3
1359630 1124.9
1359640 1129.2
1359650 1129.2
1359660 1133.4
1359670 1136.8
1359680 1136.8
1359690 1139.7
1359700 1141.4
1359710 1141.4
1359720 1143.6
1359730 1147.1
1359740 1147.1
1359750 1150.9
1359760 1154.0
1359770 1156.7
1359780 1156.7
1359790 1159.3
1359800 1162.5
1359810 1162.5
1359820 1166.6
1359830 1169.5
1359840 1169.5
1359850 1172.0
1359860 1174.8
1359870 1174.8
1359880 1177.6
1359890 1180.0
1359900 1180.0
1359910 1181.5
1359920 1182.8
1359930 1182.8
1359940 1184.0
1359950 1185.8
1359960 1185.8
1359970 1188.6
1359980 1190.6
1359990 1190.6
