1340000 632.9
1340010 633.5
1340020 633.5
1340030 632.7
1340040 629.8
1340050 629.3
1340060 629.3
1340070 628.7
1340080 627.3
1340090 627.3
1340100 625.2
1340110 623.2
1340120 623.2
1340130 620.8
1340140 618.1
1340150 618.1
1340160 615.5
1340170 613.4
1340180 613.4
1340190 611.1
1340200 608.9
1340210 608.9
1340220 607.1
1340230 605.3
1340240 605.3
1340250 601.5
1340260 597.4
1340270 597.4
1340280 595.7
1340290 594.2
1340300 594.2
1340310 593.1
1340320 591.6
1340330 591.6
1340340 589.6
1340350 587.3
1340360 587.3
1340370 585.0
1340380 583.3
1340390 581.9
1340400 581.9
1340410 581.9
1340420 582.1
1340430 582.1
1340440 581.7
1340450 580.9
1340460 580.9
1340470 579.9
1340480 578.8
1340490 578.8
1340500 577.8
1340510 576.7
1340520 576.7
1340530 575.4
1340540 573.7
1340550 573.7
1340560 572.1
1340570 570.3
1340580 570.3
1340590 568.5
1340600 567.1
1340610 567.1
1340620 566.0
1340630 564.5
1340640 564.5
1340650 563.0
1340660 561.6
1340670 561.6
1340680 560.3
1340690 558.9
1340700 558.9
1340710 557.4
1340720 555.8
1340730 554.2
1340740 554.2
1340750 553.4
1340760 552.2
1340770 552.2
1340780 551.1
1340790 550.4
1340800 550.4
1340810 549.8
1340820 548.9
1340830 548.9
1340840 547.1
1340850 545.2
1340860 545.2
1340870 543.5
1340880 542.2
1340890 542.2
1340900 540.8
1340910 539.5
1340920 539.5
1340930 538.3
1340940 537.1
1340950 537.1
1340960 536.2
1340970 535.5
1340980 535.5
1340990 535.1
1341000 534.7
1341010 534.7
1341020 534.2
1341030 533.4
1341040 532.5
1341050 532.5
1341060 531.5
1341070 530.6
1341080 530.6
1341090 529.7
1341100 529.1
1341110 529.1
1341120 528.4
1341130 527.9
1341140 527.9
1341150 526.8
1341160 524.0
1341170 524.0
1341180 520.5
1341190 516.9
1341200 516.9
1341210 516.0
1341220 517.5
1341230 517.5
1341240 518.4
1341250 518.6
1341260 518.6
1341270 518.3
1341280 517.8
1341290 517.8
1341300 517.5
1341310 516.9
1341320 516.9
1341330 516.2
1341340 515.6
1341350 515.6
1341360 514.9
1341370 514.1
1341380 513.5
1341390 513.5
1341400 508.9
1341410 503.8
1341420 503.8
1341430 499.3
1341440 498.0
1341450 498.0
1341460 497.8
1341470 497.7
1341480 497.7
1341490 497.8
1341500 497.8
1341510 497.8
1341520 497.8
1341530 497.8
1341540 497.8
1341550 497.8
1341560 497.8
1341570 497.8
1341580 497.8
1341590 497.8
1341600 497.8
1341610 497.8
1341620 497.8
1341630 497.8
1341640 497.8
1341650 497.8
1341660 497.8
1341670 497.8
1341680 497.8
1341690 497.8
1341700 498.0
1341710 499.1
1341720 499.5
1341730 499.5
1341740 500.6
1341750 502.1
1341760 502.1
1341770 503.8
1341780 506.2
1341790 506.2
1341800 507.3
1341810 507.5
1341820 507.5
1341830 507.6
1341840 507.6
1341850 507.6
1341860 507.7
1341870 506.7
1341880 506.7
1341890 503.8
1341900 501.1
1341910 501.1
1341920 499.6
1341930 499.2
1341940 499.2
1341950 499.1
1341960 499.1
1341970 499.1
1341980 499.1
1341990 499.0
1342000 499.0
1342010 499.1
1342020 499.2
1342030 499.2
1342040 499.3
1342050 499.4
1342060 499.6
1342070 499.6
1342080 499.8
1342090 500.0
1342100 500.0
1342110 500.2
1342120 500.3
1342130 500.3
1342140 500.3
1342150 500.7
1342160 500.7
1342170 501.0
1342180 501.6
1342190 501.6
1342200 501.7
1342210 501.9
1342220 501.9
1342230 501.2
1342240 503.7
1342250 503.7
1342260 504.3
1342270 504.3
1342280 504.3
1342290 504.4
1342300 504.5
1342310 504.5
1342320 504.5
1342330 504.5
1342340 504.5
1342350 504.4
1342360 504.5
1342370 504.5
1342380 504.6
1342390 504.6
1342400 504.7
1342410 504.7
1342420 504.8
1342430 504.8
1342440 504.8
1342450 504.7
1342460 504.7
1342470 504.7
1342480 504.7
1342490 504.7
1342500 504.7
1342510 504.8
1342520 504.9
1342530 504.9
1342540 504.9
1342550 505.0
1342560 505.0
1342570 505.0
1342580 504.9
1342590 504.9
1342600 504.8
1342610 504.6
1342620 504.6
1342630 504.5
1342640 504.4
1342650 504.4
1342660 504.2
1342670 504.1
1342680 504.1
1342690 504.2
1342700 504.4
1342710 504.4
1342720 504.1
1342730 503.0
1342740 503.2
1342750 503.2
1342760 504.5
1342770 504.7
1342780 504.7
1342790 504.6
1342800 504.9
1342810 504.9
1342820 505.0
1342830 505.1
1342840 505.1
1342850 505.1
1342860 505.1
1342870 505.1
1342880 505.2
1342890 505.2
1342900 505.2
1342910 505.3
1342920 505.3
1342930 505.3
1342940 505.3
1342950 505.4
1342960 505.4
1342970 505.8
1342980 506.1
1342990 506.1
1343000 506.1
1343010 506.1
1343020 506.1
1343030 506.3
1343040 506.4
1343050 506.3
1343060 506.3
1343070 506.3
1343080 506.3
1343090 506.3
1343100 506.4
1343110 506.5
1343120 506.5
1343130 506.6
1343140 507.0
1343150 507.0
1343160 507.5
1343170 507.7
1343180 507.7
1343190 507.7
1343200 507.6
1343210 507.6
1343220 507.7
1343230 508.2
1343240 508.2
1343250 508.5
1343260 508.5
1343270 508.5
1343280 508.5
1343290 508.5
1343300 508.5
1343310 508.6
1343320 508.7
1343330 508.7
1343340 508.8
1343350 508.9
1343360 508.9
1343370 508.9
1343380 508.8
1343390 508.7
1343400 508.7
1343410 508.7
1343420 508.6
1343430 508.6
1343440 508.4
1343450 508.4
1343460 508.4
1343470 508.5
1343480 508.7
1343490 508.7
1343500 509.0
1343510 508.9
1343520 508.9
1343530 508.9
1343540 509.0
1343550 509.0
1343560 508.7
1343570 508.6
1343580 508.6
1343590 508.6
1343600 508.8
1343610 508.8
1343620 509.1
1343630 509.0
1343640 509.0
1343650 508.9
1343660 508.9
1343670 508.9
1343680 508.9
1343690 509.5
1343700 509.5
1343710 509.7
1343720 509.8
1343730 509.8
1343740 509.8
1343750 509.8
1343760 510.0
1343770 510.0
1343780 510.4
1343790 511.0
1343800 511.0
1343810 511.2
1343820 511.1
1343830 511.1
1343840 510.1
1343850 509.1
1343860 509.1
1343870 509.7
1343880 510.5
1343890 510.5
1343900 511.3
1343910 511.9
1343920 511.9
1343930 512.2
1343940 512.2
1343950 512.2
1343960 512.3
1343970 512.3
1343980 512.3
1343990 512.7
1344000 513.0
1344010 513.0
1344020 513.1
1344030 513.3
1344040 513.3
1344050 513.5
1344060 513.3
1344070 513.4
1344080 513.4
1344090 514.0
1344100 514.4
1344110 514.1
1344120 514.3
1344130 514.0
1344140 514.0
1344150 513.8
1344160 513.7
1344170 513.7
1344180 513.5
1344190 513.2
1344200 513.2
1344210 513.6
1344220 513.8
1344230 513.8
1344240 513.9
1344250 512.4
1344260 512.4
1344270 511.3
1344280 511.7
1344290 511.7
1344300 512.2
1344310 512.3
1344320 512.3
1344330 512.4
1344340 512.5
1344350 512.5
1344360 512.7
1344370 512.8
1344380 512.8
1344390 512.8
1344400 512.9
1344410 513.1
1344420 513.1
1344430 513.3
1344440 513.4
1344450 513.4
1344460 513.6
1344470 513.9
1344480 513.9
1344490 514.3
1344500 515.0
1344510 515.0
1344520 515.6
1344530 516.0
1344540 516.0
1344550 516.2
1344560 516.3
1344570 516.3
1344580 516.4
1344590 516.6
1344600 516.6
1344610 517.0
1344620 518.1
1344630 518.1
1344640 518.3
1344650 517.4
1344660 517.4
1344670 517.5
1344680 516.2
1344690 516.2
1344700 515.2
1344710 515.0
1344720 515.0
1344730 515.0
1344740 515.1
1344750 515.1
1344760 515.1
1344770 515.1
1344780 515.2
1344790 515.2
1344800 515.3
1344810 515.3
1344820 515.3
1344830 515.2
1344840 515.1
1344850 515.1
1344860 515.2
1344870 515.2
1344880 515.2
1344890 515.2
1344900 515.2
1344910 515.2
1344920 515.2
1344930 515.3
1344940 515.3
1344950 515.3
1344960 515.4
1344970 515.4
1344980 515.5
1344990 516.1
1345000 516.1
1345010 516.3
1345020 516.0
1345030 516.0
1345040 516.2
1345050 516.3
1345060 516.5
1345070 516.5
1345080 516.6
1345090 516.7
1345100 516.7
1345110 516.8
1345120 517.0
1345130 517.0
1345140 517.7
1345150 518.1
1345160 518.1
1345170 518.4
1345180 518.5
1345190 518.5
1345200 518.6
1345210 518.7
1345220 518.7
1345230 518.9
1345240 518.7
1345250 518.7
1345260 518.3
1345270 517.8
1345280 517.8
1345290 517.3
1345300 516.9
1345310 516.9
1345320 517.0
1345330 518.0
1345340 518.0
1345350 518.5
1345360 518.5
1345370 518.5
1345380 518.7
1345390 518.8
1345400 518.9
1345410 518.9
1345420 519.0
1345430 519.4
1345440 519.4
1345450 519.5
1345460 519.6
1345470 519.6
1345480 519.6
1345490 519.7
1345500 519.7
1345510 519.7
1345520 519.7
1345530 519.7
1345540 519.7
1345550 519.8
1345560 519.8
1345570 519.8
1345580 519.8
1345590 519.8
1345600 519.8
1345610 519.9
1345620 519.9
1345630 520.1
1345640 520.0
1345650 520.0
1345660 519.2
1345670 518.3
1345680 518.3
1345690 518.1
1345700 518.1
1345710 518.1
1345720 518.2
1345730 518.3
1345740 518.4
1345750 518.4
1345760 518.5
1345770 518.6
1345780 518.6
1345790 518.7
1345800 518.8
1345810 518.8
1345820 518.8
1345830 518.9
1345840 518.9
1345850 519.0
1345860 519.0
1345870 519.0
1345880 519.1
1345890 519.1
1345900 519.1
1345910 519.2
1345920 519.3
1345930 519.3
1345940 519.3
1345950 519.4
1345960 519.4
1345970 519.4
1345980 519.5
1345990 519.5
1346000 519.6
1346010 519.7
1346020 519.7
1346030 519.8
1346040 519.8
1346050 519.8
1346060 519.9
1346070 520.1
1346080 520.2
1346090 520.2
1346100 520.5
1346110 521.5
1346120 521.5
1346130 522.3
1346140 522.5
1346150 522.5
1346160 522.3
1346170 522.0
1346180 522.0
1346190 521.5
1346200 521.3
1346210 521.3
1346220 521.1
1346230 521.0
1346240 521.0
1346250 520.9
1346260 521.0
1346270 521.0
1346280 521.0
1346290 521.2
1346300 521.2
1346310 521.3
1346320 521.4
1346330 521.4
1346340 521.5
1346350 521.5
1346360 521.5
1346370 521.7
1346380 521.8
1346390 521.8
1346400 521.8
1346410 521.9
1346420 522.0
1346430 522.0
1346440 522.1
1346450 522.1
1346460 522.1
1346470 522.2
1346480 522.3
1346490 522.3
1346500 522.4
1346510 522.5
1346520 522.5
1346530 522.7
1346540 522.8
1346550 522.8
1346560 522.9
1346570 523.1
1346580 523.1
1346590 523.2
1346600 523.3
1346610 523.3
1346620 523.4
1346630 523.5
1346640 523.5
1346650 523.6
1346660 523.8
1346670 523.8
1346680 524.0
1346690 524.0
1346700 524.0
1346710 524.2
1346720 524.4
1346730 524.5
1346740 524.5
1346750 524.6
1346760 524.7
1346770 524.7
1346780 524.8
1346790 524.8
1346800 524.8
1346810 524.9
1346820 525.0
1346830 525.0
1346840 525.0
1346850 525.1
1346860 525.2
1346870 525.2
1346880 525.3
1346890 525.3
1346900 525.2
1346910 524.8
1346920 524.8
1346930 524.5
1346940 524.6
1346950 524.6
1346960 524.7
1346970 524.9
1346980 524.9
1346990 525.3
1347000 525.8
1347010 525.8
1347020 526.2
1347030 526.5
1347040 526.5
1347050 526.3
1347060 526.5
1347070 527.6
1347080 527.6
1347090 528.2
1347100 527.9
1347110 527.9
1347120 527.1
1347130 526.0
1347140 526.0
1347150 525.0
1347160 524.2
1347170 524.2
1347180 523.2
1347190 522.5
1347200 522.5
1347210 522.4
1347220 522.3
1347230 522.3
1347240 522.3
1347250 522.4
1347260 522.4
1347270 522.4
1347280 522.5
1347290 522.5
1347300 522.7
1347310 522.8
1347320 522.8
1347330 523.2
1347340 524.3
1347350 524.3
1347360 526.1
1347370 527.2
1347380 527.2
1347390 527.6
1347400 527.6
1347410 527.6
1347420 527.6
1347430 527.6
1347440 527.7
1347450 527.7
1347460 527.7
1347470 527.5
1347480 527.5
1347490 527.6
1347500 527.9
1347510 527.9
1347520 528.0
1347530 528.1
1347540 528.1
1347550 528.3
1347560 528.3
1347570 528.3
1347580 528.2
1347590 528.7
1347600 528.7
1347610 529.1
1347620 528.7
1347630 528.7
1347640 528.3
1347650 528.3
1347660 528.3
1347670 528.5
1347680 528.5
1347690 528.5
1347700 528.5
1347710 528.5
1347720 528.5
1347730 528.8
1347740 529.0
1347750 529.0
1347760 529.0
1347770 529.1
1347780 529.2
1347790 529.3
1347800 529.5
1347810 529.6
1347820 529.6
1347830 529.6
1347840 529.6
1347850 529.6
1347860 529.7
1347870 530.1
1347880 530.1
1347890 530.7
1347900 531.2
1347910 531.2
1347920 531.3
1347930 531.5
1347940 531.5
1347950 532.0
1347960 532.0
1347970 532.0
1347980 531.7
1347990 532.0
1348000 532.0
1348010 532.1
1348020 531.9
1348030 531.9
1348040 532.4
1348050 532.8
1348060 532.8
1348070 533.3
1348080 534.0
1348090 534.2
1348100 534.2
1348110 534.2
1348120 534.2
1348130 534.2
1348140 534.8
1348150 536.1
1348160 536.1
1348170 536.2
1348180 536.1
1348190 536.1
1348200 537.0
1348210 539.6
1348220 539.6
1348230 544.2
1348240 549.0
1348250 549.0
1348260 555.6
1348270 561.2
1348280 561.2
1348290 566.9
1348300 571.0
1348310 571.0
1348320 572.9
1348330 574.3
1348340 574.3
1348350 578.1
1348360 583.2
1348370 583.2
1348380 587.7
1348390 591.4
1348400 593.4
1348410 593.4
1348420 593.7
1348430 595.0
1348440 595.0
1348450 596.6
1348460 598.9
1348470 598.9
1348480 600.6
1348490 601.4
1348500 601.4
1348510 603.1
1348520 605.3
1348530 605.3
1348540 607.4
1348550 610.1
1348560 610.1
1348570 612.6
1348580 615.6
1348590 615.6
1348600 618.2
1348610 620.6
1348620 620.6
1348630 623.3
1348640 625.4
1348650 625.4
1348660 625.8
1348670 624.8
1348680 624.8
1348690 624.1
1348700 625.3
1348710 625.3
1348720 627.5
1348730 622.8
1348740 624.5
1348750 624.5
1348760 627.3
1348770 629.8
1348780 629.8
1348790 633.0
1348800 635.9
1348810 635.9
1348820 637.7
1348830 641.2
1348840 641.2
1348850 645.4
1348860 649.6
1348870 649.6
1348880 655.5
1348890 662.4
1348900 662.4
1348910 668.5
1348920 673.7
1348930 673.7
1348940 679.2
1348950 683.4
1348960 683.4
1348970 687.0
1348980 691.7
1348990 691.7
1349000 696.5
1349010 700.7
1349020 700.7
1349030 704.7
1349040 707.8
1349050 707.8
1349060 711.5
1349070 715.6
1349080 718.6
1349090 718.6
1349100 721.6
1349110 726.3
1349120 726.3
1349130 731.0
1349140 735.0
1349150 735.0
1349160 738.6
1349170 741.3
1349180 741.3
1349190 743.8
1349200 745.8
1349210 745.8
1349220 748.3
1349230 751.7
1349240 751.7
1349250 755.4
1349260 759.3
1349270 759.3
1349280 761.4
1349290 762.7
1349300 762.7
1349310 765.2
1349320 767.7
1349330 767.7
1349340 769.4
1349350 772.3
1349360 772.3
1349370 772.8
1349380 773.1
1349390 773.1
1349400 772.8
1349410 773.1
1349420 772.4
1349430 772.4
1349440 771.8
1349450 773.2
1349460 773.2
1349470 775.8
1349480 778.1
1349490 778.1
1349500 779.2
1349510 780.8
1349520 780.8
1349530 786.3
1349540 791.4
1349550 791.4
1349560 794.1
1349570 796.5
1349580 796.5
1349590 799.5
1349600 801.4
1349610 801.4
1349620 802.6
1349630 804.1
1349640 804.1
1349650 805.6
1349660 806.8
1349670 801.2
1349680 803.3
1349690 804.7
1349700 804.7
1349710 805.6
1349720 805.4
1349730 805.4
1349740 805.5
1349750 804.9
1349760 803.4
1349770 803.4
1349780 800.8
1349790 797.3
1349800 797.3
1349810 794.5
1349820 790.5
1349830 790.5
1349840 786.9
1349850 788.4
1349860 788.4
1349870 794.3
1349880 800.0
1349890 800.0
1349900 803.6
1349910 807.5
1349920 807.5
1349930 813.1
1349940 818.0
1349950 818.0
1349960 821.8
1349970 826.7
1349980 826.7
1349990 832.5
1350000 837.1
1350010 837.1
1350020 844.0
1350030 846.9
1350040 846.9
1350050 844.8
1350060 840.8
1350070 840.8
1350080 841.4
1350090 843.9
1350100 844.0
1350110 844.0
1350120 844.5
1350130 842.9
1350140 842.9
1350150 838.4
1350160 834.8
1350170 834.8
1350180 838.3
1350190 841.5
1350200 841.5
1350210 838.6
1350220 832.5
1350230 832.5
1350240 826.1
1350250 821.0
1350260 821.0
1350270 815.1
1350280 809.0
1350290 809.0
1350300 810.7
1350310 818.2
1350320 818.2
1350330 825.2
1350340 827.9
1350350 827.9
1350360 824.3
1350370 821.4
1350380 821.4
1350390 822.4
1350400 818.2
1350410 812.5
1350420 812.5
1350430 806.2
1350440 798.1
1350450 798.1
1350460 791.1
1350470 788.2
1350480 788.2
1350490 794.9
1350500 800.9
1350510 800.9
1350520 799.0
1350530 795.8
1350540 795.8
1350550 799.9
1350560 807.3
1350570 807.3
1350580 814.0
1350590 821.9
1350600 821.9
1350610 829.3
1350620 842.4
1350630 842.4
1350640 848.9
1350650 853.2
1350660 853.2
1350670 855.2
1350680 858.6
1350690 858.6
1350700 859.4
1350710 860.9
1350720 860.9
1350730 865.9
1350740 871.9
1350750 876.6
1350760 876.6
1350770 880.3
1350780 883.5
1350790 883.5
1350800 886.6
1350810 889.4
1350820 889.4
1350830 891.8
1350840 893.9
1350850 893.9
1350860 895.5
1350870 896.0
1350880 896.0
1350890 895.4
1350900 896.2
1350910 896.2
1350920 899.0
1350930 900.4
1350940 900.4
1350950 900.2
1350960 900.5
1350970 900.5
1350980 901.7
1350990 899.4
1351000 899.4
1351010 893.0
1351020 889.0
1351030 889.0
1351040 892.3
1351050 897.6
1351060 897.6
1351070 901.8
1351080 906.2
1351090 908.7
1351100 908.7
1351110 911.2
1351120 915.9
1351130 915.9
1351140 919.9
1351150 922.0
1351160 922.0
1351170 922.3
1351180 918.3
1351190 918.3
1351200 910.5
1351210 908.1
1351220 908.1
1351230 906.8
1351240 910.1
1351250 910.1
1351260 913.5
1351270 913.9
1351280 913.9
1351290 913.5
1351300 912.6
1351310 912.6
1351320 908.0
1351330 898.8
1351340 898.8
1351350 895.1
1351360 904.1
1351370 904.1
1351380 914.1
1351390 922.4
1351400 922.4
1351410 928.2
1351420 933.7
1351430 938.8
1351440 938.8
1351450 943.4
1351460 948.1
1351470 948.1
1351480 951.9
1351490 955.1
1351500 955.1
1351510 959.5
1351520 965.1
1351530 965.1
1351540 971.0
1351550 976.1
1351560 976.1
1351570 980.4
1351580 980.0
1351590 980.0
1351600 983.0
1351610 987.3
1351620 987.3
1351630 992.3
1351640 997.1
1351650 997.1
1351660 1001.0
1351670 1004.8
1351680 1004.8
1351690 1007.9
1351700 1010.0
1351710 1010.0
1351720 1010.9
1351730 1011.2
1351740 1011.2
1351750 1011.2
1351760 1011.0
1351770 1011.0
1351780 1011.0
1351790 1010.2
1351800 1009.3
1351810 1009.3
1351820 1008.1
1351830 1006.9
1351840 1006.9
1351850 1006.1
1351860 1005.4
1351870 1005.4
1351880 1004.3
1351890 1002.8
1351900 1002.8
1351910 999.9
1351920 996.9
1351930 996.9
1351940 995.3
1351950 993.0
1351960 993.0
1351970 990.4
1351980 988.6
1351990 988.6
1352000 987.2
1352010 985.6
1352020 985.6
1352030 984.0
1352040 982.4
1352050 982.4
1352060 980.2
1352070 976.5
1352080 976.5
1352090 971.1
1352100 963.4
1352110 958.3
1352120 958.3
1352130 953.6
1352140 945.0
1352150 945.0
1352160 937.5
1352170 932.3
1352180 932.3
1352190 927.1
1352200 921.3
1352210 921.3
1352220 915.6
1352230 909.3
1352240 909.3
1352250 902.9
1352260 896.0
1352270 896.0
1352280 889.4
1352290 885.2
1352300 885.2
1352310 880.7
1352320 875.2
1352330 875.2
1352340 870.8
1352350 867.2
1352360 867.2
1352370 863.8
1352380 859.2
1352390 859.2
1352400 853.7
1352410 848.1
1352420 843.4
1352430 843.4
1352440 838.2
1352450 831.4
1352460 831.4
1352470 824.5
1352480 817.3
1352490 817.3
1352500 809.5
1352510 803.7
1352520 803.7
1352530 798.7
1352540 800.5
1352550 800.5
1352560 792.4
1352570 786.5
1352580 786.5
1352590 781.3
1352600 778.3
1352610 778.3
1352620 774.9
1352630 771.9
1352640 771.9
1352650 768.2
1352660 764.7
1352670 764.7
1352680 760.8
1352690 757.9
1352700 757.9
1352710 755.0
1352720 752.1
1352730 752.1
1352740 748.9
1352750 747.1
1352760 748.2
1352770 748.2
1352780 751.4
1352790 752.9
1352800 752.9
1352810 751.9
1352820 749.0
1352830 749.0
1352840 745.8
1352850 743.0
1352860 743.0
1352870 740.3
1352880 737.9
1352890 737.9
1352900 735.7
1352910 733.4
1352920 733.4
1352930 731.1
1352940 728.7
1352950 728.7
1352960 726.3
1352970 724.3
1352980 724.3
1352990 722.5
1353000 720.7
1353010 720.7
1353020 719.0
1353030 717.4
1353040 717.4
1353050 715.7
1353060 713.8
1353070 713.8
1353080 711.8
1353090 709.9
1353100 708.1
1353110 708.1
1353120 706.5
1353130 705.2
1353140 705.2
1353150 704.1
1353160 703.1
1353170 703.1
1353180 702.2
1353190 701.2
1353200 701.2
1353210 699.9
1353220 698.7
1353230 698.7
1353240 697.3
1353250 696.1
1353260 696.1
1353270 695.1
1353280 694.3
1353290 694.3
1353300 693.4
1353310 692.7
1353320 692.7
1353330 692.8
1353340 693.0
1353350 693.0
1353360 693.0
1353370 691.7
1353380 691.7
1353390 691.5
1353400 693.2
1353410 693.2
1353420 693.6
1353430 693.5
1353440 693.2
1353450 693.2
1353460 692.5
1353470 691.0
1353480 691.0
1353490 689.5
1353500 688.0
1353510 685.4
1353520 685.7
1353530 687.1
1353540 687.1
1353550 687.6
1353560 685.5
1353570 685.5
1353580 683.7
1353590 685.9
1353600 685.9
1353610 688.7
1353620 691.1
1353630 691.1
1353640 691.4
1353650 691.1
1353660 691.1
1353670 691.0
1353680 690.9
1353690 690.9
1353700 690.7
1353710 690.5
1353720 690.5
1353730 690.3
1353740 690.2
1353750 690.2
1353760 690.2
1353770 690.1
1353780 690.0
1353790 690.0
1353800 689.8
1353810 689.7
1353820 689.7
1353830 689.7
1353840 689.7
1353850 689.7
1353860 689.6
1353870 689.6
1353880 689.6
1353890 689.5
1353900 689.4
1353910 689.4
1353920 689.4
1353930 689.3
1353940 689.3
1353950 689.3
1353960 689.2
1353970 689.2
1353980 688.6
1353990 686.8
1354000 686.8
1354010 684.0
1354020 681.1
1354030 681.1
1354040 678.8
1354050 676.5
1354060 676.5
1354070 673.2
1354080 670.4
1354090 667.3
1354100 667.3
1354110 663.5
1354120 661.6
1354130 661.6
1354140 661.9
1354150 662.6
1354160 662.6
1354170 662.3
1354180 662.2
1354190 662.2
1354200 662.3
1354210 662.7
1354220 662.7
1354230 663.6
1354240 664.4
1354250 664.4
1354260 664.6
1354270 663.8
1354280 663.8
1354290 663.7
1354300 664.7
1354310 664.7
1354320 665.9
1354330 667.0
1354340 667.0
1354350 668.7
1354360 670.9
1354370 670.9
1354380 673.2
1354390 675.1
1354400 675.1
1354410 675.7
1354420 676.0
1354430 677.4
1354440 677.4
1354450 679.0
1354460 681.0
1354470 681.0
1354480 683.4
1354490 686.2
1354500 686.2
1354510 688.1
1354520 689.9
1354530 689.9
1354540 692.1
1354550 694.7
1354560 694.7
1354570 696.9
1354580 699.0
1354590 699.0
1354600 701.1
1354610 703.4
1354620 703.4
1354630 706.0
1354640 708.6
1354650 708.6
1354660 711.1
1354670 713.6
1354680 713.6
1354690 715.9
1354700 718.0
1354710 718.0
1354720 720.5
1354730 723.2
1354740 723.2
1354750 727.0
1354760 732.3
1354770 737.2
1354780 737.2
1354790 741.6
1354800 744.8
1354810 744.8
1354820 748.4
1354830 753.8
1354840 753.8
1354850 759.3
1354860 768.0
1354870 768.0
1354880 777.4
1354890 785.6
1354900 785.6
1354910 793.9
1354920 802.1
1354930 802.1
1354940 809.6
1354950 817.0
1354960 817.0
1354970 824.0
1354980 830.8
1354990 830.8
1355000 837.3
1355010 843.2
1355020 843.2
1355030 849.4
1355040 855.2
1355050 855.2
1355060 861.2
1355070 867.9
1355080 867.9
1355090 875.1
1355100 883.8
1355110 890.5
1355120 890.5
1355130 896.6
1355140 902.6
1355150 902.6
1355160 908.8
1355170 915.9
1355180 915.9
1355190 923.7
1355200 930.9
1355210 930.9
1355220 935.5
1355230 939.1
1355240 939.1
1355250 942.7
1355260 945.1
1355270 945.1
1355280 946.6
1355290 949.3
1355300 949.3
1355310 953.7
1355320 959.0
1355330 959.0
1355340 962.7
1355350 964.7
1355360 964.7
1355370 966.2
1355380 968.0
1355390 968.0
1355400 969.3
1355410 969.9
1355420 969.9
1355430 970.4
1355440 970.9
1355450 971.1
1355460 971.1
1355470 971.2
1355480 975.1
1355490 975.1
1355500 974.0
1355510 971.9
1355520 971.9
1355530 969.4
1355540 967.6
1355550 967.6
1355560 966.5
1355570 965.6
1355580 965.6
1355590 963.7
1355600 961.1
1355610 961.1
1355620 958.4
1355630 955.8
1355640 955.8
1355650 953.8
1355660 950.0
1355670 950.0
1355680 945.0
1355690 939.7
1355700 939.7
1355710 935.2
1355720 930.1
1355730 930.1
1355740 924.8
1355750 919.2
1355760 914.1
1355770 914.1
1355780 910.0
1355790 903.0
1355800 903.0
1355810 893.7
1355820 887.1
1355830 887.1
1355840 881.4
1355850 875.3
1355860 875.3
1355870 866.5
1355880 856.3
1355890 856.3
1355900 849.3
1355910 853.1
1355920 853.1
1355930 861.4
1355940 869.7
1355950 869.7
1355960 877.6
1355970 889.7
1355980 889.7
1355990 897.1
1356000 904.1
1356010 904.1
1356020 911.2
1356030 918.0
1356040 918.0
1356050 923.5
1356060 928.8
1356070 928.8
1356080 934.5
1356090 941.0
1356100 946.2
1356110 946.2
1356120 952.2
1356130 957.9
1356140 957.9
1356150 963.0
1356160 967.7
1356170 967.7
1356180 972.7
1356190 978.2
1356200 978.2
1356210 983.8
1356220 989.5
1356230 989.5
1356240 995.8
1356250 1001.7
1356260 1001.7
1356270 1008.1
1356280 1014.4
1356290 1014.4
1356300 1020.0
1356310 1025.2
1356320 1025.2
1356330 1030.3
1356340 1035.7
1356350 1035.7
1356360 1040.3
1356370 1044.7
1356380 1044.7
1356390 1049.3
1356400 1053.2
1356410 1053.2
1356420 1056.9
1356430 1060.8
1356440 1064.9
1356450 1064.9
1356460 1069.5
1356470 1075.3
1356480 1075.3
1356490 1079.5
1356500 1082.8
1356510 1082.8
1356520 1085.7
1356530 1088.9
1356540 1088.9
1356550 1093.0
1356560 1096.9
1356570 1096.9
1356580 1100.3
1356590 1103.2
1356600 1103.2
1356610 1105.8
1356620 1108.9
1356630 1108.9
1356640 1111.0
1356650 1111.8
1356660 1111.8
1356670 1112.8
1356680 1113.8
1356690 1113.8
1356700 1114.6
1356710 1115.1
1356720 1115.1
1356730 1115.7
1356740 1116.3
1356750 1116.3
1356760 1116.5
1356770 1115.9
1356780 1115.5
1356790 1115.5
1356800 1114.9
1356810 1114.1
1356820 1114.1
1356830 1113.1
1356840 1111.5
1356850 1111.5
1356860 1109.8
1356870 1108.0
1356880 1108.0
1356890 1105.9
1356900 1103.4
1356910 1103.4
1356920 1100.7
1356930 1097.1
1356940 1097.1
1356950 1091.5
1356960 1086.6
1356970 1086.6
1356980 1080.8
1356990 1075.4
1357000 1075.4
1357010 1070.8
1357020 1066.4
1357030 1066.4
1357040 1060.4
1357050 1050.7
1357060 1050.7
1357070 1042.3
1357080 1033.1
1357090 1022.5
1357100 1022.5
1357110 1010.8
1357120 995.7
1357130 995.7
1357140 985.8
1357150 977.1
1357160 977.1
1357170 972.8
1357180 968.7
1357190 968.7
1357200 964.6
1357210 960.6
1357220 960.6
1357230 956.7
1357240 953.3
1357250 953.3
1357260 949.7
1357270 947.8
1357280 947.8
1357290 946.5
1357300 944.6
1357310 944.6
1357320 942.1
1357330 939.4
1357340 939.4
1357350 936.8
1357360 933.7
1357370 933.7
1357380 929.6
1357390 924.2
1357400 924.2
1357410 920.0
1357420 917.3
1357430 914.9
1357440 914.9
1357450 913.0
1357460 911.3
1357470 914.3
1357480 911.4
1357490 908.9
1357500 908.9
1357510 906.8
1357520 902.1
1357530 902.1
1357540 898.0
1357550 895.2
1357560 895.2
1357570 892.6
1357580 890.2
1357590 890.2
1357600 888.7
1357610 887.3
1357620 887.3
1357630 885.5
1357640 883.2
1357650 883.2
1357660 880.0
1357670 877.7
1357680 877.7
1357690 876.7
1357700 876.7
1357710 876.7
1357720 877.0
1357730 878.2
1357740 878.2
1357750 880.3
1357760 883.5
1357770 885.3
1357780 885.3
1357790 884.8
1357800 882.1
1357810 882.1
1357820 876.9
1357830 873.1
1357840 873.1
1357850 868.7
1357860 864.3
1357870 864.3
1357880 860.0
1357890 856.0
1357900 856.0
1357910 851.9
1357920 848.9
1357930 848.9
1357940 847.2
1357950 844.7
1357960 844.7
1357970 842.0
1357980 840.2
1357990 840.2
1358000 838.8
1358010 837.8
1358020 837.8
1358030 837.1
1358040 836.3
1358050 836.3
1358060 832.5
1358070 826.2
1358080 826.2
1358090 820.5
1358100 813.4
1358110 804.5
1358120 804.5
1358130 797.5
1358140 791.3
1358150 791.3
1358160 788.1
1358170 786.6
1358180 786.6
1358190 786.6
1358200 787.0
1358210 787.0
1358220 786.3
1358230 788.1
1358240 788.1
1358250 792.3
1358260 796.3
1358270 796.3
1358280 800.4
1358290 802.8
1358300 802.8
1358310 808.3
1358320 812.9
1358330 812.9
1358340 817.8
1358350 823.5
1358360 823.5
1358370 828.2
1358380 832.3
1358390 832.3
1358400 837.4
1358410 841.2
1358420 841.2
1358430 840.8
1358440 840.0
1358450 839.7
1358460 839.7
1358470 839.3
1358480 847.3
1358490 847.3
1358500 850.8
1358510 853.0
1358520 853.0
1358530 854.3
1358540 856.6
1358550 856.6
1358560 858.4
1358570 863.3
1358580 863.3
1358590 866.8
1358600 871.0
1358610 871.0
1358620 872.9
1358630 875.8
1358640 875.8
1358650 880.7
1358660 886.8
1358670 886.8
1358680 891.7
1358690 896.4
1358700 896.4
1358710 902.8
1358720 910.6
1358730 910.6
1358740 915.4
1358750 918.0
1358760 919.1
1358770 919.1
1358780 923.1
1358790 925.4
1358800 925.4
1358810 929.6
1358820 934.1
1358830 934.1
1358840 938.9
1358850 946.4
1358860 946.4
1358870 951.5
1358880 954.7
1358890 954.7
1358900 959.4
1358910 964.9
1358920 964.9
1358930 968.8
1358940 971.9
1358950 971.9
1358960 975.6
1358970 978.4
1358980 978.4
1358990 982.5
1359000 986.7
1359010 986.7
1359020 990.7
1359030 994.6
1359040 994.6
1359050 998.4
1359060 1001.9
1359070 1001.9
1359080 1004.8
1359090 1008.8
1359100 1012.5
1359110 1012.5
1359120 1015.9
1359130 1018.9
1359140 1018.9
1359150 1018.4
1359160 1017.7
1359170 1017.7
1359180 1021.5
1359190 1025.4
1359200 1025.4
1359210 1029.8
1359220 1033.4
1359230 1033.4
1359240 1037.3
1359250 1040.1
1359260 1040.1
1359270 1043.1
1359280 1048.2
1359290 1048.2
1359300 1052.8
1359310 1056.9
1359320 1056.9
1359330 1061.9
1359340 1064.9
1359350 1064.9
1359360 1067.2
1359370 1072.3
1359380 1072.3
1359390 1076.6
1359400 1081.2
1359410 1081.2
1359420 1085.7
1359430 1090.3
1359440 1095.5
1359450 1095.5
1359460 1100.7
1359470 1105.4
1359480 1105.4
1359490 1110.2
1359500 1115.4
1359510 1115.4
1359520 1121.3
1359530 1127.2
1359540 1127.2
1359550 1133.6
1359560 1140.0
1359570 1140.0
1359580 1146.6
1359590 1152.5
1359600 1152.5
1359610 1158.3
1359620 1162.3
1359630 1162.3
1359640 1166.5
1359650 1171.2
1359660 1171.2
1359670 1176.9
1359680 1181.2
1359690 1181.2
1359700 1186.1
1359710 1191.1
1359720 1191.1
1359730 1195.6
1359740 1199.6
1359750 1199.6
1359760 1202.9
1359770 1205.7
1359780 1208.0
1359790 1208.0
1359800 1210.3
1359810 1212.0
1359820 1212.0
1359830 1214.1
1359840 1216.3
1359850 1216.3
1359860 1218.4
1359870 1220.6
1359880 1220.6
1359890 1222.6
1359900 1224.5
1359910 1224.5
1359920 1226.0
1359930 1227.7
1359940 1227.7
1359950 1229.7
1359960 1231.8
1359970 1231.8
1359980 1233.8
1359990 1235.6
