1340000 572.4
1340010 572.4
1340020 576.6
1340030 580.8
1340040 585.2
1340050 585.2
1340060 587.8
1340070 587.6
1340080 587.6
1340090 587.1
1340100 586.6
1340110 586.6
1340120 585.7
1340130 584.3
1340140 584.3
1340150 582.7
1340160 581.5
1340170 581.5
1340180 580.9
1340190 580.6
1340200 580.6
1340210 580.6
1340220 580.7
1340230 580.7
1340240 580.7
1340250 580.0
1340260 580.0
1340270 578.5
1340280 576.2
1340290 576.2
1340300 573.8
1340310 571.7
1340320 571.7
1340330 569.5
1340340 567.5
1340350 566.0
1340360 566.0
1340370 564.6
1340380 563.2
1340390 563.2
1340400 561.9
1340410 561.0
1340420 561.0
1340430 560.4
1340440 559.7
1340450 559.7
1340460 558.6
1340470 557.7
1340480 557.7
1340490 557.2
1340500 555.8
1340510 555.8
1340520 552.8
1340530 550.3
1340540 550.3
1340550 547.8
1340560 545.9
1340570 545.9
1340580 543.9
1340590 542.0
1340600 542.0
1340610 538.7
1340620 537.2
1340630 537.2
1340640 535.3
1340650 532.5
1340660 532.5
1340670 530.7
1340680 529.5
1340690 528.2
1340700 528.2
1340710 526.5
1340720 524.7
1340730 524.7
1340740 523.1
1340750 521.7
1340760 521.7
1340770 520.5
1340780 519.6
1340790 519.6
1340800 518.9
1340810 517.9
1340820 517.9
1340830 517.0
1340840 515.9
1340850 515.9
1340860 514.2
1340870 512.4
1340880 512.4
1340890 510.1
1340900 506.5
1340910 506.5
1340920 501.4
1340930 498.8
1340940 498.8
1340950 498.2
1340960 498.2
1340970 498.2
1340980 498.2
1340990 498.2
1341000 498.2
1341010 498.2
1341020 498.1
1341030 498.1
1341040 498.1
1341050 498.1
1341060 498.1
1341070 498.1
1341080 498.1
1341090 498.0
1341100 498.0
1341110 498.0
1341120 498.0
1341130 498.0
1341140 498.0
1341150 498.0
1341160 498.0
1341170 498.0
1341180 498.0
1341190 498.0
1341200 497.9
1341210 497.9
1341220 497.9
1341230 498.0
1341240 497.9
1341250 497.9
1341260 497.9
1341270 497.9
1341280 497.9
1341290 497.9
1341300 498.0
1341310 498.0
1341320 498.6
1341330 500.6
1341340 500.6
1341350 501.9
1341360 502.6
1341370 503.9
1341380 503.9
1341390 505.6
1341400 506.4
1341410 506.4
1341420 506.6
1341430 506.6
1341440 506.6
1341450 506.6
1341460 506.5
1341470 506.5
1341480 505.5
1341490 503.1
1341500 500.1
1341510 499.5
1341520 499.6
1341530 499.6
1341540 500.9
1341550 501.3
1341560 501.3
1341570 501.3
1341580 500.0
1341590 500.0
1341600 499.3
1341610 499.4
1341620 499.4
1341630 499.4
1341640 499.4
1341650 499.4
1341660 499.4
1341670 499.3
1341680 499.3
1341690 499.3
1341700 499.3
1341710 499.4
1341720 499.4
1341730 499.5
1341740 499.6
1341750 499.6
1341760 499.6
1341770 499.6
1341780 499.6
1341790 499.5
1341800 499.4
1341810 499.4
1341820 499.3
1341830 499.3
1341840 499.3
1341850 499.2
1341860 499.1
1341870 499.1
1341880 499.1
1341890 499.1
1341900 499.1
1341910 499.1
1341920 499.1
1341930 499.1
1341940 499.1
1341950 499.2
1341960 499.2
1341970 499.2
1341980 499.3
1341990 499.3
1342000 499.3
1342010 499.8
1342020 502.0
1342030 502.0
1342040 503.8
1342050 504.1
1342060 504.1
1342070 504.2
1342080 504.2
1342090 504.2
1342100 504.2
1342110 504.0
1342120 504.0
1342130 502.9
1342140 500.8
1342150 500.8
1342160 500.4
1342170 500.5
1342180 500.5
1342190 500.8
1342200 501.6
1342210 501.6
1342220 501.0
1342230 501.3
1342240 501.3
1342250 501.4
1342260 501.5
1342270 501.5
1342280 501.6
1342290 501.8
1342300 501.8
1342310 501.9
1342320 502.0
1342330 502.0
1342340 502.8
1342350 503.0
1342360 503.8
1342370 503.8
1342380 504.2
1342390 504.3
1342400 504.2
1342410 504.2
1342420 504.2
1342430 504.2
1342440 504.1
1342450 503.3
1342460 503.3
1342470 504.6
1342480 505.2
1342490 505.2
1342500 505.3
1342510 505.2
1342520 505.2
1342530 505.2
1342540 505.0
1342550 505.0
1342560 504.6
1342570 504.6
1342580 504.6
1342590 504.6
1342600 504.6
1342610 504.6
1342620 504.7
1342630 504.6
1342640 504.6
1342650 504.6
1342660 504.7
1342670 504.7
1342680 504.7
1342690 504.6
1342700 504.6
1342710 504.6
1342720 504.9
1342730 505.4
1342740 505.4
1342750 505.6
1342760 505.8
1342770 505.8
1342780 505.8
1342790 506.0
1342800 506.0
1342810 506.5
1342820 506.7
1342830 506.7
1342840 506.7
1342850 506.9
1342860 506.9
1342870 507.0
1342880 506.8
1342890 506.8
1342900 506.8
1342910 506.7
1342920 506.7
1342930 506.9
1342940 507.3
1342950 507.3
1342960 507.3
1342970 507.3
1342980 507.3
1342990 507.4
1343000 507.4
1343010 507.4
1343020 507.6
1343030 508.0
1343040 508.0
1343050 508.0
1343060 508.0
1343070 508.2
1343080 508.2
1343090 508.2
1343100 508.4
1343110 508.4
1343120 508.6
1343130 508.7
1343140 508.7
1343150 508.7
1343160 508.7
1343170 508.7
1343180 508.7
1343190 508.9
1343200 508.9
1343210 508.9
1343220 508.8
1343230 508.8
1343240 508.9
1343250 508.9
1343260 508.9
1343270 509.1
1343280 509.3
1343290 509.3
1343300 509.3
1343310 509.3
1343320 509.3
1343330 509.3
1343340 509.3
1343350 509.3
1343360 509.4
1343370 509.7
1343380 510.1
1343390 510.1
1343400 510.1
1343410 510.1
1343420 510.1
1343430 510.1
1343440 510.2
1343450 510.2
1343460 510.1
1343470 510.3
1343480 510.3
1343490 510.5
1343500 510.5
1343510 510.5
1343520 510.4
1343530 510.3
1343540 510.3
1343550 510.4
1343560 510.5
1343570 510.5
1343580 510.6
1343590 510.7
1343600 510.7
1343610 511.2
1343620 511.5
1343630 511.5
1343640 511.8
1343650 512.0
1343660 512.0
1343670 512.1
1343680 511.9
1343690 511.4
1343700 511.4
1343710 511.3
1343720 511.6
1343730 511.6
1343740 511.7
1343750 512.0
1343760 512.0
1343770 512.1
1343780 512.2
1343790 512.2
1343800 512.2
1343810 512.4
1343820 512.4
1343830 512.6
1343840 512.6
1343850 512.6
1343860 512.5
1343870 512.4
1343880 512.4
1343890 512.4
1343900 512.3
1343910 512.3
1343920 512.3
1343930 512.4
1343940 512.4
1343950 512.7
1343960 512.9
1343970 512.9
1343980 513.1
1343990 513.1
1344000 513.1
1344010 513.0
1344020 513.0
1344030 513.1
1344040 513.1
1344050 513.1
1344060 513.0
1344070 513.0
1344080 513.1
1344090 513.1
1344100 513.1
1344110 513.2
1344120 513.5
1344130 513.5
1344140 513.6
1344150 513.6
1344160 513.6
1344170 513.8
1344180 514.0
1344190 514.0
1344200 514.1
1344210 514.2
1344220 514.2
1344230 514.3
1344240 514.5
1344250 514.5
1344260 514.7
1344270 514.8
1344280 514.8
1344290 514.9
1344300 515.1
1344310 515.1
1344320 515.2
1344330 515.3
1344340 515.3
1344350 515.3
1344360 515.3
1344370 515.3
1344380 515.3
1344390 515.4
1344400 515.6
1344410 515.6
1344420 515.8
1344430 516.0
1344440 516.0
1344450 516.0
1344460 516.3
1344470 516.3
1344480 516.3
1344490 516.5
1344500 516.5
1344510 516.6
1344520 516.8
1344530 516.8
1344540 516.8
1344550 517.1
1344560 517.1
1344570 517.2
1344580 517.2
1344590 517.2
1344600 517.3
1344610 517.9
1344620 517.9
1344630 517.9
1344640 517.9
1344650 517.9
1344660 518.0
1344670 518.1
1344680 518.1
1344690 518.1
1344700 518.3
1344710 518.5
1344720 518.5
1344730 518.5
1344740 518.2
1344750 518.2
1344760 518.6
1344770 519.1
1344780 519.1
1344790 520.4
1344800 520.7
1344810 520.7
1344820 520.8
1344830 520.8
1344840 520.8
1344850 520.9
1344860 520.9
1344870 520.9
1344880 520.9
1344890 521.0
1344900 521.0
1344910 520.9
1344920 520.6
1344930 520.6
1344940 519.9
1344950 519.9
1344960 519.9
1344970 520.0
1344980 520.1
1344990 520.1
1345000 520.2
1345010 520.4
1345020 520.4
1345030 520.5
1345040 520.5
1345050 520.6
1345060 520.6
1345070 520.7
1345080 520.8
1345090 520.8
1345100 520.9
1345110 521.1
1345120 521.2
1345130 521.3
1345140 521.4
1345150 521.4
1345160 521.5
1345170 521.6
1345180 521.6
1345190 521.8
1345200 521.7
1345210 521.7
1345220 521.9
1345230 522.3
1345240 522.3
1345250 522.5
1345260 522.6
1345270 522.6
1345280 522.5
1345290 522.3
1345300 522.3
1345310 521.8
1345320 522.4
1345330 522.4
1345340 522.1
1345350 521.8
1345360 521.5
1345370 521.5
1345380 521.4
1345390 521.5
1345400 521.5
1345410 521.4
1345420 521.2
1345430 521.2
1345440 520.9
1345450 520.7
1345460 520.7
1345470 520.4
1345480 520.3
1345490 520.3
1345500 520.4
1345510 520.8
1345520 520.8
1345530 521.2
1345540 521.2
1345550 521.2
1345560 520.6
1345570 520.1
1345580 520.1
1345590 520.0
1345600 520.1
1345610 520.1
1345620 520.2
1345630 520.2
1345640 520.2
1345650 520.2
1345660 520.3
1345670 520.3
1345680 520.3
1345690 520.5
1345700 520.6
1345710 520.6
1345720 520.8
1345730 520.9
1345740 520.9
1345750 521.1
1345760 521.4
1345770 521.4
1345780 521.5
1345790 521.6
1345800 521.6
1345810 521.7
1345820 521.8
1345830 521.8
1345840 522.0
1345850 522.1
1345860 522.1
1345870 522.2
1345880 522.2
1345890 522.2
1345900 522.2
1345910 522.3
1345920 522.3
1345930 522.4
1345940 522.7
1345950 522.7
1345960 522.6
1345970 522.6
1345980 522.6
1345990 522.8
1346000 522.8
1346010 522.8
1346020 522.8
1346030 522.9
1346040 522.8
1346050 522.8
1346060 522.8
1346070 522.9
1346080 522.9
1346090 523.0
1346100 523.1
1346110 523.1
1346120 523.4
1346130 523.6
1346140 523.6
1346150 523.6
1346160 523.6
1346170 523.6
1346180 523.7
1346190 523.8
1346200 523.8
1346210 523.9
1346220 524.0
1346230 524.0
1346240 524.1
1346250 524.5
1346260 524.5
1346270 524.9
1346280 524.9
1346290 524.9
1346300 525.0
1346310 525.0
1346320 525.0
1346330 525.1
1346340 525.2
1346350 525.2
1346360 525.3
1346370 525.4
1346380 525.5
1346390 525.5
1346400 525.6
1346410 525.7
1346420 525.7
1346430 525.7
1346440 525.8
1346450 525.8
1346460 525.9
1346470 526.0
1346480 526.0
1346490 526.1
1346500 526.2
1346510 526.2
1346520 526.2
1346530 526.3
1346540 526.3
1346550 526.3
1346560 526.4
1346570 526.4
1346580 526.4
1346590 526.5
1346600 526.5
1346610 526.6
1346620 526.7
1346630 526.7
1346640 526.7
1346650 526.8
1346660 526.8
1346670 526.8
1346680 526.9
1346690 526.9
1346700 526.9
1346710 526.9
1346720 527.0
1346730 527.0
1346740 527.0
1346750 527.1
1346760 527.1
1346770 527.3
1346780 527.4
1346790 527.4
1346800 527.7
1346810 528.3
1346820 528.3
1346830 528.1
1346840 527.8
1346850 527.8
1346860 527.9
1346870 527.9
1346880 527.9
1346890 527.5
1346900 527.2
1346910 527.2
1346920 527.8
1346930 528.2
1346940 528.2
1346950 528.3
1346960 528.1
1346970 528.3
1346980 528.6
1346990 529.4
1347000 529.4
1347010 529.0
1347020 527.3
1347030 527.0
1347040 527.0
1347050 527.0
1347060 527.0
1347070 527.0
1347080 527.1
1347090 527.2
1347100 527.2
1347110 527.3
1347120 527.3
1347130 527.3
1347140 527.4
1347150 527.4
1347160 527.4
1347170 527.5
1347180 527.8
1347190 527.8
1347200 527.9
1347210 528.0
1347220 528.0
1347230 528.3
1347240 529.4
1347250 529.4
1347260 530.9
1347270 531.6
1347280 531.6
1347290 531.8
1347300 531.8
1347310 531.8
1347320 531.7
1347330 531.4
1347340 531.4
1347350 530.8
1347360 530.4
1347370 531.2
1347380 531.2
1347390 531.3
1347400 531.1
1347410 531.1
1347420 530.5
1347430 529.9
1347440 529.9
1347450 529.8
1347460 529.9
1347470 529.9
1347480 530.1
1347490 530.5
1347500 530.5
1347510 530.9
1347520 531.0
1347530 531.0
1347540 530.3
1347550 528.4
1347560 528.4
1347570 526.4
1347580 526.1
1347590 526.1
1347600 527.5
1347610 529.7
1347620 529.7
1347630 530.1
1347640 530.0
1347650 530.0
1347660 530.1
1347670 530.1
1347680 530.1
1347690 530.1
1347700 530.4
1347710 530.5
1347720 530.5
1347730 530.3
1347740 530.6
1347750 530.6
1347760 531.6
1347770 531.9
1347780 531.9
1347790 531.6
1347800 531.3
1347810 531.3
1347820 530.9
1347830 531.0
1347840 531.0
1347850 531.1
1347860 530.8
1347870 530.8
1347880 530.7
1347890 530.6
1347900 530.7
1347910 530.8
1347920 530.9
1347930 530.9
1347940 531.0
1347950 531.1
1347960 531.1
1347970 531.1
1347980 531.1
1347990 531.1
1348000 531.2
1348010 531.4
1348020 531.4
1348030 531.5
1348040 531.4
1348050 531.4
1348060 531.4
1348070 531.7
1348080 531.9
1348090 531.9
1348100 531.9
1348110 531.8
1348120 531.8
1348130 531.8
1348140 531.9
1348150 531.9
1348160 531.8
1348170 532.0
1348180 532.0
1348190 532.1
1348200 532.2
1348210 532.2
1348220 532.3
1348230 532.3
1348240 532.3
1348250 532.4
1348260 532.5
1348270 532.5
1348280 532.8
1348290 533.2
1348300 533.2
1348310 533.6
1348320 534.0
1348330 534.0
1348340 534.2
1348350 534.2
1348360 534.2
1348370 534.3
1348380 534.4
1348390 534.5
1348400 534.5
1348410 534.6
1348420 534.8
1348430 534.8
1348440 534.9
1348450 534.9
1348460 534.9
1348470 535.1
1348480 535.5
1348490 535.5
1348500 536.0
1348510 535.9
1348520 535.9
1348530 535.9
1348540 536.0
1348550 536.0
1348560 536.1
1348570 536.1
1348580 536.1
1348590 537.0
1348600 537.7
1348610 537.7
1348620 537.4
1348630 538.2
1348640 538.2
1348650 539.8
1348660 541.5
1348670 541.5
1348680 544.0
1348690 546.1
1348700 547.9
1348710 547.9
1348720 549.0
1348730 550.8
1348740 550.8
1348750 552.6
1348760 554.5
1348770 554.5
1348780 557.4
1348790 559.5
1348800 559.5
1348810 560.6
1348820 564.1
1348830 559.6
1348840 564.8
1348850 568.1
1348860 568.1
1348870 566.8
1348880 568.3
1348890 568.3
1348900 572.9
1348910 574.7
1348920 574.7
1348930 577.4
1348940 578.4
1348950 578.4
1348960 580.5
1348970 583.9
1348980 583.9
1348990 588.2
1349000 592.7
1349010 592.7
1349020 596.8
1349030 601.4
1349040 607.3
1349050 607.3
1349060 613.5
1349070 619.3
1349080 619.3
1349090 622.0
1349100 623.1
1349110 623.1
1349120 623.5
1349130 626.6
1349140 626.6
1349150 630.6
1349160 633.2
1349170 633.2
1349180 637.6
1349190 641.3
1349200 641.3
1349210 640.9
1349220 639.1
1349230 639.1
1349240 640.0
1349250 645.7
1349260 645.7
1349270 650.3
1349280 653.2
1349290 653.2
1349300 657.9
1349310 663.5
1349320 663.5
1349330 663.8
1349340 663.0
1349350 663.0
1349360 664.5
1349370 667.6
1349380 670.3
1349390 670.3
1349400 672.5
1349410 677.0
1349420 677.0
1349430 686.6
1349440 694.1
1349450 694.1
1349460 699.5
1349470 704.9
1349480 704.9
1349490 710.7
1349500 716.5
1349510 716.5
1349520 721.9
1349530 726.4
1349540 726.4
1349550 729.6
1349560 731.8
1349570 731.8
1349580 734.4
1349590 738.1
1349600 738.1
1349610 740.5
1349620 742.0
1349630 742.0
1349640 742.8
1349650 740.9
1349660 740.9
1349670 736.7
1349680 731.0
1349690 731.0
1349700 724.2
1349710 720.0
1349720 720.7
1349730 720.7
1349740 724.1
1349750 723.0
1349760 723.0
1349770 718.2
1349780 719.1
1349790 719.1
1349800 727.2
1349810 732.9
1349820 732.9
1349830 740.4
1349840 745.7
1349850 745.7
1349860 752.8
1349870 758.9
1349880 758.9
1349890 763.3
1349900 766.3
1349910 766.3
1349920 768.4
1349930 769.7
1349940 769.7
1349950 769.5
1349960 768.8
1349970 768.8
1349980 770.6
1349990 771.7
1350000 771.7
1350010 771.7
1350020 771.7
1350030 771.7
1350040 771.5
1350050 769.2
1350060 766.9
1350070 766.9
1350080 763.3
1350090 758.5
1350100 758.5
1350110 762.2
1350120 760.7
1350130 760.7
1350140 754.8
1350150 753.0
1350160 753.0
1350170 753.7
1350180 746.3
1350190 746.3
1350200 737.8
1350210 730.5
1350220 730.5
1350230 724.9
1350240 721.3
1350250 721.3
1350260 714.9
1350270 712.8
1350280 712.8
1350290 722.4
1350300 732.0
1350310 732.0
1350320 738.1
1350330 741.2
1350340 741.2
1350350 746.2
1350360 752.6
1350370 758.7
1350380 758.7
1350390 764.7
1350400 770.1
1350410 770.1
1350420 774.6
1350430 778.8
1350440 778.8
1350450 779.8
1350460 775.9
1350470 775.9
1350480 774.5
1350490 778.4
1350500 778.4
1350510 782.2
1350520 785.7
1350530 785.7
1350540 788.3
1350550 790.6
1350560 790.6
1350570 792.6
1350580 794.3
1350590 794.3
1350600 795.3
1350610 795.0
1350620 795.0
1350630 794.2
1350640 793.8
1350650 793.8
1350660 794.3
1350670 794.5
1350680 794.5
1350690 795.1
1350700 797.1
1350710 799.3
1350720 799.3
1350730 797.0
1350740 798.8
1350750 798.8
1350760 800.0
1350770 800.7
1350780 800.7
1350790 802.6
1350800 804.5
1350810 804.5
1350820 805.6
1350830 806.1
1350840 806.1
1350850 806.7
1350860 807.5
1350870 807.5
1350880 808.0
1350890 807.5
1350900 807.5
1350910 806.7
1350920 806.8
1350930 806.8
1350940 806.8
1350950 802.4
1350960 802.4
1350970 794.9
1350980 799.9
1350990 799.9
1351000 808.2
1351010 812.6
1351020 812.6
1351030 814.9
1351040 816.3
1351050 818.9
1351060 818.9
1351070 822.3
1351080 825.4
1351090 825.4
1351100 825.7
1351110 824.2
1351120 824.2
1351130 820.0
1351140 815.7
1351150 815.7
1351160 816.2
1351170 821.0
1351180 821.0
1351190 827.7
1351200 835.6
1351210 835.6
1351220 840.1
1351230 835.6
1351240 835.6
1351250 827.2
1351260 818.1
1351270 818.1
1351280 815.0
1351290 821.3
1351300 821.3
1351310 829.3
1351320 835.1
1351330 835.1
1351340 839.1
1351350 845.0
1351360 845.0
1351370 851.4
1351380 857.8
1351390 865.1
1351400 865.1
1351410 871.5
1351420 875.6
1351430 875.6
1351440 879.0
1351450 881.3
1351460 881.3
1351470 883.4
1351480 886.0
1351490 886.0
1351500 890.3
1351510 894.9
1351520 894.9
1351530 900.1
1351540 904.6
1351550 904.6
1351560 908.1
1351570 912.8
1351580 912.8
1351590 919.3
1351600 924.0
1351610 924.0
1351620 927.5
1351630 929.8
1351640 929.8
1351650 931.4
1351660 932.8
1351670 932.8
1351680 927.6
1351690 927.5
1351700 927.5
1351710 928.2
1351720 928.3
1351730 928.4
1351740 928.4
1351750 929.1
1351760 929.8
1351770 929.8
1351780 928.3
1351790 929.4
1351800 929.4
1351810 928.7
1351820 929.1
1351830 929.1
1351840 929.6
1351850 929.1
1351860 929.1
1351870 928.8
1351880 928.8
1351890 928.8
1351900 928.8
1351910 928.3
1351920 928.3
1351930 927.4
1351940 926.6
1351950 926.6
1351960 926.4
1351970 925.6
1351980 925.6
1351990 923.9
1352000 922.3
1352010 922.3
1352020 921.5
1352030 921.2
1352040 920.6
1352050 920.6
1352060 919.4
1352070 918.2
1352080 918.2
1352090 916.8
1352100 915.0
1352110 915.0
1352120 912.7
1352130 910.0
1352140 910.0
1352150 907.0
1352160 904.5
1352170 904.5
1352180 901.0
1352190 897.1
1352200 897.1
1352210 892.9
1352220 888.9
1352230 888.9
1352240 884.7
1352250 880.6
1352260 880.6
1352270 875.1
1352280 869.8
1352290 869.8
1352300 864.1
1352310 858.1
1352320 858.1
1352330 851.8
1352340 845.4
1352350 845.4
1352360 841.3
1352370 837.5
1352380 834.0
1352390 834.0
1352400 830.3
1352410 826.1
1352420 826.1
1352430 821.8
1352440 816.8
1352450 816.8
1352460 812.6
1352470 808.7
1352480 808.7
1352490 805.1
1352500 802.2
1352510 802.2
1352520 799.8
1352530 797.8
1352540 797.8
1352550 796.0
1352560 794.6
1352570 794.6
1352580 793.1
1352590 791.6
1352600 791.6
1352610 790.3
1352620 789.0
1352630 789.0
1352640 787.7
1352650 785.8
1352660 785.8
1352670 783.5
1352680 780.1
1352690 780.1
1352700 775.7
1352710 771.4
1352720 766.8
1352730 766.8
1352740 762.9
1352750 758.6
1352760 758.6
1352770 753.8
1352780 749.3
1352790 749.3
1352800 744.9
1352810 740.8
1352820 740.8
1352830 737.3
1352840 734.3
1352850 734.3
1352860 731.6
1352870 729.2
1352880 729.2
1352890 726.7
1352900 723.8
1352910 723.8
1352920 721.0
1352930 718.2
1352940 718.2
1352950 715.4
1352960 713.3
1352970 713.3
1352980 711.7
1352990 710.5
1353000 710.5
1353010 709.4
1353020 707.7
1353030 707.7
1353040 705.1
1353050 701.0
1353060 696.3
1353070 696.3
1353080 691.8
1353090 686.8
1353100 686.8
1353110 683.7
1353120 683.0
1353130 683.0
1353140 681.9
1353150 680.8
1353160 680.8
1353170 679.6
1353180 678.3
1353190 678.3
1353200 677.3
1353210 676.3
1353220 676.3
1353230 675.2
1353240 674.1
1353250 674.1
1353260 672.9
1353270 671.5
1353280 671.5
1353290 670.1
1353300 668.8
1353310 668.8
1353320 667.7
1353330 667.0
1353340 667.0
1353350 666.4
1353360 665.8
1353370 665.8
1353380 665.4
1353390 664.9
1353400 664.4
1353410 664.4
1353420 663.7
1353430 662.9
1353440 662.9
1353450 662.2
1353460 661.6
1353470 661.6
1353480 660.9
1353490 660.5
1353500 660.5
1353510 659.9
1353520 659.1
1353530 659.1
1353540 658.4
1353550 657.3
1353560 657.3
1353570 654.6
1353580 656.8
1353590 656.8
1353600 661.1
1353610 664.5
1353620 663.4
1353630 665.4
1353640 666.5
1353650 666.5
1353660 667.3
1353670 667.7
1353680 667.7
1353690 667.3
1353700 666.5
1353710 665.7
1353720 665.7
1353730 665.4
1353740 665.6
1353750 665.6
1353760 666.3
1353770 667.2
1353780 667.2
1353790 668.7
1353800 670.6
1353810 670.6
1353820 672.5
1353830 674.1
1353840 674.1
1353850 675.5
1353860 676.5
1353870 676.5
1353880 677.4
1353890 678.0
1353900 678.0
1353910 678.2
1353920 677.7
1353930 677.7
1353940 676.4
1353950 674.7
1353960 674.7
1353970 672.9
1353980 670.6
1353990 670.6
1354000 667.4
1354010 664.1
1354020 664.1
1354030 660.5
1354040 657.1
1354050 654.1
1354060 654.1
1354070 653.4
1354080 653.6
1354090 653.6
1354100 653.6
1354110 654.2
1354120 654.2
1354130 654.5
1354140 654.9
1354150 654.9
1354160 655.1
1354170 655.1
1354180 655.1
1354190 655.8
1354200 657.4
1354210 657.4
1354220 659.9
1354230 662.5
1354240 662.5
1354250 664.8
1354260 665.9
1354270 665.9
1354280 668.2
1354290 670.0
1354300 670.0
1354310 671.7
1354320 673.4
1354330 673.4
1354340 674.6
1354350 675.9
1354360 675.9
1354370 677.3
1354380 678.8
1354390 680.4
1354400 680.4
1354410 682.5
1354420 684.2
1354430 684.2
1354440 686.3
1354450 688.9
1354460 688.9
1354470 690.6
1354480 692.4
1354490 692.4
1354500 694.5
1354510 697.2
1354520 697.2
1354530 700.3
1354540 704.5
1354550 704.5
1354560 709.8
1354570 715.8
1354580 715.8
1354590 722.5
1354600 729.9
1354610 729.9
1354620 735.4
1354630 740.6
1354640 740.6
1354650 745.8
1354660 750.4
1354670 750.4
1354680 754.8
1354690 759.7
1354700 759.7
1354710 763.6
1354720 769.0
1354730 775.0
1354740 775.0
1354750 781.2
1354760 787.6
1354770 787.6
1354780 793.6
1354790 799.5
1354800 799.5
1354810 805.1
1354820 810.5
1354830 810.5
1354840 816.5
1354850 822.8
1354860 822.8
1354870 828.9
1354880 834.7
1354890 834.7
1354900 840.0
1354910 845.0
1354920 845.0
1354930 850.1
1354940 855.5
1354950 855.5
1354960 861.5
1354970 867.7
1354980 867.7
1354990 874.1
1355000 880.5
1355010 880.5
1355020 886.9
1355030 893.3
1355040 898.8
1355050 898.8
1355060 904.7
1355070 911.2
1355080 911.2
1355090 918.4
1355100 926.0
1355110 926.0
1355120 934.5
1355130 942.6
1355140 942.6
1355150 949.0
1355160 955.2
1355170 955.2
1355180 963.0
1355190 971.0
1355200 971.0
1355210 977.9
1355220 984.9
1355230 984.9
1355240 992.9
1355250 1001.1
1355260 1001.1
1355270 1008.3
1355280 1012.3
1355290 1012.3
1355300 1014.8
1355310 1017.4
1355320 1017.4
1355330 1020.5
1355340 1024.4
1355350 1024.4
1355360 1026.6
1355370 1027.9
1355380 1028.7
1355390 1028.7
1355400 1029.5
1355410 1030.2
1355420 1030.2
1355430 1030.5
1355440 1030.6
1355450 1030.6
1355460 1030.2
1355470 1029.4
1355480 1029.4
1355490 1028.2
1355500 1026.7
1355510 1026.7
1355520 1025.2
1355530 1023.8
1355540 1023.8
1355550 1022.4
1355560 1020.9
1355570 1020.9
1355580 1019.1
1355590 1019.6
1355600 1019.6
1355610 1017.5
1355620 1014.0
1355630 1014.0
1355640 1010.4
1355650 1007.4
1355660 1007.4
1355670 1003.8
1355680 997.7
1355690 997.7
1355700 991.8
1355710 985.9
1355720 980.0
1355730 980.0
1355740 973.9
1355750 967.2
1355760 967.2
1355770 961.5
1355780 962.3
1355790 962.3
1355800 960.7
1355810 955.9
1355820 955.9
1355830 955.5
1355840 954.9
1355850 954.9
1355860 952.5
1355870 948.7
1355880 948.7
1355890 943.6
1355900 937.4
1355910 937.4
1355920 931.1
1355930 924.0
1355940 924.0
1355950 918.7
1355960 918.0
1355970 918.0
1355980 917.4
1355990 917.3
1356000 917.3
1356010 919.5
1356020 918.7
1356030 918.7
1356040 918.9
1356050 919.4
1356060 922.1
1356070 922.1
1356080 923.2
1356090 923.9
1356100 923.9
1356110 924.7
1356120 924.7
1356130 924.7
1356140 918.8
1356150 909.9
1356160 909.9
1356170 904.3
1356180 910.5
1356190 910.5
1356200 918.9
1356210 926.9
1356220 926.9
1356230 937.9
1356240 946.8
1356250 946.8
1356260 953.7
1356270 959.7
1356280 959.7
1356290 965.9
1356300 971.9
1356310 971.9
1356320 976.8
1356330 982.9
1356340 982.9
1356350 987.4
1356360 991.7
1356370 996.5
1356380 996.5
1356390 1001.1
1356400 1006.1
1356410 1006.1
1356420 1011.0
1356430 1015.4
1356440 1015.4
1356450 1019.4
1356460 1023.5
1356470 1023.5
1356480 1027.6
1356490 1030.8
1356500 1030.8
1356510 1034.1
1356520 1037.3
1356530 1037.3
1356540 1040.7
1356550 1044.1
1356560 1044.1
1356570 1046.8
1356580 1043.1
1356590 1043.1
1356600 1042.3
1356610 1042.0
1356620 1042.0
1356630 1042.6
1356640 1044.7
1356650 1044.7
1356660 1048.3
1356670 1052.9
1356680 1052.9
1356690 1055.9
1356700 1058.0
1356710 1060.1
1356720 1060.1
1356730 1062.1
1356740 1063.6
1356750 1063.6
1356760 1064.7
1356770 1066.3
1356780 1066.3
1356790 1068.3
1356800 1070.0
1356810 1070.0
1356820 1071.7
1356830 1074.0
1356840 1074.0
1356850 1076.7
1356860 1079.1
1356870 1079.1
1356880 1080.9
1356890 1082.0
1356900 1082.0
1356910 1082.5
1356920 1082.9
1356930 1082.9
1356940 1083.6
1356950 1082.9
1356960 1082.9
1356970 1078.9
1356980 1074.4
1356990 1074.4
1357000 1070.3
1357010 1065.9
1357020 1065.9
1357030 1062.2
1357040 1058.5
1357050 1055.9
1357060 1055.9
1357070 1056.1
1357080 1054.0
1357090 1054.0
1357100 1051.6
1357110 1046.4
1357120 1046.4
1357130 1040.8
1357140 1039.1
1357150 1039.1
1357160 1040.3
1357170 1040.2
1357180 1040.2
1357190 1038.2
1357200 1035.4
1357210 1035.4
1357220 1031.4
1357230 1026.4
1357240 1026.4
1357250 1021.6
1357260 1017.3
1357270 1017.3
1357280 1013.9
1357290 1013.3
1357300 1013.3
1357310 1013.3
1357320 1012.6
1357330 1012.6
1357340 1008.0
1357350 1002.9
1357360 1002.9
1357370 1001.9
1357380 1002.5
1357390 999.4
1357400 999.4
1357410 996.7
1357420 993.8
1357430 993.8
1357440 990.7
1357450 988.3
1357460 988.3
1357470 986.7
1357480 983.6
1357490 983.6
1357500 981.1
1357510 980.1
1357520 980.1
1357530 979.5
1357540 980.1
1357550 980.1
1357560 981.2
1357570 982.4
1357580 986.5
1357590 984.5
1357600 979.2
1357610 979.2
1357620 972.8
1357630 966.7
1357640 966.7
1357650 966.0
1357660 962.3
1357670 962.3
1357680 953.9
1357690 943.4
1357700 938.3
1357710 938.3
1357720 940.6
1357730 940.2
1357740 940.2
1357750 938.5
1357760 936.3
1357770 936.3
1357780 934.2
1357790 931.2
1357800 931.2
1357810 926.6
1357820 921.1
1357830 921.1
1357840 915.9
1357850 912.6
1357860 912.6
1357870 910.8
1357880 910.0
1357890 910.0
1357900 909.4
1357910 908.9
1357920 908.9
1357930 908.1
1357940 908.7
1357950 908.7
1357960 909.2
1357970 911.3
1357980 911.3
1357990 913.0
1358000 913.4
1358010 913.4
1358020 913.2
1358030 912.8
1358040 911.4
1358050 911.4
1358060 907.9
1358070 901.6
1358080 901.6
1358090 896.9
1358100 890.5
1358110 890.5
1358120 889.1
1358130 891.3
1358140 891.3
1358150 885.3
1358160 877.7
1358170 877.7
1358180 870.3
1358190 865.5
1358200 865.5
1358210 861.9
1358220 860.8
1358230 860.8
1358240 863.9
1358250 869.2
1358260 869.2
1358270 872.7
1358280 869.6
1358290 869.6
1358300 861.3
1358310 855.6
1358320 855.6
1358330 849.1
1358340 841.9
1358350 841.9
1358360 843.0
1358370 840.4
1358380 836.1
1358390 836.1
1358400 831.4
1358410 827.0
1358420 827.0
1358430 821.3
1358440 814.3
1358450 814.3
1358460 807.8
1358470 802.9
1358480 802.9
1358490 805.3
1358500 810.8
1358510 810.8
1358520 814.1
1358530 819.4
1358540 819.4
1358550 824.5
1358560 829.4
1358570 829.4
1358580 833.6
1358590 839.8
1358600 839.8
1358610 844.7
1358620 851.1
1358630 851.1
1358640 858.5
1358650 864.4
1358660 864.4
1358670 869.2
1358680 873.8
1358690 873.8
1358700 878.9
1358710 884.3
1358720 889.2
1358730 889.2
1358740 893.5
1358750 898.9
1358760 898.9
1358770 904.7
1358780 908.4
1358790 908.4
1358800 912.4
1358810 914.8
1358820 914.8
1358830 916.1
1358840 915.7
1358850 915.7
1358860 911.5
1358870 912.7
1358880 912.7
1358890 920.3
1358900 928.2
1358910 928.2
1358920 933.9
1358930 938.9
1358940 938.9
1358950 944.3
1358960 947.9
1358970 947.9
1358980 951.9
1358990 955.7
1359000 955.7
1359010 958.9
1359020 963.0
1359030 967.6
1359040 967.6
1359050 972.0
1359060 976.7
1359070 976.7
1359080 982.4
1359090 988.3
1359100 988.3
1359110 993.2
1359120 998.6
1359130 998.6
1359140 1003.7
1359150 1007.9
1359160 1007.9
1359170 1011.3
1359180 1014.7
1359190 1014.7
1359200 1018.7
1359210 1022.8
1359220 1022.8
1359230 1025.4
1359240 1027.1
1359250 1027.1
1359260 1029.0
1359270 1032.1
1359280 1032.1
1359290 1034.8
1359300 1036.4
1359310 1036.4
1359320 1042.1
1359330 1048.0
1359340 1048.0
1359350 1053.9
1359360 1060.0
1359370 1064.6
1359380 1064.6
1359390 1065.2
1359400 1065.5
1359410 1065.5
1359420 1067.6
1359430 1072.1
1359440 1072.1
1359450 1077.4
1359460 1083.3
1359470 1083.3
1359480 1088.5
1359490 1093.7
1359500 1093.7
1359510 1099.6
1359520 1105.1
1359530 1105.1
1359540 1109.0
1359550 1113.5
1359560 1113.5
1359570 1117.9
1359580 1122.1
1359590 1122.1
1359600 1126.3
1359610 1128.8
1359620 1128.8
1359630 1132.9
1359640 1137.7
1359650 1137.7
1359660 1141.7
1359670 1146.2
1359680 1146.2
1359690 1150.2
1359700 1153.1
1359710 1155.3
1359720 1155.3
1359730 1158.2
1359740 1160.9
1359750 1160.9
1359760 1163.5
1359770 1166.6
1359780 1166.6
1359790 1169.1
1359800 1172.8
1359810 1172.8
1359820 1176.7
1359830 1180.0
1359840 1180.0
1359850 1182.7
1359860 1185.2
1359870 1185.2
1359880 1187.9
1359890 1189.4
1359900 1189.4
1359910 1190.8
1359920 1193.2
1359930 1193.2
1359940 1195.9
1359950 1198.2
1359960 1198.2
1359970 1199.8
1359980 1201.9
1359990 1201.9
