1340000 666.5
1340010 665.5
1340020 664.4
1340030 664.4
1340040 663.3
1340050 662.1
1340060 662.1
1340070 661.1
1340080 660.1
1340090 660.1
1340100 659.1
1340110 658.0
1340120 658.0
1340130 657.1
1340140 656.4
1340150 656.4
1340160 655.4
1340170 654.4
1340180 654.4
1340190 653.5
1340200 652.6
1340210 652.6
1340220 651.4
1340230 650.3
1340240 650.3
1340250 649.0
1340260 647.7
1340270 647.7
1340280 646.5
1340290 644.2
1340300 643.3
1340310 643.3
1340320 642.6
1340330 641.8
1340340 641.8
1340350 640.8
1340360 640.0
1340370 640.0
1340380 639.2
1340390 638.5
1340400 638.5
1340410 637.9
1340420 637.2
1340430 637.2
1340440 636.5
1340450 635.9
1340460 635.9
1340470 635.3
1340480 634.7
1340490 634.7
1340500 633.9
1340510 633.1
1340520 633.1
1340530 632.3
1340540 631.7
1340550 631.7
1340560 631.0
1340570 630.3
1340580 630.3
1340590 629.5
1340600 628.6
1340610 628.6
1340620 627.6
1340630 626.7
1340640 625.9
1340650 625.9
1340660 625.2
1340670 624.5
1340680 624.5
1340690 623.7
1340700 622.9
1340710 622.9
1340720 622.2
1340730 621.2
1340740 621.2
1340750 620.2
1340760 619.2
1340770 619.2
1340780 618.3
1340790 617.5
1340800 617.5
1340810 616.6
1340820 615.8
1340830 615.8
1340840 615.1
1340850 614.4
1340860 614.4
1340870 613.4
1340880 612.4
1340890 612.4
1340900 611.4
1340910 610.6
1340920 610.6
1340930 609.7
1340940 608.7
1340950 608.7
1340960 607.9
1340970 606.9
1340980 605.8
1340990 605.8
1341000 604.8
1341010 603.6
1341020 603.6
1341030 602.6
1341040 601.4
1341050 601.4
1341060 600.3
1341070 599.1
1341080 599.1
1341090 598.2
1341100 597.8
1341110 597.8
1341120 597.6
1341130 597.4
1341140 597.4
1341150 596.5
1341160 594.4
1341170 594.4
1341180 592.8
1341190 591.7
1341200 591.7
1341210 590.6
1341220 589.1
1341230 589.1
1341240 588.0
1341250 586.9
1341260 586.9
1341270 585.2
1341280 583.4
1341290 583.4
1341300 581.9
1341310 580.7
1341320 579.6
1341330 579.6
1341340 578.8
1341350 578.0
1341360 578.0
1341370 577.1
1341380 576.5
1341390 576.5
1341400 576.2
1341410 576.0
1341420 576.0
1341430 575.2
1341440 574.8
1341450 574.8
1341460 574.5
1341470 574.3
1341480 574.3
1341490 574.3
1341500 574.1
1341510 574.1
1341520 574.0
1341530 573.9
1341540 573.9
1341550 573.6
1341560 573.3
1341570 573.3
1341580 573.0
1341590 572.9
1341600 572.9
1341610 572.7
1341620 572.7
1341630 572.7
1341640 572.5
1341650 572.3
1341660 572.0
1341670 572.0
1341680 571.6
1341690 571.2
1341700 571.2
1341710 571.0
1341720 570.8
1341730 570.8
1341740 570.3
1341750 569.4
1341760 569.4
1341770 569.1
1341780 568.5
1341790 568.5
1341800 567.7
1341810 567.3
1341820 567.3
1341830 568.2
1341840 568.6
1341850 568.6
1341860 568.0
1341870 566.8
1341880 566.8
1341890 565.0
1341900 563.0
1341910 563.0
1341920 560.4
1341930 557.1
1341940 557.1
1341950 554.0
1341960 551.7
1341970 551.7
1341980 549.9
1341990 548.6
1342000 547.5
1342010 547.5
1342020 547.3
1342030 547.2
1342040 547.2
1342050 541.9
1342060 530.6
1342070 530.6
1342080 510.9
1342090 502.2
1342100 502.2
1342110 499.0
1342120 497.3
1342130 497.3
1342140 497.2
1342150 497.2
1342160 497.2
1342170 497.2
1342180 497.2
1342190 497.2
1342200 497.2
1342210 497.2
1342220 497.2
1342230 497.2
1342240 497.2
1342250 497.2
1342260 497.2
1342270 497.2
1342280 497.2
1342290 497.3
1342300 498.9
1342310 498.9
1342320 501.3
1342330 504.3
1342340 506.4
1342350 506.4
1342360 507.5
1342370 508.8
1342380 508.8
1342390 508.8
1342400 509.0
1342410 509.0
1342420 508.6
1342430 509.8
1342440 509.8
1342450 508.8
1342460 503.7
1342470 503.7
1342480 500.4
1342490 500.1
1342500 500.1
1342510 500.1
1342520 499.9
1342530 499.9
1342540 499.7
1342550 499.8
1342560 499.8
1342570 500.0
1342580 500.7
1342590 500.7
1342600 500.2
1342610 499.9
1342620 499.9
1342630 499.7
1342640 499.6
1342650 499.8
1342660 499.8
1342670 499.9
1342680 500.0
1342690 500.0
1342700 500.1
1342710 500.1
1342720 500.1
1342730 499.9
1342740 499.8
1342750 499.8
1342760 499.8
1342770 500.1
1342780 500.1
1342790 500.9
1342800 501.5
1342810 501.5
1342820 499.9
1342830 498.9
1342840 498.9
1342850 498.9
1342860 499.8
1342870 499.8
1342880 501.9
1342890 502.4
1342900 502.4
1342910 501.7
1342920 501.1
1342930 501.1
1342940 500.7
1342950 500.8
1342960 500.8
1342970 500.9
1342980 501.0
1342990 501.1
1343000 501.1
1343010 501.2
1343020 501.4
1343030 501.4
1343040 501.5
1343050 501.6
1343060 501.6
1343070 501.6
1343080 501.5
1343090 501.5
1343100 501.6
1343110 501.8
1343120 501.8
1343130 501.9
1343140 502.0
1343150 502.0
1343160 502.1
1343170 502.2
1343180 502.2
1343190 502.3
1343200 502.5
1343210 502.5
1343220 502.6
1343230 502.6
1343240 502.6
1343250 502.6
1343260 502.7
1343270 502.7
1343280 502.9
1343290 503.3
1343300 503.3
1343310 503.9
1343320 504.8
1343330 505.9
1343340 505.9
1343350 507.2
1343360 505.9
1343370 505.9
1343380 509.2
1343390 511.2
1343400 511.2
1343410 512.1
1343420 512.9
1343430 512.9
1343440 513.5
1343450 513.9
1343460 513.9
1343470 514.1
1343480 514.2
1343490 514.2
1343500 514.3
1343510 514.3
1343520 514.3
1343530 514.3
1343540 514.2
1343550 514.2
1343560 513.9
1343570 512.1
1343580 512.1
1343590 509.0
1343600 506.5
1343610 506.5
1343620 506.0
1343630 506.8
1343640 506.8
1343650 508.3
1343660 510.8
1343670 513.6
1343680 513.6
1343690 513.9
1343700 513.8
1343710 513.8
1343720 513.5
1343730 513.2
1343740 513.2
1343750 512.7
1343760 511.9
1343770 511.9
1343780 510.8
1343790 509.5
1343800 509.5
1343810 508.2
1343820 507.2
1343830 507.2
1343840 506.6
1343850 506.4
1343860 506.4
1343870 506.4
1343880 507.3
1343890 507.3
1343900 507.0
1343910 506.9
1343920 506.9
1343930 506.9
1343940 506.9
1343950 506.9
1343960 506.9
1343970 507.0
1343980 507.0
1343990 507.1
1344000 507.1
1344010 507.2
1344020 507.2
1344030 507.2
1344040 507.2
1344050 507.2
1344060 507.3
1344070 507.3
1344080 507.3
1344090 507.2
1344100 507.3
1344110 507.3
1344120 507.4
1344130 507.5
1344140 507.5
1344150 507.6
1344160 507.7
1344170 507.7
1344180 507.8
1344190 507.9
1344200 507.9
1344210 508.0
1344220 508.0
1344230 508.0
1344240 508.0
1344250 508.1
1344260 508.1
1344270 508.2
1344280 508.4
1344290 508.4
1344300 508.5
1344310 508.5
1344320 508.5
1344330 508.5
1344340 508.4
1344350 508.4
1344360 508.4
1344370 508.4
1344380 508.6
1344390 508.6
1344400 508.6
1344410 508.6
1344420 508.6
1344430 508.6
1344440 508.7
1344450 508.7
1344460 508.7
1344470 508.8
1344480 508.8
1344490 508.9
1344500 509.0
1344510 509.0
1344520 509.0
1344530 509.0
1344540 509.0
1344550 509.0
1344560 509.1
1344570 509.1
1344580 509.2
1344590 509.2
1344600 509.2
1344610 509.3
1344620 509.4
1344630 509.4
1344640 509.4
1344650 509.6
1344660 509.6
1344670 509.9
1344680 511.1
1344690 512.9
1344700 512.9
1344710 514.5
1344720 514.7
1344730 514.7
1344740 514.6
1344750 514.6
1344760 514.6
1344770 514.3
1344780 514.2
1344790 514.5
1344800 514.4
1344810 514.6
1344820 514.6
1344830 515.0
1344840 515.3
1344850 515.3
1344860 515.8
1344870 516.5
1344880 516.5
1344890 517.4
1344900 518.8
1344910 518.8
1344920 519.5
1344930 520.5
1344940 520.5
1344950 521.5
1344960 522.3
1344970 522.3
1344980 523.2
1344990 524.9
1345000 524.9
1345010 530.1
1345020 541.7
1345030 553.4
1345040 553.4
1345050 561.7
1345060 565.4
1345070 565.4
1345080 566.3
1345090 566.1
1345100 566.1
1345110 564.8
1345120 562.8
1345130 562.8
1345140 558.3
1345150 555.7
1345160 555.7
1345170 554.4
1345180 552.7
1345190 552.7
1345200 551.2
1345210 548.4
1345220 548.4
1345230 544.2
1345240 540.3
1345250 540.3
1345260 537.0
1345270 533.1
1345280 533.1
1345290 528.9
1345300 525.9
1345310 525.9
1345320 524.5
1345330 523.9
1345340 523.9
1345350 523.6
1345360 523.6
1345370 523.6
1345380 523.6
1345390 523.6
1345400 523.8
1345410 523.8
1345420 523.9
1345430 524.0
1345440 524.0
1345450 524.1
1345460 524.2
1345470 524.2
1345480 524.4
1345490 524.5
1345500 524.5
1345510 524.6
1345520 524.7
1345530 524.7
1345540 524.8
1345550 524.2
1345560 524.2
1345570 522.2
1345580 520.1
1345590 520.1
1345600 518.9
1345610 518.2
1345620 518.2
1345630 517.9
1345640 518.0
1345650 518.0
1345660 518.3
1345670 518.1
1345680 518.1
1345690 518.6
1345700 518.9
1345710 518.3
1345720 518.3
1345730 518.1
1345740 518.0
1345750 518.0
1345760 518.0
1345770 517.9
1345780 517.9
1345790 517.9
1345800 517.9
1345810 517.9
1345820 517.9
1345830 517.9
1345840 517.9
1345850 518.0
1345860 518.0
1345870 518.0
1345880 518.1
1345890 518.1
1345900 518.1
1345910 518.2
1345920 518.2
1345930 518.2
1345940 518.2
1345950 518.2
1345960 518.2
1345970 518.2
1345980 518.3
1345990 518.3
1346000 518.4
1346010 518.5
1346020 518.6
1346030 518.6
1346040 518.8
1346050 518.8
1346060 518.8
1346070 518.9
1346080 518.9
1346090 518.9
1346100 519.0
1346110 519.1
1346120 519.1
1346130 519.2
1346140 519.3
1346150 519.3
1346160 520.0
1346170 520.5
1346180 520.5
1346190 520.7
1346200 520.7
1346210 520.7
1346220 520.6
1346230 520.6
1346240 520.6
1346250 520.6
1346260 520.6
1346270 520.6
1346280 521.0
1346290 522.0
1346300 522.0
1346310 522.3
1346320 523.7
1346330 523.7
1346340 528.2
1346350 530.1
1346360 531.0
1346370 531.0
1346380 532.8
1346390 532.6
1346400 532.6
1346410 532.8
1346420 533.0
1346430 533.0
1346440 533.1
1346450 533.7
1346460 533.7
1346470 536.0
1346480 540.1
1346490 540.1
1346500 544.2
1346510 546.8
1346520 546.8
1346530 548.5
1346540 549.7
1346550 549.7
1346560 551.3
1346570 554.2
1346580 554.2
1346590 559.0
1346600 564.8
1346610 564.8
1346620 569.9
1346630 574.8
1346640 577.3
1346650 581.4
1346660 594.5
1346670 594.5
1346680 606.1
1346690 612.0
1346700 615.9
1346710 615.9
1346720 618.3
1346730 620.9
1346740 620.9
1346750 624.3
1346760 627.3
1346770 627.3
1346780 629.6
1346790 630.7
1346800 630.7
1346810 628.7
1346820 627.8
1346830 627.8
1346840 629.4
1346850 632.0
1346860 632.0
1346870 634.9
1346880 639.5
1346890 639.5
1346900 642.3
1346910 643.9
1346920 643.9
1346930 645.2
1346940 645.7
1346950 645.7
1346960 646.1
1346970 647.2
1346980 647.2
1346990 649.7
1347000 652.4
1347010 652.4
1347020 656.2
1347030 659.2
1347040 666.8
1347050 666.8
1347060 676.0
1347070 680.7
1347080 680.7
1347090 682.9
1347100 684.6
1347110 684.6
1347120 685.3
1347130 685.0
1347140 685.0
1347150 683.8
1347160 682.8
1347170 682.8
1347180 681.8
1347190 680.2
1347200 680.2
1347210 678.8
1347220 678.4
1347230 678.4
1347240 678.3
1347250 678.2
1347260 678.2
1347270 677.5
1347280 676.0
1347290 676.0
1347300 672.8
1347310 669.5
1347320 669.5
1347330 666.4
1347340 663.7
1347350 663.7
1347360 661.1
1347370 654.8
1347380 647.3
1347390 647.3
1347400 644.4
1347410 644.4
1347420 644.4
1347430 644.9
1347440 645.9
1347450 645.9
1347460 647.3
1347470 649.3
1347480 649.3
1347490 651.9
1347500 654.9
1347510 654.9
1347520 657.2
1347530 659.3
1347540 659.3
1347550 661.7
1347560 666.9
1347570 666.9
1347580 670.7
1347590 673.5
1347600 673.5
1347610 675.9
1347620 678.7
1347630 678.7
1347640 681.7
1347650 685.1
1347660 685.1
1347670 688.3
1347680 691.5
1347690 691.5
1347700 694.4
1347710 696.8
1347720 699.1
1347730 699.1
1347740 701.3
1347750 703.6
1347760 703.6
1347770 705.9
1347780 708.2
1347790 708.2
1347800 710.2
1347810 712.5
1347820 712.5
1347830 714.9
1347840 717.5
1347850 717.5
1347860 720.6
1347870 723.2
1347880 723.2
1347890 725.6
1347900 728.4
1347910 728.4
1347920 731.9
1347930 735.1
1347940 735.1
1347950 736.2
1347960 737.4
1347970 737.4
1347980 740.5
1347990 745.0
1348000 745.0
1348010 746.0
1348020 742.1
1348030 742.1
1348040 735.6
1348050 729.9
1348060 725.3
1348070 725.3
1348080 722.3
1348090 721.5
1348100 721.5
1348110 722.3
1348120 723.6
1348130 723.6
1348140 725.1
1348150 726.7
1348160 726.7
1348170 728.7
1348180 731.1
1348190 731.1
1348200 733.8
1348210 736.7
1348220 736.7
1348230 738.3
1348240 738.8
1348250 738.8
1348260 739.0
1348270 738.0
1348280 738.0
1348290 737.2
1348300 736.4
1348310 736.4
1348320 736.0
1348330 736.0
1348340 736.0
1348350 736.0
1348360 734.7
1348370 734.7
1348380 733.4
1348390 732.6
1348400 731.9
1348410 731.9
1348420 732.0
1348430 732.3
1348440 732.3
1348450 732.9
1348460 733.8
1348470 733.8
1348480 735.1
1348490 736.2
1348500 739.5
1348510 740.6
1348520 741.9
1348530 741.9
1348540 741.8
1348550 740.5
1348560 740.5
1348570 739.8
1348580 736.5
1348590 736.5
1348600 736.2
1348610 743.3
1348620 743.3
1348630 748.0
1348640 747.3
1348650 747.3
1348660 745.5
1348670 749.7
1348680 749.7
1348690 752.9
1348700 755.2
1348710 755.2
1348720 757.0
1348730 755.5
1348740 753.3
1348750 753.3
1348760 752.9
1348770 753.1
1348780 753.1
1348790 753.9
1348800 754.1
1348810 754.1
1348820 751.1
1348830 749.7
1348840 749.7
1348850 752.5
1348860 754.8
1348870 754.8
1348880 752.5
1348890 751.2
1348900 751.2
1348910 758.0
1348920 764.6
1348930 764.6
1348940 769.9
1348950 771.7
1348960 771.7
1348970 773.1
1348980 776.6
1348990 776.6
1349000 779.2
1349010 780.3
1349020 780.3
1349030 781.7
1349040 783.3
1349050 783.3
1349060 779.8
1349070 771.1
1349080 768.6
1349090 768.6
1349100 767.6
1349110 767.5
1349120 767.5
1349130 767.5
1349140 767.4
1349150 767.4
1349160 767.4
1349170 767.7
1349180 767.7
1349190 768.6
1349200 770.1
1349210 770.1
1349220 773.7
1349230 776.6
1349240 776.6
1349250 780.7
1349260 783.5
1349270 783.5
1349280 784.8
1349290 788.2
1349300 788.2
1349310 794.3
1349320 796.7
1349330 796.7
1349340 797.2
1349350 798.3
1349360 798.3
1349370 799.7
1349380 802.1
1349390 802.1
1349400 803.3
1349410 804.5
1349420 807.5
1349430 807.5
1349440 817.5
1349450 820.5
1349460 820.5
1349470 824.4
1349480 828.0
1349490 828.0
1349500 828.0
1349510 826.3
1349520 826.3
1349530 825.8
1349540 829.4
1349550 829.4
1349560 832.8
1349570 835.1
1349580 835.1
1349590 835.7
1349600 836.1
1349610 836.1
1349620 840.6
1349630 846.4
1349640 846.4
1349650 853.1
1349660 864.1
1349670 864.1
1349680 876.7
1349690 885.1
1349700 885.1
1349710 894.1
1349720 900.3
1349730 896.2
1349740 896.2
1349750 893.6
1349760 908.4
1349770 908.4
1349780 912.8
1349790 911.6
1349800 911.6
1349810 909.0
1349820 905.6
1349830 905.6
1349840 903.7
1349850 903.0
1349860 903.0
1349870 902.2
1349880 901.9
1349890 901.9
1349900 902.1
1349910 901.4
1349920 901.4
1349930 900.6
1349940 900.8
1349950 900.8
1349960 900.8
1349970 902.0
1349980 902.0
1349990 904.3
1350000 904.0
1350010 904.0
1350020 902.7
1350030 908.3
1350040 908.3
1350050 914.2
1350060 917.8
1350070 918.3
1350080 918.3
1350090 919.9
1350100 923.6
1350110 923.6
1350120 926.2
1350130 927.3
1350140 927.3
1350150 929.0
1350160 931.3
1350170 931.3
1350180 934.4
1350190 937.6
1350200 937.6
1350210 942.0
1350220 948.4
1350230 948.4
1350240 954.7
1350250 960.3
1350260 960.3
1350270 962.1
1350280 964.8
1350290 964.8
1350300 967.4
1350310 970.0
1350320 970.0
1350330 970.0
1350340 973.0
1350350 973.0
1350360 977.0
1350370 979.4
1350380 979.4
1350390 990.8
1350400 993.5
1350410 994.4
1350420 994.4
1350430 997.9
1350440 1002.0
1350450 1002.0
1350460 1005.0
1350470 1006.1
1350480 1006.1
1350490 1008.7
1350500 1012.9
1350510 1012.9
1350520 1016.9
1350530 1020.5
1350540 1020.5
1350550 1023.7
1350560 1027.8
1350570 1027.8
1350580 1032.4
1350590 1036.0
1350600 1036.0
1350610 1040.8
1350620 1045.7
1350630 1045.7
1350640 1050.1
1350650 1054.5
1350660 1054.5
1350670 1061.1
1350680 1068.6
1350690 1068.6
1350700 1073.6
1350710 1076.3
1350720 1076.3
1350730 1079.3
1350740 1082.5
1350750 1085.4
1350760 1085.4
1350770 1089.3
1350780 1094.2
1350790 1094.2
1350800 1097.0
1350810 1098.2
1350820 1098.2
1350830 1099.1
1350840 1099.6
1350850 1099.6
1350860 1101.0
1350870 1103.8
1350880 1103.8
1350890 1106.7
1350900 1110.9
1350910 1110.9
1350920 1115.0
1350930 1116.9
1350940 1116.9
1350950 1119.1
1350960 1121.8
1350970 1121.8
1350980 1124.2
1350990 1126.0
1351000 1126.0
1351010 1127.3
1351020 1128.2
1351030 1128.2
1351040 1127.8
1351050 1125.0
1351060 1125.0
1351070 1121.0
1351080 1114.7
1351090 1104.7
1351100 1104.7
1351110 1093.7
1351120 1086.4
1351130 1086.4
1351140 1079.9
1351150 1075.1
1351160 1075.1
1351170 1071.2
1351180 1067.6
1351190 1067.6
1351200 1061.6
1351210 1057.4
1351220 1057.4
1351230 1060.8
1351240 1063.4
1351250 1063.4
1351260 1066.9
1351270 1069.9
1351280 1069.9
1351290 1071.0
1351300 1069.7
1351310 1069.7
1351320 1068.3
1351330 1066.3
1351340 1071.4
1351350 1069.5
1351360 1066.6
1351370 1066.6
1351380 1063.7
1351390 1063.9
1351400 1063.9
1351410 1061.3
1351420 1061.2
1351430 1061.3
1351440 1061.3
1351450 1060.9
1351460 1059.7
1351470 1059.7
1351480 1057.8
1351490 1055.8
1351500 1055.8
1351510 1054.3
1351520 1052.3
1351530 1052.3
1351540 1050.4
1351550 1048.2
1351560 1048.2
1351570 1046.1
1351580 1044.1
1351590 1044.1
1351600 1041.2
1351610 1038.7
1351620 1038.7
1351630 1036.2
1351640 1032.8
1351650 1032.8
1351660 1031.7
1351670 1030.3
1351680 1030.3
1351690 1028.2
1351700 1024.9
1351710 1024.9
1351720 1022.9
1351730 1022.8
1351740 1022.8
1351750 1022.0
1351760 1020.8
1351770 1018.7
1351780 1018.7
1351790 1016.7
1351800 1014.7
1351810 1014.7
1351820 1013.0
1351830 1011.3
1351840 1011.3
1351850 1008.8
1351860 1006.0
1351870 1006.0
1351880 1004.4
1351890 1001.3
1351900 1001.3
1351910 998.4
1351920 994.8
1351930 994.8
1351940 992.8
1351950 990.6
1351960 990.6
1351970 988.9
1351980 987.6
1351990 987.6
1352000 985.8
1352010 983.9
1352020 983.9
1352030 982.4
1352040 979.9
1352050 979.9
1352060 979.2
1352070 977.8
1352080 977.8
1352090 976.4
1352100 975.4
1352110 974.5
1352120 974.5
1352130 973.6
1352140 972.8
1352150 972.8
1352160 971.3
1352170 968.2
1352180 968.2
1352190 964.5
1352200 961.4
1352210 961.4
1352220 958.4
1352230 955.6
1352240 955.6
1352250 952.8
1352260 950.1
1352270 950.1
1352280 947.8
1352290 945.5
1352300 948.0
1352310 946.9
1352320 945.3
1352330 945.3
1352340 943.6
1352350 942.3
1352360 942.3
1352370 941.3
1352380 939.5
1352390 939.5
1352400 936.4
1352410 932.3
1352420 932.3
1352430 928.9
1352440 925.6
1352450 922.7
1352460 922.7
1352470 920.9
1352480 918.9
1352490 918.9
1352500 915.4
1352510 911.5
1352520 911.5
1352530 908.0
1352540 904.0
1352550 904.0
1352560 899.2
1352570 894.9
1352580 894.9
1352590 892.4
1352600 890.0
1352610 890.0
1352620 887.2
1352630 884.5
1352640 884.5
1352650 880.4
1352660 875.0
1352670 875.0
1352680 870.5
1352690 865.6
1352700 865.6
1352710 860.4
1352720 854.6
1352730 854.6
1352740 846.7
1352750 842.8
1352760 842.8
1352770 838.0
1352780 830.2
1352790 824.0
1352800 824.0
1352810 816.5
1352820 810.1
1352830 810.1
1352840 805.1
1352850 801.2
1352860 801.2
1352870 797.9
1352880 793.3
1352890 793.3
1352900 788.6
1352910 784.8
1352920 784.8
1352930 781.3
1352940 777.6
1352950 777.6
1352960 773.5
1352970 770.5
1352980 770.5
1352990 768.4
1353000 765.5
1353010 765.5
1353020 761.5
1353030 758.4
1353040 758.4
1353050 755.7
1353060 752.8
1353070 752.8
1353080 749.9
1353090 747.1
1353100 747.1
1353110 744.9
1353120 743.5
1353130 743.2
1353140 743.2
1353150 742.4
1353160 741.3
1353170 741.3
1353180 739.8
1353190 738.0
1353200 738.0
1353210 736.1
1353220 734.7
1353230 734.7
1353240 733.2
1353250 731.6
1353260 731.6
1353270 729.5
1353280 728.0
1353290 728.0
1353300 726.6
1353310 725.4
1353320 725.4
1353330 724.3
1353340 723.2
1353350 723.2
1353360 722.3
1353370 721.2
1353380 721.2
1353390 719.8
1353400 718.6
1353410 718.6
1353420 717.6
1353430 716.8
1353440 715.9
1353450 715.9
1353460 715.0
1353470 714.1
1353480 714.1
1353490 713.1
1353500 712.3
1353510 712.3
1353520 711.7
1353530 711.4
1353540 711.4
1353550 711.1
1353560 710.7
1353570 710.7
1353580 710.6
1353590 710.7
1353600 710.7
1353610 711.0
1353620 712.5
1353630 712.5
1353640 713.5
1353650 713.5
1353660 713.5
1353670 713.2
1353680 712.8
1353690 712.8
1353700 712.4
1353710 712.6
1353720 712.6
1353730 713.7
1353740 714.1
1353750 714.1
1353760 713.4
1353770 713.3
1353780 713.7
1353790 713.7
1353800 714.2
1353810 714.5
1353820 714.5
1353830 714.8
1353840 715.3
1353850 715.3
1353860 715.7
1353870 716.1
1353880 716.1
1353890 716.6
1353900 717.1
1353910 717.1
1353920 717.5
1353930 717.9
1353940 717.9
1353950 718.3
1353960 718.5
1353970 718.5
1353980 718.7
1353990 719.0
1354000 719.0
1354010 719.3
1354020 719.5
1354030 719.5
1354040 719.6
1354050 719.8
1354060 719.8
1354070 720.2
1354080 720.4
1354090 720.4
1354100 720.4
1354110 720.4
1354120 720.6
1354130 720.6
1354140 720.7
1354150 720.9
1354160 720.9
1354170 720.9
1354180 720.9
1354190 720.9
1354200 721.2
1354210 721.1
1354220 721.1
1354230 721.0
1354240 720.8
1354250 719.5
1354260 719.3
1354270 719.1
1354280 719.1
1354290 719.0
1354300 719.0
1354310 719.0
1354320 719.2
1354330 719.1
1354340 719.1
1354350 718.9
1354360 718.9
1354370 718.9
1354380 718.9
1354390 719.0
1354400 719.0
1354410 719.0
1354420 719.2
1354430 719.2
1354440 719.0
1354450 718.9
1354460 718.8
1354470 718.8
1354480 718.7
1354490 718.5
1354500 718.5
1354510 718.3
1354520 718.1
1354530 718.1
1354540 718.0
1354550 717.9
1354560 717.9
1354570 717.6
1354580 717.3
1354590 717.3
1354600 717.0
1354610 716.9
1354620 716.9
1354630 716.5
1354640 716.1
1354650 716.1
1354660 715.9
1354670 716.0
1354680 716.0
1354690 716.1
1354700 715.8
1354710 715.8
1354720 715.4
1354730 715.1
1354740 715.1
1354750 715.0
1354760 714.9
1354770 714.9
1354780 714.7
1354790 714.3
1354800 713.9
1354810 713.9
1354820 713.3
1354830 712.6
1354840 712.6
1354850 712.1
1354860 712.0
1354870 712.0
1354880 711.1
1354890 709.7
1354900 709.7
1354910 708.8
1354920 707.9
1354930 707.9
1354940 707.0
1354950 706.0
1354960 706.0
1354970 704.8
1354980 703.8
1354990 703.8
1355000 703.1
1355010 702.2
1355020 702.2
1355030 701.9
1355040 701.9
1355050 701.9
1355060 701.9
1355070 702.0
1355080 702.0
1355090 703.5
1355100 704.5
1355110 704.5
1355120 704.2
1355130 703.7
1355140 703.5
1355150 703.5
1355160 703.6
1355170 703.8
1355180 703.8
1355190 704.0
1355200 704.2
1355210 704.2
1355220 704.5
1355230 704.8
1355240 704.8
1355250 705.1
1355260 705.5
1355270 705.5
1355280 705.9
1355290 706.6
1355300 706.6
1355310 707.4
1355320 709.4
1355330 709.4
1355340 712.7
1355350 716.1
1355360 716.1
1355370 720.5
1355380 724.4
1355390 724.4
1355400 727.1
1355410 729.9
1355420 729.9
1355430 733.1
1355440 735.2
1355450 735.2
1355460 736.8
1355470 740.0
1355480 741.8
1355490 741.8
1355500 743.0
1355510 743.9
1355520 743.9
1355530 743.9
1355540 743.1
1355550 743.1
1355560 742.9
1355570 743.6
1355580 743.6
1355590 744.8
1355600 745.2
1355610 745.2
1355620 745.5
1355630 745.6
1355640 745.6
1355650 745.4
1355660 745.9
1355670 745.9
1355680 746.5
1355690 746.7
1355700 746.7
1355710 747.0
1355720 748.0
1355730 748.0
1355740 749.2
1355750 750.3
1355760 750.3
1355770 751.2
1355780 748.0
1355790 748.0
1355800 746.6
1355810 752.1
1355820 754.6
1355830 754.6
1355840 756.5
1355850 758.1
1355860 758.1
1355870 759.7
1355880 761.3
1355890 761.3
1355900 763.3
1355910 765.7
1355920 765.7
1355930 767.8
1355940 769.9
1355950 769.9
1355960 772.9
1355970 775.4
1355980 775.4
1355990 777.7
1356000 779.8
1356010 779.8
1356020 781.5
1356030 783.3
1356040 783.3
1356050 785.3
1356060 786.9
1356070 786.9
1356080 787.5
1356090 787.9
1356100 787.9
1356110 788.4
1356120 788.4
1356130 787.9
1356140 787.9
1356150 786.7
1356160 785.1
1356170 785.1
1356180 783.3
1356190 780.4
1356200 780.4
1356210 776.4
1356220 775.4
1356230 782.0
1356240 779.2
1356250 779.8
1356260 779.8
1356270 780.4
1356280 779.5
1356290 779.5
1356300 778.7
1356310 777.6
1356320 777.6
1356330 774.3
1356340 770.4
1356350 770.4
1356360 766.9
1356370 763.6
1356380 763.6
1356390 761.1
1356400 758.0
1356410 758.0
1356420 755.5
1356430 754.4
1356440 754.4
1356450 753.8
1356460 753.0
1356470 751.2
1356480 751.2
1356490 751.3
1356500 753.4
1356510 753.4
1356520 753.0
1356530 753.2
1356540 753.2
1356550 754.9
1356560 755.4
1356570 755.4
1356580 756.1
1356590 756.5
1356600 756.5
1356610 755.5
1356620 752.8
1356630 752.8
1356640 750.8
1356650 750.4
1356660 750.4
1356670 748.1
1356680 748.4
1356690 748.4
1356700 748.4
1356710 747.7
1356720 747.7
1356730 747.0
1356740 745.9
1356750 745.9
1356760 744.4
1356770 743.2
1356780 743.2
1356790 743.0
1356800 743.5
1356810 743.8
1356820 743.8
1356830 744.3
1356840 744.3
1356850 744.3
1356860 745.3
1356870 745.0
1356880 745.0
1356890 745.0
1356900 744.7
1356910 744.7
1356920 741.7
1356930 743.2
1356940 743.2
1356950 742.1
1356960 739.5
1356970 739.5
1356980 738.5
1356990 738.4
1357000 738.4
1357010 737.9
1357020 736.8
1357030 736.8
1357040 735.3
1357050 733.7
1357060 733.7
1357070 733.1
1357080 733.4
1357090 733.4
1357100 733.5
1357110 733.0
1357120 733.0
1357130 732.0
1357140 731.2
1357150 730.6
1357160 730.6
1357170 730.3
1357180 729.8
1357190 729.8
1357200 729.1
1357210 728.4
1357220 728.4
1357230 729.9
1357240 729.0
1357250 729.0
1357260 728.0
1357270 727.5
1357280 727.5
1357290 726.9
1357300 726.5
1357310 726.5
1357320 726.3
1357330 726.2
1357340 726.2
1357350 726.2
1357360 726.4
1357370 726.4
1357380 728.8
1357390 734.4
1357400 734.4
1357410 736.2
1357420 737.3
1357430 737.3
1357440 738.3
1357450 739.2
1357460 739.2
1357470 739.8
1357480 740.1
1357490 739.8
1357500 739.8
1357510 739.6
1357520 739.4
1357530 739.4
1357540 739.1
1357550 738.7
1357560 738.7
1357570 738.5
1357580 738.6
1357590 738.6
1357600 738.7
1357610 738.7
1357620 738.7
1357630 738.2
1357640 737.9
1357650 737.9
1357660 738.1
1357670 736.4
1357680 736.4
1357690 732.6
1357700 729.3
1357710 729.3
1357720 728.5
1357730 728.6
1357740 728.6
1357750 728.8
1357760 729.2
1357770 729.2
1357780 729.7
1357790 730.3
1357800 730.3
1357810 731.1
1357820 731.8
1357830 732.2
1357840 732.2
1357850 732.6
1357860 732.3
1357870 732.3
1357880 732.1
1357890 732.1
1357900 732.1
1357910 732.2
1357920 731.2
1357930 731.2
1357940 730.0
1357950 729.6
1357960 729.6
1357970 727.3
1357980 728.8
1357990 728.8
1358000 729.9
1358010 732.8
1358020 732.8
1358030 739.7
1358040 746.6
1358050 746.6
1358060 753.5
1358070 760.9
1358080 760.9
1358090 762.5
1358100 756.4
1358110 756.4
1358120 753.2
1358130 754.5
1358140 754.5
1358150 759.0
1358160 763.0
1358170 764.7
1358180 764.7
1358190 765.3
1358200 771.3
1358210 771.3
1358220 778.0
1358230 785.6
1358240 785.6
1358250 791.3
1358260 793.3
1358270 793.3
1358280 793.3
1358290 793.7
1358300 793.7
1358310 795.2
1358320 797.7
1358330 797.7
1358340 798.9
1358350 799.5
1358360 799.5
1358370 799.6
1358380 798.8
1358390 798.8
1358400 797.1
1358410 796.1
1358420 796.1
1358430 792.8
1358440 799.8
1358450 799.8
1358460 807.6
1358470 812.5
1358480 815.1
1358490 815.1
1358500 818.0
1358510 821.0
1358520 821.0
1358530 824.2
1358540 829.9
1358550 829.9
1358560 835.4
1358570 839.6
1358580 839.6
1358590 842.7
1358600 844.4
1358610 844.4
1358620 843.1
1358630 841.9
1358640 841.9
1358650 845.1
1358660 850.7
1358670 850.7
1358680 857.6
1358690 863.6
1358700 863.6
1358710 866.9
1358720 868.5
1358730 868.5
1358740 870.7
1358750 874.0
1358760 874.0
1358770 878.7
1358780 882.4
1358790 882.4
1358800 883.8
1358810 884.4
1358820 886.1
1358830 886.1
1358840 888.4
1358850 891.1
1358860 891.1
1358870 895.1
1358880 899.8
1358890 899.8
1358900 903.8
1358910 908.9
1358920 908.9
1358930 914.4
1358940 920.0
1358950 920.0
1358960 924.2
1358970 927.6
1358980 927.6
1358990 929.6
1359000 931.4
1359010 931.4
1359020 935.4
1359030 936.7
1359040 936.7
1359050 936.8
1359060 936.4
1359070 936.4
1359080 935.6
1359090 937.1
1359100 937.1
1359110 940.8
1359120 943.1
1359130 943.1
1359140 944.7
1359150 946.9
1359160 950.3
1359170 950.3
1359180 954.7
1359190 956.7
1359200 956.7
1359210 958.7
1359220 960.3
1359230 960.3
1359240 960.4
1359250 965.7
1359260 965.7
1359270 965.1
1359280 965.5
1359290 965.5
1359300 965.2
1359310 963.9
1359320 963.9
1359330 961.2
1359340 958.5
1359350 958.5
1359360 955.8
1359370 954.0
1359380 954.0
1359390 953.5
1359400 954.0
1359410 954.0
1359420 953.8
1359430 951.9
1359440 951.9
1359450 950.4
1359460 953.9
1359470 953.9
1359480 956.5
1359490 954.8
1359500 948.3
1359510 948.3
1359520 944.8
1359530 949.8
1359540 949.8
1359550 955.8
1359560 963.2
1359570 963.2
1359580 968.8
1359590 970.3
1359600 970.3
1359610 969.4
1359620 964.3
1359630 964.3
1359640 959.4
1359650 952.7
1359660 952.7
1359670 953.4
1359680 964.6
1359690 964.6
1359700 973.3
1359710 972.8
1359720 972.8
1359730 970.7
1359740 969.4
1359750 969.4
1359760 964.3
1359770 964.4
1359780 964.4
1359790 971.8
1359800 980.3
1359810 980.3
1359820 989.9
1359830 997.8
1359840 1004.5
1359850 1004.5
1359860 1010.5
1359870 1014.0
1359880 1014.0
1359890 1016.1
1359900 1017.7
1359910 1017.7
1359920 1018.1
1359930 1020.9
1359940 1020.9
1359950 1023.8
1359960 1025.9
1359970 1025.9
1359980 1027.8
1359990 1029.7
