1340000 633.4
1340010 633.5
1340020 633.5
1340030 633.7
1340040 633.9
1340050 633.9
1340060 633.9
1340070 633.6
1340080 633.6
1340090 633.2
1340100 632.7
1340110 632.7
1340120 632.1
1340130 631.5
1340140 631.5
1340150 630.7
1340160 630.0
1340170 630.0
1340180 629.4
1340190 629.0
1340200 628.6
1340210 628.6
1340220 627.8
1340230 626.5
1340240 626.5
1340250 625.2
1340260 624.1
1340270 624.1
1340280 623.1
1340290 621.9
1340300 621.9
1340310 621.0
1340320 620.0
1340330 620.0
1340340 618.5
1340350 617.3
1340360 617.3
1340370 615.8
1340380 614.2
1340390 614.2
1340400 612.5
1340410 611.0
1340420 611.0
1340430 610.3
1340440 609.3
1340450 609.3
1340460 607.8
1340470 606.9
1340480 606.9
1340490 606.3
1340500 605.8
1340510 605.8
1340520 605.5
1340530 605.5
1340540 605.7
1340550 605.7
1340560 605.9
1340570 606.3
1340580 606.3
1340590 607.0
1340600 607.2
1340610 607.2
1340620 607.2
1340630 607.4
1340640 607.4
1340650 607.8
1340660 608.1
1340670 608.1
1340680 608.3
1340690 608.4
1340700 608.4
1340710 608.6
1340720 608.7
1340730 608.7
1340740 608.5
1340750 606.5
1340760 606.5
1340770 606.2
1340780 605.6
1340790 605.6
1340800 604.6
1340810 603.7
1340820 603.7
1340830 602.7
1340840 601.3
1340850 601.3
1340860 599.3
1340870 597.6
1340880 595.8
1340890 595.8
1340900 593.7
1340910 591.3
1340920 591.3
1340930 588.7
1340940 586.5
1340950 586.5
1340960 584.9
1340970 583.4
1340980 583.4
1340990 581.8
1341000 580.5
1341010 580.5
1341020 579.0
1341030 577.7
1341040 577.7
1341050 576.7
1341060 576.0
1341070 576.0
1341080 575.4
1341090 575.0
1341100 575.0
1341110 574.5
1341120 574.1
1341130 574.1
1341140 574.1
1341150 573.6
1341160 573.6
1341170 573.3
1341180 573.0
1341190 572.8
1341200 572.8
1341210 572.8
1341220 572.8
1341230 572.8
1341240 572.9
1341250 573.1
1341260 573.1
1341270 573.2
1341280 573.3
1341290 573.3
1341300 573.4
1341310 573.8
1341320 573.8
1341330 574.1
1341340 574.5
1341350 574.5
1341360 574.3
1341370 574.4
1341380 574.4
1341390 574.6
1341400 574.7
1341410 574.7
1341420 574.9
1341430 575.1
1341440 575.1
1341450 575.1
1341460 575.0
1341470 575.0
1341480 574.7
1341490 574.1
1341500 574.1
1341510 573.5
1341520 572.9
1341530 572.2
1341540 572.2
1341550 571.4
1341560 570.8
1341570 570.8
1341580 568.8
1341590 567.2
1341600 567.2
1341610 567.7
1341620 566.8
1341630 566.8
1341640 564.7
1341650 563.8
1341660 563.8
1341670 562.6
1341680 561.2
1341690 561.2
1341700 559.8
1341710 558.0
1341720 558.0
1341730 554.7
1341740 550.9
1341750 550.9
1341760 547.5
1341770 544.4
1341780 544.4
1341790 542.0
1341800 540.2
1341810 540.2
1341820 538.5
1341830 537.0
1341840 537.0
1341850 535.9
1341860 535.1
1341870 534.4
1341880 534.4
1341890 533.9
1341900 533.4
1341910 533.4
1341920 532.7
1341930 526.6
1341940 526.6
1341950 517.4
1341960 508.7
1341970 508.7
1341980 502.4
1341990 500.5
1342000 500.5
1342010 499.0
1342020 497.4
1342030 497.4
1342040 497.3
1342050 497.3
1342060 497.3
1342070 497.3
1342080 497.3
1342090 497.3
1342100 497.3
1342110 497.3
1342120 497.3
1342130 497.3
1342140 497.3
1342150 497.3
1342160 497.3
1342170 497.3
1342180 497.3
1342190 497.3
1342200 497.3
1342210 497.3
1342220 497.3
1342230 498.6
1342240 501.2
1342250 501.2
1342260 501.6
1342270 501.8
1342280 501.8
1342290 501.5
1342300 500.7
1342310 500.7
1342320 501.5
1342330 502.3
1342340 502.3
1342350 504.1
1342360 507.4
1342370 507.4
1342380 509.2
1342390 506.2
1342400 506.2
1342410 501.1
1342420 499.7
1342430 499.7
1342440 499.8
1342450 499.9
1342460 499.9
1342470 500.0
1342480 500.2
1342490 500.2
1342500 501.6
1342510 505.0
1342520 505.0
1342530 504.3
1342540 507.6
1342550 509.6
1342560 509.6
1342570 509.9
1342580 509.4
1342590 509.4
1342600 508.3
1342610 506.6
1342620 506.6
1342630 504.9
1342640 503.9
1342650 503.9
1342660 503.4
1342670 503.3
1342680 503.3
1342690 503.5
1342700 503.9
1342710 503.9
1342720 504.7
1342730 505.6
1342740 505.6
1342750 506.9
1342760 508.3
1342770 508.3
1342780 509.6
1342790 510.5
1342800 510.5
1342810 510.8
1342820 510.9
1342830 510.9
1342840 510.8
1342850 510.3
1342860 510.3
1342870 509.3
1342880 508.3
1342890 507.8
1342900 507.8
1342910 507.9
1342920 508.1
1342930 508.1
1342940 508.1
1342950 508.0
1342960 508.0
1342970 507.3
1342980 505.5
1342990 505.5
1343000 502.5
1343010 501.7
1343020 501.7
1343030 502.1
1343040 502.2
1343050 502.2
1343060 502.0
1343070 502.1
1343080 502.1
1343090 502.4
1343100 502.3
1343110 502.3
1343120 501.9
1343130 501.4
1343140 501.4
1343150 500.9
1343160 500.6
1343170 500.6
1343180 500.4
1343190 500.3
1343200 500.3
1343210 500.3
1343220 500.4
1343230 500.5
1343240 500.5
1343250 500.6
1343260 500.6
1343270 500.6
1343280 500.7
1343290 500.8
1343300 500.8
1343310 500.9
1343320 501.0
1343330 501.0
1343340 501.1
1343350 501.2
1343360 501.2
1343370 501.3
1343380 501.5
1343390 501.5
1343400 501.8
1343410 502.4
1343420 502.4
1343430 503.4
1343440 501.3
1343450 501.3
1343460 501.3
1343470 501.3
1343480 501.3
1343490 501.6
1343500 501.8
1343510 501.8
1343520 502.3
1343530 502.8
1343540 502.8
1343550 503.3
1343560 503.9
1343570 504.3
1343580 504.3
1343590 504.4
1343600 504.5
1343610 504.5
1343620 504.7
1343630 504.8
1343640 504.8
1343650 504.9
1343660 505.0
1343670 505.0
1343680 505.1
1343690 505.2
1343700 505.2
1343710 505.2
1343720 505.4
1343730 505.4
1343740 505.6
1343750 505.8
1343760 505.8
1343770 505.9
1343780 506.1
1343790 506.1
1343800 506.1
1343810 506.1
1343820 506.1
1343830 506.2
1343840 506.4
1343850 506.4
1343860 506.5
1343870 506.7
1343880 506.7
1343890 506.8
1343900 509.0
1343910 511.3
1343920 511.3
1343930 511.4
1343940 510.9
1343950 510.9
1343960 507.9
1343970 507.3
1343980 507.3
1343990 507.2
1344000 507.1
1344010 507.1
1344020 507.1
1344030 507.1
1344040 507.1
1344050 507.2
1344060 507.3
1344070 507.3
1344080 507.5
1344090 508.0
1344100 508.0
1344110 509.6
1344120 510.7
1344130 510.7
1344140 511.0
1344150 510.9
1344160 510.9
1344170 510.8
1344180 510.3
1344190 510.3
1344200 508.9
1344210 509.7
1344220 511.3
1344230 511.3
1344240 513.2
1344250 516.5
1344260 516.5
1344270 517.5
1344280 517.2
1344290 517.2
1344300 514.9
1344310 513.1
1344320 513.1
1344330 516.2
1344340 518.4
1344350 517.2
1344360 515.7
1344370 513.4
1344380 513.4
1344390 512.7
1344400 513.9
1344410 513.9
1344420 517.7
1344430 520.0
1344440 520.0
1344450 520.9
1344460 521.1
1344470 521.1
1344480 515.5
1344490 512.0
1344500 512.0
1344510 512.8
1344520 512.5
1344530 512.5
1344540 513.4
1344550 515.5
1344560 517.8
1344570 517.8
1344580 518.3
1344590 516.1
1344600 516.1
1344610 511.7
1344620 510.4
1344630 510.4
1344640 510.5
1344650 510.5
1344660 510.5
1344670 510.4
1344680 510.6
1344690 510.6
1344700 511.0
1344710 511.3
1344720 511.3
1344730 511.4
1344740 511.4
1344750 511.4
1344760 511.5
1344770 512.1
1344780 512.1
1344790 513.9
1344800 515.5
1344810 515.5
1344820 516.1
1344830 516.5
1344840 516.5
1344850 517.1
1344860 518.2
1344870 518.2
1344880 523.0
1344890 526.8
1344900 529.7
1344910 529.7
1344920 533.9
1344930 539.4
1344940 539.4
1344950 547.0
1344960 557.8
1344970 557.8
1344980 566.0
1344990 570.3
1345000 570.3
1345010 573.5
1345020 575.2
1345030 575.2
1345040 576.2
1345050 577.2
1345060 577.2
1345070 578.1
1345080 578.9
1345090 578.9
1345100 579.7
1345110 579.6
1345120 579.6
1345130 578.3
1345140 577.2
1345150 577.2
1345160 574.3
1345170 571.3
1345180 571.3
1345190 568.5
1345200 566.7
1345210 566.7
1345220 565.1
1345230 562.9
1345240 560.2
1345250 560.2
1345260 558.2
1345270 556.7
1345280 556.7
1345290 554.7
1345300 552.2
1345310 552.2
1345320 547.8
1345330 540.8
1345340 540.8
1345350 532.0
1345360 523.1
1345370 523.1
1345380 518.7
1345390 516.1
1345400 516.1
1345410 515.5
1345420 515.6
1345430 515.6
1345440 515.7
1345450 515.7
1345460 515.7
1345470 515.8
1345480 515.7
1345490 515.7
1345500 516.2
1345510 516.7
1345520 516.7
1345530 516.6
1345540 516.6
1345550 516.6
1345560 516.6
1345570 516.7
1345580 516.7
1345590 516.7
1345600 516.7
1345610 516.7
1345620 516.7
1345630 516.7
1345640 516.7
1345650 516.7
1345660 517.5
1345670 517.9
1345680 517.9
1345690 518.0
1345700 518.3
1345710 518.3
1345720 518.2
1345730 517.9
1345740 517.9
1345750 517.1
1345760 517.2
1345770 517.2
1345780 517.2
1345790 517.2
1345800 517.2
1345810 517.4
1345820 517.5
1345830 517.5
1345840 517.8
1345850 518.0
1345860 518.0
1345870 518.1
1345880 518.1
1345890 518.1
1345900 518.2
1345910 518.2
1345920 518.2
1345930 518.2
1345940 518.2
1345950 518.3
1345960 518.3
1345970 518.5
1345980 518.9
1345990 518.9
1346000 519.1
1346010 519.0
1346020 519.0
1346030 519.0
1346040 519.2
1346050 519.2
1346060 519.2
1346070 519.4
1346080 519.4
1346090 519.5
1346100 519.5
1346110 519.5
1346120 519.5
1346130 519.9
1346140 519.9
1346150 519.9
1346160 519.9
1346170 519.9
1346180 519.8
1346190 520.1
1346200 520.1
1346210 520.3
1346220 520.7
1346230 520.7
1346240 520.7
1346250 520.9
1346260 521.1
1346270 521.1
1346280 521.1
1346290 521.1
1346300 521.1
1346310 521.1
1346320 521.1
1346330 521.1
1346340 521.1
1346350 521.0
1346360 521.0
1346370 521.1
1346380 521.4
1346390 521.4
1346400 521.5
1346410 521.5
1346420 521.5
1346430 521.6
1346440 522.1
1346450 522.1
1346460 522.6
1346470 522.8
1346480 522.8
1346490 524.1
1346500 528.5
1346510 528.5
1346520 534.4
1346530 538.0
1346540 538.0
1346550 539.9
1346560 543.7
1346570 543.7
1346580 548.6
1346590 554.4
1346600 559.5
1346610 559.5
1346620 560.0
1346630 561.4
1346640 561.4
1346650 564.7
1346660 569.8
1346670 569.8
1346680 573.9
1346690 577.1
1346700 577.1
1346710 579.2
1346720 581.4
1346730 581.4
1346740 584.9
1346750 589.1
1346760 589.1
1346770 593.4
1346780 597.3
1346790 597.3
1346800 601.8
1346810 606.5
1346820 606.5
1346830 610.5
1346840 612.3
1346850 612.3
1346860 609.6
1346870 603.2
1346880 603.2
1346890 598.3
1346900 591.5
1346910 592.4
1346920 592.4
1346930 599.9
1346940 602.0
1346950 602.0
1346960 602.3
1346970 603.9
1346980 603.9
1346990 606.0
1347000 605.5
1347010 605.5
1347020 599.3
1347030 594.1
1347040 594.1
1347050 592.9
1347060 593.9
1347070 593.9
1347080 593.3
1347090 594.9
1347100 594.9
1347110 594.5
1347120 603.2
1347130 603.2
1347140 613.6
1347150 621.4
1347160 621.4
1347170 638.6
1347180 644.6
1347190 644.6
1347200 653.3
1347210 656.6
1347220 656.6
1347230 658.1
1347240 659.0
1347250 658.7
1347260 658.7
1347270 659.1
1347280 660.6
1347290 660.6
1347300 659.4
1347310 654.9
1347320 654.9
1347330 653.4
1347340 655.3
1347350 655.3
1347360 658.6
1347370 662.5
1347380 662.5
1347390 667.7
1347400 676.8
1347410 676.8
1347420 685.7
1347430 692.3
1347440 692.3
1347450 696.4
1347460 698.1
1347470 698.1
1347480 699.7
1347490 701.0
1347500 701.0
1347510 701.6
1347520 701.3
1347530 701.3
1347540 699.1
1347550 697.2
1347560 697.2
1347570 697.1
1347580 698.1
1347590 698.2
1347600 698.2
1347610 698.1
1347620 698.3
1347630 698.3
1347640 699.6
1347650 702.2
1347660 702.2
1347670 703.9
1347680 704.8
1347690 704.8
1347700 704.7
1347710 704.2
1347720 704.2
1347730 703.8
1347740 704.5
1347750 704.5
1347760 705.8
1347770 707.6
1347780 707.6
1347790 709.9
1347800 713.0
1347810 713.0
1347820 716.7
1347830 721.1
1347840 721.1
1347850 724.6
1347860 728.5
1347870 728.5
1347880 732.9
1347890 736.4
1347900 736.4
1347910 739.1
1347920 740.3
1347930 740.7
1347940 740.7
1347950 739.4
1347960 740.0
1347970 740.0
1347980 743.1
1347990 743.9
1348000 743.9
1348010 744.1
1348020 743.5
1348030 743.5
1348040 745.9
1348050 744.1
1348060 744.1
1348070 743.5
1348080 743.5
1348090 743.5
1348100 744.2
1348110 745.4
1348120 745.4
1348130 746.6
1348140 747.9
1348150 747.9
1348160 749.3
1348170 750.9
1348180 750.9
1348190 752.3
1348200 753.7
1348210 753.7
1348220 755.1
1348230 756.4
1348240 756.4
1348250 758.1
1348260 760.0
1348270 762.0
1348280 762.0
1348290 764.6
1348300 767.6
1348310 767.6
1348320 770.5
1348330 773.3
1348340 773.3
1348350 775.9
1348360 778.4
1348370 778.4
1348380 781.4
1348390 785.1
1348400 785.1
1348410 788.2
1348420 790.5
1348430 790.5
1348440 792.2
1348450 793.7
1348460 793.7
1348470 795.2
1348480 796.5
1348490 796.5
1348500 797.7
1348510 798.4
1348520 798.4
1348530 798.3
1348540 797.3
1348550 797.3
1348560 795.0
1348570 793.5
1348580 793.5
1348590 792.9
1348600 792.1
1348610 791.2
1348620 791.2
1348630 790.2
1348640 788.9
1348650 788.9
1348660 789.0
1348670 790.5
1348680 790.5
1348690 791.6
1348700 792.8
1348710 792.8
1348720 793.6
1348730 794.3
1348740 794.3
1348750 796.1
1348760 798.6
1348770 798.6
1348780 801.3
1348790 802.7
1348800 802.7
1348810 803.8
1348820 805.0
1348830 805.0
1348840 806.0
1348850 807.4
1348860 807.4
1348870 809.1
1348880 810.5
1348890 810.5
1348900 812.0
1348910 814.4
1348920 814.4
1348930 814.9
1348940 816.6
1348950 820.4
1348960 820.4
1348970 824.3
1348980 832.0
1348990 832.0
1349000 835.3
1349010 839.6
1349020 839.6
1349030 844.0
1349040 848.9
1349050 848.9
1349060 853.3
1349070 857.7
1349080 857.7
1349090 861.3
1349100 863.1
1349110 863.1
1349120 865.4
1349130 867.3
1349140 867.3
1349150 868.3
1349160 868.8
1349170 868.8
1349180 870.6
1349190 872.0
1349200 872.0
1349210 876.2
1349220 879.4
1349230 879.4
1349240 882.0
1349250 885.5
1349260 885.5
1349270 889.1
1349280 893.2
1349290 897.6
1349300 897.6
1349310 901.4
1349320 905.1
1349330 905.1
1349340 909.2
1349350 914.0
1349360 914.0
1349370 918.5
1349380 922.0
1349390 922.0
1349400 925.2
1349410 928.8
1349420 928.8
1349430 931.7
1349440 934.9
1349450 934.9
1349460 938.6
1349470 941.5
1349480 941.5
1349490 944.7
1349500 947.9
1349510 947.9
1349520 952.3
1349530 954.0
1349540 954.0
1349550 953.5
1349560 955.4
1349570 955.4
1349580 959.4
1349590 965.6
1349600 965.6
1349610 972.0
1349620 979.2
1349630 986.2
1349640 986.2
1349650 992.8
1349660 996.4
1349670 996.4
1349680 996.0
1349690 996.8
1349700 996.8
1349710 1002.6
1349720 1011.6
1349730 1011.6
1349740 1015.5
1349750 1016.8
1349760 1016.8
1349770 1018.2
1349780 1017.8
1349790 1017.8
1349800 1013.6
1349810 1010.7
1349820 1010.7
1349830 1007.0
1349840 1002.5
1349850 1002.5
1349860 1000.6
1349870 999.2
1349880 999.2
1349890 996.9
1349900 994.8
1349910 994.8
1349920 1001.4
1349930 1000.7
1349940 1000.7
1349950 998.1
1349960 996.1
1349970 996.1
1349980 996.1
1349990 994.8
1350000 994.6
1350010 994.6
1350020 994.5
1350030 994.1
1350040 994.1
1350050 994.5
1350060 996.3
1350070 996.3
1350080 997.7
1350090 998.7
1350100 998.7
1350110 1003.5
1350120 1007.2
1350130 1007.2
1350140 1011.1
1350150 1015.1
1350160 1015.1
1350170 1018.2
1350180 1021.7
1350190 1021.7
1350200 1026.8
1350210 1031.9
1350220 1031.9
1350230 1035.9
1350240 1040.1
1350250 1040.1
1350260 1044.9
1350270 1048.3
1350280 1049.9
1350290 1049.9
1350300 1050.7
1350310 1051.9
1350320 1051.9
1350330 1053.1
1350340 1054.6
1350350 1054.6
1350360 1056.3
1350370 1058.1
1350380 1058.1
1350390 1060.6
1350400 1062.5
1350410 1062.5
1350420 1064.4
1350430 1065.7
1350440 1065.7
1350450 1066.3
1350460 1068.5
1350470 1068.5
1350480 1071.4
1350490 1072.9
1350500 1072.9
1350510 1074.8
1350520 1077.4
1350530 1077.4
1350540 1079.0
1350550 1082.2
1350560 1082.2
1350570 1088.1
1350580 1095.7
1350590 1095.7
1350600 1103.6
1350610 1113.4
1350620 1121.3
1350630 1121.3
1350640 1126.5
1350650 1130.4
1350660 1130.4
1350670 1130.5
1350680 1122.5
1350690 1122.5
1350700 1116.9
1350710 1117.3
1350720 1117.3
1350730 1121.1
1350740 1124.0
1350750 1124.0
1350760 1126.5
1350770 1129.0
1350780 1129.0
1350790 1132.5
1350800 1135.4
1350810 1135.4
1350820 1137.7
1350830 1139.5
1350840 1139.5
1350850 1142.6
1350860 1145.1
1350870 1146.3
1350880 1148.6
1350890 1150.6
1350900 1150.6
1350910 1151.7
1350920 1151.9
1350930 1151.9
1350940 1151.1
1350950 1149.0
1350960 1151.1
1350970 1151.1
1350980 1154.2
1350990 1155.6
1351000 1155.6
1351010 1155.9
1351020 1156.5
1351030 1156.5
1351040 1157.3
1351050 1156.8
1351060 1156.8
1351070 1154.1
1351080 1149.7
1351090 1149.7
1351100 1145.1
1351110 1140.6
1351120 1140.6
1351130 1137.4
1351140 1135.7
1351150 1135.7
1351160 1134.1
1351170 1132.7
1351180 1132.7
1351190 1131.3
1351200 1129.9
1351210 1129.9
1351220 1128.4
1351230 1127.5
1351240 1127.5
1351250 1127.1
1351260 1127.4
1351270 1127.4
1351280 1128.2
1351290 1129.7
1351300 1131.3
1351310 1131.3
1351320 1132.1
1351330 1132.6
1351340 1132.6
1351350 1132.8
1351360 1132.7
1351370 1132.7
1351380 1132.4
1351390 1131.6
1351400 1131.6
1351410 1130.6
1351420 1129.2
1351430 1129.2
1351440 1127.8
1351450 1126.4
1351460 1126.4
1351470 1124.9
1351480 1122.5
1351490 1122.5
1351500 1119.0
1351510 1115.0
1351520 1115.0
1351530 1111.8
1351540 1109.9
1351550 1109.9
1351560 1107.8
1351570 1105.5
1351580 1105.5
1351590 1102.8
1351600 1099.9
1351610 1099.9
1351620 1097.0
1351630 1093.9
1351640 1090.4
1351650 1090.4
1351660 1087.5
1351670 1084.3
1351680 1084.3
1351690 1080.6
1351700 1076.6
1351710 1076.6
1351720 1073.5
1351730 1070.4
1351740 1070.4
1351750 1067.3
1351760 1065.1
1351770 1065.1
1351780 1063.5
1351790 1062.3
1351800 1062.3
1351810 1061.3
1351820 1060.5
1351830 1063.4
1351840 1062.6
1351850 1061.8
1351860 1061.8
1351870 1061.4
1351880 1061.1
1351890 1061.1
1351900 1060.7
1351910 1059.5
1351920 1059.5
1351930 1057.7
1351940 1055.3
1351950 1055.3
1351960 1052.6
1351970 1049.9
1351980 1047.5
1351990 1047.5
1352000 1045.0
1352010 1042.3
1352020 1042.3
1352030 1039.3
1352040 1036.6
1352050 1036.6
1352060 1034.2
1352070 1033.0
1352080 1033.0
1352090 1031.4
1352100 1030.0
1352110 1030.0
1352120 1028.5
1352130 1026.5
1352140 1026.5
1352150 1023.7
1352160 1020.1
1352170 1020.1
1352180 1016.2
1352190 1012.3
1352200 1012.3
1352210 1009.6
1352220 1007.7
1352230 1007.7
1352240 1006.2
1352250 1004.1
1352260 1004.1
1352270 1001.3
1352280 998.1
1352290 998.1
1352300 994.5
1352310 989.0
1352320 984.5
1352330 984.5
1352340 980.9
1352350 977.0
1352360 977.0
1352370 973.3
1352380 969.2
1352390 969.2
1352400 965.4
1352410 961.5
1352420 961.5
1352430 957.6
1352440 952.2
1352450 952.2
1352460 946.1
1352470 940.3
1352480 940.3
1352490 935.7
1352500 931.2
1352510 931.2
1352520 926.0
1352530 919.9
1352540 919.9
1352550 913.3
1352560 906.2
1352570 906.2
1352580 899.4
1352590 892.7
1352600 892.7
1352610 886.1
1352620 879.6
1352630 879.6
1352640 873.4
1352650 867.0
1352660 860.6
1352670 860.6
1352680 854.7
1352690 849.4
1352700 849.4
1352710 843.8
1352720 838.4
1352730 838.4
1352740 833.7
1352750 829.3
1352760 829.3
1352770 824.3
1352780 818.9
1352790 818.9
1352800 812.5
1352810 807.7
1352820 807.7
1352830 802.4
1352840 796.4
1352850 796.4
1352860 790.6
1352870 785.3
1352880 785.3
1352890 780.0
1352900 775.6
1352910 775.6
1352920 771.4
1352930 767.3
1352940 767.3
1352950 762.7
1352960 758.8
1352970 758.8
1352980 755.4
1352990 751.8
1353000 748.3
1353010 748.3
1353020 745.0
1353030 741.7
1353040 741.7
1353050 738.1
1353060 734.1
1353070 734.1
1353080 730.1
1353090 726.7
1353100 726.7
1353110 724.8
1353120 723.9
1353130 723.9
1353140 723.3
1353150 722.7
1353160 722.7
1353170 721.8
1353180 721.2
1353190 721.2
1353200 721.0
1353210 720.5
1353220 720.5
1353230 719.8
1353240 718.8
1353250 718.8
1353260 718.2
1353270 718.1
1353280 718.1
1353290 717.7
1353300 716.8
1353310 716.2
1353320 716.2
1353330 716.3
1353340 715.6
1353350 715.6
1353360 714.3
1353370 713.1
1353380 713.1
1353390 712.2
1353400 711.4
1353410 711.4
1353420 710.7
1353430 710.2
1353440 710.2
1353450 709.2
1353460 708.0
1353470 708.0
1353480 707.1
1353490 706.2
1353500 706.2
1353510 705.4
1353520 704.8
1353530 704.8
1353540 704.2
1353550 703.5
1353560 703.5
1353570 702.9
1353580 702.4
1353590 702.4
1353600 701.8
1353610 700.9
1353620 700.9
1353630 701.0
1353640 701.0
1353650 701.0
1353660 701.0
1353670 701.1
1353680 701.0
1353690 701.0
1353700 701.0
1353710 701.2
1353720 701.2
1353730 701.4
1353740 701.5
1353750 701.5
1353760 701.7
1353770 701.3
1353780 701.3
1353790 701.8
1353800 702.0
1353810 702.0
1353820 702.1
1353830 702.4
1353840 702.4
1353850 702.7
1353860 703.0
1353870 703.0
1353880 703.2
1353890 703.4
1353900 703.4
1353910 703.5
1353920 703.6
1353930 703.6
1353940 703.9
1353950 704.2
1353960 704.2
1353970 704.3
1353980 704.4
1353990 704.5
1354000 704.5
1354010 704.5
1354020 704.7
1354030 704.7
1354040 704.9
1354050 705.0
1354060 705.0
1354070 705.1
1354080 705.3
1354090 705.3
1354100 705.4
1354110 705.5
1354120 705.5
1354130 705.7
1354140 705.9
1354150 705.9
1354160 706.1
1354170 706.1
1354180 706.1
1354190 706.2
1354200 706.2
1354210 706.2
1354220 706.3
1354230 706.2
1354240 706.2
1354250 706.0
1354260 706.0
1354270 706.0
1354280 706.1
1354290 706.0
1354300 706.0
1354310 705.8
1354320 705.5
1354330 705.2
1354340 705.2
1354350 704.9
1354360 704.8
1354370 704.8
1354380 704.7
1354390 704.6
1354400 704.6
1354410 704.5
1354420 704.4
1354430 704.4
1354440 704.5
1354450 704.7
1354460 704.7
1354470 705.1
1354480 705.3
1354490 705.3
1354500 705.0
1354510 704.7
1354520 704.7
1354530 704.8
1354540 704.8
1354550 704.8
1354560 704.9
1354570 704.9
1354580 704.9
1354590 704.7
1354600 704.4
1354610 704.4
1354620 704.3
1354630 704.1
1354640 704.1
1354650 703.7
1354660 703.4
1354670 703.3
1354680 703.3
1354690 703.2
1354700 703.1
1354710 703.1
1354720 703.0
1354730 702.8
1354740 702.8
1354750 701.8
1354760 701.7
1354770 701.7
1354780 701.6
1354790 701.3
1354800 701.3
1354810 700.8
1354820 700.3
1354830 700.3
1354840 700.1
1354850 700.1
1354860 700.1
1354870 700.0
1354880 699.8
1354890 699.8
1354900 700.1
1354910 700.9
1354920 700.9
1354930 702.5
1354940 703.1
1354950 703.1
1354960 703.2
1354970 703.9
1354980 703.9
1354990 704.7
1355000 705.6
1355010 706.4
1355020 706.4
1355030 707.0
1355040 707.3
1355050 707.3
1355060 707.4
1355070 707.4
1355080 707.4
1355090 707.7
1355100 708.6
1355110 708.6
1355120 709.2
1355130 710.8
1355140 710.8
1355150 713.2
1355160 717.3
1355170 717.3
1355180 721.1
1355190 723.9
1355200 723.9
1355210 728.1
1355220 731.5
1355230 731.5
1355240 734.2
1355250 736.7
1355260 736.7
1355270 738.4
1355280 739.9
1355290 739.9
1355300 741.6
1355310 743.3
1355320 743.3
1355330 744.8
1355340 746.5
1355350 748.2
1355360 748.2
1355370 750.9
1355380 752.8
1355390 752.8
1355400 753.0
1355410 753.3
1355420 753.3
1355430 754.8
1355440 756.5
1355450 756.5
1355460 758.7
1355470 760.6
1355480 760.6
1355490 761.3
1355500 762.0
1355510 762.0
1355520 763.7
1355530 766.2
1355540 766.2
1355550 768.8
1355560 770.3
1355570 770.3
1355580 771.3
1355590 772.4
1355600 772.4
1355610 773.7
1355620 775.7
1355630 775.7
1355640 777.9
1355650 780.4
1355660 782.6
1355670 782.6
1355680 784.6
1355690 786.1
1355700 786.1
1355710 787.3
1355720 788.6
1355730 788.6
1355740 792.7
1355750 794.1
1355760 794.1
1355770 794.9
1355780 793.7
1355790 793.7
1355800 790.0
1355810 786.8
1355820 786.8
1355830 786.5
1355840 788.2
1355850 788.2
1355860 790.7
1355870 793.1
1355880 793.1
1355890 795.0
1355900 797.0
1355910 797.0
1355920 799.1
1355930 801.7
1355940 801.7
1355950 803.9
1355960 806.4
1355970 806.4
1355980 808.7
1355990 810.9
1356000 812.9
1356010 812.9
1356020 816.0
1356030 818.6
1356040 818.6
1356050 820.8
1356060 822.3
1356070 822.3
1356080 823.6
1356090 824.9
1356100 824.9
1356110 826.2
1356120 827.3
1356130 827.3
1356140 828.6
1356150 830.2
1356160 830.2
1356170 832.1
1356180 833.9
1356190 833.9
1356200 835.2
1356210 836.5
1356220 836.5
1356230 837.6
1356240 838.6
1356250 838.6
1356260 838.5
1356270 836.8
1356280 836.8
1356290 838.4
1356300 838.9
1356310 838.9
1356320 839.2
1356330 839.5
1356340 839.4
1356350 839.4
1356360 838.9
1356370 836.2
1356380 836.2
1356390 830.9
1356400 824.0
1356410 824.0
1356420 822.9
1356430 820.1
1356440 820.1
1356450 819.5
1356460 823.5
1356470 823.5
1356480 827.0
1356490 827.0
1356500 827.0
1356510 825.8
1356520 825.8
1356530 825.8
1356540 826.2
1356550 826.5
1356560 826.5
1356570 826.5
1356580 826.8
1356590 826.8
1356600 826.7
1356610 827.2
1356620 827.2
1356630 826.1
1356640 824.9
1356650 824.9
1356660 825.0
1356670 824.6
1356680 822.7
1356690 822.7
1356700 817.9
1356710 812.7
1356720 812.7
1356730 823.3
1356740 825.1
1356750 825.1
1356760 825.1
1356770 824.6
1356780 824.6
1356790 823.0
1356800 821.0
1356810 821.0
1356820 819.2
1356830 816.7
1356840 816.7
1356850 814.8
1356860 814.0
1356870 814.0
1356880 814.3
1356890 817.1
1356900 817.1
1356910 819.4
1356920 819.9
1356930 819.9
1356940 818.0
1356950 815.8
1356960 815.8
1356970 813.4
1356980 810.8
1356990 810.8
1357000 807.6
1357010 804.0
1357020 801.0
1357030 801.0
1357040 797.4
1357050 793.1
1357060 793.1
1357070 790.0
1357080 789.3
1357090 789.3
1357100 787.4
1357110 785.6
1357120 785.6
1357130 783.0
1357140 780.2
1357150 780.2
1357160 778.9
1357170 777.0
1357180 777.0
1357190 774.5
1357200 773.0
1357210 773.0
1357220 772.1
1357230 770.5
1357240 770.5
1357250 768.9
1357260 766.6
1357270 766.6
1357280 764.8
1357290 764.6
1357300 764.6
1357310 765.2
1357320 765.0
1357330 765.0
1357340 764.7
1357350 764.2
1357360 764.2
1357370 764.2
1357380 764.1
1357390 763.0
1357400 763.0
1357410 763.0
1357420 762.8
1357430 762.8
1357440 764.3
1357450 769.0
1357460 769.0
1357470 773.7
1357480 778.3
1357490 778.3
1357500 782.6
1357510 783.8
1357520 783.8
1357530 785.3
1357540 786.6
1357550 786.6
1357560 786.8
1357570 783.0
1357580 783.0
1357590 776.7
1357600 770.2
1357610 770.2
1357620 765.2
1357630 761.9
1357640 761.9
1357650 759.7
1357660 758.0
1357670 756.8
1357680 756.8
1357690 757.1
1357700 757.0
1357710 757.0
1357720 756.5
1357730 754.8
1357740 759.4
1357750 757.3
1357760 755.6
1357770 755.6
1357780 754.2
1357790 752.8
1357800 752.8
1357810 751.6
1357820 749.2
1357830 749.2
1357840 744.3
1357850 741.3
1357860 741.3
1357870 740.7
1357880 740.5
1357890 740.5
1357900 740.1
1357910 739.7
1357920 739.7
1357930 739.4
1357940 737.1
1357950 737.1
1357960 737.2
1357970 738.8
1357980 738.8
1357990 739.1
1358000 740.8
1358010 745.7
1358020 745.7
1358030 752.4
1358040 758.1
1358050 758.1
1358060 763.6
1358070 768.8
1358080 768.8
1358090 774.3
1358100 780.4
1358110 780.4
1358120 784.3
1358130 790.8
1358140 790.8
1358150 797.3
1358160 803.5
1358170 803.5
1358180 809.9
1358190 815.4
1358200 815.4
1358210 819.6
1358220 822.7
1358230 822.7
1358240 825.3
1358250 827.4
1358260 827.4
1358270 828.5
1358280 828.5
1358290 828.5
1358300 829.0
1358310 830.2
1358320 830.2
1358330 832.3
1358340 834.4
1358350 836.6
1358360 836.6
1358370 838.9
1358380 841.9
1358390 841.9
1358400 844.5
1358410 845.8
1358420 845.8
1358430 848.8
1358440 851.7
1358450 851.7
1358460 854.4
1358470 856.9
1358480 856.9
1358490 859.8
1358500 860.8
1358510 860.8
1358520 861.6
1358530 864.1
1358540 864.1
1358550 867.6
1358560 871.7
1358570 871.7
1358580 874.3
1358590 876.7
1358600 876.7
1358610 879.7
1358620 883.3
1358630 883.3
1358640 887.1
1358650 891.0
1358660 891.0
1358670 896.0
1358680 901.4
1358690 904.7
1358700 904.7
1358710 908.0
1358720 912.1
1358730 912.1
1358740 917.5
1358750 926.7
1358760 926.7
1358770 930.6
1358780 933.1
1358790 933.1
1358800 935.3
1358810 935.6
1358820 935.6
1358830 939.7
1358840 945.8
1358850 945.8
1358860 949.5
1358870 951.9
1358880 951.9
1358890 954.3
1358900 957.2
1358910 957.2
1358920 961.3
1358930 965.4
1358940 965.4
1358950 969.5
1358960 973.1
1358970 973.1
1358980 976.4
1358990 979.6
1359000 979.6
1359010 982.5
1359020 984.7
1359030 986.4
1359040 986.4
1359050 989.0
1359060 991.5
1359070 991.5
1359080 993.3
1359090 994.8
1359100 994.8
1359110 998.9
1359120 1003.7
1359130 1003.7
1359140 1005.9
1359150 1006.0
1359160 1006.0
1359170 1005.9
1359180 1006.3
1359190 1006.3
1359200 1007.9
1359210 1011.5
1359220 1011.5
1359230 1016.5
1359240 1021.4
1359250 1021.4
1359260 1027.7
1359270 1033.7
1359280 1033.7
1359290 1036.7
1359300 1038.6
1359310 1038.6
1359320 1040.1
1359330 1040.7
1359340 1040.7
1359350 1040.1
1359360 1039.2
1359370 1038.4
1359380 1038.4
1359390 1038.0
1359400 1037.2
1359410 1037.2
1359420 1036.5
1359430 1035.8
1359440 1035.8
1359450 1035.1
1359460 1034.0
1359470 1034.0
1359480 1033.1
1359490 1031.1
1359500 1031.1
1359510 1025.6
1359520 1017.3
1359530 1017.3
1359540 1011.3
1359550 1009.0
1359560 1009.0
1359570 1010.8
1359580 1017.8
1359590 1017.8
1359600 1020.3
1359610 1020.5
1359620 1020.5
1359630 1023.9
1359640 1023.6
1359650 1023.6
1359660 1018.9
1359670 1013.4
1359680 1013.4
1359690 1011.0
1359700 1017.9
1359710 1026.0
1359720 1026.0
1359730 1032.3
1359740 1036.7
1359750 1036.7
1359760 1040.0
1359770 1045.5
1359780 1045.5
1359790 1048.3
1359800 1050.4
1359810 1050.4
1359820 1050.9
1359830 1050.8
1359840 1050.8
1359850 1046.7
1359860 1046.2
1359870 1046.2
1359880 1053.7
1359890 1059.5
1359900 1059.5
1359910 1064.7
1359920 1070.2
1359930 1070.2
1359940 1074.8
1359950 1078.8
1359960 1078.8
1359970 1081.8
1359980 1084.3
1359990 1084.3
