1340000 646.0
1340010 646.3
1340020 646.3
1340030 646.5
1340040 646.6
1340050 646.6
1340060 646.7
1340070 647.0
1340080 647.0
1340090 647.3
1340100 647.6
1340110 647.7
1340120 647.7
1340130 647.8
1340140 647.9
1340150 647.9
1340160 648.1
1340170 648.4
1340180 648.4
1340190 648.4
1340200 648.4
1340210 648.4
1340220 648.3
1340230 648.2
1340240 648.2
1340250 648.0
1340260 647.8
1340270 647.8
1340280 647.8
1340290 647.9
1340300 647.9
1340310 647.0
1340320 647.5
1340330 647.5
1340340 646.6
1340350 645.8
1340360 645.8
1340370 645.5
1340380 645.2
1340390 645.2
1340400 644.7
1340410 644.2
1340420 644.2
1340430 643.8
1340440 643.2
1340450 642.9
1340460 642.9
1340470 642.6
1340480 642.1
1340490 642.1
1340500 641.9
1340510 641.6
1340520 641.6
1340530 641.5
1340540 641.3
1340550 641.3
1340560 641.1
1340570 641.0
1340580 641.0
1340590 640.8
1340600 640.6
1340610 640.6
1340620 640.4
1340630 640.2
1340640 640.2
1340650 639.9
1340660 639.9
1340670 639.9
1340680 639.9
1340690 639.8
1340700 639.8
1340710 639.7
1340720 639.5
1340730 639.5
1340740 639.4
1340750 639.3
1340760 639.3
1340770 639.2
1340780 638.9
1340790 637.8
1340800 637.8
1340810 636.1
1340820 634.6
1340830 634.6
1340840 634.1
1340850 634.2
1340860 634.2
1340870 635.2
1340880 637.3
1340890 637.3
1340900 640.0
1340910 640.1
1340920 640.1
1340930 639.8
1340940 639.0
1340950 639.0
1340960 636.5
1340970 634.1
1340980 634.1
1340990 634.2
1341000 636.6
1341010 636.6
1341020 640.7
1341030 641.7
1341040 641.7
1341050 641.8
1341060 641.8
1341070 641.8
1341080 641.5
1341090 641.0
1341100 641.0
1341110 640.3
1341120 637.9
1341130 637.6
1341140 637.6
1341150 637.1
1341160 636.4
1341170 636.4
1341180 635.5
1341190 634.1
1341200 634.1
1341210 632.1
1341220 629.9
1341230 629.9
1341240 627.4
1341250 623.5
1341260 623.5
1341270 618.7
1341280 614.4
1341290 614.4
1341300 611.0
1341310 608.3
1341320 608.3
1341330 606.7
1341340 605.2
1341350 605.2
1341360 603.7
1341370 602.5
1341380 602.5
1341390 601.6
1341400 601.7
1341410 601.7
1341420 603.5
1341430 606.2
1341440 606.2
1341450 607.8
1341460 608.2
1341470 608.1
1341480 608.1
1341490 607.0
1341500 606.4
1341510 606.4
1341520 604.9
1341530 602.9
1341540 602.9
1341550 601.0
1341560 599.3
1341570 599.3
1341580 597.5
1341590 595.2
1341600 595.2
1341610 593.1
1341620 591.3
1341630 591.3
1341640 589.0
1341650 586.6
1341660 586.6
1341670 584.1
1341680 581.4
1341690 581.4
1341700 579.4
1341710 578.1
1341720 578.1
1341730 577.2
1341740 575.5
1341750 575.5
1341760 573.6
1341770 572.3
1341780 572.3
1341790 571.1
1341800 569.9
1341810 568.5
1341820 568.5
1341830 566.9
1341840 565.1
1341850 565.1
1341860 563.3
1341870 561.9
1341880 561.9
1341890 560.1
1341900 558.6
1341910 558.6
1341920 558.5
1341930 559.4
1341940 559.4
1341950 559.8
1341960 559.7
1341970 559.7
1341980 559.3
1341990 558.8
1342000 558.8
1342010 557.9
1342020 557.6
1342030 557.6
1342040 555.9
1342050 554.2
1342060 554.2
1342070 553.6
1342080 553.7
1342090 553.7
1342100 554.8
1342110 554.6
1342120 554.6
1342130 552.8
1342140 549.8
1342150 545.4
1342160 545.4
1342170 538.7
1342180 531.6
1342190 531.6
1342200 529.1
1342210 524.0
1342220 524.0
1342230 517.0
1342240 511.6
1342250 511.6
1342260 508.9
1342270 506.4
1342280 506.4
1342290 505.9
1342300 505.8
1342310 505.8
1342320 504.5
1342330 502.6
1342340 502.6
1342350 502.0
1342360 500.1
1342370 500.1
1342380 497.3
1342390 496.9
1342400 496.9
1342410 496.9
1342420 496.9
1342430 496.9
1342440 496.9
1342450 496.9
1342460 496.9
1342470 496.9
1342480 496.9
1342490 496.9
1342500 496.9
1342510 497.2
1342520 497.6
1342530 497.6
1342540 497.6
1342550 498.8
1342560 498.8
1342570 500.6
1342580 501.3
1342590 501.3
1342600 500.3
1342610 499.5
1342620 499.5
1342630 499.0
1342640 498.6
1342650 498.6
1342660 498.4
1342670 498.5
1342680 498.5
1342690 498.9
1342700 499.2
1342710 499.2
1342720 499.2
1342730 499.1
1342740 499.1
1342750 499.1
1342760 499.2
1342770 499.2
1342780 499.3
1342790 499.4
1342800 499.5
1342810 499.5
1342820 499.5
1342830 499.5
1342840 499.5
1342850 499.6
1342860 499.6
1342870 499.6
1342880 499.7
1342890 499.8
1342900 499.8
1342910 499.8
1342920 499.7
1342930 499.7
1342940 499.8
1342950 499.7
1342960 499.7
1342970 499.7
1342980 499.7
1342990 499.7
1343000 499.9
1343010 500.1
1343020 500.1
1343030 500.0
1343040 500.1
1343050 500.1
1343060 500.3
1343070 500.8
1343080 500.8
1343090 501.4
1343100 501.8
1343110 501.8
1343120 502.3
1343130 502.6
1343140 502.3
1343150 502.3
1343160 502.3
1343170 502.2
1343180 502.2
1343190 502.2
1343200 502.3
1343210 502.3
1343220 502.4
1343230 502.4
1343240 502.4
1343250 502.0
1343260 502.0
1343270 502.0
1343280 502.2
1343290 502.5
1343300 502.5
1343310 502.5
1343320 502.6
1343330 502.6
1343340 502.5
1343350 502.5
1343360 502.5
1343370 502.5
1343380 502.5
1343390 502.5
1343400 502.6
1343410 502.6
1343420 502.6
1343430 502.7
1343440 502.7
1343450 502.7
1343460 502.7
1343470 502.7
1343480 502.7
1343490 502.7
1343500 502.8
1343510 502.8
1343520 502.8
1343530 502.9
1343540 502.9
1343550 502.9
1343560 502.9
1343570 503.0
1343580 503.0
1343590 503.3
1343600 503.7
1343610 503.7
1343620 504.2
1343630 504.8
1343640 504.8
1343650 505.0
1343660 505.1
1343670 505.1
1343680 505.0
1343690 504.9
1343700 504.9
1343710 504.8
1343720 504.8
1343730 504.8
1343740 504.8
1343750 505.2
1343760 505.2
1343770 505.8
1343780 505.8
1343790 505.8
1343800 505.7
1343810 506.0
1343820 506.1
1343830 506.1
1343840 506.0
1343850 506.1
1343860 506.1
1343870 506.3
1343880 505.8
1343890 505.8
1343900 502.8
1343910 502.6
1343920 502.6
1343930 502.8
1343940 502.8
1343950 502.8
1343960 502.7
1343970 502.6
1343980 502.6
1343990 502.3
1344000 502.4
1344010 502.4
1344020 502.7
1344030 502.5
1344040 502.5
1344050 504.3
1344060 508.9
1344070 508.9
1344080 509.1
1344090 508.0
1344100 508.0
1344110 507.7
1344120 507.7
1344130 507.7
1344140 507.9
1344150 508.2
1344160 508.4
1344170 508.4
1344180 508.4
1344190 508.4
1344200 508.4
1344210 508.4
1344220 508.4
1344230 508.4
1344240 508.6
1344250 508.8
1344260 508.8
1344270 509.1
1344280 509.6
1344290 509.6
1344300 509.4
1344310 508.8
1344320 508.8
1344330 508.7
1344340 508.8
1344350 508.8
1344360 508.8
1344370 508.9
1344380 508.9
1344390 509.1
1344400 509.1
1344410 509.1
1344420 509.1
1344430 509.2
1344440 509.2
1344450 509.2
1344460 509.3
1344470 509.3
1344480 509.3
1344490 509.4
1344500 509.6
1344510 509.6
1344520 509.7
1344530 509.7
1344540 509.7
1344550 509.8
1344560 509.8
1344570 509.8
1344580 509.7
1344590 509.7
1344600 509.7
1344610 509.6
1344620 509.4
1344630 509.4
1344640 509.0
1344650 509.1
1344660 509.1
1344670 509.1
1344680 508.7
1344690 508.7
1344700 508.9
1344710 509.4
1344720 509.4
1344730 509.4
1344740 509.2
1344750 509.2
1344760 509.3
1344770 511.9
1344780 511.9
1344790 515.2
1344800 515.7
1344810 515.7
1344820 515.7
1344830 515.7
1344840 515.7
1344850 515.7
1344860 515.8
1344870 516.1
1344880 516.1
1344890 516.3
1344900 516.3
1344910 516.3
1344920 516.4
1344930 516.5
1344940 516.5
1344950 516.7
1344960 516.7
1344970 516.7
1344980 516.8
1344990 516.8
1345000 516.8
1345010 516.8
1345020 516.9
1345030 516.9
1345040 517.2
1345050 517.4
1345060 517.4
1345070 517.1
1345080 517.1
1345090 517.1
1345100 517.1
1345110 517.4
1345120 517.4
1345130 518.0
1345140 518.3
1345150 518.3
1345160 518.3
1345170 518.3
1345180 518.2
1345190 518.2
1345200 517.5
1345210 517.7
1345220 517.7
1345230 518.2
1345240 518.5
1345250 518.5
1345260 518.8
1345270 519.0
1345280 519.0
1345290 518.9
1345300 518.5
1345310 518.5
1345320 518.5
1345330 518.6
1345340 518.6
1345350 518.7
1345360 518.9
1345370 518.9
1345380 519.1
1345390 519.2
1345400 519.2
1345410 519.3
1345420 519.3
1345430 519.3
1345440 518.9
1345450 518.5
1345460 518.5
1345470 518.7
1345480 519.5
1345490 519.5
1345500 520.4
1345510 521.0
1345520 521.2
1345530 521.2
1345540 521.4
1345550 521.5
1345560 521.5
1345570 521.4
1345580 521.5
1345590 521.5
1345600 521.6
1345610 521.6
1345620 521.6
1345630 521.6
1345640 521.8
1345650 521.9
1345660 522.1
1345670 522.2
1345680 522.2
1345690 522.5
1345700 522.6
1345710 522.6
1345720 522.7
1345730 522.8
1345740 522.8
1345750 522.9
1345760 522.9
1345770 522.9
1345780 522.9
1345790 523.0
1345800 523.0
1345810 523.1
1345820 523.2
1345830 523.2
1345840 523.2
1345850 523.4
1345860 523.7
1345870 523.7
1345880 523.7
1345890 523.8
1345900 523.8
1345910 523.9
1345920 524.0
1345930 524.0
1345940 524.0
1345950 524.0
1345960 524.0
1345970 524.1
1345980 524.2
1345990 524.2
1346000 524.2
1346010 524.2
1346020 524.2
1346030 524.3
1346040 524.4
1346050 524.4
1346060 524.4
1346070 524.5
1346080 524.5
1346090 524.6
1346100 524.7
1346110 524.7
1346120 524.7
1346130 524.8
1346140 524.8
1346150 525.1
1346160 525.9
1346170 525.9
1346180 528.9
1346190 534.2
1346200 538.3
1346210 538.3
1346220 539.1
1346230 538.4
1346240 538.4
1346250 535.5
1346260 534.6
1346270 534.6
1346280 535.0
1346290 535.5
1346300 535.5
1346310 537.2
1346320 538.3
1346330 538.3
1346340 539.8
1346350 540.0
1346360 540.0
1346370 541.0
1346380 541.5
1346390 541.5
1346400 541.2
1346410 541.5
1346420 541.5
1346430 542.3
1346440 542.5
1346450 542.5
1346460 542.5
1346470 542.7
1346480 542.7
1346490 543.0
1346500 543.1
1346510 543.1
1346520 543.3
1346530 543.5
1346540 543.8
1346550 543.8
1346560 544.1
1346570 544.4
1346580 544.4
1346590 544.6
1346600 545.1
1346610 545.1
1346620 545.3
1346630 545.5
1346640 545.5
1346650 545.8
1346660 546.3
1346670 546.3
1346680 546.7
1346690 547.1
1346700 547.1
1346710 547.4
1346720 547.9
1346730 547.9
1346740 548.5
1346750 549.1
1346760 549.1
1346770 549.6
1346780 550.3
1346790 550.3
1346800 551.6
1346810 553.6
1346820 553.6
1346830 555.7
1346840 557.7
1346850 557.7
1346860 559.5
1346870 561.1
1346880 563.4
1346890 563.4
1346900 566.3
1346910 569.7
1346920 569.7
1346930 571.6
1346940 575.2
1346950 575.2
1346960 579.1
1346970 582.4
1346980 582.4
1346990 584.5
1347000 587.6
1347010 587.6
1347020 591.4
1347030 594.0
1347040 594.0
1347050 596.2
1347060 597.6
1347070 597.6
1347080 599.0
1347090 599.8
1347100 599.8
1347110 600.4
1347120 600.8
1347130 600.8
1347140 601.1
1347150 601.4
1347160 601.4
1347170 601.6
1347180 601.7
1347190 601.7
1347200 601.6
1347210 601.6
1347220 601.5
1347230 601.5
1347240 601.2
1347250 601.0
1347260 601.0
1347270 600.9
1347280 600.9
1347290 600.9
1347300 600.9
1347310 601.1
1347320 601.1
1347330 601.4
1347340 601.7
1347350 601.7
1347360 602.1
1347370 602.4
1347380 602.4
1347390 602.8
1347400 603.0
1347410 603.0
1347420 603.3
1347430 603.4
1347440 603.4
1347450 603.5
1347460 603.7
1347470 603.7
1347480 604.0
1347490 604.3
1347500 605.1
1347510 606.1
1347520 607.5
1347530 607.5
1347540 609.3
1347550 611.0
1347560 612.1
1347570 612.1
1347580 613.0
1347590 613.9
1347600 613.9
1347610 614.8
1347620 615.5
1347630 615.5
1347640 616.2
1347650 616.7
1347660 616.7
1347670 616.9
1347680 617.1
1347690 617.1
1347700 617.3
1347710 617.3
1347720 617.3
1347730 617.0
1347740 616.8
1347750 616.8
1347760 616.3
1347770 615.8
1347780 615.8
1347790 615.2
1347800 614.7
1347810 614.7
1347820 614.2
1347830 613.7
1347840 613.7
1347850 613.1
1347860 612.5
1347870 612.5
1347880 612.1
1347890 611.6
1347900 611.1
1347910 611.1
1347920 610.6
1347930 610.1
1347940 610.1
1347950 609.6
1347960 609.2
1347970 609.2
1347980 608.8
1347990 608.0
1348000 608.0
1348010 606.8
1348020 604.6
1348030 604.6
1348040 601.7
1348050 599.7
1348060 599.7
1348070 598.4
1348080 597.8
1348090 597.8
1348100 597.9
1348110 597.9
1348120 597.9
1348130 598.0
1348140 598.4
1348150 598.4
1348160 599.0
1348170 599.4
1348180 599.4
1348190 599.8
1348200 600.4
1348210 600.4
1348220 601.2
1348230 602.0
1348240 602.8
1348250 602.8
1348260 603.7
1348270 604.5
1348280 604.5
1348290 605.3
1348300 606.1
1348310 606.1
1348320 606.7
1348330 607.2
1348340 607.2
1348350 607.9
1348360 608.6
1348370 608.6
1348380 609.3
1348390 609.9
1348400 609.9
1348410 610.6
1348420 611.2
1348430 612.1
1348440 612.7
1348450 613.2
1348460 613.2
1348470 613.8
1348480 614.6
1348490 614.6
1348500 615.5
1348510 616.7
1348520 616.7
1348530 618.1
1348540 619.6
1348550 619.6
1348560 621.2
1348570 622.9
1348580 624.2
1348590 624.2
1348600 625.2
1348610 626.0
1348620 626.0
1348630 627.0
1348640 628.3
1348650 628.3
1348660 630.1
1348670 632.9
1348680 632.9
1348690 637.4
1348700 643.1
1348710 643.1
1348720 647.7
1348730 651.0
1348740 651.0
1348750 653.6
1348760 657.6
1348770 657.6
1348780 661.1
1348790 665.3
1348800 665.3
1348810 669.3
1348820 671.5
1348830 671.5
1348840 671.0
1348850 667.7
1348860 667.7
1348870 666.3
1348880 668.6
1348890 668.6
1348900 672.6
1348910 676.3
1348920 679.3
1348930 679.3
1348940 681.1
1348950 681.9
1348960 681.9
1348970 682.5
1348980 683.3
1348990 683.3
1349000 683.9
1349010 684.9
1349020 684.9
1349030 686.1
1349040 687.0
1349050 687.0
1349060 687.9
1349070 689.0
1349080 689.0
1349090 690.4
1349100 691.8
1349110 691.8
1349120 693.8
1349130 696.1
1349140 696.1
1349150 698.2
1349160 699.2
1349170 699.2
1349180 697.7
1349190 694.6
1349200 694.6
1349210 689.6
1349220 686.5
1349230 686.5
1349240 692.5
1349250 699.2
1349260 703.2
1349270 703.2
1349280 706.1
1349290 706.9
1349300 706.9
1349310 705.8
1349320 705.7
1349330 705.7
1349340 706.4
1349350 707.7
1349360 707.7
1349370 709.5
1349380 712.4
1349390 712.4
1349400 714.5
1349410 717.1
1349420 717.1
1349430 719.7
1349440 722.4
1349450 722.4
1349460 725.1
1349470 728.3
1349480 728.3
1349490 731.6
1349500 734.2
1349510 734.2
1349520 736.9
1349530 739.6
1349540 739.6
1349550 742.1
1349560 744.5
1349570 744.5
1349580 746.5
1349590 747.4
1349600 752.4
1349610 752.4
1349620 757.2
1349630 761.3
1349640 761.3
1349650 765.6
1349660 769.3
1349670 769.3
1349680 770.6
1349690 770.5
1349700 770.5
1349710 769.0
1349720 767.5
1349730 767.5
1349740 765.7
1349750 763.8
1349760 763.8
1349770 762.1
1349780 760.3
1349790 760.3
1349800 758.5
1349810 756.8
1349820 756.8
1349830 754.9
1349840 751.4
1349850 751.4
1349860 749.3
1349870 748.3
1349880 748.3
1349890 748.2
1349900 747.1
1349910 747.1
1349920 750.0
1349930 750.8
1349940 749.1
1349950 749.1
1349960 749.6
1349970 755.7
1349980 755.7
1349990 761.0
1350000 767.7
1350010 767.7
1350020 774.1
1350030 781.9
1350040 781.9
1350050 789.3
1350060 794.7
1350070 794.7
1350080 796.0
1350090 792.1
1350100 792.1
1350110 786.5
1350120 783.5
1350130 783.5
1350140 785.1
1350150 786.8
1350160 786.8
1350170 790.5
1350180 795.3
1350190 795.3
1350200 799.1
1350210 803.0
1350220 803.0
1350230 807.0
1350240 809.6
1350250 809.6
1350260 810.4
1350270 809.1
1350280 808.5
1350290 808.5
1350300 810.2
1350310 813.3
1350320 816.0
1350330 815.6
1350340 810.4
1350350 810.4
1350360 799.4
1350370 794.6
1350380 794.6
1350390 792.6
1350400 786.4
1350410 786.4
1350420 774.2
1350430 766.1
1350440 766.1
1350450 762.6
1350460 761.7
1350470 761.7
1350480 764.2
1350490 767.7
1350500 767.7
1350510 771.3
1350520 775.2
1350530 775.2
1350540 778.3
1350550 782.6
1350560 782.6
1350570 788.3
1350580 792.4
1350590 792.4
1350600 797.6
1350610 801.0
1350620 806.8
1350630 806.8
1350640 812.8
1350650 817.7
1350660 817.7
1350670 822.1
1350680 826.0
1350690 826.0
1350700 829.5
1350710 831.8
1350720 831.8
1350730 834.6
1350740 839.3
1350750 839.3
1350760 844.4
1350770 848.7
1350780 848.7
1350790 852.1
1350800 854.7
1350810 854.7
1350820 856.1
1350830 857.4
1350840 857.4
1350850 859.8
1350860 861.2
1350870 861.2
1350880 862.9
1350890 864.9
1350900 864.9
1350910 868.0
1350920 870.3
1350930 870.3
1350940 872.1
1350950 874.7
1350960 875.9
1350970 875.9
1350980 874.4
1350990 870.3
1351000 870.3
1351010 867.8
1351020 865.9
1351030 865.9
1351040 869.1
1351050 871.9
1351060 871.9
1351070 875.4
1351080 880.3
1351090 880.3
1351100 883.4
1351110 882.9
1351120 882.9
1351130 878.4
1351140 876.4
1351150 876.4
1351160 883.8
1351170 893.4
1351180 893.4
1351190 902.0
1351200 910.4
1351210 910.4
1351220 917.6
1351230 922.3
1351240 922.3
1351250 927.3
1351260 932.5
1351270 932.5
1351280 929.8
1351290 935.7
1351300 940.3
1351310 940.3
1351320 944.0
1351330 947.4
1351340 947.4
1351350 950.4
1351360 953.3
1351370 953.3
1351380 953.1
1351390 950.6
1351400 950.6
1351410 951.1
1351420 946.6
1351430 946.6
1351440 940.0
1351450 937.0
1351460 937.0
1351470 937.6
1351480 939.6
1351490 939.6
1351500 941.8
1351510 945.4
1351520 945.4
1351530 950.4
1351540 950.5
1351550 950.5
1351560 953.4
1351570 961.3
1351580 961.3
1351590 969.8
1351600 977.3
1351610 977.3
1351620 985.2
1351630 993.4
1351640 1002.6
1351650 1002.6
1351660 1011.5
1351670 1019.3
1351680 1019.3
1351690 1026.9
1351700 1034.1
1351710 1034.1
1351720 1041.5
1351730 1048.8
1351740 1048.8
1351750 1056.0
1351760 1062.9
1351770 1062.9
1351780 1069.4
1351790 1074.3
1351800 1074.3
1351810 1077.2
1351820 1079.1
1351830 1079.1
1351840 1080.8
1351850 1082.3
1351860 1082.3
1351870 1083.9
1351880 1085.6
1351890 1085.6
1351900 1086.8
1351910 1087.1
1351920 1087.1
1351930 1087.6
1351940 1088.7
1351950 1088.7
1351960 1089.4
1351970 1089.0
1351980 1087.0
1351990 1087.0
1352000 1082.6
1352010 1079.1
1352020 1079.1
1352030 1079.8
1352040 1083.5
1352050 1083.5
1352060 1084.0
1352070 1079.3
1352080 1079.3
1352090 1072.5
1352100 1069.7
1352110 1069.7
1352120 1073.6
1352130 1080.4
1352140 1080.4
1352150 1083.7
1352160 1083.6
1352170 1083.6
1352180 1081.9
1352190 1079.2
1352200 1079.2
1352210 1076.0
1352220 1072.0
1352230 1072.0
1352240 1062.0
1352250 1057.7
1352260 1057.7
1352270 1052.9
1352280 1045.1
1352290 1045.1
1352300 1043.3
1352310 1050.5
1352320 1057.2
1352330 1057.2
1352340 1062.0
1352350 1063.5
1352360 1063.5
1352370 1061.9
1352380 1060.1
1352390 1060.1
1352400 1059.2
1352410 1058.2
1352420 1058.2
1352430 1056.2
1352440 1053.6
1352450 1053.6
1352460 1050.6
1352470 1047.5
1352480 1047.5
1352490 1045.4
1352500 1044.8
1352510 1044.8
1352520 1043.1
1352530 1039.7
1352540 1039.7
1352550 1035.2
1352560 1029.6
1352570 1029.6
1352580 1022.7
1352590 1015.5
1352600 1015.5
1352610 1008.4
1352620 1004.1
1352630 1004.1
1352640 1004.1
1352650 1005.0
1352660 1004.4
1352670 1004.4
1352680 1002.5
1352690 1000.9
1352700 1000.9
1352710 999.5
1352720 995.5
1352730 995.5
1352740 993.3
1352750 991.7
1352760 991.7
1352770 990.2
1352780 990.9
1352790 990.9
1352800 991.9
1352810 992.1
1352820 992.1
1352830 994.2
1352840 996.4
1352850 996.4
1352860 996.8
1352870 995.4
1352880 995.4
1352890 993.2
1352900 991.3
1352910 991.3
1352920 989.6
1352930 988.2
1352940 988.2
1352950 986.9
1352960 984.1
1352970 984.1
1352980 980.0
1352990 978.3
1353000 976.8
1353010 976.8
1353020 970.9
1353030 963.6
1353040 963.6
1353050 957.2
1353060 954.8
1353070 954.8
1353080 955.0
1353090 953.2
1353100 953.2
1353110 949.2
1353120 945.2
1353130 945.2
1353140 941.3
1353150 937.2
1353160 937.2
1353170 934.6
1353180 933.7
1353190 933.7
1353200 934.2
1353210 925.9
1353220 925.9
1353230 923.1
1353240 917.3
1353250 917.3
1353260 910.1
1353270 903.0
1353280 903.0
1353290 898.9
1353300 898.5
1353310 898.5
1353320 897.8
1353330 897.6
1353340 894.6
1353350 894.6
1353360 887.5
1353370 881.1
1353380 881.1
1353390 875.4
1353400 872.1
1353410 872.1
1353420 869.1
1353430 864.2
1353440 864.2
1353450 859.5
1353460 855.5
1353470 855.5
1353480 852.6
1353490 851.1
1353500 851.1
1353510 847.7
1353520 845.7
1353530 845.7
1353540 846.2
1353550 844.3
1353560 844.3
1353570 839.5
1353580 832.7
1353590 832.7
1353600 826.0
1353610 822.7
1353620 822.7
1353630 821.7
1353640 822.1
1353650 822.1
1353660 824.8
1353670 825.0
1353680 822.1
1353690 822.1
1353700 817.9
1353710 813.9
1353720 813.9
1353730 809.8
1353740 805.6
1353750 805.6
1353760 801.5
1353770 798.0
1353780 798.0
1353790 795.9
1353800 793.4
1353810 793.4
1353820 791.6
1353830 791.1
1353840 791.1
1353850 790.7
1353860 790.3
1353870 790.3
1353880 789.1
1353890 788.4
1353900 788.4
1353910 787.2
1353920 785.6
1353930 785.6
1353940 785.6
1353950 786.2
1353960 786.2
1353970 787.0
1353980 787.9
1353990 787.9
1354000 788.9
1354010 789.6
1354020 789.9
1354030 789.9
1354040 790.6
1354050 791.3
1354060 791.3
1354070 791.9
1354080 792.6
1354090 792.6
1354100 793.2
1354110 793.2
1354120 793.2
1354130 792.9
1354140 793.2
1354150 793.2
1354160 793.1
1354170 792.8
1354180 791.1
1354190 790.9
1354200 790.8
1354210 790.8
1354220 791.0
1354230 790.7
1354240 790.7
1354250 790.5
1354260 790.3
1354270 790.3
1354280 790.6
1354290 790.3
1354300 790.3
1354310 789.4
1354320 788.9
1354330 788.8
1354340 788.8
1354350 788.7
1354360 788.6
1354370 788.6
1354380 788.1
1354390 787.5
1354400 787.5
1354410 786.9
1354420 786.1
1354430 786.1
1354440 785.1
1354450 784.4
1354460 784.4
1354470 783.4
1354480 782.4
1354490 782.4
1354500 781.7
1354510 780.8
1354520 780.8
1354530 779.7
1354540 778.5
1354550 778.5
1354560 777.3
1354570 776.2
1354580 776.2
1354590 775.2
1354600 774.0
1354610 774.0
1354620 772.3
1354630 771.0
1354640 771.0
1354650 770.3
1354660 770.0
1354670 769.6
1354680 769.6
1354690 768.8
1354700 767.8
1354710 767.8
1354720 766.8
1354730 765.8
1354740 765.8
1354750 764.9
1354760 764.1
1354770 764.1
1354780 763.4
1354790 762.6
1354800 762.6
1354810 762.1
1354820 761.9
1354830 761.9
1354840 762.2
1354850 762.7
1354860 762.7
1354870 764.5
1354880 767.5
1354890 767.5
1354900 769.9
1354910 771.2
1354920 771.2
1354930 771.4
1354940 771.4
1354950 771.4
1354960 771.0
1354970 770.4
1354980 770.4
1354990 769.0
1355000 767.6
1355010 766.1
1355020 766.1
1355030 762.9
1355040 757.8
1355050 757.8
1355060 753.0
1355070 748.9
1355080 748.9
1355090 745.3
1355100 743.0
1355110 743.0
1355120 740.8
1355130 739.1
1355140 739.1
1355150 737.9
1355160 737.3
1355170 736.7
1355180 736.0
1355190 735.5
1355200 735.5
1355210 735.0
1355220 734.3
1355230 734.3
1355240 733.4
1355250 732.4
1355260 732.4
1355270 731.5
1355280 730.6
1355290 730.6
1355300 729.6
1355310 728.5
1355320 728.5
1355330 728.0
1355340 727.3
1355350 726.7
1355360 726.7
1355370 726.1
1355380 725.6
1355390 725.6
1355400 725.0
1355410 724.6
1355420 724.6
1355430 724.3
1355440 723.7
1355450 723.7
1355460 723.0
1355470 722.3
1355480 722.3
1355490 721.5
1355500 720.8
1355510 720.8
1355520 720.1
1355530 719.4
1355540 719.4
1355550 719.0
1355560 718.5
1355570 718.5
1355580 717.9
1355590 717.2
1355600 717.2
1355610 716.6
1355620 716.1
1355630 716.1
1355640 715.5
1355650 714.9
1355660 714.9
1355670 714.2
1355680 713.5
1355690 712.8
1355700 712.8
1355710 712.0
1355720 711.3
1355730 711.3
1355740 710.8
1355750 710.3
1355760 710.3
1355770 709.9
1355780 709.5
1355790 709.5
1355800 708.8
1355810 708.1
1355820 708.1
1355830 707.7
1355840 707.4
1355850 707.4
1355860 706.7
1355870 705.7
1355880 705.7
1355890 705.3
1355900 704.7
1355910 704.7
1355920 703.9
1355930 703.2
1355940 703.2
1355950 702.5
1355960 701.8
1355970 701.8
1355980 701.5
1355990 701.1
1356000 701.1
1356010 700.6
1356020 700.1
1356030 699.6
1356040 699.6
1356050 699.1
1356060 698.4
1356070 698.4
1356080 697.9
1356090 697.3
1356100 697.3
1356110 697.0
1356120 696.5
1356130 696.5
1356140 695.8
1356150 695.1
1356160 694.9
1356170 694.4
1356180 694.2
1356190 694.2
1356200 693.7
1356210 694.3
1356220 694.3
1356230 694.6
1356240 694.7
1356250 694.7
1356260 694.6
1356270 694.6
1356280 694.6
1356290 694.7
1356300 694.7
1356310 694.7
1356320 694.5
1356330 694.2
1356340 694.2
1356350 693.9
1356360 693.7
1356370 693.4
1356380 693.4
1356390 692.9
1356400 692.4
1356410 692.4
1356420 691.8
1356430 691.3
1356440 691.3
1356450 691.0
1356460 690.7
1356470 690.7
1356480 690.5
1356490 690.2
1356500 690.2
1356510 689.9
1356520 689.9
1356530 689.9
1356540 689.8
1356550 689.7
1356560 689.7
1356570 690.1
1356580 690.0
1356590 690.0
1356600 690.0
1356610 690.3
1356620 690.3
1356630 690.5
1356640 690.4
1356650 690.4
1356660 690.2
1356670 690.1
1356680 690.1
1356690 690.2
1356700 690.1
1356710 689.5
1356720 689.5
1356730 689.8
1356740 690.0
1356750 690.0
1356760 689.9
1356770 689.3
1356780 689.3
1356790 688.6
1356800 688.2
1356810 688.2
1356820 688.8
1356830 688.9
1356840 688.9
1356850 689.4
1356860 689.4
1356870 689.4
1356880 689.0
1356890 689.1
1356900 689.1
1356910 689.3
1356920 689.7
1356930 689.7
1356940 690.1
1356950 690.0
1356960 690.0
1356970 689.9
1356980 690.0
1356990 690.0
1357000 690.2
1357010 690.3
1357020 690.3
1357030 690.5
1357040 690.7
1357050 690.9
1357060 690.9
1357070 691.1
1357080 691.3
1357090 691.3
1357100 691.6
1357110 691.8
1357120 691.8
1357130 692.0
1357140 692.2
1357150 692.2
1357160 692.6
1357170 693.1
1357180 693.1
1357190 693.7
1357200 693.7
1357210 693.7
1357220 693.6
1357230 693.6
1357240 693.6
1357250 693.8
1357260 694.1
1357270 694.1
1357280 694.2
1357290 694.4
1357300 694.4
1357310 694.6
1357320 694.7
1357330 694.7
1357340 694.9
1357350 695.2
1357360 695.2
1357370 695.5
1357380 695.7
1357390 695.8
1357400 695.8
1357410 696.0
1357420 696.3
1357430 696.3
1357440 696.4
1357450 696.4
1357460 696.4
1357470 696.5
1357480 696.6
1357490 696.6
1357500 696.7
1357510 696.8
1357520 696.8
1357530 697.0
1357540 697.2
1357550 697.2
1357560 697.5
1357570 697.7
1357580 697.7
1357590 697.9
1357600 698.1
1357610 698.1
1357620 698.4
1357630 698.5
1357640 698.5
1357650 698.8
1357660 698.9
1357670 698.9
1357680 699.0
1357690 699.0
1357700 699.0
1357710 698.9
1357720 698.8
1357730 698.9
1357740 698.9
1357750 698.9
1357760 699.3
1357770 699.3
1357780 699.6
1357790 699.6
1357800 699.6
1357810 699.4
1357820 699.4
1357830 699.4
1357840 699.9
1357850 699.9
1357860 699.9
1357870 699.9
1357880 700.3
1357890 700.3
1357900 700.8
1357910 700.9
1357920 700.9
1357930 701.1
1357940 700.0
1357950 700.0
1357960 699.1
1357970 701.2
1357980 701.2
1357990 701.1
1358000 700.5
1358010 700.5
1358020 700.1
1358030 699.9
1358040 699.9
1358050 699.8
1358060 699.6
1358070 699.5
1358080 699.5
1358090 699.8
1358100 700.4
1358110 700.4
1358120 701.1
1358130 701.3
1358140 701.3
1358150 701.3
1358160 701.2
1358170 701.7
1358180 701.7
1358190 701.8
1358200 701.8
1358210 701.8
1358220 701.7
1358230 701.7
1358240 701.6
1358250 701.4
1358260 701.4
1358270 701.2
1358280 700.8
1358290 700.8
1358300 700.3
1358310 699.9
1358320 699.9
1358330 699.6
1358340 699.5
1358350 699.5
1358360 699.2
1358370 698.2
1358380 698.2
1358390 698.4
1358400 699.4
1358410 699.0
1358420 699.0
1358430 698.4
1358440 698.5
1358450 698.5
1358460 699.2
1358470 699.3
1358480 699.3
1358490 698.3
1358500 697.8
1358510 697.8
1358520 697.6
1358530 698.4
1358540 698.4
1358550 702.5
1358560 705.9
1358570 705.9
1358580 706.8
1358590 707.2
1358600 707.2
1358610 707.7
1358620 708.1
1358630 708.1
1358640 708.6
1358650 709.4
1358660 709.4
1358670 710.5
1358680 711.8
1358690 711.8
1358700 713.3
1358710 714.9
1358720 714.9
1358730 716.4
1358740 717.9
1358750 719.2
1358760 719.2
1358770 720.4
1358780 721.6
1358790 721.6
1358800 722.9
1358810 724.2
1358820 724.2
1358830 725.3
1358840 726.8
1358850 726.8
1358860 728.7
1358870 730.5
1358880 730.5
1358890 732.1
1358900 733.8
1358910 733.8
1358920 735.2
1358930 736.5
1358940 736.5
1358950 737.8
1358960 739.7
1358970 739.7
1358980 741.4
1358990 743.0
1359000 743.0
1359010 744.6
1359020 747.2
1359030 747.2
1359040 750.7
1359050 754.4
1359060 754.4
1359070 758.0
1359080 761.3
1359090 764.4
1359100 764.4
1359110 767.2
1359120 770.0
1359130 770.0
1359140 772.5
1359150 774.2
1359160 774.2
1359170 774.9
1359180 775.3
1359190 777.2
1359200 777.9
1359210 777.9
1359220 777.9
1359230 777.4
1359240 776.6
1359250 776.6
1359260 775.8
1359270 775.7
1359280 775.7
1359290 775.7
1359300 775.8
1359310 775.8
1359320 775.6
1359330 774.4
1359340 774.4
1359350 768.4
1359360 762.5
1359370 762.5
1359380 762.7
1359390 766.1
1359400 766.1
1359410 767.6
1359420 768.4
1359430 769.5
1359440 769.5
1359450 769.1
1359460 768.5
1359470 768.5
1359480 768.3
1359490 768.4
1359500 768.4
1359510 770.2
1359520 771.9
1359530 771.9
1359540 772.8
1359550 773.7
1359560 773.7
1359570 774.8
1359580 774.9
1359590 774.9
1359600 773.9
1359610 773.1
1359620 773.1
1359630 773.7
1359640 776.3
1359650 776.3
1359660 778.3
1359670 779.8
1359680 779.8
1359690 781.8
1359700 783.9
1359710 783.9
1359720 784.6
1359730 784.9
1359740 785.7
1359750 785.7
1359760 789.4
1359770 790.0
1359780 790.0
1359790 787.1
1359800 783.9
1359810 783.9
1359820 782.3
1359830 782.7
1359840 782.7
1359850 783.5
1359860 784.0
1359870 784.0
1359880 784.6
1359890 785.6
1359900 785.6
1359910 786.4
1359920 787.8
1359930 787.8
1359940 789.3
1359950 791.1
1359960 791.1
1359970 793.1
1359980 795.4
1359990 795.4
