1340000 643.5
1340010 643.5
1340020 643.8
1340030 644.0
1340040 644.0
1340050 644.2
1340060 644.3
1340070 644.3
1340080 644.2
1340090 644.0
1340100 644.0
1340110 644.0
1340120 644.3
1340130 644.9
1340140 644.9
1340150 645.7
1340160 646.7
1340170 646.7
1340180 647.5
1340190 648.4
1340200 648.4
1340210 649.1
1340220 649.5
1340230 649.5
1340240 649.6
1340250 649.5
1340260 649.5
1340270 649.1
1340280 648.6
1340290 648.6
1340300 648.2
1340310 647.7
1340320 647.7
1340330 647.4
1340340 647.1
1340350 647.1
1340360 646.9
1340370 646.8
1340380 646.8
1340390 646.8
1340400 646.8
1340410 646.8
1340420 646.7
1340430 646.5
1340440 646.5
1340450 646.4
1340460 646.2
1340470 646.0
1340480 646.0
1340490 645.9
1340500 645.8
1340510 645.8
1340520 645.5
1340530 645.3
1340540 645.3
1340550 645.0
1340560 644.9
1340570 644.9
1340580 644.8
1340590 644.6
1340600 644.6
1340610 644.5
1340620 644.8
1340630 644.8
1340640 644.6
1340650 644.5
1340660 644.5
1340670 644.3
1340680 644.0
1340690 644.0
1340700 643.7
1340710 643.5
1340720 643.5
1340730 643.0
1340740 642.8
1340750 642.8
1340760 642.5
1340770 642.0
1340780 642.0
1340790 641.5
1340800 641.1
1340810 640.9
1340820 640.9
1340830 640.6
1340840 640.5
1340850 640.5
1340860 640.6
1340870 640.7
1340880 640.7
1340890 641.0
1340900 641.1
1340910 641.1
1340920 641.3
1340930 641.5
1340940 641.5
1340950 641.5
1340960 641.7
1340970 641.7
1340980 642.0
1340990 642.3
1341000 642.3
1341010 642.6
1341020 642.9
1341030 642.9
1341040 643.1
1341050 643.3
1341060 643.3
1341070 643.8
1341080 644.3
1341090 644.3
1341100 644.6
1341110 645.0
1341120 645.0
1341130 645.3
1341140 645.5
1341150 645.8
1341160 645.8
1341170 646.0
1341180 646.1
1341190 646.1
1341200 646.2
1341210 646.4
1341220 646.4
1341230 646.4
1341240 646.4
1341250 646.4
1341260 646.4
1341270 646.4
1341280 646.4
1341290 646.2
1341300 645.9
1341310 645.9
1341320 645.8
1341330 645.5
1341340 645.5
1341350 645.3
1341360 645.0
1341370 645.0
1341380 644.7
1341390 644.4
1341400 644.4
1341410 644.1
1341420 643.9
1341430 643.9
1341440 643.7
1341450 643.5
1341460 643.5
1341470 643.3
1341480 643.2
1341490 643.1
1341500 643.1
1341510 642.8
1341520 643.0
1341530 643.0
1341540 642.7
1341550 642.3
1341560 642.3
1341570 641.9
1341580 641.5
1341590 641.5
1341600 640.7
1341610 639.8
1341620 639.8
1341630 639.1
1341640 638.0
1341650 638.0
1341660 637.0
1341670 635.8
1341680 635.8
1341690 634.7
1341700 633.5
1341710 633.5
1341720 632.2
1341730 630.9
1341740 630.9
1341750 629.5
1341760 628.1
1341770 628.1
1341780 626.7
1341790 625.2
1341800 625.2
1341810 623.6
1341820 622.0
1341830 620.2
1341840 620.2
1341850 618.6
1341860 615.9
1341870 615.9
1341880 610.4
1341890 603.3
1341900 603.3
1341910 596.6
1341920 592.3
1341930 592.3
1341940 587.3
1341950 583.3
1341960 583.3
1341970 580.6
1341980 578.6
1341990 578.6
1342000 577.3
1342010 576.1
1342020 576.1
1342030 573.9
1342040 571.6
1342050 571.6
1342060 570.3
1342070 568.9
1342080 568.9
1342090 567.3
1342100 566.7
1342110 566.7
1342120 565.8
1342130 564.7
1342140 564.7
1342150 562.0
1342160 559.1
1342170 556.1
1342180 556.1
1342190 553.3
1342200 550.7
1342210 550.7
1342220 548.8
1342230 546.8
1342240 546.8
1342250 544.2
1342260 540.7
1342270 540.7
1342280 537.1
1342290 533.0
1342300 533.0
1342310 528.5
1342320 523.2
1342330 523.2
1342340 515.3
1342350 508.2
1342360 508.2
1342370 505.2
1342380 504.1
1342390 504.1
1342400 503.7
1342410 502.9
1342420 502.9
1342430 500.9
1342440 500.3
1342450 500.3
1342460 500.2
1342470 500.1
1342480 500.1
1342490 499.9
1342500 499.8
1342510 499.8
1342520 499.8
1342530 499.8
1342540 499.9
1342550 499.9
1342560 499.9
1342570 500.0
1342580 500.0
1342590 499.9
1342600 499.9
1342610 499.9
1342620 499.9
1342630 499.9
1342640 499.9
1342650 499.9
1342660 500.2
1342670 500.2
1342680 500.2
1342690 500.0
1342700 500.0
1342710 499.9
1342720 499.5
1342730 499.5
1342740 497.9
1342750 496.9
1342760 496.9
1342770 496.9
1342780 497.0
1342790 497.0
1342800 497.0
1342810 497.0
1342820 497.0
1342830 497.0
1342840 497.0
1342850 497.0
1342860 497.0
1342870 497.0
1342880 497.0
1342890 497.0
1342900 497.0
1342910 497.0
1342920 497.0
1342930 497.0
1342940 497.0
1342950 497.0
1342960 496.9
1342970 496.8
1342980 496.8
1342990 496.7
1343000 496.6
1343010 496.6
1343020 496.5
1343030 496.2
1343040 496.2
1343050 496.2
1343060 497.4
1343070 497.4
1343080 499.0
1343090 499.5
1343100 499.5
1343110 499.1
1343120 498.9
1343130 498.9
1343140 498.6
1343150 498.5
1343160 498.5
1343170 498.4
1343180 498.5
1343190 498.7
1343200 498.7
1343210 498.7
1343220 498.7
1343230 498.7
1343240 498.7
1343250 498.5
1343260 498.5
1343270 498.8
1343280 499.7
1343290 499.7
1343300 499.3
1343310 498.8
1343320 498.8
1343330 498.4
1343340 498.5
1343350 498.5
1343360 498.6
1343370 498.6
1343380 498.6
1343390 498.6
1343400 498.5
1343410 498.5
1343420 498.4
1343430 498.2
1343440 498.2
1343450 498.2
1343460 498.2
1343470 498.2
1343480 498.2
1343490 498.4
1343500 498.4
1343510 498.8
1343520 498.6
1343530 498.2
1343540 498.2
1343550 498.1
1343560 498.0
1343570 498.0
1343580 497.9
1343590 497.9
1343600 497.9
1343610 497.9
1343620 497.9
1343630 497.9
1343640 498.0
1343650 498.1
1343660 498.1
1343670 498.0
1343680 497.9
1343690 497.9
1343700 497.7
1343710 498.0
1343720 498.0
1343730 498.7
1343740 500.4
1343750 500.4
1343760 502.6
1343770 503.2
1343780 503.2
1343790 503.5
1343800 503.7
1343810 503.7
1343820 504.3
1343830 505.1
1343840 505.1
1343850 504.6
1343860 504.2
1343870 504.1
1343880 504.1
1343890 504.1
1343900 504.3
1343910 504.3
1343920 504.7
1343930 504.6
1343940 504.6
1343950 504.7
1343960 504.9
1343970 504.9
1343980 505.1
1343990 505.0
1344000 505.0
1344010 505.4
1344020 505.5
1344030 505.5
1344040 505.6
1344050 505.9
1344060 505.9
1344070 505.7
1344080 505.5
1344090 505.5
1344100 505.5
1344110 505.5
1344120 505.5
1344130 505.5
1344140 505.4
1344150 505.4
1344160 505.4
1344170 505.4
1344180 505.4
1344190 505.5
1344200 505.8
1344210 506.0
1344220 506.2
1344230 507.7
1344240 508.3
1344250 508.3
1344260 506.6
1344270 502.4
1344280 502.4
1344290 501.6
1344300 504.9
1344310 504.9
1344320 508.3
1344330 508.5
1344340 508.5
1344350 506.1
1344360 505.7
1344370 505.7
1344380 505.5
1344390 505.4
1344400 505.4
1344410 505.6
1344420 505.6
1344430 505.6
1344440 505.5
1344450 505.5
1344460 505.5
1344470 505.6
1344480 505.5
1344490 505.5
1344500 505.4
1344510 505.3
1344520 505.3
1344530 505.5
1344540 505.6
1344550 505.6
1344560 505.6
1344570 505.7
1344580 505.7
1344590 505.7
1344600 505.7
1344610 505.6
1344620 505.6
1344630 505.8
1344640 506.1
1344650 506.1
1344660 507.3
1344670 508.0
1344680 508.0
1344690 508.0
1344700 508.0
1344710 508.0
1344720 508.1
1344730 508.3
1344740 508.3
1344750 508.6
1344760 508.8
1344770 508.8
1344780 508.9
1344790 508.9
1344800 508.9
1344810 509.0
1344820 508.9
1344830 508.9
1344840 508.8
1344850 508.5
1344860 508.5
1344870 508.2
1344880 507.8
1344890 507.5
1344900 507.5
1344910 507.3
1344920 506.9
1344930 506.9
1344940 506.8
1344950 506.7
1344960 506.7
1344970 506.6
1344980 506.4
1344990 506.4
1345000 506.2
1345010 505.8
1345020 505.8
1345030 505.4
1345040 504.9
1345050 504.9
1345060 504.5
1345070 504.2
1345080 504.2
1345090 504.1
1345100 504.4
1345110 504.4
1345120 504.9
1345130 505.8
1345140 505.8
1345150 507.1
1345160 508.3
1345170 508.3
1345180 509.6
1345190 511.8
1345200 511.8
1345210 513.3
1345220 513.6
1345230 514.4
1345240 514.4
1345250 514.9
1345260 515.2
1345270 515.2
1345280 515.5
1345290 515.7
1345300 515.7
1345310 516.2
1345320 516.4
1345330 516.4
1345340 516.2
1345350 516.1
1345360 516.1
1345370 516.1
1345380 516.4
1345390 516.4
1345400 517.3
1345410 517.8
1345420 517.8
1345430 518.1
1345440 518.2
1345450 518.2
1345460 518.2
1345470 519.4
1345480 519.4
1345490 521.6
1345500 522.3
1345510 522.3
1345520 522.5
1345530 522.8
1345540 522.8
1345550 522.9
1345560 523.5
1345570 524.6
1345580 524.6
1345590 524.2
1345600 523.8
1345610 523.8
1345620 523.6
1345630 523.4
1345640 523.4
1345650 523.2
1345660 523.9
1345670 523.9
1345680 523.7
1345690 523.3
1345700 523.3
1345710 523.0
1345720 523.0
1345730 523.0
1345740 523.0
1345750 523.2
1345760 523.2
1345770 523.4
1345780 522.7
1345790 522.7
1345800 520.9
1345810 519.3
1345820 519.3
1345830 519.1
1345840 519.0
1345850 519.0
1345860 519.2
1345870 519.3
1345880 519.3
1345890 519.3
1345900 519.3
1345910 519.3
1345920 519.3
1345930 519.3
1345940 519.4
1345950 519.4
1345960 520.2
1345970 520.9
1345980 520.9
1345990 521.8
1346000 523.7
1346010 523.7
1346020 524.3
1346030 525.3
1346040 525.3
1346050 526.5
1346060 526.5
1346070 526.5
1346080 527.0
1346090 528.5
1346100 528.5
1346110 531.0
1346120 532.1
1346130 532.1
1346140 534.5
1346150 536.8
1346160 536.8
1346170 537.1
1346180 537.6
1346190 537.6
1346200 537.7
1346210 537.4
1346220 537.4
1346230 536.8
1346240 536.6
1346250 536.9
1346260 536.9
1346270 537.5
1346280 537.6
1346290 537.6
1346300 537.7
1346310 538.0
1346320 538.0
1346330 538.2
1346340 538.3
1346350 538.3
1346360 538.6
1346370 538.9
1346380 538.9
1346390 539.3
1346400 540.1
1346410 540.1
1346420 540.4
1346430 540.2
1346440 540.2
1346450 540.3
1346460 540.4
1346470 540.4
1346480 540.3
1346490 540.4
1346500 540.4
1346510 540.5
1346520 540.8
1346530 540.8
1346540 540.8
1346550 541.3
1346560 541.3
1346570 542.5
1346580 543.0
1346590 542.9
1346600 542.9
1346610 542.2
1346620 542.6
1346630 542.6
1346640 543.0
1346650 543.3
1346660 543.3
1346670 543.8
1346680 544.1
1346690 544.1
1346700 544.5
1346710 544.9
1346720 544.9
1346730 545.5
1346740 546.7
1346750 546.7
1346760 547.7
1346770 548.6
1346780 548.6
1346790 549.8
1346800 551.6
1346810 551.6
1346820 554.8
1346830 558.6
1346840 558.6
1346850 559.1
1346860 557.9
1346870 557.9
1346880 556.6
1346890 558.5
1346900 558.5
1346910 563.6
1346920 570.8
1346930 578.6
1346940 578.6
1346950 586.6
1346960 594.4
1346970 594.4
1346980 601.5
1346990 608.0
1347000 608.0
1347010 613.0
1347020 617.7
1347030 617.7
1347040 619.7
1347050 619.8
1347060 619.8
1347070 619.5
1347080 619.5
1347090 619.5
1347100 619.3
1347110 619.0
1347120 619.0
1347130 618.9
1347140 619.3
1347150 619.3
1347160 619.8
1347170 619.9
1347180 619.9
1347190 619.5
1347200 619.0
1347210 619.0
1347220 619.0
1347230 618.7
1347240 618.7
1347250 617.7
1347260 616.4
1347270 615.6
1347280 615.6
1347290 615.5
1347300 614.7
1347310 614.7
1347320 614.3
1347330 616.0
1347340 616.0
1347350 618.2
1347360 616.9
1347370 616.9
1347380 615.7
1347390 615.8
1347400 615.8
1347410 612.9
1347420 611.4
1347430 611.4
1347440 610.0
1347450 608.6
1347460 608.6
1347470 606.9
1347480 605.0
1347490 605.0
1347500 603.5
1347510 602.0
1347520 602.0
1347530 600.6
1347540 599.0
1347550 599.0
1347560 597.0
1347570 595.1
1347580 595.1
1347590 593.4
1347600 592.0
1347610 590.5
1347620 590.5
1347630 589.3
1347640 589.0
1347650 589.0
1347660 588.8
1347670 588.7
1347680 588.7
1347690 588.8
1347700 588.9
1347710 588.9
1347720 589.1
1347730 589.1
1347740 589.1
1347750 589.2
1347760 589.2
1347770 589.2
1347780 589.1
1347790 588.8
1347800 588.8
1347810 588.1
1347820 587.5
1347830 587.5
1347840 587.9
1347850 588.4
1347860 588.4
1347870 588.6
1347880 589.6
1347890 589.6
1347900 591.5
1347910 595.7
1347920 595.7
1347930 597.4
1347940 598.7
1347950 599.7
1347960 599.7
1347970 600.5
1347980 601.2
1347990 601.2
1348000 601.7
1348010 602.1
1348020 602.1
1348030 602.5
1348040 602.6
1348050 602.6
1348060 601.9
1348070 599.5
1348080 599.5
1348090 596.2
1348100 593.0
1348110 593.0
1348120 590.7
1348130 589.9
1348140 589.9
1348150 589.6
1348160 589.6
1348170 589.6
1348180 589.8
1348190 589.8
1348200 589.8
1348210 589.5
1348220 589.4
1348230 589.4
1348240 589.4
1348250 589.4
1348260 589.4
1348270 589.4
1348280 589.6
1348290 589.8
1348300 589.8
1348310 590.0
1348320 590.3
1348330 590.3
1348340 590.6
1348350 590.9
1348360 590.9
1348370 591.1
1348380 591.1
1348390 591.1
1348400 591.2
1348410 591.2
1348420 591.2
1348430 591.4
1348440 591.7
1348450 591.7
1348460 592.1
1348470 592.4
1348480 592.4
1348490 592.9
1348500 593.3
1348510 593.3
1348520 593.7
1348530 594.2
1348540 594.2
1348550 594.7
1348560 595.2
1348570 595.2
1348580 595.7
1348590 596.3
1348600 596.3
1348610 596.9
1348620 597.6
1348630 598.3
1348640 598.3
1348650 598.8
1348660 599.5
1348670 599.5
1348680 600.2
1348690 600.7
1348700 600.7
1348710 601.3
1348720 602.0
1348730 602.0
1348740 602.8
1348750 603.5
1348760 603.5
1348770 603.9
1348780 604.4
1348790 604.4
1348800 605.0
1348810 605.7
1348820 605.7
1348830 606.4
1348840 607.1
1348850 606.8
1348860 607.6
1348870 608.4
1348880 608.4
1348890 609.7
1348900 610.9
1348910 610.9
1348920 611.7
1348930 612.6
1348940 612.6
1348950 613.7
1348960 614.8
1348970 615.8
1348980 615.8
1348990 616.7
1349000 617.5
1349010 617.5
1349020 618.3
1349030 619.0
1349040 619.0
1349050 620.3
1349060 621.9
1349070 621.9
1349080 623.5
1349090 624.9
1349100 624.9
1349110 626.1
1349120 627.2
1349130 627.2
1349140 628.3
1349150 629.6
1349160 629.6
1349170 630.9
1349180 632.3
1349190 632.3
1349200 632.8
1349210 634.0
1349220 634.0
1349230 634.9
1349240 635.9
1349250 635.9
1349260 638.0
1349270 639.6
1349280 639.6
1349290 641.0
1349300 642.2
1349310 642.2
1349320 643.4
1349330 644.5
1349340 645.1
1349350 645.1
1349360 645.6
1349370 646.1
1349380 646.1
1349390 646.8
1349400 647.7
1349410 647.7
1349420 648.5
1349430 651.3
1349440 651.3
1349450 654.4
1349460 657.1
1349470 657.1
1349480 658.9
1349490 658.4
1349500 658.4
1349510 658.2
1349520 655.7
1349530 655.7
1349540 654.2
1349550 655.5
1349560 655.5
1349570 656.2
1349580 656.2
1349590 656.2
1349600 656.4
1349610 656.3
1349620 656.3
1349630 656.4
1349640 656.6
1349650 656.6
1349660 657.3
1349670 657.8
1349680 658.7
1349690 658.7
1349700 659.0
1349710 656.1
1349720 656.1
1349730 656.1
1349740 658.1
1349750 658.1
1349760 662.5
1349770 664.7
1349780 664.7
1349790 666.5
1349800 668.3
1349810 668.3
1349820 671.0
1349830 672.7
1349840 672.7
1349850 676.5
1349860 681.3
1349870 681.3
1349880 685.3
1349890 689.2
1349900 689.2
1349910 692.4
1349920 694.7
1349930 694.7
1349940 696.7
1349950 699.4
1349960 699.4
1349970 702.0
1349980 704.1
1349990 704.1
1350000 706.7
1350010 710.5
1350020 713.8
1350030 713.8
1350040 716.8
1350050 719.9
1350060 719.9
1350070 722.6
1350080 724.1
1350090 724.1
1350100 723.6
1350110 724.2
1350120 724.2
1350130 725.0
1350140 726.2
1350150 726.2
1350160 727.5
1350170 728.3
1350180 728.3
1350190 730.6
1350200 734.4
1350210 734.4
1350220 739.7
1350230 742.2
1350240 742.2
1350250 744.4
1350260 746.5
1350270 746.5
1350280 746.6
1350290 746.9
1350300 746.9
1350310 749.8
1350320 752.1
1350330 752.1
1350340 753.8
1350350 757.0
1350360 763.4
1350370 763.4
1350380 766.8
1350390 769.0
1350400 769.0
1350410 771.1
1350420 773.3
1350430 773.3
1350440 776.1
1350450 780.9
1350460 780.9
1350470 786.3
1350480 790.2
1350490 790.2
1350500 795.5
1350510 802.4
1350520 802.4
1350530 811.0
1350540 824.9
1350550 824.9
1350560 833.6
1350570 838.1
1350580 838.1
1350590 843.6
1350600 849.3
1350610 849.3
1350620 854.4
1350630 859.5
1350640 859.5
1350650 864.8
1350660 870.2
1350670 870.2
1350680 876.0
1350690 882.0
1350700 888.1
1350710 888.1
1350720 894.0
1350730 899.8
1350740 895.0
1350750 900.0
1350760 904.5
1350770 904.5
1350780 908.8
1350790 912.6
1350800 912.6
1350810 915.2
1350820 915.6
1350830 915.6
1350840 915.2
1350850 917.1
1350860 917.1
1350870 919.4
1350880 917.8
1350890 917.8
1350900 916.1
1350910 921.1
1350920 921.1
1350930 928.1
1350940 932.4
1350950 932.4
1350960 934.3
1350970 936.3
1350980 936.3
1350990 937.8
1351000 939.0
1351010 939.0
1351020 943.2
1351030 945.0
1351040 947.8
1351050 947.8
1351060 954.6
1351070 959.2
1351080 959.2
1351090 962.8
1351100 965.8
1351110 965.8
1351120 969.4
1351130 974.4
1351140 974.4
1351150 980.3
1351160 986.6
1351170 986.6
1351180 994.0
1351190 1001.6
1351200 1001.6
1351210 1012.3
1351220 1022.0
1351230 1022.0
1351240 1031.2
1351250 1040.3
1351260 1040.3
1351270 1048.6
1351280 1055.7
1351290 1055.7
1351300 1063.6
1351310 1072.1
1351320 1072.1
1351330 1079.9
1351340 1088.2
1351350 1088.2
1351360 1095.7
1351370 1102.5
1351380 1108.7
1351390 1108.7
1351400 1114.9
1351410 1121.2
1351420 1121.2
1351430 1127.5
1351440 1133.8
1351450 1133.8
1351460 1140.3
1351470 1147.0
1351480 1147.0
1351490 1153.9
1351500 1161.4
1351510 1161.4
1351520 1169.3
1351530 1177.2
1351540 1177.2
1351550 1184.6
1351560 1192.5
1351570 1192.5
1351580 1201.0
1351590 1210.6
1351600 1210.6
1351610 1227.9
1351620 1280.8
1351630 1280.8
1351640 1340.4
1351650 1362.0
1351660 1362.0
1351670 1373.9
1351680 1382.1
1351690 1382.1
1351700 1382.7
1351710 1391.5
1351720 1399.1
1351730 1399.1
1351740 1403.0
1351750 1401.6
1351760 1401.6
1351770 1396.5
1351780 1389.6
1351790 1389.6
1351800 1381.8
1351810 1372.6
1351820 1372.6
1351830 1370.9
1351840 1380.6
1351850 1380.6
1351860 1386.9
1351870 1396.7
1351880 1396.7
1351890 1401.8
1351900 1400.5
1351910 1400.5
1351920 1394.1
1351930 1380.3
1351940 1380.3
1351950 1364.8
1351960 1351.1
1351970 1351.1
1351980 1335.4
1351990 1329.7
1352000 1329.7
1352010 1345.3
1352020 1375.0
1352030 1375.0
1352040 1383.4
1352050 1386.4
1352060 1386.5
1352070 1386.5
1352080 1378.1
1352090 1372.0
1352100 1372.0
1352110 1367.2
1352120 1359.4
1352130 1359.4
1352140 1346.7
1352150 1334.9
1352160 1334.9
1352170 1329.7
1352180 1321.8
1352190 1321.8
1352200 1313.9
1352210 1309.0
1352220 1309.0
1352230 1304.3
1352240 1299.9
1352250 1299.9
1352260 1297.4
1352270 1294.4
1352280 1294.4
1352290 1291.1
1352300 1286.6
1352310 1286.6
1352320 1281.7
1352330 1276.4
1352340 1276.4
1352350 1270.8
1352360 1264.9
1352370 1264.9
1352380 1259.9
1352390 1255.7
1352400 1252.0
1352410 1252.0
1352420 1250.4
1352430 1248.2
1352440 1248.2
1352450 1245.3
1352460 1242.3
1352470 1242.3
1352480 1240.0
1352490 1237.0
1352500 1237.0
1352510 1233.7
1352520 1231.5
1352530 1231.5
1352540 1228.4
1352550 1225.2
1352560 1225.2
1352570 1221.9
1352580 1219.1
1352590 1219.1
1352600 1215.6
1352610 1211.1
1352620 1211.1
1352630 1208.3
1352640 1208.5
1352650 1208.5
1352660 1208.1
1352670 1201.6
1352680 1201.6
1352690 1201.0
1352700 1199.0
1352710 1199.0
1352720 1196.3
1352730 1193.0
1352740 1191.2
1352750 1191.2
1352760 1189.0
1352770 1185.6
1352780 1185.6
1352790 1182.5
1352800 1179.3
1352810 1179.3
1352820 1176.9
1352830 1174.7
1352840 1174.7
1352850 1171.8
1352860 1168.0
1352870 1168.0
1352880 1164.5
1352890 1162.0
1352900 1162.0
1352910 1159.5
1352920 1156.5
1352930 1156.5
1352940 1152.3
1352950 1150.8
1352960 1150.8
1352970 1148.2
1352980 1142.7
1352990 1142.7
1353000 1137.6
1353010 1135.8
1353020 1135.8
1353030 1137.9
1353040 1139.4
1353050 1139.4
1353060 1138.5
1353070 1135.8
1353080 1133.1
1353090 1133.1
1353100 1131.3
1353110 1130.4
1353120 1130.4
1353130 1129.0
1353140 1126.1
1353150 1126.1
1353160 1122.7
1353170 1119.8
1353180 1119.8
1353190 1119.2
1353200 1120.3
1353210 1120.3
1353220 1119.9
1353230 1117.0
1353240 1117.0
1353250 1113.0
1353260 1109.5
1353270 1109.5
1353280 1106.4
1353290 1100.8
1353300 1100.8
1353310 1095.5
1353320 1094.1
1353330 1094.1
1353340 1095.9
1353350 1095.1
1353360 1095.1
1353370 1087.6
1353380 1078.6
1353390 1078.6
1353400 1070.1
1353410 1062.2
1353420 1054.9
1353430 1054.9
1353440 1048.4
1353450 1042.8
1353460 1042.8
1353470 1037.1
1353480 1030.7
1353490 1030.7
1353500 1023.6
1353510 1016.1
1353520 1016.1
1353530 1008.1
1353540 999.9
1353550 999.9
1353560 993.7
1353570 991.3
1353580 991.3
1353590 989.6
1353600 987.8
1353610 987.8
1353620 985.2
1353630 981.7
1353640 972.9
1353650 971.0
1353660 968.7
1353670 968.7
1353680 964.8
1353690 961.3
1353700 961.3
1353710 959.4
1353720 957.3
1353730 957.3
1353740 956.4
1353750 953.5
1353760 946.2
1353770 946.2
1353780 939.3
1353790 933.2
1353800 933.2
1353810 927.9
1353820 922.2
1353830 922.2
1353840 915.5
1353850 908.9
1353860 908.9
1353870 904.3
1353880 901.1
1353890 901.1
1353900 898.9
1353910 897.0
1353920 897.0
1353930 895.5
1353940 893.1
1353950 893.1
1353960 890.3
1353970 886.5
1353980 886.5
1353990 883.1
1354000 880.7
1354010 880.7
1354020 879.4
1354030 877.7
1354040 877.7
1354050 876.5
1354060 874.5
1354070 874.5
1354080 872.9
1354090 872.9
1354100 874.8
1354110 874.8
1354120 873.3
1354130 870.8
1354140 870.8
1354150 869.4
1354160 866.9
1354170 866.9
1354180 864.2
1354190 863.1
1354200 863.1
1354210 864.2
1354220 866.4
1354230 866.4
1354240 867.8
1354250 868.2
1354260 868.2
1354270 866.1
1354280 862.4
1354290 862.4
1354300 858.2
1354310 853.1
1354320 853.1
1354330 847.1
1354340 843.2
1354350 843.2
1354360 840.5
1354370 836.8
1354380 836.8
1354390 832.4
1354400 828.1
1354410 828.1
1354420 823.7
1354430 819.7
1354440 815.9
1354450 815.9
1354460 811.1
1354470 805.9
1354480 805.9
1354490 801.4
1354500 799.0
1354510 799.0
1354520 797.5
1354530 796.1
1354540 796.1
1354550 794.9
1354560 793.7
1354570 793.7
1354580 792.7
1354590 791.9
1354600 791.9
1354610 791.1
1354620 789.3
1354630 789.3
1354640 788.7
1354650 788.6
1354660 788.6
1354670 788.7
1354680 788.6
1354690 788.6
1354700 788.4
1354710 788.3
1354720 788.3
1354730 788.2
1354740 787.9
1354750 787.9
1354760 787.4
1354770 787.4
1354780 787.1
1354790 787.1
1354800 786.5
1354810 785.8
1354820 785.8
1354830 785.3
1354840 785.0
1354850 785.0
1354860 784.9
1354870 784.9
1354880 784.9
1354890 784.7
1354900 784.4
1354910 784.4
1354920 783.8
1354930 783.6
1354940 783.6
1354950 783.6
1354960 783.7
1354970 783.7
1354980 783.9
1354990 783.8
1355000 783.8
1355010 783.6
1355020 783.5
1355030 783.5
1355040 783.5
1355050 783.5
1355060 783.5
1355070 783.2
1355080 782.8
1355090 782.8
1355100 782.4
1355110 782.1
1355120 782.0
1355130 782.0
1355140 782.1
1355150 781.8
1355160 781.8
1355170 781.5
1355180 781.1
1355190 781.1
1355200 780.4
1355210 779.7
1355220 779.7
1355230 779.0
1355240 778.3
1355250 778.3
1355260 777.6
1355270 776.8
1355280 776.8
1355290 776.0
1355300 775.5
1355310 775.5
1355320 775.1
1355330 774.3
1355340 774.3
1355350 773.4
1355360 772.4
1355370 772.4
1355380 771.4
1355390 770.4
1355400 770.4
1355410 769.6
1355420 769.0
1355430 769.0
1355440 768.3
1355450 767.1
1355460 765.8
1355470 765.8
1355480 764.9
1355490 764.3
1355500 764.3
1355510 763.6
1355520 762.1
1355530 762.1
1355540 760.8
1355550 759.9
1355560 759.9
1355570 758.6
1355580 758.0
1355590 758.0
1355600 757.0
1355610 754.8
1355620 754.8
1355630 753.9
1355640 752.8
1355650 752.8
1355660 751.9
1355670 750.9
1355680 750.9
1355690 749.7
1355700 748.4
1355710 748.4
1355720 747.3
1355730 746.5
1355740 746.5
1355750 745.5
1355760 744.6
1355770 744.6
1355780 743.6
1355790 742.6
1355800 741.7
1355810 741.7
1355820 740.5
1355830 739.2
1355840 739.2
1355850 738.1
1355860 737.2
1355870 737.2
1355880 736.0
1355890 735.0
1355900 735.0
1355910 734.2
1355920 733.2
1355930 733.2
1355940 731.8
1355950 730.8
1355960 730.8
1355970 729.8
1355980 728.8
1355990 728.8
1356000 727.7
1356010 726.6
1356020 726.6
1356030 725.6
1356040 724.5
1356050 724.5
1356060 723.4
1356070 722.4
1356080 722.4
1356090 721.4
1356100 720.5
1356110 720.5
1356120 719.5
1356130 718.6
1356140 717.6
1356150 717.6
1356160 716.7
1356170 715.8
1356180 715.8
1356190 715.0
1356200 714.1
1356210 714.1
1356220 713.4
1356230 712.6
1356240 712.6
1356250 711.6
1356260 710.9
1356270 710.9
1356280 710.2
1356290 709.6
1356300 709.6
1356310 709.0
1356320 708.2
1356330 708.2
1356340 707.5
1356350 706.7
1356360 706.7
1356370 706.0
1356380 705.2
1356390 705.2
1356400 704.4
1356410 703.7
1356420 703.7
1356430 703.0
1356440 702.2
1356450 702.2
1356460 701.4
1356470 700.6
1356480 700.0
1356490 700.0
1356500 699.1
1356510 698.6
1356520 698.6
1356530 698.0
1356540 697.3
1356550 697.3
1356560 696.9
1356570 696.5
1356580 696.5
1356590 696.1
1356600 694.9
1356610 694.9
1356620 694.8
1356630 695.0
1356640 695.0
1356650 695.0
1356660 694.9
1356670 694.9
1356680 694.8
1356690 694.6
1356700 694.6
1356710 694.6
1356720 693.7
1356730 693.7
1356740 694.0
1356750 695.4
1356760 695.4
1356770 697.0
1356780 697.9
1356790 697.9
1356800 698.6
1356810 699.3
1356820 700.0
1356830 700.0
1356840 700.6
1356850 701.3
1356860 701.3
1356870 702.2
1356880 703.0
1356890 703.0
1356900 703.3
1356910 702.7
1356920 702.7
1356930 701.5
1356940 700.0
1356950 700.0
1356960 698.6
1356970 697.6
1356980 697.6
1356990 696.6
1357000 694.4
1357010 694.4
1357020 690.7
1357030 688.5
1357040 688.5
1357050 687.5
1357060 686.9
1357070 686.9
1357080 686.4
1357090 685.8
1357100 685.8
1357110 685.7
1357120 685.5
1357130 685.5
1357140 685.4
1357150 685.8
1357160 686.0
1357170 686.0
1357180 686.1
1357190 686.0
1357200 686.0
1357210 686.0
1357220 685.9
1357230 685.9
1357240 685.9
1357250 685.9
1357260 685.9
1357270 685.6
1357280 685.3
1357290 685.3
1357300 685.4
1357310 685.5
1357320 685.5
1357330 685.5
1357340 685.6
1357350 685.6
1357360 685.8
1357370 686.0
1357380 686.0
1357390 686.1
1357400 685.9
1357410 685.9
1357420 686.2
1357430 686.3
1357440 686.3
1357450 686.2
1357460 686.2
1357470 686.2
1357480 686.3
1357490 686.4
1357500 686.5
1357510 686.5
1357520 686.5
1357530 686.3
1357540 686.3
1357550 686.2
1357560 686.1
1357570 686.1
1357580 686.1
1357590 686.2
1357600 686.2
1357610 686.3
1357620 685.9
1357630 685.9
1357640 685.9
1357650 685.8
1357660 685.8
1357670 685.4
1357680 685.4
1357690 685.4
1357700 685.4
1357710 685.3
1357720 685.3
1357730 685.3
1357740 685.2
1357750 685.2
1357760 684.9
1357770 684.5
1357780 684.5
1357790 685.2
1357800 685.1
1357810 685.1
1357820 685.5
1357830 685.6
1357840 685.2
1357850 685.2
1357860 684.8
1357870 684.7
1357880 684.7
1357890 683.9
1357900 683.1
1357910 683.1
1357920 683.2
1357930 683.4
1357940 683.4
1357950 683.5
1357960 683.4
1357970 683.4
1357980 683.2
1357990 682.7
1358000 682.7
1358010 682.5
1358020 682.2
1358030 682.2
1358040 681.7
1358050 681.3
1358060 681.3
1358070 681.3
1358080 681.2
1358090 681.2
1358100 681.2
1358110 681.1
1358120 681.1
1358130 681.4
1358140 681.8
1358150 681.8
1358160 682.0
1358170 681.9
1358180 681.6
1358190 681.6
1358200 680.5
1358210 679.5
1358220 679.5
1358230 680.1
1358240 679.7
1358250 679.7
1358260 679.6
1358270 679.8
1358280 679.8
1358290 679.2
1358300 678.6
1358310 678.6
1358320 678.7
1358330 678.8
1358340 678.8
1358350 678.8
1358360 678.5
1358370 678.5
1358380 676.6
1358390 676.1
1358400 676.1
1358410 676.3
1358420 676.4
1358430 676.4
1358440 676.3
1358450 676.4
1358460 676.4
1358470 676.4
1358480 676.3
1358490 676.3
1358500 677.2
1358510 677.7
1358520 677.6
1358530 677.6
1358540 678.1
1358550 678.3
1358560 678.3
1358570 678.1
1358580 678.1
1358590 678.1
1358600 678.3
1358610 678.5
1358620 678.8
1358630 679.1
1358640 679.7
1358650 679.7
1358660 680.6
1358670 681.3
1358680 681.3
1358690 681.3
1358700 681.5
1358710 681.5
1358720 682.0
1358730 682.7
1358740 682.7
1358750 682.9
1358760 683.3
1358770 683.3
1358780 684.3
1358790 685.0
1358800 685.0
1358810 685.6
1358820 686.3
1358830 686.3
1358840 687.2
1358850 688.2
1358860 688.8
1358870 688.8
1358880 689.4
1358890 690.0
1358900 690.0
1358910 690.6
1358920 691.4
1358930 691.4
1358940 692.2
1358950 693.0
1358960 693.0
1358970 693.9
1358980 694.8
1358990 694.8
1359000 695.6
1359010 696.4
1359020 696.4
1359030 697.4
1359040 698.5
1359050 698.5
1359060 699.0
1359070 699.5
1359080 699.5
1359090 700.2
1359100 700.9
1359110 700.9
1359120 701.7
1359130 702.4
1359140 702.4
1359150 703.1
1359160 703.8
1359170 703.8
1359180 704.4
1359190 704.9
1359200 705.5
1359210 705.5
1359220 706.4
1359230 707.1
1359240 707.1
1359250 707.8
1359260 708.4
1359270 708.4
1359280 709.0
1359290 709.6
1359300 709.6
1359310 710.3
1359320 711.3
1359330 711.3
1359340 711.9
1359350 712.5
1359360 712.5
1359370 713.1
1359380 713.9
1359390 713.9
1359400 715.0
1359410 715.8
1359420 715.8
1359430 716.3
1359440 716.5
1359450 716.5
1359460 716.7
1359470 717.2
1359480 717.2
1359490 717.6
1359500 718.1
1359510 718.1
1359520 718.9
1359530 720.3
1359540 721.4
1359550 721.4
1359560 721.8
1359570 722.3
1359580 722.3
1359590 722.9
1359600 723.6
1359610 723.6
1359620 724.2
1359630 724.5
1359640 725.6
1359650 726.0
1359660 726.4
1359670 726.4
1359680 726.0
1359690 725.5
1359700 725.5
1359710 725.6
1359720 725.8
1359730 725.8
1359740 726.2
1359750 726.9
1359760 726.9
1359770 727.8
1359780 728.8
1359790 728.8
1359800 729.9
1359810 731.0
1359820 731.0
1359830 732.0
1359840 733.0
1359850 733.0
1359860 734.2
1359870 735.1
1359880 736.0
1359890 736.0
1359900 737.0
1359910 737.9
1359920 737.9
1359930 738.9
1359940 740.0
1359950 740.0
1359960 741.1
1359970 742.2
1359980 742.2
1359990 743.3
