1340000 642.3
1340010 642.7
1340020 643.1
1340030 643.1
1340040 643.5
1340050 643.9
1340060 643.9
1340070 644.4
1340080 644.7
1340090 644.7
1340100 644.9
1340110 645.2
1340120 645.0
1340130 644.5
1340140 644.3
1340150 644.5
1340160 644.5
1340170 644.9
1340180 645.2
1340190 645.2
1340200 645.3
1340210 645.5
1340220 645.5
1340230 645.7
1340240 645.7
1340250 645.7
1340260 645.8
1340270 645.9
1340280 645.9
1340290 646.1
1340300 646.2
1340310 646.2
1340320 646.3
1340330 646.3
1340340 646.3
1340350 646.4
1340360 646.6
1340370 646.6
1340380 647.0
1340390 647.4
1340400 647.4
1340410 647.6
1340420 647.9
1340430 647.9
1340440 648.1
1340450 648.2
1340460 648.4
1340470 648.4
1340480 648.6
1340490 648.7
1340500 648.7
1340510 648.9
1340520 649.1
1340530 649.1
1340540 649.1
1340550 649.2
1340560 649.2
1340570 649.1
1340580 649.0
1340590 649.0
1340600 649.0
1340610 648.8
1340620 648.8
1340630 648.6
1340640 648.4
1340650 648.4
1340660 648.1
1340670 647.9
1340680 647.9
1340690 647.6
1340700 647.4
1340710 647.4
1340720 647.2
1340730 647.0
1340740 647.0
1340750 646.7
1340760 646.5
1340770 646.5
1340780 646.4
1340790 646.2
1340800 646.0
1340810 646.0
1340820 645.9
1340830 645.7
1340840 645.7
1340850 645.5
1340860 645.4
1340870 645.4
1340880 645.2
1340890 645.2
1340900 645.2
1340910 645.2
1340920 645.1
1340930 645.1
1340940 645.2
1340950 645.3
1340960 645.3
1340970 645.4
1340980 645.5
1340990 645.5
1341000 645.8
1341010 646.1
1341020 645.8
1341030 646.0
1341040 646.3
1341050 646.3
1341060 646.4
1341070 646.4
1341080 646.4
1341090 646.4
1341100 646.3
1341110 646.3
1341120 646.2
1341130 646.2
1341140 646.3
1341150 646.3
1341160 646.3
1341170 646.3
1341180 646.3
1341190 646.3
1341200 646.0
1341210 646.0
1341220 645.9
1341230 645.7
1341240 645.7
1341250 645.4
1341260 645.2
1341270 645.2
1341280 645.0
1341290 644.7
1341300 644.7
1341310 644.4
1341320 644.0
1341330 644.0
1341340 643.5
1341350 643.1
1341360 643.1
1341370 642.7
1341380 642.3
1341390 642.3
1341400 641.7
1341410 641.2
1341420 641.2
1341430 640.6
1341440 640.0
1341450 640.0
1341460 639.2
1341470 638.3
1341480 637.2
1341490 637.2
1341500 636.1
1341510 634.8
1341520 634.8
1341530 633.4
1341540 631.9
1341550 631.9
1341560 630.2
1341570 628.0
1341580 628.0
1341590 626.3
1341600 625.3
1341610 625.3
1341620 621.9
1341630 616.9
1341640 616.9
1341650 612.6
1341660 608.7
1341670 608.7
1341680 604.6
1341690 599.3
1341700 599.3
1341710 593.2
1341720 587.9
1341730 587.9
1341740 583.9
1341750 580.6
1341760 580.6
1341770 578.0
1341780 575.8
1341790 575.8
1341800 574.2
1341810 573.2
1341820 572.0
1341830 572.0
1341840 570.5
1341850 568.5
1341860 568.5
1341870 565.6
1341880 562.8
1341890 562.8
1341900 563.8
1341910 568.8
1341920 568.8
1341930 568.0
1341940 566.1
1341950 566.1
1341960 564.1
1341970 562.5
1341980 562.5
1341990 561.4
1342000 560.1
1342010 560.1
1342020 558.4
1342030 556.6
1342040 556.6
1342050 555.2
1342060 554.2
1342070 554.2
1342080 553.1
1342090 551.4
1342100 551.4
1342110 549.2
1342120 547.1
1342130 547.1
1342140 545.2
1342150 543.6
1342160 541.0
1342170 541.0
1342180 540.4
1342190 537.7
1342200 537.7
1342210 534.2
1342220 526.7
1342230 526.7
1342240 518.8
1342250 512.9
1342260 512.9
1342270 508.2
1342280 505.6
1342290 505.6
1342300 504.9
1342310 504.8
1342320 504.8
1342330 504.2
1342340 503.4
1342350 503.4
1342360 502.9
1342370 502.5
1342380 502.5
1342390 502.2
1342400 502.1
1342410 502.1
1342420 501.9
1342430 501.7
1342440 501.7
1342450 501.5
1342460 501.4
1342470 501.4
1342480 501.4
1342490 500.8
1342500 498.4
1342510 498.4
1342520 497.0
1342530 496.8
1342540 496.8
1342550 496.7
1342560 496.6
1342570 496.6
1342580 496.5
1342590 496.5
1342600 496.5
1342610 496.3
1342620 496.2
1342630 496.2
1342640 496.1
1342650 496.0
1342660 496.0
1342670 496.0
1342680 496.0
1342690 496.0
1342700 496.1
1342710 496.2
1342720 496.2
1342730 496.2
1342740 496.4
1342750 496.4
1342760 497.0
1342770 498.9
1342780 498.9
1342790 500.7
1342800 500.5
1342810 499.5
1342820 498.7
1342830 498.4
1342840 498.7
1342850 498.7
1342860 499.0
1342870 499.1
1342880 499.1
1342890 499.2
1342900 499.3
1342910 499.3
1342920 499.3
1342930 499.3
1342940 499.3
1342950 499.2
1342960 499.2
1342970 499.2
1342980 499.1
1342990 499.1
1343000 499.1
1343010 499.1
1343020 499.1
1343030 499.1
1343040 499.1
1343050 499.1
1343060 499.1
1343070 499.1
1343080 499.1
1343090 499.1
1343100 499.1
1343110 499.1
1343120 499.1
1343130 499.1
1343140 499.0
1343150 499.0
1343160 499.0
1343170 499.0
1343180 499.1
1343190 499.1
1343200 499.1
1343210 499.0
1343220 499.0
1343230 499.0
1343240 499.0
1343250 499.0
1343260 499.0
1343270 498.9
1343280 498.9
1343290 499.0
1343300 499.0
1343310 499.0
1343320 498.8
1343330 498.8
1343340 498.8
1343350 498.8
1343360 498.8
1343370 498.8
1343380 498.8
1343390 498.8
1343400 498.8
1343410 498.7
1343420 498.7
1343430 498.7
1343440 498.9
1343450 499.9
1343460 499.9
1343470 500.1
1343480 500.2
1343490 500.2
1343500 499.4
1343510 498.7
1343520 498.8
1343530 498.8
1343540 498.6
1343550 498.5
1343560 498.5
1343570 498.5
1343580 498.5
1343590 498.5
1343600 498.5
1343610 498.5
1343620 498.5
1343630 498.5
1343640 498.4
1343650 498.4
1343660 498.3
1343670 499.2
1343680 499.2
1343690 502.2
1343700 503.6
1343710 503.9
1343720 504.2
1343730 504.5
1343740 504.5
1343750 504.7
1343760 504.6
1343770 504.6
1343780 504.5
1343790 504.5
1343800 504.5
1343810 504.8
1343820 504.9
1343830 504.9
1343840 505.0
1343850 505.2
1343860 505.3
1343870 505.3
1343880 505.6
1343890 505.8
1343900 505.8
1343910 506.0
1343920 506.0
1343930 506.0
1343940 506.1
1343950 506.2
1343960 506.2
1343970 506.4
1343980 506.6
1343990 506.6
1344000 506.4
1344010 506.3
1344020 506.3
1344030 506.3
1344040 506.4
1344050 506.4
1344060 506.6
1344070 507.5
1344080 507.5
1344090 507.7
1344100 507.8
1344110 507.8
1344120 507.7
1344130 507.0
1344140 507.0
1344150 503.1
1344160 501.8
1344170 501.8
1344180 504.6
1344190 509.3
1344200 510.8
1344210 510.8
1344220 508.2
1344230 507.2
1344240 507.2
1344250 507.3
1344260 507.4
1344270 507.4
1344280 507.6
1344290 507.5
1344300 507.5
1344310 507.6
1344320 507.6
1344330 507.6
1344340 507.6
1344350 507.6
1344360 507.6
1344370 507.4
1344380 507.4
1344390 507.4
1344400 507.4
1344410 507.5
1344420 507.5
1344430 507.5
1344440 507.6
1344450 507.6
1344460 507.7
1344470 507.6
1344480 507.6
1344490 507.5
1344500 507.4
1344510 507.4
1344520 507.5
1344530 507.5
1344540 507.4
1344550 507.4
1344560 507.1
1344570 507.0
1344580 507.0
1344590 506.9
1344600 506.9
1344610 506.9
1344620 507.1
1344630 507.1
1344640 507.1
1344650 507.2
1344660 507.4
1344670 507.4
1344680 507.4
1344690 507.3
1344700 507.3
1344710 507.2
1344720 508.2
1344730 508.2
1344740 510.5
1344750 511.3
1344760 511.3
1344770 511.2
1344780 511.0
1344790 511.0
1344800 511.1
1344810 511.1
1344820 511.1
1344830 511.3
1344840 511.5
1344850 511.5
1344860 511.6
1344870 511.8
1344880 512.0
1344890 512.0
1344900 512.0
1344910 512.1
1344920 512.1
1344930 512.2
1344940 512.4
1344950 512.4
1344960 513.0
1344970 513.1
1344980 513.1
1344990 513.0
1345000 512.8
1345010 512.8
1345020 512.9
1345030 513.3
1345040 513.3
1345050 513.2
1345060 513.1
1345070 513.1
1345080 513.1
1345090 512.9
1345100 512.9
1345110 512.7
1345120 512.8
1345130 512.8
1345140 512.8
1345150 512.8
1345160 512.8
1345170 513.1
1345180 514.0
1345190 514.0
1345200 515.8
1345210 516.2
1345220 516.2
1345230 516.2
1345240 516.4
1345250 516.9
1345260 516.9
1345270 517.4
1345280 517.7
1345290 517.7
1345300 517.9
1345310 518.1
1345320 518.1
1345330 518.2
1345340 518.3
1345350 518.3
1345360 518.5
1345370 518.6
1345380 518.6
1345390 518.7
1345400 518.8
1345410 518.8
1345420 518.9
1345430 519.0
1345440 519.0
1345450 519.0
1345460 519.0
1345470 519.0
1345480 519.5
1345490 519.4
1345500 519.4
1345510 519.7
1345520 519.8
1345530 519.8
1345540 519.9
1345550 520.1
1345560 520.0
1345570 520.0
1345580 519.8
1345590 519.8
1345600 519.8
1345610 520.1
1345620 520.4
1345630 520.4
1345640 520.8
1345650 520.9
1345660 520.9
1345670 521.0
1345680 521.2
1345690 521.2
1345700 521.1
1345710 520.9
1345720 520.9
1345730 520.8
1345740 520.7
1345750 520.7
1345760 520.8
1345770 520.9
1345780 520.9
1345790 520.9
1345800 521.0
1345810 521.0
1345820 521.1
1345830 521.1
1345840 521.1
1345850 521.2
1345860 521.3
1345870 521.3
1345880 521.3
1345890 521.3
1345900 521.2
1345910 521.2
1345920 521.2
1345930 521.3
1345940 521.3
1345950 521.6
1345960 521.8
1345970 521.8
1345980 521.7
1345990 521.6
1346000 521.6
1346010 521.8
1346020 522.0
1346030 522.0
1346040 522.1
1346050 521.8
1346060 521.8
1346070 521.8
1346080 521.9
1346090 521.9
1346100 521.9
1346110 521.9
1346120 521.9
1346130 522.0
1346140 522.1
1346150 522.1
1346160 522.2
1346170 523.1
1346180 523.1
1346190 526.6
1346200 527.9
1346210 527.9
1346220 527.9
1346230 528.6
1346240 530.4
1346250 530.4
1346260 533.5
1346270 535.8
1346280 535.8
1346290 538.1
1346300 538.6
1346310 538.6
1346320 538.4
1346330 539.5
1346340 539.5
1346350 540.0
1346360 540.2
1346370 540.2
1346380 540.2
1346390 540.2
1346400 540.2
1346410 540.3
1346420 540.4
1346430 540.4
1346440 540.6
1346450 540.7
1346460 540.7
1346470 541.0
1346480 541.2
1346490 541.2
1346500 541.5
1346510 541.9
1346520 541.9
1346530 542.2
1346540 542.2
1346550 542.2
1346560 542.3
1346570 542.5
1346580 542.8
1346590 542.8
1346600 543.1
1346610 543.2
1346620 543.2
1346630 543.3
1346640 543.7
1346650 543.7
1346660 544.6
1346670 545.3
1346680 545.3
1346690 545.5
1346700 545.7
1346710 545.7
1346720 545.8
1346730 546.0
1346740 546.0
1346750 546.4
1346760 547.1
1346770 547.1
1346780 548.0
1346790 549.0
1346800 549.0
1346810 549.7
1346820 550.5
1346830 550.5
1346840 551.3
1346850 552.3
1346860 552.3
1346870 554.0
1346880 557.0
1346890 557.0
1346900 561.3
1346910 566.9
1346920 572.6
1346930 572.6
1346940 576.8
1346950 579.7
1346960 579.7
1346970 582.6
1346980 585.9
1346990 585.9
1347000 588.8
1347010 591.9
1347020 591.9
1347030 595.5
1347040 598.6
1347050 598.6
1347060 601.2
1347070 603.9
1347080 603.9
1347090 605.8
1347100 607.8
1347110 607.8
1347120 609.2
1347130 610.3
1347140 610.3
1347150 610.7
1347160 611.2
1347170 611.2
1347180 611.5
1347190 611.4
1347200 611.4
1347210 611.5
1347220 611.4
1347230 611.4
1347240 611.2
1347250 610.8
1347260 610.3
1347270 610.3
1347280 609.5
1347290 608.6
1347300 608.6
1347310 607.5
1347320 606.4
1347330 606.4
1347340 605.3
1347350 604.2
1347360 604.2
1347370 603.2
1347380 602.2
1347390 601.7
1347400 600.9
1347410 600.3
1347420 600.3
1347430 599.6
1347440 598.7
1347450 598.7
1347460 597.8
1347470 597.0
1347480 597.0
1347490 596.2
1347500 595.5
1347510 595.5
1347520 595.0
1347530 594.7
1347540 594.7
1347550 594.4
1347560 594.3
1347570 594.3
1347580 594.0
1347590 593.9
1347600 593.9
1347610 593.9
1347620 594.0
1347630 594.0
1347640 594.0
1347650 593.9
1347660 594.4
1347670 594.4
1347680 594.9
1347690 595.4
1347700 595.4
1347710 596.2
1347720 597.1
1347730 597.1
1347740 598.4
1347750 599.9
1347760 599.9
1347770 601.4
1347780 602.9
1347790 602.9
1347800 604.5
1347810 606.1
1347820 606.1
1347830 607.1
1347840 607.9
1347850 607.9
1347860 608.4
1347870 608.7
1347880 608.7
1347890 608.8
1347900 608.8
1347910 608.8
1347920 608.5
1347930 608.0
1347940 607.4
1347950 607.4
1347960 606.7
1347970 605.9
1347980 605.9
1347990 605.0
1348000 604.0
1348010 604.0
1348020 603.0
1348030 601.7
1348040 601.7
1348050 600.1
1348060 598.3
1348070 598.3
1348080 596.3
1348090 594.9
1348100 594.9
1348110 594.6
1348120 594.5
1348130 594.5
1348140 594.5
1348150 594.3
1348160 594.3
1348170 594.3
1348180 594.5
1348190 594.5
1348200 594.9
1348210 595.1
1348220 595.1
1348230 595.4
1348240 595.6
1348250 595.6
1348260 595.7
1348270 595.6
1348280 595.5
1348290 595.5
1348300 595.6
1348310 595.9
1348320 595.9
1348330 596.7
1348340 597.0
1348350 597.0
1348360 597.3
1348370 597.7
1348380 597.7
1348390 598.1
1348400 598.3
1348410 598.3
1348420 598.5
1348430 598.6
1348440 598.6
1348450 598.8
1348460 599.0
1348470 599.0
1348480 599.1
1348490 599.0
1348500 599.0
1348510 598.9
1348520 598.8
1348530 598.8
1348540 598.7
1348550 598.7
1348560 598.7
1348570 598.8
1348580 599.2
1348590 599.2
1348600 599.4
1348610 600.0
1348620 601.8
1348630 601.8
1348640 604.2
1348650 606.5
1348660 606.5
1348670 607.3
1348680 608.0
1348690 608.0
1348700 610.8
1348710 613.7
1348720 613.7
1348730 615.6
1348740 617.6
1348750 617.6
1348760 618.8
1348770 619.5
1348780 619.5
1348790 620.4
1348800 622.0
1348810 622.0
1348820 624.2
1348830 626.0
1348840 626.0
1348850 629.2
1348860 632.2
1348870 632.2
1348880 635.2
1348890 638.4
1348900 638.4
1348910 641.6
1348920 645.0
1348930 645.0
1348940 647.8
1348950 650.0
1348960 653.0
1348970 653.0
1348980 656.7
1348990 658.3
1349000 658.3
1349010 659.2
1349020 659.8
1349030 659.8
1349040 659.9
1349050 658.9
1349060 658.9
1349070 656.6
1349080 651.1
1349090 651.1
1349100 648.8
1349110 652.6
1349120 652.6
1349130 657.5
1349140 658.9
1349150 658.9
1349160 659.4
1349170 659.4
1349180 659.4
1349190 658.2
1349200 657.6
1349210 657.6
1349220 659.6
1349230 660.7
1349240 660.7
1349250 663.1
1349260 667.4
1349270 669.3
1349280 671.4
1349290 672.4
1349300 672.3
1349310 672.3
1349320 673.7
1349330 676.8
1349340 676.8
1349350 680.9
1349360 685.7
1349370 685.7
1349380 690.2
1349390 693.7
1349400 693.7
1349410 696.3
1349420 699.0
1349430 699.0
1349440 700.1
1349450 698.4
1349460 698.4
1349470 695.9
1349480 695.0
1349490 695.0
1349500 696.3
1349510 699.2
1349520 699.2
1349530 702.8
1349540 706.5
1349550 706.5
1349560 710.4
1349570 715.0
1349580 715.0
1349590 720.2
1349600 724.6
1349610 724.6
1349620 724.2
1349630 723.4
1349640 724.0
1349650 724.0
1349660 725.7
1349670 730.3
1349680 730.3
1349690 734.4
1349700 735.5
1349710 735.5
1349720 736.0
1349730 736.5
1349740 736.5
1349750 736.9
1349760 736.6
1349770 736.6
1349780 735.7
1349790 730.3
1349800 730.3
1349810 722.1
1349820 715.0
1349830 715.0
1349840 707.7
1349850 701.8
1349860 701.8
1349870 701.2
1349880 707.7
1349890 707.7
1349900 712.8
1349910 717.0
1349920 717.0
1349930 722.1
1349940 726.7
1349950 726.7
1349960 727.6
1349970 729.3
1349980 731.4
1349990 731.4
1350000 732.5
1350010 734.3
1350020 734.3
1350030 736.4
1350040 739.0
1350050 739.0
1350060 742.0
1350070 745.2
1350080 745.2
1350090 747.8
1350100 749.6
1350110 749.6
1350120 750.5
1350130 750.8
1350140 750.8
1350150 750.9
1350160 750.9
1350170 750.9
1350180 749.0
1350190 741.0
1350200 741.0
1350210 736.1
1350220 731.8
1350230 731.8
1350240 727.0
1350250 723.5
1350260 723.5
1350270 721.8
1350280 722.3
1350290 722.3
1350300 726.8
1350310 731.7
1350320 743.0
1350330 743.0
1350340 750.3
1350350 752.4
1350360 752.4
1350370 750.8
1350380 746.8
1350390 746.8
1350400 743.5
1350410 741.5
1350420 741.5
1350430 743.7
1350440 747.9
1350450 747.9
1350460 752.7
1350470 756.3
1350480 756.3
1350490 760.2
1350500 767.9
1350510 767.9
1350520 776.1
1350530 784.0
1350540 784.0
1350550 792.7
1350560 801.8
1350570 801.8
1350580 810.2
1350590 816.4
1350600 816.4
1350610 821.3
1350620 826.1
1350630 826.1
1350640 829.9
1350650 832.1
1350660 838.2
1350670 838.2
1350680 844.3
1350690 849.2
1350700 849.2
1350710 854.2
1350720 859.6
1350730 859.6
1350740 864.6
1350750 868.4
1350760 868.4
1350770 872.0
1350780 875.7
1350790 875.7
1350800 879.5
1350810 883.9
1350820 883.9
1350830 888.5
1350840 892.4
1350850 892.4
1350860 897.0
1350870 901.5
1350880 901.5
1350890 906.6
1350900 912.0
1350910 912.0
1350920 915.6
1350930 920.3
1350940 920.3
1350950 924.1
1350960 926.7
1350970 926.7
1350980 931.2
1350990 937.2
1351000 942.2
1351010 942.2
1351020 946.4
1351030 951.1
1351040 951.1
1351050 955.3
1351060 959.4
1351070 959.4
1351080 963.8
1351090 966.6
1351100 966.6
1351110 970.8
1351120 974.9
1351130 974.9
1351140 979.4
1351150 984.6
1351160 984.6
1351170 986.4
1351180 991.3
1351190 991.3
1351200 995.7
1351210 1000.5
1351220 1000.5
1351230 1005.4
1351240 1010.2
1351250 1010.2
1351260 1014.9
1351270 1018.8
1351280 1018.8
1351290 1023.8
1351300 1028.4
1351310 1028.4
1351320 1033.5
1351330 1038.8
1351340 1042.6
1351350 1042.6
1351360 1046.7
1351370 1050.4
1351380 1050.4
1351390 1053.8
1351400 1058.2
1351410 1058.2
1351420 1062.3
1351430 1066.3
1351440 1066.3
1351450 1069.9
1351460 1074.1
1351470 1074.1
1351480 1078.9
1351490 1083.1
1351500 1083.1
1351510 1087.5
1351520 1092.2
1351530 1092.2
1351540 1096.3
1351550 1099.4
1351560 1099.4
1351570 1100.9
1351580 1100.0
1351590 1100.0
1351600 1096.4
1351610 1092.8
1351620 1092.8
1351630 1091.1
1351640 1091.8
1351650 1091.8
1351660 1093.2
1351670 1095.6
1351680 1098.2
1351690 1098.2
1351700 1100.9
1351710 1103.6
1351720 1103.6
1351730 1106.5
1351740 1105.5
1351750 1105.5
1351760 1098.5
1351770 1104.0
1351780 1104.0
1351790 1114.9
1351800 1121.4
1351810 1121.4
1351820 1126.7
1351830 1131.2
1351840 1131.2
1351850 1133.5
1351860 1135.3
1351870 1135.3
1351880 1134.0
1351890 1129.2
1351900 1129.2
1351910 1126.5
1351920 1132.2
1351930 1132.2
1351940 1139.6
1351950 1147.1
1351960 1147.1
1351970 1155.0
1351980 1163.9
1351990 1163.9
1352000 1175.1
1352010 1184.9
1352020 1186.8
1352030 1186.8
1352040 1188.2
1352050 1189.4
1352060 1189.4
1352070 1188.3
1352080 1187.0
1352090 1187.0
1352100 1186.0
1352110 1183.5
1352120 1183.5
1352130 1175.1
1352140 1176.5
1352150 1176.5
1352160 1179.0
1352170 1179.8
1352180 1179.8
1352190 1178.6
1352200 1177.0
1352210 1177.0
1352220 1176.2
1352230 1174.4
1352240 1174.4
1352250 1171.1
1352260 1165.7
1352270 1165.7
1352280 1164.2
1352290 1165.3
1352300 1165.3
1352310 1165.0
1352320 1164.2
1352330 1164.2
1352340 1163.0
1352350 1161.0
1352360 1157.7
1352370 1157.7
1352380 1154.6
1352390 1151.8
1352400 1151.8
1352410 1148.3
1352420 1144.3
1352430 1144.3
1352440 1141.0
1352450 1139.0
1352460 1139.0
1352470 1136.3
1352480 1133.0
1352490 1133.0
1352500 1129.5
1352510 1125.9
1352520 1125.9
1352530 1122.5
1352540 1118.2
1352550 1118.2
1352560 1114.2
1352570 1108.8
1352580 1108.8
1352590 1104.9
1352600 1102.9
1352610 1102.9
1352620 1101.1
1352630 1099.1
1352640 1099.1
1352650 1096.9
1352660 1094.5
1352670 1094.5
1352680 1091.2
1352690 1088.7
1352700 1088.8
1352710 1088.8
1352720 1089.5
1352730 1091.0
1352740 1091.0
1352750 1091.6
1352760 1091.4
1352770 1091.4
1352780 1090.4
1352790 1088.8
1352800 1088.8
1352810 1086.7
1352820 1083.7
1352830 1083.7
1352840 1081.0
1352850 1078.5
1352860 1078.5
1352870 1075.0
1352880 1071.1
1352890 1071.1
1352900 1066.2
1352910 1061.0
1352920 1061.0
1352930 1057.7
1352940 1056.1
1352950 1056.1
1352960 1055.0
1352970 1053.3
1352980 1053.3
1352990 1049.9
1353000 1046.2
1353010 1046.2
1353020 1043.6
1353030 1040.7
1353040 1037.8
1353050 1037.8
1353060 1037.8
1353070 1037.3
1353080 1037.3
1353090 1035.3
1353100 1028.1
1353110 1028.1
1353120 1025.1
1353130 1021.2
1353140 1021.2
1353150 1019.6
1353160 1019.7
1353170 1019.7
1353180 1018.0
1353190 1017.1
1353200 1017.1
1353210 1016.1
1353220 1014.1
1353230 1014.1
1353240 1013.2
1353250 1011.7
1353260 1011.7
1353270 1007.5
1353280 1005.3
1353290 1005.3
1353300 1007.0
1353310 1004.9
1353320 1004.9
1353330 1001.8
1353340 998.9
1353350 998.9
1353360 995.6
1353370 989.6
1353380 983.0
1353390 983.0
1353400 976.5
1353410 971.0
1353420 971.0
1353430 964.9
1353440 958.6
1353450 958.6
1353460 952.4
1353470 949.6
1353480 949.6
1353490 948.1
1353500 945.3
1353510 945.3
1353520 942.3
1353530 939.2
1353540 939.2
1353550 936.3
1353560 933.3
1353570 933.3
1353580 929.8
1353590 926.2
1353600 926.2
1353610 923.2
1353620 919.7
1353630 919.7
1353640 917.3
1353650 914.6
1353660 914.6
1353670 909.7
1353680 904.6
1353690 904.6
1353700 898.0
1353710 890.4
1353720 882.1
1353730 882.1
1353740 873.8
1353750 865.8
1353760 865.8
1353770 861.5
1353780 863.4
1353790 863.4
1353800 869.8
1353810 877.3
1353820 877.3
1353830 885.2
1353840 893.2
1353850 893.2
1353860 897.6
1353870 896.3
1353880 896.3
1353890 893.6
1353900 891.1
1353910 891.1
1353920 888.7
1353930 885.4
1353940 885.4
1353950 881.5
1353960 876.6
1353970 876.6
1353980 871.8
1353990 866.4
1354000 866.4
1354010 861.2
1354020 856.0
1354030 856.0
1354040 850.6
1354050 845.5
1354060 841.4
1354070 838.1
1354080 834.4
1354090 831.4
1354100 831.4
1354110 828.3
1354120 826.9
1354130 826.9
1354140 827.4
1354150 828.0
1354160 828.0
1354170 828.1
1354180 828.3
1354190 828.3
1354200 828.1
1354210 826.6
1354220 826.6
1354230 826.0
1354240 824.9
1354250 824.9
1354260 824.3
1354270 823.5
1354280 823.5
1354290 822.0
1354300 820.2
1354310 820.2
1354320 818.9
1354330 817.9
1354340 817.9
1354350 816.7
1354360 815.7
1354370 815.7
1354380 814.5
1354390 812.8
1354400 811.9
1354410 811.9
1354420 810.6
1354430 809.1
1354440 809.1
1354450 807.7
1354460 805.8
1354470 805.8
1354480 803.4
1354490 801.5
1354500 801.5
1354510 800.2
1354520 799.4
1354530 799.4
1354540 797.2
1354550 794.4
1354560 794.4
1354570 791.1
1354580 789.2
1354590 789.2
1354600 788.1
1354610 785.6
1354620 785.6
1354630 783.9
1354640 782.7
1354650 782.7
1354660 781.3
1354670 779.8
1354680 779.8
1354690 778.3
1354700 777.1
1354710 777.1
1354720 776.0
1354730 775.0
1354740 773.9
1354750 773.9
1354760 772.8
1354770 771.9
1354780 771.9
1354790 771.1
1354800 770.1
1354810 770.1
1354820 769.1
1354830 768.2
1354840 768.2
1354850 767.6
1354860 766.6
1354870 766.6
1354880 765.7
1354890 765.6
1354900 765.6
1354910 765.3
1354920 763.9
1354930 763.9
1354940 763.0
1354950 762.3
1354960 762.3
1354970 761.6
1354980 760.8
1354990 760.8
1355000 760.1
1355010 759.5
1355020 759.5
1355030 759.0
1355040 758.5
1355050 757.6
1355060 757.0
1355070 755.8
1355080 755.6
1355090 755.6
1355100 755.6
1355110 755.2
1355120 755.2
1355130 754.7
1355140 754.1
1355150 754.1
1355160 753.6
1355170 753.3
1355180 753.3
1355190 752.8
1355200 752.5
1355210 752.5
1355220 752.2
1355230 751.6
1355240 751.6
1355250 750.9
1355260 750.2
1355270 750.2
1355280 749.4
1355290 748.8
1355300 748.8
1355310 748.1
1355320 747.5
1355330 747.5
1355340 746.8
1355350 746.1
1355360 746.1
1355370 745.4
1355380 744.6
1355390 744.6
1355400 744.0
1355410 743.5
1355420 743.1
1355430 743.1
1355440 742.6
1355450 742.0
1355460 742.0
1355470 741.6
1355480 741.1
1355490 741.1
1355500 740.6
1355510 739.9
1355520 739.9
1355530 739.0
1355540 738.1
1355550 738.1
1355560 737.2
1355570 736.3
1355580 736.3
1355590 735.2
1355600 734.2
1355610 734.2
1355620 733.3
1355630 732.4
1355640 732.4
1355650 731.6
1355660 730.8
1355670 730.8
1355680 729.9
1355690 729.0
1355700 729.0
1355710 727.9
1355720 726.9
1355730 726.9
1355740 726.6
1355750 725.7
1355760 724.8
1355770 724.8
1355780 723.7
1355790 722.8
1355800 722.8
1355810 722.0
1355820 721.2
1355830 721.2
1355840 720.4
1355850 719.5
1355860 719.5
1355870 718.7
1355880 717.7
1355890 717.7
1355900 716.9
1355910 716.3
1355920 716.3
1355930 716.0
1355940 715.5
1355950 715.5
1355960 714.7
1355970 713.8
1355980 713.8
1355990 712.8
1356000 712.0
1356010 712.0
1356020 711.2
1356030 710.6
1356040 710.6
1356050 709.3
1356060 708.7
1356070 708.7
1356080 707.9
1356090 707.0
1356100 705.7
1356110 705.7
1356120 704.8
1356130 704.2
1356140 704.2
1356150 703.8
1356160 703.5
1356170 703.5
1356180 703.1
1356190 702.8
1356200 702.8
1356210 702.3
1356220 701.9
1356230 701.9
1356240 702.1
1356250 701.6
1356260 701.6
1356270 700.3
1356280 699.9
1356290 699.9
1356300 699.7
1356310 699.5
1356320 699.5
1356330 698.8
1356340 698.4
1356350 698.4
1356360 697.8
1356370 697.3
1356380 697.3
1356390 696.7
1356400 696.6
1356410 696.6
1356420 696.4
1356430 696.0
1356440 695.8
1356450 695.8
1356460 695.5
1356470 694.8
1356480 694.8
1356490 694.7
1356500 694.7
1356510 694.7
1356520 694.4
1356530 693.7
1356540 693.7
1356550 693.1
1356560 692.7
1356570 692.7
1356580 692.3
1356590 691.9
1356600 691.9
1356610 691.5
1356620 691.1
1356630 691.1
1356640 690.7
1356650 690.4
1356660 690.4
1356670 690.1
1356680 689.8
1356690 689.8
1356700 689.7
1356710 689.3
1356720 689.3
1356730 689.1
1356740 689.1
1356750 689.1
1356760 688.6
1356770 688.1
1356780 687.9
1356790 687.9
1356800 687.8
1356810 687.8
1356820 687.8
1356830 687.8
1356840 687.8
1356850 687.8
1356860 687.6
1356870 687.0
1356880 687.0
1356890 686.9
1356900 687.0
1356910 687.0
1356920 687.1
1356930 687.2
1356940 687.2
1356950 687.4
1356960 687.6
1356970 687.6
1356980 687.7
1356990 687.8
1357000 687.8
1357010 688.1
1357020 688.3
1357030 688.3
1357040 688.4
1357050 688.8
1357060 688.8
1357070 689.3
1357080 689.6
1357090 689.4
1357100 689.4
1357110 689.2
1357120 689.5
1357130 689.5
1357140 689.6
1357150 689.6
1357160 689.6
1357170 689.4
1357180 689.5
1357190 689.5
1357200 689.9
1357210 690.1
1357220 690.1
1357230 690.3
1357240 690.6
1357250 690.6
1357260 690.8
1357270 691.1
1357280 691.1
1357290 691.2
1357300 691.5
1357310 691.5
1357320 691.8
1357330 691.7
1357340 691.7
1357350 691.7
1357360 691.6
1357370 691.6
1357380 691.5
1357390 691.5
1357400 691.5
1357410 691.6
1357420 691.4
1357430 691.2
1357440 691.2
1357450 691.3
1357460 691.3
1357470 691.3
1357480 691.1
1357490 690.9
1357500 690.9
1357510 690.7
1357520 690.8
1357530 690.8
1357540 690.9
1357550 691.0
1357560 691.0
1357570 691.1
1357580 691.3
1357590 691.3
1357600 691.3
1357610 691.1
1357620 691.1
1357630 691.1
1357640 691.1
1357650 691.1
1357660 691.2
1357670 691.2
1357680 691.2
1357690 691.1
1357700 691.0
1357710 691.0
1357720 691.1
1357730 691.3
1357740 691.3
1357750 691.2
1357760 691.0
1357770 691.0
1357780 691.0
1357790 691.7
1357800 693.0
1357810 693.0
1357820 693.0
1357830 693.0
1357840 693.0
1357850 692.9
1357860 692.8
1357870 692.8
1357880 692.7
1357890 692.7
1357900 692.7
1357910 692.7
1357920 692.6
1357930 692.6
1357940 692.0
1357950 690.9
1357960 690.9
1357970 691.1
1357980 691.4
1357990 691.4
1358000 691.2
1358010 691.3
1358020 691.3
1358030 691.5
1358040 690.3
1358050 689.2
1358060 690.4
1358070 690.8
1358080 690.8
1358090 690.6
1358100 690.3
1358110 690.2
1358120 690.2
1358130 690.2
1358140 690.3
1358150 690.3
1358160 690.3
1358170 690.7
1358180 690.7
1358190 691.3
1358200 691.3
1358210 691.3
1358220 691.2
1358230 691.1
1358240 691.1
1358250 691.0
1358260 690.9
1358270 690.9
1358280 690.9
1358290 690.8
1358300 690.8
1358310 690.8
1358320 690.7
1358330 690.7
1358340 690.6
1358350 690.6
1358360 690.6
1358370 690.4
1358380 690.2
1358390 690.2
1358400 690.4
1358410 690.2
1358420 690.2
1358430 690.1
1358440 690.4
1358450 691.2
1358460 691.2
1358470 690.6
1358480 689.4
1358490 689.4
1358500 688.6
1358510 687.9
1358520 687.9
1358530 687.6
1358540 687.6
1358550 687.6
1358560 687.5
1358570 687.3
1358580 687.3
1358590 687.4
1358600 688.0
1358610 688.0
1358620 688.5
1358630 689.1
1358640 689.1
1358650 692.5
1358660 695.4
1358670 695.4
1358680 696.3
1358690 697.0
1358700 697.0
1358710 697.6
1358720 698.2
1358730 698.2
1358740 698.6
1358750 698.8
1358760 698.8
1358770 699.2
1358780 699.6
1358790 700.4
1358800 700.4
1358810 701.4
1358820 702.5
1358830 702.5
1358840 703.7
1358850 704.9
1358860 704.9
1358870 705.3
1358880 705.5
1358890 705.5
1358900 706.8
1358910 707.8
1358920 707.8
1358930 708.0
1358940 708.3
1358950 708.3
1358960 708.3
1358970 708.6
1358980 708.6
1358990 709.6
1359000 710.9
1359010 710.9
1359020 712.0
1359030 712.8
1359040 712.8
1359050 713.7
1359060 714.6
1359070 715.9
1359080 716.9
1359090 717.9
1359100 717.9
1359110 718.7
1359120 719.5
1359130 720.4
1359140 720.4
1359150 721.4
1359160 722.1
1359170 722.1
1359180 722.7
1359190 723.4
1359200 723.4
1359210 724.1
1359220 725.0
1359230 725.0
1359240 726.3
1359250 727.2
1359260 727.2
1359270 727.9
1359280 728.4
1359290 728.4
1359300 728.8
1359310 729.5
1359320 729.5
1359330 730.6
1359340 731.7
1359350 731.7
1359360 732.4
1359370 732.8
1359380 732.8
1359390 733.2
1359400 733.2
1359410 733.2
1359420 733.3
1359430 733.6
1359440 733.6
1359450 734.3
1359460 735.2
1359470 735.9
1359480 735.9
1359490 736.3
1359500 737.0
1359510 737.0
1359520 738.1
1359530 739.1
1359540 739.1
1359550 740.1
1359560 740.9
1359570 740.9
1359580 741.8
1359590 742.8
1359600 742.8
1359610 743.9
1359620 745.3
1359630 745.3
1359640 746.2
1359650 747.2
1359660 747.2
1359670 748.0
1359680 748.5
1359690 748.5
1359700 750.1
1359710 751.1
1359720 751.1
1359730 751.6
1359740 752.1
1359750 752.1
1359760 752.2
1359770 752.6
1359780 752.6
1359790 753.4
1359800 754.1
1359810 754.9
1359820 754.9
1359830 755.6
1359840 756.8
1359850 756.8
1359860 757.1
1359870 756.8
1359880 756.8
1359890 756.7
1359900 757.7
1359910 757.7
1359920 758.2
1359930 759.6
1359940 759.6
1359950 761.2
1359960 762.5
1359970 762.5
1359980 763.3
1359990 764.0
