1340000 644.7
1340010 645.1
1340020 645.1
1340030 645.3
1340040 645.5
1340050 645.7
1340060 645.7
1340070 645.9
1340080 646.1
1340090 646.1
1340100 646.4
1340110 646.6
1340120 646.6
1340130 646.7
1340140 646.8
1340150 646.8
1340160 647.0
1340170 647.2
1340180 647.2
1340190 647.3
1340200 647.1
1340210 647.1
1340220 647.3
1340230 647.4
1340240 647.4
1340250 648.0
1340260 648.9
1340270 648.9
1340280 648.1
1340290 647.0
1340300 647.0
1340310 646.8
1340320 646.2
1340330 646.2
1340340 645.8
1340350 645.4
1340360 645.4
1340370 644.9
1340380 644.4
1340390 644.0
1340400 644.0
1340410 643.6
1340420 643.2
1340430 643.2
1340440 643.0
1340450 642.7
1340460 642.7
1340470 642.3
1340480 642.0
1340490 642.0
1340500 641.6
1340510 641.4
1340520 641.4
1340530 641.1
1340540 640.7
1340550 640.7
1340560 640.4
1340570 640.1
1340580 640.1
1340590 639.9
1340600 639.7
1340610 639.7
1340620 639.9
1340630 640.2
1340640 640.2
1340650 640.2
1340660 640.1
1340670 640.1
1340680 640.0
1340690 639.9
1340700 639.9
1340710 639.9
1340720 640.0
1340730 640.2
1340740 640.2
1340750 640.6
1340760 641.0
1340770 641.0
1340780 641.3
1340790 641.6
1340800 641.6
1340810 641.9
1340820 642.1
1340830 642.1
1340840 642.2
1340850 641.3
1340860 641.3
1340870 641.6
1340880 641.7
1340890 641.7
1340900 641.3
1340910 640.6
1340920 640.6
1340930 639.4
1340940 637.8
1340950 637.8
1340960 636.5
1340970 636.0
1340980 636.0
1340990 636.6
1341000 639.7
1341010 639.7
1341020 642.5
1341030 642.9
1341040 642.9
1341050 642.9
1341060 642.8
1341070 642.6
1341080 642.6
1341090 642.5
1341100 642.2
1341110 642.2
1341120 642.0
1341130 641.6
1341140 641.6
1341150 641.2
1341160 640.7
1341170 640.7
1341180 640.1
1341190 639.3
1341200 639.3
1341210 638.3
1341220 636.2
1341230 636.2
1341240 632.7
1341250 628.8
1341260 628.8
1341270 624.7
1341280 621.1
1341290 621.1
1341300 618.7
1341310 616.4
1341320 616.4
1341330 614.4
1341340 613.2
1341350 613.2
1341360 611.7
1341370 609.2
1341380 609.2
1341390 605.9
1341400 603.6
1341410 601.6
1341420 601.6
1341430 599.1
1341440 597.2
1341450 597.2
1341460 595.3
1341470 594.5
1341480 594.5
1341490 594.4
1341500 595.6
1341510 595.6
1341520 597.0
1341530 596.9
1341540 596.9
1341550 596.3
1341560 596.0
1341570 596.0
1341580 597.1
1341590 597.8
1341600 597.8
1341610 596.5
1341620 594.0
1341630 594.0
1341640 591.8
1341650 589.5
1341660 589.5
1341670 587.4
1341680 584.9
1341690 584.9
1341700 582.0
1341710 579.7
1341720 579.7
1341730 577.8
1341740 576.7
1341750 575.4
1341760 575.4
1341770 574.4
1341780 572.8
1341790 572.8
1341800 571.2
1341810 569.5
1341820 569.5
1341830 568.0
1341840 566.8
1341850 566.8
1341860 565.5
1341870 564.1
1341880 564.1
1341890 562.6
1341900 561.2
1341910 561.2
1341920 559.5
1341930 558.0
1341940 558.0
1341950 557.3
1341960 556.6
1341970 556.6
1341980 556.2
1341990 556.0
1342000 556.0
1342010 555.7
1342020 555.2
1342030 555.2
1342040 554.4
1342050 553.6
1342060 553.6
1342070 552.5
1342080 550.5
1342090 548.8
1342100 548.8
1342110 549.1
1342120 548.9
1342130 548.9
1342140 548.1
1342150 546.4
1342160 546.4
1342170 541.2
1342180 536.7
1342190 536.7
1342200 530.2
1342210 521.0
1342220 521.0
1342230 514.4
1342240 509.7
1342250 509.7
1342260 507.4
1342270 506.1
1342280 506.1
1342290 505.8
1342300 505.6
1342310 505.6
1342320 504.1
1342330 502.8
1342340 502.8
1342350 502.5
1342360 501.9
1342370 501.9
1342380 500.1
1342390 497.8
1342400 497.8
1342410 496.4
1342420 496.1
1342430 496.1
1342440 496.1
1342450 496.3
1342460 496.6
1342470 496.6
1342480 496.8
1342490 496.8
1342500 496.8
1342510 496.9
1342520 496.9
1342530 496.9
1342540 496.9
1342550 497.0
1342560 497.0
1342570 497.3
1342580 498.4
1342590 498.4
1342600 499.9
1342610 501.0
1342620 501.0
1342630 500.4
1342640 499.3
1342650 499.3
1342660 498.9
1342670 498.8
1342680 498.8
1342690 499.0
1342700 499.2
1342710 499.2
1342720 499.2
1342730 499.2
1342740 499.2
1342750 499.2
1342760 499.3
1342770 499.4
1342780 499.4
1342790 499.4
1342800 499.4
1342810 499.4
1342820 499.4
1342830 499.4
1342840 499.4
1342850 499.5
1342860 499.5
1342870 499.5
1342880 499.6
1342890 499.6
1342900 499.6
1342910 499.6
1342920 499.6
1342930 499.6
1342940 499.6
1342950 499.7
1342960 499.7
1342970 499.7
1342980 499.6
1342990 499.6
1343000 499.6
1343010 499.6
1343020 499.6
1343030 499.8
1343040 500.1
1343050 500.1
1343060 500.4
1343070 500.6
1343080 500.6
1343090 500.8
1343100 501.1
1343110 501.5
1343120 501.5
1343130 501.6
1343140 501.8
1343150 501.8
1343160 501.9
1343170 501.7
1343180 501.7
1343190 501.7
1343200 501.5
1343210 501.5
1343220 501.2
1343230 501.1
1343240 501.1
1343250 500.7
1343260 500.8
1343270 500.8
1343280 500.9
1343290 501.1
1343300 501.1
1343310 501.5
1343320 501.7
1343330 501.7
1343340 501.8
1343350 501.6
1343360 501.6
1343370 501.4
1343380 501.6
1343390 501.6
1343400 502.0
1343410 502.3
1343420 502.3
1343430 502.4
1343440 502.5
1343450 502.5
1343460 502.5
1343470 502.6
1343480 502.6
1343490 502.6
1343500 502.6
1343510 502.7
1343520 502.7
1343530 502.9
1343540 502.9
1343550 502.9
1343560 502.9
1343570 502.9
1343580 502.9
1343590 503.1
1343600 503.3
1343610 503.3
1343620 503.9
1343630 504.5
1343640 504.5
1343650 504.9
1343660 504.8
1343670 504.8
1343680 504.1
1343690 504.6
1343700 504.6
1343710 504.8
1343720 504.9
1343730 504.9
1343740 505.4
1343750 505.6
1343760 505.6
1343770 505.5
1343780 505.7
1343790 506.0
1343800 506.0
1343810 506.0
1343820 506.1
1343830 506.1
1343840 506.2
1343850 506.1
1343860 506.1
1343870 506.5
1343880 506.8
1343890 506.8
1343900 506.4
1343910 503.3
1343920 503.3
1343930 502.7
1343940 502.8
1343950 502.8
1343960 502.8
1343970 502.9
1343980 502.9
1343990 502.9
1344000 502.6
1344010 502.6
1344020 502.3
1344030 502.5
1344040 502.5
1344050 502.4
1344060 502.8
1344070 502.8
1344080 507.4
1344090 510.2
1344100 510.2
1344110 508.9
1344120 507.8
1344130 507.6
1344140 507.6
1344150 507.8
1344160 508.3
1344170 508.3
1344180 508.6
1344190 508.7
1344200 508.7
1344210 508.8
1344220 509.2
1344230 509.2
1344240 509.6
1344250 509.1
1344260 509.1
1344270 508.7
1344280 508.6
1344290 508.6
1344300 508.6
1344310 508.6
1344320 508.6
1344330 508.5
1344340 508.6
1344350 508.6
1344360 508.6
1344370 508.7
1344380 508.7
1344390 508.8
1344400 508.9
1344410 508.9
1344420 508.9
1344430 508.9
1344440 508.9
1344450 508.7
1344460 509.0
1344470 509.1
1344480 509.1
1344490 509.3
1344500 509.4
1344510 509.4
1344520 509.5
1344530 509.6
1344540 509.6
1344550 509.7
1344560 509.7
1344570 509.7
1344580 509.6
1344590 509.5
1344600 509.5
1344610 509.3
1344620 509.0
1344630 509.0
1344640 508.7
1344650 509.0
1344660 509.0
1344670 508.8
1344680 509.0
1344690 509.0
1344700 509.3
1344710 509.1
1344720 509.1
1344730 508.9
1344740 509.0
1344750 509.0
1344760 508.9
1344770 511.1
1344780 511.1
1344790 514.5
1344800 515.1
1344810 515.0
1344820 515.0
1344830 515.2
1344840 515.5
1344850 515.5
1344860 515.6
1344870 515.7
1344880 515.7
1344890 515.8
1344900 515.8
1344910 515.8
1344920 515.9
1344930 516.0
1344940 516.0
1344950 516.2
1344960 516.4
1344970 516.4
1344980 516.5
1344990 516.4
1345000 516.4
1345010 516.2
1345020 516.1
1345030 516.1
1345040 516.4
1345050 517.0
1345060 517.0
1345070 517.1
1345080 516.9
1345090 516.9
1345100 517.0
1345110 517.1
1345120 517.1
1345130 517.3
1345140 517.7
1345150 518.0
1345160 518.0
1345170 517.6
1345180 517.2
1345190 517.2
1345200 517.9
1345210 518.4
1345220 518.4
1345230 518.5
1345240 518.6
1345250 518.6
1345260 518.6
1345270 518.7
1345280 518.7
1345290 518.5
1345300 518.5
1345310 518.5
1345320 518.6
1345330 518.7
1345340 518.7
1345350 518.7
1345360 518.7
1345370 518.8
1345380 518.9
1345390 518.9
1345400 518.9
1345410 519.1
1345420 519.1
1345430 519.1
1345440 519.0
1345450 518.8
1345460 518.8
1345470 519.0
1345480 519.7
1345490 520.2
1345500 520.2
1345510 520.8
1345520 520.9
1345530 520.9
1345540 521.3
1345550 521.2
1345560 521.2
1345570 521.2
1345580 521.3
1345590 521.3
1345600 521.4
1345610 521.4
1345620 521.4
1345630 521.5
1345640 521.7
1345650 521.7
1345660 521.8
1345670 521.9
1345680 521.9
1345690 522.0
1345700 522.2
1345710 522.2
1345720 522.3
1345730 522.3
1345740 522.3
1345750 522.4
1345760 522.4
1345770 522.4
1345780 522.5
1345790 522.8
1345800 522.8
1345810 522.8
1345820 522.9
1345830 522.9
1345840 522.9
1345850 523.1
1345860 523.2
1345870 523.2
1345880 523.3
1345890 523.4
1345900 523.4
1345910 523.5
1345920 523.6
1345930 523.6
1345940 523.6
1345950 523.7
1345960 523.7
1345970 523.7
1345980 523.8
1345990 523.8
1346000 523.8
1346010 523.8
1346020 523.8
1346030 523.9
1346040 524.0
1346050 524.0
1346060 524.2
1346070 524.3
1346080 524.3
1346090 524.3
1346100 524.3
1346110 524.3
1346120 524.3
1346130 524.6
1346140 524.6
1346150 525.3
1346160 527.9
1346170 532.6
1346180 532.6
1346190 536.8
1346200 538.3
1346210 538.3
1346220 537.4
1346230 535.7
1346240 535.7
1346250 534.9
1346260 536.8
1346270 536.8
1346280 539.4
1346290 537.5
1346300 537.5
1346310 538.9
1346320 541.5
1346330 541.5
1346340 542.7
1346350 542.5
1346360 542.5
1346370 542.0
1346380 541.8
1346390 541.8
1346400 541.8
1346410 542.0
1346420 542.0
1346430 542.1
1346440 542.2
1346450 542.2
1346460 542.4
1346470 542.6
1346480 542.6
1346490 542.8
1346500 542.9
1346510 543.1
1346520 543.1
1346530 543.4
1346540 543.7
1346550 543.7
1346560 544.1
1346570 544.2
1346580 544.2
1346590 544.4
1346600 544.6
1346610 544.6
1346620 544.8
1346630 545.0
1346640 545.0
1346650 545.2
1346660 545.5
1346670 545.5
1346680 545.9
1346690 546.2
1346700 546.2
1346710 546.4
1346720 546.8
1346730 546.8
1346740 547.3
1346750 547.9
1346760 547.9
1346770 548.5
1346780 549.4
1346790 549.4
1346800 551.3
1346810 554.3
1346820 554.3
1346830 558.5
1346840 560.1
1346850 561.3
1346860 561.3
1346870 563.4
1346880 567.8
1346890 567.8
1346900 569.3
1346910 572.0
1346920 572.0
1346930 573.2
1346940 576.1
1346950 576.1
1346960 580.0
1346970 583.8
1346980 583.8
1346990 587.0
1347000 589.5
1347010 589.5
1347020 591.3
1347030 592.6
1347040 592.6
1347050 594.5
1347060 596.3
1347070 596.3
1347080 596.5
1347090 596.5
1347100 596.5
1347110 597.8
1347120 600.0
1347130 600.0
1347140 601.3
1347150 601.9
1347160 601.9
1347170 602.2
1347180 602.4
1347190 602.3
1347200 602.3
1347210 602.3
1347220 602.0
1347230 602.0
1347240 601.7
1347250 601.3
1347260 601.3
1347270 600.8
1347280 600.4
1347290 600.4
1347300 600.1
1347310 600.0
1347320 600.0
1347330 600.1
1347340 600.2
1347350 600.2
1347360 600.6
1347370 600.9
1347380 600.9
1347390 601.3
1347400 601.7
1347410 601.7
1347420 602.0
1347430 602.2
1347440 602.2
1347450 602.5
1347460 602.7
1347470 602.7
1347480 602.9
1347490 603.3
1347500 603.3
1347510 603.9
1347520 604.6
1347530 605.2
1347540 605.2
1347550 606.0
1347560 607.2
1347570 607.2
1347580 608.8
1347590 610.3
1347600 610.3
1347610 611.3
1347620 612.1
1347630 612.1
1347640 612.7
1347650 613.3
1347660 613.3
1347670 613.7
1347680 614.0
1347690 614.0
1347700 614.3
1347710 614.5
1347720 614.5
1347730 614.7
1347740 614.9
1347750 614.9
1347760 614.8
1347770 614.7
1347780 614.7
1347790 614.4
1347800 614.1
1347810 614.1
1347820 613.7
1347830 613.2
1347840 613.2
1347850 612.5
1347860 611.6
1347870 610.7
1347880 610.7
1347890 609.9
1347900 609.1
1347910 609.1
1347920 608.2
1347930 607.5
1347940 607.5
1347950 606.7
1347960 606.0
1347970 606.0
1347980 605.3
1347990 604.8
1348000 604.8
1348010 604.5
1348020 603.5
1348030 603.5
1348040 601.6
1348050 599.4
1348060 599.4
1348070 598.4
1348080 598.3
1348090 598.3
1348100 598.2
1348110 598.2
1348120 598.2
1348130 598.3
1348140 598.3
1348150 598.6
1348160 599.3
1348170 599.7
1348180 599.7
1348190 600.2
1348200 601.0
1348210 601.8
1348220 601.8
1348230 602.4
1348240 602.9
1348250 602.9
1348260 603.4
1348270 603.9
1348280 603.9
1348290 604.4
1348300 605.1
1348310 605.1
1348320 605.7
1348330 606.3
1348340 606.3
1348350 606.9
1348360 607.5
1348370 607.5
1348380 608.0
1348390 608.5
1348400 608.5
1348410 608.9
1348420 609.5
1348430 609.5
1348440 610.0
1348450 610.7
1348460 610.7
1348470 611.6
1348480 612.8
1348490 612.8
1348500 614.2
1348510 615.4
1348520 615.4
1348530 616.4
1348540 617.2
1348550 618.0
1348560 618.0
1348570 619.6
1348580 621.1
1348590 621.1
1348600 622.7
1348610 624.5
1348620 624.5
1348630 627.3
1348640 630.7
1348650 630.7
1348660 634.2
1348670 635.8
1348680 635.8
1348690 636.2
1348700 637.7
1348710 637.7
1348720 640.8
1348730 643.2
1348740 643.2
1348750 645.7
1348760 649.3
1348770 649.3
1348780 653.2
1348790 656.9
1348800 656.9
1348810 658.4
1348820 657.6
1348830 657.6
1348840 656.3
1348850 657.2
1348860 657.2
1348870 660.2
1348880 664.7
1348890 669.6
1348900 669.6
1348910 673.6
1348920 676.2
1348930 676.2
1348940 677.3
1348950 677.9
1348960 677.9
1348970 678.5
1348980 679.1
1348990 679.1
1349000 679.9
1349010 681.1
1349020 681.1
1349030 681.6
1349040 682.2
1349050 682.2
1349060 683.0
1349070 684.0
1349080 684.0
1349090 686.4
1349100 687.3
1349110 687.3
1349120 688.5
1349130 690.0
1349140 690.0
1349150 690.9
1349160 690.9
1349170 690.9
1349180 690.1
1349190 686.9
1349200 686.9
1349210 682.6
1349220 686.2
1349230 694.0
1349240 694.0
1349250 698.9
1349260 701.6
1349270 701.6
1349280 701.6
1349290 699.7
1349300 699.7
1349310 698.8
1349320 699.0
1349330 699.0
1349340 701.4
1349350 705.2
1349360 705.2
1349370 708.7
1349380 712.6
1349390 712.6
1349400 716.8
1349410 720.9
1349420 720.9
1349430 725.0
1349440 728.9
1349450 728.9
1349460 732.3
1349470 733.9
1349480 733.9
1349490 734.1
1349500 732.8
1349510 732.8
1349520 732.2
1349530 733.6
1349540 733.6
1349550 736.0
1349560 738.8
1349570 741.6
1349580 741.6
1349590 744.6
1349600 746.8
1349610 746.8
1349620 748.6
1349630 754.3
1349640 754.3
1349650 760.8
1349660 765.9
1349670 765.9
1349680 767.7
1349690 767.6
1349700 767.6
1349710 766.8
1349720 765.2
1349730 765.2
1349740 763.4
1349750 761.8
1349760 761.8
1349770 760.3
1349780 759.0
1349790 759.0
1349800 757.8
1349810 756.7
1349820 756.7
1349830 755.1
1349840 753.5
1349850 753.5
1349860 751.5
1349870 749.3
1349880 748.9
1349890 748.9
1349900 748.7
1349910 748.2
1349920 748.2
1349930 747.3
1349940 748.3
1349950 748.3
1349960 752.2
1349970 756.0
1349980 756.0
1349990 761.4
1350000 767.6
1350010 767.6
1350020 774.0
1350030 780.4
1350040 780.8
1350050 787.3
1350060 792.2
1350070 792.2
1350080 796.1
1350090 798.1
1350100 798.1
1350110 796.8
1350120 792.9
1350130 792.9
1350140 786.8
1350150 784.9
1350160 784.9
1350170 787.6
1350180 791.4
1350190 791.4
1350200 793.9
1350210 797.6
1350220 800.8
1350230 800.8
1350240 801.3
1350250 801.8
1350260 801.8
1350270 799.8
1350280 801.1
1350290 801.1
1350300 805.2
1350310 807.6
1350320 807.6
1350330 804.0
1350340 796.2
1350350 796.2
1350360 788.3
1350370 780.2
1350380 780.2
1350390 769.8
1350400 760.2
1350410 760.2
1350420 754.9
1350430 757.4
1350440 757.4
1350450 768.9
1350460 775.5
1350470 775.5
1350480 780.4
1350490 784.1
1350500 784.1
1350510 788.6
1350520 791.5
1350530 791.5
1350540 794.4
1350550 796.3
1350560 798.1
1350570 798.1
1350580 801.2
1350590 803.6
1350600 803.6
1350610 807.1
1350620 812.0
1350630 812.0
1350640 817.1
1350650 822.9
1350660 822.9
1350670 828.6
1350680 834.1
1350690 834.1
1350700 839.1
1350710 843.0
1350720 843.0
1350730 846.5
1350740 849.7
1350750 849.7
1350760 853.0
1350770 856.6
1350780 856.6
1350790 860.4
1350800 863.7
1350810 863.7
1350820 866.5
1350830 870.5
1350840 870.5
1350850 876.7
1350860 881.0
1350870 881.0
1350880 884.7
1350890 888.2
1350900 891.1
1350910 891.1
1350920 895.1
1350930 898.4
1350940 898.4
1350950 899.9
1350960 901.2
1350970 901.2
1350980 900.1
1350990 889.9
1351000 889.9
1351010 885.8
1351020 881.7
1351030 881.7
1351040 880.9
1351050 887.3
1351060 887.3
1351070 891.3
1351080 894.7
1351090 894.7
1351100 898.3
1351110 900.1
1351120 900.1
1351130 896.7
1351140 894.8
1351150 894.8
1351160 894.8
1351170 901.1
1351180 901.1
1351190 912.7
1351200 920.9
1351210 920.9
1351220 927.4
1351230 934.3
1351240 940.1
1351250 940.1
1351260 945.5
1351270 950.8
1351280 950.8
1351290 957.2
1351300 963.7
1351310 963.7
1351320 968.1
1351330 972.3
1351340 972.3
1351350 977.3
1351360 979.1
1351370 979.1
1351380 976.6
1351390 973.7
1351400 973.7
1351410 970.4
1351420 965.9
1351430 965.9
1351440 964.3
1351450 964.0
1351460 964.0
1351470 965.0
1351480 967.9
1351490 967.9
1351500 967.3
1351510 967.8
1351520 967.8
1351530 971.9
1351540 978.0
1351550 978.0
1351560 978.6
1351570 974.7
1351580 972.4
1351590 972.4
1351600 974.5
1351610 976.8
1351620 976.8
1351630 982.5
1351640 990.0
1351650 990.0
1351660 996.9
1351670 1003.8
1351680 1003.8
1351690 1010.9
1351700 1018.9
1351710 1018.9
1351720 1028.6
1351730 1037.3
1351740 1037.3
1351750 1044.4
1351760 1050.0
1351770 1050.0
1351780 1056.5
1351790 1067.5
1351800 1067.5
1351810 1076.9
1351820 1085.7
1351830 1085.7
1351840 1091.3
1351850 1093.4
1351860 1093.4
1351870 1095.5
1351880 1098.6
1351890 1098.6
1351900 1100.1
1351910 1100.7
1351920 1101.3
1351930 1101.3
1351940 1102.6
1351950 1099.6
1351960 1099.6
1351970 1099.2
1351980 1097.0
1351990 1097.0
1352000 1093.2
1352010 1089.3
1352020 1089.3
1352030 1089.7
1352040 1092.7
1352050 1092.7
1352060 1093.3
1352070 1089.8
1352080 1089.8
1352090 1085.1
1352100 1082.2
1352110 1082.2
1352120 1085.1
1352130 1090.4
1352140 1090.4
1352150 1094.1
1352160 1094.5
1352170 1094.5
1352180 1092.6
1352190 1089.6
1352200 1089.6
1352210 1086.6
1352220 1083.4
1352230 1083.4
1352240 1079.7
1352250 1075.1
1352260 1066.7
1352270 1066.7
1352280 1060.3
1352290 1065.6
1352300 1065.6
1352310 1070.5
1352320 1074.9
1352330 1074.9
1352340 1077.6
1352350 1077.5
1352360 1077.5
1352370 1076.6
1352380 1075.6
1352390 1075.6
1352400 1073.7
1352410 1070.9
1352420 1070.9
1352430 1068.3
1352440 1065.1
1352450 1065.1
1352460 1061.7
1352470 1059.4
1352480 1059.4
1352490 1057.1
1352500 1054.7
1352510 1054.7
1352520 1052.6
1352530 1050.2
1352540 1050.2
1352550 1044.4
1352560 1037.2
1352570 1037.2
1352580 1030.2
1352590 1025.9
1352600 1025.3
1352610 1025.3
1352620 1024.1
1352630 1022.3
1352640 1022.3
1352650 1020.4
1352660 1018.0
1352670 1018.0
1352680 1017.6
1352690 1016.9
1352700 1016.9
1352710 1012.9
1352720 1008.7
1352730 1008.7
1352740 1006.7
1352750 1003.8
1352760 1003.8
1352770 1003.4
1352780 1005.2
1352790 1005.2
1352800 1004.3
1352810 1003.8
1352820 1003.8
1352830 1005.3
1352840 1006.9
1352850 1006.9
1352860 1007.9
1352870 1006.6
1352880 1006.6
1352890 1004.1
1352900 1002.8
1352910 1001.0
1352920 998.4
1352930 995.2
1352940 990.8
1352950 990.8
1352960 987.1
1352970 987.6
1352980 987.6
1352990 987.8
1353000 984.8
1353010 984.8
1353020 980.3
1353030 972.0
1353040 972.0
1353050 969.9
1353060 968.4
1353070 968.4
1353080 964.1
1353090 959.8
1353100 959.8
1353110 956.6
1353120 954.3
1353130 954.3
1353140 950.7
1353150 946.3
1353160 946.3
1353170 944.7
1353180 943.5
1353190 943.5
1353200 942.3
1353210 937.5
1353220 937.5
1353230 933.1
1353240 926.6
1353250 926.6
1353260 922.2
1353270 921.5
1353280 921.0
1353290 921.0
1353300 919.3
1353310 913.3
1353320 913.3
1353330 905.6
1353340 898.7
1353350 898.7
1353360 895.2
1353370 893.6
1353380 893.6
1353390 891.8
1353400 890.3
1353410 890.3
1353420 887.3
1353430 882.8
1353440 882.8
1353450 880.0
1353460 876.6
1353470 876.6
1353480 873.1
1353490 870.3
1353500 870.3
1353510 867.8
1353520 866.2
1353530 866.2
1353540 862.8
1353550 858.1
1353560 858.1
1353570 852.0
1353580 844.2
1353590 844.2
1353600 840.9
1353610 839.8
1353620 840.4
1353630 840.4
1353640 840.0
1353650 839.6
1353660 839.6
1353670 836.8
1353680 833.5
1353690 833.5
1353700 829.8
1353710 825.9
1353720 825.9
1353730 822.0
1353740 818.3
1353750 818.3
1353760 815.8
1353770 811.7
1353780 811.7
1353790 806.5
1353800 802.5
1353810 802.5
1353820 800.9
1353830 799.5
1353840 799.5
1353850 798.2
1353860 797.9
1353870 797.9
1353880 798.8
1353890 793.0
1353900 793.0
1353910 790.9
1353920 789.2
1353930 789.2
1353940 788.4
1353950 788.6
1353960 789.3
1353970 789.3
1353980 790.2
1353990 791.4
1354000 791.4
1354010 792.5
1354020 793.2
1354030 793.2
1354040 793.7
1354050 794.4
1354060 794.4
1354070 795.4
1354080 796.3
1354090 796.3
1354100 797.1
1354110 797.2
1354120 797.2
1354130 796.9
1354140 797.2
1354150 797.2
1354160 797.8
1354170 797.4
1354180 797.4
1354190 797.0
1354200 796.7
1354210 796.7
1354220 796.3
1354230 796.2
1354240 796.2
1354250 796.6
1354260 796.6
1354270 796.6
1354280 796.1
1354290 795.4
1354300 794.5
1354310 794.5
1354320 793.7
1354330 793.4
1354340 793.4
1354350 793.1
1354360 793.1
1354370 793.1
1354380 792.6
1354390 792.1
1354400 792.1
1354410 791.3
1354420 790.5
1354430 790.5
1354440 789.6
1354450 788.6
1354460 788.6
1354470 787.7
1354480 786.9
1354490 786.9
1354500 786.1
1354510 785.2
1354520 785.2
1354530 783.6
1354540 782.4
1354550 782.4
1354560 781.8
1354570 781.1
1354580 781.1
1354590 780.7
1354600 780.2
1354610 780.2
1354620 778.8
1354630 776.5
1354640 774.4
1354650 774.4
1354660 773.3
1354670 772.1
1354680 772.1
1354690 770.9
1354700 769.8
1354710 769.8
1354720 768.7
1354730 767.4
1354740 767.4
1354750 766.4
1354760 765.4
1354770 765.4
1354780 764.6
1354790 763.9
1354800 763.9
1354810 763.3
1354820 762.7
1354830 762.7
1354840 762.3
1354850 762.4
1354860 762.4
1354870 762.7
1354880 763.1
1354890 763.1
1354900 764.2
1354910 766.0
1354920 766.0
1354930 767.5
1354940 767.9
1354950 767.9
1354960 768.0
1354970 767.3
1354980 766.3
1354990 766.3
1355000 765.2
1355010 763.3
1355020 763.3
1355030 759.9
1355040 756.2
1355050 756.2
1355060 752.0
1355070 747.7
1355080 747.7
1355090 744.2
1355100 742.2
1355110 742.2
1355120 741.2
1355130 740.2
1355140 740.2
1355150 739.3
1355160 738.8
1355170 738.8
1355180 738.4
1355190 737.7
1355200 737.7
1355210 736.9
1355220 736.1
1355230 736.1
1355240 735.2
1355250 734.1
1355260 734.1
1355270 732.8
1355280 731.9
1355290 731.9
1355300 731.7
1355310 731.0
1355320 730.4
1355330 730.4
1355340 730.0
1355350 729.5
1355360 729.5
1355370 728.7
1355380 728.1
1355390 728.1
1355400 727.8
1355410 727.3
1355420 727.3
1355430 726.8
1355440 726.1
1355450 726.1
1355460 725.4
1355470 724.6
1355480 724.6
1355490 723.9
1355500 723.2
1355510 723.2
1355520 722.6
1355530 722.1
1355540 722.1
1355550 721.6
1355560 721.1
1355570 721.1
1355580 720.5
1355590 719.9
1355600 719.9
1355610 719.4
1355620 718.8
1355630 718.8
1355640 718.2
1355650 717.5
1355660 716.8
1355670 716.8
1355680 716.0
1355690 715.1
1355700 715.1
1355710 714.5
1355720 713.8
1355730 713.8
1355740 713.3
1355750 712.7
1355760 712.7
1355770 712.0
1355780 711.4
1355790 711.4
1355800 710.7
1355810 709.9
1355820 709.9
1355830 709.1
1355840 708.5
1355850 708.5
1355860 707.4
1355870 706.4
1355880 706.4
1355890 705.6
1355900 705.4
1355910 705.4
1355920 704.9
1355930 704.2
1355940 704.2
1355950 703.6
1355960 703.1
1355970 703.1
1355980 702.7
1355990 702.2
1356000 701.6
1356010 701.6
1356020 701.0
1356030 700.4
1356040 700.4
1356050 699.7
1356060 699.0
1356070 699.0
1356080 698.5
1356090 698.0
1356100 698.0
1356110 697.4
1356120 697.0
1356130 697.0
1356140 696.7
1356150 696.3
1356160 696.3
1356170 696.1
1356180 695.7
1356190 695.7
1356200 695.2
1356210 695.5
1356220 695.5
1356230 695.8
1356240 695.9
1356250 695.9
1356260 696.0
1356270 696.1
1356280 696.1
1356290 696.0
1356300 695.7
1356310 695.7
1356320 695.2
1356330 694.9
1356340 694.4
1356350 694.4
1356360 693.9
1356370 693.4
1356380 693.4
1356390 692.9
1356400 692.7
1356410 692.7
1356420 692.4
1356430 692.1
1356440 692.1
1356450 691.7
1356460 691.3
1356470 691.3
1356480 690.5
1356490 690.1
1356500 690.1
1356510 689.8
1356520 689.7
1356530 689.7
1356540 689.8
1356550 690.4
1356560 690.4
1356570 690.5
1356580 690.2
1356590 690.2
1356600 689.9
1356610 690.0
1356620 690.0
1356630 689.9
1356640 689.7
1356650 689.7
1356660 689.8
1356670 689.7
1356680 690.0
1356690 690.0
1356700 689.9
1356710 689.2
1356720 689.2
1356730 688.5
1356740 688.2
1356750 688.2
1356760 688.2
1356770 688.3
1356780 688.3
1356790 688.6
1356800 688.5
1356810 688.5
1356820 688.1
1356830 688.3
1356840 688.3
1356850 688.4
1356860 688.6
1356870 688.6
1356880 688.8
1356890 688.9
1356900 688.9
1356910 689.1
1356920 689.2
1356930 689.2
1356940 689.6
1356950 690.0
1356960 690.0
1356970 689.9
1356980 689.8
1356990 689.8
1357000 689.9
1357010 690.0
1357020 690.2
1357030 690.2
1357040 690.4
1357050 690.6
1357060 690.6
1357070 690.8
1357080 691.0
1357090 691.0
1357100 691.1
1357110 691.4
1357120 691.4
1357130 691.7
1357140 691.9
1357150 691.9
1357160 692.0
1357170 692.1
1357180 692.1
1357190 692.2
1357200 692.7
1357210 692.7
1357220 693.5
1357230 693.7
1357240 693.7
1357250 693.5
1357260 693.3
1357270 693.3
1357280 693.4
1357290 693.5
1357300 693.5
1357310 693.7
1357320 693.8
1357330 693.8
1357340 694.0
1357350 694.2
1357360 694.4
1357370 694.4
1357380 694.7
1357390 695.0
1357400 695.0
1357410 695.3
1357420 695.4
1357430 695.4
1357440 695.4
1357450 695.4
1357460 695.4
1357470 695.6
1357480 695.6
1357490 695.6
1357500 695.7
1357510 695.8
1357520 695.8
1357530 695.9
1357540 696.0
1357550 696.0
1357560 696.2
1357570 696.6
1357580 696.6
1357590 696.9
1357600 696.9
1357610 696.9
1357620 697.1
1357630 697.2
1357640 697.2
1357650 697.3
1357660 697.4
1357670 697.5
1357680 697.5
1357690 697.6
1357700 697.5
1357710 697.5
1357720 697.5
1357730 697.6
1357740 697.6
1357750 697.7
1357760 697.9
1357770 697.9
1357780 698.0
1357790 698.4
1357800 698.4
1357810 698.3
1357820 698.2
1357830 698.2
1357840 698.4
1357850 698.7
1357860 699.1
1357870 699.0
1357880 699.3
1357890 699.3
1357900 699.6
1357910 700.1
1357920 700.1
1357930 700.3
1357940 700.0
1357950 700.0
1357960 698.1
1357970 699.5
1357980 699.5
1357990 700.1
1358000 699.3
1358010 698.8
1358020 698.8
1358030 698.7
1358040 698.7
1358050 698.7
1358060 698.5
1358070 698.5
1358080 698.5
1358090 699.0
1358100 699.9
1358110 699.9
1358120 700.5
1358130 700.5
1358140 700.5
1358150 700.3
1358160 700.0
1358170 700.0
1358180 699.8
1358190 700.0
1358200 700.0
1358210 700.0
1358220 699.9
1358230 699.9
1358240 699.7
1358250 699.6
1358260 699.6
1358270 699.4
1358280 699.2
1358290 699.2
1358300 698.9
1358310 698.4
1358320 698.4
1358330 697.9
1358340 697.7
1358350 697.5
1358360 697.5
1358370 697.3
1358380 697.2
1358390 697.2
1358400 697.3
1358410 697.3
1358420 697.3
1358430 697.0
1358440 696.7
1358450 696.7
1358460 696.3
1358470 695.9
1358480 695.9
1358490 695.7
1358500 695.6
1358510 695.6
1358520 695.6
1358530 695.8
1358540 695.8
1358550 698.4
1358560 702.1
1358570 702.1
1358580 703.2
1358590 703.8
1358600 703.8
1358610 704.5
1358620 705.3
1358630 705.3
1358640 706.1
1358650 707.1
1358660 707.1
1358670 708.0
1358680 709.0
1358690 710.3
1358700 710.3
1358710 711.5
1358720 712.5
1358730 712.5
1358740 713.6
1358750 714.8
1358760 714.8
1358770 716.3
1358780 718.0
1358790 718.0
1358800 719.7
1358810 721.3
1358820 721.3
1358830 722.9
1358840 724.7
1358850 724.7
1358860 726.9
1358870 728.5
1358880 728.1
1358890 729.8
1358900 731.5
1358910 731.5
1358920 733.5
1358930 735.2
1358940 735.2
1358950 737.1
1358960 739.2
1358970 739.2
1358980 741.7
1358990 744.5
1359000 744.5
1359010 748.0
1359020 752.1
1359030 756.2
1359040 756.2
1359050 759.8
1359060 762.8
1359070 762.8
1359080 765.1
1359090 767.3
1359100 767.3
1359110 768.9
1359120 769.6
1359130 769.6
1359140 769.6
1359150 769.2
1359160 769.2
1359170 768.8
1359180 768.2
1359190 768.2
1359200 767.6
1359210 766.9
1359220 766.9
1359230 766.0
1359240 764.2
1359250 764.2
1359260 762.0
1359270 761.4
1359280 761.4
1359290 761.2
1359300 761.0
1359310 761.0
1359320 761.6
1359330 761.9
1359340 761.9
1359350 759.4
1359360 756.7
1359370 758.1
1359380 758.1
1359390 760.2
1359400 761.8
1359410 761.8
1359420 763.3
1359430 763.2
1359440 763.2
1359450 763.4
1359460 763.3
1359470 763.3
1359480 763.0
1359490 762.5
1359500 762.5
1359510 761.8
1359520 760.7
1359530 760.7
1359540 759.9
1359550 760.3
1359560 760.3
1359570 761.7
1359580 763.2
1359590 763.2
1359600 764.0
1359610 765.0
1359620 765.0
1359630 766.5
1359640 768.3
1359650 768.3
1359660 769.8
1359670 770.7
1359680 770.7
1359690 771.6
1359700 772.2
1359710 772.4
1359720 772.4
1359730 773.8
1359740 775.6
1359750 775.6
1359760 775.5
1359770 775.1
1359780 775.1
1359790 775.9
1359800 777.0
1359810 777.0
1359820 777.6
1359830 778.3
1359840 778.3
1359850 779.3
1359860 779.8
1359870 779.8
1359880 780.5
1359890 781.9
1359900 783.1
1359910 784.5
1359920 786.0
1359930 786.0
1359940 787.9
1359950 790.0
1359960 790.0
1359970 792.0
1359980 794.3
1359990 794.3
