1340000 619.3
1340010 620.3
1340020 620.3
1340030 621.1
1340040 621.8
1340050 621.8
1340060 622.6
1340070 623.4
1340080 623.4
1340090 624.1
1340100 624.9
1340110 624.9
1340120 625.8
1340130 626.7
1340140 626.7
1340150 627.7
1340160 628.5
1340170 628.5
1340180 629.3
1340190 630.2
1340200 630.2
1340210 631.0
1340220 631.7
1340230 631.7
1340240 632.2
1340250 632.5
1340260 632.5
1340270 632.8
1340280 633.1
1340290 633.1
1340300 633.4
1340310 633.6
1340320 633.8
1340330 633.8
1340340 634.1
1340350 634.4
1340360 634.4
1340370 634.6
1340380 634.9
1340390 634.9
1340400 635.2
1340410 635.4
1340420 635.4
1340430 635.5
1340440 636.2
1340450 636.2
1340460 636.6
1340470 637.2
1340480 637.2
1340490 637.5
1340500 638.0
1340510 638.0
1340520 638.5
1340530 638.9
1340540 638.9
1340550 639.4
1340560 639.7
1340570 639.7
1340580 639.9
1340590 640.1
1340600 640.1
1340610 640.0
1340620 639.7
1340630 639.7
1340640 639.2
1340650 638.6
1340660 637.8
1340670 637.8
1340680 636.9
1340690 635.9
1340700 635.9
1340710 634.9
1340720 633.9
1340730 633.9
1340740 633.0
1340750 631.7
1340760 631.7
1340770 630.4
1340780 629.2
1340790 629.2
1340800 628.3
1340810 627.4
1340820 627.4
1340830 626.7
1340840 626.3
1340850 626.3
1340860 626.1
1340870 626.1
1340880 626.1
1340890 626.1
1340900 626.2
1340910 626.2
1340920 626.4
1340930 626.7
1340940 626.7
1340950 626.7
1340960 627.0
1340970 627.0
1340980 627.1
1340990 626.9
1341000 626.5
1341010 626.5
1341020 625.8
1341030 625.6
1341040 625.6
1341050 625.8
1341060 626.0
1341070 626.0
1341080 626.7
1341090 628.0
1341100 628.0
1341110 628.6
1341120 628.6
1341130 628.6
1341140 628.9
1341150 629.3
1341160 629.3
1341170 629.5
1341180 629.6
1341190 629.6
1341200 629.7
1341210 630.2
1341220 630.2
1341230 630.9
1341240 631.7
1341250 631.7
1341260 632.9
1341270 633.8
1341280 633.8
1341290 634.5
1341300 635.1
1341310 635.1
1341320 635.7
1341330 637.2
1341340 637.6
1341350 637.6
1341360 637.8
1341370 637.9
1341380 637.9
1341390 638.0
1341400 638.0
1341410 638.0
1341420 638.1
1341430 638.3
1341440 638.3
1341450 638.6
1341460 639.1
1341470 639.1
1341480 639.7
1341490 640.4
1341500 640.4
1341510 641.3
1341520 642.1
1341530 642.1
1341540 642.5
1341550 642.8
1341560 642.8
1341570 642.7
1341580 643.2
1341590 643.2
1341600 643.0
1341610 642.9
1341620 642.9
1341630 642.7
1341640 642.5
1341650 642.5
1341660 642.3
1341670 642.2
1341680 642.2
1341690 641.9
1341700 641.6
1341710 641.4
1341720 641.4
1341730 641.0
1341740 640.7
1341750 640.7
1341760 640.3
1341770 639.8
1341780 639.8
1341790 639.3
1341800 638.6
1341810 638.6
1341820 637.7
1341830 637.1
1341840 637.1
1341850 636.6
1341860 635.6
1341870 635.6
1341880 634.5
1341890 633.2
1341900 633.2
1341910 631.8
1341920 630.1
1341930 630.1
1341940 628.4
1341950 626.8
1341960 626.8
1341970 624.6
1341980 621.3
1341990 621.3
1342000 618.4
1342010 615.8
1342020 615.8
1342030 612.9
1342040 610.1
1342050 608.3
1342060 608.3
1342070 607.9
1342080 608.6
1342090 608.6
1342100 609.1
1342110 609.2
1342120 609.2
1342130 608.3
1342140 606.5
1342150 606.5
1342160 603.6
1342170 601.9
1342180 601.9
1342190 604.2
1342200 608.2
1342210 608.2
1342220 606.2
1342230 607.7
1342240 607.7
1342250 606.9
1342260 605.5
1342270 605.5
1342280 603.5
1342290 601.4
1342300 601.4
1342310 599.3
1342320 596.8
1342330 596.8
1342340 594.8
1342350 594.0
1342360 594.0
1342370 594.5
1342380 594.9
1342390 592.9
1342400 592.9
1342410 587.4
1342420 581.0
1342430 581.0
1342440 575.1
1342450 569.7
1342460 569.7
1342470 563.7
1342480 557.8
1342490 557.8
1342500 552.2
1342510 546.7
1342520 546.7
1342530 542.1
1342540 538.7
1342550 538.7
1342560 536.2
1342570 534.2
1342580 534.2
1342590 532.5
1342600 531.6
1342610 531.6
1342620 530.8
1342630 529.9
1342640 529.9
1342650 528.8
1342660 527.8
1342670 527.8
1342680 527.0
1342690 525.9
1342700 525.9
1342710 524.5
1342720 523.4
1342730 522.5
1342740 522.5
1342750 521.8
1342760 521.0
1342770 521.0
1342780 518.8
1342790 512.2
1342800 512.2
1342810 504.7
1342820 498.1
1342830 498.1
1342840 497.0
1342850 496.6
1342860 496.6
1342870 496.2
1342880 496.2
1342890 496.2
1342900 496.7
1342910 497.3
1342920 497.3
1342930 497.1
1342940 496.9
1342950 496.9
1342960 496.4
1342970 495.8
1342980 495.8
1342990 495.7
1343000 496.3
1343010 496.3
1343020 498.0
1343030 499.4
1343040 499.4
1343050 498.5
1343060 496.2
1343070 494.9
1343080 494.9
1343090 495.1
1343100 494.2
1343110 494.2
1343120 497.7
1343130 498.2
1343140 498.2
1343150 498.0
1343160 497.5
1343170 497.5
1343180 497.2
1343190 497.0
1343200 497.0
1343210 496.6
1343220 496.5
1343230 496.5
1343240 496.3
1343250 494.0
1343260 494.0
1343270 493.5
1343280 493.5
1343290 493.5
1343300 493.4
1343310 493.6
1343320 493.6
1343330 494.2
1343340 496.3
1343350 496.3
1343360 495.4
1343370 493.8
1343380 493.8
1343390 493.8
1343400 493.7
1343410 493.7
1343420 493.8
1343430 493.9
1343440 494.0
1343450 494.0
1343460 494.0
1343470 494.1
1343480 494.1
1343490 494.2
1343500 494.2
1343510 494.2
1343520 494.6
1343530 494.3
1343540 494.3
1343550 494.1
1343560 494.0
1343570 494.0
1343580 494.0
1343590 494.0
1343600 494.0
1343610 494.0
1343620 494.0
1343630 494.0
1343640 494.0
1343650 494.1
1343660 494.1
1343670 494.3
1343680 494.4
1343690 494.4
1343700 494.6
1343710 494.6
1343720 494.6
1343730 494.5
1343740 494.6
1343750 494.6
1343760 494.6
1343770 494.6
1343780 494.6
1343790 494.6
1343800 494.7
1343810 494.7
1343820 494.7
1343830 494.9
1343840 494.9
1343850 494.9
1343860 494.9
1343870 495.0
1343880 495.0
1343890 495.0
1343900 495.1
1343910 495.1
1343920 495.2
1343930 495.1
1343940 495.1
1343950 495.2
1343960 495.2
1343970 495.2
1343980 495.3
1343990 495.3
1344000 495.3
1344010 495.3
1344020 495.3
1344030 495.4
1344040 495.2
1344050 495.1
1344060 495.1
1344070 495.0
1344080 494.9
1344090 494.9
1344100 494.7
1344110 494.6
1344120 494.6
1344130 494.6
1344140 494.4
1344150 494.4
1344160 494.4
1344170 494.6
1344180 494.6
1344190 494.6
1344200 494.6
1344210 494.5
1344220 494.5
1344230 494.5
1344240 494.6
1344250 494.6
1344260 494.6
1344270 494.7
1344280 494.7
1344290 494.9
1344300 494.9
1344310 494.9
1344320 494.9
1344330 495.0
1344340 495.0
1344350 495.1
1344360 495.3
1344370 495.3
1344380 495.4
1344390 495.5
1344400 495.5
1344410 495.0
1344420 493.0
1344430 493.0
1344440 491.1
1344450 490.6
1344460 490.5
1344470 490.5
1344480 490.4
1344490 490.4
1344500 490.4
1344510 490.5
1344520 490.5
1344530 490.5
1344540 490.4
1344550 490.1
1344560 490.1
1344570 489.9
1344580 489.7
1344590 489.7
1344600 489.4
1344610 489.4
1344620 489.4
1344630 490.0
1344640 493.1
1344650 493.1
1344660 495.9
1344670 496.6
1344680 496.6
1344690 496.6
1344700 496.6
1344710 496.6
1344720 496.6
1344730 496.6
1344740 496.6
1344750 496.6
1344760 496.5
1344770 496.5
1344780 496.5
1344790 496.5
1344800 496.5
1344810 496.5
1344820 496.4
1344830 496.4
1344840 496.4
1344850 496.5
1344860 496.6
1344870 496.6
1344880 496.6
1344890 496.7
1344900 496.7
1344910 496.9
1344920 497.0
1344930 497.0
1344940 496.6
1344950 496.6
1344960 496.6
1344970 496.7
1344980 496.7
1344990 496.7
1345000 496.6
1345010 496.6
1345020 496.6
1345030 496.5
1345040 496.5
1345050 496.5
1345060 496.6
1345070 496.6
1345080 496.6
1345090 496.6
1345100 496.5
1345110 496.5
1345120 496.5
1345130 496.5
1345140 496.5
1345150 496.5
1345160 496.4
1345170 496.4
1345180 496.4
1345190 496.5
1345200 496.5
1345210 496.5
1345220 496.6
1345230 496.7
1345240 496.7
1345250 496.6
1345260 496.6
1345270 496.6
1345280 496.6
1345290 496.6
1345300 496.6
1345310 496.5
1345320 496.5
1345330 496.5
1345340 496.4
1345350 496.4
1345360 496.4
1345370 496.4
1345380 496.3
1345390 496.3
1345400 496.2
1345410 496.2
1345420 496.2
1345430 496.1
1345440 496.2
1345450 496.2
1345460 496.2
1345470 496.2
1345480 496.2
1345490 496.3
1345500 496.4
1345510 496.3
1345520 496.3
1345530 495.9
1345540 495.2
1345550 495.2
1345560 494.4
1345570 493.4
1345580 493.4
1345590 491.9
1345600 489.4
1345610 489.4
1345620 487.5
1345630 487.4
1345640 487.4
1345650 487.4
1345660 487.4
1345670 487.4
1345680 487.4
1345690 487.5
1345700 487.5
1345710 487.5
1345720 487.5
1345730 487.5
1345740 488.2
1345750 491.3
1345760 491.3
1345770 494.2
1345780 494.8
1345790 494.8
1345800 494.8
1345810 494.9
1345820 494.9
1345830 495.2
1345840 495.7
1345850 495.8
1345860 495.7
1345870 496.5
1345880 497.2
1345890 497.2
1345900 497.3
1345910 500.6
1345920 500.6
1345930 506.2
1345940 511.5
1345950 511.5
1345960 516.9
1345970 521.3
1345980 521.3
1345990 522.1
1346000 522.2
1346010 522.2
1346020 522.3
1346030 522.3
1346040 522.3
1346050 522.4
1346060 522.3
1346070 522.3
1346080 522.2
1346090 522.2
1346100 522.2
1346110 522.2
1346120 522.0
1346130 522.0
1346140 521.7
1346150 521.9
1346160 521.9
1346170 521.8
1346180 521.7
1346190 521.6
1346200 521.6
1346210 521.4
1346220 521.4
1346230 521.4
1346240 521.4
1346250 521.4
1346260 521.4
1346270 521.5
1346280 522.0
1346290 522.0
1346300 523.2
1346310 524.7
1346320 524.7
1346330 526.0
1346340 526.3
1346350 526.3
1346360 527.1
1346370 527.5
1346380 527.5
1346390 527.4
1346400 527.6
1346410 527.6
1346420 528.3
1346430 528.9
1346440 528.9
1346450 531.0
1346460 532.4
1346470 532.4
1346480 533.6
1346490 534.2
1346500 534.2
1346510 535.2
1346520 537.2
1346530 539.7
1346540 539.7
1346550 542.0
1346560 542.5
1346570 542.5
1346580 542.6
1346590 543.3
1346600 543.3
1346610 544.4
1346620 547.4
1346630 547.4
1346640 549.1
1346650 550.1
1346660 550.1
1346670 551.4
1346680 552.5
1346690 552.5
1346700 552.0
1346710 551.3
1346720 551.3
1346730 550.8
1346740 552.6
1346750 552.6
1346760 553.9
1346770 553.7
1346780 553.7
1346790 555.2
1346800 553.2
1346810 553.2
1346820 551.1
1346830 552.3
1346840 552.3
1346850 555.8
1346860 558.1
1346870 558.1
1346880 558.3
1346890 558.9
1346900 560.5
1346910 560.5
1346920 561.9
1346930 563.6
1346940 563.6
1346950 565.2
1346960 566.7
1346970 566.7
1346980 568.2
1346990 569.6
1347000 569.6
1347010 570.8
1347020 571.9
1347030 571.9
1347040 572.9
1347050 574.0
1347060 574.0
1347070 575.4
1347080 577.0
1347090 577.0
1347100 579.0
1347110 581.2
1347120 581.2
1347130 584.0
1347140 587.6
1347150 587.6
1347160 591.9
1347170 596.9
1347180 596.9
1347190 601.9
1347200 605.9
1347210 605.9
1347220 608.4
1347230 609.7
1347240 610.2
1347250 610.2
1347260 610.2
1347270 610.0
1347280 610.0
1347290 609.8
1347300 609.2
1347310 609.2
1347320 608.1
1347330 606.9
1347340 606.9
1347350 605.2
1347360 603.0
1347370 603.0
1347380 601.1
1347390 599.1
1347400 599.1
1347410 597.0
1347420 594.7
1347430 594.7
1347440 592.9
1347450 591.5
1347460 591.5
1347470 590.4
1347480 589.2
1347490 589.2
1347500 588.0
1347510 587.1
1347520 587.1
1347530 585.9
1347540 584.7
1347550 584.7
1347560 583.1
1347570 581.8
1347580 580.9
1347590 580.9
1347600 579.6
1347610 578.2
1347620 578.2
1347630 576.9
1347640 575.9
1347650 575.9
1347660 575.4
1347670 575.6
1347680 575.6
1347690 576.5
1347700 577.9
1347710 577.9
1347720 582.4
1347730 584.4
1347740 584.4
1347750 586.0
1347760 586.8
1347770 586.8
1347780 586.6
1347790 585.4
1347800 585.4
1347810 583.1
1347820 581.1
1347830 581.1
1347840 580.7
1347850 580.6
1347860 580.6
1347870 580.4
1347880 580.2
1347890 580.2
1347900 580.0
1347910 579.7
1347920 579.4
1347930 579.4
1347940 578.8
1347950 578.3
1347960 578.3
1347970 577.8
1347980 577.4
1347990 577.4
1348000 576.9
1348010 576.4
1348020 576.4
1348030 575.8
1348040 575.2
1348050 575.2
1348060 574.5
1348070 573.9
1348080 573.9
1348090 573.4
1348100 573.0
1348110 573.0
1348120 573.1
1348130 573.5
1348140 573.5
1348150 573.9
1348160 574.1
1348170 574.1
1348180 573.2
1348190 572.6
1348200 572.6
1348210 573.2
1348220 573.7
1348230 573.7
1348240 573.9
1348250 573.5
1348260 572.7
1348270 572.7
1348280 571.8
1348290 571.3
1348300 571.3
1348310 571.7
1348320 572.8
1348330 572.8
1348340 571.2
1348350 565.7
1348360 565.7
1348370 562.3
1348380 563.5
1348390 563.5
1348400 565.1
1348410 566.7
1348420 566.7
1348430 568.1
1348440 568.9
1348450 568.9
1348460 569.4
1348470 569.8
1348480 569.8
1348490 570.1
1348500 570.3
1348510 570.3
1348520 570.5
1348530 570.6
1348540 570.6
1348550 570.9
1348560 571.4
1348570 571.4
1348580 572.0
1348590 572.4
1348600 572.4
1348610 572.5
1348620 572.7
1348630 572.9
1348640 572.9
1348650 573.0
1348660 574.0
1348670 574.0
1348680 574.1
1348690 574.2
1348700 574.2
1348710 574.0
1348720 574.0
1348730 574.0
1348740 573.9
1348750 574.4
1348760 574.4
1348770 574.6
1348780 575.0
1348790 575.0
1348800 575.6
1348810 575.7
1348820 575.7
1348830 575.7
1348840 576.9
1348850 576.9
1348860 577.1
1348870 577.0
1348880 577.0
1348890 577.0
1348900 577.0
1348910 577.0
1348920 577.1
1348930 577.3
1348940 577.3
1348950 577.7
1348960 578.1
1348970 578.5
1348980 578.5
1348990 578.8
1349000 579.2
1349010 579.2
1349020 579.6
1349030 579.6
1349040 579.6
1349050 579.8
1349060 580.2
1349070 580.2
1349080 580.7
1349090 581.1
1349100 581.1
1349110 581.2
1349120 581.2
1349130 581.2
1349140 581.1
1349150 581.4
1349160 581.4
1349170 582.1
1349180 583.2
1349190 583.2
1349200 583.8
1349210 583.9
1349220 583.9
1349230 584.3
1349240 584.7
1349250 584.7
1349260 585.1
1349270 585.5
1349280 585.5
1349290 585.9
1349300 586.4
1349310 587.1
1349320 587.1
1349330 587.8
1349340 588.2
1349350 588.2
1349360 588.1
1349370 587.7
1349380 587.7
1349390 586.7
1349400 586.4
1349410 586.4
1349420 585.8
1349430 585.8
1349440 585.8
1349450 585.8
1349460 586.1
1349470 586.1
1349480 587.0
1349490 589.4
1349500 589.4
1349510 591.8
1349520 593.5
1349530 593.5
1349540 595.4
1349550 597.2
1349560 597.2
1349570 598.9
1349580 600.1
1349590 600.1
1349600 601.0
1349610 602.1
1349620 602.1
1349630 603.2
1349640 604.3
1349650 605.5
1349660 605.5
1349670 606.8
1349680 608.2
1349690 608.2
1349700 609.6
1349710 610.8
1349720 610.8
1349730 612.0
1349740 613.1
1349750 613.1
1349760 614.0
1349770 614.9
1349780 614.9
1349790 615.4
1349800 615.8
1349810 615.8
1349820 616.1
1349830 616.1
1349840 616.1
1349850 616.2
1349860 616.5
1349870 616.5
1349880 616.8
1349890 617.1
1349900 617.1
1349910 617.2
1349920 617.3
1349930 617.3
1349940 617.0
1349950 616.5
1349960 616.5
1349970 615.6
1349980 613.7
1349990 611.4
1350000 611.4
1350010 609.3
1350020 608.8
1350030 608.8
1350040 608.3
1350050 608.2
1350060 608.2
1350070 608.4
1350080 608.5
1350090 608.5
1350100 609.2
1350110 610.4
1350120 610.4
1350130 611.4
1350140 612.1
1350150 612.1
1350160 613.0
1350170 614.5
1350180 614.5
1350190 615.9
1350200 617.0
1350210 617.0
1350220 618.5
1350230 619.4
1350240 619.4
1350250 620.4
1350260 621.1
1350270 621.1
1350280 621.2
1350290 621.6
1350300 621.6
1350310 622.2
1350320 622.4
1350330 622.4
1350340 622.8
1350350 623.0
1350360 622.9
1350370 622.9
1350380 622.8
1350390 624.8
1350400 624.8
1350410 627.9
1350420 630.5
1350430 630.5
1350440 632.5
1350450 632.8
1350460 632.8
1350470 632.7
1350480 632.9
1350490 632.9
1350500 633.5
1350510 634.7
1350520 634.7
1350530 636.2
1350540 637.6
1350550 640.1
1350560 641.7
1350570 643.9
1350580 643.9
1350590 646.2
1350600 649.3
1350610 649.3
1350620 652.9
1350630 655.6
1350640 655.6
1350650 657.6
1350660 659.7
1350670 659.7
1350680 662.1
1350690 665.3
1350700 667.9
1350710 667.9
1350720 670.0
1350730 671.9
1350740 671.9
1350750 673.6
1350760 675.2
1350770 675.2
1350780 677.1
1350790 679.4
1350800 679.4
1350810 682.0
1350820 684.7
1350830 684.7
1350840 686.7
1350850 688.2
1350860 688.2
1350870 690.2
1350880 692.1
1350890 692.1
1350900 692.9
1350910 689.6
1350920 689.6
1350930 688.0
1350940 692.5
1350950 692.5
1350960 697.7
1350970 703.5
1350980 703.5
1350990 708.0
1351000 711.1
1351010 711.1
1351020 712.1
1351030 712.3
1351040 713.5
1351050 713.5
1351060 715.2
1351070 717.4
1351080 717.4
1351090 720.6
1351100 723.3
1351110 723.3
1351120 727.2
1351130 731.8
1351140 731.8
1351150 736.3
1351160 741.5
1351170 741.5
1351180 747.1
1351190 752.8
1351200 752.8
1351210 758.6
1351220 763.4
1351230 763.4
1351240 766.8
1351250 769.9
1351260 769.9
1351270 772.5
1351280 774.4
1351290 774.4
1351300 776.5
1351310 778.5
1351320 778.5
1351330 780.0
1351340 781.1
1351350 781.1
1351360 782.0
1351370 784.2
1351380 787.9
1351390 787.9
1351400 789.8
1351410 790.6
1351420 790.6
1351430 790.2
1351440 789.4
1351450 789.4
1351460 789.9
1351470 791.6
1351480 791.6
1351490 793.6
1351500 791.2
1351510 791.2
1351520 791.9
1351530 793.3
1351540 793.3
1351550 795.3
1351560 798.1
1351570 798.1
1351580 801.0
1351590 803.4
1351600 803.4
1351610 806.1
1351620 809.3
1351630 809.3
1351640 811.6
1351650 814.1
1351660 814.1
1351670 816.7
1351680 818.9
1351690 818.9
1351700 820.6
1351710 822.6
1351720 825.5
1351730 825.5
1351740 828.9
1351750 834.3
1351760 834.3
1351770 838.6
1351780 842.7
1351790 842.7
1351800 845.6
1351810 848.4
1351820 848.4
1351830 851.0
1351840 852.5
1351850 852.5
1351860 853.8
1351870 855.3
1351880 855.3
1351890 856.7
1351900 857.3
1351910 857.3
1351920 859.0
1351930 864.1
1351940 864.1
1351950 868.9
1351960 871.3
1351970 871.3
1351980 872.6
1351990 874.3
1352000 874.3
1352010 876.7
1352020 879.1
1352030 879.1
1352040 882.6
1352050 886.1
1352060 886.1
1352070 889.1
1352080 892.5
1352090 896.5
1352100 896.5
1352110 899.9
1352120 903.6
1352130 903.6
1352140 907.0
1352150 909.7
1352160 909.7
1352170 912.8
1352180 916.2
1352190 916.2
1352200 918.2
1352210 919.0
1352220 919.0
1352230 920.4
1352240 922.2
1352250 922.2
1352260 922.2
1352270 922.6
1352280 922.6
1352290 923.9
1352300 927.9
1352310 927.9
1352320 934.9
1352330 940.6
1352340 940.6
1352350 944.1
1352360 949.3
1352370 949.3
1352380 956.5
1352390 963.7
1352400 963.7
1352410 967.1
1352420 969.5
1352430 972.6
1352440 972.6
1352450 979.3
1352460 982.5
1352470 987.8
1352480 989.8
1352490 990.9
1352500 990.9
1352510 991.9
1352520 996.0
1352530 996.0
1352540 1002.6
1352550 1008.7
1352560 1008.7
1352570 1015.4
1352580 1028.0
1352590 1028.0
1352600 1035.2
1352610 1037.7
1352620 1037.7
1352630 1041.2
1352640 1048.3
1352650 1048.3
1352660 1064.1
1352670 1084.9
1352680 1084.9
1352690 1096.7
1352700 1095.7
1352710 1095.7
1352720 1091.9
1352730 1101.5
1352740 1101.5
1352750 1111.3
1352760 1111.8
1352770 1111.0
1352780 1111.0
1352790 1109.4
1352800 1111.6
1352810 1111.6
1352820 1118.0
1352830 1123.5
1352840 1123.5
1352850 1126.7
1352860 1125.5
1352870 1125.5
1352880 1122.6
1352890 1119.2
1352900 1119.2
1352910 1115.9
1352920 1114.4
1352930 1114.4
1352940 1121.7
1352950 1146.8
1352960 1146.8
1352970 1157.8
1352980 1162.1
1352990 1162.1
1353000 1166.6
1353010 1161.3
1353020 1161.3
1353030 1160.0
1353040 1166.3
1353050 1166.3
1353060 1172.3
1353070 1169.4
1353080 1169.4
1353090 1165.7
1353100 1165.1
1353110 1183.0
1353120 1183.0
1353130 1199.5
1353140 1200.7
1353150 1200.7
1353160 1199.9
1353170 1197.6
1353180 1197.6
1353190 1206.3
1353200 1210.3
1353210 1210.3
1353220 1210.1
1353230 1211.8
1353240 1211.8
1353250 1218.1
1353260 1224.8
1353270 1224.8
1353280 1232.3
1353290 1239.8
1353300 1239.8
1353310 1248.3
1353320 1257.1
1353330 1257.1
1353340 1266.8
1353350 1281.1
1353360 1281.1
1353370 1289.1
1353380 1295.6
1353390 1295.6
1353400 1305.0
1353410 1313.4
1353420 1313.4
1353430 1320.0
1353440 1341.5
1353450 1342.9
1353460 1342.9
1353470 1346.0
1353480 1347.6
1353490 1347.6
1353500 1345.6
1353510 1342.7
1353520 1342.7
1353530 1340.8
1353540 1339.8
1353550 1339.8
1353560 1337.0
1353570 1334.4
1353580 1334.4
1353590 1334.1
1353600 1334.9
1353610 1334.9
1353620 1335.2
1353630 1335.7
1353640 1335.7
1353650 1336.0
1353660 1334.9
1353670 1334.9
1353680 1332.0
1353690 1327.8
1353700 1327.8
1353710 1326.1
1353720 1328.3
1353730 1328.3
1353740 1331.7
1353750 1331.5
1353760 1331.5
1353770 1332.2
1353780 1333.6
1353790 1333.6
1353800 1336.9
1353810 1339.7
1353820 1342.7
1353830 1342.7
1353840 1347.3
1353850 1353.9
1353860 1353.9
1353870 1362.1
1353880 1370.3
1353890 1370.3
1353900 1377.9
1353910 1392.3
1353920 1392.3
1353930 1407.6
1353940 1415.8
1353950 1415.8
1353960 1422.8
1353970 1428.9
1353980 1428.9
1353990 1434.8
1354000 1439.9
1354010 1439.9
1354020 1445.0
1354030 1449.0
1354040 1449.0
1354050 1451.9
1354060 1454.1
1354070 1454.1
1354080 1454.6
1354090 1454.7
1354100 1454.7
1354110 1454.4
1354120 1455.9
1354130 1455.9
1354140 1456.8
1354150 1458.0
1354160 1459.1
1354170 1459.1
1354180 1461.2
1354190 1463.5
1354200 1463.5
1354210 1466.3
1354220 1469.4
1354230 1469.4
1354240 1469.8
1354250 1469.8
1354260 1469.8
1354270 1469.1
1354280 1464.8
1354290 1464.8
1354300 1461.4
1354310 1456.5
1354320 1456.5
1354330 1453.9
1354340 1450.9
1354350 1450.9
1354360 1448.9
1354370 1446.4
1354380 1446.4
1354390 1444.5
1354400 1443.0
1354410 1443.0
1354420 1432.0
1354430 1419.4
1354440 1419.4
1354450 1404.1
1354460 1398.8
1354470 1398.8
1354480 1390.3
1354490 1378.2
1354500 1370.7
1354510 1370.7
1354520 1364.6
1354530 1360.7
1354540 1360.7
1354550 1361.3
1354560 1364.6
1354570 1364.6
1354580 1368.8
1354590 1369.4
1354600 1369.4
1354610 1364.6
1354620 1357.5
1354630 1357.5
1354640 1349.7
1354650 1342.1
1354660 1342.1
1354670 1334.7
1354680 1327.8
1354690 1327.8
1354700 1319.2
1354710 1307.6
1354720 1307.6
1354730 1299.0
1354740 1290.5
1354750 1290.5
1354760 1282.2
1354770 1274.1
1354780 1274.1
1354790 1265.4
1354800 1255.2
1354810 1255.2
1354820 1246.5
1354830 1238.8
1354840 1231.6
1354850 1231.6
1354860 1224.8
1354870 1218.1
1354880 1218.1
1354890 1211.3
1354900 1204.4
1354910 1204.4
1354920 1197.9
1354930 1191.6
1354940 1191.6
1354950 1184.9
1354960 1178.3
1354970 1178.3
1354980 1171.5
1354990 1165.1
1355000 1165.1
1355010 1159.2
1355020 1153.3
1355030 1153.3
1355040 1147.4
1355050 1141.3
1355060 1141.3
1355070 1135.1
1355080 1129.1
1355090 1129.1
1355100 1123.3
1355110 1117.1
1355120 1117.1
1355130 1111.1
1355140 1105.1
1355150 1105.1
1355160 1099.5
1355170 1094.1
1355180 1088.8
1355190 1088.8
1355200 1083.7
1355210 1078.5
1355220 1078.5
1355230 1071.9
1355240 1067.1
1355250 1067.1
1355260 1061.4
1355270 1056.3
1355280 1056.3
1355290 1051.3
1355300 1046.6
1355310 1046.6
1355320 1042.5
1355330 1038.1
1355340 1038.1
1355350 1033.5
1355360 1028.4
1355370 1028.4
1355380 1023.2
1355390 1018.2
1355400 1018.2
1355410 1017.8
1355420 1012.7
1355430 1012.7
1355440 1007.1
1355450 1000.7
1355460 1000.7
1355470 994.8
1355480 989.7
1355490 989.7
1355500 984.0
1355510 975.8
1355520 966.7
1355530 966.7
1355540 958.5
1355550 949.7
1355560 949.7
1355570 940.3
1355580 933.6
1355590 933.6
1355600 930.9
1355610 930.6
1355620 930.6
1355630 928.6
1355640 922.6
1355650 922.6
1355660 918.1
1355670 914.5
1355680 914.5
1355690 912.8
1355700 912.3
1355710 912.3
1355720 910.3
1355730 908.6
1355740 908.6
1355750 907.9
1355760 904.2
1355770 904.2
1355780 899.9
1355790 896.9
1355800 896.9
1355810 893.4
1355820 890.2
1355830 890.2
1355840 888.5
1355850 884.3
1355860 884.3
1355870 880.4
1355880 876.6
1355890 870.7
1355900 870.7
1355910 867.2
1355920 862.6
1355930 862.6
1355940 856.7
1355950 854.0
1355960 854.0
1355970 851.2
1355980 848.4
1355990 848.4
1356000 845.8
1356010 843.3
1356020 843.3
1356030 841.0
1356040 838.9
1356050 838.9
1356060 837.1
1356070 835.8
1356080 835.8
1356090 834.6
1356100 833.3
1356110 833.3
1356120 831.7
1356130 830.3
1356140 830.3
1356150 829.1
1356160 828.1
1356170 828.1
1356180 827.1
1356190 826.3
1356200 826.3
1356210 825.4
1356220 824.3
1356230 822.9
1356240 822.9
1356250 821.2
1356260 819.0
1356270 819.0
1356280 816.3
1356290 813.4
1356300 813.4
1356310 810.4
1356320 807.8
1356330 807.8
1356340 804.9
1356350 800.4
1356360 800.4
1356370 796.1
1356380 793.1
1356390 793.1
1356400 791.3
1356410 789.6
1356420 789.6
1356430 788.0
1356440 786.5
1356450 786.5
1356460 785.3
1356470 784.2
1356480 784.2
1356490 783.9
1356500 784.4
1356510 784.4
1356520 784.4
1356530 783.6
1356540 783.6
1356550 782.4
1356560 780.8
1356570 778.7
1356580 778.7
1356590 775.2
1356600 771.1
1356610 771.1
1356620 767.3
1356630 763.7
1356640 763.7
1356650 760.3
1356660 757.3
1356670 757.3
1356680 754.4
1356690 751.5
1356700 751.5
1356710 749.2
1356720 745.7
1356730 745.7
1356740 739.8
1356750 733.9
1356760 733.9
1356770 728.6
1356780 723.1
1356790 723.1
1356800 722.1
1356810 723.5
1356820 723.5
1356830 723.1
1356840 722.4
1356850 722.4
1356860 721.9
1356870 721.3
1356880 721.3
1356890 720.6
1356900 719.6
1356910 718.1
1356920 718.1
1356930 716.0
1356940 713.7
1356950 713.7
1356960 711.0
1356970 708.4
1356980 708.4
1356990 705.0
1357000 700.3
1357010 700.3
1357020 696.7
1357030 694.2
1357040 694.2
1357050 694.1
1357060 694.2
1357070 694.2
1357080 693.4
1357090 692.0
1357100 692.0
1357110 690.2
1357120 687.7
1357130 687.7
1357140 681.6
1357150 673.8
1357160 673.8
1357170 665.3
1357180 656.3
1357190 656.3
1357200 652.3
1357210 655.4
1357220 655.4
1357230 656.1
1357240 654.8
1357250 653.6
1357260 653.6
1357270 652.2
1357280 651.3
1357290 651.3
1357300 650.9
1357310 652.0
1357320 652.0
1357330 658.8
1357340 662.5
1357350 662.5
1357360 661.4
1357370 660.1
1357380 660.1
1357390 659.2
1357400 657.8
1357410 657.8
1357420 656.4
1357430 655.0
1357440 655.0
1357450 651.5
1357460 647.7
1357470 647.7
1357480 645.8
1357490 645.0
1357500 645.0
1357510 643.3
1357520 638.4
1357530 638.4
1357540 633.5
1357550 629.4
1357560 629.4
1357570 625.4
1357580 624.5
1357590 624.6
1357600 624.6
1357610 624.6
1357620 624.1
1357630 624.1
1357640 623.3
1357650 622.5
1357660 622.5
1357670 621.6
1357680 623.2
1357690 623.2
1357700 624.0
1357710 622.5
1357720 622.5
1357730 620.7
1357740 620.8
1357750 620.8
1357760 620.7
1357770 620.8
1357780 620.8
1357790 620.9
1357800 620.9
1357810 620.9
1357820 620.8
1357830 620.6
1357840 620.6
1357850 620.5
1357860 620.4
1357870 620.4
1357880 620.4
1357890 620.4
1357900 620.4
1357910 620.4
1357920 620.3
1357930 620.3
1357940 620.0
1357950 619.2
1357960 618.0
1357970 618.0
1357980 617.2
1357990 617.1
1358000 617.1
1358010 617.2
1358020 617.3
1358030 617.3
1358040 617.0
1358050 615.9
1358060 615.9
1358070 614.4
1358080 613.9
1358090 613.9
1358100 613.5
1358110 613.5
1358120 613.5
1358130 614.0
1358140 614.2
1358150 614.2
1358160 614.2
1358170 614.1
1358180 614.1
1358190 614.0
1358200 614.0
1358210 614.0
1358220 614.4
1358230 614.9
1358240 614.9
1358250 615.1
1358260 615.1
1358270 615.1
1358280 616.0
1358290 617.4
1358300 617.8
1358310 617.8
1358320 618.0
1358330 618.3
1358340 618.3
1358350 618.5
1358360 618.6
1358370 618.6
1358380 618.6
1358390 618.3
1358400 618.3
1358410 621.8
1358420 621.7
1358430 621.7
1358440 620.4
1358450 620.0
1358460 620.0
1358470 620.5
1358480 620.3
1358490 620.3
1358500 620.0
1358510 619.9
1358520 619.9
1358530 619.6
1358540 620.6
1358550 620.6
1358560 621.2
1358570 620.7
1358580 620.7
1358590 619.4
1358600 618.8
1358610 618.8
1358620 619.2
1358630 620.6
1358640 622.2
1358650 622.2
1358660 623.9
1358670 624.5
1358680 624.5
1358690 624.1
1358700 622.9
1358710 622.9
1358720 621.4
1358730 620.5
1358740 620.5
1358750 620.5
1358760 620.7
1358770 620.7
1358780 621.0
1358790 621.3
1358800 621.3
1358810 621.6
1358820 621.8
1358830 621.8
1358840 622.1
1358850 622.3
1358860 622.3
1358870 622.8
1358880 622.4
1358890 622.4
1358900 622.3
1358910 623.1
1358920 623.1
1358930 623.6
1358940 624.1
1358950 624.1
1358960 624.1
1358970 623.9
1358980 623.8
1358990 623.8
1359000 623.8
1359010 623.8
1359020 623.8
1359030 623.6
1359040 623.4
1359050 623.4
1359060 623.3
1359070 623.3
1359080 623.3
1359090 623.0
1359100 622.5
1359110 622.5
1359120 622.3
1359130 622.4
1359140 622.4
1359150 622.4
1359160 622.4
1359170 622.4
1359180 622.3
1359190 622.4
1359200 622.4
1359210 622.5
1359220 622.7
1359230 622.7
1359240 622.8
1359250 623.0
1359260 623.0
1359270 623.1
1359280 623.2
1359290 623.2
1359300 623.2
1359310 623.4
1359320 623.7
1359330 623.7
1359340 624.1
1359350 624.6
1359360 624.6
1359370 625.1
1359380 625.5
1359390 625.5
1359400 626.0
1359410 626.5
1359420 626.5
1359430 627.6
1359440 628.4
1359450 628.4
1359460 629.2
1359470 629.9
1359480 629.9
1359490 630.6
1359500 631.2
1359510 631.2
1359520 631.8
1359530 632.3
1359540 632.3
1359550 632.7
1359560 633.0
1359570 633.0
1359580 632.8
1359590 633.0
1359600 633.0
1359610 633.0
1359620 632.7
1359630 632.7
1359640 631.8
1359650 631.4
1359660 632.5
1359670 632.5
1359680 638.3
1359690 643.2
1359700 643.2
1359710 644.4
1359720 644.9
1359730 644.9
1359740 645.5
1359750 645.7
1359760 645.7
1359770 645.8
1359780 646.1
1359790 646.1
1359800 646.5
1359810 646.5
1359820 646.5
1359830 646.7
1359840 647.3
1359850 647.3
1359860 647.9
1359870 648.5
1359880 648.5
1359890 649.1
1359900 649.5
1359910 649.5
1359920 649.8
1359930 650.1
1359940 650.1
1359950 650.4
1359960 650.6
1359970 650.6
1359980 650.8
1359990 650.9
