1340000 619.6
1340010 620.0
1340020 620.0
1340030 620.5
1340040 621.0
1340050 621.0
1340060 621.6
1340070 622.3
1340080 622.3
1340090 623.2
1340100 624.4
1340110 624.4
1340120 625.5
1340130 626.7
1340140 626.7
1340150 627.6
1340160 628.4
1340170 628.4
1340180 629.1
1340190 629.6
1340200 629.6
1340210 630.0
1340220 630.4
1340230 630.4
1340240 630.8
1340250 631.3
1340260 631.3
1340270 632.1
1340280 632.7
1340290 632.7
1340300 633.3
1340310 633.7
1340320 633.7
1340330 633.9
1340340 634.3
1340350 634.7
1340360 634.7
1340370 635.1
1340380 635.6
1340390 635.6
1340400 636.1
1340410 636.6
1340420 636.6
1340430 637.1
1340440 637.8
1340450 637.8
1340460 638.4
1340470 639.2
1340480 639.2
1340490 640.0
1340500 640.8
1340510 640.8
1340520 641.2
1340530 641.6
1340540 641.6
1340550 641.8
1340560 641.9
1340570 641.9
1340580 641.8
1340590 641.4
1340600 641.4
1340610 640.8
1340620 639.9
1340630 639.9
1340640 638.9
1340650 638.1
1340660 638.1
1340670 637.1
1340680 636.1
1340690 635.1
1340700 635.1
1340710 631.8
1340720 630.7
1340730 630.7
1340740 629.9
1340750 629.3
1340760 629.3
1340770 628.8
1340780 628.6
1340790 628.6
1340800 628.6
1340810 628.7
1340820 628.7
1340830 628.7
1340840 628.8
1340850 628.8
1340860 629.1
1340870 629.4
1340880 629.4
1340890 629.5
1340900 629.5
1340910 629.5
1340920 629.4
1340930 629.1
1340940 629.1
1340950 628.9
1340960 628.6
1340970 628.6
1340980 628.3
1340990 627.8
1341000 627.8
1341010 627.3
1341020 626.7
1341030 626.7
1341040 626.6
1341050 627.1
1341060 628.0
1341070 628.0
1341080 628.8
1341090 629.5
1341100 629.5
1341110 630.0
1341120 630.4
1341130 630.4
1341140 630.8
1341150 631.2
1341160 631.2
1341170 631.5
1341180 632.0
1341190 632.0
1341200 632.7
1341210 633.7
1341220 633.7
1341230 634.9
1341240 636.0
1341250 636.0
1341260 636.8
1341270 637.3
1341280 637.3
1341290 637.5
1341300 637.5
1341310 637.5
1341320 637.8
1341330 638.2
1341340 638.2
1341350 638.3
1341360 638.3
1341370 638.3
1341380 638.3
1341390 638.6
1341400 639.0
1341410 639.0
1341420 639.4
1341430 640.0
1341440 640.0
1341450 640.7
1341460 641.3
1341470 641.3
1341480 642.0
1341490 642.5
1341500 642.5
1341510 642.7
1341520 642.6
1341530 642.6
1341540 642.5
1341550 642.2
1341560 642.2
1341570 641.9
1341580 641.6
1341590 641.6
1341600 640.7
1341610 640.6
1341620 640.6
1341630 640.5
1341640 640.2
1341650 640.2
1341660 640.0
1341670 639.7
1341680 639.7
1341690 639.4
1341700 638.8
1341710 638.8
1341720 636.2
1341730 633.0
1341740 631.2
1341750 631.2
1341760 629.9
1341770 629.0
1341780 629.0
1341790 627.8
1341800 626.6
1341810 626.6
1341820 625.6
1341830 625.0
1341840 625.0
1341850 624.8
1341860 624.0
1341870 624.0
1341880 622.1
1341890 620.7
1341900 620.7
1341910 619.2
1341920 617.7
1341930 617.7
1341940 616.2
1341950 614.9
1341960 614.9
1341970 613.3
1341980 611.6
1341990 611.6
1342000 610.6
1342010 610.8
1342020 610.8
1342030 613.5
1342040 617.4
1342050 617.4
1342060 620.6
1342070 622.1
1342080 622.1
1342090 622.1
1342100 621.3
1342110 620.1
1342120 620.1
1342130 618.3
1342140 615.2
1342150 615.2
1342160 610.9
1342170 606.0
1342180 606.0
1342190 601.8
1342200 599.3
1342210 599.3
1342220 598.3
1342230 597.1
1342240 597.1
1342250 595.7
1342260 594.6
1342270 594.6
1342280 593.1
1342290 591.4
1342300 591.4
1342310 589.5
1342320 588.0
1342330 588.0
1342340 586.6
1342350 586.0
1342360 586.0
1342370 586.4
1342380 586.8
1342390 586.8
1342400 586.9
1342410 584.8
1342420 579.3
1342430 579.3
1342440 572.5
1342450 565.7
1342460 565.7
1342470 559.0
1342480 553.2
1342490 552.0
1342500 546.5
1342510 542.0
1342520 542.0
1342530 538.6
1342540 535.2
1342550 535.2
1342560 532.5
1342570 531.0
1342580 531.0
1342590 528.7
1342600 527.4
1342610 527.4
1342620 526.5
1342630 525.8
1342640 525.8
1342650 525.4
1342660 524.6
1342670 524.6
1342680 524.2
1342690 523.6
1342700 523.6
1342710 522.4
1342720 521.5
1342730 521.5
1342740 521.5
1342750 520.6
1342760 520.6
1342770 518.6
1342780 518.1
1342790 515.7
1342800 515.7
1342810 508.6
1342820 501.2
1342830 501.2
1342840 497.8
1342850 497.2
1342860 497.2
1342870 497.5
1342880 499.1
1342890 499.1
1342900 497.9
1342910 497.3
1342920 497.3
1342930 497.0
1342940 497.3
1342950 497.3
1342960 497.6
1342970 496.2
1342980 496.2
1342990 496.3
1343000 497.2
1343010 497.2
1343020 496.5
1343030 495.9
1343040 495.9
1343050 495.7
1343060 495.5
1343070 495.5
1343080 495.3
1343090 494.1
1343100 494.1
1343110 496.7
1343120 498.4
1343130 498.2
1343140 498.2
1343150 498.0
1343160 497.6
1343170 497.6
1343180 497.5
1343190 497.1
1343200 497.1
1343210 496.9
1343220 496.9
1343230 496.9
1343240 495.8
1343250 493.7
1343260 493.7
1343270 493.6
1343280 493.4
1343290 493.4
1343300 493.4
1343310 493.8
1343320 493.8
1343330 495.5
1343340 496.4
1343350 496.4
1343360 494.3
1343370 493.9
1343380 493.9
1343390 493.9
1343400 494.1
1343410 494.1
1343420 494.0
1343430 494.0
1343440 494.0
1343450 494.1
1343460 494.1
1343470 493.9
1343480 493.9
1343490 494.0
1343500 494.6
1343510 494.6
1343520 494.2
1343530 494.1
1343540 494.1
1343550 494.2
1343560 494.2
1343570 494.2
1343580 494.3
1343590 494.3
1343600 494.3
1343610 494.3
1343620 494.3
1343630 494.3
1343640 494.3
1343650 494.4
1343660 494.4
1343670 494.4
1343680 494.4
1343690 494.4
1343700 494.4
1343710 494.3
1343720 494.3
1343730 494.4
1343740 494.5
1343750 494.5
1343760 494.6
1343770 494.5
1343780 494.5
1343790 494.6
1343800 494.6
1343810 494.6
1343820 494.6
1343830 494.7
1343840 494.8
1343850 494.8
1343860 494.9
1343870 495.0
1343880 495.0
1343890 495.1
1343900 495.1
1343910 495.1
1343920 495.1
1343930 495.2
1343940 495.2
1343950 495.5
1343960 495.7
1343970 495.7
1343980 495.5
1343990 495.3
1344000 495.3
1344010 495.3
1344020 495.2
1344030 495.2
1344040 495.2
1344050 495.3
1344060 495.3
1344070 495.6
1344080 495.7
1344090 495.7
1344100 495.3
1344110 494.9
1344120 494.9
1344130 494.7
1344140 494.6
1344150 494.6
1344160 494.6
1344170 494.5
1344180 494.5
1344190 494.5
1344200 494.6
1344210 494.6
1344220 494.6
1344230 494.6
1344240 494.6
1344250 494.6
1344260 494.6
1344270 494.7
1344280 494.7
1344290 494.7
1344300 494.7
1344310 494.7
1344320 494.7
1344330 494.8
1344340 494.8
1344350 495.0
1344360 495.1
1344370 495.1
1344380 495.2
1344390 495.3
1344400 495.3
1344410 495.3
1344420 495.4
1344430 495.4
1344440 495.5
1344450 494.5
1344460 494.5
1344470 491.6
1344480 490.6
1344490 490.6
1344500 490.5
1344510 490.5
1344520 490.5
1344530 490.5
1344540 490.6
1344550 490.5
1344560 490.5
1344570 490.3
1344580 490.2
1344590 490.2
1344600 490.0
1344610 489.5
1344620 489.5
1344630 489.2
1344640 489.8
1344650 489.8
1344660 490.5
1344670 493.6
1344680 493.6
1344690 496.1
1344700 496.6
1344710 496.6
1344720 496.6
1344730 496.6
1344740 496.6
1344750 496.5
1344760 496.5
1344770 496.5
1344780 496.5
1344790 496.5
1344800 496.5
1344810 496.5
1344820 496.6
1344830 496.6
1344840 496.6
1344850 496.4
1344860 496.3
1344870 496.3
1344880 496.3
1344890 496.3
1344900 496.3
1344910 496.5
1344920 496.5
1344930 496.5
1344940 496.4
1344950 496.3
1344960 496.3
1344970 496.4
1344980 496.5
1344990 496.5
1345000 496.6
1345010 496.5
1345020 496.5
1345030 496.4
1345040 496.4
1345050 496.4
1345060 496.4
1345070 496.4
1345080 496.4
1345090 496.4
1345100 496.5
1345110 496.5
1345120 496.5
1345130 496.5
1345140 496.5
1345150 496.5
1345160 496.4
1345170 496.4
1345180 496.4
1345190 496.5
1345200 496.5
1345210 496.5
1345220 496.4
1345230 496.4
1345240 496.4
1345250 496.5
1345260 496.6
1345270 496.6
1345280 496.5
1345290 496.5
1345300 496.5
1345310 496.5
1345320 496.5
1345330 496.5
1345340 496.5
1345350 496.4
1345360 496.4
1345370 496.3
1345380 496.3
1345390 496.3
1345400 496.3
1345410 496.3
1345420 496.3
1345430 496.4
1345440 496.3
1345450 496.3
1345460 496.3
1345470 496.3
1345480 496.3
1345490 496.5
1345500 496.6
1345510 496.6
1345520 496.6
1345530 497.1
1345540 497.8
1345550 497.8
1345560 497.3
1345570 497.5
1345580 497.5
1345590 497.5
1345600 494.8
1345610 494.8
1345620 491.2
1345630 488.3
1345640 488.3
1345650 487.4
1345660 487.4
1345670 487.4
1345680 487.5
1345690 488.5
1345700 488.5
1345710 492.0
1345720 494.7
1345730 494.7
1345740 495.2
1345750 495.3
1345760 495.3
1345770 495.5
1345780 495.5
1345790 495.5
1345800 495.5
1345810 495.4
1345820 495.4
1345830 495.5
1345840 496.2
1345850 496.2
1345860 497.3
1345870 497.1
1345880 498.3
1345890 498.3
1345900 502.8
1345910 509.0
1345920 509.0
1345930 514.9
1345940 520.3
1345950 520.3
1345960 522.2
1345970 522.4
1345980 522.4
1345990 522.6
1346000 522.7
1346010 522.7
1346020 522.7
1346030 522.6
1346040 522.6
1346050 522.4
1346060 522.2
1346070 522.2
1346080 522.2
1346090 522.2
1346100 522.2
1346110 522.1
1346120 522.1
1346130 522.1
1346140 522.2
1346150 522.1
1346160 522.1
1346170 522.3
1346180 522.3
1346190 522.3
1346200 522.3
1346210 522.3
1346220 522.3
1346230 522.3
1346240 522.3
1346250 523.9
1346260 523.9
1346270 526.3
1346280 527.2
1346290 527.2
1346300 527.7
1346310 528.4
1346320 528.4
1346330 529.1
1346340 529.8
1346350 529.8
1346360 531.0
1346370 531.1
1346380 531.1
1346390 530.8
1346400 531.0
1346410 531.0
1346420 531.8
1346430 533.5
1346440 533.5
1346450 535.9
1346460 538.5
1346470 538.5
1346480 540.4
1346490 541.0
1346500 541.0
1346510 541.6
1346520 542.8
1346530 542.8
1346540 544.0
1346550 545.0
1346560 545.0
1346570 545.4
1346580 545.2
1346590 546.2
1346600 546.2
1346610 550.4
1346620 554.4
1346630 554.4
1346640 556.1
1346650 556.9
1346660 556.9
1346670 556.5
1346680 556.6
1346690 556.6
1346700 556.9
1346710 557.1
1346720 557.1
1346730 557.7
1346740 558.5
1346750 558.5
1346760 558.9
1346770 558.9
1346780 558.9
1346790 556.7
1346800 553.6
1346810 553.6
1346820 552.9
1346830 553.9
1346840 553.9
1346850 555.9
1346860 558.6
1346870 558.6
1346880 558.8
1346890 558.9
1346900 558.9
1346910 560.9
1346920 562.6
1346930 564.0
1346940 564.0
1346950 565.3
1346960 566.7
1346970 566.7
1346980 568.1
1346990 569.4
1347000 569.4
1347010 570.7
1347020 572.1
1347030 572.1
1347040 573.5
1347050 575.0
1347060 575.0
1347070 577.9
1347080 580.6
1347090 580.6
1347100 583.6
1347110 586.9
1347120 586.9
1347130 590.7
1347140 594.3
1347150 594.3
1347160 597.6
1347170 601.1
1347180 601.1
1347190 604.0
1347200 606.4
1347210 606.4
1347220 608.2
1347230 609.6
1347240 609.6
1347250 610.7
1347260 611.3
1347270 611.6
1347280 611.6
1347290 611.7
1347300 611.6
1347310 611.6
1347320 610.8
1347330 609.5
1347340 609.5
1347350 607.7
1347360 605.2
1347370 605.2
1347380 602.9
1347390 600.7
1347400 600.7
1347410 598.5
1347420 597.0
1347430 597.0
1347440 596.2
1347450 595.5
1347460 595.5
1347470 594.6
1347480 593.1
1347490 593.1
1347500 591.8
1347510 590.5
1347520 590.5
1347530 588.8
1347540 587.0
1347550 587.0
1347560 585.5
1347570 584.0
1347580 584.0
1347590 582.8
1347600 581.8
1347610 580.7
1347620 580.7
1347630 579.9
1347640 579.9
1347650 579.9
1347660 580.9
1347670 582.7
1347680 582.7
1347690 585.3
1347700 588.1
1347710 588.1
1347720 590.6
1347730 592.5
1347740 592.5
1347750 593.4
1347760 593.3
1347770 593.3
1347780 592.4
1347790 590.4
1347800 590.4
1347810 586.8
1347820 583.0
1347830 583.0
1347840 581.2
1347850 581.0
1347860 581.0
1347870 580.9
1347880 580.7
1347890 580.7
1347900 580.3
1347910 579.8
1347920 579.8
1347930 579.1
1347940 578.2
1347950 578.2
1347960 577.2
1347970 576.3
1347980 575.5
1347990 575.5
1348000 573.3
1348010 572.6
1348020 572.6
1348030 572.0
1348040 571.7
1348050 571.7
1348060 571.3
1348070 571.2
1348080 571.2
1348090 571.1
1348100 572.0
1348110 572.0
1348120 573.1
1348130 573.2
1348140 573.2
1348150 573.3
1348160 573.2
1348170 573.2
1348180 573.2
1348190 573.6
1348200 573.6
1348210 573.4
1348220 572.9
1348230 572.9
1348240 573.0
1348250 572.7
1348260 572.7
1348270 572.1
1348280 571.7
1348290 571.7
1348300 571.7
1348310 572.3
1348320 573.3
1348330 573.3
1348340 574.1
1348350 573.8
1348360 573.8
1348370 568.4
1348380 563.8
1348390 563.8
1348400 563.1
1348410 564.0
1348420 564.0
1348430 564.9
1348440 566.6
1348450 566.6
1348460 569.0
1348470 569.5
1348480 569.5
1348490 569.9
1348500 570.2
1348510 570.2
1348520 570.3
1348530 570.3
1348540 570.3
1348550 570.8
1348560 571.6
1348570 571.6
1348580 572.1
1348590 572.7
1348600 572.7
1348610 573.4
1348620 573.5
1348630 573.5
1348640 573.8
1348650 574.0
1348660 574.0
1348670 574.0
1348680 574.0
1348690 574.4
1348700 574.4
1348710 574.8
1348720 575.0
1348730 575.0
1348740 574.5
1348750 574.3
1348760 574.3
1348770 574.8
1348780 575.5
1348790 575.5
1348800 575.4
1348810 575.2
1348820 575.2
1348830 574.9
1348840 575.2
1348850 575.2
1348860 575.8
1348870 576.0
1348880 576.0
1348890 576.9
1348900 576.9
1348910 576.9
1348920 576.4
1348930 576.4
1348940 576.5
1348950 576.7
1348960 576.8
1348970 576.8
1348980 577.0
1348990 577.3
1349000 577.7
1349010 577.7
1349020 578.0
1349030 578.3
1349040 578.3
1349050 578.7
1349060 578.9
1349070 578.9
1349080 579.7
1349090 580.8
1349100 580.8
1349110 580.9
1349120 580.7
1349130 580.7
1349140 580.8
1349150 581.4
1349160 581.4
1349170 581.3
1349180 581.0
1349190 581.0
1349200 581.2
1349210 581.7
1349220 581.7
1349230 581.7
1349240 582.4
1349250 582.4
1349260 582.2
1349270 582.3
1349280 582.3
1349290 582.8
1349300 583.6
1349310 583.6
1349320 583.9
1349330 584.2
1349340 584.3
1349350 584.3
1349360 584.5
1349370 584.9
1349380 584.9
1349390 585.0
1349400 585.0
1349410 585.0
1349420 586.1
1349430 588.7
1349440 588.7
1349450 590.7
1349460 591.7
1349470 591.7
1349480 592.4
1349490 593.1
1349500 593.1
1349510 593.9
1349520 594.9
1349530 594.9
1349540 596.2
1349550 597.4
1349560 597.4
1349570 598.4
1349580 599.4
1349590 599.4
1349600 600.3
1349610 601.2
1349620 601.2
1349630 602.4
1349640 604.1
1349650 604.1
1349660 605.8
1349670 607.5
1349680 607.5
1349690 609.1
1349700 610.6
1349710 612.1
1349720 612.1
1349730 613.4
1349740 614.6
1349750 614.6
1349760 615.5
1349770 616.0
1349780 616.0
1349790 616.3
1349800 616.3
1349810 616.3
1349820 616.2
1349830 616.3
1349840 616.3
1349850 616.5
1349860 616.8
1349870 616.8
1349880 617.3
1349890 617.7
1349900 617.7
1349910 618.0
1349920 618.0
1349930 618.0
1349940 617.6
1349950 617.2
1349960 617.2
1349970 616.1
1349980 615.0
1349990 615.0
1350000 614.0
1350010 614.3
1350020 614.3
1350030 615.5
1350040 617.3
1350050 618.0
1350060 618.0
1350070 618.0
1350080 617.8
1350090 617.8
1350100 617.9
1350110 619.1
1350120 619.1
1350130 620.6
1350140 620.8
1350150 620.8
1350160 621.9
1350170 623.4
1350180 623.4
1350190 625.8
1350200 628.5
1350210 628.5
1350220 630.0
1350230 630.1
1350240 630.1
1350250 630.3
1350260 630.9
1350270 630.9
1350280 631.9
1350290 632.9
1350300 632.9
1350310 633.9
1350320 634.9
1350330 634.9
1350340 635.0
1350350 635.2
1350360 635.2
1350370 635.6
1350380 635.9
1350390 636.5
1350400 636.5
1350410 637.7
1350420 639.0
1350430 639.0
1350440 640.3
1350450 641.6
1350460 641.6
1350470 643.6
1350480 645.2
1350490 645.2
1350500 645.9
1350510 647.9
1350520 647.9
1350530 650.5
1350540 651.0
1350550 651.0
1350560 650.5
1350570 650.8
1350580 650.8
1350590 651.8
1350600 653.8
1350610 653.8
1350620 656.7
1350630 659.4
1350640 659.4
1350650 662.2
1350660 665.5
1350670 665.5
1350680 669.2
1350690 673.7
1350700 673.7
1350710 678.1
1350720 682.6
1350730 684.6
1350740 684.6
1350750 686.7
1350760 687.7
1350770 687.7
1350780 688.1
1350790 688.1
1350800 688.1
1350810 689.0
1350820 690.6
1350830 690.6
1350840 696.0
1350850 696.7
1350860 696.7
1350870 700.2
1350880 706.4
1350890 706.4
1350900 707.6
1350910 706.1
1350920 706.1
1350930 704.2
1350940 701.8
1350950 701.8
1350960 698.0
1350970 696.1
1350980 696.1
1350990 696.6
1351000 699.4
1351010 699.4
1351020 705.4
1351030 708.9
1351040 708.9
1351050 712.7
1351060 717.1
1351070 720.9
1351080 720.9
1351090 723.7
1351100 724.9
1351110 724.9
1351120 726.5
1351130 728.3
1351140 728.3
1351150 729.6
1351160 731.3
1351170 731.3
1351180 733.8
1351190 736.3
1351200 736.3
1351210 738.7
1351220 743.1
1351230 743.1
1351240 747.4
1351250 750.7
1351260 750.7
1351270 754.8
1351280 758.5
1351290 758.5
1351300 759.9
1351310 759.9
1351320 759.9
1351330 758.5
1351340 758.5
1351350 758.5
1351360 761.7
1351370 766.8
1351380 766.8
1351390 772.9
1351400 775.6
1351410 775.6
1351420 776.0
1351430 775.4
1351440 775.3
1351450 775.3
1351460 776.9
1351470 779.6
1351480 779.6
1351490 784.3
1351500 787.6
1351510 787.6
1351520 790.5
1351530 793.0
1351540 793.0
1351550 795.7
1351560 798.5
1351570 798.5
1351580 801.2
1351590 803.5
1351600 803.5
1351610 805.9
1351620 808.3
1351630 808.3
1351640 811.2
1351650 813.9
1351660 813.9
1351670 816.4
1351680 818.7
1351690 818.7
1351700 821.1
1351710 823.6
1351720 823.6
1351730 826.1
1351740 829.2
1351750 829.2
1351760 832.1
1351770 836.3
1351780 841.7
1351790 841.7
1351800 842.3
1351810 846.6
1351820 846.6
1351830 848.8
1351840 849.9
1351850 849.9
1351860 851.9
1351870 855.5
1351880 855.5
1351890 860.7
1351900 866.3
1351910 866.3
1351920 871.1
1351930 875.0
1351940 875.0
1351950 876.9
1351960 877.9
1351970 877.9
1351980 879.2
1351990 881.1
1352000 881.1
1352010 883.4
1352020 885.3
1352030 885.3
1352040 887.6
1352050 891.5
1352060 891.5
1352070 897.1
1352080 903.2
1352090 903.2
1352100 911.1
1352110 915.3
1352120 916.0
1352130 916.0
1352140 917.3
1352150 921.0
1352160 921.0
1352170 924.2
1352180 925.6
1352190 925.6
1352200 927.7
1352210 932.9
1352220 932.9
1352230 938.6
1352240 942.6
1352250 942.6
1352260 945.0
1352270 947.4
1352280 947.4
1352290 949.4
1352300 949.1
1352310 949.1
1352320 949.9
1352330 957.4
1352340 957.4
1352350 965.3
1352360 970.9
1352370 970.9
1352380 980.7
1352390 990.8
1352400 990.8
1352410 994.2
1352420 993.4
1352430 993.4
1352440 993.1
1352450 995.7
1352460 999.7
1352470 999.7
1352480 1003.4
1352490 1006.4
1352500 1006.4
1352510 1008.8
1352520 1011.0
1352530 1011.0
1352540 1013.9
1352550 1018.7
1352560 1018.7
1352570 1025.1
1352580 1032.5
1352590 1032.5
1352600 1041.4
1352610 1051.3
1352620 1051.3
1352630 1059.4
1352640 1067.8
1352650 1067.8
1352660 1081.1
1352670 1102.8
1352680 1102.8
1352690 1112.0
1352700 1110.7
1352710 1110.7
1352720 1110.5
1352730 1115.9
1352740 1115.9
1352750 1126.1
1352760 1142.2
1352770 1142.2
1352780 1144.7
1352790 1147.3
1352800 1149.8
1352810 1149.8
1352820 1155.6
1352830 1159.1
1352840 1159.1
1352850 1159.8
1352860 1156.9
1352870 1156.9
1352880 1154.0
1352890 1152.3
1352900 1152.3
1352910 1151.7
1352920 1161.1
1352930 1161.1
1352940 1175.9
1352950 1192.4
1352960 1192.4
1352970 1207.0
1352980 1211.4
1352990 1211.4
1353000 1212.5
1353010 1207.0
1353020 1207.0
1353030 1204.7
1353040 1211.4
1353050 1211.4
1353060 1215.9
1353070 1214.6
1353080 1214.6
1353090 1207.3
1353100 1201.6
1353110 1201.6
1353120 1211.2
1353130 1231.0
1353140 1231.0
1353150 1240.7
1353160 1243.1
1353170 1237.4
1353180 1237.4
1353190 1235.5
1353200 1238.9
1353210 1238.9
1353220 1246.6
1353230 1246.4
1353240 1246.4
1353250 1244.8
1353260 1254.6
1353270 1254.6
1353280 1263.8
1353290 1272.0
1353300 1272.0
1353310 1280.9
1353320 1284.0
1353330 1284.0
1353340 1304.3
1353350 1327.2
1353360 1327.2
1353370 1335.3
1353380 1343.7
1353390 1343.7
1353400 1352.5
1353410 1360.1
1353420 1360.1
1353430 1363.4
1353440 1363.4
1353450 1363.4
1353460 1364.6
1353470 1364.8
1353480 1364.8
1353490 1363.7
1353500 1362.9
1353510 1363.0
1353520 1363.0
1353530 1362.2
1353540 1361.7
1353550 1361.7
1353560 1362.5
1353570 1361.5
1353580 1361.5
1353590 1361.0
1353600 1358.4
1353610 1358.4
1353620 1355.1
1353630 1352.2
1353640 1352.2
1353650 1350.3
1353660 1348.2
1353670 1348.2
1353680 1344.9
1353690 1342.4
1353700 1342.4
1353710 1342.3
1353720 1343.2
1353730 1343.2
1353740 1349.3
1353750 1350.7
1353760 1350.7
1353770 1352.4
1353780 1354.3
1353790 1354.3
1353800 1354.9
1353810 1357.1
1353820 1357.1
1353830 1360.6
1353840 1363.9
1353850 1366.8
1353860 1366.8
1353870 1370.3
1353880 1374.1
1353890 1374.1
1353900 1380.2
1353910 1390.3
1353920 1390.3
1353930 1397.5
1353940 1403.2
1353950 1403.2
1353960 1410.6
1353970 1418.1
1353980 1418.1
1353990 1425.8
1354000 1433.3
1354010 1433.3
1354020 1438.3
1354030 1440.7
1354040 1440.7
1354050 1443.1
1354060 1445.1
1354070 1445.1
1354080 1445.1
1354090 1444.0
1354100 1444.0
1354110 1443.6
1354120 1443.6
1354130 1443.6
1354140 1444.0
1354150 1443.5
1354160 1443.5
1354170 1442.6
1354180 1441.8
1354190 1441.2
1354200 1441.2
1354210 1440.7
1354220 1441.0
1354230 1441.0
1354240 1441.5
1354250 1441.9
1354260 1441.9
1354270 1441.6
1354280 1439.7
1354290 1439.7
1354300 1436.5
1354310 1432.3
1354320 1432.3
1354330 1428.4
1354340 1423.7
1354350 1423.7
1354360 1417.3
1354370 1409.9
1354380 1409.9
1354390 1405.3
1354400 1398.8
1354410 1398.8
1354420 1385.8
1354430 1374.1
1354440 1374.1
1354450 1369.4
1354460 1363.4
1354470 1363.4
1354480 1357.4
1354490 1352.7
1354500 1352.7
1354510 1346.5
1354520 1340.9
1354530 1336.2
1354540 1336.2
1354550 1334.9
1354560 1336.1
1354570 1336.1
1354580 1336.4
1354590 1335.8
1354600 1335.8
1354610 1332.2
1354620 1330.4
1354630 1330.4
1354640 1328.7
1354650 1325.2
1354660 1325.2
1354670 1322.5
1354680 1316.7
1354690 1316.7
1354700 1309.1
1354710 1301.8
1354720 1298.4
1354730 1291.6
1354740 1284.9
1354750 1284.9
1354760 1277.7
1354770 1269.3
1354780 1269.3
1354790 1261.2
1354800 1252.7
1354810 1252.7
1354820 1244.7
1354830 1237.1
1354840 1237.1
1354850 1230.4
1354860 1223.6
1354870 1216.6
1354880 1216.6
1354890 1209.6
1354900 1202.6
1354910 1202.6
1354920 1195.8
1354930 1188.8
1354940 1188.8
1354950 1181.6
1354960 1174.6
1354970 1174.6
1354980 1168.3
1354990 1162.1
1355000 1162.1
1355010 1155.9
1355020 1150.1
1355030 1150.1
1355040 1144.9
1355050 1139.3
1355060 1139.3
1355070 1133.3
1355080 1127.0
1355090 1127.0
1355100 1120.6
1355110 1114.8
1355120 1114.8
1355130 1109.0
1355140 1103.2
1355150 1103.2
1355160 1097.5
1355170 1091.9
1355180 1091.9
1355190 1086.8
1355200 1081.3
1355210 1081.3
1355220 1076.2
1355230 1071.1
1355240 1066.9
1355250 1066.9
1355260 1062.7
1355270 1057.8
1355280 1057.8
1355290 1053.3
1355300 1048.2
1355310 1048.2
1355320 1043.0
1355330 1037.4
1355340 1037.4
1355350 1031.5
1355360 1025.3
1355370 1025.3
1355380 1019.7
1355390 1013.8
1355400 1013.8
1355410 1007.2
1355420 1000.2
1355430 1000.2
1355440 993.0
1355450 986.5
1355460 986.5
1355470 980.2
1355480 974.6
1355490 974.6
1355500 970.5
1355510 967.0
1355520 967.0
1355530 962.7
1355540 955.9
1355550 955.9
1355560 947.0
1355570 934.9
1355580 924.1
1355590 924.1
1355600 916.9
1355610 913.7
1355620 913.7
1355630 909.3
1355640 904.4
1355650 904.4
1355660 900.4
1355670 897.7
1355680 897.7
1355690 895.9
1355700 896.0
1355710 887.8
1355720 886.4
1355730 883.4
1355740 883.4
1355750 880.8
1355760 880.8
1355770 880.8
1355780 880.8
1355790 877.6
1355800 877.6
1355810 876.6
1355820 875.6
1355830 875.6
1355840 870.6
1355850 867.0
1355860 867.0
1355870 867.1
1355880 867.4
1355890 867.4
1355900 863.4
1355910 859.3
1355920 854.5
1355930 854.5
1355940 850.0
1355950 846.8
1355960 846.8
1355970 843.5
1355980 840.8
1355990 840.8
1356000 838.6
1356010 838.3
1356020 838.3
1356030 837.4
1356040 836.2
1356050 836.2
1356060 835.6
1356070 835.1
1356080 835.1
1356090 834.4
1356100 833.4
1356110 833.4
1356120 832.3
1356130 831.2
1356140 831.2
1356150 830.1
1356160 828.8
1356170 828.8
1356180 827.2
1356190 825.7
1356200 825.7
1356210 824.5
1356220 823.2
1356230 823.2
1356240 821.8
1356250 820.4
1356260 819.0
1356270 819.0
1356280 816.4
1356290 813.4
1356300 813.4
1356310 812.5
1356320 811.7
1356330 811.7
1356340 809.2
1356350 804.8
1356360 804.8
1356370 800.5
1356380 797.1
1356390 797.1
1356400 794.2
1356410 791.4
1356420 791.4
1356430 788.7
1356440 786.3
1356450 786.3
1356460 784.7
1356470 783.3
1356480 783.3
1356490 781.3
1356500 779.6
1356510 779.6
1356520 781.3
1356530 781.1
1356540 781.1
1356550 780.3
1356560 779.1
1356570 779.1
1356580 777.0
1356590 773.1
1356600 768.7
1356610 768.7
1356620 765.0
1356630 761.2
1356640 761.2
1356650 757.6
1356660 754.3
1356670 754.3
1356680 751.5
1356690 749.0
1356700 748.1
1356710 745.9
1356720 743.7
1356730 743.7
1356740 740.5
1356750 737.4
1356760 737.4
1356770 733.1
1356780 727.7
1356790 727.7
1356800 723.0
1356810 719.0
1356820 719.0
1356830 714.8
1356840 711.8
1356850 711.8
1356860 713.5
1356870 713.9
1356880 713.9
1356890 712.9
1356900 711.3
1356910 711.3
1356920 709.9
1356930 708.7
1356940 706.8
1356950 706.8
1356960 703.1
1356970 698.4
1356980 698.4
1356990 693.4
1357000 689.7
1357010 689.7
1357020 689.5
1357030 689.7
1357040 689.7
1357050 689.6
1357060 689.9
1357070 689.9
1357080 689.6
1357090 688.3
1357100 688.3
1357110 686.4
1357120 684.1
1357130 684.1
1357140 680.1
1357150 672.5
1357160 672.5
1357170 663.8
1357180 656.8
1357190 656.8
1357200 656.6
1357210 658.0
1357220 658.0
1357230 659.0
1357240 657.5
1357250 657.5
1357260 656.2
1357270 654.8
1357280 654.8
1357290 653.6
1357300 653.2
1357310 654.2
1357320 654.2
1357330 660.6
1357340 662.1
1357350 662.1
1357360 661.3
1357370 660.1
1357380 660.1
1357390 660.7
1357400 661.2
1357410 661.2
1357420 661.3
1357430 660.1
1357440 660.1
1357450 657.7
1357460 655.4
1357470 655.4
1357480 653.6
1357490 651.4
1357500 651.4
1357510 648.3
1357520 644.6
1357530 644.6
1357540 640.1
1357550 635.4
1357560 635.4
1357570 631.1
1357580 626.9
1357590 626.9
1357600 625.4
1357610 625.2
1357620 625.2
1357630 624.4
1357640 623.7
1357650 623.4
1357660 623.4
1357670 625.7
1357680 626.2
1357690 626.2
1357700 626.4
1357710 626.5
1357720 626.5
1357730 626.3
1357740 624.0
1357750 624.0
1357760 622.0
1357770 621.8
1357780 621.8
1357790 621.9
1357800 621.8
1357810 621.8
1357820 621.6
1357830 621.4
1357840 621.4
1357850 621.2
1357860 621.1
1357870 621.1
1357880 621.0
1357890 620.9
1357900 620.9
1357910 621.0
1357920 621.1
1357930 621.1
1357940 621.1
1357950 621.2
1357960 621.2
1357970 621.2
1357980 620.7
1357990 619.4
1358000 619.4
1358010 618.2
1358020 617.8
1358030 617.8
1358040 618.1
1358050 618.4
1358060 618.4
1358070 618.8
1358080 619.0
1358090 619.0
1358100 619.1
1358110 619.3
1358120 619.3
1358130 619.6
1358140 619.7
1358150 619.7
1358160 619.6
1358170 619.4
1358180 619.4
1358190 619.3
1358200 619.4
1358210 619.4
1358220 619.8
1358230 620.1
1358240 620.1
1358250 620.6
1358260 621.2
1358270 621.2
1358280 621.8
1358290 622.2
1358300 622.2
1358310 622.4
1358320 622.1
1358330 621.9
1358340 621.9
1358350 622.1
1358360 622.4
1358370 622.4
1358380 622.6
1358390 622.8
1358400 622.8
1358410 623.0
1358420 623.3
1358430 623.3
1358440 623.6
1358450 623.3
1358460 623.3
1358470 623.1
1358480 623.2
1358490 623.2
1358500 623.7
1358510 624.0
1358520 624.0
1358530 623.8
1358540 623.9
1358550 623.9
1358560 624.8
1358570 624.9
1358580 624.9
1358590 625.3
1358600 625.5
1358610 625.5
1358620 625.7
1358630 625.8
1358640 625.8
1358650 626.0
1358660 626.2
1358670 626.6
1358680 626.6
1358690 627.0
1358700 627.4
1358710 627.4
1358720 627.8
1358730 627.9
1358740 627.9
1358750 628.1
1358760 628.3
1358770 628.3
1358780 628.3
1358790 625.8
1358800 625.8
1358810 622.7
1358820 622.6
1358830 622.6
1358840 622.8
1358850 622.9
1358860 622.9
1358870 623.1
1358880 623.8
1358890 623.8
1358900 623.6
1358910 623.1
1358920 623.1
1358930 624.1
1358940 624.6
1358950 624.6
1358960 624.7
1358970 624.8
1358980 624.8
1358990 624.7
1359000 624.7
1359010 624.6
1359020 624.6
1359030 624.6
1359040 624.6
1359050 624.6
1359060 624.8
1359070 624.6
1359080 624.6
1359090 624.5
1359100 624.4
1359110 624.4
1359120 624.2
1359130 623.3
1359140 623.3
1359150 622.6
1359160 622.3
1359170 622.3
1359180 622.6
1359190 623.4
1359200 623.4
1359210 623.8
1359220 624.2
1359230 624.2
1359240 624.5
1359250 624.9
1359260 624.9
1359270 625.3
1359280 625.8
1359290 625.8
1359300 626.4
1359310 627.0
1359320 627.0
1359330 627.6
1359340 628.0
1359350 628.0
1359360 628.2
1359370 628.3
1359380 628.6
1359390 628.6
1359400 629.0
1359410 629.3
1359420 629.3
1359430 629.7
1359440 630.2
1359450 630.2
1359460 630.9
1359470 631.7
1359480 631.7
1359490 632.3
1359500 632.8
1359510 632.8
1359520 633.3
1359530 633.6
1359540 633.6
1359550 633.9
1359560 634.2
1359570 634.2
1359580 634.3
1359590 634.8
1359600 634.8
1359610 634.6
1359620 634.5
1359630 634.5
1359640 634.3
1359650 635.4
1359660 635.4
1359670 638.0
1359680 642.7
1359690 642.7
1359700 645.4
1359710 645.9
1359720 646.2
1359730 646.2
1359740 646.7
1359750 647.4
1359760 647.4
1359770 647.7
1359780 648.4
1359790 648.4
1359800 648.7
1359810 648.9
1359820 648.9
1359830 649.2
1359840 649.6
1359850 649.6
1359860 650.0
1359870 650.4
1359880 650.4
1359890 650.8
1359900 651.1
1359910 651.1
1359920 651.5
1359930 651.9
1359940 651.9
1359950 652.2
1359960 652.4
1359970 652.4
1359980 652.5
1359990 652.6
