1340000 621.1
1340010 621.0
1340020 621.0
1340030 620.7
1340040 620.4
1340050 620.4
1340060 620.4
1340070 620.1
1340080 619.9
1340090 619.9
1340100 620.2
1340110 621.0
1340120 621.0
1340130 621.8
1340140 622.6
1340150 622.6
1340160 623.8
1340170 625.5
1340180 625.5
1340190 627.1
1340200 628.6
1340210 628.6
1340220 630.5
1340230 633.0
1340240 633.0
1340250 635.1
1340260 636.2
1340270 636.2
1340280 641.7
1340290 643.9
1340300 643.9
1340310 646.5
1340320 647.1
1340330 647.1
1340340 648.5
1340350 647.8
1340360 647.8
1340370 648.3
1340380 651.7
1340390 652.5
1340400 652.5
1340410 654.9
1340420 658.3
1340430 658.3
1340440 659.8
1340450 660.5
1340460 660.5
1340470 660.8
1340480 661.1
1340490 661.1
1340500 661.3
1340510 661.5
1340520 661.5
1340530 661.5
1340540 661.5
1340550 661.5
1340560 661.7
1340570 661.9
1340580 661.9
1340590 662.2
1340600 662.6
1340610 662.6
1340620 662.9
1340630 663.3
1340640 663.3
1340650 663.8
1340660 664.4
1340670 664.4
1340680 665.1
1340690 665.9
1340700 665.9
1340710 666.6
1340720 667.1
1340730 667.4
1340740 667.4
1340750 667.4
1340760 667.2
1340770 667.2
1340780 666.9
1340790 666.5
1340800 666.5
1340810 665.9
1340820 665.4
1340830 665.4
1340840 664.9
1340850 664.2
1340860 664.2
1340870 663.6
1340880 662.9
1340890 662.9
1340900 661.9
1340910 660.8
1340920 660.8
1340930 660.0
1340940 659.1
1340950 659.1
1340960 658.3
1340970 657.6
1340980 657.6
1340990 656.9
1341000 656.2
1341010 656.2
1341020 655.8
1341030 655.8
1341040 655.8
1341050 655.9
1341060 656.3
1341070 656.3
1341080 656.7
1341090 657.3
1341100 658.0
1341110 658.0
1341120 658.6
1341130 659.2
1341140 659.2
1341150 659.7
1341160 660.0
1341170 662.7
1341180 662.7
1341190 662.6
1341200 662.6
1341210 662.3
1341220 662.1
1341230 662.1
1341240 661.5
1341250 661.2
1341260 661.2
1341270 660.5
1341280 659.3
1341290 659.3
1341300 658.1
1341310 656.5
1341320 656.5
1341330 654.6
1341340 654.2
1341350 654.2
1341360 654.0
1341370 653.9
1341380 653.9
1341390 654.1
1341400 654.5
1341410 654.5
1341420 654.4
1341430 653.8
1341440 653.3
1341450 653.3
1341460 652.6
1341470 651.8
1341480 651.8
1341490 650.6
1341500 649.1
1341510 649.1
1341520 648.0
1341530 646.5
1341540 646.5
1341550 645.2
1341560 644.1
1341570 644.1
1341580 643.1
1341590 642.0
1341600 642.0
1341610 640.9
1341620 640.1
1341630 640.1
1341640 639.2
1341650 638.6
1341660 638.6
1341670 638.2
1341680 637.8
1341690 637.8
1341700 637.4
1341710 637.1
1341720 637.1
1341730 636.9
1341740 636.7
1341750 636.7
1341760 636.5
1341770 636.4
1341780 636.4
1341790 636.4
1341800 636.3
1341810 636.1
1341820 636.1
1341830 635.9
1341840 635.6
1341850 635.6
1341860 635.4
1341870 635.0
1341880 635.0
1341890 634.3
1341900 633.2
1341910 633.2
1341920 631.8
1341930 630.6
1341940 630.6
1341950 629.9
1341960 629.0
1341970 629.0
1341980 627.9
1341990 626.8
1342000 626.8
1342010 625.6
1342020 624.2
1342030 624.2
1342040 622.9
1342050 621.7
1342060 621.7
1342070 619.4
1342080 617.7
1342090 617.7
1342100 614.1
1342110 609.3
1342120 605.1
1342130 605.1
1342140 602.8
1342150 601.7
1342160 601.7
1342170 600.8
1342180 598.9
1342190 598.9
1342200 596.7
1342210 593.9
1342220 593.9
1342230 589.7
1342240 584.9
1342250 584.9
1342260 581.3
1342270 578.8
1342280 578.8
1342290 577.5
1342300 577.0
1342310 577.0
1342320 576.1
1342330 574.6
1342340 574.6
1342350 572.6
1342360 569.9
1342370 569.9
1342380 566.9
1342390 564.1
1342400 564.1
1342410 561.3
1342420 558.5
1342430 558.5
1342440 555.3
1342450 552.0
1342460 549.1
1342470 549.1
1342480 546.6
1342490 543.5
1342500 543.5
1342510 540.6
1342520 539.2
1342530 539.2
1342540 538.6
1342550 538.2
1342560 538.2
1342570 537.6
1342580 536.9
1342590 536.9
1342600 536.3
1342610 535.7
1342620 535.7
1342630 535.1
1342640 534.5
1342650 534.5
1342660 534.0
1342670 533.6
1342680 533.6
1342690 533.0
1342700 532.4
1342710 532.4
1342720 531.6
1342730 531.1
1342740 531.1
1342750 530.8
1342760 530.7
1342770 530.7
1342780 530.7
1342790 530.9
1342800 531.4
1342810 531.4
1342820 531.2
1342830 531.0
1342840 531.0
1342850 530.9
1342860 531.5
1342870 531.5
1342880 529.3
1342890 520.9
1342900 520.9
1342910 512.0
1342920 506.0
1342930 506.0
1342940 504.6
1342950 502.0
1342960 502.0
1342970 501.2
1342980 500.6
1342990 500.6
1343000 500.3
1343010 499.2
1343020 499.2
1343030 498.3
1343040 498.2
1343050 498.2
1343060 498.2
1343070 498.3
1343080 498.3
1343090 498.4
1343100 498.6
1343110 498.6
1343120 498.7
1343130 498.8
1343140 498.8
1343150 498.9
1343160 499.0
1343170 499.0
1343180 499.0
1343190 499.1
1343200 499.0
1343210 499.0
1343220 498.9
1343230 498.8
1343240 498.8
1343250 498.7
1343260 498.7
1343270 498.7
1343280 498.9
1343290 498.8
1343300 498.8
1343310 498.3
1343320 498.1
1343330 498.1
1343340 498.0
1343350 497.8
1343360 497.8
1343370 497.7
1343380 497.5
1343390 497.5
1343400 497.2
1343410 497.1
1343420 497.1
1343430 497.0
1343440 497.0
1343450 497.0
1343460 496.9
1343470 496.9
1343480 496.9
1343490 496.8
1343500 496.8
1343510 496.8
1343520 496.8
1343530 496.8
1343540 496.7
1343550 496.7
1343560 496.7
1343570 496.7
1343580 496.7
1343590 496.8
1343600 496.8
1343610 496.8
1343620 496.7
1343630 496.7
1343640 496.7
1343650 496.8
1343660 496.8
1343670 496.8
1343680 496.8
1343690 496.8
1343700 496.8
1343710 496.9
1343720 496.9
1343730 496.9
1343740 496.9
1343750 496.9
1343760 496.9
1343770 496.9
1343780 497.0
1343790 497.0
1343800 496.9
1343810 496.7
1343820 496.7
1343830 496.3
1343840 496.0
1343850 495.9
1343860 495.9
1343870 496.1
1343880 496.3
1343890 496.3
1343900 496.4
1343910 496.3
1343920 496.3
1343930 496.1
1343940 495.9
1343950 495.9
1343960 495.3
1343970 494.9
1343980 494.9
1343990 494.9
1344000 495.2
1344010 495.2
1344020 495.4
1344030 495.5
1344040 495.5
1344050 495.4
1344060 495.3
1344070 495.3
1344080 495.3
1344090 495.6
1344100 495.6
1344110 495.6
1344120 495.6
1344130 495.6
1344140 495.7
1344150 495.7
1344160 495.7
1344170 495.8
1344180 495.7
1344190 495.5
1344200 495.5
1344210 495.5
1344220 495.7
1344230 495.7
1344240 495.9
1344250 495.9
1344260 495.9
1344270 495.8
1344280 495.7
1344290 495.7
1344300 495.8
1344310 495.9
1344320 495.9
1344330 495.9
1344340 496.0
1344350 496.0
1344360 495.9
1344370 495.9
1344380 495.9
1344390 496.0
1344400 496.0
1344410 496.0
1344420 496.0
1344430 496.1
1344440 496.1
1344450 496.1
1344460 496.1
1344470 496.1
1344480 496.0
1344490 496.1
1344500 496.1
1344510 496.0
1344520 495.8
1344530 495.5
1344540 495.5
1344550 495.4
1344560 495.4
1344570 495.4
1344580 495.5
1344590 495.8
1344600 495.8
1344610 496.3
1344620 493.6
1344630 493.6
1344640 489.9
1344650 489.2
1344660 489.2
1344670 489.5
1344680 490.0
1344690 490.0
1344700 490.2
1344710 490.5
1344720 490.5
1344730 490.8
1344740 491.1
1344750 491.1
1344760 493.6
1344770 495.9
1344780 495.9
1344790 497.5
1344800 501.5
1344810 501.5
1344820 501.9
1344830 501.9
1344840 501.9
1344850 501.9
1344860 501.9
1344870 501.9
1344880 501.9
1344890 501.9
1344900 501.1
1344910 501.1
1344920 498.0
1344930 496.8
1344940 496.8
1344950 496.8
1344960 496.8
1344970 496.8
1344980 497.0
1344990 499.1
1345000 499.1
1345010 501.6
1345020 502.0
1345030 502.0
1345040 501.9
1345050 501.8
1345060 501.8
1345070 501.8
1345080 501.9
1345090 501.9
1345100 501.7
1345110 501.6
1345120 501.6
1345130 501.5
1345140 501.5
1345150 501.5
1345160 501.3
1345170 501.2
1345180 501.2
1345190 501.1
1345200 501.0
1345210 500.6
1345220 500.6
1345230 499.4
1345240 499.1
1345250 499.1
1345260 499.5
1345270 499.9
1345280 499.9
1345290 499.9
1345300 500.2
1345310 500.2
1345320 500.9
1345330 501.4
1345340 501.4
1345350 501.3
1345360 501.9
1345370 501.9
1345380 505.3
1345390 509.0
1345400 509.0
1345410 510.0
1345420 510.3
1345430 510.3
1345440 511.1
1345450 512.7
1345460 512.7
1345470 514.2
1345480 515.0
1345490 515.0
1345500 515.6
1345510 515.9
1345520 515.9
1345530 516.2
1345540 516.4
1345550 516.4
1345560 516.4
1345570 516.4
1345580 516.4
1345590 516.4
1345600 517.4
1345610 519.2
1345620 519.2
1345630 520.6
1345640 521.6
1345650 521.6
1345660 523.8
1345670 526.2
1345680 526.2
1345690 528.7
1345700 533.8
1345710 533.8
1345720 536.8
1345730 539.1
1345740 539.1
1345750 541.4
1345760 543.3
1345770 543.3
1345780 544.3
1345790 545.1
1345800 545.1
1345810 546.1
1345820 547.0
1345830 547.0
1345840 547.3
1345850 547.0
1345860 547.0
1345870 546.3
1345880 546.1
1345890 546.1
1345900 546.2
1345910 545.3
1345920 544.4
1345930 544.4
1345940 544.3
1345950 544.8
1345960 544.8
1345970 545.5
1345980 545.6
1345990 545.6
1346000 544.9
1346010 543.8
1346020 543.8
1346030 543.5
1346040 544.4
1346050 544.4
1346060 545.9
1346070 546.7
1346080 546.7
1346090 546.0
1346100 544.5
1346110 544.5
1346120 542.1
1346130 538.9
1346140 538.9
1346150 534.8
1346160 532.4
1346170 532.4
1346180 531.9
1346190 531.8
1346200 531.8
1346210 532.2
1346220 533.2
1346230 533.2
1346240 536.5
1346250 540.0
1346260 541.7
1346270 541.7
1346280 543.1
1346290 544.6
1346300 544.6
1346310 545.8
1346320 546.9
1346330 546.9
1346340 548.2
1346350 549.4
1346360 549.4
1346370 550.4
1346380 551.4
1346390 551.4
1346400 553.4
1346410 554.8
1346420 554.8
1346430 555.3
1346440 555.7
1346450 555.7
1346460 556.4
1346470 557.6
1346480 557.6
1346490 559.4
1346500 560.5
1346510 560.5
1346520 559.4
1346530 556.9
1346540 556.9
1346550 556.5
1346560 559.9
1346570 559.9
1346580 565.1
1346590 569.5
1346600 571.8
1346610 571.8
1346620 574.4
1346630 577.7
1346640 577.7
1346650 579.5
1346660 581.1
1346670 581.1
1346680 582.9
1346690 585.2
1346700 585.2
1346710 587.8
1346720 590.0
1346730 590.0
1346740 592.0
1346750 594.4
1346760 594.4
1346770 597.0
1346780 599.6
1346790 599.6
1346800 602.1
1346810 604.7
1346820 604.7
1346830 607.6
1346840 610.8
1346850 610.8
1346860 613.6
1346870 615.9
1346880 615.9
1346890 617.8
1346900 619.4
1346910 619.4
1346920 620.8
1346930 621.8
1346940 622.3
1346950 622.3
1346960 622.4
1346970 622.6
1346980 622.6
1346990 622.9
1347000 623.9
1347010 623.9
1347020 625.4
1347030 626.6
1347040 626.6
1347050 627.6
1347060 628.3
1347070 628.3
1347080 628.7
1347090 628.9
1347100 628.9
1347110 629.2
1347120 629.3
1347130 629.3
1347140 629.5
1347150 629.7
1347160 629.7
1347170 629.8
1347180 629.6
1347190 629.6
1347200 628.8
1347210 627.2
1347220 627.2
1347230 625.3
1347240 622.7
1347250 622.7
1347260 619.8
1347270 616.9
1347280 613.3
1347290 613.3
1347300 608.7
1347310 603.8
1347320 603.8
1347330 599.0
1347340 595.2
1347350 595.2
1347360 592.0
1347370 589.5
1347380 589.5
1347390 588.0
1347400 587.4
1347410 587.4
1347420 587.4
1347430 587.4
1347440 587.4
1347450 587.6
1347460 589.2
1347470 589.2
1347480 593.3
1347490 596.5
1347500 596.5
1347510 596.6
1347520 595.3
1347530 595.3
1347540 593.4
1347550 592.2
1347560 593.4
1347570 594.6
1347580 595.6
1347590 595.6
1347600 596.2
1347610 596.2
1347620 595.7
1347630 595.7
1347640 594.5
1347650 592.8
1347660 592.8
1347670 592.6
1347680 593.9
1347690 593.9
1347700 594.8
1347710 595.2
1347720 595.2
1347730 595.7
1347740 596.3
1347750 596.3
1347760 596.9
1347770 596.8
1347780 596.8
1347790 598.2
1347800 598.8
1347810 598.8
1347820 598.9
1347830 599.3
1347840 599.3
1347850 599.6
1347860 600.0
1347870 600.0
1347880 600.5
1347890 601.1
1347900 601.1
1347910 601.6
1347920 601.6
1347930 601.6
1347940 601.2
1347950 602.2
1347960 603.4
1347970 603.4
1347980 603.9
1347990 604.1
1348000 604.1
1348010 604.2
1348020 604.2
1348030 604.2
1348040 604.0
1348050 604.0
1348060 604.0
1348070 604.2
1348080 604.5
1348090 604.5
1348100 604.5
1348110 604.4
1348120 604.4
1348130 604.1
1348140 603.6
1348150 603.6
1348160 602.6
1348170 601.5
1348180 601.5
1348190 599.9
1348200 598.4
1348210 598.4
1348220 597.1
1348230 596.1
1348240 596.1
1348250 595.3
1348260 594.5
1348270 594.5
1348280 593.7
1348290 592.8
1348300 592.8
1348310 591.7
1348320 588.3
1348330 583.6
1348340 583.6
1348350 579.7
1348360 577.2
1348370 577.2
1348380 576.4
1348390 576.4
1348400 576.4
1348410 576.5
1348420 576.6
1348430 576.6
1348440 576.5
1348450 576.5
1348460 576.5
1348470 576.5
1348480 577.1
1348490 578.4
1348500 578.5
1348510 578.0
1348520 578.0
1348530 577.7
1348540 577.6
1348550 577.6
1348560 577.5
1348570 577.6
1348580 577.6
1348590 577.8
1348600 578.0
1348610 578.0
1348620 578.2
1348630 578.3
1348640 578.3
1348650 578.5
1348660 578.9
1348670 579.4
1348680 579.4
1348690 579.8
1348700 579.8
1348710 579.8
1348720 580.0
1348730 580.3
1348740 580.3
1348750 580.4
1348760 581.2
1348770 581.2
1348780 580.9
1348790 580.0
1348800 580.0
1348810 580.2
1348820 580.2
1348830 580.2
1348840 580.1
1348850 580.1
1348860 580.1
1348870 580.2
1348880 580.3
1348890 580.3
1348900 580.4
1348910 580.6
1348920 580.6
1348930 580.7
1348940 581.0
1348950 581.0
1348960 581.1
1348970 581.2
1348980 581.2
1348990 581.5
1349000 582.1
1349010 582.2
1349020 582.2
1349030 582.5
1349040 582.8
1349050 582.8
1349060 583.1
1349070 583.4
1349080 583.4
1349090 583.8
1349100 584.0
1349110 584.0
1349120 584.1
1349130 584.3
1349140 584.3
1349150 584.6
1349160 584.8
1349170 584.8
1349180 585.1
1349190 585.3
1349200 585.3
1349210 585.8
1349220 586.5
1349230 586.5
1349240 586.7
1349250 587.0
1349260 587.0
1349270 587.3
1349280 587.8
1349290 587.8
1349300 588.4
1349310 589.1
1349320 589.1
1349330 589.9
1349340 591.1
1349350 591.9
1349360 591.9
1349370 592.5
1349380 592.8
1349390 592.8
1349400 593.6
1349410 594.3
1349420 594.3
1349430 595.5
1349440 596.0
1349450 596.0
1349460 596.7
1349470 597.6
1349480 597.6
1349490 598.3
1349500 598.8
1349510 598.8
1349520 599.2
1349530 599.9
1349540 599.9
1349550 601.3
1349560 601.8
1349570 601.8
1349580 601.9
1349590 603.6
1349600 603.6
1349610 604.5
1349620 605.5
1349630 605.5
1349640 606.5
1349650 607.4
1349660 607.4
1349670 608.5
1349680 609.7
1349690 611.3
1349700 611.3
1349710 611.5
1349720 612.3
1349730 612.3
1349740 613.1
1349750 614.2
1349760 614.2
1349770 615.3
1349780 616.5
1349790 616.5
1349800 617.7
1349810 618.8
1349820 618.8
1349830 619.9
1349840 621.1
1349850 621.1
1349860 622.4
1349870 623.6
1349880 623.6
1349890 624.8
1349900 626.1
1349910 626.1
1349920 627.4
1349930 628.9
1349940 628.9
1349950 630.2
1349960 631.5
1349970 631.5
1349980 632.8
1349990 634.1
1350000 634.1
1350010 635.7
1350020 637.4
1350030 638.9
1350040 638.9
1350050 640.5
1350060 642.2
1350070 642.2
1350080 643.8
1350090 645.5
1350100 645.5
1350110 647.2
1350120 648.9
1350130 648.9
1350140 650.5
1350150 652.3
1350160 652.3
1350170 654.3
1350180 656.8
1350190 656.8
1350200 660.0
1350210 663.0
1350220 663.0
1350230 666.1
1350240 669.2
1350250 669.2
1350260 671.9
1350270 673.7
1350280 673.7
1350290 677.1
1350300 679.6
1350310 679.6
1350320 679.1
1350330 680.7
1350340 680.7
1350350 682.6
1350360 684.7
1350370 686.5
1350380 689.8
1350390 690.5
1350400 691.7
1350410 691.7
1350420 695.6
1350430 699.2
1350440 699.2
1350450 702.6
1350460 706.3
1350470 706.3
1350480 710.3
1350490 713.3
1350500 713.3
1350510 714.4
1350520 715.1
1350530 715.1
1350540 716.2
1350550 717.7
1350560 717.7
1350570 718.4
1350580 719.0
1350590 719.0
1350600 720.7
1350610 722.7
1350620 722.7
1350630 724.9
1350640 729.5
1350650 729.5
1350660 734.2
1350670 738.1
1350680 738.1
1350690 740.4
1350700 741.7
1350710 741.7
1350720 743.1
1350730 743.9
1350740 744.6
1350750 744.6
1350760 746.5
1350770 747.6
1350780 747.6
1350790 750.1
1350800 754.0
1350810 754.0
1350820 757.5
1350830 760.8
1350840 760.8
1350850 764.4
1350860 768.4
1350870 768.4
1350880 772.7
1350890 776.9
1350900 776.9
1350910 781.1
1350920 783.5
1350930 783.5
1350940 783.0
1350950 786.5
1350960 786.5
1350970 790.6
1350980 794.2
1350990 794.2
1351000 799.2
1351010 804.5
1351020 804.5
1351030 805.0
1351040 803.4
1351050 803.4
1351060 803.1
1351070 804.2
1351080 805.0
1351090 805.0
1351100 806.1
1351110 808.0
1351120 808.0
1351130 810.5
1351140 812.9
1351150 812.9
1351160 814.4
1351170 814.9
1351180 814.9
1351190 816.7
1351200 817.3
1351210 817.3
1351220 817.8
1351230 819.2
1351240 819.2
1351250 821.3
1351260 824.3
1351270 824.3
1351280 828.1
1351290 834.3
1351300 834.3
1351310 842.5
1351320 849.6
1351330 849.6
1351340 863.1
1351350 868.3
1351360 868.3
1351370 873.7
1351380 879.6
1351390 879.6
1351400 884.6
1351410 888.6
1351420 893.1
1351430 893.1
1351440 898.3
1351450 904.4
1351460 904.4
1351470 910.1
1351480 912.6
1351490 912.6
1351500 914.7
1351510 916.4
1351520 916.4
1351530 918.6
1351540 925.7
1351550 925.7
1351560 934.6
1351570 942.3
1351580 942.3
1351590 948.9
1351600 953.7
1351610 953.7
1351620 957.4
1351630 961.0
1351640 961.0
1351650 965.1
1351660 970.3
1351670 970.3
1351680 974.1
1351690 976.3
1351700 976.3
1351710 977.5
1351720 978.3
1351730 978.3
1351740 980.8
1351750 984.3
1351760 987.7
1351770 987.7
1351780 987.9
1351790 987.8
1351800 987.8
1351810 995.1
1351820 1005.0
1351830 1005.0
1351840 1015.2
1351850 1021.6
1351860 1021.6
1351870 1026.8
1351880 1030.7
1351890 1030.7
1351900 1036.2
1351910 1045.5
1351920 1045.5
1351930 1056.6
1351940 1069.1
1351950 1069.1
1351960 1083.6
1351970 1099.3
1351980 1099.3
1351990 1115.0
1352000 1129.7
1352010 1129.7
1352020 1144.1
1352030 1155.6
1352040 1155.6
1352050 1160.7
1352060 1162.5
1352070 1162.5
1352080 1163.9
1352090 1172.4
1352100 1183.7
1352110 1183.7
1352120 1192.1
1352130 1198.3
1352140 1198.3
1352150 1203.5
1352160 1206.9
1352170 1206.9
1352180 1212.0
1352190 1218.8
1352200 1218.8
1352210 1221.8
1352220 1219.5
1352230 1219.5
1352240 1218.5
1352250 1225.1
1352260 1225.1
1352270 1229.2
1352280 1228.3
1352290 1228.3
1352300 1240.1
1352310 1247.5
1352320 1247.5
1352330 1257.0
1352340 1267.0
1352350 1267.0
1352360 1270.3
1352370 1274.2
1352380 1274.2
1352390 1279.5
1352400 1285.1
1352410 1285.1
1352420 1297.2
1352430 1311.2
1352440 1321.1
1352450 1321.1
1352460 1326.2
1352470 1329.5
1352480 1329.5
1352490 1336.0
1352500 1347.1
1352510 1347.1
1352520 1359.6
1352530 1368.8
1352540 1368.8
1352550 1373.8
1352560 1381.0
1352570 1381.0
1352580 1388.8
1352590 1396.2
1352600 1396.2
1352610 1401.9
1352620 1403.8
1352630 1403.8
1352640 1406.9
1352650 1428.0
1352660 1428.0
1352670 1447.0
1352680 1455.0
1352690 1455.0
1352700 1462.6
1352710 1466.5
1352720 1466.5
1352730 1466.1
1352740 1467.3
1352750 1467.3
1352760 1468.3
1352770 1468.6
1352780 1478.7
1352790 1478.7
1352800 1488.8
1352810 1496.1
1352820 1496.1
1352830 1501.1
1352840 1506.0
1352850 1506.0
1352860 1511.2
1352870 1516.0
1352880 1516.0
1352890 1520.4
1352900 1526.3
1352910 1526.3
1352920 1532.3
1352930 1535.7
1352940 1535.7
1352950 1539.1
1352960 1543.3
1352970 1543.3
1352980 1545.5
1352990 1550.8
1353000 1550.8
1353010 1551.2
1353020 1547.1
1353030 1547.1
1353040 1547.5
1353050 1549.0
1353060 1549.0
1353070 1550.5
1353080 1553.5
1353090 1553.5
1353100 1554.4
1353110 1555.0
1353120 1555.0
1353130 1555.5
1353140 1554.0
1353150 1550.8
1353160 1550.8
1353170 1550.3
1353180 1549.7
1353190 1549.7
1353200 1553.5
1353210 1555.2
1353220 1555.2
1353230 1556.2
1353240 1551.9
1353250 1551.9
1353260 1546.8
1353270 1532.7
1353280 1532.7
1353290 1514.1
1353300 1490.4
1353310 1490.4
1353320 1479.9
1353330 1473.4
1353340 1473.4
1353350 1466.5
1353360 1460.1
1353370 1460.1
1353380 1453.1
1353390 1444.9
1353400 1444.9
1353410 1436.6
1353420 1429.3
1353430 1429.3
1353440 1422.3
1353450 1414.7
1353460 1414.7
1353470 1406.8
1353480 1399.8
1353490 1393.2
1353500 1393.2
1353510 1386.8
1353520 1381.2
1353530 1381.2
1353540 1375.6
1353550 1369.7
1353560 1369.7
1353570 1364.3
1353580 1359.1
1353590 1359.1
1353600 1354.3
1353610 1349.4
1353620 1349.4
1353630 1344.0
1353640 1337.7
1353650 1337.7
1353660 1330.7
1353670 1324.4
1353680 1324.4
1353690 1318.2
1353700 1312.2
1353710 1312.2
1353720 1307.1
1353730 1301.4
1353740 1301.4
1353750 1295.0
1353760 1287.6
1353770 1287.6
1353780 1280.3
1353790 1274.0
1353800 1274.0
1353810 1271.9
1353820 1271.7
1353830 1269.9
1353840 1269.9
1353850 1266.6
1353860 1262.0
1353870 1262.0
1353880 1254.6
1353890 1244.7
1353900 1244.7
1353910 1236.1
1353920 1227.2
1353930 1227.2
1353940 1218.2
1353950 1210.1
1353960 1210.1
1353970 1206.3
1353980 1204.1
1353990 1204.1
1354000 1202.6
1354010 1205.0
1354020 1205.0
1354030 1206.2
1354040 1207.3
1354050 1207.3
1354060 1204.7
1354070 1200.6
1354080 1200.6
1354090 1197.5
1354100 1195.1
1354110 1195.1
1354120 1192.7
1354130 1191.3
1354140 1191.3
1354150 1189.1
1354160 1185.4
1354170 1182.7
1354180 1182.7
1354190 1181.8
1354200 1180.0
1354210 1180.0
1354220 1178.0
1354230 1175.8
1354240 1175.8
1354250 1168.5
1354260 1166.4
1354270 1166.4
1354280 1164.5
1354290 1160.5
1354300 1160.5
1354310 1159.4
1354320 1159.3
1354330 1159.3
1354340 1160.4
1354350 1161.2
1354360 1161.2
1354370 1160.3
1354380 1158.7
1354390 1158.7
1354400 1156.9
1354410 1154.2
1354420 1154.2
1354430 1151.3
1354440 1148.5
1354450 1148.5
1354460 1144.6
1354470 1142.8
1354480 1142.8
1354490 1140.4
1354500 1131.9
1354510 1123.9
1354520 1123.9
1354530 1115.5
1354540 1107.6
1354550 1107.6
1354560 1100.3
1354570 1093.4
1354580 1093.4
1354590 1087.4
1354600 1084.5
1354610 1084.5
1354620 1082.0
1354630 1078.4
1354640 1078.4
1354650 1074.4
1354660 1064.1
1354670 1064.1
1354680 1052.1
1354690 1041.1
1354700 1041.1
1354710 1031.4
1354720 1022.9
1354730 1022.9
1354740 1014.9
1354750 1008.5
1354760 1008.5
1354770 1006.1
1354780 1006.5
1354790 1006.5
1354800 1010.2
1354810 1013.4
1354820 1013.4
1354830 1016.4
1354840 1021.7
1354850 1021.5
1354860 1021.5
1354870 1015.3
1354880 1019.1
1354890 1019.1
1354900 1029.0
1354910 1039.6
1354920 1039.6
1354930 1048.7
1354940 1057.3
1354950 1057.3
1354960 1063.3
1354970 1067.8
1354980 1067.8
1354990 1069.6
1355000 1068.0
1355010 1068.0
1355020 1063.2
1355030 1060.9
1355040 1060.9
1355050 1063.1
1355060 1067.0
1355070 1067.0
1355080 1069.6
1355090 1071.0
1355100 1071.0
1355110 1073.2
1355120 1077.9
1355130 1077.9
1355140 1083.5
1355150 1088.4
1355160 1088.4
1355170 1085.6
1355180 1079.4
1355190 1072.7
1355200 1072.7
1355210 1065.8
1355220 1058.7
1355230 1060.8
1355240 1054.3
1355250 1048.0
1355260 1048.0
1355270 1041.5
1355280 1034.5
1355290 1034.5
1355300 1027.3
1355310 1019.7
1355320 1019.7
1355330 1010.9
1355340 1006.0
1355350 1006.0
1355360 999.1
1355370 990.5
1355380 990.5
1355390 981.9
1355400 974.9
1355410 974.9
1355420 971.0
1355430 970.0
1355440 970.0
1355450 971.7
1355460 972.3
1355470 972.3
1355480 972.8
1355490 973.6
1355500 973.6
1355510 974.9
1355520 974.9
1355530 972.3
1355540 972.3
1355550 967.8
1355560 962.9
1355570 962.9
1355580 959.2
1355590 957.1
1355600 957.1
1355610 955.4
1355620 952.6
1355630 952.6
1355640 949.2
1355650 943.5
1355660 943.5
1355670 936.5
1355680 930.7
1355690 930.7
1355700 929.6
1355710 931.9
1355720 931.9
1355730 931.5
1355740 928.3
1355750 928.3
1355760 924.3
1355770 920.3
1355780 920.3
1355790 916.1
1355800 913.4
1355810 913.4
1355820 910.9
1355830 907.7
1355840 907.7
1355850 903.6
1355860 899.2
1355870 894.5
1355880 894.5
1355890 890.5
1355900 886.7
1355910 886.7
1355920 882.9
1355930 879.0
1355940 879.0
1355950 875.2
1355960 871.1
1355970 871.1
1355980 867.3
1355990 864.1
1356000 864.1
1356010 861.3
1356020 858.9
1356030 858.9
1356040 856.4
1356050 854.3
1356060 854.3
1356070 852.6
1356080 850.9
1356090 850.9
1356100 849.3
1356110 847.9
1356120 847.9
1356130 846.5
1356140 845.0
1356150 845.0
1356160 843.4
1356170 841.9
1356180 841.9
1356190 840.4
1356200 838.9
1356210 838.9
1356220 837.5
1356230 836.1
1356240 834.6
1356250 834.6
1356260 833.0
1356270 831.3
1356280 831.3
1356290 829.3
1356300 826.8
1356310 826.8
1356320 823.4
1356330 820.8
1356340 820.8
1356350 818.2
1356360 814.7
1356370 814.7
1356380 811.0
1356390 806.8
1356400 806.8
1356410 802.1
1356420 797.0
1356430 797.0
1356440 792.1
1356450 786.6
1356460 786.6
1356470 782.3
1356480 778.9
1356490 778.9
1356500 776.1
1356510 773.1
1356520 773.1
1356530 769.9
1356540 767.2
1356550 767.2
1356560 764.4
1356570 762.1
1356580 759.5
1356590 759.5
1356600 755.8
1356610 750.4
1356620 750.4
1356630 744.0
1356640 737.8
1356650 737.8
1356660 732.6
1356670 726.8
1356680 726.8
1356690 721.2
1356700 716.7
1356710 716.7
1356720 713.1
1356730 709.7
1356740 709.7
1356750 706.7
1356760 704.2
1356770 704.2
1356780 709.2
1356790 714.1
1356800 714.1
1356810 717.1
1356820 720.0
1356830 720.0
1356840 721.7
1356850 722.6
1356860 722.6
1356870 722.4
1356880 719.7
1356890 719.7
1356900 713.3
1356910 706.5
1356920 699.9
1356930 699.9
1356940 693.8
1356950 687.7
1356960 687.7
1356970 680.6
1356980 672.7
1356990 672.7
1357000 671.3
1357010 671.3
1357020 671.3
1357030 671.3
1357040 671.3
1357050 671.3
1357060 671.3
1357070 671.3
1357080 671.3
1357090 671.3
1357100 671.3
1357110 671.3
1357120 671.3
1357130 671.5
1357140 671.5
1357150 672.3
1357160 673.9
1357170 673.9
1357180 677.2
1357190 680.5
1357200 680.5
1357210 681.4
1357220 682.8
1357230 682.8
1357240 684.2
1357250 685.3
1357260 687.6
1357270 687.6
1357280 688.7
1357290 689.2
1357300 689.2
1357310 689.8
1357320 690.9
1357330 690.9
1357340 692.4
1357350 693.7
1357360 693.7
1357370 695.4
1357380 697.0
1357390 697.0
1357400 699.1
1357410 701.3
1357420 701.3
1357430 703.4
1357440 705.4
1357450 705.4
1357460 706.7
1357470 708.0
1357480 708.0
1357490 709.8
1357500 711.3
1357510 711.3
1357520 712.6
1357530 713.6
1357540 713.6
1357550 714.2
1357560 714.3
1357570 714.3
1357580 714.5
1357590 715.0
1357600 714.9
1357610 714.9
1357620 714.2
1357630 713.7
1357640 713.7
1357650 713.5
1357660 713.2
1357670 713.2
1357680 713.1
1357690 713.2
1357700 713.2
1357710 713.2
1357720 713.3
1357730 713.3
1357740 713.8
1357750 714.4
1357760 714.4
1357770 714.7
1357780 714.5
1357790 714.5
1357800 714.6
1357810 714.6
1357820 714.6
1357830 714.5
1357840 714.4
1357850 714.4
1357860 714.4
1357870 714.6
1357880 714.6
1357890 715.0
1357900 715.5
1357910 715.5
1357920 716.8
1357930 717.8
1357940 718.2
1357950 718.2
1357960 718.9
1357970 719.4
1357980 719.4
1357990 719.4
1358000 719.7
1358010 719.7
1358020 721.8
1358030 724.3
1358040 724.3
1358050 725.9
1358060 727.4
1358070 727.4
1358080 728.7
1358090 729.2
1358100 729.2
1358110 729.0
1358120 728.8
1358130 728.8
1358140 728.7
1358150 728.5
1358160 728.5
1358170 728.2
1358180 727.7
1358190 727.7
1358200 727.2
1358210 726.9
1358220 726.9
1358230 726.2
1358240 725.6
1358250 725.6
1358260 724.8
1358270 724.0
1358280 723.4
1358290 723.4
1358300 722.7
1358310 721.7
1358320 721.7
1358330 720.9
1358340 720.2
1358350 720.2
1358360 719.5
1358370 718.5
1358380 718.5
1358390 717.6
1358400 716.6
1358410 716.6
1358420 715.7
1358430 714.6
1358440 714.6
1358450 713.5
1358460 712.2
1358470 712.2
1358480 710.8
1358490 709.2
1358500 709.2
1358510 707.5
1358520 705.8
1358530 705.8
1358540 704.0
1358550 701.9
1358560 701.9
1358570 699.1
1358580 696.1
1358590 696.1
1358600 694.7
1358610 694.0
1358620 692.9
1358630 692.9
1358640 690.8
1358650 687.8
1358660 687.8
1358670 684.4
1358680 682.2
1358690 682.2
1358700 682.9
1358710 683.5
1358720 683.5
1358730 681.1
1358740 675.0
1358750 675.0
1358760 667.3
1358770 659.5
1358780 659.5
1358790 652.9
1358800 645.4
1358810 645.4
1358820 639.3
1358830 636.9
1358840 636.9
1358850 635.5
1358860 634.5
1358870 634.5
1358880 636.1
1358890 636.7
1358900 636.7
1358910 636.7
1358920 637.1
1358930 637.1
1358940 638.6
1358950 641.3
1358960 646.7
1358970 646.7
1358980 655.8
1358990 663.3
1359000 663.3
1359010 666.1
1359020 665.8
1359030 665.8
1359040 665.4
1359050 665.0
1359060 665.0
1359070 664.7
1359080 664.3
1359090 664.3
1359100 664.1
1359110 664.2
1359120 664.2
1359130 664.3
1359140 664.2
1359150 664.2
1359160 663.9
1359170 661.7
1359180 661.7
1359190 662.2
1359200 659.4
1359210 659.4
1359220 661.3
1359230 665.5
1359240 665.5
1359250 667.7
1359260 670.6
1359270 670.6
1359280 672.6
1359290 673.5
1359300 674.8
1359310 674.8
1359320 675.5
1359330 675.5
1359340 675.5
1359350 675.7
1359360 675.6
1359370 675.6
1359380 675.3
1359390 674.8
1359400 674.8
1359410 673.9
1359420 673.0
1359430 673.0
1359440 672.5
1359450 672.2
1359460 672.2
1359470 672.2
1359480 672.8
1359490 672.8
1359500 672.5
1359510 672.7
1359520 672.7
1359530 672.2
1359540 671.5
1359550 671.5
1359560 671.4
1359570 671.0
1359580 671.0
1359590 670.6
1359600 670.4
1359610 670.4
1359620 670.1
1359630 670.1
1359640 670.1
1359650 669.6
1359660 668.2
1359670 669.9
1359680 669.9
1359690 671.0
1359700 672.0
1359710 672.0
1359720 674.2
1359730 675.6
1359740 675.6
1359750 675.4
1359760 673.8
1359770 673.8
1359780 672.7
1359790 672.8
1359800 672.8
1359810 672.6
1359820 672.3
1359830 672.3
1359840 671.9
1359850 671.8
1359860 671.8
1359870 671.9
1359880 672.3
1359890 672.3
1359900 672.9
1359910 673.5
1359920 673.5
1359930 674.3
1359940 675.8
1359950 675.8
1359960 677.5
1359970 678.6
1359980 678.6
1359990 679.1
