1340000 587.0
1340010 587.5
1340020 587.5
1340030 586.5
1340040 585.2
1340050 585.2
1340060 583.8
1340070 581.4
1340080 581.4
1340090 579.6
1340100 577.7
1340110 577.7
1340120 575.2
1340130 573.6
1340140 573.6
1340150 572.1
1340160 571.1
1340170 571.1
1340180 570.2
1340190 569.3
1340200 568.4
1340210 568.4
1340220 567.7
1340230 567.4
1340240 567.4
1340250 567.4
1340260 567.7
1340270 567.7
1340280 567.4
1340290 566.5
1340300 566.5
1340310 565.6
1340320 564.8
1340330 564.8
1340340 563.5
1340350 562.2
1340360 562.2
1340370 561.3
1340380 560.6
1340390 560.6
1340400 560.2
1340410 559.7
1340420 559.7
1340430 559.2
1340440 558.6
1340450 558.6
1340460 558.0
1340470 557.4
1340480 557.4
1340490 557.0
1340500 556.7
1340510 556.7
1340520 556.4
1340530 556.5
1340540 556.5
1340550 556.5
1340560 556.4
1340570 556.4
1340580 556.4
1340590 556.3
1340600 556.3
1340610 556.3
1340620 556.2
1340630 556.2
1340640 556.2
1340650 556.2
1340660 556.2
1340670 556.2
1340680 556.2
1340690 556.1
1340700 556.1
1340710 556.1
1340720 556.0
1340730 556.0
1340740 556.2
1340750 556.4
1340760 556.4
1340770 556.4
1340780 556.4
1340790 556.4
1340800 556.4
1340810 556.4
1340820 556.4
1340830 556.4
1340840 556.5
1340850 556.5
1340860 557.3
1340870 558.6
1340880 558.6
1340890 561.2
1340900 564.8
1340910 569.0
1340920 569.0
1340930 572.1
1340940 573.5
1340950 573.5
1340960 576.6
1340970 579.9
1340980 579.9
1340990 582.7
1341000 586.5
1341010 586.5
1341020 591.6
1341030 596.6
1341040 596.6
1341050 601.2
1341060 605.0
1341070 605.0
1341080 606.6
1341090 606.3
1341100 606.3
1341110 605.9
1341120 605.6
1341130 605.6
1341140 605.7
1341150 605.6
1341160 605.6
1341170 605.7
1341180 605.7
1341190 605.7
1341200 606.2
1341210 606.5
1341220 606.5
1341230 606.9
1341240 607.3
1341250 607.5
1341260 607.5
1341270 607.5
1341280 607.4
1341290 607.4
1341300 607.3
1341310 607.3
1341320 607.3
1341330 607.1
1341340 606.9
1341350 606.9
1341360 606.4
1341370 604.9
1341380 604.9
1341390 600.9
1341400 594.9
1341410 594.9
1341420 588.6
1341430 584.7
1341440 584.7
1341450 583.4
1341460 584.1
1341470 584.1
1341480 587.7
1341490 592.5
1341500 592.5
1341510 600.6
1341520 606.4
1341530 606.4
1341540 607.6
1341550 607.9
1341560 607.9
1341570 608.2
1341580 608.3
1341590 608.3
1341600 608.4
1341610 608.3
1341620 608.5
1341630 608.5
1341640 608.5
1341650 608.4
1341660 608.4
1341670 608.3
1341680 609.0
1341690 609.0
1341700 609.7
1341710 610.6
1341720 610.6
1341730 611.3
1341740 611.8
1341750 611.8
1341760 611.9
1341770 612.3
1341780 612.3
1341790 613.6
1341800 614.6
1341810 614.6
1341820 616.0
1341830 617.4
1341840 617.4
1341850 618.4
1341860 619.2
1341870 619.2
1341880 619.7
1341890 620.0
1341900 620.0
1341910 621.0
1341920 622.0
1341930 622.0
1341940 622.2
1341950 622.5
1341960 623.1
1341970 623.1
1341980 623.4
1341990 623.7
1342000 623.7
1342010 623.9
1342020 624.1
1342030 624.1
1342040 624.2
1342050 624.6
1342060 624.6
1342070 624.7
1342080 624.4
1342090 624.4
1342100 624.3
1342110 623.9
1342120 623.9
1342130 623.4
1342140 622.7
1342150 622.7
1342160 622.0
1342170 621.3
1342180 621.3
1342190 620.7
1342200 620.2
1342210 620.2
1342220 619.7
1342230 619.3
1342240 619.3
1342250 618.7
1342260 617.9
1342270 617.9
1342280 617.2
1342290 615.9
1342300 614.6
1342310 614.6
1342320 613.0
1342330 611.5
1342340 611.5
1342350 610.4
1342360 609.2
1342370 609.2
1342380 607.9
1342390 606.7
1342400 606.7
1342410 605.7
1342420 605.4
1342430 605.4
1342440 605.8
1342450 606.7
1342460 606.7
1342470 608.0
1342480 609.2
1342490 609.2
1342500 610.1
1342510 610.4
1342520 610.4
1342530 610.1
1342540 610.0
1342550 610.0
1342560 609.5
1342570 609.0
1342580 608.5
1342590 608.5
1342600 608.5
1342610 608.5
1342620 608.7
1342630 608.7
1342640 608.7
1342650 608.4
1342660 607.9
1342670 607.2
1342680 607.2
1342690 606.4
1342700 605.4
1342710 605.4
1342720 604.3
1342730 603.2
1342740 603.2
1342750 602.8
1342760 602.3
1342770 602.3
1342780 601.4
1342790 600.4
1342800 600.4
1342810 599.4
1342820 598.9
1342830 598.9
1342840 599.2
1342850 600.4
1342860 600.4
1342870 601.9
1342880 603.1
1342890 603.1
1342900 603.6
1342910 603.7
1342920 603.7
1342930 603.2
1342940 602.7
1342950 602.7
1342960 602.5
1342970 602.2
1342980 602.2
1342990 601.8
1343000 601.2
1343010 600.4
1343020 600.4
1343030 599.5
1343040 598.5
1343050 598.5
1343060 597.5
1343070 596.4
1343080 596.4
1343090 595.3
1343100 594.2
1343110 594.2
1343120 593.4
1343130 592.3
1343140 592.3
1343150 591.1
1343160 589.9
1343170 589.9
1343180 588.7
1343190 587.5
1343200 587.5
1343210 586.1
1343220 584.3
1343230 584.3
1343240 582.5
1343250 580.6
1343260 580.6
1343270 578.6
1343280 576.7
1343290 576.7
1343300 574.5
1343310 572.2
1343320 572.2
1343330 569.8
1343340 567.9
1343350 565.8
1343360 565.8
1343370 563.6
1343380 561.3
1343390 561.3
1343400 558.5
1343410 553.6
1343420 553.6
1343430 548.0
1343440 542.1
1343450 542.1
1343460 536.5
1343470 531.5
1343480 528.3
1343490 524.7
1343500 522.1
1343510 522.1
1343520 519.5
1343530 517.4
1343540 517.4
1343550 513.9
1343560 503.9
1343570 503.9
1343580 496.5
1343590 495.9
1343600 495.9
1343610 495.9
1343620 495.8
1343630 495.8
1343640 495.7
1343650 495.4
1343660 495.4
1343670 494.9
1343680 494.8
1343690 494.8
1343700 494.8
1343710 494.4
1343720 492.6
1343730 492.6
1343740 489.3
1343750 487.5
1343760 487.5
1343770 487.2
1343780 487.5
1343790 487.5
1343800 488.2
1343810 488.9
1343820 488.9
1343830 489.5
1343840 490.2
1343850 490.2
1343860 491.1
1343870 491.8
1343880 491.8
1343890 492.2
1343900 492.5
1343910 492.5
1343920 493.5
1343930 494.3
1343940 494.3
1343950 494.1
1343960 493.9
1343970 493.9
1343980 493.6
1343990 493.5
1344000 493.5
1344010 493.5
1344020 493.4
1344030 493.4
1344040 493.4
1344050 493.3
1344060 493.2
1344070 493.2
1344080 493.2
1344090 493.2
1344100 493.2
1344110 493.1
1344120 492.9
1344130 492.9
1344140 492.9
1344150 492.8
1344160 492.8
1344170 492.8
1344180 492.7
1344190 492.7
1344200 492.9
1344210 493.5
1344220 493.5
1344230 494.2
1344240 494.7
1344250 494.7
1344260 494.7
1344270 494.6
1344280 494.6
1344290 494.7
1344300 494.6
1344310 494.6
1344320 494.7
1344330 494.7
1344340 494.7
1344350 494.7
1344360 494.7
1344370 494.7
1344380 494.7
1344390 494.6
1344400 494.7
1344410 494.7
1344420 494.7
1344430 494.7
1344440 494.7
1344450 494.6
1344460 494.3
1344470 494.3
1344480 493.7
1344490 493.1
1344500 493.1
1344510 492.9
1344520 492.8
1344530 492.8
1344540 492.7
1344550 492.7
1344560 492.7
1344570 492.6
1344580 492.5
1344590 492.5
1344600 492.4
1344610 492.2
1344620 492.2
1344630 492.1
1344640 492.2
1344650 492.2
1344660 492.4
1344670 492.5
1344680 492.5
1344690 492.5
1344700 492.5
1344710 492.5
1344720 492.5
1344730 492.5
1344740 492.5
1344750 492.5
1344760 492.5
1344770 492.3
1344780 492.3
1344790 492.1
1344800 492.0
1344810 492.0
1344820 492.1
1344830 492.3
1344840 492.3
1344850 492.5
1344860 492.6
1344870 492.6
1344880 492.6
1344890 492.6
1344900 492.6
1344910 492.7
1344920 492.7
1344930 492.7
1344940 492.7
1344950 492.8
1344960 492.8
1344970 492.8
1344980 492.7
1344990 492.7
1345000 492.7
1345010 492.5
1345020 492.5
1345030 492.5
1345040 492.0
1345050 492.0
1345060 492.1
1345070 490.6
1345080 490.6
1345090 488.8
1345100 487.7
1345110 487.0
1345120 487.0
1345130 486.9
1345140 486.9
1345150 486.9
1345160 487.0
1345170 487.2
1345180 487.2
1345190 487.4
1345200 487.6
1345210 487.6
1345220 487.7
1345230 487.5
1345240 487.5
1345250 487.7
1345260 489.8
1345270 489.8
1345280 492.3
1345290 493.2
1345300 493.2
1345310 492.8
1345320 492.1
1345330 492.1
1345340 491.8
1345350 491.7
1345360 491.7
1345370 491.7
1345380 492.0
1345390 492.0
1345400 492.2
1345410 492.1
1345420 492.1
1345430 492.1
1345440 492.0
1345450 491.9
1345460 491.9
1345470 491.8
1345480 491.6
1345490 491.6
1345500 491.3
1345510 491.1
1345520 491.1
1345530 491.0
1345540 491.1
1345550 491.1
1345560 491.2
1345570 491.4
1345580 491.4
1345590 491.4
1345600 491.2
1345610 491.2
1345620 491.2
1345630 491.3
1345640 491.3
1345650 491.4
1345660 491.4
1345670 491.4
1345680 491.4
1345690 491.5
1345700 491.5
1345710 491.6
1345720 491.4
1345730 491.4
1345740 491.5
1345750 491.6
1345760 491.6
1345770 491.5
1345780 491.4
1345790 491.6
1345800 491.6
1345810 491.6
1345820 491.5
1345830 491.5
1345840 491.4
1345850 491.4
1345860 491.4
1345870 491.3
1345880 491.2
1345890 491.2
1345900 491.0
1345910 490.6
1345920 490.6
1345930 490.6
1345940 490.9
1345950 490.9
1345960 491.0
1345970 491.0
1345980 491.0
1345990 491.0
1346000 491.1
1346010 491.1
1346020 491.6
1346030 491.3
1346040 491.3
1346050 490.8
1346060 490.8
1346070 490.8
1346080 491.4
1346090 488.8
1346100 488.8
1346110 487.4
1346120 487.3
1346130 487.4
1346140 487.4
1346150 487.4
1346160 487.3
1346170 487.3
1346180 487.4
1346190 487.4
1346200 487.4
1346210 487.5
1346220 490.2
1346230 489.9
1346240 491.5
1346250 491.5
1346260 491.5
1346270 493.3
1346280 493.4
1346290 493.4
1346300 493.4
1346310 493.3
1346320 493.3
1346330 493.3
1346340 493.4
1346350 493.4
1346360 493.4
1346370 493.4
1346380 493.4
1346390 493.4
1346400 493.6
1346410 493.6
1346420 493.8
1346430 493.8
1346440 493.8
1346450 493.8
1346460 493.8
1346470 493.8
1346480 493.7
1346490 493.7
1346500 493.7
1346510 493.7
1346520 493.7
1346530 493.5
1346540 493.5
1346550 493.8
1346560 495.3
1346570 495.3
1346580 495.5
1346590 495.6
1346600 495.6
1346610 495.6
1346620 495.5
1346630 495.5
1346640 495.5
1346650 495.5
1346660 495.5
1346670 494.8
1346680 493.2
1346690 493.2
1346700 492.9
1346710 493.0
1346720 493.0
1346730 493.2
1346740 493.3
1346750 493.3
1346760 493.3
1346770 493.3
1346780 493.3
1346790 493.3
1346800 493.1
1346810 493.1
1346820 492.9
1346830 492.9
1346840 493.1
1346850 493.1
1346860 493.0
1346870 492.8
1346880 492.8
1346890 492.7
1346900 492.6
1346910 492.6
1346920 492.4
1346930 492.4
1346940 492.4
1346950 492.5
1346960 492.5
1346970 492.5
1346980 492.5
1346990 493.0
1347000 493.0
1347010 495.3
1347020 499.1
1347030 499.1
1347040 503.2
1347050 508.1
1347060 508.1
1347070 511.8
1347080 512.8
1347090 512.8
1347100 513.0
1347110 513.1
1347120 513.1
1347130 513.3
1347140 513.6
1347150 513.6
1347160 516.4
1347170 519.6
1347180 524.1
1347190 524.1
1347200 528.8
1347210 532.4
1347220 532.4
1347230 536.7
1347240 541.0
1347250 541.0
1347260 544.6
1347270 547.5
1347280 547.5
1347290 549.9
1347300 552.4
1347310 552.4
1347320 554.9
1347330 556.3
1347340 556.3
1347350 558.0
1347360 558.9
1347370 558.9
1347380 559.8
1347390 561.3
1347400 561.3
1347410 562.5
1347420 562.6
1347430 562.6
1347440 563.9
1347450 565.0
1347460 565.0
1347470 565.2
1347480 565.3
1347490 565.3
1347500 565.7
1347510 567.2
1347520 567.2
1347530 568.1
1347540 569.1
1347550 570.2
1347560 570.2
1347570 571.4
1347580 572.2
1347590 572.2
1347600 572.0
1347610 571.3
1347620 571.3
1347630 570.2
1347640 569.2
1347650 569.2
1347660 567.9
1347670 566.6
1347680 566.6
1347690 566.2
1347700 568.6
1347710 568.6
1347720 572.8
1347730 576.6
1347740 576.6
1347750 580.2
1347760 583.0
1347770 583.0
1347780 583.7
1347790 583.9
1347800 583.9
1347810 584.7
1347820 586.1
1347830 586.1
1347840 587.3
1347850 587.9
1347860 587.9
1347870 588.4
1347880 589.3
1347890 591.6
1347900 591.6
1347910 595.0
1347920 598.6
1347930 598.6
1347940 601.1
1347950 602.7
1347960 602.7
1347970 604.2
1347980 605.6
1347990 605.6
1348000 607.0
1348010 608.2
1348020 608.2
1348030 609.4
1348040 610.4
1348050 610.4
1348060 611.4
1348070 612.5
1348080 612.5
1348090 614.3
1348100 614.8
1348110 614.8
1348120 614.4
1348130 613.9
1348140 613.9
1348150 614.4
1348160 614.9
1348170 614.9
1348180 614.2
1348190 612.8
1348200 612.8
1348210 611.3
1348220 610.1
1348230 609.3
1348240 609.3
1348250 608.7
1348260 607.6
1348270 607.6
1348280 606.3
1348290 605.4
1348300 605.4
1348310 605.4
1348320 606.0
1348330 606.0
1348340 606.8
1348350 607.0
1348360 607.0
1348370 606.1
1348380 605.4
1348390 605.4
1348400 604.6
1348410 604.6
1348420 604.6
1348430 604.9
1348440 604.4
1348450 604.4
1348460 601.3
1348470 598.2
1348480 598.2
1348490 600.3
1348500 599.5
1348510 599.5
1348520 595.7
1348530 594.8
1348540 594.8
1348550 596.8
1348560 596.5
1348570 596.5
1348580 593.6
1348590 589.4
1348600 585.8
1348610 585.8
1348620 580.9
1348630 574.7
1348640 574.7
1348650 567.9
1348660 559.2
1348670 559.2
1348680 548.6
1348690 538.6
1348700 538.6
1348710 535.6
1348720 537.4
1348730 537.4
1348740 540.2
1348750 544.5
1348760 544.5
1348770 547.1
1348780 549.1
1348790 549.1
1348800 552.0
1348810 555.2
1348820 555.2
1348830 558.5
1348840 563.7
1348850 563.7
1348860 566.1
1348870 569.4
1348880 569.4
1348890 574.0
1348900 581.3
1348910 581.3
1348920 587.7
1348930 594.1
1348940 600.7
1348950 600.7
1348960 607.8
1348970 615.2
1348980 615.2
1348990 618.9
1349000 618.5
1349010 618.5
1349020 619.2
1349030 617.5
1349040 617.5
1349050 617.1
1349060 615.8
1349070 615.8
1349080 613.0
1349090 611.6
1349100 611.6
1349110 614.2
1349120 618.3
1349130 618.3
1349140 619.4
1349150 620.1
1349160 620.1
1349170 621.3
1349180 622.7
1349190 622.7
1349200 624.4
1349210 626.0
1349220 626.0
1349230 627.2
1349240 628.2
1349250 628.2
1349260 629.2
1349270 630.4
1349280 631.4
1349290 631.4
1349300 632.1
1349310 632.4
1349320 632.4
1349330 632.4
1349340 632.0
1349350 632.0
1349360 631.5
1349370 631.1
1349380 631.1
1349390 630.9
1349400 630.7
1349410 630.7
1349420 630.7
1349430 630.9
1349440 630.9
1349450 631.0
1349460 631.0
1349470 631.0
1349480 631.2
1349490 631.3
1349500 631.3
1349510 631.0
1349520 630.1
1349530 630.1
1349540 629.0
1349550 627.4
1349560 627.4
1349570 626.4
1349580 626.5
1349590 626.5
1349600 626.9
1349610 626.6
1349620 626.1
1349630 626.1
1349640 625.8
1349650 625.6
1349660 625.6
1349670 625.6
1349680 625.8
1349690 625.8
1349700 626.0
1349710 625.6
1349720 625.6
1349730 624.2
1349740 622.4
1349750 622.4
1349760 620.7
1349770 619.7
1349780 619.7
1349790 619.0
1349800 617.4
1349810 617.4
1349820 616.8
1349830 616.7
1349840 616.7
1349850 616.6
1349860 616.5
1349870 616.5
1349880 617.1
1349890 618.7
1349900 618.7
1349910 621.0
1349920 623.0
1349930 623.0
1349940 624.1
1349950 624.2
1349960 624.2
1349970 623.9
1349980 622.1
1349990 621.9
1350000 621.9
1350010 621.8
1350020 621.9
1350030 621.9
1350040 622.1
1350050 621.9
1350060 621.9
1350070 621.5
1350080 621.2
1350090 621.2
1350100 621.4
1350110 621.8
1350120 621.8
1350130 622.1
1350140 622.2
1350150 622.2
1350160 622.3
1350170 622.6
1350180 622.6
1350190 622.6
1350200 622.4
1350210 622.4
1350220 621.6
1350230 620.4
1350240 620.4
1350250 619.5
1350260 619.1
1350270 619.1
1350280 619.0
1350290 618.9
1350300 618.9
1350310 618.6
1350320 617.6
1350330 616.4
1350340 616.4
1350350 615.4
1350360 615.1
1350370 615.1
1350380 614.9
1350390 614.6
1350400 614.6
1350410 613.3
1350420 611.2
1350430 611.2
1350440 610.1
1350450 608.9
1350460 608.9
1350470 608.3
1350480 608.4
1350490 608.4
1350500 607.7
1350510 607.1
1350520 607.1
1350530 606.5
1350540 606.4
1350550 606.4
1350560 606.6
1350570 607.2
1350580 607.2
1350590 608.2
1350600 609.4
1350610 609.4
1350620 610.4
1350630 610.2
1350640 610.2
1350650 608.6
1350660 607.5
1350670 607.1
1350680 607.1
1350690 608.0
1350700 611.2
1350710 611.2
1350720 615.0
1350730 615.9
1350740 615.9
1350750 616.2
1350760 616.4
1350770 616.4
1350780 616.7
1350790 617.1
1350800 617.1
1350810 618.1
1350820 617.3
1350830 617.3
1350840 616.4
1350850 616.0
1350860 616.0
1350870 615.3
1350880 615.1
1350890 615.1
1350900 615.2
1350910 615.4
1350920 615.4
1350930 615.9
1350940 616.2
1350950 616.2
1350960 616.6
1350970 617.2
1350980 617.2
1350990 617.9
1351000 618.5
1351010 618.5
1351020 619.1
1351030 619.8
1351040 620.3
1351050 620.3
1351060 620.8
1351070 621.4
1351080 621.4
1351090 621.9
1351100 622.6
1351110 622.6
1351120 623.3
1351130 624.0
1351140 624.0
1351150 624.9
1351160 625.6
1351170 625.6
1351180 626.3
1351190 627.0
1351200 627.0
1351210 627.8
1351220 628.6
1351230 628.6
1351240 629.3
1351250 629.7
1351260 629.7
1351270 630.6
1351280 631.6
1351290 631.6
1351300 632.9
1351310 633.0
1351320 633.0
1351330 633.6
1351340 635.1
1351350 635.1
1351360 636.6
1351370 637.6
1351380 638.7
1351390 638.7
1351400 639.8
1351410 640.9
1351420 640.9
1351430 642.3
1351440 644.0
1351450 644.0
1351460 645.1
1351470 646.5
1351480 646.5
1351490 647.7
1351500 648.8
1351510 648.8
1351520 650.1
1351530 651.6
1351540 651.6
1351550 653.3
1351560 654.7
1351570 654.7
1351580 656.7
1351590 658.3
1351600 658.3
1351610 659.9
1351620 661.8
1351630 661.8
1351640 663.6
1351650 665.7
1351660 665.7
1351670 668.3
1351680 670.3
1351690 670.3
1351700 671.9
1351710 672.9
1351720 674.1
1351730 674.1
1351740 675.9
1351750 677.6
1351760 677.6
1351770 679.3
1351780 680.9
1351790 680.9
1351800 682.9
1351810 685.0
1351820 685.0
1351830 686.6
1351840 687.8
1351850 687.8
1351860 688.7
1351870 689.5
1351880 689.5
1351890 692.6
1351900 694.1
1351910 694.1
1351920 695.6
1351930 696.6
1351940 696.6
1351950 697.4
1351960 698.6
1351970 698.6
1351980 699.5
1351990 700.2
1352000 700.2
1352010 700.8
1352020 701.9
1352030 701.9
1352040 703.2
1352050 704.1
1352060 704.7
1352070 704.7
1352080 706.8
1352090 711.0
1352100 711.0
1352110 715.6
1352120 717.7
1352130 717.7
1352140 718.4
1352150 718.9
1352160 718.9
1352170 720.0
1352180 720.6
1352190 720.6
1352200 721.0
1352210 721.4
1352220 721.4
1352230 722.4
1352240 724.3
1352250 724.3
1352260 727.4
1352270 732.2
1352280 732.2
1352290 737.3
1352300 742.9
1352310 742.9
1352320 748.7
1352330 754.5
1352340 754.5
1352350 761.1
1352360 767.3
1352370 767.3
1352380 771.9
1352390 775.5
1352400 775.5
1352410 777.8
1352420 778.1
1352430 777.3
1352440 777.3
1352450 777.4
1352460 778.5
1352470 778.5
1352480 779.4
1352490 781.7
1352500 781.7
1352510 785.9
1352520 790.3
1352530 790.3
1352540 794.6
1352550 797.2
1352560 797.2
1352570 798.3
1352580 797.0
1352590 797.0
1352600 795.8
1352610 794.9
1352620 794.9
1352630 796.2
1352640 797.8
1352650 797.8
1352660 798.0
1352670 795.5
1352680 795.5
1352690 791.5
1352700 788.8
1352710 788.8
1352720 788.8
1352730 790.5
1352740 790.5
1352750 793.2
1352760 794.2
1352770 795.1
1352780 795.1
1352790 798.0
1352800 802.1
1352810 802.1
1352820 806.4
1352830 811.3
1352840 811.3
1352850 812.8
1352860 817.0
1352870 817.0
1352880 821.1
1352890 825.0
1352900 825.0
1352910 829.0
1352920 835.2
1352930 835.2
1352940 843.2
1352950 851.8
1352960 851.8
1352970 859.7
1352980 866.4
1352990 866.4
1353000 872.6
1353010 878.4
1353020 878.4
1353030 885.3
1353040 892.1
1353050 892.1
1353060 898.4
1353070 905.2
1353080 905.2
1353090 912.9
1353100 921.1
1353110 928.9
1353120 928.9
1353130 936.2
1353140 943.2
1353150 943.2
1353160 950.3
1353170 958.0
1353180 958.0
1353190 965.3
1353200 973.2
1353210 973.2
1353220 981.0
1353230 988.8
1353240 988.8
1353250 997.1
1353260 1004.5
1353270 1004.5
1353280 1011.3
1353290 1017.3
1353300 1017.3
1353310 1020.6
1353320 1020.6
1353330 1020.6
1353340 1019.1
1353350 1018.2
1353360 1018.2
1353370 1020.0
1353380 1021.7
1353390 1021.7
1353400 1023.6
1353410 1026.6
1353420 1026.6
1353430 1029.9
1353440 1033.8
1353450 1033.8
1353460 1038.6
1353470 1043.8
1353480 1048.9
1353490 1048.9
1353500 1053.8
1353510 1058.5
1353520 1058.5
1353530 1063.5
1353540 1068.9
1353550 1068.9
1353560 1074.3
1353570 1079.4
1353580 1079.4
1353590 1084.8
1353600 1090.1
1353610 1090.1
1353620 1094.7
1353630 1098.0
1353640 1098.0
1353650 1100.9
1353660 1103.7
1353670 1103.7
1353680 1106.7
1353690 1110.2
1353700 1110.2
1353710 1114.5
1353720 1119.4
1353730 1119.4
1353740 1125.0
1353750 1131.9
1353760 1131.9
1353770 1140.5
1353780 1147.6
1353790 1147.6
1353800 1153.8
1353810 1159.9
1353820 1165.7
1353830 1166.9
1353840 1173.1
1353850 1179.9
1353860 1179.9
1353870 1187.1
1353880 1194.8
1353890 1194.8
1353900 1207.6
1353910 1214.6
1353920 1214.6
1353930 1215.2
1353940 1211.9
1353950 1211.9
1353960 1207.5
1353970 1210.5
1353980 1210.5
1353990 1216.0
1354000 1223.0
1354010 1223.0
1354020 1230.9
1354030 1238.0
1354040 1238.0
1354050 1243.3
1354060 1246.9
1354070 1246.9
1354080 1248.8
1354090 1244.2
1354100 1244.2
1354110 1240.6
1354120 1239.2
1354130 1239.2
1354140 1248.3
1354150 1256.4
1354160 1259.5
1354170 1259.5
1354180 1260.7
1354190 1262.4
1354200 1262.4
1354210 1264.0
1354220 1265.5
1354230 1265.5
1354240 1272.6
1354250 1280.7
1354260 1280.7
1354270 1285.0
1354280 1286.2
1354290 1286.2
1354300 1286.5
1354310 1288.4
1354320 1288.4
1354330 1291.8
1354340 1297.6
1354350 1297.6
1354360 1309.6
1354370 1321.0
1354380 1321.0
1354390 1327.8
1354400 1330.5
1354410 1330.5
1354420 1339.4
1354430 1356.4
1354440 1356.4
1354450 1366.0
1354460 1371.9
1354470 1371.9
1354480 1368.2
1354490 1359.7
1354500 1368.5
1354510 1368.5
1354520 1375.9
1354530 1383.5
1354540 1383.5
1354550 1389.8
1354560 1391.1
1354570 1391.1
1354580 1391.9
1354590 1392.0
1354600 1392.0
1354610 1394.0
1354620 1395.7
1354630 1395.7
1354640 1393.6
1354650 1387.3
1354660 1387.3
1354670 1382.4
1354680 1376.4
1354690 1376.4
1354700 1370.1
1354710 1364.9
1354720 1364.9
1354730 1361.8
1354740 1362.6
1354750 1362.6
1354760 1361.5
1354770 1357.7
1354780 1357.7
1354790 1352.9
1354800 1347.9
1354810 1353.2
1354820 1348.6
1354830 1346.2
1354840 1346.2
1354850 1339.6
1354860 1327.4
1354870 1313.4
1354880 1313.4
1354890 1299.3
1354900 1281.2
1354910 1281.2
1354920 1262.1
1354930 1241.0
1354940 1241.0
1354950 1231.1
1354960 1223.7
1354970 1223.7
1354980 1215.2
1354990 1205.2
1355000 1205.2
1355010 1196.3
1355020 1191.5
1355030 1191.5
1355040 1187.0
1355050 1182.4
1355060 1182.4
1355070 1179.5
1355080 1177.5
1355090 1177.5
1355100 1172.3
1355110 1166.0
1355120 1166.0
1355130 1159.6
1355140 1155.6
1355150 1155.6
1355160 1154.3
1355170 1151.8
1355180 1151.8
1355190 1145.7
1355200 1139.4
1355210 1132.6
1355220 1132.6
1355230 1126.2
1355240 1119.2
1355250 1119.2
1355260 1111.5
1355270 1103.9
1355280 1103.9
1355290 1096.2
1355300 1087.3
1355310 1087.3
1355320 1079.1
1355330 1070.6
1355340 1070.6
1355350 1060.7
1355360 1049.5
1355370 1049.5
1355380 1037.8
1355390 1028.3
1355400 1028.3
1355410 1019.6
1355420 1011.2
1355430 1011.2
1355440 1002.8
1355450 994.9
1355460 994.9
1355470 987.0
1355480 978.2
1355490 978.2
1355500 964.1
1355510 956.7
1355520 956.7
1355530 947.8
1355540 939.7
1355550 933.3
1355560 933.3
1355570 923.2
1355580 906.3
1355590 906.3
1355600 892.7
1355610 884.1
1355620 884.1
1355630 876.1
1355640 867.9
1355650 867.9
1355660 860.4
1355670 853.0
1355680 853.0
1355690 846.2
1355700 839.7
1355710 839.7
1355720 833.9
1355730 828.1
1355740 828.1
1355750 822.2
1355760 815.5
1355770 815.5
1355780 809.4
1355790 803.5
1355800 805.5
1355810 799.6
1355820 793.8
1355830 793.8
1355840 788.5
1355850 784.6
1355860 784.6
1355870 779.0
1355880 774.0
1355890 774.0
1355900 770.2
1355910 767.4
1355920 764.8
1355930 764.8
1355940 762.3
1355950 759.9
1355960 759.9
1355970 757.5
1355980 753.7
1355990 753.7
1356000 747.0
1356010 743.2
1356020 743.2
1356030 744.6
1356040 745.0
1356050 745.0
1356060 739.7
1356070 734.9
1356080 734.9
1356090 730.2
1356100 732.0
1356110 732.0
1356120 734.7
1356130 738.2
1356140 738.2
1356150 739.8
1356160 739.6
1356170 739.6
1356180 739.4
1356190 739.4
1356200 739.4
1356210 739.3
1356220 739.2
1356230 739.2
1356240 739.1
1356250 738.9
1356260 738.7
1356270 738.7
1356280 738.7
1356290 738.4
1356300 738.4
1356310 738.0
1356320 737.4
1356330 737.4
1356340 736.4
1356350 735.0
1356360 735.0
1356370 733.3
1356380 730.8
1356390 730.8
1356400 727.8
1356410 724.9
1356420 724.9
1356430 722.0
1356440 719.1
1356450 719.1
1356460 715.9
1356470 712.6
1356480 712.6
1356490 709.9
1356500 707.6
1356510 707.6
1356520 705.3
1356530 703.5
1356540 703.5
1356550 702.1
1356560 700.9
1356570 700.9
1356580 700.1
1356590 699.5
1356600 698.5
1356610 698.5
1356620 697.2
1356630 695.9
1356640 695.9
1356650 694.4
1356660 693.1
1356670 693.1
1356680 691.7
1356690 690.6
1356700 690.6
1356710 689.2
1356720 687.5
1356730 687.5
1356740 685.5
1356750 683.3
1356760 683.3
1356770 681.0
1356780 678.6
1356790 678.6
1356800 677.2
1356810 674.4
1356820 674.4
1356830 671.5
1356840 668.6
1356850 668.6
1356860 666.0
1356870 663.5
1356880 663.5
1356890 660.6
1356900 656.2
1356910 656.2
1356920 651.9
1356930 648.1
1356940 645.3
1356950 645.3
1356960 642.0
1356970 639.0
1356980 639.0
1356990 638.3
1357000 638.4
1357010 638.4
1357020 637.2
1357030 635.9
1357040 635.9
1357050 634.2
1357060 632.4
1357070 632.4
1357080 630.6
1357090 628.7
1357100 628.7
1357110 627.2
1357120 625.5
1357130 625.5
1357140 618.3
1357150 611.1
1357160 611.1
1357170 605.9
1357180 605.0
1357190 605.0
1357200 604.7
1357210 603.3
1357220 603.3
1357230 603.1
1357240 603.0
1357250 603.0
1357260 602.8
1357270 602.3
1357280 602.3
1357290 601.6
1357300 601.2
1357310 598.6
1357320 598.6
1357330 596.5
1357340 601.4
1357350 601.4
1357360 608.0
1357370 611.9
1357380 611.9
1357390 616.6
1357400 620.3
1357410 620.3
1357420 622.8
1357430 626.4
1357440 626.4
1357450 630.7
1357460 634.8
1357470 634.8
1357480 638.4
1357490 641.5
1357500 641.5
1357510 644.0
1357520 647.0
1357530 647.0
1357540 650.4
1357550 652.9
1357560 652.9
1357570 654.1
1357580 655.2
1357590 655.2
1357600 656.3
1357610 657.4
1357620 657.4
1357630 658.9
1357640 661.1
1357650 664.0
1357660 664.0
1357670 667.5
1357680 671.0
1357690 671.0
1357700 673.3
1357710 675.4
1357720 675.4
1357730 677.6
1357740 679.7
1357750 679.7
1357760 681.8
1357770 683.8
1357780 683.8
1357790 685.8
1357800 683.5
1357810 683.5
1357820 685.6
1357830 687.2
1357840 687.2
1357850 688.9
1357860 690.4
1357870 690.4
1357880 692.0
1357890 693.9
1357900 693.9
1357910 695.5
1357920 697.4
1357930 697.4
1357940 699.6
1357950 701.4
1357960 701.4
1357970 703.8
1357980 705.6
1357990 708.0
1358000 708.0
1358010 709.3
1358020 710.7
1358030 710.7
1358040 713.0
1358050 713.8
1358060 713.8
1358070 714.3
1358080 715.5
1358090 715.5
1358100 717.3
1358110 719.0
1358120 719.0
1358130 720.2
1358140 720.9
1358150 720.9
1358160 723.2
1358170 724.6
1358180 724.6
1358190 724.8
1358200 725.5
1358210 725.5
1358220 724.7
1358230 724.3
1358240 724.3
1358250 726.0
1358260 724.8
1358270 724.8
1358280 723.0
1358290 721.8
1358300 721.8
1358310 719.7
1358320 717.9
1358330 720.8
1358340 720.8
1358350 728.4
1358360 735.7
1358370 735.7
1358380 742.5
1358390 747.1
1358400 747.1
1358410 749.0
1358420 749.6
1358430 749.6
1358440 750.4
1358450 751.2
1358460 751.2
1358470 752.2
1358480 753.1
1358490 753.1
1358500 754.0
1358510 754.9
1358520 754.9
1358530 755.8
1358540 756.8
1358550 756.8
1358560 758.4
1358570 759.7
1358580 759.7
1358590 759.6
1358600 759.7
1358610 759.7
1358620 761.8
1358630 763.3
1358640 763.3
1358650 763.6
1358660 762.8
1358670 762.8
1358680 762.7
1358690 763.4
1358700 763.4
1358710 763.4
1358720 763.5
1358730 760.6
1358740 760.6
1358750 763.3
1358760 768.4
1358770 768.4
1358780 771.3
1358790 771.7
1358800 771.7
1358810 769.3
1358820 764.6
1358830 764.6
1358840 770.6
1358850 773.7
1358860 773.7
1358870 776.0
1358880 777.3
1358890 777.3
1358900 776.8
1358910 775.3
1358920 775.3
1358930 776.4
1358940 781.0
1358950 781.0
1358960 785.4
1358970 787.0
1358980 787.0
1358990 789.0
1359000 790.8
1359010 790.8
1359020 792.6
1359030 794.4
1359040 796.2
1359050 796.2
1359060 797.8
1359070 798.9
1359080 798.9
1359090 801.0
1359100 802.9
1359110 802.9
1359120 804.2
1359130 806.0
1359140 806.0
1359150 807.6
1359160 808.9
1359170 808.9
1359180 810.2
1359190 811.9
1359200 811.9
1359210 813.8
1359220 815.7
1359230 815.7
1359240 817.1
1359250 819.0
1359260 819.0
1359270 820.6
1359280 821.6
1359290 821.6
1359300 822.0
1359310 822.7
1359320 822.7
1359330 823.0
1359340 823.3
1359350 823.3
1359360 823.1
1359370 823.6
1359380 823.6
1359390 823.6
1359400 822.9
1359410 824.7
1359420 824.7
1359430 826.3
1359440 825.9
1359450 825.9
1359460 825.2
1359470 825.2
1359480 825.2
1359490 825.2
1359500 825.2
1359510 825.2
1359520 826.0
1359530 826.6
1359540 826.6
1359550 826.9
1359560 827.3
1359570 827.3
1359580 827.4
1359590 826.8
1359600 826.8
1359610 826.6
1359620 826.5
1359630 826.5
1359640 826.2
1359650 825.9
1359660 825.9
1359670 825.5
1359680 824.6
1359690 824.6
1359700 823.5
1359710 822.5
1359720 821.9
1359730 821.9
1359740 822.0
1359750 822.1
1359760 822.1
1359770 822.0
1359780 821.5
1359790 821.5
1359800 820.5
1359810 819.3
1359820 819.3
1359830 818.4
1359840 816.2
1359850 816.2
1359860 814.8
1359870 812.5
1359880 812.5
1359890 809.8
1359900 808.0
1359910 808.0
1359920 807.4
1359930 807.3
1359940 807.3
1359950 807.7
1359960 807.6
1359970 807.6
1359980 805.5
1359990 802.7
