1340000 566.6
1340010 566.6
1340020 567.1
1340030 566.8
1340040 566.8
1340050 566.3
1340060 565.2
1340070 565.2
1340080 564.1
1340090 563.6
1340100 563.6
1340110 563.1
1340120 562.8
1340130 562.8
1340140 562.4
1340150 562.1
1340160 562.1
1340170 561.8
1340180 561.5
1340190 561.5
1340200 561.1
1340210 560.5
1340220 560.5
1340230 560.1
1340240 559.6
1340250 559.2
1340260 559.2
1340270 558.8
1340280 558.4
1340290 558.4
1340300 558.0
1340310 557.8
1340320 557.8
1340330 557.5
1340340 557.4
1340350 557.4
1340360 557.3
1340370 557.3
1340380 557.3
1340390 557.5
1340400 557.4
1340410 557.4
1340420 557.3
1340430 557.3
1340440 557.3
1340450 557.3
1340460 557.5
1340470 557.5
1340480 557.6
1340490 557.8
1340500 557.8
1340510 558.7
1340520 559.8
1340530 559.8
1340540 561.0
1340550 562.4
1340560 562.4
1340570 564.4
1340580 567.2
1340590 567.2
1340600 569.6
1340610 571.0
1340620 572.7
1340630 572.7
1340640 575.8
1340650 579.8
1340660 579.8
1340670 581.4
1340680 582.5
1340690 582.5
1340700 582.8
1340710 584.8
1340720 584.8
1340730 590.3
1340740 595.9
1340750 595.9
1340760 599.4
1340770 600.4
1340780 600.4
1340790 601.4
1340800 603.9
1340810 603.9
1340820 607.5
1340830 610.4
1340840 610.4
1340850 611.9
1340860 613.6
1340870 613.6
1340880 614.7
1340890 615.8
1340900 615.8
1340910 617.3
1340920 617.0
1340930 617.0
1340940 616.8
1340950 617.1
1340960 617.4
1340970 617.4
1340980 617.5
1340990 617.6
1341000 617.6
1341010 617.6
1341020 617.5
1341030 617.5
1341040 617.3
1341050 617.1
1341060 617.1
1341070 616.8
1341080 616.5
1341090 616.5
1341100 615.9
1341110 615.3
1341120 615.3
1341130 614.6
1341140 613.9
1341150 613.9
1341160 613.2
1341170 612.7
1341180 612.7
1341190 612.3
1341200 612.3
1341210 612.3
1341220 612.6
1341230 613.0
1341240 613.0
1341250 613.4
1341260 613.8
1341270 613.8
1341280 614.1
1341290 614.5
1341300 614.8
1341310 614.8
1341320 615.0
1341330 615.2
1341340 615.2
1341350 615.4
1341360 615.6
1341370 615.6
1341380 615.7
1341390 615.6
1341400 615.6
1341410 615.4
1341420 615.5
1341430 615.5
1341440 615.6
1341450 615.8
1341460 615.8
1341470 616.0
1341480 615.9
1341490 615.9
1341500 615.3
1341510 614.5
1341520 614.5
1341530 614.1
1341540 614.5
1341550 614.5
1341560 615.1
1341570 615.3
1341580 615.3
1341590 615.2
1341600 615.0
1341610 615.0
1341620 614.8
1341630 614.7
1341640 614.7
1341650 614.5
1341660 614.0
1341670 613.4
1341680 613.4
1341690 613.1
1341700 613.2
1341710 613.2
1341720 613.9
1341730 615.0
1341740 615.0
1341750 616.7
1341760 616.6
1341770 616.6
1341780 616.6
1341790 616.9
1341800 616.9
1341810 617.3
1341820 617.8
1341830 617.8
1341840 618.1
1341850 618.3
1341860 618.3
1341870 618.6
1341880 618.7
1341890 618.7
1341900 618.9
1341910 619.1
1341920 619.1
1341930 619.2
1341940 619.2
1341950 619.2
1341960 619.1
1341970 618.8
1341980 618.8
1341990 618.2
1342000 617.7
1342010 616.8
1342020 616.8
1342030 616.1
1342040 615.3
1342050 615.3
1342060 614.6
1342070 614.1
1342080 614.1
1342090 613.9
1342100 614.0
1342110 614.0
1342120 614.5
1342130 615.0
1342140 615.0
1342150 615.6
1342160 616.2
1342170 616.2
1342180 616.7
1342190 617.1
1342200 617.1
1342210 617.5
1342220 617.9
1342230 617.9
1342240 618.1
1342250 618.1
1342260 618.1
1342270 617.8
1342280 617.5
1342290 617.5
1342300 616.7
1342310 615.9
1342320 615.9
1342330 614.9
1342340 613.6
1342350 612.4
1342360 612.4
1342370 611.0
1342380 609.7
1342390 609.7
1342400 608.6
1342410 607.7
1342420 607.7
1342430 606.5
1342440 605.3
1342450 605.3
1342460 604.5
1342470 604.2
1342480 604.2
1342490 604.1
1342500 603.9
1342510 603.9
1342520 603.4
1342530 602.9
1342540 602.9
1342550 602.7
1342560 603.1
1342570 603.1
1342580 603.9
1342590 604.6
1342600 604.6
1342610 605.1
1342620 605.4
1342630 605.4
1342640 605.3
1342650 605.0
1342660 605.0
1342670 604.1
1342680 602.8
1342690 601.8
1342700 601.8
1342710 601.3
1342720 600.9
1342730 600.9
1342740 600.5
1342750 600.0
1342760 600.0
1342770 599.5
1342780 598.8
1342790 598.8
1342800 597.9
1342810 597.1
1342820 597.1
1342830 596.4
1342840 595.3
1342850 595.3
1342860 593.8
1342870 592.1
1342880 592.1
1342890 589.9
1342900 586.4
1342910 586.4
1342920 583.1
1342930 580.8
1342940 580.8
1342950 579.9
1342960 578.4
1342970 578.4
1342980 575.5
1342990 571.9
1343000 571.9
1343010 565.2
1343020 555.9
1343030 555.9
1343040 547.9
1343050 540.0
1343060 533.4
1343070 533.4
1343080 528.6
1343090 526.3
1343100 526.3
1343110 524.0
1343120 520.9
1343130 520.9
1343140 517.6
1343150 513.1
1343160 513.1
1343170 508.2
1343180 503.1
1343190 503.1
1343200 498.4
1343210 496.8
1343220 496.8
1343230 496.5
1343240 496.4
1343250 496.4
1343260 496.4
1343270 496.3
1343280 496.3
1343290 496.2
1343300 495.9
1343310 495.9
1343320 495.7
1343330 495.7
1343340 495.7
1343350 494.9
1343360 493.6
1343370 493.6
1343380 495.0
1343390 496.0
1343400 495.9
1343410 495.9
1343420 495.8
1343430 495.1
1343440 495.1
1343450 494.3
1343460 494.0
1343470 494.0
1343480 493.9
1343490 493.8
1343500 493.8
1343510 493.8
1343520 493.8
1343530 493.8
1343540 493.9
1343550 493.9
1343560 493.9
1343570 494.0
1343580 494.0
1343590 494.0
1343600 494.1
1343610 494.1
1343620 494.1
1343630 494.1
1343640 494.0
1343650 494.0
1343660 493.9
1343670 493.8
1343680 493.8
1343690 493.9
1343700 494.0
1343710 494.0
1343720 494.2
1343730 494.9
1343740 495.0
1343750 495.0
1343760 493.8
1343770 490.9
1343780 490.9
1343790 488.7
1343800 488.3
1343810 488.3
1343820 488.6
1343830 488.7
1343840 488.7
1343850 488.8
1343860 488.9
1343870 488.9
1343880 489.1
1343890 489.3
1343900 489.3
1343910 489.5
1343920 489.4
1343930 489.4
1343940 489.7
1343950 491.8
1343960 491.8
1343970 495.1
1343980 496.3
1343990 496.3
1344000 496.4
1344010 496.3
1344020 496.3
1344030 496.0
1344040 495.9
1344050 495.9
1344060 495.8
1344070 495.7
1344080 495.5
1344090 495.5
1344100 495.3
1344110 495.1
1344120 495.1
1344130 495.0
1344140 494.9
1344150 494.9
1344160 494.7
1344170 494.6
1344180 494.6
1344190 494.5
1344200 494.3
1344210 494.3
1344220 494.2
1344230 494.1
1344240 494.1
1344250 494.1
1344260 494.1
1344270 494.1
1344280 494.1
1344290 494.1
1344300 494.1
1344310 494.0
1344320 493.9
1344330 493.9
1344340 493.9
1344350 493.9
1344360 493.9
1344370 493.9
1344380 493.9
1344390 493.9
1344400 494.0
1344410 494.1
1344420 494.1
1344430 494.1
1344440 494.2
1344450 494.4
1344460 494.8
1344470 494.9
1344480 495.0
1344490 495.0
1344500 495.0
1344510 495.1
1344520 495.1
1344530 495.1
1344540 495.2
1344550 495.2
1344560 495.1
1344570 495.1
1344580 495.1
1344590 495.0
1344600 494.9
1344610 494.9
1344620 494.9
1344630 494.8
1344640 494.8
1344650 494.6
1344660 494.2
1344670 494.2
1344680 493.8
1344690 493.4
1344700 493.4
1344710 492.8
1344720 492.5
1344730 492.5
1344740 492.2
1344750 492.1
1344760 492.1
1344770 492.1
1344780 492.2
1344790 492.2
1344800 492.2
1344810 492.3
1344820 492.2
1344830 492.2
1344840 492.2
1344850 492.3
1344860 492.3
1344870 492.4
1344880 492.4
1344890 492.4
1344900 492.4
1344910 492.4
1344920 492.4
1344930 492.4
1344940 492.4
1344950 492.4
1344960 492.4
1344970 492.3
1344980 492.3
1344990 492.3
1345000 492.3
1345010 492.3
1345020 492.3
1345030 492.4
1345040 492.4
1345050 492.4
1345060 492.5
1345070 492.5
1345080 492.4
1345090 492.4
1345100 492.4
1345110 492.4
1345120 492.4
1345130 492.1
1345140 492.1
1345150 492.0
1345160 491.8
1345170 491.8
1345180 491.2
1345190 491.2
1345200 491.2
1345210 490.8
1345220 490.4
1345230 490.4
1345240 488.3
1345250 487.4
1345260 487.4
1345270 487.4
1345280 487.4
1345290 487.4
1345300 487.4
1345310 487.6
1345320 487.6
1345330 487.8
1345340 488.0
1345350 488.0
1345360 488.1
1345370 488.2
1345380 488.1
1345390 488.2
1345400 488.2
1345410 488.2
1345420 488.1
1345430 487.9
1345440 487.9
1345450 487.8
1345460 489.4
1345470 492.3
1345480 492.3
1345490 492.3
1345500 492.1
1345510 492.1
1345520 492.0
1345530 492.0
1345540 492.0
1345550 492.1
1345560 492.0
1345570 492.0
1345580 491.8
1345590 491.6
1345600 491.6
1345610 491.6
1345620 491.6
1345630 491.6
1345640 491.6
1345650 491.7
1345660 491.7
1345670 491.6
1345680 491.6
1345690 491.6
1345700 491.7
1345710 492.1
1345720 492.1
1345730 492.2
1345740 491.8
1345750 491.8
1345760 491.6
1345770 491.5
1345780 491.5
1345790 491.4
1345800 491.3
1345810 491.3
1345820 491.2
1345830 491.1
1345840 491.2
1345850 491.2
1345860 491.4
1345870 491.5
1345880 491.5
1345890 491.2
1345900 491.2
1345910 491.2
1345920 491.0
1345930 490.9
1345940 490.9
1345950 490.8
1345960 491.2
1345970 491.2
1345980 491.3
1345990 491.2
1346000 491.2
1346010 491.2
1346020 491.0
1346030 491.0
1346040 490.7
1346050 490.3
1346060 490.3
1346070 488.3
1346080 487.4
1346090 487.4
1346100 487.4
1346110 487.4
1346120 487.4
1346130 487.3
1346140 487.2
1346150 487.2
1346160 487.0
1346170 486.9
1346180 486.7
1346190 486.7
1346200 487.3
1346210 491.6
1346220 491.6
1346230 494.0
1346240 494.4
1346250 494.4
1346260 494.4
1346270 494.6
1346280 494.6
1346290 494.5
1346300 494.8
1346310 494.8
1346320 493.8
1346330 495.0
1346340 495.0
1346350 495.5
1346360 495.9
1346370 495.9
1346380 495.4
1346390 492.7
1346400 492.7
1346410 492.8
1346420 493.9
1346430 493.9
1346440 494.5
1346450 494.7
1346460 494.7
1346470 494.5
1346480 494.3
1346490 494.3
1346500 494.2
1346510 494.3
1346520 494.4
1346530 494.4
1346540 494.4
1346550 494.1
1346560 494.1
1346570 493.6
1346580 493.3
1346590 493.3
1346600 493.3
1346610 493.3
1346620 493.3
1346630 493.1
1346640 493.0
1346650 493.0
1346660 493.0
1346670 493.1
1346680 493.1
1346690 493.1
1346700 493.1
1346710 493.1
1346720 493.2
1346730 494.6
1346740 494.6
1346750 497.7
1346760 499.3
1346770 499.3
1346780 499.3
1346790 498.9
1346800 498.9
1346810 498.8
1346820 500.0
1346830 500.0
1346840 501.2
1346850 504.3
1346860 504.3
1346870 508.9
1346880 514.0
1346890 516.1
1346900 516.1
1346910 516.5
1346920 516.9
1346930 516.9
1346940 517.4
1346950 519.0
1346960 519.0
1346970 520.8
1346980 523.2
1346990 523.2
1347000 526.1
1347010 528.4
1347020 528.4
1347030 530.4
1347040 531.8
1347050 531.8
1347060 532.7
1347070 533.8
1347080 533.8
1347090 535.2
1347100 538.0
1347110 538.0
1347120 540.6
1347130 542.1
1347140 542.1
1347150 543.8
1347160 546.7
1347170 546.7
1347180 549.6
1347190 550.1
1347200 550.1
1347210 550.8
1347220 554.8
1347230 561.7
1347240 561.7
1347250 565.8
1347260 568.8
1347270 568.8
1347280 571.4
1347290 574.1
1347300 574.1
1347310 576.7
1347320 578.6
1347330 578.6
1347340 579.2
1347350 578.5
1347360 578.5
1347370 577.0
1347380 575.3
1347390 575.3
1347400 573.4
1347410 571.9
1347420 571.9
1347430 571.1
1347440 570.5
1347450 570.5
1347460 570.3
1347470 570.0
1347480 570.0
1347490 569.6
1347500 569.2
1347510 569.2
1347520 568.9
1347530 568.9
1347540 568.9
1347550 568.9
1347560 568.8
1347570 568.6
1347580 568.6
1347590 568.5
1347600 568.4
1347610 568.4
1347620 568.2
1347630 568.3
1347640 568.3
1347650 568.8
1347660 569.4
1347670 569.4
1347680 570.4
1347690 572.2
1347700 572.2
1347710 574.5
1347720 576.2
1347730 576.2
1347740 577.3
1347750 578.4
1347760 578.4
1347770 579.4
1347780 580.5
1347790 580.5
1347800 581.8
1347810 583.2
1347820 583.2
1347830 583.9
1347840 584.2
1347850 584.2
1347860 584.3
1347870 584.7
1347880 584.7
1347890 585.0
1347900 584.8
1347910 585.0
1347920 585.0
1347930 585.6
1347940 586.4
1347950 586.4
1347960 586.5
1347970 587.3
1347980 587.3
1347990 588.3
1348000 589.4
1348010 589.4
1348020 590.2
1348030 590.5
1348040 590.5
1348050 590.7
1348060 591.3
1348070 591.3
1348080 592.4
1348090 593.7
1348100 593.7
1348110 594.9
1348120 596.4
1348130 596.4
1348140 598.2
1348150 599.7
1348160 598.9
1348170 599.7
1348180 600.1
1348190 600.1
1348200 600.2
1348210 600.4
1348220 600.4
1348230 600.3
1348240 598.0
1348250 598.0
1348260 593.6
1348270 590.3
1348280 586.3
1348290 586.3
1348300 583.4
1348310 580.9
1348320 580.9
1348330 578.1
1348340 576.4
1348350 576.4
1348360 574.8
1348370 572.4
1348380 572.4
1348390 571.0
1348400 569.7
1348410 569.7
1348420 565.8
1348430 560.7
1348440 560.7
1348450 555.3
1348460 550.6
1348470 550.6
1348480 548.0
1348490 544.6
1348500 544.6
1348510 546.1
1348520 548.1
1348530 548.1
1348540 551.6
1348550 552.7
1348560 552.7
1348570 553.4
1348580 554.7
1348590 554.7
1348600 556.8
1348610 558.9
1348620 560.9
1348630 560.9
1348640 562.6
1348650 565.1
1348660 565.1
1348670 567.7
1348680 569.7
1348690 569.7
1348700 571.8
1348710 576.1
1348720 576.1
1348730 581.9
1348740 587.2
1348750 587.2
1348760 590.7
1348770 591.8
1348780 591.8
1348790 592.2
1348800 592.5
1348810 592.5
1348820 592.9
1348830 593.5
1348840 593.5
1348850 593.7
1348860 592.9
1348870 592.9
1348880 590.9
1348890 589.4
1348900 589.4
1348910 588.8
1348920 588.9
1348930 588.9
1348940 589.4
1348950 590.7
1348960 592.3
1348970 592.3
1348980 593.5
1348990 594.7
1349000 594.7
1349010 596.0
1349020 597.4
1349030 597.4
1349040 599.4
1349050 602.1
1349060 602.1
1349070 604.7
1349080 606.3
1349090 606.3
1349100 608.9
1349110 610.5
1349120 610.5
1349130 611.6
1349140 612.4
1349150 612.4
1349160 612.5
1349170 612.2
1349180 612.2
1349190 611.3
1349200 610.2
1349210 610.2
1349220 609.6
1349230 609.1
1349240 609.1
1349250 608.7
1349260 608.2
1349270 608.2
1349280 607.1
1349290 604.9
1349300 602.1
1349310 602.1
1349320 601.7
1349330 601.9
1349340 601.9
1349350 602.1
1349360 602.6
1349370 602.6
1349380 604.9
1349390 608.0
1349400 608.0
1349410 610.5
1349420 612.4
1349430 612.4
1349440 613.8
1349450 614.7
1349460 614.7
1349470 615.2
1349480 615.8
1349490 615.8
1349500 616.0
1349510 615.9
1349520 615.9
1349530 615.8
1349540 615.3
1349550 615.3
1349560 614.9
1349570 614.4
1349580 614.4
1349590 614.1
1349600 613.9
1349610 613.9
1349620 614.0
1349630 613.8
1349640 613.8
1349650 613.6
1349660 613.4
1349670 613.1
1349680 613.1
1349690 612.8
1349700 612.7
1349710 612.7
1349720 612.7
1349730 612.9
1349740 612.9
1349750 613.7
1349760 615.0
1349770 615.0
1349780 615.2
1349790 615.3
1349800 615.3
1349810 615.4
1349820 616.1
1349830 616.1
1349840 616.7
1349850 617.2
1349860 617.2
1349870 617.9
1349880 618.8
1349890 618.8
1349900 619.9
1349910 621.2
1349920 621.2
1349930 622.9
1349940 624.7
1349950 624.7
1349960 626.8
1349970 628.9
1349980 628.9
1349990 630.5
1350000 631.5
1350010 631.6
1350020 631.6
1350030 630.9
1350040 629.6
1350050 628.7
1350060 626.3
1350070 623.7
1350080 623.7
1350090 621.9
1350100 621.0
1350110 621.0
1350120 620.0
1350130 619.0
1350140 619.0
1350150 618.2
1350160 617.3
1350170 617.3
1350180 615.6
1350190 613.4
1350200 613.4
1350210 610.6
1350220 606.9
1350230 606.9
1350240 603.4
1350250 601.5
1350260 601.5
1350270 601.1
1350280 601.0
1350290 601.0
1350300 601.1
1350310 601.4
1350320 601.4
1350330 601.6
1350340 601.8
1350350 601.9
1350360 601.9
1350370 602.1
1350380 602.2
1350390 602.2
1350400 602.3
1350410 602.4
1350420 602.4
1350430 602.5
1350440 602.6
1350450 602.6
1350460 602.7
1350470 602.9
1350480 602.9
1350490 603.7
1350500 604.0
1350510 604.0
1350520 603.9
1350530 604.2
1350540 604.2
1350550 604.7
1350560 605.3
1350570 605.3
1350580 605.9
1350590 606.5
1350600 606.5
1350610 607.2
1350620 607.8
1350630 607.8
1350640 608.3
1350650 608.9
1350660 608.9
1350670 609.5
1350680 610.2
1350690 610.9
1350700 610.9
1350710 611.5
1350720 612.2
1350730 612.2
1350740 612.9
1350750 613.6
1350760 613.6
1350770 614.9
1350780 616.7
1350790 616.7
1350800 618.3
1350810 620.3
1350820 620.3
1350830 622.7
1350840 624.1
1350850 624.1
1350860 625.0
1350870 625.4
1350880 625.4
1350890 625.2
1350900 624.5
1350910 624.5
1350920 624.0
1350930 624.4
1350940 624.4
1350950 625.3
1350960 626.0
1350970 626.0
1350980 627.0
1350990 628.1
1351000 628.3
1351010 629.4
1351020 630.7
1351030 630.7
1351040 632.0
1351050 633.3
1351060 634.9
1351070 634.9
1351080 636.6
1351090 638.3
1351100 638.3
1351110 640.1
1351120 641.8
1351130 641.8
1351140 643.5
1351150 645.2
1351160 645.2
1351170 646.7
1351180 648.1
1351190 648.1
1351200 649.8
1351210 651.3
1351220 651.3
1351230 652.9
1351240 654.7
1351250 654.7
1351260 656.4
1351270 657.7
1351280 657.7
1351290 658.6
1351300 659.3
1351310 659.3
1351320 660.5
1351330 661.2
1351340 661.2
1351350 661.9
1351360 663.4
1351370 663.4
1351380 665.1
1351390 666.4
1351400 668.9
1351410 668.9
1351420 672.1
1351430 675.9
1351440 675.9
1351450 680.8
1351460 684.4
1351470 684.4
1351480 687.5
1351490 690.4
1351500 690.4
1351510 692.1
1351520 693.7
1351530 693.7
1351540 695.4
1351550 697.4
1351560 697.4
1351570 699.1
1351580 698.9
1351590 698.9
1351600 698.3
1351610 698.2
1351620 698.2
1351630 700.2
1351640 704.9
1351650 704.9
1351660 711.0
1351670 715.6
1351680 715.6
1351690 718.3
1351700 721.9
1351710 721.9
1351720 726.3
1351730 729.3
1351740 730.3
1351750 730.3
1351760 729.2
1351770 727.1
1351780 727.1
1351790 726.8
1351800 724.5
1351810 724.5
1351820 721.6
1351830 725.1
1351840 725.1
1351850 730.9
1351860 734.5
1351870 734.5
1351880 738.1
1351890 743.5
1351900 743.5
1351910 746.1
1351920 747.5
1351930 747.5
1351940 748.4
1351950 750.9
1351960 753.5
1351970 757.3
1351980 760.3
1351990 760.3
1352000 761.2
1352010 762.7
1352020 762.7
1352030 763.4
1352040 765.1
1352050 765.1
1352060 766.1
1352070 767.3
1352080 768.5
1352090 768.5
1352100 768.7
1352110 767.5
1352120 767.5
1352130 764.1
1352140 756.7
1352150 756.7
1352160 752.9
1352170 755.7
1352180 755.7
1352190 758.6
1352200 761.8
1352210 761.8
1352220 764.6
1352230 767.3
1352240 767.3
1352250 770.6
1352260 776.2
1352270 776.2
1352280 782.3
1352290 787.8
1352300 787.8
1352310 791.7
1352320 795.3
1352330 795.3
1352340 799.8
1352350 804.5
1352360 804.5
1352370 811.9
1352380 818.6
1352390 818.6
1352400 823.0
1352410 827.5
1352420 827.5
1352430 832.6
1352440 837.8
1352450 840.8
1352460 840.8
1352470 842.8
1352480 843.8
1352490 843.8
1352500 844.0
1352510 844.8
1352520 844.8
1352530 846.8
1352540 848.5
1352550 848.5
1352560 848.0
1352570 847.0
1352580 847.0
1352590 848.2
1352600 850.4
1352610 850.4
1352620 852.3
1352630 854.8
1352640 854.8
1352650 858.0
1352660 861.5
1352670 861.5
1352680 865.5
1352690 870.1
1352700 870.1
1352710 875.5
1352720 881.4
1352730 881.4
1352740 886.8
1352750 892.5
1352760 892.5
1352770 898.6
1352780 904.8
1352790 911.8
1352800 911.8
1352810 918.4
1352820 924.0
1352830 924.0
1352840 928.7
1352850 932.3
1352860 932.3
1352870 932.5
1352880 930.5
1352890 930.5
1352900 930.3
1352910 932.5
1352920 932.5
1352930 932.5
1352940 932.2
1352950 932.2
1352960 933.1
1352970 934.8
1352980 934.8
1352990 936.7
1353000 938.7
1353010 938.7
1353020 940.2
1353030 941.9
1353040 941.9
1353050 944.5
1353060 948.2
1353070 948.2
1353080 951.7
1353090 955.5
1353100 955.5
1353110 958.1
1353120 960.9
1353130 965.6
1353140 965.6
1353150 971.4
1353160 978.1
1353170 978.1
1353180 984.5
1353190 991.2
1353200 991.2
1353210 997.5
1353220 1002.9
1353230 1002.9
1353240 1006.8
1353250 1010.5
1353260 1010.5
1353270 1015.4
1353280 1021.2
1353290 1021.2
1353300 1028.6
1353310 1038.9
1353320 1038.9
1353330 1051.3
1353340 1063.4
1353350 1063.4
1353360 1075.5
1353370 1084.5
1353380 1084.5
1353390 1096.4
1353400 1106.1
1353410 1106.1
1353420 1115.8
1353430 1124.9
1353440 1124.9
1353450 1131.2
1353460 1137.1
1353470 1142.8
1353480 1142.8
1353490 1150.0
1353500 1155.5
1353510 1155.5
1353520 1161.6
1353530 1167.8
1353540 1167.8
1353550 1173.2
1353560 1178.4
1353570 1178.4
1353580 1186.4
1353590 1195.5
1353600 1195.5
1353610 1203.0
1353620 1208.9
1353630 1208.9
1353640 1214.9
1353650 1222.5
1353660 1222.5
1353670 1229.4
1353680 1238.3
1353690 1238.3
1353700 1248.8
1353710 1259.5
1353720 1259.5
1353730 1267.1
1353740 1272.8
1353750 1272.8
1353760 1280.6
1353770 1289.0
1353780 1289.0
1353790 1295.9
1353800 1299.7
1353810 1299.7
1353820 1306.2
1353830 1318.4
1353840 1320.8
1353850 1320.8
1353860 1320.8
1353870 1323.5
1353880 1323.5
1353890 1332.1
1353900 1352.8
1353910 1352.8
1353920 1360.4
1353930 1370.8
1353940 1370.8
1353950 1379.2
1353960 1384.4
1353970 1384.4
1353980 1381.6
1353990 1383.7
1354000 1383.7
1354010 1400.4
1354020 1415.1
1354030 1415.1
1354040 1421.1
1354050 1421.0
1354060 1421.0
1354070 1426.5
1354080 1435.7
1354090 1435.7
1354100 1446.1
1354110 1465.2
1354120 1465.2
1354130 1474.2
1354140 1476.2
1354150 1476.2
1354160 1470.4
1354170 1472.1
1354180 1473.2
1354190 1473.2
1354200 1466.1
1354210 1460.3
1354220 1460.3
1354230 1455.9
1354240 1453.2
1354250 1453.2
1354260 1451.0
1354270 1449.2
1354280 1449.2
1354290 1450.7
1354300 1451.8
1354310 1451.8
1354320 1457.2
1354330 1464.7
1354340 1464.7
1354350 1470.6
1354360 1477.2
1354370 1477.2
1354380 1483.4
1354390 1488.1
1354400 1488.1
1354410 1489.7
1354420 1490.8
1354430 1490.8
1354440 1493.7
1354450 1494.8
1354460 1494.8
1354470 1494.7
1354480 1493.3
1354490 1493.3
1354500 1491.2
1354510 1488.1
1354520 1484.1
1354530 1484.1
1354540 1485.8
1354550 1485.0
1354560 1485.0
1354570 1478.2
1354580 1471.6
1354590 1471.6
1354600 1465.9
1354610 1465.0
1354620 1465.0
1354630 1464.8
1354640 1463.4
1354650 1463.4
1354660 1462.7
1354670 1459.5
1354680 1459.5
1354690 1452.2
1354700 1443.9
1354710 1443.9
1354720 1437.7
1354730 1433.5
1354740 1433.5
1354750 1429.8
1354760 1424.7
1354770 1424.7
1354780 1417.9
1354790 1409.6
1354800 1409.6
1354810 1399.8
1354820 1388.8
1354830 1388.8
1354840 1377.4
1354850 1366.1
1354860 1352.0
1354870 1352.0
1354880 1333.1
1354890 1314.5
1354900 1314.5
1354910 1296.6
1354920 1274.5
1354930 1274.5
1354940 1257.0
1354950 1247.3
1354960 1247.3
1354970 1237.9
1354980 1230.0
1354990 1230.0
1355000 1222.9
1355010 1216.5
1355020 1216.5
1355030 1210.9
1355040 1208.1
1355050 1208.1
1355060 1206.0
1355070 1198.7
1355080 1198.7
1355090 1185.4
1355100 1177.1
1355110 1177.1
1355120 1171.3
1355130 1164.5
1355140 1164.5
1355150 1154.1
1355160 1143.7
1355170 1143.7
1355180 1135.4
1355190 1127.9
1355200 1127.9
1355210 1120.9
1355220 1113.9
1355230 1106.7
1355240 1106.7
1355250 1099.0
1355260 1090.5
1355270 1090.5
1355280 1079.9
1355290 1069.2
1355300 1069.2
1355310 1059.3
1355320 1050.4
1355330 1050.4
1355340 1041.3
1355350 1033.0
1355360 1033.0
1355370 1024.9
1355380 1017.0
1355390 1017.0
1355400 1009.2
1355410 1001.8
1355420 1001.8
1355430 995.6
1355440 989.6
1355450 989.6
1355460 983.0
1355470 976.0
1355480 976.0
1355490 969.1
1355500 962.4
1355510 962.4
1355520 955.5
1355530 950.3
1355540 950.3
1355550 944.8
1355560 939.6
1355570 934.9
1355580 934.9
1355590 930.2
1355600 925.7
1355610 925.7
1355620 921.3
1355630 916.9
1355640 916.9
1355650 912.8
1355660 908.4
1355670 908.4
1355680 903.0
1355690 896.7
1355700 896.7
1355710 890.5
1355720 885.0
1355730 885.0
1355740 879.8
1355750 874.2
1355760 874.2
1355770 867.8
1355780 860.4
1355790 860.4
1355800 852.9
1355810 846.2
1355820 846.2
1355830 840.9
1355840 836.3
1355850 836.3
1355860 831.7
1355870 826.0
1355880 819.6
1355890 814.7
1355900 811.4
1355910 809.6
1355920 809.6
1355930 806.6
1355940 803.7
1355950 803.7
1355960 800.8
1355970 798.2
1355980 798.2
1355990 796.3
1356000 795.3
1356010 795.3
1356020 793.1
1356030 790.1
1356040 790.1
1356050 787.1
1356060 784.2
1356070 784.2
1356080 782.2
1356090 780.2
1356100 780.2
1356110 778.2
1356120 775.8
1356130 775.8
1356140 773.0
1356150 770.8
1356160 770.8
1356170 770.1
1356180 770.8
1356190 770.8
1356200 770.6
1356210 768.9
1356220 768.9
1356230 766.5
1356240 763.2
1356250 757.2
1356260 757.2
1356270 749.7
1356280 741.8
1356290 741.8
1356300 737.1
1356310 739.6
1356320 739.6
1356330 743.5
1356340 744.4
1356350 744.4
1356360 747.0
1356370 750.5
1356380 750.5
1356390 748.7
1356400 745.2
1356410 745.2
1356420 742.8
1356430 740.3
1356440 740.3
1356450 737.8
1356460 735.7
1356470 735.7
1356480 734.5
1356490 733.6
1356500 733.6
1356510 732.6
1356520 731.7
1356530 731.7
1356540 731.0
1356550 729.9
1356560 729.9
1356570 729.0
1356580 728.2
1356590 728.2
1356600 727.0
1356610 725.7
1356620 724.5
1356630 724.5
1356640 723.3
1356650 722.5
1356660 722.5
1356670 721.9
1356680 720.0
1356690 720.0
1356700 718.2
1356710 716.9
1356720 716.9
1356730 715.2
1356740 713.6
1356750 713.6
1356760 712.6
1356770 711.3
1356780 711.3
1356790 709.7
1356800 707.5
1356810 707.5
1356820 704.5
1356830 700.7
1356840 700.7
1356850 697.8
1356860 694.3
1356870 694.3
1356880 693.0
1356890 688.9
1356900 688.9
1356910 683.8
1356920 677.9
1356930 677.9
1356940 672.2
1356950 665.3
1356960 658.3
1356970 658.3
1356980 651.0
1356990 646.1
1357000 646.1
1357010 644.9
1357020 647.6
1357030 647.6
1357040 645.4
1357050 641.6
1357060 641.6
1357070 637.9
1357080 634.5
1357090 634.5
1357100 630.1
1357110 623.8
1357120 623.8
1357130 617.8
1357140 615.8
1357150 615.8
1357160 614.5
1357170 614.6
1357180 614.6
1357190 610.4
1357200 608.2
1357210 608.2
1357220 607.1
1357230 605.9
1357240 605.9
1357250 604.5
1357260 603.7
1357270 603.7
1357280 603.6
1357290 604.2
1357300 606.6
1357310 606.6
1357320 606.7
1357330 604.3
1357340 604.3
1357350 602.5
1357360 602.0
1357370 602.0
1357380 602.1
1357390 602.2
1357400 602.2
1357410 602.4
1357420 602.5
1357430 602.5
1357440 602.6
1357450 602.4
1357460 602.4
1357470 601.6
1357480 601.0
1357490 601.0
1357500 601.2
1357510 603.0
1357520 603.0
1357530 606.0
1357540 608.0
1357550 608.0
1357560 609.4
1357570 610.1
1357580 610.1
1357590 610.8
1357600 611.6
1357610 611.6
1357620 612.6
1357630 613.5
1357640 614.0
1357650 614.0
1357660 614.9
1357670 615.7
1357680 615.7
1357690 616.8
1357700 617.4
1357710 617.4
1357720 617.8
1357730 617.9
1357740 617.9
1357750 617.5
1357760 618.8
1357770 618.8
1357780 621.3
1357790 623.1
1357800 623.1
1357810 624.8
1357820 626.6
1357830 626.6
1357840 627.5
1357850 629.0
1357860 629.0
1357870 630.0
1357880 623.1
1357890 623.1
1357900 624.7
1357910 627.4
1357920 627.4
1357930 630.8
1357940 633.1
1357950 633.1
1357960 634.5
1357970 638.8
1357980 643.7
1357990 643.7
1358000 642.4
1358010 644.2
1358020 644.2
1358030 645.5
1358040 640.6
1358050 640.6
1358060 641.6
1358070 649.8
1358080 649.8
1358090 655.7
1358100 657.4
1358110 657.4
1358120 657.8
1358130 658.2
1358140 658.2
1358150 658.5
1358160 658.7
1358170 658.7
1358180 659.7
1358190 660.7
1358200 660.7
1358210 661.8
1358220 663.0
1358230 663.0
1358240 664.0
1358250 665.0
1358260 665.0
1358270 664.4
1358280 660.8
1358290 660.8
1358300 661.2
1358310 666.3
1358320 666.3
1358330 673.4
1358340 678.0
1358350 681.1
1358360 681.1
1358370 683.2
1358380 685.1
1358390 685.1
1358400 685.9
1358410 686.4
1358420 686.4
1358430 684.9
1358440 678.7
1358450 678.7
1358460 673.7
1358470 676.8
1358480 676.8
1358490 681.1
1358500 686.5
1358510 686.5
1358520 694.9
1358530 698.7
1358540 698.7
1358550 701.1
1358560 703.2
1358570 703.2
1358580 705.6
1358590 708.0
1358600 708.0
1358610 709.7
1358620 710.9
1358630 710.9
1358640 712.6
1358650 713.8
1358660 713.8
1358670 714.6
1358680 715.5
1358690 716.0
1358700 716.0
1358710 716.3
1358720 716.8
1358730 716.8
1358740 717.7
1358750 718.7
1358760 718.7
1358770 719.6
1358780 720.1
1358790 720.1
1358800 720.7
1358810 720.6
1358820 720.6
1358830 717.1
1358840 716.7
1358850 716.7
1358860 720.6
1358870 723.6
1358880 723.6
1358890 725.6
1358900 725.3
1358910 725.3
1358920 726.9
1358930 728.1
1358940 728.1
1358950 729.5
1358960 730.8
1358970 730.8
1358980 732.4
1358990 734.3
1359000 734.3
1359010 736.4
1359020 738.1
1359030 739.2
1359040 739.2
1359050 739.0
1359060 740.7
1359070 740.7
1359080 745.0
1359090 746.3
1359100 746.3
1359110 747.5
1359120 748.7
1359130 748.7
1359140 749.3
1359150 750.0
1359160 750.0
1359170 750.9
1359180 751.5
1359190 751.5
1359200 752.0
1359210 752.8
1359220 752.8
1359230 753.5
1359240 753.8
1359250 753.8
1359260 754.1
1359270 754.9
1359280 754.9
1359290 756.0
1359300 757.4
1359310 757.4
1359320 759.0
1359330 760.8
1359340 760.8
1359350 761.7
1359360 762.6
1359370 764.4
1359380 764.4
1359390 766.1
1359400 766.7
1359410 766.7
1359420 767.2
1359430 767.5
1359440 767.5
1359450 767.9
1359460 768.3
1359470 768.3
1359480 768.6
1359490 768.6
1359500 768.6
1359510 768.6
1359520 768.3
1359530 768.3
1359540 768.2
1359550 768.5
1359560 768.5
1359570 769.3
1359580 769.6
1359590 769.6
1359600 769.7
1359610 770.2
1359620 770.2
1359630 770.5
1359640 770.7
1359650 770.7
1359660 770.3
1359670 769.5
1359680 769.5
1359690 768.7
1359700 767.4
1359710 767.4
1359720 768.1
1359730 767.7
1359740 767.5
1359750 767.5
1359760 767.2
1359770 766.8
1359780 766.8
1359790 765.9
1359800 764.7
1359810 764.7
1359820 763.3
1359830 761.6
1359840 761.6
1359850 759.8
1359860 758.6
1359870 758.6
1359880 758.6
1359890 759.4
1359900 759.4
1359910 759.3
1359920 753.8
1359930 753.8
1359940 750.7
1359950 746.8
1359960 746.8
1359970 743.5
1359980 740.8
1359990 740.8
