1340000 786.8
1340010 789.8
1340020 789.6
1340030 789.6
1340040 789.0
1340050 786.6
1340060 786.6
1340070 783.3
1340080 779.0
1340090 779.0
1340100 774.0
1340110 770.3
1340120 767.1
1340130 765.1
1340140 760.6
1340150 757.0
1340160 757.0
1340170 757.5
1340180 758.1
1340190 758.1
1340200 762.3
1340210 767.2
1340220 767.2
1340230 771.7
1340240 772.0
1340250 772.0
1340260 769.9
1340270 766.5
1340280 766.5
1340290 762.8
1340300 759.7
1340310 759.7
1340320 756.6
1340330 754.2
1340340 754.2
1340350 751.8
1340360 747.3
1340370 747.3
1340380 738.9
1340390 730.0
1340400 730.0
1340410 725.9
1340420 723.6
1340430 723.6
1340440 720.8
1340450 720.6
1340460 720.6
1340470 722.3
1340480 721.9
1340490 717.0
1340500 717.0
1340510 713.2
1340520 710.8
1340530 710.8
1340540 707.0
1340550 704.3
1340560 704.3
1340570 701.5
1340580 698.6
1340590 698.6
1340600 695.8
1340610 692.9
1340620 692.9
1340630 691.6
1340640 689.5
1340650 689.5
1340660 687.3
1340670 684.8
1340680 684.8
1340690 683.1
1340700 682.9
1340710 682.9
1340720 682.5
1340730 681.3
1340740 681.3
1340750 680.0
1340760 678.4
1340770 678.4
1340780 677.0
1340790 676.0
1340800 676.0
1340810 675.1
1340820 674.1
1340830 673.2
1340840 673.2
1340850 672.5
1340860 672.0
1340870 672.0
1340880 672.0
1340890 672.2
1340900 672.2
1340910 672.2
1340920 671.9
1340930 671.9
1340940 671.4
1340950 671.0
1340960 671.0
1340970 670.3
1340980 669.6
1340990 669.6
1341000 669.0
1341010 668.2
1341020 666.2
1341030 665.1
1341040 665.2
1341050 665.2
1341060 665.1
1341070 664.6
1341080 664.6
1341090 663.9
1341100 662.9
1341110 662.9
1341120 661.7
1341130 660.4
1341140 660.4
1341150 658.8
1341160 656.5
1341170 656.5
1341180 653.7
1341190 651.5
1341200 650.5
1341210 650.5
1341220 650.5
1341230 650.5
1341240 650.5
1341250 650.4
1341260 647.7
1341270 647.7
1341280 646.0
1341290 644.6
1341300 644.6
1341310 643.8
1341320 643.2
1341330 643.2
1341340 642.9
1341350 642.5
1341360 642.5
1341370 642.1
1341380 639.1
1341390 639.1
1341400 636.0
1341410 637.9
1341420 637.9
1341430 637.7
1341440 637.8
1341450 637.8
1341460 637.1
1341470 635.9
1341480 635.9
1341490 634.9
1341500 632.2
1341510 632.2
1341520 628.3
1341530 628.1
1341540 630.4
1341550 630.4
1341560 632.8
1341570 633.7
1341580 633.7
1341590 632.1
1341600 630.4
1341610 630.4
1341620 629.2
1341630 628.6
1341640 628.6
1341650 629.2
1341660 629.5
1341670 629.5
1341680 628.1
1341690 622.6
1341700 622.6
1341710 615.2
1341720 607.9
1341730 607.9
1341740 601.6
1341750 596.1
1341760 596.1
1341770 591.2
1341780 589.6
1341790 589.6
1341800 588.9
1341810 589.8
1341820 589.8
1341830 594.4
1341840 595.1
1341850 595.1
1341860 587.2
1341870 581.0
1341880 581.0
1341890 575.3
1341900 570.2
1341910 561.2
1341920 561.2
1341930 557.0
1341940 553.1
1341950 553.1
1341960 550.2
1341970 548.0
1341980 548.0
1341990 546.9
1342000 546.5
1342010 546.5
1342020 546.1
1342030 545.4
1342040 545.4
1342050 544.9
1342060 544.7
1342070 544.7
1342080 544.6
1342090 544.4
1342100 544.4
1342110 544.3
1342120 544.0
1342130 544.0
1342140 543.8
1342150 543.7
1342160 543.7
1342170 543.6
1342180 543.8
1342190 543.8
1342200 543.9
1342210 543.8
1342220 543.8
1342230 543.5
1342240 543.5
1342250 543.4
1342260 543.4
1342270 543.2
1342280 543.1
1342290 543.1
1342300 543.1
1342310 543.1
1342320 543.1
1342330 543.2
1342340 543.2
1342350 543.2
1342360 543.1
1342370 542.8
1342380 542.8
1342390 542.8
1342400 542.5
1342410 542.5
1342420 541.8
1342430 540.8
1342440 540.8
1342450 540.4
1342460 540.5
1342470 540.5
1342480 540.8
1342490 542.1
1342500 542.1
1342510 545.0
1342520 551.7
1342530 551.7
1342540 555.0
1342550 552.7
1342560 552.7
1342570 555.1
1342580 559.5
1342590 559.5
1342600 563.1
1342610 564.7
1342620 563.6
1342630 563.6
1342640 561.4
1342650 560.2
1342660 560.2
1342670 560.1
1342680 561.4
1342690 561.4
1342700 565.8
1342710 570.6
1342720 570.6
1342730 575.6
1342740 580.7
1342750 580.7
1342760 584.9
1342770 589.7
1342780 589.7
1342790 593.7
1342800 594.7
1342810 599.6
1342820 599.0
1342830 596.7
1342840 596.7
1342850 594.8
1342860 596.3
1342870 596.3
1342880 601.0
1342890 606.2
1342900 606.2
1342910 610.5
1342920 612.0
1342930 612.0
1342940 609.6
1342950 604.9
1342960 599.2
1342970 599.2
1342980 593.6
1342990 588.9
1343000 588.9
1343010 587.8
1343020 589.3
1343030 589.3
1343040 591.6
1343050 595.4
1343060 595.4
1343070 596.8
1343080 593.2
1343090 593.2
1343100 589.4
1343110 588.9
1343120 588.9
1343130 592.5
1343140 594.2
1343150 594.2
1343160 592.5
1343170 590.8
1343180 590.8
1343190 592.3
1343200 596.9
1343210 596.9
1343220 602.5
1343230 608.4
1343240 608.4
1343250 614.2
1343260 619.5
1343270 619.5
1343280 623.1
1343290 621.5
1343300 616.4
1343310 616.4
1343320 611.0
1343330 606.9
1343340 606.9
1343350 608.6
1343360 611.3
1343370 611.3
1343380 609.7
1343390 609.5
1343400 609.5
1343410 612.5
1343420 614.3
1343430 614.3
1343440 617.8
1343450 621.4
1343460 621.4
1343470 621.3
1343480 621.4
1343490 621.4
1343500 622.8
1343510 627.5
1343520 627.5
1343530 631.5
1343540 630.2
1343550 630.2
1343560 629.1
1343570 629.2
1343580 629.2
1343590 629.8
1343600 630.4
1343610 630.4
1343620 629.6
1343630 627.7
1343640 627.7
1343650 627.8
1343660 628.8
1343670 629.5
1343680 629.5
1343690 630.1
1343700 630.5
1343710 630.5
1343720 630.8
1343730 630.6
1343740 630.6
1343750 630.3
1343760 629.7
1343770 629.7
1343780 629.0
1343790 627.7
1343800 627.7
1343810 626.4
1343820 625.0
1343830 625.0
1343840 623.2
1343850 621.3
1343860 621.3
1343870 619.2
1343880 617.3
1343890 617.3
1343900 615.4
1343910 613.7
1343920 613.7
1343930 612.1
1343940 610.4
1343950 610.4
1343960 608.5
1343970 606.5
1343980 606.5
1343990 605.0
1344000 604.5
1344010 604.8
1344020 604.8
1344030 604.2
1344040 601.2
1344050 601.2
1344060 597.2
1344070 593.8
1344080 593.8
1344090 591.1
1344100 588.0
1344110 588.0
1344120 586.1
1344130 585.1
1344140 585.1
1344150 585.0
1344160 584.5
1344170 584.5
1344180 580.8
1344190 578.0
1344200 578.0
1344210 576.9
1344220 576.6
1344230 576.6
1344240 576.0
1344250 573.7
1344260 573.7
1344270 570.0
1344280 566.2
1344290 566.2
1344300 562.6
1344310 559.6
1344320 559.6
1344330 557.0
1344340 554.5
1344350 554.5
1344360 552.5
1344370 550.7
1344380 548.1
1344390 548.1
1344400 545.2
1344410 543.0
1344420 543.0
1344430 540.9
1344440 538.5
1344450 538.5
1344460 534.9
1344470 530.9
1344480 530.9
1344490 528.1
1344500 525.4
1344510 525.4
1344520 523.3
1344530 522.2
1344540 522.2
1344550 521.6
1344560 521.8
1344570 521.8
1344580 522.4
1344590 521.6
1344600 521.6
1344610 517.6
1344620 514.0
1344630 513.7
1344640 510.4
1344650 508.1
1344660 508.1
1344670 506.0
1344680 503.3
1344690 503.3
1344700 499.9
1344710 497.2
1344720 496.6
1344730 496.6
1344740 496.5
1344750 496.5
1344760 496.5
1344770 496.1
1344780 495.7
1344790 495.7
1344800 495.2
1344810 494.9
1344820 494.9
1344830 494.8
1344840 494.8
1344850 494.8
1344860 494.9
1344870 494.9
1344880 494.9
1344890 494.8
1344900 494.7
1344910 494.7
1344920 494.6
1344930 494.6
1344940 494.6
1344950 494.6
1344960 494.6
1344970 494.6
1344980 494.6
1344990 494.7
1345000 494.7
1345010 494.6
1345020 494.5
1345030 494.5
1345040 494.4
1345050 494.3
1345060 494.3
1345070 494.3
1345080 494.2
1345090 494.1
1345100 494.1
1345110 494.1
1345120 494.1
1345130 494.1
1345140 494.2
1345150 494.3
1345160 494.3
1345170 494.3
1345180 494.4
1345190 494.4
1345200 494.6
1345210 494.7
1345220 494.7
1345230 494.6
1345240 494.5
1345250 494.5
1345260 494.4
1345270 494.4
1345280 494.4
1345290 494.4
1345300 494.3
1345310 494.3
1345320 494.2
1345330 494.2
1345340 494.2
1345350 494.2
1345360 494.2
1345370 494.2
1345380 494.2
1345390 494.2
1345400 494.2
1345410 494.3
1345420 494.3
1345430 494.2
1345440 494.2
1345450 494.2
1345460 494.1
1345470 494.1
1345480 494.2
1345490 494.4
1345500 494.4
1345510 494.5
1345520 494.5
1345530 494.5
1345540 494.3
1345550 493.8
1345560 493.8
1345570 493.0
1345580 492.3
1345590 492.3
1345600 491.8
1345610 491.7
1345620 491.7
1345630 491.9
1345640 491.9
1345650 491.9
1345660 491.8
1345670 491.9
1345680 491.9
1345690 492.2
1345700 492.3
1345710 492.3
1345720 492.4
1345730 492.6
1345740 492.6
1345750 492.6
1345760 492.5
1345770 492.3
1345780 492.3
1345790 492.2
1345800 492.2
1345810 492.2
1345820 492.3
1345830 490.6
1345840 490.6
1345850 489.0
1345860 489.4
1345870 489.4
1345880 489.4
1345890 489.5
1345900 489.5
1345910 489.5
1345920 489.7
1345930 489.7
1345940 489.7
1345950 489.7
1345960 489.7
1345970 489.7
1345980 489.7
1345990 489.7
1346000 489.6
1346010 489.6
1346020 489.6
1346030 489.5
1346040 489.5
1346050 489.5
1346060 489.5
1346070 489.7
1346080 489.7
1346090 489.7
1346100 489.7
1346110 489.7
1346120 489.8
1346130 489.8
1346140 489.9
1346150 489.9
1346160 490.0
1346170 490.2
1346180 490.2
1346190 490.3
1346200 489.8
1346210 489.8
1346220 487.6
1346230 487.1
1346240 487.1
1346250 487.1
1346260 486.9
1346270 486.9
1346280 486.7
1346290 486.7
1346300 486.7
1346310 486.6
1346320 486.6
1346330 486.6
1346340 486.6
1346350 486.7
1346360 486.7
1346370 486.7
1346380 486.7
1346390 486.7
1346400 486.8
1346410 487.0
1346420 487.0
1346430 487.2
1346440 488.1
1346450 488.1
1346460 489.5
1346470 489.7
1346480 489.6
1346490 489.6
1346500 489.6
1346510 489.5
1346520 489.5
1346530 489.5
1346540 489.5
1346550 489.5
1346560 489.4
1346570 489.3
1346580 489.3
1346590 489.1
1346600 489.3
1346610 489.3
1346620 489.6
1346630 489.6
1346640 489.6
1346650 489.6
1346660 489.5
1346670 489.5
1346680 489.5
1346690 489.5
1346700 489.5
1346710 489.6
1346720 489.6
1346730 489.6
1346740 489.5
1346750 489.5
1346760 489.5
1346770 489.5
1346780 489.4
1346790 489.4
1346800 489.4
1346810 489.1
1346820 489.1
1346830 489.1
1346840 489.2
1346850 489.3
1346860 489.3
1346870 489.3
1346880 489.2
1346890 489.2
1346900 489.4
1346910 489.5
1346920 489.5
1346930 489.4
1346940 489.4
1346950 489.4
1346960 489.3
1346970 489.2
1346980 489.2
1346990 489.2
1347000 489.1
1347010 489.1
1347020 489.1
1347030 489.0
1347040 489.0
1347050 488.9
1347060 488.7
1347070 488.7
1347080 489.1
1347090 489.1
1347100 489.1
1347110 489.0
1347120 489.0
1347130 489.0
1347140 489.0
1347150 489.0
1347160 489.0
1347170 488.9
1347180 488.9
1347190 488.9
1347200 488.9
1347210 488.9
1347220 488.8
1347230 488.8
1347240 488.8
1347250 488.8
1347260 488.8
1347270 488.7
1347280 488.6
1347290 488.6
1347300 488.8
1347310 489.0
1347320 489.0
1347330 489.2
1347340 489.4
1347350 489.4
1347360 492.4
1347370 494.2
1347380 494.2
1347390 490.9
1347400 488.7
1347410 488.7
1347420 488.6
1347430 488.7
1347440 488.7
1347450 488.7
1347460 488.8
1347470 488.8
1347480 488.8
1347490 488.8
1347500 488.8
1347510 489.6
1347520 490.1
1347530 490.3
1347540 490.3
1347550 489.2
1347560 488.9
1347570 488.9
1347580 488.7
1347590 488.4
1347600 488.4
1347610 488.5
1347620 488.8
1347630 488.8
1347640 488.9
1347650 488.9
1347660 488.9
1347670 488.8
1347680 488.8
1347690 488.8
1347700 488.8
1347710 488.8
1347720 488.8
1347730 488.8
1347740 488.8
1347750 488.8
1347760 488.8
1347770 488.8
1347780 488.8
1347790 488.9
1347800 489.1
1347810 489.1
1347820 489.3
1347830 489.3
1347840 489.3
1347850 489.4
1347860 490.2
1347870 490.2
1347880 491.7
1347890 492.8
1347900 495.7
1347910 495.7
1347920 502.0
1347930 504.8
1347940 504.8
1347950 504.9
1347960 505.0
1347970 505.0
1347980 505.2
1347990 505.5
1348000 505.5
1348010 506.0
1348020 507.1
1348030 507.1
1348040 511.6
1348050 517.4
1348060 517.4
1348070 523.8
1348080 529.7
1348090 529.7
1348100 533.7
1348110 535.6
1348120 535.6
1348130 536.8
1348140 537.7
1348150 537.7
1348160 538.3
1348170 539.1
1348180 539.1
1348190 540.4
1348200 542.0
1348210 542.0
1348220 543.8
1348230 545.4
1348240 546.7
1348250 546.7
1348260 547.5
1348270 548.1
1348280 548.1
1348290 546.2
1348300 541.7
1348310 541.7
1348320 536.8
1348330 532.4
1348340 532.3
1348350 531.4
1348360 532.1
1348370 532.1
1348380 532.7
1348390 533.3
1348400 533.3
1348410 534.2
1348420 535.2
1348430 535.2
1348440 536.8
1348450 538.6
1348460 538.6
1348470 540.1
1348480 541.5
1348490 541.5
1348500 542.8
1348510 544.0
1348520 544.0
1348530 545.9
1348540 548.4
1348550 548.4
1348560 550.8
1348570 554.0
1348580 554.0
1348590 559.0
1348600 564.5
1348610 570.3
1348620 570.3
1348630 575.9
1348640 580.0
1348650 580.0
1348660 582.3
1348670 585.0
1348680 585.0
1348690 586.4
1348700 587.3
1348710 587.3
1348720 587.8
1348730 588.6
1348740 588.6
1348750 590.4
1348760 593.3
1348770 593.3
1348780 597.4
1348790 602.4
1348800 602.4
1348810 607.3
1348820 611.2
1348830 611.2
1348840 613.2
1348850 614.6
1348860 614.6
1348870 616.0
1348880 616.8
1348890 616.8
1348900 617.4
1348910 617.9
1348920 617.9
1348930 618.0
1348940 617.9
1348950 617.5
1348960 617.5
1348970 616.9
1348980 616.5
1348990 616.5
1349000 616.0
1349010 615.9
1349020 615.9
1349030 615.9
1349040 616.6
1349050 616.6
1349060 617.6
1349070 618.7
1349080 618.7
1349090 620.0
1349100 621.2
1349110 621.2
1349120 622.2
1349130 623.5
1349140 623.5
1349150 625.4
1349160 627.6
1349170 627.6
1349180 629.9
1349190 631.9
1349200 631.9
1349210 633.5
1349220 635.4
1349230 635.4
1349240 636.6
1349250 637.4
1349260 637.4
1349270 637.5
1349280 637.5
1349290 637.3
1349300 637.3
1349310 637.1
1349320 636.6
1349330 636.6
1349340 635.8
1349350 635.0
1349360 635.0
1349370 634.2
1349380 633.3
1349390 633.3
1349400 632.7
1349410 631.5
1349420 631.5
1349430 629.2
1349440 626.5
1349450 626.5
1349460 625.2
1349470 625.7
1349480 625.7
1349490 626.7
1349500 627.9
1349510 627.9
1349520 628.6
1349530 628.3
1349540 628.3
1349550 627.6
1349560 626.9
1349570 626.9
1349580 625.7
1349590 624.6
1349600 624.6
1349610 624.1
1349620 624.1
1349630 624.1
1349640 624.0
1349650 623.4
1349660 622.9
1349670 622.9
1349680 622.7
1349690 622.4
1349700 622.4
1349710 621.6
1349720 620.6
1349730 620.6
1349740 620.0
1349750 619.9
1349760 619.9
1349770 620.5
1349780 621.4
1349790 621.4
1349800 621.5
1349810 620.6
1349820 620.6
1349830 619.4
1349840 618.6
1349850 618.6
1349860 618.0
1349870 617.0
1349880 617.0
1349890 616.7
1349900 617.2
1349910 617.2
1349920 618.4
1349930 619.8
1349940 619.8
1349950 620.9
1349960 621.2
1349970 621.2
1349980 621.0
1349990 620.4
1350000 619.7
1350010 619.7
1350020 619.4
1350030 619.6
1350040 619.6
1350050 620.0
1350060 620.4
1350070 620.4
1350080 620.6
1350090 621.0
1350100 621.0
1350110 621.5
1350120 621.7
1350130 621.7
1350140 622.0
1350150 622.2
1350160 622.2
1350170 621.5
1350180 620.6
1350190 620.6
1350200 620.1
1350210 620.0
1350220 620.0
1350230 620.3
1350240 620.8
1350250 620.8
1350260 621.2
1350270 621.9
1350280 621.9
1350290 622.7
1350300 623.3
1350310 623.3
1350320 623.8
1350330 624.5
1350340 624.5
1350350 625.2
1350360 625.7
1350370 626.4
1350380 626.4
1350390 627.2
1350400 627.9
1350410 627.9
1350420 628.5
1350430 629.0
1350440 629.0
1350450 629.6
1350460 630.0
1350470 630.0
1350480 630.4
1350490 631.3
1350500 631.3
1350510 632.2
1350520 632.7
1350530 632.7
1350540 632.9
1350550 633.4
1350560 633.4
1350570 634.1
1350580 634.9
1350590 634.9
1350600 635.7
1350610 636.4
1350620 636.4
1350630 637.0
1350640 637.6
1350650 637.6
1350660 638.0
1350670 638.4
1350680 638.4
1350690 638.7
1350700 639.0
1350710 639.3
1350720 639.3
1350730 639.8
1350740 640.6
1350750 640.6
1350760 641.5
1350770 642.0
1350780 642.0
1350790 642.1
1350800 642.3
1350810 642.3
1350820 642.6
1350830 642.9
1350840 642.9
1350850 643.3
1350860 642.5
1350870 642.5
1350880 641.2
1350890 640.9
1350900 640.9
1350910 640.7
1350920 640.8
1350930 640.8
1350940 640.7
1350950 640.3
1350960 640.3
1350970 639.7
1350980 639.0
1350990 639.0
1351000 638.2
1351010 637.2
1351020 637.2
1351030 635.9
1351040 634.5
1351050 633.6
1351060 633.6
1351070 631.4
1351080 627.9
1351090 627.9
1351100 625.6
1351110 624.9
1351120 624.9
1351130 624.2
1351140 622.7
1351150 622.7
1351160 622.2
1351170 621.4
1351180 622.4
1351190 620.5
1351200 616.0
1351210 616.0
1351220 613.9
1351230 612.4
1351240 612.4
1351250 611.2
1351260 610.1
1351270 610.1
1351280 609.1
1351290 608.8
1351300 608.8
1351310 608.3
1351320 608.1
1351330 608.1
1351340 608.1
1351350 608.0
1351360 608.0
1351370 607.8
1351380 607.6
1351390 607.6
1351400 607.8
1351410 608.6
1351420 609.9
1351430 609.9
1351440 611.1
1351450 612.2
1351460 612.2
1351470 613.3
1351480 612.8
1351490 612.8
1351500 611.5
1351510 610.6
1351520 610.6
1351530 609.0
1351540 606.2
1351550 606.2
1351560 604.2
1351570 603.7
1351580 603.7
1351590 603.6
1351600 603.7
1351610 603.7
1351620 604.6
1351630 607.1
1351640 607.1
1351650 608.7
1351660 608.7
1351670 608.7
1351680 608.5
1351690 608.8
1351700 608.8
1351710 608.8
1351720 609.1
1351730 609.1
1351740 610.6
1351750 613.6
1351760 615.4
1351770 615.4
1351780 617.2
1351790 619.8
1351800 619.8
1351810 623.9
1351820 628.5
1351830 628.5
1351840 633.1
1351850 636.9
1351860 636.9
1351870 639.0
1351880 640.3
1351890 640.3
1351900 641.8
1351910 644.4
1351920 644.4
1351930 646.6
1351940 647.3
1351950 647.3
1351960 644.7
1351970 641.6
1351980 641.6
1351990 641.0
1352000 640.5
1352010 640.5
1352020 639.6
1352030 639.0
1352040 639.0
1352050 638.2
1352060 637.9
1352070 637.9
1352080 638.9
1352090 641.1
1352100 641.1
1352110 643.8
1352120 646.1
1352130 648.2
1352140 645.6
1352150 648.2
1352160 650.5
1352170 650.5
1352180 653.1
1352190 656.5
1352200 656.5
1352210 658.8
1352220 661.0
1352230 661.0
1352240 663.9
1352250 667.1
1352260 667.1
1352270 669.9
1352280 672.3
1352290 672.3
1352300 675.3
1352310 678.5
1352320 678.5
1352330 682.0
1352340 685.9
1352350 685.9
1352360 689.2
1352370 692.6
1352380 692.6
1352390 695.9
1352400 698.8
1352410 698.8
1352420 701.4
1352430 704.4
1352440 704.4
1352450 707.8
1352460 711.5
1352470 714.7
1352480 714.7
1352490 717.9
1352500 721.5
1352510 721.5
1352520 724.9
1352530 728.3
1352540 728.3
1352550 732.5
1352560 736.3
1352570 736.3
1352580 739.6
1352590 742.4
1352600 742.4
1352610 744.5
1352620 746.4
1352630 746.4
1352640 747.8
1352650 749.6
1352660 749.6
1352670 752.1
1352680 754.6
1352690 754.6
1352700 756.9
1352710 758.3
1352720 758.3
1352730 759.8
1352740 761.0
1352750 761.0
1352760 762.9
1352770 766.0
1352780 766.0
1352790 769.5
1352800 773.8
1352810 779.3
1352820 779.3
1352830 784.5
1352840 789.8
1352850 789.8
1352860 794.4
1352870 798.6
1352880 798.6
1352890 802.2
1352900 804.8
1352910 804.8
1352920 806.3
1352930 807.9
1352940 807.9
1352950 811.0
1352960 815.3
1352970 815.3
1352980 819.6
1352990 824.0
1353000 824.0
1353010 827.5
1353020 830.1
1353030 830.1
1353040 831.6
1353050 832.9
1353060 832.9
1353070 834.7
1353080 836.1
1353090 836.1
1353100 837.3
1353110 837.8
1353120 837.8
1353130 838.9
1353140 839.5
1353150 839.5
1353160 838.9
1353170 838.6
1353180 839.4
1353190 839.4
1353200 841.8
1353210 844.3
1353220 844.3
1353230 846.6
1353240 847.5
1353250 847.5
1353260 845.3
1353270 845.7
1353280 845.7
1353290 847.8
1353300 850.0
1353310 850.0
1353320 853.1
1353330 856.5
1353340 856.5
1353350 859.2
1353360 861.9
1353370 861.9
1353380 864.8
1353390 867.3
1353400 867.3
1353410 870.0
1353420 872.9
1353430 872.9
1353440 875.8
1353450 877.8
1353460 877.8
1353470 879.6
1353480 881.4
1353490 881.4
1353500 882.2
1353510 883.2
1353520 885.4
1353530 885.4
1353540 889.0
1353550 893.9
1353560 893.9
1353570 897.9
1353580 900.6
1353590 900.6
1353600 903.9
1353610 908.2
1353620 908.2
1353630 911.2
1353640 912.3
1353650 912.3
1353660 912.1
1353670 910.8
1353680 910.8
1353690 908.6
1353700 906.8
1353710 906.8
1353720 906.1
1353730 906.1
1353740 906.1
1353750 905.5
1353760 904.0
1353770 904.0
1353780 904.8
1353790 906.6
1353800 906.6
1353810 908.0
1353820 907.8
1353830 907.8
1353840 905.5
1353850 903.5
1353860 903.5
1353870 902.1
1353880 901.3
1353890 900.9
1353900 900.9
1353910 900.9
1353920 899.7
1353930 899.7
1353940 898.3
1353950 897.0
1353960 897.0
1353970 895.8
1353980 895.9
1353990 895.9
1354000 896.2
1354010 896.2
1354020 896.2
1354030 896.3
1354040 896.9
1354050 896.9
1354060 897.0
1354070 895.9
1354080 895.9
1354090 894.4
1354100 892.3
1354110 892.3
1354120 889.8
1354130 885.9
1354140 885.9
1354150 881.7
1354160 876.8
1354170 876.8
1354180 871.3
1354190 866.6
1354200 866.6
1354210 861.9
1354220 857.5
1354230 853.2
1354240 853.2
1354250 849.1
1354260 844.7
1354270 844.7
1354280 840.4
1354290 836.2
1354300 836.2
1354310 831.7
1354320 829.1
1354330 829.1
1354340 827.4
1354350 824.7
1354360 824.7
1354370 822.7
1354380 820.6
1354390 820.6
1354400 817.3
1354410 813.1
1354420 813.1
1354430 809.0
1354440 806.3
1354450 806.3
1354460 804.1
1354470 803.0
1354480 803.0
1354490 801.1
1354500 796.8
1354510 796.8
1354520 790.4
1354530 787.9
1354540 787.9
1354550 790.9
1354560 792.9
1354570 792.4
1354580 792.4
1354590 793.0
1354600 791.8
1354610 791.8
1354620 790.5
1354630 790.3
1354640 790.3
1354650 791.1
1354660 790.3
1354670 790.3
1354680 789.7
1354690 788.3
1354700 788.3
1354710 788.0
1354720 789.6
1354730 789.6
1354740 792.8
1354750 796.0
1354760 796.0
1354770 796.3
1354780 794.9
1354790 794.9
1354800 792.8
1354810 789.0
1354820 789.0
1354830 785.7
1354840 783.7
1354850 783.7
1354860 783.5
1354870 786.2
1354880 786.2
1354890 787.8
1354900 787.9
1354910 787.9
1354920 787.4
1354930 786.5
1354940 785.0
1354950 785.0
1354960 783.8
1354970 781.8
1354980 781.8
1354990 780.9
1355000 780.7
1355010 780.7
1355020 780.0
1355030 777.8
1355040 777.8
1355050 777.2
1355060 777.9
1355070 787.0
1355080 787.2
1355090 785.8
1355100 785.8
1355110 786.1
1355120 787.2
1355130 787.2
1355140 786.3
1355150 785.7
1355160 785.7
1355170 783.4
1355180 782.7
1355190 782.7
1355200 784.3
1355210 784.5
1355220 784.5
1355230 782.8
1355240 781.4
1355250 781.4
1355260 780.4
1355270 774.6
1355280 764.7
1355290 764.7
1355300 768.2
1355310 773.9
1355320 773.9
1355330 778.9
1355340 782.0
1355350 782.0
1355360 777.1
1355370 779.7
1355380 779.7
1355390 787.1
1355400 791.9
1355410 791.9
1355420 796.2
1355430 795.9
1355440 795.9
1355450 791.2
1355460 783.0
1355470 783.0
1355480 773.7
1355490 765.1
1355500 765.1
1355510 756.4
1355520 748.5
1355530 748.5
1355540 742.7
1355550 738.7
1355560 738.7
1355570 735.1
1355580 731.1
1355590 731.1
1355600 728.0
1355610 723.6
1355620 723.6
1355630 716.6
1355640 711.5
1355650 708.4
1355660 708.4
1355670 704.2
1355680 698.9
1355690 698.9
1355700 693.4
1355710 688.1
1355720 688.1
1355730 682.7
1355740 677.4
1355750 677.4
1355760 674.4
1355770 671.6
1355780 671.6
1355790 667.4
1355800 663.3
1355810 663.3
1355820 657.4
1355830 651.6
1355840 651.6
1355850 647.0
1355860 644.0
1355870 644.0
1355880 640.9
1355890 638.3
1355900 638.3
1355910 635.2
1355920 631.0
1355930 631.0
1355940 626.6
1355950 621.2
1355960 621.2
1355970 611.3
1355980 602.9
1355990 601.4
1356000 601.4
1356010 601.0
1356020 597.0
1356030 597.0
1356040 588.3
1356050 587.8
1356060 582.2
1356070 593.4
1356080 603.0
1356090 603.0
1356100 608.6
1356110 615.1
1356120 615.1
1356130 620.5
1356140 627.4
1356150 627.4
1356160 634.3
1356170 641.3
1356180 641.3
1356190 648.0
1356200 655.5
1356210 655.5
1356220 662.8
1356230 668.3
1356240 668.3
1356250 673.0
1356260 678.2
1356270 678.2
1356280 684.0
1356290 690.4
1356300 690.4
1356310 695.9
1356320 702.3
1356330 708.2
1356340 708.2
1356350 713.1
1356360 720.2
1356370 720.2
1356380 726.3
1356390 732.8
1356400 732.8
1356410 736.6
1356420 738.0
1356430 738.0
1356440 737.0
1356450 738.1
1356460 738.1
1356470 743.0
1356480 746.5
1356490 746.5
1356500 747.4
1356510 745.4
1356520 745.4
1356530 742.4
1356540 739.6
1356550 739.6
1356560 739.5
1356570 740.6
1356580 740.6
1356590 742.4
1356600 740.7
1356610 740.7
1356620 744.1
1356630 746.5
1356640 746.5
1356650 746.7
1356660 747.7
1356670 747.7
1356680 748.7
1356690 749.5
1356700 750.2
1356710 750.2
1356720 750.4
1356730 751.3
1356740 751.3
1356750 752.6
1356760 752.8
1356770 752.8
1356780 752.0
1356790 753.6
1356800 753.6
1356810 755.1
1356820 756.8
1356830 756.8
1356840 758.7
1356850 760.9
1356860 760.9
1356870 762.6
1356880 764.4
1356890 764.4
1356900 766.2
1356910 768.3
1356920 768.3
1356930 770.1
1356940 772.6
1356950 772.6
1356960 775.3
1356970 777.7
1356980 777.7
1356990 779.8
1357000 782.0
1357010 782.0
1357020 783.9
1357030 786.1
1357040 788.1
1357050 788.1
1357060 784.9
1357070 787.3
1357080 787.3
1357090 789.5
1357100 791.4
1357110 791.4
1357120 793.5
1357130 796.2
1357140 796.2
1357150 798.4
1357160 800.9
1357170 800.9
1357180 803.9
1357190 806.8
1357200 806.8
1357210 809.6
1357220 812.6
1357230 812.6
1357240 815.1
1357250 816.6
1357260 816.6
1357270 818.3
1357280 820.5
1357290 820.5
1357300 822.1
1357310 824.3
1357320 824.3
1357330 826.6
1357340 829.1
1357350 829.1
1357360 831.9
1357370 834.7
1357380 834.7
1357390 837.1
1357400 839.8
1357410 842.9
1357420 842.9
1357430 845.8
1357440 848.0
1357450 848.0
1357460 849.1
1357470 851.5
1357480 851.5
1357490 853.1
1357500 855.1
1357510 855.1
1357520 857.5
1357530 859.7
1357540 859.7
1357550 861.8
1357560 864.3
1357570 864.3
1357580 866.0
1357590 866.8
1357600 866.8
1357610 868.4
1357620 870.1
1357630 870.1
1357640 871.8
1357650 873.9
1357660 873.9
1357670 876.1
1357680 879.1
1357690 879.1
1357700 883.0
1357710 888.0
1357720 888.0
1357730 894.8
1357740 901.8
1357750 907.0
1357760 907.0
1357770 910.8
1357780 915.0
1357790 915.0
1357800 918.0
1357810 918.9
1357820 918.9
1357830 921.7
1357840 924.4
1357850 924.4
1357860 926.7
1357870 930.4
1357880 930.4
1357890 935.3
1357900 940.1
1357910 940.1
1357920 942.6
1357930 944.3
1357940 944.3
1357950 946.5
1357960 950.5
1357970 950.5
1357980 954.3
1357990 956.5
1358000 956.5
1358010 959.6
1358020 964.6
1358030 964.6
1358040 970.3
1358050 975.9
1358060 975.9
1358070 976.9
1358080 980.9
1358090 985.0
1358100 985.0
1358110 989.5
1358120 993.5
1358130 993.5
1358140 997.0
1358150 1000.9
1358160 1000.9
1358170 1004.8
1358180 1008.1
1358190 1008.1
1358200 1011.5
1358210 1014.7
1358220 1014.7
1358230 1017.6
1358240 1020.0
1358250 1020.0
1358260 1021.7
1358270 1022.8
1358280 1022.8
1358290 1023.8
1358300 1024.7
1358310 1024.7
1358320 1025.8
1358330 1026.2
1358340 1026.2
1358350 1026.5
1358360 1027.4
1358370 1027.4
1358380 1029.1
1358390 1032.2
1358400 1032.2
1358410 1035.5
1358420 1038.7
1358430 1038.7
1358440 1042.4
1358450 1046.7
1358460 1050.2
1358470 1050.2
1358480 1052.8
1358490 1055.1
1358500 1055.1
1358510 1057.0
1358520 1058.7
1358530 1058.7
1358540 1060.0
1358550 1060.9
1358560 1060.9
1358570 1061.8
1358580 1062.3
1358590 1062.3
1358600 1063.2
1358610 1064.1
1358620 1064.1
1358630 1064.7
1358640 1065.2
1358650 1065.2
1358660 1065.5
1358670 1065.6
1358680 1065.6
1358690 1065.5
1358700 1065.2
1358710 1065.2
1358720 1064.7
1358730 1064.3
1358740 1064.3
1358750 1064.3
1358760 1064.3
1358770 1064.3
1358780 1064.5
1358790 1064.4
1358800 1063.6
1358810 1063.6
1358820 1062.5
1358830 1061.6
1358840 1061.6
1358850 1060.8
1358860 1059.9
1358870 1059.9
1358880 1058.3
1358890 1056.3
1358900 1056.3
1358910 1054.5
1358920 1052.8
1358930 1052.8
1358940 1051.1
1358950 1049.1
1358960 1049.1
1358970 1046.4
1358980 1043.2
1358990 1043.2
1359000 1040.5
1359010 1037.5
1359020 1037.5
1359030 1034.4
1359040 1032.2
1359050 1032.2
1359060 1030.6
1359070 1028.4
1359080 1028.4
1359090 1023.4
1359100 1021.5
1359110 1021.5
1359120 1019.8
1359130 1018.3
1359140 1016.9
1359150 1016.9
1359160 1015.4
1359170 1012.4
1359180 1012.4
1359190 1007.5
1359200 1003.5
1359210 1003.5
1359220 1000.2
1359230 996.4
1359240 996.4
1359250 991.0
1359260 986.5
1359270 986.5
1359280 990.5
1359290 994.0
1359300 994.0
1359310 990.1
1359320 984.2
1359330 984.2
1359340 978.2
1359350 972.6
1359360 972.6
1359370 968.1
1359380 963.2
1359390 963.2
1359400 957.4
1359410 952.4
1359420 952.4
1359430 947.3
1359440 942.8
1359450 942.8
1359460 944.0
1359470 944.0
1359480 944.0
1359490 944.3
1359500 946.0
1359510 946.0
1359520 946.0
1359530 943.9
1359540 941.8
1359550 941.8
1359560 939.1
1359570 935.5
1359580 935.5
1359590 932.9
1359600 932.0
1359610 932.0
1359620 930.3
1359630 927.9
1359640 927.9
1359650 925.9
1359660 924.1
1359670 924.1
1359680 922.3
1359690 918.6
1359700 918.6
1359710 913.6
1359720 909.2
1359730 909.2
1359740 903.9
1359750 897.5
1359760 897.5
1359770 890.3
1359780 880.7
1359790 880.7
1359800 879.2
1359810 883.2
1359820 883.2
1359830 885.6
1359840 887.9
1359850 885.6
1359860 885.6
1359870 885.5
1359880 886.6
1359890 886.6
1359900 882.7
1359910 876.8
1359920 876.8
1359930 872.2
1359940 875.8
1359950 875.8
1359960 883.9
1359970 887.9
1359980 887.9
1359990 890.4
