1340000 746.4
1340010 748.1
1340020 749.7
1340030 749.7
1340040 750.4
1340050 749.3
1340060 749.3
1340070 752.1
1340080 753.1
1340090 753.1
1340100 751.1
1340110 747.9
1340120 747.9
1340130 744.8
1340140 742.8
1340150 742.8
1340160 741.6
1340170 734.2
1340180 734.2
1340190 726.5
1340200 725.0
1340210 725.0
1340220 723.8
1340230 721.9
1340240 721.9
1340250 718.7
1340260 716.7
1340270 717.8
1340280 717.8
1340290 718.1
1340300 714.9
1340310 714.9
1340320 710.8
1340330 707.2
1340340 707.2
1340350 703.3
1340360 699.6
1340370 699.6
1340380 699.1
1340390 699.6
1340400 699.6
1340410 699.6
1340420 699.8
1340430 699.8
1340440 699.4
1340450 698.9
1340460 698.9
1340470 698.3
1340480 696.7
1340490 696.7
1340500 695.0
1340510 693.7
1340520 693.7
1340530 691.9
1340540 689.9
1340550 689.9
1340560 687.7
1340570 684.9
1340580 684.9
1340590 681.9
1340600 678.3
1340610 678.3
1340620 674.7
1340630 673.2
1340640 674.1
1340650 674.1
1340660 674.9
1340670 673.0
1340680 673.0
1340690 669.9
1340700 667.9
1340710 667.9
1340720 666.7
1340730 665.8
1340740 665.8
1340750 665.1
1340760 664.7
1340770 664.7
1340780 664.5
1340790 664.5
1340800 664.5
1340810 664.4
1340820 664.1
1340830 664.1
1340840 663.8
1340850 663.4
1340860 663.4
1340870 663.0
1340880 662.7
1340890 662.7
1340900 662.6
1340910 662.2
1340920 662.2
1340930 661.8
1340940 659.3
1340950 659.3
1340960 658.2
1340970 656.9
1340980 655.7
1340990 655.7
1341000 654.7
1341010 653.8
1341020 653.8
1341030 653.0
1341040 652.5
1341050 652.5
1341060 652.1
1341070 651.8
1341080 651.8
1341090 651.4
1341100 650.9
1341110 650.9
1341120 650.4
1341130 649.7
1341140 649.7
1341150 649.1
1341160 648.3
1341170 648.3
1341180 647.5
1341190 646.8
1341200 646.8
1341210 646.0
1341220 645.1
1341230 645.1
1341240 644.1
1341250 643.3
1341260 643.3
1341270 642.5
1341280 641.8
1341290 641.8
1341300 641.4
1341310 640.9
1341320 640.9
1341330 639.5
1341340 638.2
1341350 637.2
1341360 637.2
1341370 636.6
1341380 636.1
1341390 636.1
1341400 636.5
1341410 636.3
1341420 636.3
1341430 635.4
1341440 634.5
1341450 634.5
1341460 633.5
1341470 632.1
1341480 632.1
1341490 630.0
1341500 627.5
1341510 627.5
1341520 624.7
1341530 621.2
1341540 621.2
1341550 613.2
1341560 606.6
1341570 606.6
1341580 603.5
1341590 602.7
1341600 602.7
1341610 604.8
1341620 608.0
1341630 608.0
1341640 611.7
1341650 616.6
1341660 616.6
1341670 612.7
1341680 607.8
1341690 604.7
1341700 604.7
1341710 598.6
1341720 594.0
1341730 594.0
1341740 589.2
1341750 582.9
1341760 582.9
1341770 576.1
1341780 570.2
1341790 570.2
1341800 564.6
1341810 560.5
1341820 560.5
1341830 556.4
1341840 554.6
1341850 554.6
1341860 553.3
1341870 552.0
1341880 552.0
1341890 550.4
1341900 549.1
1341910 549.1
1341920 547.9
1341930 547.1
1341940 547.1
1341950 546.8
1341960 546.6
1341970 546.6
1341980 546.5
1341990 546.6
1342000 546.6
1342010 546.6
1342020 546.5
1342030 546.4
1342040 546.4
1342050 546.2
1342060 546.1
1342070 546.1
1342080 545.9
1342090 545.7
1342100 545.7
1342110 545.5
1342120 545.4
1342130 545.4
1342140 544.9
1342150 544.5
1342160 544.5
1342170 544.6
1342180 544.9
1342190 544.9
1342200 544.5
1342210 543.5
1342220 543.5
1342230 545.2
1342240 546.7
1342250 546.7
1342260 548.4
1342270 550.4
1342280 550.4
1342290 552.9
1342300 554.1
1342310 554.1
1342320 554.9
1342330 557.7
1342340 557.7
1342350 560.3
1342360 563.2
1342370 563.2
1342380 567.3
1342390 571.5
1342400 575.4
1342410 575.4
1342420 579.3
1342430 577.2
1342440 577.2
1342450 578.6
1342460 580.4
1342470 580.4
1342480 581.9
1342490 583.7
1342500 583.7
1342510 585.5
1342520 587.7
1342530 587.7
1342540 589.9
1342550 592.5
1342560 592.5
1342570 595.2
1342580 597.8
1342590 597.8
1342600 600.3
1342610 600.4
1342620 600.4
1342630 597.2
1342640 592.8
1342650 592.8
1342660 587.9
1342670 584.3
1342680 584.3
1342690 583.8
1342700 584.0
1342710 584.0
1342720 582.9
1342730 586.4
1342740 585.0
1342750 585.0
1342760 585.7
1342770 590.4
1342780 590.4
1342790 596.2
1342800 602.3
1342810 602.3
1342820 608.5
1342830 614.4
1342840 614.4
1342850 619.0
1342860 620.6
1342870 620.6
1342880 621.1
1342890 622.4
1342900 622.4
1342910 623.6
1342920 624.4
1342930 624.4
1342940 625.0
1342950 624.7
1342960 624.7
1342970 624.0
1342980 624.4
1342990 624.4
1343000 624.3
1343010 625.5
1343020 625.5
1343030 627.0
1343040 627.4
1343050 627.4
1343060 628.0
1343070 628.2
1343080 628.2
1343090 626.6
1343100 624.8
1343110 625.3
1343120 625.3
1343130 625.2
1343140 623.5
1343150 623.5
1343160 625.0
1343170 627.2
1343180 627.2
1343190 625.6
1343200 625.0
1343210 625.0
1343220 628.4
1343230 630.5
1343240 630.5
1343250 632.4
1343260 634.6
1343270 634.6
1343280 635.5
1343290 636.1
1343300 636.1
1343310 636.1
1343320 635.8
1343330 635.8
1343340 635.5
1343350 635.0
1343360 635.0
1343370 634.3
1343380 633.6
1343390 633.6
1343400 633.0
1343410 632.6
1343420 632.6
1343430 632.5
1343440 632.5
1343450 632.7
1343460 632.7
1343470 632.9
1343480 633.1
1343490 633.1
1343500 633.2
1343510 633.2
1343520 633.2
1343530 633.0
1343540 632.8
1343550 632.8
1343560 632.6
1343570 632.3
1343580 632.3
1343590 631.9
1343600 631.3
1343610 631.3
1343620 630.4
1343630 629.3
1343640 627.6
1343650 626.1
1343660 624.2
1343670 624.2
1343680 622.4
1343690 620.6
1343700 620.6
1343710 618.7
1343720 617.0
1343730 617.0
1343740 615.7
1343750 614.7
1343760 614.7
1343770 613.7
1343780 613.0
1343790 612.4
1343800 612.4
1343810 611.8
1343820 611.2
1343830 611.2
1343840 610.4
1343850 609.6
1343860 609.6
1343870 608.7
1343880 607.6
1343890 607.6
1343900 606.3
1343910 604.9
1343920 604.9
1343930 603.4
1343940 601.6
1343950 601.6
1343960 599.8
1343970 598.0
1343980 598.0
1343990 595.9
1344000 594.0
1344010 594.0
1344020 592.1
1344030 590.9
1344040 590.9
1344050 589.0
1344060 586.6
1344070 586.6
1344080 583.9
1344090 581.6
1344100 581.6
1344110 578.6
1344120 574.9
1344130 574.9
1344140 573.0
1344150 570.4
1344160 565.6
1344170 565.6
1344180 561.1
1344190 558.1
1344200 558.1
1344210 555.9
1344220 554.3
1344230 554.3
1344240 553.5
1344250 553.1
1344260 553.1
1344270 551.0
1344280 547.9
1344290 547.9
1344300 545.8
1344310 543.3
1344320 543.3
1344330 538.9
1344340 534.8
1344350 534.8
1344360 531.6
1344370 528.3
1344380 528.3
1344390 526.2
1344400 524.7
1344410 524.7
1344420 522.8
1344430 521.3
1344440 521.3
1344450 520.5
1344460 520.5
1344470 520.5
1344480 520.9
1344490 520.1
1344500 518.1
1344510 518.1
1344520 516.6
1344530 515.4
1344540 515.4
1344550 508.6
1344560 503.8
1344570 503.8
1344580 499.4
1344590 497.3
1344600 497.3
1344610 497.1
1344620 497.0
1344630 497.0
1344640 496.9
1344650 496.8
1344660 496.8
1344670 496.5
1344680 495.3
1344690 495.3
1344700 495.0
1344710 494.9
1344720 494.9
1344730 494.9
1344740 494.9
1344750 494.9
1344760 494.9
1344770 494.9
1344780 494.9
1344790 494.8
1344800 494.8
1344810 494.8
1344820 494.9
1344830 495.0
1344840 495.0
1344850 495.0
1344860 495.0
1344870 495.0
1344880 495.0
1344890 494.9
1344900 494.9
1344910 494.9
1344920 494.8
1344930 494.9
1344940 494.9
1344950 495.0
1344960 494.8
1344970 494.8
1344980 494.6
1344990 494.5
1345000 494.5
1345010 494.5
1345020 494.5
1345030 494.5
1345040 494.5
1345050 494.5
1345060 494.5
1345070 494.5
1345080 494.6
1345090 494.6
1345100 494.8
1345110 494.9
1345120 494.9
1345130 494.8
1345140 494.7
1345150 494.7
1345160 494.8
1345170 494.9
1345180 494.9
1345190 494.8
1345200 494.7
1345210 494.6
1345220 494.6
1345230 494.6
1345240 494.6
1345250 494.6
1345260 494.6
1345270 494.6
1345280 494.6
1345290 494.6
1345300 494.5
1345310 494.5
1345320 494.5
1345330 494.5
1345340 494.5
1345350 494.6
1345360 494.6
1345370 494.6
1345380 494.5
1345390 494.4
1345400 494.4
1345410 494.3
1345420 494.4
1345430 494.4
1345440 494.6
1345450 494.4
1345460 494.4
1345470 494.4
1345480 494.3
1345490 494.3
1345500 494.4
1345510 494.4
1345520 494.4
1345530 494.3
1345540 493.8
1345550 493.2
1345560 493.2
1345570 492.6
1345580 492.1
1345590 492.1
1345600 491.9
1345610 491.9
1345620 491.9
1345630 492.1
1345640 492.1
1345650 492.1
1345660 492.0
1345670 492.0
1345680 492.0
1345690 492.1
1345700 492.2
1345710 492.2
1345720 492.2
1345730 492.1
1345740 492.1
1345750 492.1
1345760 492.3
1345770 492.3
1345780 492.4
1345790 492.5
1345800 492.5
1345810 492.4
1345820 489.7
1345830 489.7
1345840 489.1
1345850 489.5
1345860 489.5
1345870 489.6
1345880 489.7
1345890 489.7
1345900 489.7
1345910 489.7
1345920 489.7
1345930 489.7
1345940 489.8
1345950 489.7
1345960 489.7
1345970 489.7
1345980 489.8
1345990 489.8
1346000 489.8
1346010 489.8
1346020 489.8
1346030 489.8
1346040 489.9
1346050 489.9
1346060 489.9
1346070 489.9
1346080 489.9
1346090 490.0
1346100 490.0
1346110 490.0
1346120 490.2
1346130 490.5
1346140 490.5
1346150 490.3
1346160 487.6
1346170 487.6
1346180 486.3
1346190 486.1
1346200 486.1
1346210 486.1
1346220 486.2
1346230 486.2
1346240 486.5
1346250 486.7
1346260 486.8
1346270 486.8
1346280 486.8
1346290 486.9
1346300 486.9
1346310 487.6
1346320 489.2
1346330 489.2
1346340 490.0
1346350 489.7
1346360 489.7
1346370 489.8
1346380 489.8
1346390 489.8
1346400 489.8
1346410 489.8
1346420 489.8
1346430 489.7
1346440 489.7
1346450 489.7
1346460 489.5
1346470 489.3
1346480 489.3
1346490 489.4
1346500 489.7
1346510 489.7
1346520 489.7
1346530 489.7
1346540 489.7
1346550 489.7
1346560 489.7
1346570 489.7
1346580 489.6
1346590 489.6
1346600 489.6
1346610 489.6
1346620 489.5
1346630 489.5
1346640 489.5
1346650 489.5
1346660 489.5
1346670 489.5
1346680 489.4
1346690 489.3
1346700 489.3
1346710 489.3
1346720 489.3
1346730 489.3
1346740 489.3
1346750 489.3
1346760 489.3
1346770 489.3
1346780 489.3
1346790 489.3
1346800 489.2
1346810 489.3
1346820 489.3
1346830 489.4
1346840 489.4
1346850 489.4
1346860 489.3
1346870 489.4
1346880 489.4
1346890 489.4
1346900 489.4
1346910 489.4
1346920 489.4
1346930 489.4
1346940 489.4
1346950 489.5
1346960 489.5
1346970 489.4
1346980 489.4
1346990 489.4
1347000 489.4
1347010 489.4
1347020 489.3
1347030 489.3
1347040 489.3
1347050 489.2
1347060 489.2
1347070 489.2
1347080 489.1
1347090 489.1
1347100 489.1
1347110 489.1
1347120 489.1
1347130 489.1
1347140 489.0
1347150 488.9
1347160 488.9
1347170 488.9
1347180 489.0
1347190 489.0
1347200 489.0
1347210 488.9
1347220 488.9
1347230 488.9
1347240 488.9
1347250 488.9
1347260 489.0
1347270 489.2
1347280 489.2
1347290 489.2
1347300 489.2
1347310 490.7
1347320 490.6
1347330 493.1
1347340 491.5
1347350 491.5
1347360 489.3
1347370 489.0
1347380 489.0
1347390 489.0
1347400 489.0
1347410 489.0
1347420 489.0
1347430 489.0
1347440 489.0
1347450 488.8
1347460 488.7
1347470 488.7
1347480 488.7
1347490 488.8
1347500 488.8
1347510 488.8
1347520 488.9
1347530 488.9
1347540 489.9
1347550 490.9
1347560 490.9
1347570 490.9
1347580 490.2
1347590 490.2
1347600 489.0
1347610 488.8
1347620 488.8
1347630 488.8
1347640 488.8
1347650 488.8
1347660 488.9
1347670 489.0
1347680 489.2
1347690 489.2
1347700 489.3
1347710 489.4
1347720 489.4
1347730 489.5
1347740 490.0
1347750 490.0
1347760 490.4
1347770 490.7
1347780 490.7
1347790 491.7
1347800 492.7
1347810 492.7
1347820 492.9
1347830 493.1
1347840 493.1
1347850 493.2
1347860 493.8
1347870 493.8
1347880 497.5
1347890 503.6
1347900 503.6
1347910 505.8
1347920 505.9
1347930 505.9
1347940 506.0
1347950 506.5
1347960 506.5
1347970 506.4
1347980 507.7
1347990 507.7
1348000 511.6
1348010 516.6
1348020 521.8
1348030 521.8
1348040 526.7
1348050 530.9
1348060 530.9
1348070 533.1
1348080 534.3
1348090 534.3
1348100 535.9
1348110 537.6
1348120 537.6
1348130 538.8
1348140 540.4
1348150 540.4
1348160 542.9
1348170 545.6
1348180 545.6
1348190 548.3
1348200 550.7
1348210 550.7
1348220 552.8
1348230 554.4
1348240 554.4
1348250 556.4
1348260 553.4
1348270 553.4
1348280 547.6
1348290 541.1
1348300 541.1
1348310 536.5
1348320 534.8
1348330 534.8
1348340 535.0
1348350 535.8
1348360 535.8
1348370 537.2
1348380 538.6
1348390 539.9
1348400 539.9
1348410 541.7
1348420 543.2
1348430 543.2
1348440 544.1
1348450 546.1
1348460 546.1
1348470 547.8
1348480 549.3
1348490 549.3
1348500 551.3
1348510 554.1
1348520 554.1
1348530 556.6
1348540 561.3
1348550 561.3
1348560 567.2
1348570 572.9
1348580 572.9
1348590 579.1
1348600 583.7
1348610 583.7
1348620 586.1
1348630 588.1
1348640 588.1
1348650 590.3
1348660 593.2
1348670 593.2
1348680 597.8
1348690 603.0
1348700 603.0
1348710 607.6
1348720 610.2
1348730 611.6
1348740 611.6
1348750 612.8
1348760 614.0
1348770 614.0
1348780 615.4
1348790 616.4
1348800 616.4
1348810 617.0
1348820 617.3
1348830 617.3
1348840 617.4
1348850 617.1
1348860 617.1
1348870 616.7
1348880 616.2
1348890 616.2
1348900 616.0
1348910 616.1
1348920 616.1
1348930 616.4
1348940 616.7
1348950 616.7
1348960 617.5
1348970 618.1
1348980 618.1
1348990 618.4
1349000 619.2
1349010 619.2
1349020 620.3
1349030 621.7
1349040 621.7
1349050 623.6
1349060 625.9
1349070 628.4
1349080 628.4
1349090 630.6
1349100 632.7
1349110 632.7
1349120 634.4
1349130 635.8
1349140 635.8
1349150 636.6
1349160 637.4
1349170 637.4
1349180 637.8
1349190 638.2
1349200 638.2
1349210 637.9
1349220 637.0
1349230 637.0
1349240 635.9
1349250 634.9
1349260 634.9
1349270 633.8
1349280 632.2
1349290 632.2
1349300 630.4
1349310 629.1
1349320 629.1
1349330 629.4
1349340 631.1
1349350 631.1
1349360 633.1
1349370 635.1
1349380 635.1
1349390 636.5
1349400 637.1
1349410 637.1
1349420 637.1
1349430 637.3
1349440 637.6
1349450 637.6
1349460 637.5
1349470 637.3
1349480 637.3
1349490 637.0
1349500 636.4
1349510 636.4
1349520 635.5
1349530 633.5
1349540 633.5
1349550 631.7
1349560 631.2
1349570 631.2
1349580 631.4
1349590 631.8
1349600 631.8
1349610 631.1
1349620 629.7
1349630 629.7
1349640 628.6
1349650 627.3
1349660 627.3
1349670 626.2
1349680 625.4
1349690 625.4
1349700 624.6
1349710 624.6
1349720 624.6
1349730 624.4
1349740 623.7
1349750 623.7
1349760 623.3
1349770 623.0
1349780 623.0
1349790 623.0
1349800 623.0
1349810 623.2
1349820 623.2
1349830 623.5
1349840 624.0
1349850 624.0
1349860 623.4
1349870 621.8
1349880 621.8
1349890 620.9
1349900 620.8
1349910 620.8
1349920 620.7
1349930 621.5
1349940 621.5
1349950 623.1
1349960 624.9
1349970 624.9
1349980 626.8
1349990 626.6
1350000 626.6
1350010 624.6
1350020 623.1
1350030 623.1
1350040 623.3
1350050 623.1
1350060 623.1
1350070 622.6
1350080 622.4
1350090 622.4
1350100 622.1
1350110 622.5
1350120 622.5
1350130 623.1
1350140 624.4
1350150 624.9
1350160 624.9
1350170 625.3
1350180 625.4
1350190 625.4
1350200 625.3
1350210 625.3
1350220 625.3
1350230 625.0
1350240 624.6
1350250 624.6
1350260 624.2
1350270 623.7
1350280 623.7
1350290 623.2
1350300 622.7
1350310 622.7
1350320 622.1
1350330 621.6
1350340 621.6
1350350 621.3
1350360 621.2
1350370 621.2
1350380 621.5
1350390 622.3
1350400 622.3
1350410 623.8
1350420 625.5
1350430 625.5
1350440 627.3
1350450 628.6
1350460 628.6
1350470 629.2
1350480 629.6
1350490 629.8
1350500 629.8
1350510 629.9
1350520 629.9
1350530 629.9
1350540 629.8
1350550 629.4
1350560 629.4
1350570 629.2
1350580 629.5
1350590 629.5
1350600 629.4
1350610 629.5
1350620 629.5
1350630 630.5
1350640 632.1
1350650 632.1
1350660 633.6
1350670 634.6
1350680 634.6
1350690 635.3
1350700 636.6
1350710 636.6
1350720 637.3
1350730 637.4
1350740 637.4
1350750 637.9
1350760 638.3
1350770 638.3
1350780 638.3
1350790 637.4
1350800 637.4
1350810 636.8
1350820 637.6
1350830 639.2
1350840 639.2
1350850 640.4
1350860 641.1
1350870 641.1
1350880 641.5
1350890 641.9
1350900 641.9
1350910 642.2
1350920 642.3
1350930 642.3
1350940 642.3
1350950 642.4
1350960 642.4
1350970 642.5
1350980 641.8
1350990 641.8
1351000 640.5
1351010 639.8
1351020 639.8
1351030 638.8
1351040 639.5
1351050 639.5
1351060 640.3
1351070 640.7
1351080 640.7
1351090 641.2
1351100 642.7
1351110 642.7
1351120 643.4
1351130 643.6
1351140 643.6
1351150 642.6
1351160 641.0
1351170 641.0
1351180 638.8
1351190 636.0
1351200 634.2
1351210 634.2
1351220 633.1
1351230 632.7
1351240 632.7
1351250 632.4
1351260 631.6
1351270 631.6
1351280 630.4
1351290 629.6
1351300 629.6
1351310 628.8
1351320 627.5
1351330 627.5
1351340 626.1
1351350 624.8
1351360 624.8
1351370 623.4
1351380 622.0
1351390 622.0
1351400 620.7
1351410 619.9
1351420 619.9
1351430 619.6
1351440 619.5
1351450 619.5
1351460 619.4
1351470 619.9
1351480 619.9
1351490 620.8
1351500 621.4
1351510 621.4
1351520 620.7
1351530 619.8
1351540 619.1
1351550 619.1
1351560 618.1
1351570 617.7
1351580 617.7
1351590 618.7
1351600 619.5
1351610 619.5
1351620 619.9
1351630 619.6
1351640 619.6
1351650 619.4
1351660 619.2
1351670 619.2
1351680 619.3
1351690 619.7
1351700 619.7
1351710 620.0
1351720 619.8
1351730 619.8
1351740 618.8
1351750 617.5
1351760 617.5
1351770 616.1
1351780 614.8
1351790 614.8
1351800 614.3
1351810 614.6
1351820 614.6
1351830 614.9
1351840 615.4
1351850 615.4
1351860 616.2
1351870 616.8
1351880 616.8
1351890 618.4
1351900 619.7
1351910 619.7
1351920 619.7
1351930 620.0
1351940 620.2
1351950 620.2
1351960 619.6
1351970 620.0
1351980 620.0
1351990 621.3
1352000 622.9
1352010 622.9
1352020 624.1
1352030 625.5
1352040 625.5
1352050 627.0
1352060 628.8
1352070 628.8
1352080 630.0
1352090 631.0
1352100 631.0
1352110 631.6
1352120 632.4
1352130 632.4
1352140 633.5
1352150 635.0
1352160 635.0
1352170 636.9
1352180 638.8
1352190 638.8
1352200 641.2
1352210 645.9
1352220 645.9
1352230 651.5
1352240 656.6
1352250 660.2
1352260 660.2
1352270 663.1
1352280 665.5
1352290 665.5
1352300 668.0
1352310 671.0
1352320 671.0
1352330 675.1
1352340 679.9
1352350 679.9
1352360 684.9
1352370 690.7
1352380 690.7
1352390 696.7
1352400 701.7
1352410 701.7
1352420 706.2
1352430 710.5
1352440 710.5
1352450 714.9
1352460 719.7
1352470 719.7
1352480 724.9
1352490 729.7
1352500 729.7
1352510 733.7
1352520 737.6
1352530 737.6
1352540 742.3
1352550 747.0
1352560 747.0
1352570 751.3
1352580 755.1
1352590 758.3
1352600 758.3
1352610 759.9
1352620 759.6
1352630 759.6
1352640 758.1
1352650 756.5
1352660 756.5
1352670 755.2
1352680 754.7
1352690 754.7
1352700 756.7
1352710 758.7
1352720 758.7
1352730 758.8
1352740 760.4
1352750 760.4
1352760 765.3
1352770 771.1
1352780 771.1
1352790 778.1
1352800 785.3
1352810 785.3
1352820 792.4
1352830 797.7
1352840 797.7
1352850 801.5
1352860 803.6
1352870 803.6
1352880 803.2
1352890 800.2
1352900 800.2
1352910 798.6
1352920 798.2
1352930 798.2
1352940 798.5
1352950 799.9
1352960 800.8
1352970 800.8
1352980 802.0
1352990 803.1
1353000 803.1
1353010 804.2
1353020 804.3
1353030 804.3
1353040 805.8
1353050 807.4
1353060 807.4
1353070 810.6
1353080 814.6
1353090 814.6
1353100 817.9
1353110 820.4
1353120 820.4
1353130 822.8
1353140 825.4
1353150 825.4
1353160 828.4
1353170 831.2
1353180 831.2
1353190 834.1
1353200 836.8
1353210 836.8
1353220 840.0
1353230 843.5
1353240 843.5
1353250 846.9
1353260 850.6
1353270 850.6
1353280 853.4
1353290 855.0
1353300 854.8
1353310 854.8
1353320 854.7
1353330 856.0
1353340 856.0
1353350 857.3
1353360 858.5
1353370 858.5
1353380 860.6
1353390 864.0
1353400 864.0
1353410 866.3
1353420 867.5
1353430 867.5
1353440 868.7
1353450 870.2
1353460 870.2
1353470 871.6
1353480 873.3
1353490 873.3
1353500 875.6
1353510 878.1
1353520 878.1
1353530 880.6
1353540 883.5
1353550 883.5
1353560 886.8
1353570 890.1
1353580 890.1
1353590 892.6
1353600 895.0
1353610 895.0
1353620 897.7
1353630 900.0
1353640 900.0
1353650 902.9
1353660 904.9
1353670 906.9
1353680 906.9
1353690 910.0
1353700 913.1
1353710 913.1
1353720 913.6
1353730 913.0
1353740 913.0
1353750 912.8
1353760 913.5
1353770 913.5
1353780 914.8
1353790 917.1
1353800 917.1
1353810 918.5
1353820 918.0
1353830 918.0
1353840 917.7
1353850 917.0
1353860 917.0
1353870 916.1
1353880 915.3
1353890 915.3
1353900 913.9
1353910 912.0
1353920 912.0
1353930 910.3
1353940 908.9
1353950 908.9
1353960 907.1
1353970 904.8
1353980 904.8
1353990 903.2
1354000 897.9
1354010 895.2
1354020 895.2
1354030 891.6
1354040 888.8
1354050 888.8
1354060 887.8
1354070 885.2
1354080 885.2
1354090 881.5
1354100 878.1
1354110 878.1
1354120 875.2
1354130 873.5
1354140 873.5
1354150 872.2
1354160 871.2
1354170 871.2
1354180 870.1
1354190 868.9
1354200 868.9
1354210 867.6
1354220 866.2
1354230 866.2
1354240 864.5
1354250 862.9
1354260 862.9
1354270 861.3
1354280 859.6
1354290 859.6
1354300 858.1
1354310 856.7
1354320 856.7
1354330 854.8
1354340 851.7
1354350 848.2
1354360 848.2
1354370 845.8
1354380 844.0
1354390 844.0
1354400 843.3
1354410 842.9
1354420 842.9
1354430 838.0
1354440 830.6
1354450 830.6
1354460 823.9
1354470 818.5
1354480 818.5
1354490 813.6
1354500 810.8
1354510 810.8
1354520 809.0
1354530 810.7
1354540 810.7
1354550 814.8
1354560 817.8
1354570 817.8
1354580 819.3
1354590 821.0
1354600 821.0
1354610 823.0
1354620 826.0
1354630 826.0
1354640 829.3
1354650 834.4
1354660 834.4
1354670 841.2
1354680 845.5
1354690 845.5
1354700 846.4
1354710 846.8
1354720 842.3
1354730 842.3
1354740 834.6
1354750 833.3
1354760 833.3
1354770 833.7
1354780 834.4
1354790 834.4
1354800 834.1
1354810 834.6
1354820 834.6
1354830 833.8
1354840 831.7
1354850 831.7
1354860 833.8
1354870 838.6
1354880 838.6
1354890 841.6
1354900 842.9
1354910 842.9
1354920 843.4
1354930 844.4
1354940 844.4
1354950 846.1
1354960 848.0
1354970 848.0
1354980 847.2
1354990 854.4
1355000 854.4
1355010 852.0
1355020 850.8
1355030 850.8
1355040 849.7
1355050 850.2
1355060 848.8
1355070 848.8
1355080 848.4
1355090 847.6
1355100 847.6
1355110 848.7
1355120 847.9
1355130 847.9
1355140 847.1
1355150 848.9
1355160 848.9
1355170 851.1
1355180 847.7
1355190 847.7
1355200 841.6
1355210 834.6
1355220 834.6
1355230 828.2
1355240 822.2
1355250 822.2
1355260 817.0
1355270 812.0
1355280 812.0
1355290 810.3
1355300 814.5
1355310 814.5
1355320 820.3
1355330 825.7
1355340 825.7
1355350 829.6
1355360 830.4
1355370 830.4
1355380 829.3
1355390 827.2
1355400 824.4
1355410 824.4
1355420 821.8
1355430 819.7
1355440 819.7
1355450 817.4
1355460 813.9
1355470 813.9
1355480 808.6
1355490 803.4
1355500 803.4
1355510 797.4
1355520 791.5
1355530 791.5
1355540 784.9
1355550 777.6
1355560 777.6
1355570 769.8
1355580 759.6
1355590 759.6
1355600 750.6
1355610 742.7
1355620 742.7
1355630 738.5
1355640 737.1
1355650 737.1
1355660 738.7
1355670 743.1
1355680 743.1
1355690 742.3
1355700 729.8
1355710 729.8
1355720 724.1
1355730 719.8
1355740 719.8
1355750 717.5
1355760 716.0
1355770 713.5
1355780 713.5
1355790 710.3
1355800 706.3
1355810 706.3
1355820 702.2
1355830 698.4
1355840 698.4
1355850 694.8
1355860 690.4
1355870 690.4
1355880 683.6
1355890 674.9
1355900 674.9
1355910 668.9
1355920 663.3
1355930 663.3
1355940 655.5
1355950 647.8
1355960 647.8
1355970 640.4
1355980 632.3
1355990 632.3
1356000 623.4
1356010 613.7
1356020 613.7
1356030 602.1
1356040 599.6
1356050 599.6
1356060 595.0
1356070 588.1
1356080 588.1
1356090 584.0
1356100 583.2
1356110 582.1
1356120 582.1
1356130 581.4
1356140 582.1
1356150 582.1
1356160 583.4
1356170 584.4
1356180 584.4
1356190 585.6
1356200 588.0
1356210 588.0
1356220 591.9
1356230 596.9
1356240 596.9
1356250 600.3
1356260 604.7
1356270 604.7
1356280 609.2
1356290 612.9
1356300 612.9
1356310 617.6
1356320 623.7
1356330 623.7
1356340 628.8
1356350 632.7
1356360 632.7
1356370 636.5
1356380 639.5
1356390 639.5
1356400 641.7
1356410 643.2
1356420 643.2
1356430 645.0
1356440 647.4
1356450 647.4
1356460 650.4
1356470 653.3
1356480 655.7
1356490 655.7
1356500 658.5
1356510 661.5
1356520 661.5
1356530 664.1
1356540 666.1
1356550 666.1
1356560 668.6
1356570 671.4
1356580 671.4
1356590 674.4
1356600 677.2
1356610 677.2
1356620 680.3
1356630 684.5
1356640 684.5
1356650 688.1
1356660 691.4
1356670 691.4
1356680 694.5
1356690 697.7
1356700 697.7
1356710 700.7
1356720 703.6
1356730 703.6
1356740 706.5
1356750 708.1
1356760 708.1
1356770 706.6
1356780 703.0
1356790 703.0
1356800 703.6
1356810 708.7
1356820 711.2
1356830 711.2
1356840 712.1
1356850 713.9
1356860 713.9
1356870 717.3
1356880 721.4
1356890 721.4
1356900 725.2
1356910 728.9
1356920 728.9
1356930 732.1
1356940 733.7
1356950 733.7
1356960 734.4
1356970 733.7
1356980 733.7
1356990 737.5
1357000 741.1
1357010 741.1
1357020 744.3
1357030 747.1
1357040 747.1
1357050 748.3
1357060 749.4
1357070 749.4
1357080 751.8
1357090 754.1
1357100 754.1
1357110 757.2
1357120 760.5
1357130 760.5
1357140 765.6
1357150 770.8
1357160 774.7
1357170 774.7
1357180 777.4
1357190 780.0
1357200 780.0
1357210 781.8
1357220 783.4
1357230 783.4
1357240 785.3
1357250 786.8
1357260 786.8
1357270 787.3
1357280 788.5
1357290 788.5
1357300 790.8
1357310 792.8
1357320 792.8
1357330 795.4
1357340 797.7
1357350 797.7
1357360 798.6
1357370 799.8
1357380 799.8
1357390 802.6
1357400 804.9
1357410 804.9
1357420 807.7
1357430 811.5
1357440 811.5
1357450 815.4
1357460 818.7
1357470 818.7
1357480 820.9
1357490 822.1
1357500 822.1
1357510 823.9
1357520 828.2
1357530 833.7
1357540 833.7
1357550 838.5
1357560 841.2
1357570 841.2
1357580 843.8
1357590 846.5
1357600 846.5
1357610 849.7
1357620 853.0
1357630 853.0
1357640 857.5
1357650 860.9
1357660 860.9
1357670 863.2
1357680 865.4
1357690 865.4
1357700 867.3
1357710 869.2
1357720 869.2
1357730 869.5
1357740 868.4
1357750 868.4
1357760 867.4
1357770 868.7
1357780 868.7
1357790 871.6
1357800 874.6
1357810 874.6
1357820 877.2
1357830 879.7
1357840 879.7
1357850 883.9
1357860 889.9
1357870 897.2
1357880 897.2
1357890 903.6
1357900 909.0
1357910 909.0
1357920 912.5
1357930 914.9
1357940 914.9
1357950 919.6
1357960 923.6
1357970 923.6
1357980 924.6
1357990 928.7
1358000 928.7
1358010 932.5
1358020 935.7
1358030 935.7
1358040 937.6
1358050 940.3
1358060 940.3
1358070 945.0
1358080 948.6
1358090 948.6
1358100 952.1
1358110 955.9
1358120 955.9
1358130 959.6
1358140 963.0
1358150 963.0
1358160 965.3
1358170 966.6
1358180 966.6
1358190 969.6
1358200 972.6
1358210 974.6
1358220 974.6
1358230 976.4
1358240 977.5
1358250 977.5
1358260 977.6
1358270 978.6
1358280 978.6
1358290 981.2
1358300 984.0
1358310 984.0
1358320 986.4
1358330 987.7
1358340 987.7
1358350 988.7
1358360 990.3
1358370 990.3
1358380 993.6
1358390 998.1
1358400 998.1
1358410 1003.0
1358420 1008.9
1358430 1008.9
1358440 1015.9
1358450 1021.6
1358460 1021.6
1358470 1026.5
1358480 1033.0
1358490 1033.0
1358500 1039.2
1358510 1042.8
1358520 1042.8
1358530 1044.7
1358540 1046.0
1358550 1046.0
1358560 1047.1
1358570 1048.0
1358580 1048.9
1358590 1048.9
1358600 1049.7
1358610 1050.3
1358620 1050.3
1358630 1050.6
1358640 1050.5
1358650 1050.5
1358660 1049.9
1358670 1048.9
1358680 1048.9
1358690 1047.8
1358700 1046.7
1358710 1046.7
1358720 1045.8
1358730 1044.9
1358740 1044.9
1358750 1043.9
1358760 1043.1
1358770 1043.1
1358780 1042.3
1358790 1041.4
1358800 1041.4
1358810 1040.0
1358820 1038.6
1358830 1038.6
1358840 1037.3
1358850 1036.2
1358860 1036.2
1358870 1035.2
1358880 1034.0
1358890 1034.0
1358900 1032.3
1358910 1030.2
1358920 1028.2
1358930 1028.2
1358940 1026.4
1358950 1024.5
1358960 1024.5
1358970 1022.0
1358980 1019.2
1358990 1019.2
1359000 1016.4
1359010 1015.0
1359020 1015.0
1359030 1013.8
1359040 1012.9
1359050 1012.9
1359060 1011.9
1359070 1010.8
1359080 1010.8
1359090 1009.7
1359100 1008.7
1359110 1008.7
1359120 1007.6
1359130 1004.4
1359140 1004.4
1359150 1001.1
1359160 998.8
1359170 998.8
1359180 997.2
1359190 995.0
1359200 995.0
1359210 994.6
1359220 993.6
1359230 993.6
1359240 990.4
1359250 986.6
1359260 986.6
1359270 983.3
1359280 979.9
1359290 974.2
1359300 974.2
1359310 978.4
1359320 984.6
1359330 984.6
1359340 985.1
1359350 979.6
1359360 979.6
1359370 973.2
1359380 967.9
1359390 967.9
1359400 963.3
1359410 957.6
1359420 957.6
1359430 952.1
1359440 949.2
1359450 949.2
1359460 945.6
1359470 941.6
1359480 941.6
1359490 936.8
1359500 932.9
1359510 932.9
1359520 929.1
1359530 925.0
1359540 925.0
1359550 921.0
1359560 916.3
1359570 916.3
1359580 910.7
1359590 904.9
1359600 904.9
1359610 898.5
1359620 894.8
1359630 892.6
1359640 892.6
1359650 890.7
1359660 889.4
1359670 889.4
1359680 888.6
1359690 887.0
1359700 887.0
1359710 884.1
1359720 881.8
1359730 881.8
1359740 881.2
1359750 880.6
1359760 880.6
1359770 880.5
1359780 879.7
1359790 879.7
1359800 879.4
1359810 878.9
1359820 878.9
1359830 879.0
1359840 878.1
1359850 878.1
1359860 875.9
1359870 872.5
1359880 872.5
1359890 866.3
1359900 858.0
1359910 858.0
1359920 849.7
1359930 848.9
1359940 848.9
1359950 853.0
1359960 858.1
1359970 862.2
1359980 862.2
1359990 868.5
