1340000 867.3
1340010 867.3
1340020 858.6
1340030 853.5
1340040 853.5
1340050 854.0
1340060 840.4
1340070 840.4
1340080 822.1
1340090 811.7
1340100 811.7
1340110 802.8
1340120 805.6
1340130 805.6
1340140 809.9
1340150 812.4
1340160 812.4
1340170 809.3
1340180 806.0
1340190 806.0
1340200 803.3
1340210 799.9
1340220 799.9
1340230 797.9
1340240 797.4
1340250 797.4
1340260 793.3
1340270 788.7
1340280 788.7
1340290 783.2
1340300 776.3
1340310 776.3
1340320 769.6
1340330 763.4
1340340 763.4
1340350 758.8
1340360 754.3
1340370 752.7
1340380 752.7
1340390 753.3
1340400 754.3
1340410 754.3
1340420 755.1
1340430 758.6
1340440 758.6
1340450 761.8
1340460 762.1
1340470 762.1
1340480 760.7
1340490 760.0
1340500 756.6
1340510 755.3
1340520 753.5
1340530 753.5
1340540 751.4
1340550 749.5
1340560 749.5
1340570 744.6
1340580 738.2
1340590 738.2
1340600 734.8
1340610 732.6
1340620 732.6
1340630 729.7
1340640 726.3
1340650 726.3
1340660 722.3
1340670 717.1
1340680 717.1
1340690 713.1
1340700 710.0
1340710 704.9
1340720 704.9
1340730 701.3
1340740 698.2
1340750 698.2
1340760 695.2
1340770 691.5
1340780 691.5
1340790 688.2
1340800 685.9
1340810 685.9
1340820 683.7
1340830 681.9
1340840 681.9
1340850 681.4
1340860 681.2
1340870 681.2
1340880 681.0
1340890 680.8
1340900 680.8
1340910 680.6
1340920 679.9
1340930 679.9
1340940 679.3
1340950 678.5
1340960 678.5
1340970 677.4
1340980 676.5
1340990 676.5
1341000 675.9
1341010 675.4
1341020 675.4
1341030 675.0
1341040 674.6
1341050 674.1
1341060 674.1
1341070 673.4
1341080 672.4
1341090 672.4
1341100 671.2
1341110 670.3
1341120 670.3
1341130 669.4
1341140 668.4
1341150 668.4
1341160 667.2
1341170 666.1
1341180 666.1
1341190 665.5
1341200 665.1
1341210 665.1
1341220 664.2
1341230 663.3
1341240 663.3
1341250 662.3
1341260 661.1
1341270 661.1
1341280 659.5
1341290 658.3
1341300 658.3
1341310 657.6
1341320 655.6
1341330 655.6
1341340 652.9
1341350 652.8
1341360 652.8
1341370 652.4
1341380 650.0
1341390 650.6
1341400 648.1
1341410 644.9
1341420 644.3
1341430 644.3
1341440 644.4
1341450 643.6
1341460 643.6
1341470 643.4
1341480 642.4
1341490 642.4
1341500 642.0
1341510 641.3
1341520 641.3
1341530 640.4
1341540 639.7
1341550 639.7
1341560 639.0
1341570 638.5
1341580 638.5
1341590 637.9
1341600 637.1
1341610 637.1
1341620 636.4
1341630 635.7
1341640 635.7
1341650 635.3
1341660 634.0
1341670 634.0
1341680 630.9
1341690 624.5
1341700 624.5
1341710 619.9
1341720 619.7
1341730 619.7
1341740 619.8
1341750 624.1
1341760 627.0
1341770 627.0
1341780 624.9
1341790 620.3
1341800 620.3
1341810 615.6
1341820 614.0
1341830 614.0
1341840 613.3
1341850 611.3
1341860 611.3
1341870 608.3
1341880 604.5
1341890 604.5
1341900 601.0
1341910 597.6
1341920 597.6
1341930 591.6
1341940 585.6
1341950 585.6
1341960 579.6
1341970 573.4
1341980 573.4
1341990 567.5
1342000 562.8
1342010 562.8
1342020 559.8
1342030 557.2
1342040 557.2
1342050 555.7
1342060 554.6
1342070 554.6
1342080 552.8
1342090 551.0
1342100 551.0
1342110 549.5
1342120 548.5
1342130 547.6
1342140 547.6
1342150 547.4
1342160 547.5
1342170 547.5
1342180 547.3
1342190 547.4
1342200 547.4
1342210 547.7
1342220 547.8
1342230 547.8
1342240 547.3
1342250 548.3
1342260 548.3
1342270 548.8
1342280 548.7
1342290 547.4
1342300 547.6
1342310 546.5
1342320 546.5
1342330 546.5
1342340 546.5
1342350 546.5
1342360 546.0
1342370 545.6
1342380 545.6
1342390 545.5
1342400 545.7
1342410 545.7
1342420 546.2
1342430 546.6
1342440 546.6
1342450 545.9
1342460 544.5
1342470 543.5
1342480 543.5
1342490 542.9
1342500 542.3
1342510 542.3
1342520 542.0
1342530 541.4
1342540 541.4
1342550 539.7
1342560 538.6
1342570 538.6
1342580 540.2
1342590 540.7
1342600 540.7
1342610 539.7
1342620 539.1
1342630 539.1
1342640 539.7
1342650 542.6
1342660 542.6
1342670 543.5
1342680 543.2
1342690 543.2
1342700 542.9
1342710 543.9
1342720 543.9
1342730 545.8
1342740 547.2
1342750 547.2
1342760 549.3
1342770 551.1
1342780 551.1
1342790 552.9
1342800 554.0
1342810 554.0
1342820 555.2
1342830 556.2
1342840 557.9
1342850 557.9
1342860 559.8
1342870 564.1
1342880 564.1
1342890 568.3
1342900 565.9
1342910 565.9
1342920 564.5
1342930 564.2
1342940 564.2
1342950 564.1
1342960 563.4
1342970 563.4
1342980 561.7
1342990 559.7
1343000 559.7
1343010 559.0
1343020 559.2
1343030 559.2
1343040 559.2
1343050 560.3
1343060 560.3
1343070 561.8
1343080 563.5
1343090 563.5
1343100 565.1
1343110 566.0
1343120 566.0
1343130 567.2
1343140 569.9
1343150 569.9
1343160 573.2
1343170 576.3
1343180 578.7
1343190 584.4
1343200 585.4
1343210 585.1
1343220 585.1
1343230 585.3
1343240 587.9
1343250 587.9
1343260 593.3
1343270 599.2
1343280 599.2
1343290 602.1
1343300 599.2
1343310 599.2
1343320 594.0
1343330 588.0
1343340 588.0
1343350 583.6
1343360 584.1
1343370 584.1
1343380 589.6
1343390 594.7
1343400 594.7
1343410 595.6
1343420 592.9
1343430 592.9
1343440 592.3
1343450 596.6
1343460 596.6
1343470 602.4
1343480 608.1
1343490 608.1
1343500 613.3
1343510 615.8
1343520 611.4
1343530 611.4
1343540 606.0
1343550 602.3
1343560 602.3
1343570 604.8
1343580 606.7
1343590 606.7
1343600 604.5
1343610 603.0
1343620 603.0
1343630 606.1
1343640 610.6
1343650 610.6
1343660 615.2
1343670 619.9
1343680 619.9
1343690 624.6
1343700 629.0
1343710 629.0
1343720 630.6
1343730 630.4
1343740 630.4
1343750 630.1
1343760 630.0
1343770 630.0
1343780 630.3
1343790 630.6
1343800 630.6
1343810 630.9
1343820 631.1
1343830 631.1
1343840 631.2
1343850 631.1
1343860 631.1
1343870 630.9
1343880 630.3
1343890 629.3
1343900 629.3
1343910 626.1
1343920 621.6
1343930 621.6
1343940 617.2
1343950 613.5
1343960 613.5
1343970 611.2
1343980 610.5
1343990 610.5
1344000 611.8
1344010 614.4
1344020 614.4
1344030 616.1
1344040 615.2
1344050 615.2
1344060 612.9
1344070 610.1
1344080 610.1
1344090 603.2
1344100 600.5
1344110 600.5
1344120 598.3
1344130 596.8
1344140 596.8
1344150 595.2
1344160 593.6
1344170 593.6
1344180 591.7
1344190 589.5
1344200 589.5
1344210 587.2
1344220 585.0
1344230 583.2
1344240 583.2
1344250 581.9
1344260 580.6
1344270 580.6
1344280 579.0
1344290 576.6
1344300 576.6
1344310 573.2
1344320 569.9
1344330 569.9
1344340 567.0
1344350 564.3
1344360 564.3
1344370 561.8
1344380 559.6
1344390 559.6
1344400 557.4
1344410 555.3
1344420 555.3
1344430 552.8
1344440 550.1
1344450 550.1
1344460 547.6
1344470 545.3
1344480 545.3
1344490 542.8
1344500 540.6
1344510 540.6
1344520 538.5
1344530 536.6
1344540 536.6
1344550 534.6
1344560 532.7
1344570 532.7
1344580 530.8
1344590 528.5
1344600 526.2
1344610 526.2
1344620 523.4
1344630 521.4
1344640 521.4
1344650 520.2
1344660 519.6
1344670 519.6
1344680 517.0
1344690 518.4
1344700 518.4
1344710 518.8
1344720 518.2
1344730 518.2
1344740 517.6
1344750 516.5
1344760 516.5
1344770 513.2
1344780 508.4
1344790 508.4
1344800 504.9
1344810 500.6
1344820 500.6
1344830 497.1
1344840 496.2
1344850 496.2
1344860 496.0
1344870 495.8
1344880 495.8
1344890 495.7
1344900 495.7
1344910 495.7
1344920 495.4
1344930 495.1
1344940 494.9
1344950 494.9
1344960 494.7
1344970 494.6
1344980 494.6
1344990 494.6
1345000 494.5
1345010 494.5
1345020 494.5
1345030 494.4
1345040 494.4
1345050 494.4
1345060 494.4
1345070 494.4
1345080 494.5
1345090 494.5
1345100 494.5
1345110 494.5
1345120 494.5
1345130 494.5
1345140 494.5
1345150 494.3
1345160 494.3
1345170 494.2
1345180 494.2
1345190 494.2
1345200 494.2
1345210 494.2
1345220 494.2
1345230 494.2
1345240 494.2
1345250 494.2
1345260 494.2
1345270 494.4
1345280 494.4
1345290 494.4
1345300 494.3
1345310 494.1
1345320 494.1
1345330 494.0
1345340 494.1
1345350 494.1
1345360 494.1
1345370 494.1
1345380 494.1
1345390 494.1
1345400 494.0
1345410 494.0
1345420 493.9
1345430 493.9
1345440 493.9
1345450 494.0
1345460 494.1
1345470 494.1
1345480 494.1
1345490 494.1
1345500 494.1
1345510 494.1
1345520 494.1
1345530 494.1
1345540 494.1
1345550 494.0
1345560 494.0
1345570 493.6
1345580 492.9
1345590 492.9
1345600 492.3
1345610 491.7
1345620 491.7
1345630 491.5
1345640 491.9
1345650 492.1
1345660 492.1
1345670 492.2
1345680 492.1
1345690 492.1
1345700 492.1
1345710 492.1
1345720 492.1
1345730 492.1
1345740 491.9
1345750 491.9
1345760 491.8
1345770 491.8
1345780 491.8
1345790 491.8
1345800 491.9
1345810 491.9
1345820 491.9
1345830 491.8
1345840 491.8
1345850 491.8
1345860 491.8
1345870 491.8
1345880 491.8
1345890 490.8
1345900 490.8
1345910 489.6
1345920 489.6
1345930 489.6
1345940 489.8
1345950 489.9
1345960 489.9
1345970 489.9
1345980 489.8
1345990 489.6
1346000 489.6
1346010 489.6
1346020 489.7
1346030 489.7
1346040 489.7
1346050 489.7
1346060 489.7
1346070 489.7
1346080 489.7
1346090 489.7
1346100 489.7
1346110 489.7
1346120 489.7
1346130 489.7
1346140 489.8
1346150 489.8
1346160 489.9
1346170 490.2
1346180 490.2
1346190 489.7
1346200 489.6
1346210 489.6
1346220 489.9
1346230 490.0
1346240 490.0
1346250 489.8
1346260 489.7
1346270 489.7
1346280 489.6
1346290 489.6
1346300 489.6
1346310 489.0
1346320 487.5
1346330 487.5
1346340 487.2
1346350 487.2
1346360 487.1
1346370 487.1
1346380 486.9
1346390 486.8
1346400 486.8
1346410 486.8
1346420 486.8
1346430 486.8
1346440 486.8
1346450 486.7
1346460 486.7
1346470 486.7
1346480 486.8
1346490 486.8
1346500 486.9
1346510 486.9
1346520 486.9
1346530 486.9
1346540 487.0
1346550 487.0
1346560 487.2
1346570 487.5
1346580 487.5
1346590 488.3
1346600 489.6
1346610 489.6
1346620 490.0
1346630 489.8
1346640 489.8
1346650 489.6
1346660 489.4
1346670 489.4
1346680 489.2
1346690 489.4
1346700 489.5
1346710 489.5
1346720 489.5
1346730 489.4
1346740 489.4
1346750 489.5
1346760 489.5
1346770 489.5
1346780 489.5
1346790 489.4
1346800 489.4
1346810 489.3
1346820 489.2
1346830 489.2
1346840 489.0
1346850 489.2
1346860 489.0
1346870 489.2
1346880 489.3
1346890 489.3
1346900 489.3
1346910 489.3
1346920 489.3
1346930 489.4
1346940 489.3
1346950 489.3
1346960 489.2
1346970 489.2
1346980 489.2
1346990 489.2
1347000 489.2
1347010 489.2
1347020 489.1
1347030 489.0
1347040 489.0
1347050 488.9
1347060 488.8
1347070 488.8
1347080 488.8
1347090 488.7
1347100 488.9
1347110 488.9
1347120 489.0
1347130 488.9
1347140 488.9
1347150 488.8
1347160 488.8
1347170 488.8
1347180 488.8
1347190 488.9
1347200 488.9
1347210 488.9
1347220 488.9
1347230 488.9
1347240 488.9
1347250 488.8
1347260 488.8
1347270 488.7
1347280 488.7
1347290 488.7
1347300 488.6
1347310 488.5
1347320 488.5
1347330 488.7
1347340 488.9
1347350 488.9
1347360 489.2
1347370 489.5
1347380 489.5
1347390 492.6
1347400 494.0
1347410 490.2
1347420 490.2
1347430 488.7
1347440 488.6
1347450 488.6
1347460 488.5
1347470 488.6
1347480 488.6
1347490 489.3
1347500 489.3
1347510 489.3
1347520 489.8
1347530 488.9
1347540 488.9
1347550 488.7
1347560 488.7
1347570 488.7
1347580 488.6
1347590 488.6
1347600 488.6
1347610 488.6
1347620 488.7
1347630 488.7
1347640 488.7
1347650 488.7
1347660 488.7
1347670 488.8
1347680 488.8
1347690 488.8
1347700 488.9
1347710 488.8
1347720 488.8
1347730 488.7
1347740 488.3
1347750 488.3
1347760 488.2
1347770 488.3
1347780 488.6
1347790 488.9
1347800 488.8
1347810 488.6
1347820 488.6
1347830 488.6
1347840 488.8
1347850 488.8
1347860 488.9
1347870 489.1
1347880 489.1
1347890 489.3
1347900 489.7
1347910 489.7
1347920 490.3
1347930 490.7
1347940 490.7
1347950 494.6
1347960 501.2
1347970 501.2
1347980 503.6
1347990 503.6
1348000 503.6
1348010 503.4
1348020 503.5
1348030 503.5
1348040 503.7
1348050 504.7
1348060 504.7
1348070 505.3
1348080 507.8
1348090 507.8
1348100 511.6
1348110 516.3
1348120 521.9
1348130 521.9
1348140 527.1
1348150 531.6
1348160 531.6
1348170 535.4
1348180 537.6
1348190 537.6
1348200 538.7
1348210 539.4
1348220 539.4
1348230 540.4
1348240 541.6
1348250 541.6
1348260 542.7
1348270 544.0
1348280 544.0
1348290 545.4
1348300 546.7
1348310 546.7
1348320 548.2
1348330 548.7
1348340 548.7
1348350 546.6
1348360 543.0
1348370 543.0
1348380 538.8
1348390 534.8
1348400 534.8
1348410 532.0
1348420 530.5
1348430 530.5
1348440 531.0
1348450 532.2
1348460 532.7
1348470 532.7
1348480 533.1
1348490 533.9
1348500 533.9
1348510 534.8
1348520 535.4
1348530 535.4
1348540 537.2
1348550 539.0
1348560 539.0
1348570 541.0
1348580 543.7
1348590 543.7
1348600 546.8
1348610 550.0
1348620 550.0
1348630 552.4
1348640 553.9
1348650 553.9
1348660 559.5
1348670 567.1
1348680 567.1
1348690 574.0
1348700 579.8
1348710 579.8
1348720 582.8
1348730 583.7
1348740 583.7
1348750 585.6
1348760 585.4
1348770 585.4
1348780 583.5
1348790 582.1
1348800 582.1
1348810 582.0
1348820 582.3
1348830 582.9
1348840 582.9
1348850 585.5
1348860 589.6
1348870 589.6
1348880 594.7
1348890 600.6
1348900 600.6
1348910 606.9
1348920 612.7
1348930 612.7
1348940 616.0
1348950 617.0
1348960 617.0
1348970 617.9
1348980 618.3
1348990 618.3
1349000 618.3
1349010 617.8
1349020 617.8
1349030 617.5
1349040 617.0
1349050 617.0
1349060 616.3
1349070 615.9
1349080 615.9
1349090 615.8
1349100 615.9
1349110 615.9
1349120 616.2
1349130 616.7
1349140 616.7
1349150 617.3
1349160 617.9
1349170 618.7
1349180 618.7
1349190 619.2
1349200 620.0
1349210 620.0
1349220 621.2
1349230 622.7
1349240 622.7
1349250 624.3
1349260 626.1
1349270 626.1
1349280 627.9
1349290 629.6
1349300 629.6
1349310 630.7
1349320 631.9
1349330 631.9
1349340 632.7
1349350 633.0
1349360 633.0
1349370 633.1
1349380 632.9
1349390 632.9
1349400 632.6
1349410 632.0
1349420 632.0
1349430 631.1
1349440 629.6
1349450 629.6
1349460 627.5
1349470 625.3
1349480 625.3
1349490 623.2
1349500 622.0
1349510 622.0
1349520 621.3
1349530 620.7
1349540 620.1
1349550 620.1
1349560 619.8
1349570 619.8
1349580 619.8
1349590 619.2
1349600 618.9
1349610 618.9
1349620 618.7
1349630 618.5
1349640 618.5
1349650 618.4
1349660 618.3
1349670 619.4
1349680 619.1
1349690 619.2
1349700 619.2
1349710 619.8
1349720 620.4
1349730 620.4
1349740 620.4
1349750 620.1
1349760 620.1
1349770 619.6
1349780 619.0
1349790 619.0
1349800 618.2
1349810 617.2
1349820 617.2
1349830 617.3
1349840 619.3
1349850 619.3
1349860 620.9
1349870 621.4
1349880 621.8
1349890 621.8
1349900 622.1
1349910 622.7
1349920 622.7
1349930 623.4
1349940 623.7
1349950 623.7
1349960 623.5
1349970 623.4
1349980 623.4
1349990 623.7
1350000 624.1
1350010 624.1
1350020 624.6
1350030 625.2
1350040 625.2
1350050 625.5
1350060 625.6
1350070 625.6
1350080 625.5
1350090 625.8
1350100 625.8
1350110 626.2
1350120 626.6
1350130 626.6
1350140 627.1
1350150 627.3
1350160 627.3
1350170 627.1
1350180 626.5
1350190 626.5
1350200 626.0
1350210 625.9
1350220 626.4
1350230 626.4
1350240 627.0
1350250 627.8
1350260 627.8
1350270 626.7
1350280 622.7
1350290 622.7
1350300 621.4
1350310 622.8
1350320 622.8
1350330 623.4
1350340 623.5
1350350 623.5
1350360 623.8
1350370 623.9
1350380 623.9
1350390 624.1
1350400 624.7
1350410 624.7
1350420 628.8
1350430 632.0
1350440 632.0
1350450 632.5
1350460 632.3
1350470 632.3
1350480 632.9
1350490 633.3
1350500 633.3
1350510 633.4
1350520 633.4
1350530 633.4
1350540 633.5
1350550 633.9
1350560 633.9
1350570 634.5
1350580 635.3
1350590 636.0
1350600 636.0
1350610 636.7
1350620 637.4
1350630 637.4
1350640 638.0
1350650 638.6
1350660 638.6
1350670 639.3
1350680 640.0
1350690 640.0
1350700 640.4
1350710 640.8
1350720 640.8
1350730 640.9
1350740 641.1
1350750 641.1
1350760 641.1
1350770 641.1
1350780 641.1
1350790 641.1
1350800 640.8
1350810 640.8
1350820 640.4
1350830 639.6
1350840 639.6
1350850 638.8
1350860 637.4
1350870 637.4
1350880 636.2
1350890 635.1
1350900 635.1
1350910 634.2
1350920 633.7
1350930 633.5
1350940 633.5
1350950 633.6
1350960 633.5
1350970 633.5
1350980 633.6
1350990 633.9
1351000 633.9
1351010 634.2
1351020 633.8
1351030 633.8
1351040 631.0
1351050 632.5
1351060 632.5
1351070 633.4
1351080 632.8
1351090 632.8
1351100 632.4
1351110 630.3
1351120 630.3
1351130 625.6
1351140 624.5
1351150 624.5
1351160 622.5
1351170 620.0
1351180 620.0
1351190 617.4
1351200 614.4
1351210 614.4
1351220 612.8
1351230 611.1
1351240 611.1
1351250 608.8
1351260 607.0
1351270 607.0
1351280 605.6
1351290 603.9
1351300 602.2
1351310 602.2
1351320 601.0
1351330 600.2
1351340 600.2
1351350 599.6
1351360 599.4
1351370 599.4
1351380 599.2
1351390 598.9
1351400 598.9
1351410 598.6
1351420 598.5
1351430 598.5
1351440 598.4
1351450 598.5
1351460 598.5
1351470 599.0
1351480 599.3
1351490 599.3
1351500 599.1
1351510 599.2
1351520 599.2
1351530 599.3
1351540 599.4
1351550 599.4
1351560 599.5
1351570 599.6
1351580 600.0
1351590 600.3
1351600 600.5
1351610 600.5
1351620 601.2
1351630 601.8
1351640 602.1
1351650 602.1
1351660 602.2
1351670 602.7
1351680 602.7
1351690 603.4
1351700 603.9
1351710 603.9
1351720 605.0
1351730 607.9
1351740 607.9
1351750 611.7
1351760 614.6
1351770 614.6
1351780 616.9
1351790 619.3
1351800 619.3
1351810 621.2
1351820 623.1
1351830 623.1
1351840 626.4
1351850 630.7
1351860 630.7
1351870 634.6
1351880 635.6
1351890 635.6
1351900 635.9
1351910 637.6
1351920 637.6
1351930 639.2
1351940 638.8
1351950 638.8
1351960 636.8
1351970 637.8
1351980 637.8
1351990 643.9
1352000 650.5
1352010 654.2
1352020 654.2
1352030 656.8
1352040 658.8
1352050 658.8
1352060 659.9
1352070 661.5
1352080 661.5
1352090 663.1
1352100 663.6
1352110 663.6
1352120 665.3
1352130 668.5
1352140 668.5
1352150 668.6
1352160 667.8
1352170 667.8
1352180 668.1
1352190 668.2
1352200 668.2
1352210 668.8
1352220 669.9
1352230 669.9
1352240 671.0
1352250 672.2
1352260 672.2
1352270 673.7
1352280 675.8
1352290 675.8
1352300 679.1
1352310 682.5
1352320 682.5
1352330 686.1
1352340 690.0
1352350 694.7
1352360 694.7
1352370 699.6
1352380 702.8
1352390 702.8
1352400 705.2
1352410 706.8
1352420 706.8
1352430 707.6
1352440 710.3
1352450 710.3
1352460 714.0
1352470 717.0
1352480 717.0
1352490 718.8
1352500 720.9
1352510 720.9
1352520 721.6
1352530 723.7
1352540 724.0
1352550 726.3
1352560 727.5
1352570 727.5
1352580 728.9
1352590 730.3
1352600 730.3
1352610 732.5
1352620 735.0
1352630 735.0
1352640 737.4
1352650 739.7
1352660 739.7
1352670 741.6
1352680 744.4
1352690 747.2
1352700 747.2
1352710 748.9
1352720 751.0
1352730 751.0
1352740 754.4
1352750 758.8
1352760 758.8
1352770 764.2
1352780 769.4
1352790 769.4
1352800 773.7
1352810 777.9
1352820 777.9
1352830 781.7
1352840 785.2
1352850 785.2
1352860 788.8
1352870 792.3
1352880 792.3
1352890 796.0
1352900 800.0
1352910 800.0
1352920 803.9
1352930 808.0
1352940 808.0
1352950 813.1
1352960 817.9
1352970 817.9
1352980 821.3
1352990 823.8
1353000 823.8
1353010 824.9
1353020 824.6
1353030 824.6
1353040 825.1
1353050 826.4
1353060 827.4
1353070 827.4
1353080 827.9
1353090 828.4
1353100 828.4
1353110 828.7
1353120 829.4
1353130 829.4
1353140 828.3
1353150 825.1
1353160 825.1
1353170 822.8
1353180 821.9
1353190 821.9
1353200 822.5
1353210 824.5
1353220 824.5
1353230 825.8
1353240 826.4
1353250 826.4
1353260 828.5
1353270 830.8
1353280 830.8
1353290 833.2
1353300 837.1
1353310 837.1
1353320 841.9
1353330 846.5
1353340 846.5
1353350 849.1
1353360 852.0
1353370 852.0
1353380 854.4
1353390 856.3
1353400 858.1
1353410 858.1
1353420 859.7
1353430 861.5
1353440 861.5
1353450 863.6
1353460 865.3
1353470 865.3
1353480 866.2
1353490 866.5
1353500 866.5
1353510 865.9
1353520 868.4
1353530 868.4
1353540 870.0
1353550 871.9
1353560 871.9
1353570 873.8
1353580 876.6
1353590 876.6
1353600 880.4
1353610 885.0
1353620 885.0
1353630 886.6
1353640 888.8
1353650 888.8
1353660 892.7
1353670 894.5
1353680 894.5
1353690 892.7
1353700 889.6
1353710 889.6
1353720 889.0
1353730 889.8
1353740 889.8
1353750 891.4
1353760 892.4
1353770 893.0
1353780 893.0
1353790 893.7
1353800 894.2
1353810 894.2
1353820 894.9
1353830 895.9
1353840 895.9
1353850 896.2
1353860 896.7
1353870 896.7
1353880 897.4
1353890 896.6
1353900 896.6
1353910 895.1
1353920 892.3
1353930 892.3
1353940 888.6
1353950 886.1
1353960 886.1
1353970 884.7
1353980 883.6
1353990 883.6
1354000 884.0
1354010 884.6
1354020 884.6
1354030 884.9
1354040 885.2
1354050 885.2
1354060 886.5
1354070 888.2
1354080 888.2
1354090 888.9
1354100 889.6
1354110 888.9
1354120 888.9
1354130 888.0
1354140 887.2
1354150 887.2
1354160 886.8
1354170 886.6
1354180 886.6
1354190 886.6
1354200 885.9
1354210 885.9
1354220 883.8
1354230 879.9
1354240 879.9
1354250 875.7
1354260 874.6
1354270 874.6
1354280 874.3
1354290 869.4
1354300 869.4
1354310 864.7
1354320 863.5
1354330 863.5
1354340 865.6
1354350 864.8
1354360 864.8
1354370 857.5
1354380 846.2
1354390 846.2
1354400 840.2
1354410 836.1
1354420 836.1
1354430 831.5
1354440 826.4
1354450 826.4
1354460 821.0
1354470 816.0
1354480 811.2
1354490 811.2
1354500 802.7
1354510 800.2
1354520 800.2
1354530 799.5
1354540 797.0
1354550 797.0
1354560 793.7
1354570 789.9
1354580 789.9
1354590 785.6
1354600 781.8
1354610 781.8
1354620 778.3
1354630 774.7
1354640 774.7
1354650 769.8
1354660 765.3
1354670 765.3
1354680 761.7
1354690 757.0
1354700 757.0
1354710 752.0
1354720 748.0
1354730 748.0
1354740 745.8
1354750 745.3
1354760 745.3
1354770 744.6
1354780 743.9
1354790 743.9
1354800 741.8
1354810 740.5
1354820 739.4
1354830 739.4
1354840 740.2
1354850 738.4
1354860 738.4
1354870 737.7
1354880 734.7
1354890 734.7
1354900 729.2
1354910 729.7
1354920 729.7
1354930 731.8
1354940 727.2
1354950 727.2
1354960 728.6
1354970 730.9
1354980 730.9
1354990 727.9
1355000 725.6
1355010 725.6
1355020 723.5
1355030 722.5
1355040 722.5
1355050 721.8
1355060 718.9
1355070 718.9
1355080 717.3
1355090 718.0
1355100 718.0
1355110 717.1
1355120 715.4
1355130 715.4
1355140 710.1
1355150 710.3
1355160 719.8
1355170 719.8
1355180 725.4
1355190 728.6
1355200 728.6
1355210 729.6
1355220 725.7
1355230 725.7
1355240 718.3
1355250 717.6
1355260 717.6
1355270 718.1
1355280 718.3
1355290 718.3
1355300 715.7
1355310 712.9
1355320 712.9
1355330 716.0
1355340 718.8
1355350 718.8
1355360 719.9
1355370 720.0
1355380 720.0
1355390 719.5
1355400 720.5
1355410 720.5
1355420 722.6
1355430 723.9
1355440 723.9
1355450 725.7
1355460 726.6
1355470 726.6
1355480 732.3
1355490 732.7
1355500 732.7
1355510 733.9
1355520 734.0
1355530 730.8
1355540 730.8
1355550 725.7
1355560 719.6
1355570 719.6
1355580 714.0
1355590 708.4
1355600 708.4
1355610 702.3
1355620 694.9
1355630 694.9
1355640 687.0
1355650 679.0
1355660 679.0
1355670 672.1
1355680 667.4
1355690 667.4
1355700 663.0
1355710 658.1
1355720 658.1
1355730 653.9
1355740 650.2
1355750 650.2
1355760 643.8
1355770 639.2
1355780 639.2
1355790 635.5
1355800 630.3
1355810 630.3
1355820 625.1
1355830 621.7
1355840 621.7
1355850 619.0
1355860 613.8
1355870 605.8
1355880 605.8
1355890 602.7
1355900 602.4
1355910 602.4
1355920 600.4
1355930 592.1
1355940 592.1
1355950 582.6
1355960 578.2
1355970 578.2
1355980 578.7
1355990 580.2
1356000 580.2
1356010 586.3
1356020 595.4
1356030 595.4
1356040 604.7
1356050 610.2
1356060 610.2
1356070 615.9
1356080 622.3
1356090 622.3
1356100 627.9
1356110 632.5
1356120 632.5
1356130 638.1
1356140 643.6
1356150 643.6
1356160 649.2
1356170 655.3
1356180 655.3
1356190 661.8
1356200 670.3
1356210 670.3
1356220 678.7
1356230 685.8
1356240 693.6
1356250 693.6
1356260 700.2
1356270 706.5
1356280 706.5
1356290 712.3
1356300 717.9
1356310 717.9
1356320 723.4
1356330 729.1
1356340 729.1
1356350 735.4
1356360 741.8
1356370 741.8
1356380 748.9
1356390 756.1
1356400 756.1
1356410 763.3
1356420 769.4
1356430 769.4
1356440 774.1
1356450 778.2
1356460 778.2
1356470 781.8
1356480 788.0
1356490 788.0
1356500 791.3
1356510 794.9
1356520 794.9
1356530 796.6
1356540 795.7
1356550 795.7
1356560 794.4
1356570 793.7
1356580 795.5
1356590 795.5
1356600 798.5
1356610 801.4
1356620 801.4
1356630 804.0
1356640 806.5
1356650 806.5
1356660 808.2
1356670 809.8
1356680 809.8
1356690 811.8
1356700 814.1
1356710 814.1
1356720 816.0
1356730 817.1
1356740 817.1
1356750 816.4
1356760 815.4
1356770 815.4
1356780 813.9
1356790 815.0
1356800 815.0
1356810 817.1
1356820 819.0
1356830 819.0
1356840 820.2
1356850 821.8
1356860 821.8
1356870 823.4
1356880 825.6
1356890 825.6
1356900 826.5
1356910 826.5
1356920 827.7
1356930 827.7
1356940 827.4
1356950 828.3
1356960 828.3
1356970 830.1
1356980 830.3
1356990 830.3
1357000 830.7
1357010 831.8
1357020 831.8
1357030 833.2
1357040 834.1
1357050 834.1
1357060 835.0
1357070 836.7
1357080 836.7
1357090 839.1
1357100 841.4
1357110 841.4
1357120 842.2
1357130 843.5
1357140 843.5
1357150 845.5
1357160 847.9
1357170 847.9
1357180 850.6
1357190 853.3
1357200 853.3
1357210 856.2
1357220 858.9
1357230 858.9
1357240 862.0
1357250 864.5
1357260 864.5
1357270 866.8
1357280 868.7
1357290 870.3
1357300 870.3
1357310 871.9
1357320 873.4
1357330 873.4
1357340 874.7
1357350 876.0
1357360 876.0
1357370 878.2
1357380 880.4
1357390 880.4
1357400 883.1
1357410 886.0
1357420 886.0
1357430 889.0
1357440 891.4
1357450 891.4
1357460 893.3
1357470 895.7
1357480 889.3
1357490 890.3
1357500 892.3
1357510 892.3
1357520 894.9
1357530 897.7
1357540 897.7
1357550 900.8
1357560 904.3
1357570 904.3
1357580 907.0
1357590 909.7
1357600 909.7
1357610 912.4
1357620 915.6
1357630 918.5
1357640 918.5
1357650 920.9
1357660 923.4
1357670 923.4
1357680 925.8
1357690 928.5
1357700 928.5
1357710 930.6
1357720 932.6
1357730 932.6
1357740 934.5
1357750 937.0
1357760 937.0
1357770 939.8
1357780 942.2
1357790 942.2
1357800 944.7
1357810 946.9
1357820 946.9
1357830 947.1
1357840 947.7
1357850 947.7
1357860 950.1
1357870 953.2
1357880 953.2
1357890 956.0
1357900 959.9
1357910 959.9
1357920 965.3
1357930 971.5
1357940 971.5
1357950 978.0
1357960 984.7
1357970 984.7
1357980 990.8
1357990 996.3
1358000 1001.5
1358010 1001.5
1358020 1005.8
1358030 1008.7
1358040 1008.7
1358050 1010.8
1358060 1011.5
1358070 1011.5
1358080 1012.0
1358090 1014.4
1358100 1014.4
1358110 1019.2
1358120 1024.3
1358130 1024.3
1358140 1028.7
1358150 1032.6
1358160 1032.6
1358170 1036.3
1358180 1039.8
1358190 1039.8
1358200 1043.0
1358210 1045.8
1358220 1045.8
1358230 1048.6
1358240 1051.7
1358250 1051.7
1358260 1054.6
1358270 1057.6
1358280 1057.6
1358290 1060.6
1358300 1064.0
1358310 1064.0
1358320 1067.4
1358330 1070.4
1358340 1072.8
1358350 1072.8
1358360 1075.1
1358370 1076.8
1358380 1076.8
1358390 1078.2
1358400 1079.6
1358410 1079.6
1358420 1080.9
1358430 1082.5
1358440 1082.5
1358450 1083.2
1358460 1083.5
1358470 1083.5
1358480 1084.2
1358490 1080.2
1358500 1080.2
1358510 1081.2
1358520 1082.5
1358530 1082.5
1358540 1083.9
1358550 1085.4
1358560 1085.4
1358570 1086.6
1358580 1087.6
1358590 1087.6
1358600 1088.3
1358610 1089.2
1358620 1089.2
1358630 1090.2
1358640 1091.3
1358650 1091.3
1358660 1092.5
1358670 1093.7
1358680 1094.8
1358690 1094.8
1358700 1095.2
1358710 1095.1
1358720 1095.1
1358730 1094.3
1358740 1093.0
1358750 1093.0
1358760 1091.3
1358770 1089.8
1358780 1089.8
1358790 1089.1
1358800 1088.8
1358810 1088.8
1358820 1088.1
1358830 1087.2
1358840 1087.2
1358850 1086.4
1358860 1085.9
1358870 1085.9
1358880 1085.4
1358890 1084.7
1358900 1084.7
1358910 1083.4
1358920 1080.5
1358930 1080.5
1358940 1077.4
1358950 1074.7
1358960 1074.7
1358970 1071.5
1358980 1067.2
1358990 1067.2
1359000 1062.4
1359010 1058.2
1359020 1058.2
1359030 1054.1
1359040 1049.0
1359050 1044.4
1359060 1044.4
1359070 1040.7
1359080 1037.1
1359090 1037.1
1359100 1033.3
1359110 1030.2
1359120 1030.2
1359130 1027.2
1359140 1024.3
1359150 1024.3
1359160 1021.6
1359170 1018.3
1359180 1018.3
1359190 1014.7
1359200 1011.9
1359210 1011.9
1359220 1009.0
1359230 1008.6
1359240 1008.6
1359250 1007.0
1359260 1001.8
1359270 1001.8
1359280 998.6
1359290 1003.1
1359300 1003.1
1359310 1000.1
1359320 994.4
1359330 994.4
1359340 988.5
1359350 984.0
1359360 984.0
1359370 981.8
1359380 982.3
1359390 984.7
1359400 984.7
1359410 985.9
1359420 985.0
1359430 985.0
1359440 981.0
1359450 976.7
1359460 976.7
1359470 974.1
1359480 972.0
1359490 972.0
1359500 969.6
1359510 964.1
1359520 964.1
1359530 962.3
1359540 960.1
1359550 960.1
1359560 957.2
1359570 954.0
1359580 954.0
1359590 949.7
1359600 944.7
1359610 944.7
1359620 941.1
1359630 939.6
1359640 939.6
1359650 938.5
1359660 935.8
1359670 935.8
1359680 931.8
1359690 927.5
1359700 927.5
1359710 924.6
1359720 919.0
1359730 919.0
1359740 910.9
1359750 907.0
1359760 910.2
1359770 910.2
1359780 912.5
1359790 915.8
1359800 915.8
1359810 918.3
1359820 919.6
1359830 919.6
1359840 923.2
1359850 925.4
1359860 925.4
1359870 925.2
1359880 922.5
1359890 922.5
1359900 918.3
1359910 911.9
1359920 911.9
1359930 905.7
1359940 899.5
1359950 899.5
1359960 895.2
1359970 898.1
1359980 898.1
1359990 904.6
