1340000 1115.6
1340010 1132.1
1340020 1132.1
1340030 1129.5
1340040 1126.9
1340050 1126.9
1340060 1126.7
1340070 1116.7
1340080 1116.7
1340090 1112.1
1340100 1118.6
1340110 1118.6
1340120 1112.4
1340130 1101.8
1340140 1101.8
1340150 1096.1
1340160 1094.2
1340170 1086.6
1340180 1086.6
1340190 1073.2
1340200 1055.3
1340210 1055.3
1340220 1043.6
1340230 1037.2
1340240 1037.2
1340250 1026.9
1340260 1040.2
1340270 1040.2
1340280 1059.6
1340290 1053.4
1340300 1053.4
1340310 1055.6
1340320 1067.4
1340330 1067.4
1340340 1069.0
1340350 1066.0
1340360 1066.0
1340370 1058.9
1340380 1047.1
1340390 1047.1
1340400 1031.1
1340410 1011.4
1340420 1011.4
1340430 978.8
1340440 960.0
1340450 960.0
1340460 955.3
1340470 946.3
1340480 946.3
1340490 929.4
1340500 915.5
1340510 915.5
1340520 907.2
1340530 900.7
1340540 893.6
1340550 893.6
1340560 883.7
1340570 874.2
1340580 874.2
1340590 867.6
1340600 862.1
1340610 862.1
1340620 856.3
1340630 850.0
1340640 850.0
1340650 843.6
1340660 836.9
1340670 836.9
1340680 829.8
1340690 822.9
1340700 822.9
1340710 817.5
1340720 813.1
1340730 813.1
1340740 808.3
1340750 803.5
1340760 803.5
1340770 799.0
1340780 794.8
1340790 797.7
1340800 794.4
1340810 789.3
1340820 789.3
1340830 783.1
1340840 777.1
1340850 777.1
1340860 772.4
1340870 768.5
1340880 764.7
1340890 764.7
1340900 761.3
1340910 758.5
1340920 758.5
1340930 754.5
1340940 750.9
1340950 750.9
1340960 747.7
1340970 745.4
1340980 745.4
1340990 744.7
1341000 744.0
1341010 744.0
1341020 743.5
1341030 742.8
1341040 742.8
1341050 741.9
1341060 741.2
1341070 741.2
1341080 740.4
1341090 739.1
1341100 739.1
1341110 737.5
1341120 736.6
1341130 736.6
1341140 735.4
1341150 734.6
1341160 734.6
1341170 732.7
1341180 730.0
1341190 730.0
1341200 726.4
1341210 724.3
1341220 724.3
1341230 722.6
1341240 720.8
1341250 720.6
1341260 720.6
1341270 719.9
1341280 719.4
1341290 719.4
1341300 718.6
1341310 717.8
1341320 717.8
1341330 717.5
1341340 718.5
1341350 718.5
1341360 717.7
1341370 717.0
1341380 717.0
1341390 716.3
1341400 714.7
1341410 714.7
1341420 713.4
1341430 712.6
1341440 712.6
1341450 711.1
1341460 709.7
1341470 709.7
1341480 708.9
1341490 707.6
1341500 707.6
1341510 705.3
1341520 703.4
1341530 703.4
1341540 701.9
1341550 700.9
1341560 700.9
1341570 699.8
1341580 698.6
1341590 697.3
1341600 697.3
1341610 696.0
1341620 694.9
1341630 694.9
1341640 694.5
1341650 693.7
1341660 693.7
1341670 692.3
1341680 691.1
1341690 689.1
1341700 688.1
1341710 686.9
1341720 686.9
1341730 685.7
1341740 684.9
1341750 684.9
1341760 684.2
1341770 682.9
1341780 682.9
1341790 681.5
1341800 680.4
1341810 680.4
1341820 679.4
1341830 679.1
1341840 679.1
1341850 678.2
1341860 677.0
1341870 677.0
1341880 675.5
1341890 673.9
1341900 673.9
1341910 672.5
1341920 671.6
1341930 671.6
1341940 670.5
1341950 669.6
1341960 668.5
1341970 668.5
1341980 668.0
1341990 666.4
1342000 666.4
1342010 664.4
1342020 663.0
1342030 663.0
1342040 661.4
1342050 659.6
1342060 659.6
1342070 656.5
1342080 651.3
1342090 651.3
1342100 646.3
1342110 643.4
1342120 643.4
1342130 641.9
1342140 641.3
1342150 641.3
1342160 640.6
1342170 637.7
1342180 637.7
1342190 635.0
1342200 633.5
1342210 633.5
1342220 634.6
1342230 638.1
1342240 638.1
1342250 640.4
1342260 640.6
1342270 640.6
1342280 636.2
1342290 631.5
1342300 630.0
1342310 630.0
1342320 630.5
1342330 633.5
1342340 633.5
1342350 637.0
1342360 636.6
1342370 636.6
1342380 635.7
1342390 635.2
1342400 635.2
1342410 634.7
1342420 634.1
1342430 634.1
1342440 633.8
1342450 633.4
1342460 633.4
1342470 632.6
1342480 631.5
1342490 631.5
1342500 629.0
1342510 626.7
1342520 626.7
1342530 624.5
1342540 622.1
1342550 622.1
1342560 619.1
1342570 615.3
1342580 610.4
1342590 606.6
1342600 601.3
1342610 601.3
1342620 595.9
1342630 590.6
1342640 590.6
1342650 585.2
1342660 580.8
1342670 579.2
1342680 579.2
1342690 578.9
1342700 578.4
1342710 578.4
1342720 578.0
1342730 577.0
1342740 577.0
1342750 575.9
1342760 574.7
1342770 574.7
1342780 573.0
1342790 572.2
1342800 572.2
1342810 572.4
1342820 574.1
1342830 574.1
1342840 575.3
1342850 576.8
1342860 576.8
1342870 579.1
1342880 583.6
1342890 583.6
1342900 585.2
1342910 585.1
1342920 585.1
1342930 584.6
1342940 582.2
1342950 582.2
1342960 577.5
1342970 574.2
1342980 574.2
1342990 571.0
1343000 566.9
1343010 563.8
1343020 563.8
1343030 562.0
1343040 562.5
1343050 562.5
1343060 562.7
1343070 562.8
1343080 562.8
1343090 562.1
1343100 561.7
1343110 561.7
1343120 561.3
1343130 559.0
1343140 559.0
1343150 556.2
1343160 553.7
1343170 553.7
1343180 551.3
1343190 548.5
1343200 548.5
1343210 546.2
1343220 546.0
1343230 546.0
1343240 544.8
1343250 542.9
1343260 542.9
1343270 540.7
1343280 538.9
1343290 538.9
1343300 537.0
1343310 534.9
1343320 534.9
1343330 533.3
1343340 531.8
1343350 531.0
1343360 531.0
1343370 530.4
1343380 530.1
1343390 530.1
1343400 529.8
1343410 529.2
1343420 529.2
1343430 529.0
1343440 528.8
1343450 528.8
1343460 528.4
1343470 528.4
1343480 528.4
1343490 527.9
1343500 527.6
1343510 527.6
1343520 528.2
1343530 529.8
1343540 529.8
1343550 532.3
1343560 533.2
1343570 533.2
1343580 534.1
1343590 534.6
1343600 534.6
1343610 534.5
1343620 534.7
1343630 534.7
1343640 535.1
1343650 535.8
1343660 535.8
1343670 536.5
1343680 537.8
1343690 537.8
1343700 539.0
1343710 540.0
1343720 540.9
1343730 540.9
1343740 542.1
1343750 543.1
1343760 543.1
1343770 543.9
1343780 544.8
1343790 544.8
1343800 546.1
1343810 547.5
1343820 547.5
1343830 549.1
1343840 550.5
1343850 550.5
1343860 551.4
1343870 551.7
1343880 551.7
1343890 552.0
1343900 553.7
1343910 553.7
1343920 556.2
1343930 558.4
1343940 558.4
1343950 560.6
1343960 563.6
1343970 563.6
1343980 565.8
1343990 566.1
1344000 566.1
1344010 566.1
1344020 568.5
1344030 568.5
1344040 573.6
1344050 579.1
1344060 583.7
1344070 583.7
1344080 587.7
1344090 590.5
1344100 590.5
1344110 591.4
1344120 590.6
1344130 590.6
1344140 590.9
1344150 594.9
1344160 594.9
1344170 598.0
1344180 601.0
1344190 601.0
1344200 606.4
1344210 608.2
1344220 608.2
1344230 606.6
1344240 602.5
1344250 602.5
1344260 599.6
1344270 598.2
1344280 598.2
1344290 596.8
1344300 598.6
1344310 598.6
1344320 599.5
1344330 600.5
1344340 600.5
1344350 602.0
1344360 601.5
1344370 601.5
1344380 600.4
1344390 598.9
1344400 598.2
1344410 596.7
1344420 595.4
1344430 594.2
1344440 594.2
1344450 592.9
1344460 592.0
1344470 592.0
1344480 591.2
1344490 590.1
1344500 590.1
1344510 588.7
1344520 586.7
1344530 586.7
1344540 584.8
1344550 582.0
1344560 582.0
1344570 579.4
1344580 577.2
1344590 577.2
1344600 575.5
1344610 575.2
1344620 575.2
1344630 575.3
1344640 574.2
1344650 574.2
1344660 571.4
1344670 568.1
1344680 568.1
1344690 564.9
1344700 561.7
1344710 561.7
1344720 558.9
1344730 555.9
1344740 555.9
1344750 552.4
1344760 549.6
1344770 548.1
1344780 548.1
1344790 546.1
1344800 542.3
1344810 542.3
1344820 537.6
1344830 532.5
1344840 532.5
1344850 527.0
1344860 523.0
1344870 523.0
1344880 521.1
1344890 520.0
1344900 520.0
1344910 519.4
1344920 518.6
1344930 518.6
1344940 518.6
1344950 518.4
1344960 518.4
1344970 517.7
1344980 517.6
1344990 517.6
1345000 517.7
1345010 515.2
1345020 515.2
1345030 510.3
1345040 505.5
1345050 505.5
1345060 500.7
1345070 497.1
1345080 497.1
1345090 496.0
1345100 495.8
1345110 495.8
1345120 495.7
1345130 495.6
1345140 495.5
1345150 495.5
1345160 495.5
1345170 495.3
1345180 495.3
1345190 495.2
1345200 495.9
1345210 495.9
1345220 497.0
1345230 497.1
1345240 497.1
1345250 496.0
1345260 497.8
1345270 497.8
1345280 498.7
1345290 497.0
1345300 497.0
1345310 496.9
1345320 497.4
1345330 497.4
1345340 495.9
1345350 495.3
1345360 495.3
1345370 495.2
1345380 495.3
1345390 495.3
1345400 495.1
1345410 495.4
1345420 495.4
1345430 495.0
1345440 495.6
1345450 495.6
1345460 496.0
1345470 497.4
1345480 498.6
1345490 498.6
1345500 498.9
1345510 498.0
1345520 498.0
1345530 496.9
1345540 495.8
1345550 495.8
1345560 494.8
1345570 493.9
1345580 493.9
1345590 493.2
1345600 492.3
1345610 492.3
1345620 491.7
1345630 491.4
1345640 491.4
1345650 491.3
1345660 491.4
1345670 491.4
1345680 491.4
1345690 491.5
1345700 491.5
1345710 491.6
1345720 491.5
1345730 491.5
1345740 491.5
1345750 491.5
1345760 491.5
1345770 491.5
1345780 491.6
1345790 491.6
1345800 491.5
1345810 491.5
1345820 491.5
1345830 491.6
1345840 491.6
1345850 491.8
1345860 491.8
1345870 491.9
1345880 491.8
1345890 491.8
1345900 491.7
1345910 491.6
1345920 491.6
1345930 491.6
1345940 491.5
1345950 491.5
1345960 491.5
1345970 491.3
1345980 491.3
1345990 490.6
1346000 490.7
1346010 490.7
1346020 489.4
1346030 488.9
1346040 488.9
1346050 489.5
1346060 489.2
1346070 489.2
1346080 489.2
1346090 489.6
1346100 489.6
1346110 489.6
1346120 489.6
1346130 489.6
1346140 489.5
1346150 489.4
1346160 489.4
1346170 489.5
1346180 489.8
1346190 490.0
1346200 490.0
1346210 490.3
1346220 490.7
1346230 490.7
1346240 495.2
1346250 493.5
1346260 493.5
1346270 491.0
1346280 491.4
1346290 491.4
1346300 494.6
1346310 496.8
1346320 496.8
1346330 497.1
1346340 497.2
1346350 497.2
1346360 497.4
1346370 497.5
1346380 497.5
1346390 497.6
1346400 497.8
1346410 497.8
1346420 498.0
1346430 498.1
1346440 498.1
1346450 498.2
1346460 498.1
1346470 498.1
1346480 497.9
1346490 497.2
1346500 497.2
1346510 496.4
1346520 495.3
1346530 495.3
1346540 494.0
1346550 492.8
1346560 491.6
1346570 491.6
1346580 490.6
1346590 489.9
1346600 489.9
1346610 489.5
1346620 489.5
1346630 489.5
1346640 489.5
1346650 489.2
1346660 489.2
1346670 489.1
1346680 489.0
1346690 489.0
1346700 488.7
1346710 488.3
1346720 488.3
1346730 488.1
1346740 488.5
1346750 488.5
1346760 488.7
1346770 488.7
1346780 488.7
1346790 488.8
1346800 488.9
1346810 488.9
1346820 489.0
1346830 489.0
1346840 489.0
1346850 489.3
1346860 489.7
1346870 489.7
1346880 489.8
1346890 489.3
1346900 487.7
1346910 487.7
1346920 487.5
1346930 487.4
1346940 487.4
1346950 487.3
1346960 487.2
1346970 487.2
1346980 487.0
1346990 486.9
1347000 486.9
1347010 486.8
1347020 486.8
1347030 486.8
1347040 486.7
1347050 486.7
1347060 486.7
1347070 486.6
1347080 486.6
1347090 486.6
1347100 486.6
1347110 486.6
1347120 486.6
1347130 486.6
1347140 486.5
1347150 486.5
1347160 486.4
1347170 486.6
1347180 486.6
1347190 486.9
1347200 487.0
1347210 487.0
1347220 487.3
1347230 487.9
1347240 487.9
1347250 488.6
1347260 489.2
1347270 489.1
1347280 489.1
1347290 489.0
1347300 488.8
1347310 488.8
1347320 488.8
1347330 488.7
1347340 488.7
1347350 488.6
1347360 488.6
1347370 488.6
1347380 488.5
1347390 488.6
1347400 488.6
1347410 488.5
1347420 490.7
1347430 490.7
1347440 493.9
1347450 491.6
1347460 491.6
1347470 488.7
1347480 488.0
1347490 488.0
1347500 488.2
1347510 489.0
1347520 489.0
1347530 488.6
1347540 488.4
1347550 488.4
1347560 488.2
1347570 488.1
1347580 488.1
1347590 488.0
1347600 487.9
1347610 487.8
1347620 487.8
1347630 487.8
1347640 487.8
1347650 487.8
1347660 487.8
1347670 487.8
1347680 487.8
1347690 487.8
1347700 487.8
1347710 487.8
1347720 487.8
1347730 487.8
1347740 487.8
1347750 487.8
1347760 487.8
1347770 487.8
1347780 487.8
1347790 487.7
1347800 487.7
1347810 487.8
1347820 488.0
1347830 488.0
1347840 488.0
1347850 488.0
1347860 488.0
1347870 488.0
1347880 488.0
1347890 488.0
1347900 488.0
1347910 488.0
1347920 488.0
1347930 488.0
1347940 487.9
1347950 487.9
1347960 487.9
1347970 487.9
1347980 487.9
1347990 487.9
1348000 487.9
1348010 488.1
1348020 488.1
1348030 488.2
1348040 488.2
1348050 488.2
1348060 488.7
1348070 489.8
1348080 489.8
1348090 489.8
1348100 488.5
1348110 488.5
1348120 488.5
1348130 488.0
1348140 488.0
1348150 488.2
1348160 488.0
1348170 488.0
1348180 487.9
1348190 488.0
1348200 488.0
1348210 488.1
1348220 488.4
1348230 488.4
1348240 489.8
1348250 494.0
1348260 494.0
1348270 495.8
1348280 495.9
1348290 495.9
1348300 496.4
1348310 499.3
1348320 502.3
1348330 502.3
1348340 504.0
1348350 507.7
1348360 507.7
1348370 512.0
1348380 516.7
1348390 516.7
1348400 521.7
1348410 526.5
1348420 526.5
1348430 531.1
1348440 535.6
1348450 535.6
1348460 539.8
1348470 542.8
1348480 542.8
1348490 544.4
1348500 545.6
1348510 545.6
1348520 546.7
1348530 547.7
1348540 547.7
1348550 548.7
1348560 549.5
1348570 549.5
1348580 549.6
1348590 547.4
1348600 547.4
1348610 542.3
1348620 536.4
1348630 536.4
1348640 531.1
1348650 526.6
1348660 524.2
1348670 524.2
1348680 523.6
1348690 523.8
1348700 523.8
1348710 525.0
1348720 526.4
1348730 526.4
1348740 529.3
1348750 534.0
1348760 534.0
1348770 538.3
1348780 544.1
1348790 544.1
1348800 550.1
1348810 556.5
1348820 556.5
1348830 563.2
1348840 569.6
1348850 569.6
1348860 574.7
1348870 577.4
1348880 577.4
1348890 578.4
1348900 576.3
1348910 576.3
1348920 571.7
1348930 566.8
1348940 566.8
1348950 562.6
1348960 562.4
1348970 562.4
1348980 566.9
1348990 572.7
1349000 572.7
1349010 578.4
1349020 584.2
1349030 589.6
1349040 587.6
1349050 591.3
1349060 591.0
1349070 591.0
1349080 590.4
1349090 592.5
1349100 592.5
1349110 594.4
1349120 594.5
1349130 594.5
1349140 594.1
1349150 593.9
1349160 593.9
1349170 593.5
1349180 591.6
1349190 591.6
1349200 591.3
1349210 592.3
1349220 592.3
1349230 591.7
1349240 590.9
1349250 590.9
1349260 591.9
1349270 594.2
1349280 594.2
1349290 596.0
1349300 597.0
1349310 597.0
1349320 598.1
1349330 599.7
1349340 599.7
1349350 600.8
1349360 601.6
1349370 602.1
1349380 602.1
1349390 602.5
1349400 602.9
1349410 602.9
1349420 603.7
1349430 604.3
1349440 604.3
1349450 604.7
1349460 605.3
1349470 605.3
1349480 605.9
1349490 606.7
1349500 606.7
1349510 607.5
1349520 607.9
1349530 607.9
1349540 608.3
1349550 609.0
1349560 609.0
1349570 609.9
1349580 610.5
1349590 610.5
1349600 611.1
1349610 611.7
1349620 611.7
1349630 612.6
1349640 613.7
1349650 613.7
1349660 614.6
1349670 615.2
1349680 615.2
1349690 615.2
1349700 615.1
1349710 615.1
1349720 614.6
1349730 613.3
1349740 611.1
1349750 611.1
1349760 608.2
1349770 606.5
1349780 606.5
1349790 606.3
1349800 606.3
1349810 606.3
1349820 605.9
1349830 604.7
1349840 604.7
1349850 604.2
1349860 604.1
1349870 604.1
1349880 604.1
1349890 604.4
1349900 604.4
1349910 604.7
1349920 605.6
1349930 605.6
1349940 607.1
1349950 608.9
1349960 608.9
1349970 610.7
1349980 612.2
1349990 612.9
1350000 614.3
1350010 615.9
1350020 615.9
1350030 618.2
1350040 620.7
1350050 620.7
1350060 623.5
1350070 625.8
1350080 627.5
1350090 627.5
1350100 628.9
1350110 629.9
1350120 629.9
1350130 630.8
1350140 631.5
1350150 631.5
1350160 632.6
1350170 633.6
1350180 633.6
1350190 634.5
1350200 635.3
1350210 635.3
1350220 636.1
1350230 636.8
1350240 636.8
1350250 637.4
1350260 637.8
1350270 637.8
1350280 638.2
1350290 638.6
1350300 638.6
1350310 638.8
1350320 638.8
1350330 638.8
1350340 638.5
1350350 638.0
1350360 638.0
1350370 637.6
1350380 634.1
1350390 634.1
1350400 631.9
1350410 629.6
1350420 629.6
1350430 625.8
1350440 621.9
1350450 618.4
1350460 618.4
1350470 617.4
1350480 619.9
1350490 619.9
1350500 622.9
1350510 623.8
1350520 623.8
1350530 621.7
1350540 620.1
1350550 620.1
1350560 621.2
1350570 624.1
1350580 624.1
1350590 626.2
1350600 627.7
1350610 627.7
1350620 629.4
1350630 630.9
1350640 630.9
1350650 631.8
1350660 631.9
1350670 631.9
1350680 632.8
1350690 633.7
1350700 633.7
1350710 634.4
1350720 635.8
1350730 635.8
1350740 636.8
1350750 637.0
1350760 637.0
1350770 637.2
1350780 637.2
1350790 637.1
1350800 637.1
1350810 637.0
1350820 636.8
1350830 636.8
1350840 636.7
1350850 636.7
1350860 636.7
1350870 636.6
1350880 636.2
1350890 636.2
1350900 635.4
1350910 634.6
1350920 634.6
1350930 633.6
1350940 633.0
1350950 633.0
1350960 632.6
1350970 632.7
1350980 632.7
1350990 632.8
1351000 633.0
1351010 633.0
1351020 633.6
1351030 634.4
1351040 634.4
1351050 635.0
1351060 635.4
1351070 635.4
1351080 635.4
1351090 635.0
1351100 635.0
1351110 634.4
1351120 632.7
1351130 632.7
1351140 630.8
1351150 628.4
1351160 625.9
1351170 625.9
1351180 623.7
1351190 622.0
1351200 622.0
1351210 620.8
1351220 619.7
1351230 619.7
1351240 618.6
1351250 617.1
1351260 617.1
1351270 614.6
1351280 611.0
1351290 611.0
1351300 606.8
1351310 603.0
1351320 603.0
1351330 599.7
1351340 596.4
1351350 596.4
1351360 594.0
1351370 592.1
1351380 592.1
1351390 590.1
1351400 588.8
1351410 588.8
1351420 588.1
1351430 588.3
1351440 588.3
1351450 588.2
1351460 587.9
1351470 587.9
1351480 588.0
1351490 588.1
1351500 588.1
1351510 588.1
1351520 588.1
1351530 588.2
1351540 588.2
1351550 588.4
1351560 588.2
1351570 588.2
1351580 588.1
1351590 588.0
1351600 588.0
1351610 587.8
1351620 587.7
1351630 587.7
1351640 587.6
1351650 587.4
1351660 587.4
1351670 587.2
1351680 587.0
1351690 587.0
1351700 586.8
1351710 587.0
1351720 587.0
1351730 587.5
1351740 588.0
1351750 588.0
1351760 588.5
1351770 589.6
1351780 589.6
1351790 591.0
1351800 592.6
1351810 592.6
1351820 594.0
1351830 594.8
1351840 594.8
1351850 595.7
1351860 597.1
1351870 598.5
1351880 598.5
1351890 599.9
1351900 602.1
1351910 602.1
1351920 604.4
1351930 607.1
1351940 607.1
1351950 609.6
1351960 611.8
1351970 611.8
1351980 613.7
1351990 615.2
1352000 615.2
1352010 616.5
1352020 617.7
1352030 617.7
1352040 618.3
1352050 618.6
1352060 618.6
1352070 619.3
1352080 620.4
1352090 620.4
1352100 621.7
1352110 623.4
1352120 623.4
1352130 625.0
1352140 626.1
1352150 626.1
1352160 626.9
1352170 627.2
1352180 627.2
1352190 627.3
1352200 627.5
1352210 627.6
1352220 627.6
1352230 627.8
1352240 628.5
1352250 628.5
1352260 629.6
1352270 631.4
1352280 631.4
1352290 632.1
1352300 632.3
1352310 632.3
1352320 633.0
1352330 633.6
1352340 633.6
1352350 634.6
1352360 636.1
1352370 636.1
1352380 638.0
1352390 640.3
1352400 640.3
1352410 642.7
1352420 645.0
1352430 645.0
1352440 647.1
1352450 648.9
1352460 648.9
1352470 650.8
1352480 652.4
1352490 652.4
1352500 654.1
1352510 655.3
1352520 655.3
1352530 656.1
1352540 656.8
1352550 656.8
1352560 657.7
1352570 659.1
1352580 660.9
1352590 660.9
1352600 662.8
1352610 664.0
1352620 664.0
1352630 664.6
1352640 666.6
1352650 666.6
1352660 668.5
1352670 670.4
1352680 670.4
1352690 672.3
1352700 673.8
1352710 673.8
1352720 674.8
1352730 675.7
1352740 675.7
1352750 676.6
1352760 677.9
1352770 677.9
1352780 679.1
1352790 680.0
1352800 680.0
1352810 680.7
1352820 681.7
1352830 681.7
1352840 682.7
1352850 683.6
1352860 686.5
1352870 687.3
1352880 688.2
1352890 688.2
1352900 689.3
1352910 690.9
1352920 692.6
1352930 692.6
1352940 693.9
1352950 695.2
1352960 695.2
1352970 695.5
1352980 692.8
1352990 692.8
1353000 694.4
1353010 696.6
1353020 696.6
1353030 696.3
1353040 696.3
1353050 696.3
1353060 696.4
1353070 695.5
1353080 695.5
1353090 694.8
1353100 694.7
1353110 694.7
1353120 694.4
1353130 695.5
1353140 695.5
1353150 696.1
1353160 696.3
1353170 696.3
1353180 696.8
1353190 698.7
1353200 698.7
1353210 700.5
1353220 701.4
1353230 701.4
1353240 702.1
1353250 704.4
1353260 705.9
1353270 705.9
1353280 705.8
1353290 706.5
1353300 706.5
1353310 709.8
1353320 713.2
1353330 713.2
1353340 715.5
1353350 718.7
1353360 718.7
1353370 723.2
1353380 728.2
1353390 728.2
1353400 733.0
1353410 737.4
1353420 737.4
1353430 742.3
1353440 746.5
1353450 746.5
1353460 748.6
1353470 750.6
1353480 750.6
1353490 753.4
1353500 756.7
1353510 756.7
1353520 761.1
1353530 765.0
1353540 765.0
1353550 767.4
1353560 769.6
1353570 769.6
1353580 771.6
1353590 773.2
1353600 773.2
1353610 773.9
1353620 774.8
1353630 775.8
1353640 775.8
1353650 779.0
1353660 781.9
1353670 781.9
1353680 784.1
1353690 786.5
1353700 786.5
1353710 788.2
1353720 787.5
1353730 787.5
1353740 786.0
1353750 785.2
1353760 785.2
1353770 785.7
1353780 786.8
1353790 786.8
1353800 788.0
1353810 788.8
1353820 788.8
1353830 789.6
1353840 793.6
1353850 793.6
1353860 792.5
1353870 789.2
1353880 789.2
1353890 785.3
1353900 784.3
1353910 784.3
1353920 783.9
1353930 783.7
1353940 783.7
1353950 783.0
1353960 781.2
1353970 781.1
1353980 781.1
1353990 784.2
1354000 787.2
1354010 787.2
1354020 789.9
1354030 793.3
1354040 793.3
1354050 796.6
1354060 800.0
1354070 800.0
1354080 803.7
1354090 807.6
1354100 807.6
1354110 811.6
1354120 815.8
1354130 815.8
1354140 820.1
1354150 824.4
1354160 824.4
1354170 829.5
1354180 835.1
1354190 835.1
1354200 843.5
1354210 850.1
1354220 850.1
1354230 856.0
1354240 860.8
1354250 860.8
1354260 865.5
1354270 870.3
1354280 870.3
1354290 874.6
1354300 878.4
1354310 878.4
1354320 881.4
1354330 883.2
1354340 884.6
1354350 884.6
1354360 885.2
1354370 885.5
1354380 885.5
1354390 885.9
1354400 886.6
1354410 886.6
1354420 887.0
1354430 887.3
1354440 887.3
1354450 887.2
1354460 886.7
1354470 886.7
1354480 886.1
1354490 885.7
1354500 885.7
1354510 886.2
1354520 887.1
1354530 887.1
1354540 888.0
1354550 888.8
1354560 888.8
1354570 889.4
1354580 889.7
1354590 889.7
1354600 889.8
1354610 890.1
1354620 890.1
1354630 890.7
1354640 891.9
1354650 891.9
1354660 893.5
1354670 895.8
1354680 898.8
1354690 898.8
1354700 902.0
1354710 906.1
1354720 906.1
1354730 910.7
1354740 916.4
1354750 916.4
1354760 919.4
1354770 919.8
1354780 919.8
1354790 919.3
1354800 915.9
1354810 915.9
1354820 904.9
1354830 904.5
1354840 904.5
1354850 905.2
1354860 901.5
1354870 901.5
1354880 894.6
1354890 890.2
1354900 890.2
1354910 890.0
1354920 887.6
1354930 887.6
1354940 885.1
1354950 883.6
1354960 883.6
1354970 880.6
1354980 877.3
1354990 877.3
1355000 872.8
1355010 865.2
1355020 865.2
1355030 855.6
1355040 845.9
1355050 837.6
1355060 837.6
1355070 829.8
1355080 821.1
1355090 821.1
1355100 812.4
1355110 804.9
1355120 804.9
1355130 798.0
1355140 791.9
1355150 791.9
1355160 786.1
1355170 781.6
1355180 781.6
1355190 776.8
1355200 771.1
1355210 771.1
1355220 766.2
1355230 762.5
1355240 762.5
1355250 759.2
1355260 755.6
1355270 755.6
1355280 751.6
1355290 747.0
1355300 747.0
1355310 740.9
1355320 734.1
1355330 734.1
1355340 728.2
1355350 720.4
1355360 720.4
1355370 708.8
1355380 692.7
1355390 683.6
1355400 683.6
1355410 676.9
1355420 669.3
1355430 669.3
1355440 665.9
1355450 666.5
1355460 666.5
1355470 662.9
1355480 658.4
1355490 658.4
1355500 653.6
1355510 649.0
1355520 649.0
1355530 645.3
1355540 640.4
1355550 640.4
1355560 632.8
1355570 625.8
1355580 625.8
1355590 618.1
1355600 609.8
1355610 609.8
1355620 602.7
1355630 597.0
1355640 597.0
1355650 594.4
1355660 591.6
1355670 591.6
1355680 587.4
1355690 583.5
1355700 583.5
1355710 579.8
1355720 575.0
1355730 575.0
1355740 572.0
1355750 571.7
1355760 576.4
1355770 576.4
1355780 584.0
1355790 589.4
1355800 589.4
1355810 599.2
1355820 603.7
1355830 603.7
1355840 605.8
1355850 606.6
1355860 606.6
1355870 607.0
1355880 607.1
1355890 607.1
1355900 606.9
1355910 606.6
1355920 606.6
1355930 606.5
1355940 607.7
1355950 607.7
1355960 608.2
1355970 608.2
1355980 608.2
1355990 610.3
1356000 612.3
1356010 612.3
1356020 614.6
1356030 617.0
1356040 617.0
1356050 620.4
1356060 623.8
1356070 623.8
1356080 627.3
1356090 630.1
1356100 632.6
1356110 632.6
1356120 635.3
1356130 638.4
1356140 638.4
1356150 642.3
1356160 644.8
1356170 644.8
1356180 648.2
1356190 650.6
1356200 650.6
1356210 653.1
1356220 656.0
1356230 656.0
1356240 659.8
1356250 661.9
1356260 661.9
1356270 664.6
1356280 666.5
1356290 666.5
1356300 668.2
1356310 669.9
1356320 669.9
1356330 672.2
1356340 673.9
1356350 673.9
1356360 674.9
1356370 676.2
1356380 676.2
1356390 678.4
1356400 680.7
1356410 680.7
1356420 683.7
1356430 687.2
1356440 687.2
1356450 690.5
1356460 690.9
1356470 693.3
1356480 693.3
1356490 693.9
1356500 691.4
1356510 691.4
1356520 692.7
1356530 694.5
1356540 694.5
1356550 697.1
1356560 705.2
1356570 705.2
1356580 713.9
1356590 723.8
1356600 723.8
1356610 739.6
1356620 752.4
1356630 752.4
1356640 759.7
1356650 765.7
1356660 765.7
1356670 772.2
1356680 778.4
1356690 778.4
1356700 784.9
1356710 791.0
1356720 791.0
1356730 797.1
1356740 805.1
1356750 805.1
1356760 814.7
1356770 823.5
1356780 823.5
1356790 831.5
1356800 839.9
1356810 853.8
1356820 853.8
1356830 862.2
1356840 872.4
1356850 872.4
1356860 883.9
1356870 897.3
1356880 897.3
1356890 907.9
1356900 917.6
1356910 917.6
1356920 926.3
1356930 934.6
1356940 934.6
1356950 941.8
1356960 949.6
1356970 949.6
1356980 956.9
1356990 962.2
1357000 962.2
1357010 967.7
1357020 974.2
1357030 974.2
1357040 982.5
1357050 990.6
1357060 990.6
1357070 998.0
1357080 1002.8
1357090 1002.8
1357100 1007.1
1357110 1011.3
1357120 1011.3
1357130 1014.5
1357140 1017.4
1357150 1019.6
1357160 1019.6
1357170 1021.7
1357180 1025.1
1357190 1025.1
1357200 1030.0
1357210 1036.2
1357220 1036.2
1357230 1039.1
1357240 1039.7
1357250 1039.7
1357260 1040.7
1357270 1041.3
1357280 1041.3
1357290 1040.4
1357300 1039.1
1357310 1039.1
1357320 1038.7
1357330 1037.5
1357340 1037.5
1357350 1038.4
1357360 1042.2
1357370 1042.2
1357380 1042.9
1357390 1039.5
1357400 1039.5
1357410 1037.9
1357420 1043.7
1357430 1043.7
1357440 1054.4
1357450 1059.5
1357460 1059.5
1357470 1063.2
1357480 1070.3
1357490 1070.3
1357500 1075.7
1357510 1078.1
1357520 1081.9
1357530 1081.9
1357540 1087.7
1357550 1092.8
1357560 1092.8
1357570 1097.8
1357580 1100.6
1357590 1100.6
1357600 1104.6
1357610 1108.2
1357620 1108.2
1357630 1112.1
1357640 1115.3
1357650 1115.3
1357660 1115.1
1357670 1113.2
1357680 1113.2
1357690 1115.2
1357700 1118.9
1357710 1118.9
1357720 1122.0
1357730 1123.0
1357740 1123.0
1357750 1118.4
1357760 1117.0
1357770 1117.0
1357780 1119.5
1357790 1122.0
1357800 1122.0
1357810 1133.9
1357820 1141.4
1357830 1141.4
1357840 1142.8
1357850 1143.6
1357860 1146.6
1357870 1146.6
1357880 1152.1
1357890 1162.1
1357900 1162.1
1357910 1169.5
1357920 1174.9
1357930 1174.9
1357940 1180.2
1357950 1183.6
1357960 1183.6
1357970 1186.8
1357980 1189.1
1357990 1189.1
1358000 1191.2
1358010 1193.1
1358020 1193.1
1358030 1193.1
1358040 1193.4
1358050 1193.4
1358060 1192.0
1358070 1186.5
1358080 1186.5
1358090 1178.9
1358100 1171.3
1358110 1171.3
1358120 1170.4
1358130 1172.2
1358140 1172.2
1358150 1172.3
1358160 1172.0
1358170 1172.0
1358180 1172.0
1358190 1174.4
1358200 1174.4
1358210 1178.4
1358220 1184.3
1358230 1187.3
1358240 1187.3
1358250 1189.6
1358260 1193.1
1358270 1193.1
1358280 1194.7
1358290 1197.2
1358300 1197.2
1358310 1198.9
1358320 1200.0
1358330 1200.0
1358340 1203.7
1358350 1206.4
1358360 1206.4
1358370 1206.0
1358380 1204.9
1358390 1204.9
1358400 1205.0
1358410 1206.1
1358420 1206.1
1358430 1206.7
1358440 1206.9
1358450 1206.9
1358460 1207.3
1358470 1208.2
1358480 1208.2
1358490 1210.4
1358500 1212.7
1358510 1212.7
1358520 1212.9
1358530 1212.7
1358540 1212.7
1358550 1213.3
1358560 1214.2
1358570 1215.3
1358580 1215.3
1358590 1215.5
1358600 1214.9
1358610 1214.9
1358620 1214.2
1358630 1214.6
1358640 1214.6
1358650 1216.2
1358660 1218.1
1358670 1218.1
1358680 1218.8
1358690 1217.9
1358700 1217.9
1358710 1216.3
1358720 1215.5
1358730 1215.5
1358740 1215.3
1358750 1215.5
1358760 1215.5
1358770 1218.1
1358780 1221.6
1358790 1221.6
1358800 1223.4
1358810 1223.9
1358820 1223.9
1358830 1209.9
1358840 1206.9
1358850 1206.9
1358860 1203.3
1358870 1199.8
1358880 1199.8
1358890 1196.2
1358900 1191.8
1358910 1191.8
1358920 1186.4
1358930 1180.2
1358940 1172.9
1358950 1172.9
1358960 1166.4
1358970 1160.7
1358980 1160.7
1358990 1154.5
1359000 1148.9
1359010 1148.9
1359020 1143.2
1359030 1138.1
1359040 1138.1
1359050 1134.4
1359060 1130.5
1359070 1130.5
1359080 1126.3
1359090 1121.0
1359100 1121.0
1359110 1115.2
1359120 1111.7
1359130 1111.7
1359140 1108.7
1359150 1104.6
1359160 1104.6
1359170 1099.9
1359180 1095.9
1359190 1095.9
1359200 1092.3
1359210 1088.3
1359220 1088.3
1359230 1083.8
1359240 1079.6
1359250 1079.6
1359260 1076.4
1359270 1074.3
1359280 1072.4
1359290 1072.4
1359300 1070.9
1359310 1069.6
1359320 1069.6
1359330 1068.1
1359340 1066.9
1359350 1066.9
1359360 1065.4
1359370 1064.0
1359380 1064.0
1359390 1062.5
1359400 1060.6
1359410 1060.6
1359420 1057.2
1359430 1054.1
1359440 1054.1
1359450 1052.5
1359460 1050.2
1359470 1050.2
1359480 1048.0
1359490 1046.8
1359500 1046.8
1359510 1046.0
1359520 1045.3
1359530 1045.3
1359540 1045.2
1359550 1045.8
1359560 1045.8
1359570 1046.4
1359580 1047.0
1359590 1047.0
1359600 1047.6
1359610 1047.9
1359620 1047.9
1359630 1048.0
1359640 1047.9
1359650 1047.5
1359660 1047.5
1359670 1047.3
1359680 1046.8
1359690 1046.8
1359700 1045.8
1359710 1042.3
1359720 1042.3
1359730 1037.7
1359740 1033.6
1359750 1033.6
1359760 1030.1
1359770 1026.9
1359780 1026.9
1359790 1024.0
1359800 1020.9
1359810 1020.9
1359820 1018.1
1359830 1015.6
1359840 1015.6
1359850 1016.3
1359860 1015.8
1359870 1015.8
1359880 1015.4
1359890 1014.2
1359900 1014.2
1359910 1011.6
1359920 1008.0
1359930 1008.0
1359940 1005.2
1359950 1002.4
1359960 1002.4
1359970 1000.4
1359980 998.2
1359990 994.4
