1340000 1553.4
1340010 1553.4
1340020 1555.4
1340030 1556.7
1340040 1556.7
1340050 1557.4
1340060 1556.9
1340070 1556.9
1340080 1557.3
1340090 1557.6
1340100 1557.6
1340110 1558.3
1340120 1558.8
1340130 1558.8
1340140 1559.4
1340150 1560.8
1340160 1560.8
1340170 1562.7
1340180 1571.3
1340190 1571.3
1340200 1573.1
1340210 1569.4
1340220 1569.4
1340230 1557.7
1340240 1546.2
1340250 1546.2
1340260 1534.2
1340270 1518.1
1340280 1518.1
1340290 1502.0
1340300 1483.9
1340310 1483.9
1340320 1470.2
1340330 1460.2
1340340 1449.4
1340350 1449.4
1340360 1441.1
1340370 1428.6
1340380 1428.6
1340390 1416.5
1340400 1408.3
1340410 1408.3
1340420 1394.6
1340430 1382.7
1340440 1382.7
1340450 1367.6
1340460 1356.7
1340470 1356.7
1340480 1349.9
1340490 1343.4
1340500 1343.4
1340510 1337.9
1340520 1336.8
1340530 1336.8
1340540 1332.7
1340550 1327.5
1340560 1327.5
1340570 1322.2
1340580 1313.9
1340590 1313.9
1340600 1315.8
1340610 1359.9
1340620 1359.9
1340630 1369.3
1340640 1372.5
1340650 1372.5
1340660 1367.1
1340670 1352.5
1340680 1352.5
1340690 1326.3
1340700 1318.9
1340710 1317.6
1340720 1317.6
1340730 1307.3
1340740 1302.9
1340750 1302.9
1340760 1297.8
1340770 1297.3
1340780 1297.3
1340790 1302.2
1340800 1310.5
1340810 1310.5
1340820 1308.8
1340830 1298.9
1340840 1298.9
1340850 1282.5
1340860 1264.9
1340870 1264.9
1340880 1246.1
1340890 1237.2
1340900 1237.2
1340910 1232.3
1340920 1223.7
1340930 1223.7
1340940 1218.7
1340950 1210.9
1340960 1210.9
1340970 1197.6
1340980 1175.3
1340990 1175.3
1341000 1151.5
1341010 1141.6
1341020 1141.6
1341030 1136.4
1341040 1131.5
1341050 1126.5
1341060 1126.5
1341070 1116.6
1341080 1112.1
1341090 1112.1
1341100 1106.3
1341110 1100.4
1341120 1100.4
1341130 1096.1
1341140 1094.0
1341150 1094.0
1341160 1092.5
1341170 1090.7
1341180 1090.7
1341190 1088.0
1341200 1084.8
1341210 1084.8
1341220 1080.2
1341230 1074.5
1341240 1074.5
1341250 1069.2
1341260 1066.7
1341270 1066.7
1341280 1065.2
1341290 1064.1
1341300 1064.1
1341310 1062.0
1341320 1059.0
1341330 1059.0
1341340 1054.5
1341350 1049.6
1341360 1049.6
1341370 1046.6
1341380 1043.2
1341390 1043.2
1341400 1039.6
1341410 1035.8
1341420 1033.1
1341430 1033.1
1341440 1032.1
1341450 1029.8
1341460 1029.8
1341470 1026.7
1341480 1023.2
1341490 1023.2
1341500 1016.5
1341510 1008.0
1341520 1008.0
1341530 1000.4
1341540 994.7
1341550 994.7
1341560 991.2
1341570 989.9
1341580 989.9
1341590 991.2
1341600 994.8
1341610 994.8
1341620 995.4
1341630 996.0
1341640 996.0
1341650 996.5
1341660 999.9
1341670 999.9
1341680 1004.1
1341690 1004.7
1341700 1004.7
1341710 1004.4
1341720 1004.4
1341730 1004.4
1341740 1003.8
1341750 1002.1
1341760 1002.1
1341770 997.5
1341780 995.6
1341790 996.0
1341800 996.0
1341810 988.2
1341820 980.5
1341830 980.5
1341840 976.4
1341850 974.1
1341860 974.1
1341870 974.5
1341880 975.3
1341890 975.3
1341900 976.0
1341910 976.4
1341920 976.4
1341930 975.6
1341940 974.5
1341950 974.5
1341960 968.8
1341970 970.1
1341980 970.1
1341990 970.9
1342000 971.8
1342010 971.8
1342020 973.7
1342030 975.2
1342040 975.2
1342050 974.7
1342060 973.0
1342070 973.0
1342080 972.6
1342090 974.9
1342100 974.9
1342110 977.2
1342120 979.1
1342130 981.2
1342140 981.2
1342150 983.0
1342160 982.2
1342170 982.2
1342180 979.4
1342190 976.3
1342200 976.3
1342210 975.2
1342220 974.5
1342230 974.5
1342240 974.3
1342250 976.8
1342260 976.8
1342270 981.3
1342280 982.8
1342290 982.8
1342300 979.3
1342310 976.9
1342320 976.9
1342330 972.0
1342340 964.0
1342350 964.0
1342360 957.5
1342370 947.9
1342380 947.9
1342390 937.8
1342400 923.6
1342410 923.6
1342420 912.3
1342430 909.8
1342440 909.8
1342450 915.8
1342460 921.6
1342470 921.6
1342480 915.4
1342490 906.1
1342500 896.2
1342510 896.2
1342520 889.8
1342530 884.0
1342540 884.0
1342550 882.5
1342560 880.1
1342570 880.1
1342580 876.4
1342590 872.4
1342600 872.4
1342610 868.3
1342620 865.1
1342630 865.1
1342640 862.9
1342650 860.5
1342660 860.5
1342670 857.7
1342680 856.5
1342690 856.5
1342700 855.8
1342710 854.7
1342720 854.7
1342730 852.4
1342740 851.1
1342750 851.1
1342760 849.4
1342770 848.5
1342780 848.5
1342790 847.6
1342800 846.9
1342810 846.9
1342820 847.0
1342830 847.0
1342840 847.0
1342850 846.8
1342860 843.6
1342870 844.0
1342880 844.0
1342890 843.3
1342900 843.1
1342910 843.1
1342920 843.4
1342930 843.2
1342940 843.2
1342950 842.9
1342960 842.6
1342970 842.6
1342980 841.8
1342990 840.3
1343000 840.3
1343010 839.4
1343020 838.6
1343030 838.6
1343040 837.8
1343050 837.1
1343060 837.1
1343070 837.1
1343080 838.6
1343090 838.6
1343100 840.0
1343110 839.7
1343120 839.7
1343130 837.6
1343140 836.1
1343150 836.1
1343160 834.6
1343170 832.1
1343180 832.1
1343190 829.6
1343200 827.1
1343210 825.0
1343220 825.0
1343230 821.5
1343240 815.5
1343250 815.5
1343260 807.0
1343270 798.0
1343280 798.0
1343290 790.2
1343300 781.9
1343310 781.9
1343320 768.3
1343330 758.2
1343340 758.2
1343350 751.2
1343360 744.5
1343370 744.5
1343380 738.8
1343390 734.6
1343400 734.6
1343410 731.3
1343420 728.0
1343430 728.0
1343440 725.7
1343450 720.2
1343460 720.2
1343470 713.3
1343480 710.6
1343490 710.6
1343500 717.5
1343510 727.3
1343520 727.3
1343530 729.8
1343540 730.2
1343550 730.2
1343560 729.2
1343570 726.4
1343580 722.7
1343590 722.7
1343600 720.6
1343610 719.7
1343620 719.7
1343630 718.9
1343640 718.0
1343650 718.0
1343660 718.8
1343670 717.7
1343680 717.7
1343690 716.9
1343700 717.5
1343710 717.5
1343720 716.6
1343730 712.4
1343740 712.4
1343750 706.6
1343760 702.0
1343770 698.9
1343780 694.1
1343790 689.0
1343800 689.0
1343810 686.6
1343820 685.7
1343830 685.7
1343840 682.3
1343850 679.8
1343860 679.8
1343870 678.7
1343880 676.3
1343890 676.3
1343900 673.0
1343910 669.9
1343920 666.8
1343930 666.8
1343940 663.8
1343950 660.7
1343960 660.7
1343970 658.0
1343980 656.0
1343990 656.0
1344000 654.5
1344010 653.5
1344020 653.5
1344030 652.7
1344040 652.4
1344050 652.4
1344060 652.1
1344070 651.6
1344080 651.6
1344090 651.0
1344100 650.3
1344110 650.3
1344120 649.9
1344130 649.2
1344140 649.2
1344150 647.8
1344160 646.3
1344170 646.3
1344180 644.9
1344190 643.4
1344200 643.4
1344210 641.8
1344220 640.5
1344230 640.5
1344240 639.1
1344250 637.7
1344260 637.7
1344270 636.2
1344280 634.8
1344290 633.2
1344300 633.2
1344310 631.9
1344320 630.7
1344330 630.7
1344340 629.6
1344350 628.6
1344360 628.6
1344370 627.6
1344380 626.7
1344390 626.7
1344400 625.7
1344410 624.6
1344420 624.6
1344430 623.5
1344440 622.4
1344450 622.4
1344460 621.9
1344470 621.3
1344480 621.3
1344490 620.1
1344500 618.8
1344510 618.8
1344520 617.5
1344530 615.7
1344540 615.7
1344550 616.7
1344560 618.5
1344570 618.5
1344580 619.2
1344590 619.2
1344600 619.2
1344610 619.7
1344620 620.1
1344630 620.1
1344640 620.1
1344650 619.6
1344660 618.9
1344670 618.9
1344680 615.7
1344690 614.5
1344700 614.5
1344710 612.9
1344720 611.2
1344730 611.2
1344740 609.3
1344750 606.5
1344760 606.5
1344770 604.4
1344780 601.5
1344790 601.5
1344800 598.7
1344810 595.3
1344820 595.3
1344830 591.3
1344840 588.2
1344850 588.2
1344860 583.4
1344870 578.4
1344880 578.4
1344890 579.5
1344900 577.3
1344910 577.3
1344920 572.3
1344930 568.5
1344940 568.5
1344950 566.6
1344960 565.8
1344970 565.8
1344980 563.9
1344990 560.5
1345000 556.4
1345010 556.4
1345020 553.4
1345030 551.2
1345040 551.2
1345050 548.4
1345060 545.7
1345070 545.7
1345080 543.4
1345090 542.0
1345100 542.0
1345110 540.3
1345120 538.1
1345130 538.1
1345140 535.8
1345150 533.7
1345160 533.7
1345170 531.8
1345180 530.1
1345190 530.1
1345200 529.0
1345210 528.7
1345220 528.7
1345230 528.5
1345240 528.1
1345250 528.1
1345260 527.6
1345270 526.9
1345280 526.9
1345290 526.2
1345300 525.5
1345310 525.5
1345320 524.8
1345330 524.3
1345340 524.3
1345350 523.7
1345360 523.1
1345370 522.5
1345380 522.5
1345390 521.9
1345400 521.2
1345410 521.2
1345420 520.6
1345430 520.0
1345440 520.0
1345450 519.6
1345460 519.2
1345470 519.2
1345480 519.0
1345490 518.9
1345500 518.9
1345510 518.7
1345520 518.6
1345530 518.6
1345540 518.5
1345550 518.4
1345560 518.4
1345570 518.3
1345580 518.3
1345590 518.3
1345600 518.3
1345610 518.1
1345620 518.1
1345630 517.9
1345640 517.7
1345650 517.7
1345660 517.5
1345670 517.5
1345680 517.5
1345690 517.5
1345700 517.0
1345710 516.5
1345720 516.5
1345730 516.0
1345740 515.6
1345750 515.6
1345760 515.3
1345770 514.9
1345780 514.9
1345790 513.8
1345800 512.0
1345810 512.0
1345820 510.3
1345830 508.7
1345840 508.7
1345850 507.2
1345860 505.7
1345870 505.7
1345880 504.2
1345890 503.0
1345900 503.0
1345910 501.2
1345920 498.1
1345930 498.1
1345940 494.9
1345950 492.7
1345960 492.7
1345970 491.8
1345980 491.5
1345990 491.5
1346000 491.4
1346010 491.3
1346020 491.3
1346030 491.2
1346040 491.2
1346050 491.2
1346060 491.2
1346070 491.1
1346080 491.1
1346090 491.1
1346100 491.0
1346110 490.9
1346120 490.9
1346130 490.9
1346140 490.9
1346150 490.9
1346160 490.8
1346170 490.9
1346180 490.9
1346190 491.1
1346200 491.1
1346210 491.1
1346220 491.1
1346230 491.3
1346240 491.3
1346250 491.4
1346260 491.3
1346270 491.3
1346280 491.4
1346290 491.4
1346300 491.4
1346310 491.4
1346320 491.5
1346330 491.5
1346340 491.8
1346350 491.5
1346360 491.5
1346370 491.3
1346380 491.1
1346390 491.1
1346400 491.1
1346410 491.2
1346420 491.2
1346430 491.2
1346440 491.2
1346450 491.3
1346460 491.3
1346470 491.4
1346480 491.4
1346490 491.4
1346500 491.4
1346510 491.4
1346520 491.4
1346530 491.6
1346540 492.3
1346550 492.3
1346560 491.8
1346570 491.5
1346580 491.5
1346590 491.4
1346600 491.3
1346610 491.3
1346620 491.4
1346630 491.4
1346640 491.4
1346650 491.4
1346660 491.2
1346670 491.2
1346680 490.8
1346690 490.4
1346700 490.4
1346710 489.9
1346720 489.4
1346730 489.4
1346740 489.2
1346750 489.1
1346760 489.1
1346770 489.2
1346780 489.4
1346790 489.6
1346800 489.6
1346810 489.9
1346820 490.2
1346830 490.2
1346840 490.7
1346850 491.2
1346860 491.2
1346870 491.3
1346880 491.3
1346890 491.3
1346900 491.3
1346910 491.4
1346920 491.4
1346930 491.5
1346940 491.6
1346950 491.6
1346960 491.6
1346970 491.5
1346980 491.5
1346990 491.4
1347000 491.4
1347010 491.4
1347020 491.5
1347030 491.6
1347040 491.6
1347050 491.6
1347060 491.7
1347070 491.7
1347080 491.7
1347090 491.9
1347100 491.9
1347110 491.9
1347120 491.8
1347130 491.8
1347140 491.8
1347150 491.8
1347160 491.7
1347170 491.7
1347180 491.7
1347190 491.6
1347200 491.6
1347210 491.7
1347220 491.7
1347230 491.7
1347240 491.7
1347250 491.7
1347260 491.7
1347270 491.7
1347280 491.8
1347290 491.8
1347300 491.8
1347310 491.8
1347320 491.8
1347330 491.8
1347340 491.9
1347350 491.9
1347360 491.8
1347370 491.8
1347380 491.8
1347390 491.5
1347400 489.2
1347410 489.2
1347420 487.1
1347430 486.9
1347440 486.9
1347450 486.7
1347460 486.7
1347470 486.7
1347480 486.8
1347490 486.8
1347500 486.9
1347510 486.9
1347520 487.1
1347530 489.4
1347540 489.4
1347550 491.7
1347560 488.8
1347570 488.8
1347580 486.6
1347590 486.6
1347600 486.6
1347610 486.8
1347620 486.7
1347630 486.7
1347640 486.7
1347650 487.0
1347660 487.0
1347670 487.2
1347680 487.0
1347690 487.0
1347700 487.0
1347710 487.2
1347720 487.2
1347730 487.2
1347740 487.2
1347750 487.2
1347760 487.3
1347770 487.2
1347780 487.2
1347790 487.1
1347800 486.9
1347810 486.9
1347820 486.8
1347830 487.0
1347840 487.0
1347850 487.0
1347860 486.8
1347870 486.5
1347880 486.5
1347890 486.4
1347900 486.5
1347910 486.5
1347920 486.7
1347930 486.8
1347940 486.8
1347950 486.8
1347960 486.7
1347970 486.7
1347980 486.6
1347990 486.7
1348000 486.7
1348010 486.7
1348020 486.6
1348030 486.6
1348040 486.6
1348050 486.6
1348060 486.6
1348070 486.7
1348080 486.8
1348090 486.8
1348100 487.1
1348110 487.1
1348120 487.1
1348130 487.1
1348140 487.2
1348150 487.2
1348160 487.2
1348170 487.1
1348180 487.1
1348190 487.1
1348200 487.1
1348210 487.1
1348220 487.1
1348230 487.2
1348240 487.1
1348250 487.1
1348260 487.0
1348270 486.8
1348280 486.8
1348290 486.9
1348300 487.0
1348310 487.0
1348320 487.0
1348330 486.9
1348340 486.9
1348350 487.3
1348360 487.4
1348370 487.4
1348380 487.3
1348390 487.2
1348400 487.2
1348410 487.3
1348420 487.1
1348430 487.1
1348440 487.3
1348450 487.4
1348460 487.4
1348470 487.6
1348480 488.5
1348490 488.5
1348500 489.1
1348510 489.1
1348520 489.1
1348530 489.2
1348540 489.2
1348550 489.2
1348560 488.8
1348570 488.6
1348580 488.4
1348590 488.4
1348600 488.3
1348610 488.1
1348620 488.1
1348630 487.1
1348640 486.8
1348650 486.8
1348660 487.0
1348670 487.2
1348680 487.2
1348690 487.2
1348700 487.1
1348710 487.1
1348720 487.1
1348730 487.1
1348740 487.1
1348750 487.1
1348760 487.0
1348770 487.0
1348780 486.9
1348790 487.4
1348800 487.4
1348810 488.2
1348820 487.6
1348830 487.6
1348840 488.0
1348850 488.2
1348860 488.2
1348870 488.5
1348880 488.3
1348890 488.3
1348900 487.8
1348910 487.7
1348920 487.7
1348930 487.7
1348940 487.6
1348950 487.6
1348960 487.6
1348970 487.6
1348980 487.6
1348990 487.6
1349000 487.5
1349010 487.9
1349020 487.9
1349030 487.0
1349040 486.2
1349050 486.2
1349060 486.0
1349070 485.4
1349080 485.4
1349090 485.9
1349100 486.8
1349110 486.8
1349120 486.9
1349130 486.9
1349140 486.9
1349150 486.8
1349160 486.8
1349170 486.8
1349180 486.9
1349190 486.9
1349200 486.9
1349210 486.9
1349220 486.8
1349230 486.8
1349240 486.8
1349250 486.7
1349260 486.7
1349270 486.7
1349280 486.6
1349290 486.6
1349300 486.6
1349310 486.7
1349320 486.6
1349330 486.6
1349340 486.8
1349350 487.9
1349360 487.9
1349370 489.1
1349380 490.4
1349390 490.4
1349400 491.8
1349410 494.6
1349420 494.6
1349430 496.7
1349440 501.6
1349450 501.6
1349460 506.2
1349470 508.3
1349480 508.3
1349490 509.1
1349500 509.7
1349510 509.7
1349520 511.7
1349530 515.1
1349540 515.1
1349550 516.9
1349560 518.2
1349570 518.2
1349580 520.1
1349590 519.6
1349600 519.6
1349610 522.1
1349620 524.3
1349630 524.3
1349640 525.8
1349650 526.8
1349660 528.3
1349670 528.3
1349680 530.6
1349690 532.9
1349700 532.9
1349710 535.1
1349720 537.4
1349730 537.4
1349740 539.8
1349750 541.5
1349760 541.5
1349770 543.1
1349780 543.8
1349790 543.8
1349800 544.7
1349810 546.9
1349820 546.9
1349830 550.6
1349840 552.8
1349850 552.8
1349860 555.2
1349870 557.7
1349880 557.7
1349890 560.2
1349900 563.0
1349910 563.0
1349920 565.3
1349930 567.7
1349940 567.7
1349950 570.1
1349960 572.5
1349970 572.5
1349980 575.2
1349990 577.0
1350000 578.9
1350010 578.9
1350020 581.1
1350030 583.7
1350040 583.7
1350050 585.9
1350060 588.2
1350070 588.2
1350080 590.4
1350090 593.0
1350100 593.0
1350110 595.4
1350120 597.7
1350130 597.7
1350140 599.6
1350150 601.1
1350160 601.1
1350170 602.5
1350180 603.9
1350190 603.9
1350200 605.1
1350210 606.3
1350220 606.3
1350230 607.4
1350240 608.3
1350250 608.3
1350260 609.3
1350270 610.1
1350280 610.8
1350290 611.3
1350300 612.2
1350310 612.2
1350320 613.9
1350330 615.9
1350340 615.9
1350350 618.3
1350360 620.8
1350370 623.0
1350380 623.0
1350390 624.1
1350400 624.8
1350410 624.8
1350420 625.2
1350430 625.5
1350440 625.5
1350450 625.6
1350460 625.5
1350470 625.5
1350480 625.1
1350490 624.7
1350500 624.7
1350510 624.1
1350520 623.1
1350530 623.1
1350540 621.2
1350550 619.7
1350560 619.7
1350570 620.2
1350580 621.9
1350590 621.9
1350600 623.8
1350610 624.0
1350620 624.0
1350630 622.4
1350640 621.6
1350650 621.6
1350660 622.5
1350670 623.5
1350680 623.5
1350690 623.7
1350700 623.5
1350710 623.5
1350720 622.5
1350730 621.7
1350740 622.0
1350750 622.0
1350760 622.4
1350770 622.5
1350780 622.5
1350790 622.8
1350800 622.9
1350810 622.9
1350820 623.2
1350830 623.9
1350840 623.9
1350850 624.2
1350860 624.8
1350870 624.8
1350880 625.4
1350890 626.1
1350900 626.1
1350910 626.8
1350920 627.5
1350930 627.5
1350940 628.1
1350950 628.8
1350960 628.8
1350970 629.7
1350980 630.4
1350990 630.4
1351000 630.9
1351010 631.2
1351020 631.2
1351030 631.1
1351040 630.8
1351050 630.8
1351060 630.2
1351070 629.0
1351080 627.4
1351090 627.4
1351100 625.6
1351110 623.9
1351120 623.9
1351130 621.9
1351140 619.7
1351150 619.7
1351160 617.4
1351170 615.2
1351180 615.2
1351190 613.1
1351200 610.4
1351210 610.4
1351220 607.1
1351230 604.4
1351240 603.8
1351250 602.4
1351260 601.7
1351270 601.7
1351280 601.1
1351290 599.4
1351300 599.4
1351310 596.7
1351320 593.8
1351330 593.8
1351340 591.4
1351350 589.3
1351360 589.3
1351370 586.9
1351380 585.3
1351390 585.3
1351400 583.8
1351410 582.3
1351420 582.3
1351430 580.7
1351440 578.9
1351450 577.4
1351460 577.4
1351470 576.8
1351480 576.5
1351490 576.5
1351500 575.8
1351510 575.0
1351520 575.0
1351530 574.8
1351540 574.5
1351550 574.5
1351560 574.4
1351570 574.3
1351580 574.3
1351590 574.1
1351600 573.6
1351610 573.6
1351620 572.9
1351630 573.1
1351640 573.1
1351650 573.4
1351660 573.7
1351670 573.7
1351680 574.2
1351690 574.0
1351700 574.0
1351710 573.6
1351720 573.3
1351730 573.3
1351740 573.2
1351750 573.1
1351760 573.1
1351770 572.9
1351780 572.8
1351790 572.6
1351800 572.6
1351810 572.4
1351820 572.5
1351830 572.5
1351840 573.0
1351850 573.4
1351860 573.4
1351870 572.6
1351880 572.2
1351890 572.2
1351900 572.3
1351910 572.5
1351920 572.5
1351930 572.8
1351940 573.2
1351950 573.2
1351960 573.4
1351970 573.8
1351980 573.8
1351990 574.1
1352000 574.5
1352010 574.5
1352020 574.8
1352030 575.1
1352040 575.1
1352050 575.4
1352060 575.7
1352070 575.7
1352080 575.9
1352090 576.4
1352100 576.4
1352110 576.7
1352120 577.0
1352130 577.0
1352140 577.4
1352150 577.7
1352160 578.1
1352170 578.1
1352180 578.3
1352190 578.7
1352200 578.2
1352210 578.6
1352220 579.2
1352230 579.2
1352240 580.6
1352250 582.2
1352260 582.2
1352270 582.5
1352280 584.4
1352290 584.4
1352300 586.4
1352310 589.4
1352320 589.4
1352330 592.4
1352340 593.2
1352350 593.2
1352360 593.3
1352370 594.2
1352380 594.2
1352390 595.3
1352400 596.0
1352410 596.0
1352420 596.5
1352430 596.9
1352440 596.9
1352450 597.2
1352460 597.1
1352470 597.1
1352480 596.7
1352490 594.6
1352500 594.6
1352510 590.6
1352520 588.7
1352530 588.6
1352540 588.6
1352550 589.1
1352560 589.4
1352570 589.4
1352580 589.8
1352590 591.3
1352600 591.3
1352610 592.6
1352620 594.4
1352630 594.4
1352640 596.4
1352650 598.2
1352660 598.2
1352670 599.8
1352680 600.4
1352690 600.4
1352700 601.7
1352710 601.6
1352720 601.6
1352730 602.0
1352740 602.0
1352750 602.0
1352760 602.4
1352770 604.0
1352780 604.0
1352790 606.0
1352800 606.8
1352810 606.8
1352820 608.1
1352830 609.5
1352840 609.5
1352850 610.9
1352860 612.0
1352870 612.8
1352880 612.8
1352890 613.4
1352900 613.7
1352910 613.7
1352920 613.8
1352930 613.8
1352940 613.8
1352950 614.1
1352960 614.4
1352970 614.4
1352980 615.3
1352990 616.2
1353000 616.2
1353010 617.4
1353020 619.0
1353030 619.0
1353040 620.3
1353050 621.7
1353060 621.7
1353070 623.5
1353080 625.3
1353090 625.3
1353100 627.0
1353110 628.5
1353120 628.5
1353130 629.8
1353140 630.9
1353150 630.9
1353160 631.6
1353170 630.9
1353180 630.9
1353190 631.7
1353200 632.4
1353210 632.4
1353220 633.3
1353230 634.1
1353240 634.6
1353250 634.6
1353260 634.9
1353270 634.9
1353280 634.9
1353290 635.0
1353300 635.6
1353310 635.6
1353320 636.5
1353330 638.0
1353340 638.0
1353350 639.8
1353360 641.4
1353370 641.4
1353380 643.1
1353390 644.5
1353400 644.5
1353410 646.1
1353420 647.7
1353430 647.7
1353440 649.1
1353450 650.2
1353460 650.2
1353470 651.0
1353480 651.8
1353490 651.8
1353500 653.2
1353510 654.2
1353520 654.2
1353530 654.3
1353540 656.1
1353550 656.1
1353560 657.2
1353570 657.7
1353580 658.0
1353590 658.0
1353600 658.9
1353610 660.5
1353620 660.5
1353630 658.9
1353640 657.8
1353650 657.8
1353660 656.4
1353670 654.8
1353680 654.8
1353690 653.3
1353700 651.2
1353710 651.2
1353720 649.5
1353730 648.0
1353740 648.0
1353750 646.5
1353760 645.0
1353770 645.0
1353780 643.4
1353790 641.9
1353800 641.9
1353810 640.9
1353820 640.4
1353830 640.4
1353840 639.7
1353850 639.5
1353860 639.5
1353870 640.3
1353880 640.8
1353890 640.8
1353900 640.7
1353910 640.7
1353920 640.7
1353930 641.0
1353940 641.2
1353950 641.5
1353960 641.5
1353970 642.2
1353980 643.0
1353990 643.0
1354000 643.7
1354010 644.5
1354020 644.5
1354030 645.5
1354040 646.6
1354050 646.6
1354060 647.5
1354070 648.2
1354080 648.2
1354090 648.8
1354100 649.6
1354110 649.6
1354120 650.9
1354130 652.2
1354140 652.2
1354150 652.4
1354160 652.9
1354170 652.9
1354180 653.7
1354190 654.6
1354200 654.6
1354210 655.3
1354220 655.9
1354230 655.9
1354240 656.6
1354250 657.6
1354260 657.6
1354270 659.2
1354280 660.3
1354290 660.3
1354300 660.9
1354310 661.4
1354320 662.0
1354330 662.0
1354340 662.3
1354350 661.9
1354360 661.9
1354370 660.8
1354380 659.3
1354390 659.3
1354400 657.7
1354410 656.4
1354420 656.4
1354430 655.6
1354440 655.2
1354450 655.2
1354460 654.8
1354470 654.5
1354480 654.5
1354490 654.3
1354500 654.0
1354510 654.0
1354520 653.3
1354530 652.4
1354540 652.4
1354550 650.7
1354560 648.5
1354570 648.5
1354580 638.9
1354590 625.8
1354600 625.8
1354610 618.1
1354620 609.3
1354630 609.3
1354640 601.2
1354650 596.6
1354660 595.0
1354670 595.0
1354680 595.6
1354690 598.3
1354700 598.3
1354710 601.5
1354720 604.2
1354730 604.2
1354740 604.6
1354750 602.8
1354760 602.8
1354770 600.7
1354780 598.2
1354790 598.2
1354800 596.7
1354810 595.7
1354820 595.7
1354830 595.2
1354840 595.1
1354850 595.1
1354860 595.1
1354870 596.8
1354880 596.8
1354890 599.2
1354900 602.1
1354910 602.1
1354920 604.2
1354930 605.5
1354940 605.5
1354950 607.8
1354960 611.2
1354970 611.2
1354980 615.2
1354990 619.5
1355000 619.5
1355010 623.3
1355020 626.8
1355030 630.2
1355040 630.2
1355050 634.0
1355060 639.3
1355070 639.3
1355080 646.4
1355090 650.5
1355100 650.5
1355110 652.9
1355120 656.4
1355130 662.0
1355140 662.4
1355150 665.0
1355160 665.0
1355170 668.3
1355180 670.6
1355190 670.6
1355200 672.4
1355210 676.0
1355220 676.0
1355230 682.1
1355240 688.6
1355250 688.6
1355260 695.1
1355270 699.0
1355280 699.0
1355290 699.1
1355300 697.6
1355310 697.6
1355320 696.3
1355330 694.7
1355340 694.7
1355350 692.5
1355360 690.1
1355370 687.8
1355380 687.8
1355390 685.4
1355400 682.5
1355410 682.5
1355420 679.8
1355430 676.4
1355440 676.4
1355450 672.3
1355460 669.0
1355470 669.0
1355480 665.5
1355490 661.3
1355500 661.3
1355510 657.4
1355520 652.4
1355530 652.4
1355540 648.4
1355550 644.7
1355560 644.7
1355570 636.6
1355580 629.8
1355590 629.8
1355600 623.7
1355610 616.7
1355620 616.7
1355630 610.6
1355640 604.5
1355650 604.5
1355660 598.0
1355670 587.8
1355680 587.8
1355690 575.1
1355700 564.2
1355710 564.2
1355720 558.6
1355730 558.4
1355740 564.6
1355750 564.6
1355760 581.3
1355770 593.4
1355780 593.4
1355790 604.8
1355800 614.3
1355810 614.3
1355820 621.5
1355830 627.8
1355840 627.8
1355850 636.7
1355860 643.4
1355870 643.4
1355880 650.5
1355890 657.1
1355900 657.1
1355910 663.9
1355920 670.8
1355930 670.8
1355940 677.3
1355950 683.9
1355960 683.9
1355970 690.5
1355980 697.4
1355990 697.4
1356000 703.9
1356010 710.3
1356020 710.3
1356030 718.1
1356040 725.6
1356050 725.6
1356060 731.4
1356070 735.5
1356080 735.5
1356090 741.5
1356100 747.7
1356110 757.6
1356120 751.7
1356130 768.5
1356140 786.4
1356150 786.4
1356160 805.6
1356170 826.6
1356180 826.6
1356190 860.5
1356200 885.2
1356210 885.2
1356220 895.9
1356230 906.6
1356240 906.6
1356250 914.8
1356260 921.1
1356270 921.1
1356280 922.8
1356290 922.9
1356300 922.9
1356310 923.3
1356320 922.7
1356330 922.7
1356340 919.6
1356350 915.8
1356360 915.8
1356370 909.7
1356380 903.5
1356390 903.5
1356400 901.0
1356410 901.7
1356420 901.7
1356430 902.5
1356440 903.0
1356450 902.3
1356460 902.3
1356470 903.7
1356480 907.1
1356490 907.1
1356500 910.0
1356510 911.5
1356520 911.5
1356530 913.1
1356540 915.6
1356550 915.6
1356560 919.1
1356570 924.0
1356580 924.0
1356590 930.3
1356600 936.8
1356610 936.8
1356620 944.2
1356630 949.5
1356640 949.5
1356650 954.2
1356660 958.7
1356670 958.7
1356680 962.9
1356690 966.2
1356700 966.2
1356710 968.8
1356720 970.5
1356730 970.5
1356740 970.5
1356750 968.9
1356760 968.9
1356770 965.3
1356780 961.1
1356790 961.1
1356800 958.2
1356810 955.4
1356820 953.4
1356830 953.4
1356840 951.7
1356850 949.4
1356860 949.4
1356870 949.3
1356880 950.7
1356890 950.7
1356900 951.2
1356910 951.2
1356920 951.2
1356930 952.2
1356940 954.0
1356950 954.0
1356960 955.6
1356970 957.4
1356980 957.4
1356990 958.8
1357000 960.0
1357010 960.0
1357020 960.1
1357030 960.7
1357040 960.7
1357050 961.7
1357060 961.1
1357070 961.1
1357080 962.6
1357090 962.4
1357100 962.4
1357110 961.9
1357120 957.4
1357130 957.4
1357140 960.3
1357150 961.7
1357160 963.0
1357170 963.0
1357180 964.9
1357190 966.1
1357200 966.1
1357210 967.2
1357220 967.2
1357230 967.2
1357240 967.6
1357250 969.8
1357260 969.8
1357270 972.0
1357280 974.1
1357290 974.1
1357300 975.9
1357310 977.7
1357320 977.7
1357330 979.4
1357340 980.6
1357350 980.6
1357360 981.8
1357370 983.1
1357380 983.1
1357390 983.6
1357400 983.6
1357410 983.6
1357420 982.9
1357430 981.1
1357440 981.1
1357450 977.6
1357460 971.8
1357470 971.8
1357480 966.9
1357490 961.8
1357500 961.8
1357510 956.8
1357520 953.8
1357530 951.9
1357540 951.9
1357550 950.4
1357560 948.7
1357570 948.7
1357580 945.9
1357590 942.1
1357600 942.1
1357610 939.6
1357620 937.4
1357630 937.4
1357640 934.0
1357650 931.1
1357660 931.1
1357670 931.2
1357680 931.3
1357690 931.3
1357700 932.9
1357710 935.6
1357720 935.6
1357730 938.5
1357740 942.3
1357750 942.3
1357760 946.1
1357770 949.9
1357780 949.9
1357790 953.6
1357800 956.9
1357810 956.9
1357820 961.0
1357830 965.3
1357840 965.3
1357850 966.9
1357860 966.4
1357870 963.8
1357880 963.8
1357890 961.3
1357900 959.0
1357910 959.0
1357920 956.6
1357930 954.3
1357940 954.3
1357950 952.9
1357960 952.7
1357970 952.7
1357980 953.7
1357990 954.4
1358000 954.4
1358010 954.1
1358020 953.1
1358030 953.1
1358040 951.6
1358050 951.4
1358060 951.4
1358070 952.0
1358080 953.1
1358090 953.1
1358100 956.2
1358110 958.4
1358120 958.4
1358130 947.8
1358140 946.7
1358150 946.7
1358160 945.8
1358170 945.7
1358180 945.7
1358190 945.7
1358200 945.0
1358210 945.0
1358220 945.7
1358230 948.1
1358240 949.9
1358250 949.9
1358260 949.8
1358270 951.9
1358280 951.9
1358290 953.7
1358300 954.0
1358310 954.0
1358320 953.1
1358330 951.0
1358340 951.0
1358350 947.7
1358360 942.8
1358370 942.8
1358380 938.4
1358390 937.4
1358400 937.4
1358410 937.6
1358420 937.3
1358430 937.3
1358440 936.6
1358450 934.7
1358460 934.7
1358470 931.2
1358480 927.4
1358490 927.4
1358500 923.9
1358510 920.4
1358520 920.4
1358530 917.0
1358540 913.6
1358550 913.6
1358560 910.9
1358570 909.1
1358580 909.1
1358590 907.8
1358600 906.6
1358610 905.4
1358620 905.4
1358630 903.6
1358640 901.8
1358650 901.8
1358660 900.0
1358670 898.0
1358680 898.0
1358690 896.3
1358700 895.3
1358710 895.3
1358720 894.5
1358730 893.4
1358740 893.4
1358750 892.3
1358760 891.0
1358770 891.0
1358780 889.6
1358790 888.4
1358800 888.4
1358810 887.2
1358820 885.8
1358830 885.8
1358840 884.4
1358850 883.4
1358860 883.4
1358870 882.7
1358880 881.8
1358890 881.8
1358900 881.6
1358910 881.6
1358920 881.6
1358930 881.6
1358940 881.6
1358950 881.6
1358960 881.6
1358970 881.6
1358980 881.6
1358990 881.6
1359000 881.6
1359010 881.6
1359020 881.6
1359030 881.6
1359040 881.6
1359050 881.6
1359060 881.6
1359070 881.6
1359080 881.6
1359090 881.6
1359100 881.6
1359110 881.6
1359120 881.6
1359130 881.6
1359140 881.6
1359150 881.6
1359160 881.6
1359170 881.6
1359180 881.6
1359190 881.6
1359200 881.6
1359210 881.6
1359220 881.6
1359230 881.6
1359240 881.6
1359250 881.6
1359260 881.6
1359270 881.6
1359280 881.6
1359290 881.6
1359300 881.6
1359310 881.6
1359320 881.6
1359330 881.6
1359340 881.6
1359350 881.6
1359360 881.6
1359370 881.6
1359380 881.6
1359390 881.6
1359400 881.6
1359410 881.6
1359420 881.6
1359430 881.6
1359440 881.6
1359450 881.6
1359460 881.6
1359470 881.6
1359480 881.6
1359490 881.6
1359500 881.6
1359510 881.6
1359520 881.6
1359530 881.6
1359540 881.6
1359550 881.6
1359560 881.6
1359570 881.6
1359580 881.6
1359590 881.6
1359600 881.6
1359610 881.6
1359620 881.6
1359630 881.6
1359640 881.6
1359650 881.6
1359660 881.6
1359670 881.6
1359680 881.6
1359690 881.6
1359700 881.6
1359710 881.6
1359720 881.6
1359730 881.6
1359740 881.6
1359750 881.6
1359760 881.6
1359770 881.6
1359780 881.6
1359790 881.6
1359800 881.6
1359810 881.6
1359820 881.6
1359830 881.6
1359840 881.6
1359850 881.6
1359860 881.6
1359870 881.6
1359880 881.6
1359890 881.6
1359900 881.6
1359910 881.6
1359920 881.6
1359930 881.6
1359940 881.6
1359950 881.6
1359960 881.6
1359970 881.6
1359980 881.6
1359990 881.6
