1340000 1450.1
1340010 1449.3
1340020 1450.0
1340030 1450.0
1340040 1452.3
1340050 1453.8
1340060 1453.8
1340070 1453.1
1340080 1451.0
1340090 1451.0
1340100 1448.0
1340110 1445.5
1340120 1445.5
1340130 1444.4
1340140 1441.3
1340150 1441.3
1340160 1437.3
1340170 1434.4
1340180 1434.4
1340190 1432.5
1340200 1430.5
1340210 1430.5
1340220 1428.9
1340230 1428.4
1340240 1428.4
1340250 1428.2
1340260 1427.9
1340270 1427.9
1340280 1427.1
1340290 1425.7
1340300 1425.7
1340310 1424.6
1340320 1423.3
1340330 1421.2
1340340 1421.2
1340350 1427.0
1340360 1429.0
1340370 1429.0
1340380 1431.7
1340390 1433.9
1340400 1433.9
1340410 1435.4
1340420 1437.3
1340430 1437.3
1340440 1439.1
1340450 1440.8
1340460 1440.8
1340470 1442.9
1340480 1444.7
1340490 1444.7
1340500 1446.5
1340510 1448.3
1340520 1448.3
1340530 1450.8
1340540 1454.8
1340550 1454.8
1340560 1463.2
1340570 1467.5
1340580 1467.5
1340590 1471.9
1340600 1476.3
1340610 1476.3
1340620 1480.8
1340630 1485.7
1340640 1485.7
1340650 1492.3
1340660 1500.9
1340670 1500.9
1340680 1506.3
1340690 1510.2
1340700 1515.0
1340710 1515.0
1340720 1522.0
1340730 1527.4
1340740 1527.4
1340750 1529.9
1340760 1532.6
1340770 1532.6
1340780 1534.6
1340790 1533.6
1340800 1533.6
1340810 1533.4
1340820 1534.2
1340830 1534.2
1340840 1533.4
1340850 1527.9
1340860 1527.9
1340870 1515.8
1340880 1502.0
1340890 1502.0
1340900 1489.2
1340910 1471.1
1340920 1471.1
1340930 1445.2
1340940 1422.7
1340950 1422.7
1340960 1429.8
1340970 1411.2
1340980 1411.2
1340990 1391.3
1341000 1378.8
1341010 1378.8
1341020 1369.9
1341030 1361.1
1341040 1361.1
1341050 1354.0
1341060 1348.7
1341070 1343.5
1341080 1343.5
1341090 1338.1
1341100 1333.3
1341110 1333.3
1341120 1329.6
1341130 1326.5
1341140 1326.5
1341150 1322.6
1341160 1318.5
1341170 1318.5
1341180 1314.4
1341190 1308.4
1341200 1308.4
1341210 1300.4
1341220 1296.5
1341230 1296.5
1341240 1293.7
1341250 1289.8
1341260 1289.8
1341270 1287.3
1341280 1287.7
1341290 1287.7
1341300 1286.8
1341310 1285.2
1341320 1285.2
1341330 1282.9
1341340 1281.5
1341350 1281.5
1341360 1278.7
1341370 1277.0
1341380 1277.0
1341390 1279.3
1341400 1280.9
1341410 1281.4
1341420 1281.4
1341430 1281.9
1341440 1280.0
1341450 1269.5
1341460 1265.6
1341470 1268.2
1341480 1268.2
1341490 1268.9
1341500 1267.6
1341510 1267.6
1341520 1266.2
1341530 1266.1
1341540 1266.1
1341550 1265.9
1341560 1266.8
1341570 1266.8
1341580 1265.6
1341590 1262.2
1341600 1262.2
1341610 1257.6
1341620 1253.2
1341630 1253.2
1341640 1254.5
1341650 1256.9
1341660 1256.9
1341670 1257.8
1341680 1256.6
1341690 1256.6
1341700 1255.5
1341710 1254.0
1341720 1254.0
1341730 1252.0
1341740 1250.4
1341750 1250.4
1341760 1248.7
1341770 1246.4
1341780 1244.3
1341790 1244.3
1341800 1241.9
1341810 1240.9
1341820 1240.9
1341830 1240.3
1341840 1237.6
1341850 1237.6
1341860 1233.8
1341870 1231.6
1341880 1231.6
1341890 1229.1
1341900 1225.3
1341910 1225.3
1341920 1224.9
1341930 1227.8
1341940 1227.8
1341950 1230.3
1341960 1231.8
1341970 1231.8
1341980 1234.1
1341990 1239.4
1342000 1239.4
1342010 1243.6
1342020 1248.1
1342030 1248.1
1342040 1254.6
1342050 1261.5
1342060 1261.5
1342070 1266.4
1342080 1271.4
1342090 1271.4
1342100 1275.9
1342110 1279.1
1342120 1279.1
1342130 1280.7
1342140 1281.2
1342150 1282.5
1342160 1282.5
1342170 1282.8
1342180 1282.4
1342190 1282.4
1342200 1280.8
1342210 1277.6
1342220 1277.6
1342230 1275.8
1342240 1275.7
1342250 1275.7
1342260 1273.8
1342270 1272.6
1342280 1272.6
1342290 1271.5
1342300 1270.9
1342310 1270.9
1342320 1268.6
1342330 1267.2
1342340 1267.2
1342350 1261.1
1342360 1261.2
1342370 1261.2
1342380 1261.5
1342390 1261.6
1342400 1261.6
1342410 1260.4
1342420 1257.6
1342430 1257.6
1342440 1254.7
1342450 1252.2
1342460 1252.2
1342470 1250.1
1342480 1248.6
1342490 1248.1
1342500 1248.1
1342510 1246.6
1342520 1246.3
1342530 1246.3
1342540 1245.9
1342550 1244.7
1342560 1244.7
1342570 1243.2
1342580 1239.0
1342590 1239.0
1342600 1231.4
1342610 1223.4
1342620 1223.4
1342630 1215.2
1342640 1206.2
1342650 1206.2
1342660 1200.3
1342670 1194.1
1342680 1194.1
1342690 1179.5
1342700 1150.0
1342710 1150.0
1342720 1135.3
1342730 1127.4
1342740 1127.4
1342750 1120.5
1342760 1105.7
1342770 1105.7
1342780 1089.0
1342790 1080.9
1342800 1080.9
1342810 1070.9
1342820 1062.9
1342830 1062.9
1342840 1057.8
1342850 1056.3
1342860 1055.4
1342870 1055.4
1342880 1055.9
1342890 1058.4
1342900 1058.4
1342910 1062.4
1342920 1061.1
1342930 1061.1
1342940 1054.2
1342950 1050.0
1342960 1050.0
1342970 1041.4
1342980 1029.1
1342990 1029.1
1343000 1018.0
1343010 1002.0
1343020 1002.0
1343030 989.7
1343040 979.9
1343050 979.9
1343060 974.1
1343070 963.8
1343080 963.8
1343090 951.3
1343100 944.2
1343110 944.2
1343120 943.7
1343130 942.9
1343140 942.9
1343150 942.1
1343160 940.4
1343170 940.4
1343180 941.6
1343190 944.2
1343200 944.2
1343210 947.5
1343220 948.7
1343230 944.9
1343240 944.9
1343250 935.5
1343260 929.8
1343270 929.8
1343280 924.2
1343290 917.1
1343300 917.1
1343310 906.5
1343320 894.7
1343330 894.7
1343340 890.5
1343350 884.3
1343360 884.3
1343370 874.8
1343380 868.3
1343390 868.3
1343400 863.8
1343410 860.5
1343420 860.5
1343430 862.0
1343440 868.2
1343450 868.2
1343460 874.6
1343470 881.7
1343480 881.7
1343490 888.9
1343500 895.9
1343510 895.9
1343520 903.5
1343530 912.2
1343540 912.2
1343550 921.1
1343560 929.1
1343570 936.1
1343580 936.1
1343590 942.4
1343600 943.3
1343610 943.3
1343620 941.1
1343630 940.0
1343640 940.0
1343650 938.5
1343660 935.4
1343670 935.4
1343680 932.3
1343690 931.2
1343700 931.2
1343710 932.9
1343720 930.2
1343730 930.2
1343740 924.5
1343750 922.0
1343760 922.0
1343770 918.6
1343780 915.6
1343790 915.6
1343800 911.9
1343810 907.4
1343820 907.4
1343830 903.5
1343840 899.7
1343850 899.7
1343860 896.6
1343870 892.8
1343880 892.8
1343890 889.4
1343900 886.2
1343910 886.2
1343920 882.4
1343930 878.7
1343940 875.1
1343950 875.1
1343960 871.4
1343970 867.9
1343980 867.9
1343990 864.4
1344000 860.6
1344010 860.6
1344020 857.6
1344030 854.5
1344040 854.5
1344050 850.5
1344060 847.2
1344070 847.2
1344080 845.4
1344090 841.9
1344100 841.9
1344110 835.5
1344120 831.6
1344130 831.6
1344140 830.1
1344150 829.1
1344160 822.5
1344170 820.1
1344180 816.3
1344190 816.3
1344200 812.4
1344210 808.2
1344220 808.2
1344230 804.2
1344240 800.8
1344250 800.8
1344260 797.0
1344270 793.1
1344280 793.1
1344290 790.3
1344300 787.9
1344310 786.8
1344320 786.8
1344330 784.8
1344340 780.6
1344350 780.6
1344360 774.6
1344370 767.3
1344380 767.3
1344390 762.1
1344400 758.1
1344410 758.1
1344420 753.4
1344430 747.8
1344440 747.8
1344450 742.7
1344460 738.8
1344470 738.8
1344480 733.0
1344490 728.3
1344500 728.3
1344510 720.5
1344520 716.0
1344530 716.0
1344540 711.8
1344550 711.2
1344560 711.2
1344570 707.7
1344580 704.7
1344590 704.7
1344600 703.4
1344610 701.7
1344620 701.7
1344630 698.6
1344640 696.4
1344650 694.6
1344660 694.6
1344670 692.9
1344680 691.1
1344690 691.1
1344700 688.7
1344710 685.8
1344720 685.8
1344730 681.4
1344740 677.1
1344750 677.1
1344760 675.3
1344770 675.6
1344780 675.6
1344790 675.1
1344800 672.7
1344810 672.7
1344820 671.2
1344830 669.9
1344840 669.9
1344850 669.5
1344860 669.2
1344870 669.2
1344880 669.2
1344890 668.7
1344900 668.7
1344910 668.1
1344920 667.9
1344930 667.9
1344940 666.8
1344950 666.8
1344960 666.8
1344970 666.9
1344980 665.3
1344990 665.3
1345000 663.1
1345010 660.9
1345020 658.1
1345030 658.1
1345040 656.5
1345050 655.4
1345060 655.4
1345070 654.0
1345080 650.8
1345090 650.8
1345100 648.9
1345110 645.6
1345120 645.6
1345130 642.3
1345140 641.3
1345150 641.3
1345160 640.8
1345170 639.9
1345180 639.9
1345190 639.1
1345200 638.2
1345210 638.2
1345220 637.1
1345230 636.0
1345240 636.0
1345250 635.0
1345260 634.3
1345270 634.3
1345280 633.6
1345290 632.1
1345300 632.1
1345310 630.8
1345320 629.1
1345330 629.1
1345340 627.2
1345350 624.7
1345360 624.7
1345370 622.9
1345380 622.5
1345390 621.6
1345400 621.6
1345410 620.2
1345420 618.6
1345430 618.6
1345440 617.4
1345450 616.6
1345460 616.6
1345470 615.7
1345480 614.7
1345490 614.7
1345500 613.6
1345510 612.2
1345520 612.2
1345530 610.1
1345540 608.3
1345550 608.3
1345560 604.4
1345570 599.1
1345580 599.1
1345590 595.7
1345600 593.6
1345610 593.6
1345620 592.2
1345630 589.7
1345640 589.7
1345650 587.9
1345660 585.9
1345670 585.9
1345680 583.5
1345690 582.1
1345700 582.1
1345710 580.5
1345720 578.3
1345730 576.1
1345740 576.1
1345750 573.8
1345760 571.3
1345770 571.3
1345780 569.9
1345790 571.3
1345800 571.3
1345810 571.5
1345820 569.8
1345830 569.8
1345840 566.8
1345850 563.0
1345860 563.0
1345870 558.3
1345880 552.7
1345890 552.7
1345900 547.0
1345910 544.3
1345920 544.3
1345930 542.7
1345940 541.8
1345950 541.8
1345960 540.4
1345970 538.3
1345980 538.3
1345990 536.0
1346000 529.6
1346010 529.6
1346020 527.6
1346030 526.8
1346040 526.8
1346050 526.4
1346060 525.2
1346070 525.2
1346080 523.5
1346090 522.1
1346100 520.9
1346110 520.9
1346120 519.8
1346130 518.8
1346140 518.8
1346150 518.2
1346160 517.7
1346170 517.7
1346180 516.9
1346190 516.5
1346200 516.5
1346210 516.2
1346220 515.9
1346230 515.9
1346240 515.8
1346250 515.6
1346260 515.6
1346270 515.3
1346280 514.8
1346290 514.8
1346300 514.5
1346310 514.2
1346320 514.2
1346330 514.3
1346340 513.9
1346350 513.9
1346360 511.1
1346370 506.7
1346380 506.7
1346390 502.5
1346400 498.4
1346410 498.4
1346420 495.0
1346430 493.1
1346440 493.1
1346450 492.4
1346460 492.2
1346470 492.0
1346480 492.0
1346490 491.8
1346500 491.7
1346510 491.7
1346520 491.7
1346530 491.7
1346540 491.7
1346550 491.7
1346560 491.7
1346570 491.7
1346580 491.7
1346590 491.6
1346600 491.6
1346610 491.6
1346620 492.6
1346630 492.6
1346640 493.8
1346650 492.0
1346660 492.0
1346670 491.2
1346680 490.8
1346690 490.8
1346700 490.6
1346710 490.6
1346720 490.6
1346730 490.5
1346740 490.5
1346750 490.5
1346760 490.6
1346770 490.6
1346780 490.6
1346790 490.6
1346800 490.6
1346810 490.7
1346820 490.7
1346830 490.7
1346840 490.7
1346850 490.7
1346860 490.7
1346870 490.7
1346880 490.7
1346890 490.7
1346900 490.6
1346910 490.6
1346920 490.7
1346930 490.7
1346940 490.7
1346950 490.9
1346960 491.6
1346970 491.6
1346980 492.0
1346990 491.3
1347000 491.3
1347010 490.6
1347020 490.2
1347030 490.2
1347040 490.0
1347050 490.2
1347060 490.2
1347070 490.5
1347080 490.7
1347090 490.7
1347100 490.9
1347110 491.1
1347120 491.1
1347130 491.1
1347140 491.1
1347150 491.1
1347160 491.1
1347170 491.0
1347180 490.9
1347190 490.9
1347200 490.9
1347210 490.9
1347220 490.9
1347230 491.1
1347240 491.3
1347250 491.3
1347260 491.2
1347270 491.1
1347280 491.1
1347290 491.2
1347300 491.5
1347310 491.5
1347320 491.0
1347330 490.6
1347340 490.6
1347350 490.6
1347360 490.6
1347370 490.6
1347380 490.7
1347390 490.8
1347400 490.8
1347410 490.8
1347420 490.7
1347430 490.7
1347440 490.7
1347450 490.7
1347460 490.7
1347470 490.7
1347480 490.8
1347490 490.8
1347500 490.8
1347510 490.8
1347520 490.8
1347530 490.7
1347540 490.7
1347550 490.6
1347560 490.6
1347570 490.6
1347580 490.7
1347590 490.7
1347600 490.9
1347610 490.6
1347620 490.6
1347630 490.5
1347640 490.6
1347650 490.6
1347660 490.6
1347670 490.7
1347680 490.7
1347690 490.7
1347700 490.8
1347710 490.8
1347720 490.7
1347730 490.7
1347740 490.7
1347750 490.7
1347760 490.5
1347770 490.5
1347780 490.6
1347790 490.6
1347800 490.6
1347810 490.7
1347820 490.7
1347830 490.7
1347840 490.7
1347850 490.4
1347860 489.7
1347870 487.4
1347880 488.4
1347890 489.9
1347900 489.9
1347910 488.4
1347920 486.2
1347930 486.2
1347940 485.9
1347950 485.9
1347960 485.9
1347970 486.2
1347980 486.2
1347990 486.2
1348000 486.0
1348010 486.1
1348020 486.1
1348030 486.3
1348040 486.4
1348050 486.4
1348060 486.5
1348070 486.5
1348080 486.5
1348090 486.5
1348100 486.5
1348110 486.5
1348120 486.5
1348130 486.5
1348140 486.5
1348150 486.8
1348160 486.9
1348170 486.9
1348180 486.7
1348190 486.6
1348200 486.6
1348210 486.6
1348220 486.4
1348230 486.4
1348240 486.3
1348250 486.4
1348260 486.3
1348270 486.3
1348280 486.4
1348290 486.4
1348300 486.4
1348310 486.2
1348320 486.2
1348330 486.2
1348340 486.2
1348350 486.2
1348360 486.2
1348370 486.2
1348380 486.2
1348390 486.2
1348400 486.1
1348410 486.2
1348420 486.2
1348430 486.2
1348440 486.1
1348450 486.1
1348460 486.0
1348470 486.1
1348480 486.1
1348490 486.2
1348500 486.3
1348510 486.3
1348520 486.3
1348530 486.3
1348540 486.3
1348550 486.3
1348560 486.3
1348570 486.3
1348580 486.3
1348590 486.3
1348600 486.3
1348610 486.3
1348620 486.3
1348630 486.3
1348640 486.3
1348650 486.2
1348660 486.2
1348670 486.2
1348680 486.3
1348690 486.2
1348700 486.2
1348710 486.2
1348720 486.2
1348730 486.2
1348740 486.0
1348750 486.1
1348760 486.1
1348770 486.2
1348780 486.2
1348790 486.2
1348800 486.4
1348810 486.5
1348820 486.5
1348830 486.4
1348840 486.4
1348850 486.4
1348860 486.8
1348870 488.1
1348880 488.1
1348890 488.4
1348900 488.4
1348910 488.4
1348920 488.4
1348930 487.7
1348940 487.7
1348950 488.2
1348960 487.0
1348970 486.6
1348980 486.6
1348990 486.6
1349000 486.6
1349010 486.6
1349020 486.7
1349030 486.9
1349040 486.9
1349050 487.0
1349060 487.1
1349070 487.1
1349080 487.2
1349090 487.4
1349100 487.4
1349110 487.4
1349120 487.6
1349130 487.6
1349140 488.2
1349150 487.2
1349160 487.2
1349170 486.7
1349180 487.4
1349190 487.4
1349200 488.2
1349210 487.2
1349220 487.2
1349230 486.4
1349240 486.2
1349250 486.2
1349260 486.3
1349270 486.4
1349280 486.4
1349290 486.4
1349300 486.3
1349310 486.3
1349320 486.2
1349330 486.0
1349340 485.6
1349350 485.6
1349360 485.0
1349370 485.1
1349380 485.1
1349390 485.8
1349400 486.3
1349410 486.3
1349420 486.0
1349430 485.9
1349440 485.9
1349450 485.8
1349460 485.8
1349470 485.8
1349480 485.9
1349490 486.2
1349500 486.2
1349510 486.3
1349520 486.3
1349530 486.3
1349540 486.3
1349550 486.2
1349560 486.2
1349570 485.9
1349580 485.8
1349590 485.8
1349600 486.6
1349610 487.7
1349620 487.7
1349630 487.8
1349640 490.7
1349650 490.7
1349660 494.1
1349670 499.0
1349680 504.5
1349690 504.5
1349700 508.0
1349710 510.4
1349720 510.4
1349730 512.3
1349740 516.8
1349750 516.8
1349760 517.8
1349770 517.8
1349780 517.8
1349790 518.5
1349800 519.5
1349810 519.5
1349820 520.4
1349830 521.9
1349840 521.9
1349850 524.3
1349860 527.4
1349870 527.4
1349880 531.1
1349890 534.7
1349900 534.7
1349910 538.3
1349920 542.8
1349930 542.8
1349940 548.3
1349950 553.0
1349960 553.0
1349970 556.9
1349980 560.3
1349990 560.3
1350000 563.2
1350010 566.1
1350020 566.1
1350030 568.4
1350040 570.2
1350050 572.0
1350060 572.0
1350070 574.4
1350080 576.6
1350090 576.6
1350100 578.1
1350110 578.6
1350120 578.6
1350130 578.1
1350140 579.3
1350150 579.3
1350160 580.9
1350170 579.1
1350180 579.1
1350190 578.1
1350200 582.2
1350210 582.2
1350220 587.4
1350230 590.0
1350240 590.0
1350250 590.9
1350260 591.4
1350270 591.4
1350280 591.9
1350290 592.5
1350300 592.5
1350310 592.3
1350320 590.1
1350330 590.1
1350340 588.5
1350350 589.9
1350360 589.9
1350370 593.0
1350380 596.3
1350390 596.3
1350400 596.2
1350410 596.1
1350420 596.9
1350430 596.9
1350440 597.6
1350450 598.6
1350460 598.6
1350470 600.0
1350480 601.0
1350490 601.0
1350500 601.3
1350510 600.8
1350520 600.8
1350530 601.8
1350540 603.3
1350550 603.3
1350560 604.0
1350570 604.5
1350580 604.5
1350590 604.7
1350600 604.7
1350610 604.7
1350620 604.8
1350630 604.9
1350640 604.9
1350650 604.8
1350660 604.7
1350670 604.7
1350680 604.7
1350690 605.2
1350700 605.2
1350710 605.2
1350720 605.1
1350730 605.1
1350740 605.2
1350750 605.3
1350760 605.5
1350770 605.5
1350780 605.8
1350790 606.2
1350800 606.2
1350810 606.8
1350820 607.5
1350830 607.5
1350840 607.9
1350850 608.4
1350860 608.4
1350870 608.9
1350880 609.5
1350890 609.5
1350900 610.0
1350910 610.3
1350920 610.3
1350930 610.6
1350940 610.6
1350950 610.6
1350960 610.8
1350970 610.7
1350980 610.7
1350990 610.6
1351000 610.5
1351010 610.5
1351020 610.3
1351030 609.9
1351040 609.9
1351050 609.5
1351060 608.9
1351070 608.9
1351080 608.0
1351090 606.9
1351100 606.9
1351110 605.4
1351120 603.8
1351130 601.7
1351140 601.7
1351150 599.1
1351160 595.7
1351170 595.7
1351180 591.4
1351190 587.4
1351200 587.4
1351210 583.9
1351220 581.7
1351230 581.7
1351240 580.1
1351250 579.1
1351260 579.1
1351270 578.6
1351280 578.3
1351290 578.3
1351300 577.9
1351310 577.4
1351320 577.4
1351330 576.7
1351340 576.1
1351350 576.1
1351360 575.5
1351370 574.9
1351380 574.9
1351390 574.4
1351400 573.8
1351410 573.8
1351420 573.2
1351430 572.7
1351440 572.7
1351450 572.4
1351460 572.1
1351470 572.1
1351480 571.7
1351490 571.7
1351500 571.6
1351510 571.6
1351520 571.5
1351530 571.4
1351540 571.4
1351550 571.7
1351560 571.2
1351570 571.2
1351580 569.6
1351590 568.8
1351600 568.8
1351610 568.2
1351620 567.6
1351630 567.6
1351640 566.9
1351650 566.3
1351660 566.3
1351670 565.9
1351680 565.3
1351690 565.3
1351700 564.8
1351710 564.3
1351720 564.3
1351730 564.1
1351740 563.8
1351750 563.8
1351760 563.7
1351770 564.1
1351780 564.1
1351790 565.0
1351800 566.6
1351810 566.6
1351820 568.7
1351830 570.6
1351840 572.3
1351850 572.3
1351860 573.7
1351870 575.9
1351880 575.9
1351890 578.6
1351900 581.1
1351910 581.1
1351920 583.3
1351930 585.5
1351940 585.5
1351950 587.5
1351960 588.8
1351970 588.8
1351980 589.4
1351990 590.2
1352000 590.2
1352010 591.0
1352020 591.9
1352030 591.9
1352040 593.3
1352050 595.2
1352060 595.2
1352070 596.4
1352080 597.0
1352090 597.0
1352100 596.8
1352110 596.6
1352120 596.6
1352130 596.2
1352140 595.9
1352150 595.9
1352160 595.9
1352170 595.8
1352180 595.8
1352190 595.8
1352200 595.9
1352210 595.5
1352220 595.5
1352230 594.0
1352240 592.6
1352250 592.6
1352260 591.7
1352270 591.4
1352280 591.4
1352290 591.2
1352300 591.2
1352310 591.2
1352320 591.4
1352330 591.8
1352340 591.8
1352350 592.5
1352360 593.3
1352370 593.3
1352380 594.0
1352390 594.6
1352400 594.6
1352410 594.7
1352420 594.6
1352430 594.6
1352440 594.5
1352450 594.9
1352460 594.9
1352470 596.0
1352480 597.5
1352490 597.5
1352500 598.0
1352510 598.0
1352520 598.0
1352530 598.0
1352540 598.2
1352550 598.2
1352560 598.8
1352570 600.1
1352580 601.8
1352590 601.8
1352600 603.6
1352610 605.4
1352620 605.4
1352630 607.2
1352640 608.6
1352650 608.6
1352660 609.8
1352670 610.8
1352680 610.8
1352690 611.6
1352700 612.6
1352710 612.6
1352720 613.6
1352730 614.6
1352740 614.6
1352750 615.6
1352760 616.4
1352770 616.4
1352780 617.5
1352790 618.7
1352800 618.7
1352810 620.1
1352820 621.4
1352830 621.4
1352840 622.1
1352850 622.5
1352860 622.5
1352870 622.7
1352880 622.8
1352890 622.8
1352900 622.8
1352910 623.1
1352920 623.7
1352930 623.7
1352940 624.5
1352950 624.8
1352960 624.8
1352970 624.7
1352980 624.8
1352990 624.8
1353000 624.9
1353010 624.9
1353020 624.9
1353030 624.7
1353040 624.3
1353050 624.3
1353060 623.9
1353070 623.3
1353080 623.3
1353090 622.8
1353100 622.8
1353110 622.8
1353120 623.2
1353130 624.0
1353140 624.0
1353150 625.2
1353160 626.7
1353170 626.7
1353180 628.2
1353190 629.4
1353200 629.4
1353210 630.3
1353220 630.9
1353230 630.9
1353240 631.3
1353250 631.8
1353260 631.8
1353270 631.8
1353280 630.8
1353290 629.0
1353300 629.0
1353310 627.5
1353320 626.3
1353330 626.3
1353340 625.4
1353350 624.6
1353360 624.6
1353370 623.9
1353380 623.1
1353390 623.1
1353400 622.1
1353410 620.8
1353420 620.8
1353430 619.0
1353440 616.6
1353450 616.6
1353460 614.4
1353470 612.2
1353480 612.2
1353490 609.5
1353500 605.8
1353510 605.8
1353520 602.1
1353530 605.3
1353540 605.3
1353550 606.2
1353560 606.7
1353570 606.7
1353580 607.0
1353590 609.6
1353600 609.6
1353610 609.5
1353620 608.6
1353630 608.6
1353640 607.8
1353650 607.8
1353660 608.5
1353670 608.5
1353680 609.3
1353690 608.8
1353700 608.8
1353710 608.3
1353720 608.2
1353730 608.2
1353740 608.5
1353750 607.1
1353760 607.1
1353770 605.7
1353780 605.4
1353790 605.4
1353800 604.6
1353810 604.0
1353820 604.0
1353830 602.6
1353840 602.8
1353850 602.8
1353860 603.0
1353870 602.2
1353880 602.2
1353890 601.5
1353900 601.0
1353910 601.0
1353920 600.7
1353930 599.4
1353940 599.4
1353950 590.6
1353960 589.3
1353970 589.3
1353980 589.2
1353990 589.2
1354000 589.3
1354010 589.3
1354020 589.2
1354030 589.3
1354040 589.3
1354050 591.8
1354060 600.5
1354070 600.5
1354080 603.4
1354090 604.6
1354100 604.6
1354110 607.1
1354120 608.7
1354130 608.7
1354140 612.4
1354150 614.9
1354160 614.9
1354170 617.9
1354180 619.8
1354190 619.8
1354200 621.4
1354210 621.8
1354220 621.8
1354230 620.6
1354240 619.2
1354250 619.2
1354260 620.6
1354270 619.3
1354280 619.3
1354290 617.9
1354300 617.4
1354310 617.4
1354320 617.0
1354330 616.2
1354340 616.2
1354350 615.2
1354360 615.4
1354370 616.7
1354380 616.7
1354390 618.1
1354400 619.2
1354410 619.2
1354420 619.5
1354430 617.8
1354440 617.8
1354450 615.0
1354460 613.9
1354470 613.9
1354480 613.0
1354490 612.8
1354500 612.8
1354510 612.6
1354520 610.6
1354530 610.6
1354540 608.6
1354550 606.8
1354560 606.8
1354570 606.8
1354580 603.2
1354590 603.2
1354600 597.1
1354610 594.4
1354620 594.4
1354630 593.8
1354640 593.8
1354650 593.8
1354660 591.9
1354670 586.4
1354680 586.4
1354690 578.8
1354700 569.0
1354710 569.0
1354720 559.6
1354730 552.5
1354740 549.6
1354750 549.6
1354760 548.1
1354770 548.2
1354780 548.2
1354790 550.3
1354800 555.1
1354810 555.1
1354820 559.9
1354830 564.9
1354840 564.9
1354850 571.0
1354860 573.5
1354870 573.5
1354880 573.8
1354890 578.1
1354900 578.1
1354910 583.2
1354920 583.9
1354930 583.9
1354940 585.4
1354950 587.1
1354960 587.1
1354970 587.8
1354980 587.8
1354990 587.8
1355000 587.5
1355010 587.6
1355020 587.6
1355030 588.2
1355040 589.0
1355050 589.0
1355060 589.9
1355070 591.2
1355080 592.5
1355090 592.5
1355100 593.6
1355110 594.8
1355120 594.8
1355130 596.2
1355140 597.9
1355150 597.9
1355160 599.9
1355170 601.8
1355180 601.8
1355190 604.3
1355200 606.5
1355210 606.5
1355220 607.5
1355230 608.7
1355240 608.7
1355250 609.9
1355260 611.3
1355270 611.3
1355280 612.2
1355290 614.1
1355300 614.1
1355310 616.6
1355320 618.7
1355330 618.7
1355340 622.3
1355350 625.9
1355360 625.9
1355370 630.1
1355380 633.2
1355390 633.2
1355400 636.2
1355410 637.1
1355420 637.1
1355430 635.8
1355440 636.1
1355450 635.5
1355460 635.5
1355470 638.0
1355480 638.1
1355490 638.1
1355500 638.1
1355510 640.0
1355520 640.0
1355530 641.0
1355540 641.1
1355550 641.1
1355560 634.1
1355570 641.4
1355580 641.4
1355590 651.0
1355600 656.8
1355610 656.8
1355620 658.7
1355630 660.9
1355640 660.9
1355650 663.5
1355660 665.4
1355670 665.4
1355680 666.8
1355690 667.8
1355700 667.8
1355710 668.7
1355720 669.6
1355730 669.6
1355740 670.7
1355750 671.8
1355760 671.8
1355770 672.9
1355780 674.0
1355790 674.0
1355800 675.3
1355810 677.1
1355820 679.2
1355830 679.2
1355840 681.5
1355850 682.8
1355860 682.8
1355870 682.6
1355880 682.6
1355890 682.6
1355900 684.0
1355910 685.8
1355920 685.8
1355930 687.7
1355940 690.2
1355950 690.2
1355960 692.7
1355970 695.4
1355980 695.4
1355990 698.4
1356000 701.4
1356010 701.4
1356020 703.4
1356030 706.1
1356040 706.1
1356050 710.8
1356060 715.4
1356070 715.4
1356080 719.2
1356090 722.8
1356100 722.8
1356110 725.6
1356120 729.1
1356130 729.1
1356140 733.9
1356150 738.6
1356160 742.6
1356170 742.6
1356180 746.6
1356190 751.4
1356200 751.4
1356210 756.6
1356220 762.2
1356230 762.2
1356240 768.2
1356250 774.4
1356260 774.4
1356270 780.6
1356280 786.7
1356290 786.7
1356300 791.8
1356310 798.0
1356320 798.0
1356330 805.9
1356340 813.0
1356350 813.0
1356360 819.2
1356370 824.6
1356380 824.6
1356390 829.3
1356400 837.7
1356410 837.7
1356420 846.3
1356430 853.7
1356440 853.7
1356450 863.5
1356460 872.1
1356470 872.1
1356480 882.5
1356490 892.5
1356500 892.5
1356510 897.5
1356520 900.1
1356530 897.3
1356540 897.3
1356550 882.9
1356560 889.8
1356570 889.8
1356580 897.8
1356590 907.5
1356600 907.5
1356610 914.3
1356620 922.8
1356630 922.8
1356640 928.7
1356650 937.1
1356660 937.1
1356670 946.8
1356680 958.2
1356690 958.2
1356700 971.2
1356710 983.7
1356720 983.7
1356730 988.9
1356740 993.1
1356750 993.1
1356760 997.4
1356770 997.3
1356780 997.3
1356790 991.0
1356800 983.6
1356810 983.6
1356820 975.0
1356830 964.6
1356840 964.6
1356850 966.8
1356860 962.6
1356870 962.6
1356880 954.3
1356890 957.4
1356900 965.9
1356910 965.9
1356920 971.4
1356930 974.6
1356940 974.6
1356950 976.0
1356960 976.6
1356970 976.6
1356980 979.7
1356990 981.5
1357000 981.5
1357010 981.3
1357020 979.6
1357030 979.6
1357040 976.4
1357050 972.6
1357060 972.6
1357070 968.0
1357080 963.1
1357090 963.1
1357100 958.5
1357110 953.0
1357120 953.0
1357130 953.2
1357140 956.4
1357150 956.4
1357160 957.6
1357170 960.3
1357180 960.3
1357190 960.6
1357200 955.3
1357210 955.3
1357220 948.2
1357230 941.7
1357240 937.7
1357250 937.7
1357260 934.4
1357270 931.5
1357280 931.5
1357290 926.0
1357300 929.7
1357310 929.7
1357320 939.2
1357330 946.3
1357340 946.3
1357350 950.2
1357360 954.2
1357370 954.2
1357380 958.6
1357390 962.0
1357400 962.0
1357410 963.9
1357420 966.2
1357430 966.2
1357440 970.6
1357450 975.4
1357460 975.4
1357470 977.9
1357480 982.0
1357490 982.0
1357500 983.9
1357510 984.8
1357520 984.8
1357530 985.2
1357540 988.1
1357550 988.1
1357560 998.9
1357570 999.9
1357580 999.9
1357590 1000.6
1357600 1002.0
1357610 1004.7
1357620 1004.7
1357630 1007.1
1357640 1008.9
1357650 1008.9
1357660 1008.6
1357670 1009.3
1357680 1009.3
1357690 1012.7
1357700 1011.6
1357710 1011.6
1357720 1010.5
1357730 1012.3
1357740 1012.3
1357750 1013.2
1357760 1010.1
1357770 1010.1
1357780 1004.6
1357790 998.6
1357800 998.6
1357810 993.7
1357820 990.9
1357830 990.9
1357840 988.0
1357850 984.8
1357860 984.8
1357870 981.6
1357880 979.0
1357890 979.0
1357900 978.1
1357910 979.6
1357920 979.6
1357930 981.4
1357940 983.3
1357950 984.2
1357960 984.2
1357970 985.7
1357980 986.6
1357990 986.6
1358000 987.3
1358010 989.1
1358020 989.1
1358030 991.7
1358040 994.9
1358050 994.9
1358060 997.8
1358070 1000.1
1358080 1000.1
1358090 1002.3
1358100 1002.8
1358110 1002.8
1358120 1004.7
1358130 1008.1
1358140 1008.1
1358150 1011.1
1358160 1013.8
1358170 1013.8
1358180 1017.4
1358190 1021.9
1358200 1021.9
1358210 1025.8
1358220 1028.2
1358230 1028.2
1358240 1029.3
1358250 1031.3
1358260 1031.3
1358270 1034.5
1358280 1036.8
1358290 1036.8
1358300 1039.1
1358310 1041.7
1358320 1043.9
1358330 1043.9
1358340 1046.2
1358350 1050.5
1358360 1050.5
1358370 1055.7
1358380 1060.9
1358390 1060.9
1358400 1065.3
1358410 1068.7
1358420 1068.7
1358430 1067.7
1358440 1066.7
1358450 1066.7
1358460 1068.1
1358470 1067.6
1358480 1067.6
1358490 1065.1
1358500 1064.1
1358510 1064.1
1358520 1064.8
1358530 1065.3
1358540 1065.3
1358550 1065.0
1358560 1063.4
1358570 1063.5
1358580 1061.5
1358590 1060.1
1358600 1060.1
1358610 1059.3
1358620 1059.4
1358630 1059.4
1358640 1059.7
1358650 1059.7
1358660 1059.7
1358670 1059.0
1358680 1057.3
1358690 1055.3
1358700 1055.3
1358710 1053.0
1358720 1050.0
1358730 1050.0
1358740 1047.2
1358750 1044.3
1358760 1044.3
1358770 1042.3
1358780 1040.8
1358790 1040.8
1358800 1039.5
1358810 1038.2
1358820 1038.2
1358830 1037.3
1358840 1037.2
1358850 1037.2
1358860 1036.0
1358870 1034.6
1358880 1034.6
1358890 1031.6
1358900 1023.0
1358910 1023.0
1358920 1013.2
1358930 1005.7
1358940 1005.7
1358950 999.9
1358960 993.1
1358970 993.1
1358980 987.1
1358990 983.4
1359000 983.4
1359010 982.5
1359020 983.0
1359030 982.3
1359040 982.3
1359050 978.0
1359060 969.6
1359070 969.6
1359080 962.3
1359090 956.7
1359100 956.7
1359110 951.6
1359120 949.1
1359130 949.1
1359140 947.5
1359150 945.2
1359160 945.2
1359170 943.0
1359180 940.9
1359190 940.9
1359200 938.4
1359210 936.5
1359220 936.5
1359230 935.6
1359240 935.2
1359250 935.2
1359260 933.8
1359270 932.9
1359280 932.9
1359290 932.0
1359300 931.2
1359310 931.2
1359320 930.6
1359330 929.1
1359340 929.1
1359350 924.8
1359360 921.4
1359370 921.4
1359380 922.2
1359390 924.2
1359400 923.6
1359410 923.6
1359420 923.5
1359430 923.0
1359440 923.0
1359450 921.5
1359460 918.7
1359470 918.7
1359480 916.6
1359490 915.9
1359500 915.9
1359510 914.1
1359520 912.4
1359530 912.4
1359540 911.7
1359550 909.9
1359560 909.9
1359570 907.9
1359580 906.2
1359590 902.7
1359600 902.6
1359610 903.3
1359620 903.3
1359630 903.9
1359640 904.4
1359650 904.4
1359660 905.2
1359670 906.4
1359680 906.4
1359690 907.6
1359700 908.6
1359710 908.6
1359720 909.2
1359730 910.1
1359740 910.1
1359750 912.0
1359760 913.2
1359770 912.5
1359780 912.5
1359790 912.2
1359800 913.3
1359810 913.3
1359820 914.4
1359830 915.3
1359840 915.3
1359850 916.3
1359860 917.6
1359870 917.6
1359880 919.2
1359890 920.5
1359900 920.5
1359910 921.9
1359920 923.4
1359930 923.4
1359940 925.0
1359950 927.2
1359960 927.2
1359970 929.1
1359980 929.3
1359990 929.3
