1340000 1331.6
1340010 1334.0
1340020 1336.4
1340030 1336.4
1340040 1344.9
1340050 1346.3
1340060 1346.3
1340070 1343.2
1340080 1340.4
1340090 1340.4
1340100 1336.9
1340110 1330.3
1340120 1330.3
1340130 1326.8
1340140 1323.5
1340150 1318.7
1340160 1318.7
1340170 1311.9
1340180 1305.9
1340190 1305.9
1340200 1303.5
1340210 1302.9
1340220 1302.9
1340230 1300.4
1340240 1296.1
1340250 1296.1
1340260 1291.8
1340270 1286.7
1340280 1286.7
1340290 1281.3
1340300 1276.4
1340310 1276.4
1340320 1272.5
1340330 1269.4
1340340 1269.4
1340350 1265.8
1340360 1262.1
1340370 1262.1
1340380 1260.1
1340390 1260.1
1340400 1260.1
1340410 1260.3
1340420 1260.7
1340430 1260.7
1340440 1261.8
1340450 1263.8
1340460 1263.8
1340470 1265.9
1340480 1268.1
1340490 1268.1
1340500 1270.6
1340510 1272.4
1340520 1274.8
1340530 1274.8
1340540 1280.3
1340550 1286.6
1340560 1286.6
1340570 1293.0
1340580 1299.7
1340590 1299.7
1340600 1306.7
1340610 1313.7
1340620 1313.7
1340630 1320.8
1340640 1327.9
1340650 1327.9
1340660 1334.9
1340670 1341.8
1340680 1341.8
1340690 1348.9
1340700 1355.9
1340710 1355.9
1340720 1362.8
1340730 1368.5
1340740 1368.5
1340750 1372.2
1340760 1373.4
1340770 1373.4
1340780 1371.8
1340790 1369.3
1340800 1369.3
1340810 1367.8
1340820 1365.1
1340830 1365.1
1340840 1363.1
1340850 1361.6
1340860 1361.6
1340870 1362.5
1340880 1363.6
1340890 1364.5
1340900 1364.5
1340910 1365.7
1340920 1366.9
1340930 1366.9
1340940 1367.9
1340950 1369.0
1340960 1369.0
1340970 1369.9
1340980 1369.6
1340990 1369.6
1341000 1368.9
1341010 1368.8
1341020 1368.8
1341030 1368.9
1341040 1370.3
1341050 1370.3
1341060 1372.9
1341070 1377.4
1341080 1377.4
1341090 1385.7
1341100 1391.2
1341110 1391.2
1341120 1394.3
1341130 1397.5
1341140 1397.5
1341150 1401.5
1341160 1405.8
1341170 1405.8
1341180 1409.3
1341190 1412.3
1341200 1412.3
1341210 1415.6
1341220 1417.0
1341230 1417.0
1341240 1414.5
1341250 1414.2
1341260 1412.6
1341270 1412.6
1341280 1415.1
1341290 1418.2
1341300 1418.2
1341310 1415.8
1341320 1410.3
1341330 1410.3
1341340 1404.9
1341350 1400.3
1341360 1400.3
1341370 1397.8
1341380 1397.0
1341390 1397.0
1341400 1397.1
1341410 1398.1
1341420 1398.1
1341430 1400.0
1341440 1403.8
1341450 1403.8
1341460 1409.3
1341470 1414.1
1341480 1414.1
1341490 1418.4
1341500 1421.6
1341510 1421.6
1341520 1426.4
1341530 1429.5
1341540 1429.5
1341550 1432.4
1341560 1435.9
1341570 1435.9
1341580 1440.9
1341590 1445.4
1341600 1445.4
1341610 1447.6
1341620 1447.1
1341630 1447.5
1341640 1447.5
1341650 1450.9
1341660 1456.4
1341670 1456.4
1341680 1463.0
1341690 1469.9
1341700 1469.9
1341710 1475.8
1341720 1480.6
1341730 1480.6
1341740 1484.4
1341750 1487.9
1341760 1487.9
1341770 1490.9
1341780 1493.2
1341790 1493.2
1341800 1494.5
1341810 1498.0
1341820 1500.9
1341830 1505.6
1341840 1508.8
1341850 1508.8
1341860 1510.5
1341870 1511.8
1341880 1511.8
1341890 1512.2
1341900 1513.3
1341910 1513.3
1341920 1516.0
1341930 1517.8
1341940 1517.8
1341950 1519.4
1341960 1519.8
1341970 1519.8
1341980 1519.2
1341990 1520.6
1342000 1524.2
1342010 1524.2
1342020 1528.6
1342030 1532.2
1342040 1532.2
1342050 1534.2
1342060 1536.1
1342070 1536.1
1342080 1538.3
1342090 1540.0
1342100 1540.0
1342110 1541.5
1342120 1542.7
1342130 1542.7
1342140 1544.2
1342150 1544.6
1342160 1544.6
1342170 1545.7
1342180 1546.2
1342190 1546.2
1342200 1546.0
1342210 1545.2
1342220 1545.2
1342230 1544.0
1342240 1543.7
1342250 1543.7
1342260 1542.9
1342270 1541.9
1342280 1541.9
1342290 1540.6
1342300 1541.0
1342310 1541.0
1342320 1542.5
1342330 1543.7
1342340 1544.5
1342350 1544.5
1342360 1545.4
1342370 1546.8
1342380 1546.8
1342390 1548.2
1342400 1548.9
1342410 1548.9
1342420 1548.8
1342430 1549.7
1342440 1549.7
1342450 1550.9
1342460 1551.3
1342470 1551.3
1342480 1550.8
1342490 1552.1
1342500 1552.1
1342510 1554.2
1342520 1557.1
1342530 1557.1
1342540 1560.9
1342550 1564.4
1342560 1564.4
1342570 1566.9
1342580 1568.9
1342590 1568.9
1342600 1571.3
1342610 1574.5
1342620 1574.5
1342630 1577.9
1342640 1581.9
1342650 1581.9
1342660 1586.2
1342670 1590.4
1342680 1590.4
1342690 1593.4
1342700 1594.1
1342710 1593.8
1342720 1593.8
1342730 1590.7
1342740 1585.6
1342750 1585.6
1342760 1582.0
1342770 1576.4
1342780 1576.4
1342790 1569.0
1342800 1562.3
1342810 1562.3
1342820 1554.9
1342830 1547.6
1342840 1547.6
1342850 1540.6
1342860 1534.8
1342870 1534.8
1342880 1530.5
1342890 1526.0
1342900 1526.0
1342910 1521.2
1342920 1516.5
1342930 1516.5
1342940 1511.6
1342950 1506.2
1342960 1506.2
1342970 1501.5
1342980 1496.2
1342990 1496.2
1343000 1491.7
1343010 1487.0
1343020 1487.0
1343030 1481.0
1343040 1473.6
1343050 1473.6
1343060 1466.5
1343070 1459.9
1343080 1453.4
1343090 1453.4
1343100 1446.3
1343110 1437.5
1343120 1437.5
1343130 1425.5
1343140 1412.2
1343150 1412.2
1343160 1394.6
1343170 1381.5
1343180 1381.5
1343190 1372.2
1343200 1355.8
1343210 1355.8
1343220 1334.0
1343230 1317.1
1343240 1317.1
1343250 1307.8
1343260 1301.8
1343270 1301.8
1343280 1295.7
1343290 1291.0
1343300 1291.0
1343310 1286.5
1343320 1280.6
1343330 1280.6
1343340 1272.7
1343350 1260.5
1343360 1260.5
1343370 1256.0
1343380 1257.4
1343390 1257.4
1343400 1259.8
1343410 1260.2
1343420 1260.2
1343430 1262.1
1343440 1263.7
1343450 1262.8
1343460 1262.8
1343470 1259.8
1343480 1255.5
1343490 1255.5
1343500 1250.7
1343510 1246.6
1343520 1246.6
1343530 1245.8
1343540 1247.3
1343550 1247.3
1343560 1249.0
1343570 1251.4
1343580 1251.4
1343590 1254.4
1343600 1257.3
1343610 1257.3
1343620 1260.6
1343630 1257.4
1343640 1257.4
1343650 1253.9
1343660 1251.5
1343670 1251.5
1343680 1248.6
1343690 1247.0
1343700 1247.0
1343710 1249.2
1343720 1251.3
1343730 1251.3
1343740 1251.4
1343750 1248.7
1343760 1248.7
1343770 1248.9
1343780 1252.0
1343790 1251.8
1343800 1251.8
1343810 1250.5
1343820 1251.0
1343830 1251.0
1343840 1252.0
1343850 1251.3
1343860 1251.3
1343870 1250.8
1343880 1250.8
1343890 1250.8
1343900 1250.5
1343910 1249.0
1343920 1249.0
1343930 1248.1
1343940 1246.8
1343950 1246.8
1343960 1246.2
1343970 1247.3
1343980 1247.3
1343990 1247.2
1344000 1245.9
1344010 1245.9
1344020 1243.8
1344030 1240.6
1344040 1240.6
1344050 1236.9
1344060 1233.4
1344070 1233.4
1344080 1230.4
1344090 1229.7
1344100 1229.7
1344110 1231.7
1344120 1231.0
1344130 1231.0
1344140 1228.5
1344150 1227.0
1344160 1225.3
1344170 1225.3
1344180 1222.9
1344190 1218.8
1344200 1218.8
1344210 1211.7
1344220 1205.0
1344230 1205.0
1344240 1201.9
1344250 1203.7
1344260 1203.7
1344270 1200.5
1344280 1198.4
1344290 1198.4
1344300 1201.2
1344310 1201.4
1344320 1201.4
1344330 1198.1
1344340 1193.2
1344350 1193.2
1344360 1188.8
1344370 1185.5
1344380 1185.5
1344390 1182.4
1344400 1179.9
1344410 1179.9
1344420 1178.1
1344430 1175.8
1344440 1175.8
1344450 1172.6
1344460 1168.7
1344470 1168.7
1344480 1163.9
1344490 1159.0
1344500 1159.0
1344510 1154.1
1344520 1149.1
1344530 1139.6
1344540 1139.6
1344550 1135.9
1344560 1132.3
1344570 1132.3
1344580 1128.7
1344590 1125.8
1344600 1125.8
1344610 1123.7
1344620 1120.9
1344630 1120.9
1344640 1117.7
1344650 1113.9
1344660 1113.9
1344670 1109.0
1344680 1103.0
1344690 1103.0
1344700 1097.7
1344710 1091.5
1344720 1091.5
1344730 1083.8
1344740 1075.6
1344750 1075.6
1344760 1068.7
1344770 1064.1
1344780 1064.1
1344790 1059.1
1344800 1051.1
1344810 1051.1
1344820 1043.9
1344830 1041.4
1344840 1041.4
1344850 1040.1
1344860 1034.7
1344870 1034.7
1344880 1028.4
1344890 1024.9
1344900 1023.4
1344910 1023.4
1344920 1023.6
1344930 1023.0
1344940 1023.0
1344950 1020.8
1344960 1019.1
1344970 1019.1
1344980 1016.6
1344990 1013.4
1345000 1013.4
1345010 1010.3
1345020 1006.8
1345030 1006.8
1345040 1003.2
1345050 997.6
1345060 997.6
1345070 993.2
1345080 990.1
1345090 990.1
1345100 986.2
1345110 981.4
1345120 981.4
1345130 976.9
1345140 972.9
1345150 972.9
1345160 969.2
1345170 966.7
1345180 966.7
1345190 963.6
1345200 958.6
1345210 958.6
1345220 957.9
1345230 955.1
1345240 952.0
1345250 952.0
1345260 949.6
1345270 947.0
1345280 947.0
1345290 943.8
1345300 939.6
1345310 939.6
1345320 935.1
1345330 930.7
1345340 930.7
1345350 926.0
1345360 921.0
1345370 921.0
1345380 916.2
1345390 912.7
1345400 912.7
1345410 910.2
1345420 907.8
1345430 907.8
1345440 905.0
1345450 897.3
1345460 897.3
1345470 892.0
1345480 887.4
1345490 887.4
1345500 883.1
1345510 878.5
1345520 878.5
1345530 873.2
1345540 868.3
1345550 868.3
1345560 864.3
1345570 861.4
1345580 861.4
1345590 859.8
1345600 859.1
1345610 860.1
1345620 860.1
1345630 861.7
1345640 863.5
1345650 863.5
1345660 865.8
1345670 867.0
1345680 867.0
1345690 867.2
1345700 867.3
1345710 867.3
1345720 866.3
1345730 863.4
1345740 863.4
1345750 860.2
1345760 857.7
1345770 857.7
1345780 855.7
1345790 853.8
1345800 853.8
1345810 851.3
1345820 845.8
1345830 845.8
1345840 839.0
1345850 835.5
1345860 835.5
1345870 830.5
1345880 823.6
1345890 823.6
1345900 818.8
1345910 814.0
1345920 814.0
1345930 807.2
1345940 800.9
1345950 800.9
1345960 795.5
1345970 790.4
1345980 786.4
1345990 786.4
1346000 781.6
1346010 779.1
1346020 779.1
1346030 780.8
1346040 779.9
1346050 779.9
1346060 773.8
1346070 766.3
1346080 766.3
1346090 758.2
1346100 751.4
1346110 751.4
1346120 745.6
1346130 740.3
1346140 740.3
1346150 735.6
1346160 731.4
1346170 731.4
1346180 726.2
1346190 720.4
1346200 720.4
1346210 721.9
1346220 722.0
1346230 722.0
1346240 721.7
1346250 718.8
1346260 718.8
1346270 712.6
1346280 705.7
1346290 705.7
1346300 699.8
1346310 695.2
1346320 695.2
1346330 689.6
1346340 684.1
1346350 679.2
1346360 679.2
1346370 667.8
1346380 661.5
1346390 661.5
1346400 655.2
1346410 649.1
1346420 649.1
1346430 642.7
1346440 636.7
1346450 636.7
1346460 628.2
1346470 621.8
1346480 621.8
1346490 618.0
1346500 614.2
1346510 614.2
1346520 607.9
1346530 601.1
1346540 601.1
1346550 593.9
1346560 586.9
1346570 586.9
1346580 584.1
1346590 579.9
1346600 579.9
1346610 573.0
1346620 566.1
1346630 566.1
1346640 564.9
1346650 570.3
1346660 570.3
1346670 576.1
1346680 580.5
1346690 583.6
1346700 583.6
1346710 583.3
1346720 581.9
1346730 581.9
1346740 580.8
1346750 578.4
1346760 578.4
1346770 573.3
1346780 568.5
1346790 568.5
1346800 566.5
1346810 562.7
1346820 562.7
1346830 557.1
1346840 551.7
1346850 551.7
1346860 547.1
1346870 544.1
1346880 544.1
1346890 541.9
1346900 539.1
1346910 539.1
1346920 536.2
1346930 533.7
1346940 533.7
1346950 531.0
1346960 528.6
1346970 528.6
1346980 527.9
1346990 527.4
1347000 527.4
1347010 526.9
1347020 526.6
1347030 526.6
1347040 526.4
1347050 526.1
1347060 525.7
1347070 525.7
1347080 525.7
1347090 525.9
1347100 525.9
1347110 526.1
1347120 525.0
1347130 525.0
1347140 524.5
1347150 523.7
1347160 523.7
1347170 522.2
1347180 519.9
1347190 519.9
1347200 519.0
1347210 518.2
1347220 518.2
1347230 516.6
1347240 515.0
1347250 515.0
1347260 514.0
1347270 513.1
1347280 513.1
1347290 512.3
1347300 509.5
1347310 509.5
1347320 508.5
1347330 507.7
1347340 507.7
1347350 506.9
1347360 503.6
1347370 503.6
1347380 501.2
1347390 501.6
1347400 501.6
1347410 498.8
1347420 495.1
1347430 492.5
1347440 492.5
1347450 491.4
1347460 491.1
1347470 491.1
1347480 491.1
1347490 491.1
1347500 491.1
1347510 491.2
1347520 491.4
1347530 491.4
1347540 491.6
1347550 491.9
1347560 491.9
1347570 492.5
1347580 493.2
1347590 493.2
1347600 493.6
1347610 494.5
1347620 494.5
1347630 496.5
1347640 498.2
1347650 498.2
1347660 499.1
1347670 499.5
1347680 499.5
1347690 499.6
1347700 499.7
1347710 499.7
1347720 500.0
1347730 500.5
1347740 500.5
1347750 501.1
1347760 501.3
1347770 501.3
1347780 501.1
1347790 500.8
1347800 500.5
1347810 500.5
1347820 500.2
1347830 499.9
1347840 499.9
1347850 499.8
1347860 499.7
1347870 499.7
1347880 499.7
1347890 499.0
1347900 499.0
1347910 496.6
1347920 494.1
1347930 494.1
1347940 492.6
1347950 490.7
1347960 490.7
1347970 489.8
1347980 489.7
1347990 489.7
1348000 489.5
1348010 489.4
1348020 489.4
1348030 489.2
1348040 489.1
1348050 489.1
1348060 488.4
1348070 486.3
1348080 486.3
1348090 485.9
1348100 485.7
1348110 485.7
1348120 485.6
1348130 485.6
1348140 485.7
1348150 485.7
1348160 485.9
1348170 485.9
1348180 485.9
1348190 485.8
1348200 485.7
1348210 485.7
1348220 485.6
1348230 485.8
1348240 485.8
1348250 486.0
1348260 485.7
1348270 485.7
1348280 485.4
1348290 485.3
1348300 485.3
1348310 485.3
1348320 485.2
1348330 485.2
1348340 485.2
1348350 485.3
1348360 485.3
1348370 485.4
1348380 485.4
1348390 485.4
1348400 485.4
1348410 485.3
1348420 485.3
1348430 485.1
1348440 484.8
1348450 484.8
1348460 484.8
1348470 484.9
1348480 484.9
1348490 485.0
1348500 485.0
1348510 485.0
1348520 485.0
1348530 485.0
1348540 484.7
1348550 484.7
1348560 485.2
1348570 485.5
1348580 485.5
1348590 485.4
1348600 485.3
1348610 485.3
1348620 485.6
1348630 485.8
1348640 485.8
1348650 485.9
1348660 485.8
1348670 485.8
1348680 485.7
1348690 485.6
1348700 485.6
1348710 485.4
1348720 485.4
1348730 485.4
1348740 485.6
1348750 486.5
1348760 486.5
1348770 486.5
1348780 485.5
1348790 485.5
1348800 485.0
1348810 485.1
1348820 485.1
1348830 485.3
1348840 485.5
1348850 485.5
1348860 485.5
1348870 485.4
1348880 485.2
1348890 485.2
1348900 485.4
1348910 485.6
1348920 485.6
1348930 485.7
1348940 485.7
1348950 485.7
1348960 485.7
1348970 485.6
1348980 485.6
1348990 485.5
1349000 485.5
1349010 485.5
1349020 485.6
1349030 485.6
1349040 485.6
1349050 485.6
1349060 485.6
1349070 485.6
1349080 485.7
1349090 485.7
1349100 485.7
1349110 485.7
1349120 485.8
1349130 485.8
1349140 485.8
1349150 485.9
1349160 485.9
1349170 485.9
1349180 486.0
1349190 486.0
1349200 486.0
1349210 486.1
1349220 486.1
1349230 486.1
1349240 486.1
1349250 486.0
1349260 486.0
1349270 485.9
1349280 485.8
1349290 485.8
1349300 485.7
1349310 485.7
1349320 485.7
1349330 485.7
1349340 485.9
1349350 485.9
1349360 487.1
1349370 489.8
1349380 489.8
1349390 490.4
1349400 490.4
1349410 490.4
1349420 490.0
1349430 488.1
1349440 488.1
1349450 488.0
1349460 487.7
1349470 487.7
1349480 487.2
1349490 487.0
1349500 487.0
1349510 486.9
1349520 486.9
1349530 486.9
1349540 486.9
1349550 486.9
1349560 486.9
1349570 486.9
1349580 486.9
1349590 486.9
1349600 487.0
1349610 487.0
1349620 487.1
1349630 487.1
1349640 487.2
1349650 487.4
1349660 487.4
1349670 487.9
1349680 486.9
1349690 486.9
1349700 488.0
1349710 487.3
1349720 487.3
1349730 487.2
1349740 489.5
1349750 489.5
1349760 492.8
1349770 498.5
1349780 498.5
1349790 502.2
1349800 505.0
1349810 505.0
1349820 510.1
1349830 514.5
1349840 514.5
1349850 517.2
1349860 521.2
1349870 521.2
1349880 525.2
1349890 528.5
1349900 528.5
1349910 530.4
1349920 532.3
1349930 532.3
1349940 536.0
1349950 542.5
1349960 548.2
1349970 548.2
1349980 550.2
1349990 552.4
1350000 552.4
1350010 554.1
1350020 555.9
1350030 555.9
1350040 557.9
1350050 560.2
1350060 560.2
1350070 562.7
1350080 563.7
1350090 563.7
1350100 564.4
1350110 565.4
1350120 565.9
1350130 567.3
1350140 568.9
1350150 568.9
1350160 570.6
1350170 572.2
1350180 572.2
1350190 574.1
1350200 576.3
1350210 576.3
1350220 578.7
1350230 580.5
1350240 580.5
1350250 581.8
1350260 583.3
1350270 583.3
1350280 584.9
1350290 586.3
1350300 586.3
1350310 588.3
1350320 590.4
1350330 591.4
1350340 591.4
1350350 592.3
1350360 593.3
1350370 593.3
1350380 594.6
1350390 596.2
1350400 596.2
1350410 597.5
1350420 598.9
1350430 598.9
1350440 599.7
1350450 599.9
1350460 599.9
1350470 600.8
1350480 601.9
1350490 601.9
1350500 602.8
1350510 603.9
1350520 603.9
1350530 605.0
1350540 605.8
1350550 605.8
1350560 606.4
1350570 607.5
1350580 607.5
1350590 610.5
1350600 613.9
1350610 613.9
1350620 616.0
1350630 617.5
1350640 617.5
1350650 617.7
1350660 618.3
1350670 618.3
1350680 618.8
1350690 619.7
1350700 620.6
1350710 620.6
1350720 620.8
1350730 620.7
1350740 620.7
1350750 619.9
1350760 619.2
1350770 619.2
1350780 619.3
1350790 620.4
1350800 620.4
1350810 621.8
1350820 623.6
1350830 623.6
1350840 625.7
1350850 628.6
1350860 628.6
1350870 630.6
1350880 631.7
1350890 631.7
1350900 632.7
1350910 633.9
1350920 633.9
1350930 635.6
1350940 636.8
1350950 636.8
1350960 638.2
1350970 639.7
1350980 639.7
1350990 640.2
1351000 640.1
1351010 640.1
1351020 640.2
1351030 640.6
1351040 640.6
1351050 641.3
1351060 642.0
1351070 642.4
1351080 640.7
1351090 639.9
1351100 638.3
1351110 638.3
1351120 636.3
1351130 634.6
1351140 634.6
1351150 634.1
1351160 634.1
1351170 634.1
1351180 633.5
1351190 631.3
1351200 631.3
1351210 625.8
1351220 620.7
1351230 620.7
1351240 617.4
1351250 615.4
1351260 615.4
1351270 613.7
1351280 612.2
1351290 612.2
1351300 611.5
1351310 610.9
1351320 610.9
1351330 610.5
1351340 610.5
1351350 610.5
1351360 611.0
1351370 612.1
1351380 612.1
1351390 613.7
1351400 615.8
1351410 617.5
1351420 617.5
1351430 619.1
1351440 620.0
1351450 620.0
1351460 620.5
1351470 620.5
1351480 620.5
1351490 620.1
1351500 619.4
1351510 619.4
1351520 618.6
1351530 617.7
1351540 617.7
1351550 616.9
1351560 616.3
1351570 616.3
1351580 615.7
1351590 615.1
1351600 615.1
1351610 614.2
1351620 613.2
1351630 613.2
1351640 611.9
1351650 610.4
1351660 610.4
1351670 609.0
1351680 607.9
1351690 607.9
1351700 606.9
1351710 605.7
1351720 605.7
1351730 604.5
1351740 603.1
1351750 603.1
1351760 601.6
1351770 599.9
1351780 598.4
1351790 598.4
1351800 597.1
1351810 596.0
1351820 596.0
1351830 595.1
1351840 594.3
1351850 594.3
1351860 593.7
1351870 593.3
1351880 593.3
1351890 592.9
1351900 592.2
1351910 592.2
1351920 591.3
1351930 590.5
1351940 590.5
1351950 590.1
1351960 589.9
1351970 589.9
1351980 590.0
1351990 590.3
1352000 590.3
1352010 590.1
1352020 589.2
1352030 589.2
1352040 584.1
1352050 578.7
1352060 578.7
1352070 573.8
1352080 569.2
1352090 569.2
1352100 564.4
1352110 559.1
1352120 559.1
1352130 554.1
1352140 550.3
1352150 548.5
1352160 548.5
1352170 547.6
1352180 547.3
1352190 547.3
1352200 547.7
1352210 548.1
1352220 548.1
1352230 550.1
1352240 552.9
1352250 552.9
1352260 552.0
1352270 546.1
1352280 546.1
1352290 542.0
1352300 540.4
1352310 540.4
1352320 540.5
1352330 542.5
1352340 542.5
1352350 546.5
1352360 551.7
1352370 551.7
1352380 554.4
1352390 554.8
1352400 554.8
1352410 554.0
1352420 553.9
1352430 553.9
1352440 556.3
1352450 558.8
1352460 558.8
1352470 559.9
1352480 560.3
1352490 560.3
1352500 560.5
1352510 560.5
1352520 560.4
1352530 560.4
1352540 560.4
1352550 560.8
1352560 560.8
1352570 561.4
1352580 562.6
1352590 562.6
1352600 564.2
1352610 566.0
1352620 566.0
1352630 567.8
1352640 569.7
1352650 569.7
1352660 572.0
1352670 574.5
1352680 574.5
1352690 577.1
1352700 579.5
1352710 579.5
1352720 580.0
1352730 579.2
1352740 579.2
1352750 578.7
1352760 578.6
1352770 578.6
1352780 578.8
1352790 579.1
1352800 579.1
1352810 580.1
1352820 581.6
1352830 581.6
1352840 583.0
1352850 583.8
1352860 583.8
1352870 583.8
1352880 583.7
1352890 583.2
1352900 583.2
1352910 582.5
1352920 580.6
1352930 580.6
1352940 577.6
1352950 574.8
1352960 574.8
1352970 572.0
1352980 569.3
1352990 569.3
1353000 567.2
1353010 566.5
1353020 566.5
1353030 565.9
1353040 565.8
1353050 565.8
1353060 566.3
1353070 567.4
1353080 567.4
1353090 568.4
1353100 568.1
1353110 568.1
1353120 565.4
1353130 568.1
1353140 568.1
1353150 571.6
1353160 573.4
1353170 573.4
1353180 573.9
1353190 573.7
1353200 573.7
1353210 573.3
1353220 572.6
1353230 571.9
1353240 571.9
1353250 571.3
1353260 570.6
1353270 570.6
1353280 569.9
1353290 569.0
1353300 569.0
1353310 567.7
1353320 566.0
1353330 566.0
1353340 566.0
1353350 565.8
1353360 565.8
1353370 564.7
1353380 563.2
1353390 563.2
1353400 561.9
1353410 561.6
1353420 561.6
1353430 561.8
1353440 562.5
1353450 562.5
1353460 562.6
1353470 561.4
1353480 561.4
1353490 558.6
1353500 555.5
1353510 555.5
1353520 553.0
1353530 551.9
1353540 551.9
1353550 551.6
1353560 551.1
1353570 551.1
1353580 550.3
1353590 549.7
1353600 549.6
1353610 549.6
1353620 550.3
1353630 551.4
1353640 551.4
1353650 550.0
1353660 546.4
1353670 546.4
1353680 544.4
1353690 545.4
1353700 545.4
1353710 549.4
1353720 552.2
1353730 552.2
1353740 553.5
1353750 554.6
1353760 554.6
1353770 555.4
1353780 556.0
1353790 556.0
1353800 556.5
1353810 556.8
1353820 556.8
1353830 554.3
1353840 547.5
1353850 547.5
1353860 536.4
1353870 531.1
1353880 531.1
1353890 531.0
1353900 531.0
1353910 531.0
1353920 531.0
1353930 530.9
1353940 530.9
1353950 530.8
1353960 531.3
1353970 531.6
1353980 531.6
1353990 537.3
1354000 541.0
1354010 541.0
1354020 546.9
1354030 546.2
1354040 546.2
1354050 544.9
1354060 544.3
1354070 544.3
1354080 544.4
1354090 544.1
1354100 544.1
1354110 542.0
1354120 535.4
1354130 535.4
1354140 532.1
1354150 532.3
1354160 532.3
1354170 534.3
1354180 536.3
1354190 536.3
1354200 536.2
1354210 533.8
1354220 533.8
1354230 535.8
1354240 535.6
1354250 535.6
1354260 533.9
1354270 533.9
1354280 533.9
1354290 533.6
1354300 531.7
1354310 531.7
1354320 530.8
1354330 531.5
1354340 534.1
1354350 534.1
1354360 535.4
1354370 535.7
1354380 535.7
1354390 535.8
1354400 536.0
1354410 536.0
1354420 536.7
1354430 538.4
1354440 538.4
1354450 540.9
1354460 543.2
1354470 543.2
1354480 543.8
1354490 544.1
1354500 544.1
1354510 544.4
1354520 544.3
1354530 544.3
1354540 544.3
1354550 544.5
1354560 544.5
1354570 544.6
1354580 544.6
1354590 544.6
1354600 544.9
1354610 547.3
1354620 547.3
1354630 547.8
1354640 546.0
1354650 546.0
1354660 545.7
1354670 545.5
1354680 545.5
1354690 545.5
1354700 545.5
1354710 545.5
1354720 545.5
1354730 545.3
1354740 548.2
1354750 548.2
1354760 549.6
1354770 549.7
1354780 549.7
1354790 549.7
1354800 550.0
1354810 550.0
1354820 553.3
1354830 559.3
1354840 559.3
1354850 562.2
1354860 562.2
1354870 562.2
1354880 562.5
1354890 559.7
1354900 559.7
1354910 558.9
1354920 557.1
1354930 557.1
1354940 557.1
1354950 558.0
1354960 558.0
1354970 558.0
1354980 558.0
1354990 558.0
1355000 558.0
1355010 558.3
1355020 558.3
1355030 560.2
1355040 560.9
1355050 561.8
1355060 561.8
1355070 562.5
1355080 563.0
1355090 563.0
1355100 563.2
1355110 563.6
1355120 563.6
1355130 564.3
1355140 564.7
1355150 564.7
1355160 565.4
1355170 565.8
1355180 565.8
1355190 566.3
1355200 566.4
1355210 566.4
1355220 566.5
1355230 566.8
1355240 566.8
1355250 566.9
1355260 566.6
1355270 566.6
1355280 566.7
1355290 566.7
1355300 566.7
1355310 566.8
1355320 567.3
1355330 567.3
1355340 568.3
1355350 571.0
1355360 571.0
1355370 573.6
1355380 576.9
1355390 576.9
1355400 581.0
1355410 587.6
1355420 594.1
1355430 594.1
1355440 600.2
1355450 604.5
1355460 604.5
1355470 608.1
1355480 609.2
1355490 609.2
1355500 609.8
1355510 609.5
1355520 609.5
1355530 607.3
1355540 606.1
1355550 606.1
1355560 607.7
1355570 608.8
1355580 608.8
1355590 611.5
1355600 617.2
1355610 617.2
1355620 623.6
1355630 630.8
1355640 630.8
1355650 636.8
1355660 640.5
1355670 640.5
1355680 645.7
1355690 649.0
1355700 649.0
1355710 650.6
1355720 652.7
1355730 652.7
1355740 655.8
1355750 659.5
1355760 663.1
1355770 663.1
1355780 667.0
1355790 671.3
1355800 671.3
1355810 675.7
1355820 679.3
1355830 679.3
1355840 677.6
1355850 671.1
1355860 671.1
1355870 665.3
1355880 661.1
1355890 661.1
1355900 657.7
1355910 652.7
1355920 652.7
1355930 647.9
1355940 643.2
1355950 643.2
1355960 633.8
1355970 632.7
1355980 632.7
1355990 633.8
1356000 636.9
1356010 636.9
1356020 639.3
1356030 636.5
1356040 636.5
1356050 628.0
1356060 621.6
1356070 621.6
1356080 625.2
1356090 632.3
1356100 632.3
1356110 638.8
1356120 644.5
1356130 641.0
1356140 641.0
1356150 634.8
1356160 630.0
1356170 630.0
1356180 626.3
1356190 617.1
1356200 617.1
1356210 608.2
1356220 600.6
1356230 600.6
1356240 603.2
1356250 618.5
1356260 618.5
1356270 630.8
1356280 640.3
1356290 640.3
1356300 643.9
1356310 648.6
1356320 648.6
1356330 656.2
1356340 663.1
1356350 663.1
1356360 670.3
1356370 674.3
1356380 674.3
1356390 680.0
1356400 687.6
1356410 687.6
1356420 692.8
1356430 697.1
1356440 697.1
1356450 702.7
1356460 707.5
1356470 707.5
1356480 710.5
1356490 712.4
1356500 715.1
1356510 715.1
1356520 716.4
1356530 718.8
1356540 718.8
1356550 722.2
1356560 724.2
1356570 724.2
1356580 725.0
1356590 724.1
1356600 724.1
1356610 724.0
1356620 724.9
1356630 724.9
1356640 724.1
1356650 723.3
1356660 723.3
1356670 722.4
1356680 720.6
1356690 720.6
1356700 718.7
1356710 719.3
1356720 719.3
1356730 722.1
1356740 725.0
1356750 725.0
1356760 728.9
1356770 732.4
1356780 732.4
1356790 738.2
1356800 745.0
1356810 745.0
1356820 751.3
1356830 756.3
1356840 756.3
1356850 758.7
1356860 760.7
1356870 762.0
1356880 762.0
1356890 762.8
1356900 763.4
1356910 763.4
1356920 763.9
1356930 764.5
1356940 764.5
1356950 765.5
1356960 765.3
1356970 765.3
1356980 767.1
1356990 770.0
1357000 770.0
1357010 773.7
1357020 777.1
1357030 777.1
1357040 779.9
1357050 782.5
1357060 782.5
1357070 784.8
1357080 786.5
1357090 786.5
1357100 788.2
1357110 789.9
1357120 789.9
1357130 791.5
1357140 793.0
1357150 793.0
1357160 794.8
1357170 795.9
1357180 795.9
1357190 797.7
1357200 801.2
1357210 806.6
1357220 806.6
1357230 812.3
1357240 817.6
1357250 817.6
1357260 825.2
1357270 831.0
1357280 831.0
1357290 835.8
1357300 841.0
1357310 841.0
1357320 846.3
1357330 851.5
1357340 851.5
1357350 856.7
1357360 862.2
1357370 862.2
1357380 866.9
1357390 870.8
1357400 870.8
1357410 874.0
1357420 876.2
1357430 876.2
1357440 879.4
1357450 884.2
1357460 884.2
1357470 889.6
1357480 895.4
1357490 895.4
1357500 900.8
1357510 906.2
1357520 906.2
1357530 912.7
1357540 919.4
1357550 919.4
1357560 925.5
1357570 931.4
1357580 937.2
1357590 937.2
1357600 943.2
1357610 949.2
1357620 949.2
1357630 955.6
1357640 962.4
1357650 962.4
1357660 965.4
1357670 969.1
1357680 969.1
1357690 970.4
1357700 973.2
1357710 973.2
1357720 977.5
1357730 981.7
1357740 981.7
1357750 985.4
1357760 988.3
1357770 988.3
1357780 991.3
1357790 994.6
1357800 994.6
1357810 998.6
1357820 1002.6
1357830 1002.6
1357840 1006.8
1357850 1010.5
1357860 1010.5
1357870 1014.0
1357880 1017.4
1357890 1017.4
1357900 1021.1
1357910 1024.6
1357920 1024.6
1357930 1028.4
1357940 1032.3
1357950 1036.6
1357960 1036.6
1357970 1030.7
1357980 1034.0
1357990 1034.0
1358000 1036.6
1358010 1039.9
1358020 1039.9
1358030 1043.0
1358040 1042.5
1358050 1042.5
1358060 1039.9
1358070 1039.5
1358080 1039.5
1358090 1041.5
1358100 1042.0
1358110 1042.0
1358120 1042.9
1358130 1044.8
1358140 1044.8
1358150 1045.4
1358160 1044.0
1358170 1044.0
1358180 1036.4
1358190 1029.5
1358200 1029.5
1358210 1021.0
1358220 1022.2
1358230 1022.2
1358240 1030.1
1358250 1036.3
1358260 1036.3
1358270 1043.1
1358280 1048.8
1358290 1048.8
1358300 1053.5
1358310 1058.5
1358320 1061.7
1358330 1061.7
1358340 1064.6
1358350 1066.3
1358360 1066.3
1358370 1067.0
1358380 1068.0
1358390 1068.0
1358400 1070.7
1358410 1075.1
1358420 1075.1
1358430 1076.2
1358440 1078.1
1358450 1078.1
1358460 1080.5
1358470 1081.3
1358480 1081.3
1358490 1083.1
1358500 1086.2
1358510 1086.2
1358520 1090.0
1358530 1094.6
1358540 1094.6
1358550 1099.7
1358560 1104.3
1358570 1104.3
1358580 1107.4
1358590 1104.4
1358600 1104.4
1358610 1098.5
1358620 1093.7
1358630 1093.7
1358640 1090.3
1358650 1086.4
1358660 1082.5
1358670 1082.5
1358680 1079.5
1358690 1077.6
1358700 1077.6
1358710 1076.0
1358720 1074.5
1358730 1074.5
1358740 1073.5
1358750 1073.1
1358760 1073.1
1358770 1073.5
1358780 1074.9
1358790 1074.9
1358800 1075.8
1358810 1074.5
1358820 1074.5
1358830 1079.3
1358840 1087.0
1358850 1087.0
1358860 1091.0
1358870 1091.4
1358880 1091.4
1358890 1092.3
1358900 1092.9
1358910 1092.9
1358920 1096.8
1358930 1103.3
1358940 1103.3
1358950 1111.0
1358960 1118.0
1358970 1118.0
1358980 1123.3
1358990 1122.7
1359000 1122.7
1359010 1125.6
1359020 1128.6
1359030 1131.4
1359040 1131.4
1359050 1135.2
1359060 1138.7
1359070 1138.7
1359080 1140.5
1359090 1141.4
1359100 1141.4
1359110 1142.6
1359120 1144.4
1359130 1144.4
1359140 1147.1
1359150 1150.9
1359160 1150.9
1359170 1155.2
1359180 1159.1
1359190 1159.1
1359200 1160.5
1359210 1159.8
1359220 1159.8
1359230 1158.7
1359240 1157.2
1359250 1157.2
1359260 1156.6
1359270 1160.5
1359280 1160.5
1359290 1165.9
1359300 1171.5
1359310 1171.5
1359320 1178.2
1359330 1184.5
1359340 1184.5
1359350 1188.9
1359360 1194.1
1359370 1194.1
1359380 1199.5
1359390 1205.1
1359400 1209.6
1359410 1209.6
1359420 1213.5
1359430 1217.2
1359440 1217.2
1359450 1221.1
1359460 1225.6
1359470 1225.6
1359480 1230.3
1359490 1234.4
1359500 1234.4
1359510 1238.1
1359520 1241.9
1359530 1241.9
1359540 1246.1
1359550 1249.6
1359560 1249.6
1359570 1252.2
1359580 1254.3
1359590 1254.3
1359600 1256.1
1359610 1257.2
1359620 1257.2
1359630 1256.3
1359640 1254.9
1359650 1254.9
1359660 1254.1
1359670 1253.2
1359680 1253.2
1359690 1253.0
1359700 1253.7
1359710 1253.7
1359720 1254.2
1359730 1254.0
1359740 1254.0
1359750 1252.9
1359760 1251.4
1359770 1251.3
1359780 1251.3
1359790 1252.6
1359800 1254.6
1359810 1254.6
1359820 1257.7
1359830 1261.6
1359840 1261.6
1359850 1264.9
1359860 1267.8
1359870 1267.8
1359880 1268.3
1359890 1265.1
1359900 1265.1
1359910 1261.5
1359920 1257.3
1359930 1257.3
1359940 1254.1
1359950 1254.2
1359960 1254.2
1359970 1257.0
1359980 1259.7
1359990 1259.7
