1340000 1310.0
1340010 1312.1
1340020 1315.0
1340030 1315.0
1340040 1317.2
1340050 1319.3
1340060 1319.3
1340070 1321.4
1340080 1318.2
1340090 1316.1
1340100 1316.1
1340110 1314.1
1340120 1310.5
1340130 1310.5
1340140 1306.0
1340150 1302.0
1340160 1302.0
1340170 1297.1
1340180 1290.7
1340190 1290.7
1340200 1284.3
1340210 1278.7
1340220 1278.7
1340230 1274.2
1340240 1269.7
1340250 1269.7
1340260 1265.5
1340270 1262.5
1340280 1262.5
1340290 1259.9
1340300 1257.8
1340310 1257.8
1340320 1255.1
1340330 1250.7
1340340 1250.7
1340350 1246.3
1340360 1242.8
1340370 1242.8
1340380 1239.7
1340390 1238.3
1340400 1238.3
1340410 1239.1
1340420 1244.0
1340430 1244.0
1340440 1250.5
1340450 1257.0
1340460 1263.8
1340470 1263.8
1340480 1270.7
1340490 1276.7
1340500 1276.7
1340510 1282.9
1340520 1289.0
1340530 1289.0
1340540 1295.2
1340550 1301.1
1340560 1301.1
1340570 1307.1
1340580 1313.2
1340590 1313.2
1340600 1319.3
1340610 1325.5
1340620 1325.5
1340630 1332.4
1340640 1339.6
1340650 1339.6
1340660 1346.9
1340670 1353.8
1340680 1353.8
1340690 1361.1
1340700 1368.4
1340710 1368.4
1340720 1375.3
1340730 1380.8
1340740 1380.8
1340750 1383.0
1340760 1383.5
1340770 1383.5
1340780 1381.8
1340790 1380.0
1340800 1380.0
1340810 1378.3
1340820 1376.4
1340830 1373.9
1340840 1373.9
1340850 1370.7
1340860 1367.8
1340870 1367.8
1340880 1366.8
1340890 1366.5
1340900 1366.5
1340910 1366.3
1340920 1366.4
1340930 1366.4
1340940 1366.9
1340950 1368.5
1340960 1367.9
1340970 1368.6
1340980 1367.7
1340990 1367.7
1341000 1368.0
1341010 1368.4
1341020 1368.4
1341030 1368.6
1341040 1368.8
1341050 1368.8
1341060 1369.0
1341070 1368.8
1341080 1368.8
1341090 1368.6
1341100 1368.9
1341110 1368.9
1341120 1371.3
1341130 1374.7
1341140 1374.7
1341150 1378.0
1341160 1383.1
1341170 1389.2
1341180 1389.2
1341190 1394.4
1341200 1397.4
1341210 1397.4
1341220 1399.7
1341230 1402.2
1341240 1402.2
1341250 1404.6
1341260 1406.4
1341270 1406.4
1341280 1406.1
1341290 1404.7
1341300 1404.7
1341310 1404.6
1341320 1402.5
1341330 1402.5
1341340 1397.4
1341350 1393.7
1341360 1393.7
1341370 1390.8
1341380 1388.4
1341390 1388.4
1341400 1389.8
1341410 1392.5
1341420 1392.5
1341430 1394.2
1341440 1395.8
1341450 1395.8
1341460 1397.5
1341470 1399.9
1341480 1399.9
1341490 1402.2
1341500 1405.9
1341510 1405.9
1341520 1410.6
1341530 1414.2
1341540 1420.7
1341550 1420.7
1341560 1427.8
1341570 1435.3
1341580 1435.3
1341590 1441.7
1341600 1446.9
1341610 1446.9
1341620 1451.3
1341630 1453.9
1341640 1453.9
1341650 1456.9
1341660 1460.7
1341670 1460.7
1341680 1464.0
1341690 1467.6
1341700 1467.6
1341710 1471.3
1341720 1474.7
1341730 1474.7
1341740 1477.7
1341750 1481.1
1341760 1481.1
1341770 1482.5
1341780 1484.4
1341790 1484.4
1341800 1487.1
1341810 1485.8
1341820 1485.8
1341830 1485.8
1341840 1489.3
1341850 1493.4
1341860 1493.8
1341870 1495.3
1341880 1495.3
1341890 1496.4
1341900 1497.6
1341910 1498.8
1341920 1498.8
1341930 1501.6
1341940 1503.1
1341950 1503.1
1341960 1502.3
1341970 1502.9
1341980 1502.9
1341990 1504.2
1342000 1505.6
1342010 1505.6
1342020 1508.1
1342030 1510.7
1342040 1510.7
1342050 1512.4
1342060 1513.9
1342070 1513.9
1342080 1514.5
1342090 1515.0
1342100 1515.0
1342110 1515.4
1342120 1516.1
1342130 1516.1
1342140 1518.5
1342150 1521.7
1342160 1521.7
1342170 1523.1
1342180 1523.2
1342190 1523.2
1342200 1522.9
1342210 1521.1
1342220 1521.1
1342230 1521.1
1342240 1521.3
1342250 1521.3
1342260 1520.6
1342270 1518.6
1342280 1517.9
1342290 1517.9
1342300 1520.0
1342310 1523.1
1342320 1523.1
1342330 1526.0
1342340 1527.6
1342350 1527.6
1342360 1528.3
1342370 1528.9
1342380 1528.9
1342390 1529.1
1342400 1530.1
1342410 1530.1
1342420 1531.5
1342430 1532.0
1342440 1532.0
1342450 1532.0
1342460 1532.8
1342470 1532.8
1342480 1536.6
1342490 1541.3
1342500 1541.3
1342510 1544.8
1342520 1548.5
1342530 1548.5
1342540 1552.5
1342550 1556.0
1342560 1556.0
1342570 1559.3
1342580 1562.4
1342590 1562.4
1342600 1564.3
1342610 1563.0
1342620 1563.0
1342630 1563.2
1342640 1565.8
1342650 1567.4
1342660 1567.4
1342670 1570.2
1342680 1573.1
1342690 1573.1
1342700 1576.2
1342710 1574.9
1342720 1574.9
1342730 1573.0
1342740 1571.2
1342750 1577.7
1342760 1573.2
1342770 1570.8
1342780 1570.8
1342790 1567.3
1342800 1563.5
1342810 1563.5
1342820 1560.1
1342830 1557.5
1342840 1557.5
1342850 1554.4
1342860 1549.6
1342870 1549.6
1342880 1544.1
1342890 1538.7
1342900 1538.7
1342910 1533.7
1342920 1528.8
1342930 1528.8
1342940 1523.6
1342950 1518.3
1342960 1518.3
1342970 1512.7
1342980 1507.5
1342990 1503.0
1343000 1503.0
1343010 1497.9
1343020 1493.4
1343030 1493.4
1343040 1487.2
1343050 1481.2
1343060 1481.2
1343070 1472.3
1343080 1461.3
1343090 1461.3
1343100 1449.7
1343110 1438.2
1343120 1438.2
1343130 1426.0
1343140 1411.4
1343150 1411.4
1343160 1399.1
1343170 1386.3
1343180 1386.3
1343190 1371.4
1343200 1356.9
1343210 1356.9
1343220 1345.2
1343230 1331.4
1343240 1331.4
1343250 1317.8
1343260 1309.9
1343270 1309.9
1343280 1303.4
1343290 1297.4
1343300 1297.4
1343310 1291.5
1343320 1285.8
1343330 1285.8
1343340 1281.1
1343350 1276.1
1343360 1269.0
1343370 1269.0
1343380 1261.8
1343390 1257.7
1343400 1257.7
1343410 1255.7
1343420 1251.8
1343430 1251.8
1343440 1251.2
1343450 1251.5
1343460 1251.5
1343470 1253.3
1343480 1254.3
1343490 1254.3
1343500 1253.9
1343510 1253.3
1343520 1253.3
1343530 1252.1
1343540 1250.9
1343550 1250.9
1343560 1248.9
1343570 1245.2
1343580 1245.2
1343590 1240.6
1343600 1241.3
1343610 1241.3
1343620 1244.7
1343630 1248.3
1343640 1248.3
1343650 1249.6
1343660 1246.9
1343670 1246.9
1343680 1242.8
1343690 1239.8
1343700 1239.8
1343710 1238.4
1343720 1238.0
1343730 1238.1
1343740 1238.1
1343750 1238.1
1343760 1238.3
1343770 1238.3
1343780 1240.2
1343790 1242.5
1343800 1242.5
1343810 1245.4
1343820 1248.4
1343830 1248.4
1343840 1250.0
1343850 1250.9
1343860 1250.9
1343870 1252.8
1343880 1255.3
1343890 1255.3
1343900 1256.4
1343910 1255.8
1343920 1255.8
1343930 1254.2
1343940 1251.2
1343950 1251.2
1343960 1248.5
1343970 1246.8
1343980 1246.8
1343990 1245.9
1344000 1245.6
1344010 1245.6
1344020 1245.9
1344030 1247.1
1344040 1247.1
1344050 1246.9
1344060 1243.9
1344070 1243.9
1344080 1240.9
1344090 1239.2
1344100 1236.4
1344110 1236.4
1344120 1233.6
1344130 1233.0
1344140 1233.0
1344150 1234.1
1344160 1234.4
1344170 1234.4
1344180 1232.6
1344190 1231.2
1344200 1231.2
1344210 1228.9
1344220 1231.1
1344230 1231.1
1344240 1232.7
1344250 1231.6
1344260 1231.6
1344270 1228.9
1344280 1228.7
1344290 1228.7
1344300 1229.2
1344310 1228.4
1344320 1228.4
1344330 1225.0
1344340 1221.2
1344350 1221.2
1344360 1218.4
1344370 1216.2
1344380 1216.2
1344390 1213.9
1344400 1210.3
1344410 1210.3
1344420 1206.6
1344430 1202.4
1344440 1202.4
1344450 1197.3
1344460 1191.5
1344470 1186.0
1344480 1186.0
1344490 1181.2
1344500 1176.8
1344510 1176.8
1344520 1173.0
1344530 1169.6
1344540 1169.6
1344550 1166.1
1344560 1162.6
1344570 1156.3
1344580 1153.3
1344590 1151.8
1344600 1151.8
1344610 1149.6
1344620 1146.9
1344630 1146.9
1344640 1142.3
1344650 1137.1
1344660 1137.1
1344670 1131.6
1344680 1127.0
1344690 1127.0
1344700 1122.2
1344710 1116.4
1344720 1116.4
1344730 1109.5
1344740 1100.1
1344750 1100.1
1344760 1092.3
1344770 1085.1
1344780 1085.1
1344790 1078.4
1344800 1075.9
1344810 1073.2
1344820 1073.2
1344830 1071.4
1344840 1067.8
1344850 1067.8
1344860 1060.9
1344870 1057.9
1344880 1057.9
1344890 1055.3
1344900 1054.8
1344910 1054.8
1344920 1053.4
1344930 1051.6
1344940 1051.6
1344950 1049.2
1344960 1047.3
1344970 1047.3
1344980 1044.4
1344990 1040.2
1345000 1040.2
1345010 1036.1
1345020 1032.8
1345030 1032.8
1345040 1029.4
1345050 1026.6
1345060 1026.6
1345070 1024.4
1345080 1019.0
1345090 1019.0
1345100 1014.1
1345110 1009.3
1345120 1009.3
1345130 1003.8
1345140 998.8
1345150 998.8
1345160 992.1
1345170 987.0
1345180 985.5
1345190 985.5
1345200 983.0
1345210 980.1
1345220 980.1
1345230 977.2
1345240 974.5
1345250 974.5
1345260 971.6
1345270 967.6
1345280 967.6
1345290 964.0
1345300 960.0
1345310 960.0
1345320 956.3
1345330 952.3
1345340 952.3
1345350 947.4
1345360 943.2
1345370 943.2
1345380 939.7
1345390 935.5
1345400 935.5
1345410 930.8
1345420 926.7
1345430 926.7
1345440 922.4
1345450 917.6
1345460 917.6
1345470 912.6
1345480 908.3
1345490 904.0
1345500 901.9
1345510 900.0
1345520 900.0
1345530 896.6
1345540 893.0
1345550 889.0
1345560 889.0
1345570 884.4
1345580 879.7
1345590 879.7
1345600 875.1
1345610 870.9
1345620 870.9
1345630 866.0
1345640 861.2
1345650 861.2
1345660 857.0
1345670 854.1
1345680 854.1
1345690 856.8
1345700 864.5
1345710 864.5
1345720 868.2
1345730 867.2
1345740 867.2
1345750 865.5
1345760 863.4
1345770 863.4
1345780 861.2
1345790 859.3
1345800 859.3
1345810 857.6
1345820 855.1
1345830 855.1
1345840 852.3
1345850 849.4
1345860 849.4
1345870 846.2
1345880 842.9
1345890 842.9
1345900 839.6
1345910 836.1
1345920 831.9
1345930 831.9
1345940 827.9
1345950 824.3
1345960 824.3
1345970 820.0
1345980 815.9
1345990 815.9
1346000 813.5
1346010 808.9
1346020 808.9
1346030 802.9
1346040 797.2
1346050 797.2
1346060 791.9
1346070 787.1
1346080 787.1
1346090 782.1
1346100 776.4
1346110 776.4
1346120 771.9
1346130 768.1
1346140 768.1
1346150 759.2
1346160 750.5
1346170 750.5
1346180 750.7
1346190 749.9
1346200 749.9
1346210 744.4
1346220 739.4
1346230 739.4
1346240 735.7
1346250 732.8
1346260 731.2
1346270 731.2
1346280 729.2
1346290 725.5
1346300 725.5
1346310 719.8
1346320 714.2
1346330 714.2
1346340 708.0
1346350 701.7
1346360 701.7
1346370 695.1
1346380 686.4
1346390 686.4
1346400 680.8
1346410 670.3
1346420 670.3
1346430 665.6
1346440 661.7
1346450 661.7
1346460 651.8
1346470 640.4
1346480 640.4
1346490 631.5
1346500 623.5
1346510 623.5
1346520 615.2
1346530 605.5
1346540 605.5
1346550 596.6
1346560 587.6
1346570 587.6
1346580 579.6
1346590 575.3
1346600 575.3
1346610 577.6
1346620 583.0
1346630 588.8
1346640 588.8
1346650 590.9
1346660 590.2
1346670 590.2
1346680 588.4
1346690 585.8
1346700 585.8
1346710 582.1
1346720 577.9
1346730 577.9
1346740 574.0
1346750 571.8
1346760 571.8
1346770 569.5
1346780 568.0
1346790 568.0
1346800 566.8
1346810 564.8
1346820 564.8
1346830 563.5
1346840 562.1
1346850 562.1
1346860 561.0
1346870 559.9
1346880 559.9
1346890 558.9
1346900 559.0
1346910 559.0
1346920 558.3
1346930 554.8
1346940 554.8
1346950 550.0
1346960 545.5
1346970 545.5
1346980 541.0
1346990 538.6
1347000 536.7
1347010 536.7
1347020 535.0
1347030 534.0
1347040 534.0
1347050 533.2
1347060 534.1
1347070 534.1
1347080 534.0
1347090 533.9
1347100 533.9
1347110 533.5
1347120 533.5
1347130 533.5
1347140 532.4
1347150 531.1
1347160 531.1
1347170 529.8
1347180 528.3
1347190 528.3
1347200 526.1
1347210 523.9
1347220 523.9
1347230 523.4
1347240 522.8
1347250 522.8
1347260 521.0
1347270 518.1
1347280 518.1
1347290 516.9
1347300 516.0
1347310 516.0
1347320 515.0
1347330 514.2
1347340 512.4
1347350 511.3
1347360 510.0
1347370 508.6
1347380 508.6
1347390 507.3
1347400 506.7
1347410 506.7
1347420 506.1
1347430 505.1
1347440 505.1
1347450 503.6
1347460 502.2
1347470 502.2
1347480 501.2
1347490 500.9
1347500 500.9
1347510 500.6
1347520 500.1
1347530 500.1
1347540 498.9
1347550 497.8
1347560 497.8
1347570 498.0
1347580 497.8
1347590 497.8
1347600 496.7
1347610 496.0
1347620 496.0
1347630 497.6
1347640 499.4
1347650 499.4
1347660 499.9
1347670 500.1
1347680 500.1
1347690 500.4
1347700 500.8
1347710 501.3
1347720 501.3
1347730 501.9
1347740 502.3
1347750 502.3
1347760 502.3
1347770 502.1
1347780 502.1
1347790 501.9
1347800 501.5
1347810 501.5
1347820 501.2
1347830 501.0
1347840 501.0
1347850 500.8
1347860 500.5
1347870 500.5
1347880 500.2
1347890 500.0
1347900 500.0
1347910 499.8
1347920 499.6
1347930 499.6
1347940 499.3
1347950 498.6
1347960 498.6
1347970 498.0
1347980 496.8
1347990 496.8
1348000 492.4
1348010 489.6
1348020 489.6
1348030 489.2
1348040 489.2
1348050 489.2
1348060 488.7
1348070 487.9
1348080 487.1
1348090 487.1
1348100 486.4
1348110 486.0
1348120 486.0
1348130 485.8
1348140 485.9
1348150 485.9
1348160 486.1
1348170 486.2
1348180 486.2
1348190 486.2
1348200 486.3
1348210 486.3
1348220 486.3
1348230 486.2
1348240 486.2
1348250 486.1
1348260 486.0
1348270 486.0
1348280 485.6
1348290 485.4
1348300 485.4
1348310 485.4
1348320 485.3
1348330 485.3
1348340 485.3
1348350 485.4
1348360 485.4
1348370 485.4
1348380 485.4
1348390 485.4
1348400 485.3
1348410 485.1
1348420 485.1
1348430 484.9
1348440 484.9
1348450 485.0
1348460 485.0
1348470 485.0
1348480 485.2
1348490 485.2
1348500 485.1
1348510 485.1
1348520 485.1
1348530 485.5
1348540 485.6
1348550 485.6
1348560 485.6
1348570 485.6
1348580 485.6
1348590 485.6
1348600 485.5
1348610 485.5
1348620 485.5
1348630 485.5
1348640 485.5
1348650 485.5
1348660 485.6
1348670 485.6
1348680 485.5
1348690 485.5
1348700 485.5
1348710 485.6
1348720 485.6
1348730 485.6
1348740 485.5
1348750 485.3
1348760 485.3
1348770 485.2
1348780 485.1
1348790 485.1
1348800 485.9
1348810 486.6
1348820 485.9
1348830 485.9
1348840 485.4
1348850 485.3
1348860 485.3
1348870 485.4
1348880 485.4
1348890 485.4
1348900 485.4
1348910 485.4
1348920 485.4
1348930 485.6
1348940 485.7
1348950 485.7
1348960 485.6
1348970 485.6
1348980 485.6
1348990 485.7
1349000 485.5
1349010 485.5
1349020 485.5
1349030 485.5
1349040 485.5
1349050 485.4
1349060 485.5
1349070 485.5
1349080 485.5
1349090 485.5
1349100 485.5
1349110 485.6
1349120 485.6
1349130 485.6
1349140 485.7
1349150 485.7
1349160 485.7
1349170 485.7
1349180 485.8
1349190 485.8
1349200 485.8
1349210 485.8
1349220 485.9
1349230 485.9
1349240 485.9
1349250 485.9
1349260 485.9
1349270 485.9
1349280 485.9
1349290 485.9
1349300 485.7
1349310 485.7
1349320 485.7
1349330 485.7
1349340 485.6
1349350 485.6
1349360 485.5
1349370 485.4
1349380 485.4
1349390 485.7
1349400 487.8
1349410 487.8
1349420 490.2
1349430 490.3
1349440 490.3
1349450 490.4
1349460 489.8
1349470 489.8
1349480 488.0
1349490 488.0
1349500 488.0
1349510 487.3
1349520 486.9
1349530 486.8
1349540 486.8
1349550 486.8
1349560 486.8
1349570 486.8
1349580 486.8
1349590 486.9
1349600 486.9
1349610 487.0
1349620 487.0
1349630 487.0
1349640 487.0
1349650 487.0
1349660 487.0
1349670 486.9
1349680 487.0
1349690 487.0
1349700 487.4
1349710 487.9
1349720 487.9
1349730 487.0
1349740 488.4
1349750 488.4
1349760 488.2
1349770 488.1
1349780 488.1
1349790 491.3
1349800 495.0
1349810 495.0
1349820 501.1
1349830 506.3
1349840 506.3
1349850 509.7
1349860 515.3
1349870 515.3
1349880 518.4
1349890 519.2
1349900 519.7
1349910 519.7
1349920 521.0
1349930 522.8
1349940 522.8
1349950 525.3
1349960 529.4
1349970 529.4
1349980 534.4
1349990 538.7
1350000 538.7
1350010 544.3
1350020 549.4
1350030 549.4
1350040 553.4
1350050 557.3
1350060 557.3
1350070 559.7
1350080 563.1
1350090 563.1
1350100 564.9
1350110 565.2
1350120 565.2
1350130 565.8
1350140 566.7
1350150 566.7
1350160 568.0
1350170 570.4
1350180 570.4
1350190 572.0
1350200 573.8
1350210 573.8
1350220 576.7
1350230 579.4
1350240 579.4
1350250 581.3
1350260 582.5
1350270 583.7
1350280 583.7
1350290 585.9
1350300 588.0
1350310 588.0
1350320 590.4
1350330 592.8
1350340 592.8
1350350 594.6
1350360 595.9
1350370 595.9
1350380 596.9
1350390 597.9
1350400 597.9
1350410 599.3
1350420 600.7
1350430 600.7
1350440 601.8
1350450 602.9
1350460 602.9
1350470 604.0
1350480 603.9
1350490 603.9
1350500 603.0
1350510 602.6
1350520 602.6
1350530 603.3
1350540 604.8
1350550 604.8
1350560 606.5
1350570 608.3
1350580 608.3
1350590 610.9
1350600 614.5
1350610 614.5
1350620 615.9
1350630 617.5
1350640 619.3
1350650 619.3
1350660 621.1
1350670 623.0
1350680 623.0
1350690 624.4
1350700 626.0
1350710 626.0
1350720 627.2
1350730 626.9
1350740 626.9
1350750 624.6
1350760 622.4
1350770 622.4
1350780 622.4
1350790 624.1
1350800 624.1
1350810 626.3
1350820 628.4
1350830 628.4
1350840 629.8
1350850 631.0
1350860 631.0
1350870 632.1
1350880 633.5
1350890 633.5
1350900 634.8
1350910 636.3
1350920 636.3
1350930 637.6
1350940 638.8
1350950 638.8
1350960 639.7
1350970 640.3
1350980 641.2
1350990 641.2
1351000 642.2
1351010 642.7
1351020 642.7
1351030 643.2
1351040 643.8
1351050 643.8
1351060 644.0
1351070 643.9
1351080 643.9
1351090 643.4
1351100 642.5
1351110 642.5
1351120 641.9
1351130 640.9
1351140 640.9
1351150 639.7
1351160 638.6
1351170 638.6
1351180 637.9
1351190 637.9
1351200 637.9
1351210 638.9
1351220 638.5
1351230 638.5
1351240 636.8
1351250 633.7
1351260 633.7
1351270 629.6
1351280 626.9
1351290 626.9
1351300 626.1
1351310 625.1
1351320 625.1
1351330 624.1
1351340 623.3
1351350 622.6
1351360 622.6
1351370 622.3
1351380 622.7
1351390 622.7
1351400 623.0
1351410 623.4
1351420 623.4
1351430 623.8
1351440 624.0
1351450 624.0
1351460 624.2
1351470 624.2
1351480 624.2
1351490 623.9
1351500 623.4
1351510 623.4
1351520 622.9
1351530 622.5
1351540 622.5
1351550 621.8
1351560 620.7
1351570 620.7
1351580 619.6
1351590 618.6
1351600 618.6
1351610 617.9
1351620 617.0
1351630 617.0
1351640 615.9
1351650 614.5
1351660 614.5
1351670 613.1
1351680 611.7
1351690 611.7
1351700 610.2
1351710 608.6
1351720 606.9
1351730 606.9
1351740 604.9
1351750 603.3
1351760 603.3
1351770 601.9
1351780 600.5
1351790 600.5
1351800 599.1
1351810 597.6
1351820 597.6
1351830 596.3
1351840 595.0
1351850 595.0
1351860 593.7
1351870 592.0
1351880 592.0
1351890 590.4
1351900 589.2
1351910 589.2
1351920 588.0
1351930 587.1
1351940 587.1
1351950 586.7
1351960 586.4
1351970 586.4
1351980 586.0
1351990 585.6
1352000 585.6
1352010 584.8
1352020 583.9
1352030 583.9
1352040 582.8
1352050 581.4
1352060 581.4
1352070 579.6
1352080 574.1
1352090 569.9
1352100 569.9
1352110 566.1
1352120 562.5
1352130 562.5
1352140 558.3
1352150 554.4
1352160 554.4
1352170 550.6
1352180 547.5
1352190 547.5
1352200 546.1
1352210 545.6
1352220 545.6
1352230 545.5
1352240 546.1
1352250 546.1
1352260 546.6
1352270 547.5
1352280 547.5
1352290 548.7
1352300 549.1
1352310 549.1
1352320 545.9
1352330 541.5
1352340 541.5
1352350 539.1
1352360 539.2
1352370 539.2
1352380 539.8
1352390 541.1
1352400 541.1
1352410 545.0
1352420 548.1
1352430 548.1
1352440 548.1
1352450 549.4
1352460 553.4
1352470 553.4
1352480 558.1
1352490 559.3
1352500 559.3
1352510 558.8
1352520 558.8
1352530 558.8
1352540 559.6
1352550 560.4
1352560 560.4
1352570 561.4
1352580 562.2
1352590 562.2
1352600 562.3
1352610 562.7
1352620 562.7
1352630 563.3
1352640 564.4
1352650 564.4
1352660 565.8
1352670 567.1
1352680 567.1
1352690 567.4
1352700 567.2
1352710 567.2
1352720 567.2
1352730 568.0
1352740 568.0
1352750 570.5
1352760 573.2
1352770 573.2
1352780 575.6
1352790 577.7
1352800 579.4
1352810 579.4
1352820 580.3
1352830 581.2
1352840 581.2
1352850 581.8
1352860 582.0
1352870 582.0
1352880 581.8
1352890 580.5
1352900 580.5
1352910 579.1
1352920 578.4
1352930 578.4
1352940 577.6
1352950 576.4
1352960 576.4
1352970 575.0
1352980 573.4
1352990 573.4
1353000 571.3
1353010 569.0
1353020 569.0
1353030 566.8
1353040 564.3
1353050 563.9
1353060 560.9
1353070 558.6
1353080 558.6
1353090 557.5
1353100 557.5
1353110 557.5
1353120 557.3
1353130 557.1
1353140 557.1
1353150 558.0
1353160 560.1
1353170 563.3
1353180 563.3
1353190 566.2
1353200 568.3
1353210 568.3
1353220 570.0
1353230 570.1
1353240 570.1
1353250 569.5
1353260 568.9
1353270 568.9
1353280 568.1
1353290 567.2
1353300 567.2
1353310 566.2
1353320 564.6
1353330 564.6
1353340 562.4
1353350 560.4
1353360 560.4
1353370 557.9
1353380 557.0
1353390 557.0
1353400 556.5
1353410 555.8
1353420 555.8
1353430 553.7
1353440 551.7
1353450 551.7
1353460 549.8
1353470 548.6
1353480 548.6
1353490 547.4
1353500 546.9
1353510 546.9
1353520 546.5
1353530 546.1
1353540 545.7
1353550 545.7
1353560 544.9
1353570 543.9
1353580 543.9
1353590 543.0
1353600 543.0
1353610 543.0
1353620 543.1
1353630 540.0
1353640 540.0
1353650 538.6
1353660 542.4
1353670 542.4
1353680 548.2
1353690 551.4
1353700 551.4
1353710 553.3
1353720 553.7
1353730 553.7
1353740 553.6
1353750 553.9
1353760 553.9
1353770 554.2
1353780 554.7
1353790 554.7
1353800 554.7
1353810 553.7
1353820 553.7
1353830 550.7
1353840 543.8
1353850 543.8
1353860 534.8
1353870 531.2
1353880 531.2
1353890 531.3
1353900 531.4
1353910 531.5
1353920 531.5
1353930 531.6
1353940 531.7
1353950 531.7
1353960 531.8
1353970 531.7
1353980 531.7
1353990 531.6
1354000 531.4
1354010 531.4
1354020 531.8
1354030 531.6
1354040 531.6
1354050 531.7
1354060 531.5
1354070 531.5
1354080 530.1
1354090 528.6
1354100 528.6
1354110 528.0
1354120 527.9
1354130 527.9
1354140 528.2
1354150 529.0
1354160 529.0
1354170 530.0
1354180 531.0
1354190 531.0
1354200 532.5
1354210 533.2
1354220 533.2
1354230 533.6
1354240 534.0
1354250 534.5
1354260 534.5
1354270 534.9
1354280 535.1
1354290 535.1
1354300 535.3
1354310 535.4
1354320 535.4
1354330 535.5
1354340 536.0
1354350 536.0
1354360 536.1
1354370 536.3
1354380 536.3
1354390 537.3
1354400 538.0
1354410 538.0
1354420 538.4
1354430 538.0
1354440 538.0
1354450 538.2
1354460 538.9
1354470 538.9
1354480 540.2
1354490 541.0
1354500 541.0
1354510 540.7
1354520 540.9
1354530 540.9
1354540 541.5
1354550 541.9
1354560 541.9
1354570 542.5
1354580 543.1
1354590 543.1
1354600 543.6
1354610 543.9
1354620 544.2
1354630 544.2
1354640 544.4
1354650 544.7
1354660 544.7
1354670 545.0
1354680 545.5
1354690 545.5
1354700 545.8
1354710 546.1
1354720 546.1
1354730 547.8
1354740 551.3
1354750 551.3
1354760 554.6
1354770 558.0
1354780 558.0
1354790 562.3
1354800 566.4
1354810 566.4
1354820 567.1
1354830 565.6
1354840 565.6
1354850 564.3
1354860 563.2
1354870 563.2
1354880 562.8
1354890 562.6
1354900 562.6
1354910 562.7
1354920 563.9
1354930 563.9
1354940 565.3
1354950 565.2
1354960 565.2
1354970 563.5
1354980 562.2
1354990 561.9
1355000 561.9
1355010 561.5
1355020 558.9
1355030 558.9
1355040 558.7
1355050 558.7
1355060 558.7
1355070 558.9
1355080 559.3
1355090 559.3
1355100 560.3
1355110 563.7
1355120 563.7
1355130 570.1
1355140 577.4
1355150 577.4
1355160 580.4
1355170 582.4
1355180 582.4
1355190 583.5
1355200 580.5
1355210 580.5
1355220 578.8
1355230 583.9
1355240 583.9
1355250 588.6
1355260 590.1
1355270 590.1
1355280 592.0
1355290 592.0
1355300 592.0
1355310 592.6
1355320 592.4
1355330 592.4
1355340 591.3
1355350 590.8
1355360 591.2
1355370 591.2
1355380 591.8
1355390 594.0
1355400 594.0
1355410 596.5
1355420 598.9
1355430 598.9
1355440 603.1
1355450 607.7
1355460 607.7
1355470 607.3
1355480 610.9
1355490 610.9
1355500 615.3
1355510 617.2
1355520 617.2
1355530 618.3
1355540 619.4
1355550 619.4
1355560 620.0
1355570 621.9
1355580 621.9
1355590 624.6
1355600 626.6
1355610 626.6
1355620 630.3
1355630 636.2
1355640 636.2
1355650 643.1
1355660 647.9
1355670 647.9
1355680 650.5
1355690 653.2
1355700 655.7
1355710 655.7
1355720 658.1
1355730 660.4
1355740 660.4
1355750 663.1
1355760 666.3
1355770 666.3
1355780 670.3
1355790 674.9
1355800 674.9
1355810 679.5
1355820 683.9
1355830 683.9
1355840 688.2
1355850 688.6
1355860 688.6
1355870 684.5
1355880 679.2
1355890 679.2
1355900 672.9
1355910 668.5
1355920 668.5
1355930 666.7
1355940 666.1
1355950 666.1
1355960 665.7
1355970 666.9
1355980 666.9
1355990 666.1
1356000 662.9
1356010 659.2
1356020 653.6
1356030 649.2
1356040 649.2
1356050 646.4
1356060 647.5
1356070 650.4
1356080 650.4
1356090 653.9
1356100 654.0
1356110 654.0
1356120 647.3
1356130 638.8
1356140 638.8
1356150 630.7
1356160 622.4
1356170 622.4
1356180 614.1
1356190 604.3
1356200 604.3
1356210 603.9
1356220 610.2
1356230 610.2
1356240 617.1
1356250 618.4
1356260 618.4
1356270 617.3
1356280 619.5
1356290 619.5
1356300 622.8
1356310 628.2
1356320 628.2
1356330 636.6
1356340 645.1
1356350 645.1
1356360 652.6
1356370 658.4
1356380 658.4
1356390 662.8
1356400 668.1
1356410 668.1
1356420 675.2
1356430 679.9
1356440 683.3
1356450 683.3
1356460 686.9
1356470 689.8
1356480 689.8
1356490 691.3
1356500 691.4
1356510 691.4
1356520 691.9
1356530 692.8
1356540 692.8
1356550 691.3
1356560 688.3
1356570 688.3
1356580 689.8
1356590 693.0
1356600 693.0
1356610 695.1
1356620 694.8
1356630 694.8
1356640 693.9
1356650 693.0
1356660 693.0
1356670 695.4
1356680 698.5
1356690 698.5
1356700 703.2
1356710 708.6
1356720 708.6
1356730 714.6
1356740 721.4
1356750 721.4
1356760 727.3
1356770 730.9
1356780 730.9
1356790 734.0
1356800 738.0
1356810 742.5
1356820 742.5
1356830 745.5
1356840 749.9
1356850 749.9
1356860 755.5
1356870 761.6
1356880 761.6
1356890 768.5
1356900 773.1
1356910 773.1
1356920 774.0
1356930 775.0
1356940 775.0
1356950 776.8
1356960 779.1
1356970 779.1
1356980 781.2
1356990 783.1
1357000 783.1
1357010 782.2
1357020 784.3
1357030 784.3
1357040 786.1
1357050 788.3
1357060 788.3
1357070 790.6
1357080 792.9
1357090 792.9
1357100 795.5
1357110 797.9
1357120 797.9
1357130 800.3
1357140 802.7
1357150 805.4
1357160 805.4
1357170 807.8
1357180 809.7
1357190 809.7
1357200 812.0
1357210 816.1
1357220 816.1
1357230 821.8
1357240 827.8
1357250 827.8
1357260 834.3
1357270 841.1
1357280 841.1
1357290 848.9
1357300 857.7
1357310 857.7
1357320 865.9
1357330 872.6
1357340 872.6
1357350 877.3
1357360 880.8
1357370 880.8
1357380 883.8
1357390 889.0
1357400 889.0
1357410 893.9
1357420 898.6
1357430 898.6
1357440 903.8
1357450 908.3
1357460 908.3
1357470 911.4
1357480 914.3
1357490 914.3
1357500 918.9
1357510 917.3
1357520 919.3
1357530 919.3
1357540 928.2
1357550 936.6
1357560 936.6
1357570 944.3
1357580 949.7
1357590 949.7
1357600 954.1
1357610 959.6
1357620 959.6
1357630 965.2
1357640 969.7
1357650 969.7
1357660 974.9
1357670 979.1
1357680 979.1
1357690 982.0
1357700 986.0
1357710 986.0
1357720 990.5
1357730 994.8
1357740 994.8
1357750 999.9
1357760 1004.1
1357770 1004.1
1357780 1009.6
1357790 1013.8
1357800 1013.8
1357810 1017.5
1357820 1021.5
1357830 1021.5
1357840 1026.3
1357850 1031.0
1357860 1031.0
1357870 1033.9
1357880 1037.3
1357890 1042.1
1357900 1042.1
1357910 1047.7
1357920 1053.2
1357930 1053.2
1357940 1059.7
1357950 1064.9
1357960 1064.9
1357970 1067.7
1357980 1070.2
1357990 1070.2
1358000 1072.9
1358010 1071.2
1358020 1071.2
1358030 1070.4
1358040 1068.6
1358050 1068.6
1358060 1068.1
1358070 1066.1
1358080 1066.1
1358090 1067.0
1358100 1067.0
1358110 1067.0
1358120 1061.8
1358130 1055.6
1358140 1055.6
1358150 1051.0
1358160 1049.4
1358170 1049.4
1358180 1048.8
1358190 1042.5
1358200 1042.5
1358210 1034.7
1358220 1038.8
1358230 1044.5
1358240 1044.5
1358250 1048.7
1358260 1053.1
1358270 1053.1
1358280 1058.3
1358290 1064.5
1358300 1064.5
1358310 1071.9
1358320 1076.6
1358330 1076.6
1358340 1080.2
1358350 1082.9
1358360 1082.9
1358370 1084.4
1358380 1084.8
1358390 1084.8
1358400 1083.3
1358410 1082.7
1358420 1082.7
1358430 1083.7
1358440 1085.3
1358450 1085.3
1358460 1088.9
1358470 1093.7
1358480 1093.7
1358490 1099.0
1358500 1103.6
1358510 1103.6
1358520 1108.3
1358530 1112.1
1358540 1112.1
1358550 1113.6
1358560 1114.6
1358570 1114.6
1358580 1114.5
1358590 1111.6
1358600 1108.7
1358610 1108.7
1358620 1106.8
1358630 1105.3
1358640 1105.3
1358650 1103.9
1358660 1102.8
1358670 1102.8
1358680 1102.3
1358690 1100.3
1358700 1100.3
1358710 1098.5
1358720 1096.9
1358730 1096.9
1358740 1094.9
1358750 1093.8
1358760 1093.8
1358770 1092.1
1358780 1089.5
1358790 1089.5
1358800 1086.4
1358810 1082.7
1358820 1082.7
1358830 1081.8
1358840 1083.9
1358850 1083.9
1358860 1086.1
1358870 1088.2
1358880 1088.2
1358890 1090.6
1358900 1095.4
1358910 1095.4
1358920 1102.1
1358930 1108.8
1358940 1108.8
1358950 1115.2
1358960 1121.1
1358970 1125.8
1358980 1125.8
1358990 1130.8
1359000 1135.4
1359010 1135.4
1359020 1140.8
1359030 1146.6
1359040 1146.6
1359050 1150.0
1359060 1154.1
1359070 1154.1
1359080 1159.5
1359090 1165.7
1359100 1165.7
1359110 1170.1
1359120 1172.7
1359130 1172.7
1359140 1175.3
1359150 1178.7
1359160 1178.7
1359170 1181.6
1359180 1184.1
1359190 1184.1
1359200 1187.0
1359210 1188.7
1359220 1188.7
1359230 1189.9
1359240 1190.7
1359250 1190.7
1359260 1188.2
1359270 1183.8
1359280 1183.8
1359290 1182.0
1359300 1184.7
1359310 1184.7
1359320 1191.5
1359330 1199.6
1359340 1207.4
1359350 1207.4
1359360 1214.1
1359370 1218.9
1359380 1218.9
1359390 1222.5
1359400 1226.8
1359410 1226.8
1359420 1232.3
1359430 1237.0
1359440 1237.0
1359450 1240.5
1359460 1244.9
1359470 1244.9
1359480 1250.1
1359490 1253.7
1359500 1253.7
1359510 1257.0
1359520 1259.3
1359530 1259.3
1359540 1261.3
1359550 1262.9
1359560 1262.9
1359570 1264.6
1359580 1266.2
1359590 1266.2
1359600 1267.1
1359610 1267.4
1359620 1267.4
1359630 1267.7
1359640 1268.3
1359650 1268.3
1359660 1268.6
1359670 1268.5
1359680 1268.8
1359690 1268.8
1359700 1269.9
1359710 1270.9
1359720 1270.9
1359730 1272.2
1359740 1273.0
1359750 1273.0
1359760 1272.6
1359770 1272.1
1359780 1272.1
1359790 1272.4
1359800 1275.4
1359810 1275.4
1359820 1278.2
1359830 1280.8
1359840 1280.8
1359850 1284.1
1359860 1287.1
1359870 1287.1
1359880 1286.7
1359890 1284.2
1359900 1284.2
1359910 1281.4
1359920 1280.1
1359930 1280.1
1359940 1279.4
1359950 1279.9
1359960 1279.9
1359970 1280.7
1359980 1281.7
1359990 1281.7
