1340000 844.8
1340010 856.8
1340020 866.1
1340030 873.9
1340040 873.9
1340050 883.6
1340060 892.7
1340070 892.7
1340080 893.7
1340090 894.2
1340100 894.2
1340110 896.5
1340120 899.8
1340130 899.8
1340140 903.5
1340150 908.4
1340160 908.4
1340170 912.8
1340180 917.5
1340190 917.5
1340200 921.7
1340210 925.8
1340220 925.8
1340230 930.0
1340240 934.1
1340250 934.1
1340260 937.5
1340270 940.2
1340280 940.2
1340290 942.6
1340300 944.4
1340310 944.4
1340320 946.2
1340330 948.9
1340340 948.9
1340350 951.4
1340360 954.0
1340370 954.0
1340380 956.8
1340390 959.3
1340400 961.6
1340410 961.6
1340420 963.7
1340430 965.2
1340440 965.2
1340450 966.5
1340460 967.5
1340470 967.5
1340480 968.4
1340490 969.4
1340500 969.4
1340510 970.5
1340520 971.5
1340530 971.5
1340540 972.5
1340550 973.5
1340560 973.5
1340570 974.6
1340580 975.5
1340590 975.5
1340600 976.4
1340610 977.4
1340620 977.4
1340630 978.4
1340640 979.3
1340650 979.3
1340660 980.2
1340670 981.3
1340680 981.3
1340690 982.1
1340700 982.9
1340710 982.9
1340720 983.7
1340730 984.5
1340740 984.5
1340750 985.5
1340760 986.6
1340770 987.8
1340780 987.8
1340790 989.2
1340800 990.6
1340810 990.6
1340820 992.5
1340830 994.7
1340840 994.7
1340850 996.9
1340860 999.6
1340870 999.6
1340880 1002.2
1340890 1004.4
1340900 1004.4
1340910 1006.3
1340920 1008.1
1340930 1008.1
1340940 1009.5
1340950 1010.8
1340960 1010.8
1340970 1012.2
1340980 1013.9
1340990 1013.9
1341000 1016.2
1341010 1018.7
1341020 1018.7
1341030 1021.3
1341040 1023.6
1341050 1023.6
1341060 1025.5
1341070 1027.9
1341080 1027.9
1341090 1030.3
1341100 1033.1
1341110 1033.1
1341120 1035.7
1341130 1037.9
1341140 1040.1
1341150 1040.1
1341160 1042.4
1341170 1045.0
1341180 1045.0
1341190 1047.4
1341200 1049.4
1341210 1049.4
1341220 1052.1
1341230 1054.1
1341240 1054.1
1341250 1056.4
1341260 1058.9
1341270 1058.9
1341280 1061.6
1341290 1064.3
1341300 1064.3
1341310 1066.2
1341320 1066.9
1341330 1066.9
1341340 1066.5
1341350 1066.5
1341360 1066.5
1341370 1066.6
1341380 1067.0
1341390 1067.0
1341400 1067.0
1341410 1066.2
1341420 1066.2
1341430 1068.0
1341440 1071.1
1341450 1071.1
1341460 1073.2
1341470 1074.6
1341480 1074.6
1341490 1075.1
1341500 1075.6
1341510 1076.7
1341520 1076.7
1341530 1077.7
1341540 1078.3
1341550 1078.3
1341560 1078.1
1341570 1076.6
1341580 1076.6
1341590 1076.9
1341600 1077.1
1341610 1077.1
1341620 1077.7
1341630 1078.8
1341640 1078.8
1341650 1079.4
1341660 1079.5
1341670 1079.5
1341680 1080.0
1341690 1080.9
1341700 1080.9
1341710 1081.2
1341720 1080.5
1341730 1080.5
1341740 1079.0
1341750 1080.8
1341760 1080.8
1341770 1083.0
1341780 1084.9
1341790 1084.9
1341800 1089.0
1341810 1094.1
1341820 1094.1
1341830 1100.0
1341840 1105.6
1341850 1105.6
1341860 1110.0
1341870 1112.0
1341880 1112.7
1341890 1112.7
1341900 1113.3
1341910 1115.5
1341920 1115.5
1341930 1117.8
1341940 1118.6
1341950 1118.6
1341960 1119.8
1341970 1121.4
1341980 1121.4
1341990 1122.9
1342000 1124.1
1342010 1124.1
1342020 1125.3
1342030 1126.5
1342040 1126.5
1342050 1127.9
1342060 1129.0
1342070 1129.0
1342080 1129.8
1342090 1130.7
1342100 1130.7
1342110 1131.8
1342120 1137.1
1342130 1137.1
1342140 1140.0
1342150 1142.8
1342160 1142.8
1342170 1145.6
1342180 1148.9
1342190 1148.9
1342200 1151.2
1342210 1155.2
1342220 1155.2
1342230 1159.5
1342240 1163.2
1342250 1166.3
1342260 1166.3
1342270 1169.1
1342280 1173.1
1342290 1173.1
1342300 1177.5
1342310 1182.1
1342320 1182.1
1342330 1185.8
1342340 1189.0
1342350 1189.0
1342360 1192.2
1342370 1195.0
1342380 1195.0
1342390 1197.7
1342400 1200.1
1342410 1200.1
1342420 1203.9
1342430 1208.5
1342440 1208.5
1342450 1212.9
1342460 1219.7
1342470 1219.7
1342480 1227.1
1342490 1232.0
1342500 1232.0
1342510 1233.5
1342520 1233.3
1342530 1233.3
1342540 1233.0
1342550 1231.1
1342560 1231.1
1342570 1230.7
1342580 1231.4
1342590 1231.4
1342600 1232.7
1342610 1234.7
1342620 1237.3
1342630 1237.3
1342640 1241.6
1342650 1246.6
1342660 1246.6
1342670 1254.0
1342680 1260.7
1342690 1260.7
1342700 1265.4
1342710 1270.1
1342720 1270.1
1342730 1271.3
1342740 1271.0
1342750 1271.0
1342760 1271.8
1342770 1271.6
1342780 1271.6
1342790 1270.3
1342800 1269.9
1342810 1269.9
1342820 1268.8
1342830 1267.5
1342840 1267.5
1342850 1266.4
1342860 1265.1
1342870 1265.1
1342880 1263.3
1342890 1260.4
1342900 1260.4
1342910 1258.4
1342920 1255.1
1342930 1255.1
1342940 1251.1
1342950 1247.2
1342960 1247.2
1342970 1242.3
1342980 1237.6
1342990 1233.8
1343000 1233.8
1343010 1230.9
1343020 1238.1
1343030 1238.1
1343040 1235.7
1343050 1233.0
1343060 1233.0
1343070 1229.7
1343080 1226.1
1343090 1226.1
1343100 1222.9
1343110 1218.6
1343120 1218.6
1343130 1212.7
1343140 1205.5
1343150 1205.5
1343160 1198.0
1343170 1191.7
1343180 1191.7
1343190 1186.2
1343200 1181.7
1343210 1181.7
1343220 1177.0
1343230 1171.9
1343240 1171.9
1343250 1166.9
1343260 1163.0
1343270 1163.0
1343280 1159.4
1343290 1157.4
1343300 1157.4
1343310 1157.3
1343320 1159.2
1343330 1159.2
1343340 1162.0
1343350 1165.4
1343360 1169.6
1343370 1169.6
1343380 1172.7
1343390 1172.2
1343400 1172.2
1343410 1169.5
1343420 1165.8
1343430 1165.8
1343440 1161.6
1343450 1161.3
1343460 1161.3
1343470 1164.3
1343480 1169.1
1343490 1169.1
1343500 1174.8
1343510 1182.6
1343520 1182.6
1343530 1188.9
1343540 1193.9
1343550 1193.9
1343560 1197.1
1343570 1200.1
1343580 1200.1
1343590 1201.9
1343600 1198.4
1343610 1198.4
1343620 1193.3
1343630 1186.8
1343640 1186.8
1343650 1179.3
1343660 1174.9
1343670 1174.9
1343680 1171.4
1343690 1168.1
1343700 1168.1
1343710 1165.1
1343720 1162.2
1343730 1158.9
1343740 1158.9
1343750 1154.9
1343760 1150.7
1343770 1150.7
1343780 1146.5
1343790 1144.0
1343800 1144.0
1343810 1143.8
1343820 1146.1
1343830 1146.1
1343840 1149.9
1343850 1153.7
1343860 1153.7
1343870 1156.9
1343880 1160.9
1343890 1160.9
1343900 1165.4
1343910 1170.4
1343920 1171.2
1343930 1174.4
1343940 1176.5
1343950 1176.5
1343960 1177.2
1343970 1179.4
1343980 1179.4
1343990 1181.6
1344000 1183.6
1344010 1183.6
1344020 1184.1
1344030 1184.0
1344040 1184.0
1344050 1184.5
1344060 1185.2
1344070 1185.2
1344080 1185.7
1344090 1183.1
1344100 1179.9
1344110 1179.9
1344120 1179.5
1344130 1180.0
1344140 1180.0
1344150 1180.6
1344160 1180.7
1344170 1180.7
1344180 1181.6
1344190 1184.6
1344200 1184.6
1344210 1188.0
1344220 1191.5
1344230 1191.5
1344240 1193.6
1344250 1195.2
1344260 1195.2
1344270 1197.2
1344280 1198.4
1344290 1198.4
1344300 1202.1
1344310 1206.5
1344320 1206.5
1344330 1210.2
1344340 1213.1
1344350 1213.1
1344360 1215.7
1344370 1217.2
1344380 1217.2
1344390 1215.4
1344400 1213.5
1344410 1213.5
1344420 1212.3
1344430 1211.7
1344440 1211.7
1344450 1210.7
1344460 1209.6
1344470 1208.9
1344480 1208.9
1344490 1208.5
1344500 1208.6
1344510 1208.6
1344520 1209.1
1344530 1210.6
1344540 1210.6
1344550 1213.2
1344560 1216.2
1344570 1216.2
1344580 1219.1
1344590 1222.2
1344600 1222.2
1344610 1224.7
1344620 1226.7
1344630 1226.7
1344640 1227.8
1344650 1228.6
1344660 1228.6
1344670 1230.0
1344680 1231.4
1344690 1231.4
1344700 1232.1
1344710 1233.0
1344720 1233.0
1344730 1235.2
1344740 1238.2
1344750 1238.2
1344760 1241.9
1344770 1244.7
1344780 1244.7
1344790 1245.7
1344800 1245.0
1344810 1245.0
1344820 1242.0
1344830 1235.7
1344840 1234.5
1344850 1234.5
1344860 1232.5
1344870 1230.1
1344880 1230.1
1344890 1227.4
1344900 1224.5
1344910 1224.5
1344920 1222.4
1344930 1221.7
1344940 1221.7
1344950 1222.6
1344960 1225.0
1344970 1225.0
1344980 1226.6
1344990 1228.3
1345000 1228.3
1345010 1229.7
1345020 1229.7
1345030 1229.7
1345040 1231.2
1345050 1230.9
1345060 1230.9
1345070 1228.6
1345080 1225.7
1345090 1225.7
1345100 1222.2
1345110 1220.8
1345120 1220.8
1345130 1220.8
1345140 1220.8
1345150 1220.8
1345160 1221.0
1345170 1221.5
1345180 1221.5
1345190 1223.3
1345200 1227.1
1345210 1231.0
1345220 1231.0
1345230 1234.1
1345240 1236.9
1345250 1236.9
1345260 1240.1
1345270 1246.2
1345280 1246.2
1345290 1251.1
1345300 1254.7
1345310 1254.7
1345320 1258.1
1345330 1261.5
1345340 1261.5
1345350 1264.5
1345360 1266.5
1345370 1266.5
1345380 1268.7
1345390 1270.9
1345400 1270.9
1345410 1273.3
1345420 1277.3
1345430 1277.3
1345440 1282.1
1345450 1287.2
1345460 1287.2
1345470 1292.7
1345480 1298.1
1345490 1298.1
1345500 1303.2
1345510 1308.4
1345520 1308.4
1345530 1314.3
1345540 1320.6
1345550 1320.6
1345560 1326.8
1345570 1333.6
1345580 1339.2
1345590 1339.2
1345600 1344.6
1345610 1349.6
1345620 1349.6
1345630 1354.2
1345640 1357.7
1345650 1357.7
1345660 1362.1
1345670 1366.4
1345680 1366.4
1345690 1370.2
1345700 1373.7
1345710 1373.7
1345720 1375.5
1345730 1374.4
1345740 1374.4
1345750 1371.5
1345760 1373.4
1345770 1373.4
1345780 1375.9
1345790 1376.7
1345800 1376.7
1345810 1377.4
1345820 1377.6
1345830 1377.6
1345840 1376.7
1345850 1375.4
1345860 1375.4
1345870 1368.1
1345880 1360.1
1345890 1360.1
1345900 1358.0
1345910 1358.2
1345920 1358.2
1345930 1358.5
1345940 1358.6
1345950 1358.8
1345960 1358.8
1345970 1359.3
1345980 1359.8
1345990 1359.8
1346000 1360.9
1346010 1363.1
1346020 1363.1
1346030 1365.4
1346040 1365.5
1346050 1365.5
1346060 1365.6
1346070 1367.4
1346080 1367.4
1346090 1370.1
1346100 1374.2
1346110 1374.2
1346120 1379.4
1346130 1382.8
1346140 1382.8
1346150 1387.3
1346160 1393.7
1346170 1393.7
1346180 1401.9
1346190 1406.0
1346200 1406.0
1346210 1408.3
1346220 1410.2
1346230 1410.2
1346240 1413.9
1346250 1418.9
1346260 1418.9
1346270 1426.1
1346280 1436.4
1346290 1448.8
1346300 1448.8
1346310 1455.8
1346320 1460.9
1346330 1460.9
1346340 1461.2
1346350 1459.2
1346360 1459.2
1346370 1456.1
1346380 1457.8
1346390 1457.8
1346400 1461.0
1346410 1463.4
1346420 1463.4
1346430 1464.3
1346440 1462.3
1346450 1462.3
1346460 1458.2
1346470 1453.0
1346480 1453.0
1346490 1449.8
1346500 1451.7
1346510 1451.7
1346520 1454.2
1346530 1456.5
1346540 1456.5
1346550 1457.7
1346560 1455.5
1346570 1455.5
1346580 1448.7
1346590 1438.2
1346600 1438.2
1346610 1428.3
1346620 1420.3
1346630 1420.3
1346640 1410.9
1346650 1400.8
1346660 1393.8
1346670 1393.8
1346680 1384.8
1346690 1376.0
1346700 1376.0
1346710 1366.0
1346720 1357.8
1346730 1357.8
1346740 1351.0
1346750 1344.0
1346760 1344.0
1346770 1337.7
1346780 1332.6
1346790 1332.6
1346800 1327.9
1346810 1323.4
1346820 1323.4
1346830 1317.9
1346840 1311.6
1346850 1311.6
1346860 1304.6
1346870 1296.0
1346880 1296.0
1346890 1288.6
1346900 1280.9
1346910 1280.9
1346920 1272.6
1346930 1262.0
1346940 1262.0
1346950 1252.8
1346960 1243.6
1346970 1243.6
1346980 1233.2
1346990 1221.8
1347000 1221.8
1347010 1211.5
1347020 1197.1
1347030 1182.7
1347040 1182.7
1347050 1170.9
1347060 1158.1
1347070 1158.1
1347080 1147.2
1347090 1142.5
1347100 1142.5
1347110 1140.6
1347120 1147.8
1347130 1147.8
1347140 1160.5
1347150 1157.6
1347160 1157.6
1347170 1144.3
1347180 1130.4
1347190 1130.4
1347200 1119.9
1347210 1110.2
1347220 1110.2
1347230 1112.7
1347240 1120.0
1347250 1120.0
1347260 1123.1
1347270 1109.3
1347280 1109.3
1347290 1096.4
1347300 1089.4
1347310 1089.4
1347320 1085.1
1347330 1084.7
1347340 1084.7
1347350 1085.5
1347360 1087.3
1347370 1087.3
1347380 1085.5
1347390 1078.0
1347400 1068.3
1347410 1068.3
1347420 1058.4
1347430 1051.5
1347440 1051.5
1347450 1046.2
1347460 1036.4
1347470 1036.4
1347480 1025.9
1347490 1019.4
1347500 1019.4
1347510 1011.1
1347520 1000.1
1347530 1000.1
1347540 989.5
1347550 977.9
1347560 977.9
1347570 970.4
1347580 962.8
1347590 962.8
1347600 952.0
1347610 936.7
1347620 936.7
1347630 924.5
1347640 912.4
1347650 912.4
1347660 901.7
1347670 897.2
1347680 897.2
1347690 894.5
1347700 889.9
1347710 889.9
1347720 883.2
1347730 885.9
1347740 885.9
1347750 898.4
1347760 899.2
1347770 898.3
1347780 898.3
1347790 896.1
1347800 898.8
1347810 898.8
1347820 900.0
1347830 895.2
1347840 895.2
1347850 892.0
1347860 887.0
1347870 887.0
1347880 880.3
1347890 871.0
1347900 871.0
1347910 860.4
1347920 851.7
1347930 851.7
1347940 845.4
1347950 840.3
1347960 840.3
1347970 835.6
1347980 830.6
1347990 830.6
1348000 826.9
1348010 823.4
1348020 823.4
1348030 818.4
1348040 812.1
1348050 812.1
1348060 805.2
1348070 797.5
1348080 797.5
1348090 789.8
1348100 781.7
1348110 781.7
1348120 775.3
1348130 769.4
1348140 764.5
1348150 764.5
1348160 759.4
1348170 754.8
1348180 754.8
1348190 750.4
1348200 746.0
1348210 746.0
1348220 741.1
1348230 738.9
1348240 738.9
1348250 737.5
1348260 735.1
1348270 735.1
1348280 732.4
1348290 730.6
1348300 730.6
1348310 728.3
1348320 725.2
1348330 725.2
1348340 722.3
1348350 720.3
1348360 720.3
1348370 718.0
1348380 717.3
1348390 717.3
1348400 715.4
1348410 714.2
1348420 714.2
1348430 714.3
1348440 716.2
1348450 716.2
1348460 718.6
1348470 720.4
1348480 720.4
1348490 725.6
1348500 727.0
1348510 723.3
1348520 723.3
1348530 719.7
1348540 716.0
1348550 710.8
1348560 706.5
1348570 702.2
1348580 702.2
1348590 698.2
1348600 694.0
1348610 694.0
1348620 689.9
1348630 686.0
1348640 686.0
1348650 682.1
1348660 678.4
1348670 678.4
1348680 674.9
1348690 670.9
1348700 670.9
1348710 665.1
1348720 656.9
1348730 656.9
1348740 642.8
1348750 631.2
1348760 631.2
1348770 621.5
1348780 610.3
1348790 610.3
1348800 600.6
1348810 593.5
1348820 593.5
1348830 586.0
1348840 579.5
1348850 579.5
1348860 576.4
1348870 573.1
1348880 569.1
1348890 569.1
1348900 567.9
1348910 566.0
1348920 566.0
1348930 566.4
1348940 566.6
1348950 566.6
1348960 562.9
1348970 553.3
1348980 553.3
1348990 544.9
1349000 541.1
1349010 541.1
1349020 538.0
1349030 534.3
1349040 534.3
1349050 535.5
1349060 535.2
1349070 535.2
1349080 529.9
1349090 526.3
1349100 526.3
1349110 525.2
1349120 520.4
1349130 520.4
1349140 513.8
1349150 508.6
1349160 508.6
1349170 503.5
1349180 499.0
1349190 499.0
1349200 494.3
1349210 491.1
1349220 491.1
1349230 489.9
1349240 489.1
1349250 487.3
1349260 487.3
1349270 485.0
1349280 484.6
1349290 484.6
1349300 484.6
1349310 484.9
1349320 484.9
1349330 485.2
1349340 485.2
1349350 485.2
1349360 484.6
1349370 484.0
1349380 484.0
1349390 484.0
1349400 484.3
1349410 484.3
1349420 484.2
1349430 484.1
1349440 484.1
1349450 484.3
1349460 484.5
1349470 484.5
1349480 484.6
1349490 484.7
1349500 484.7
1349510 484.7
1349520 484.6
1349530 484.6
1349540 484.6
1349550 484.6
1349560 484.6
1349570 484.6
1349580 484.6
1349590 484.6
1349600 484.5
1349610 484.5
1349620 484.6
1349630 484.6
1349640 484.6
1349650 484.5
1349660 484.5
1349670 484.3
1349680 484.6
1349690 484.6
1349700 484.7
1349710 484.8
1349720 484.8
1349730 484.7
1349740 484.6
1349750 484.6
1349760 484.6
1349770 484.5
1349780 484.5
1349790 484.4
1349800 484.2
1349810 484.2
1349820 484.1
1349830 484.0
1349840 484.0
1349850 483.9
1349860 483.8
1349870 483.8
1349880 483.8
1349890 483.8
1349900 483.8
1349910 483.8
1349920 483.8
1349930 483.8
1349940 483.7
1349950 483.7
1349960 483.7
1349970 483.5
1349980 483.5
1349990 483.5
1350000 483.5
1350010 483.5
1350020 483.3
1350030 483.3
1350040 482.9
1350050 482.6
1350060 482.6
1350070 482.4
1350080 482.5
1350090 482.5
1350100 482.6
1350110 482.8
1350120 482.8
1350130 482.9
1350140 483.0
1350150 483.0
1350160 483.1
1350170 483.2
1350180 483.2
1350190 483.3
1350200 483.4
1350210 483.4
1350220 483.4
1350230 483.4
1350240 483.4
1350250 483.4
1350260 483.3
1350270 483.3
1350280 482.8
1350290 482.0
1350300 482.0
1350310 482.7
1350320 484.2
1350330 484.2
1350340 485.4
1350350 484.4
1350360 482.8
1350370 482.8
1350380 483.3
1350390 483.6
1350400 483.6
1350410 483.6
1350420 483.5
1350430 483.5
1350440 483.3
1350450 483.3
1350460 483.3
1350470 483.3
1350480 483.8
1350490 483.8
1350500 484.3
1350510 484.4
1350520 484.4
1350530 484.5
1350540 484.5
1350550 484.5
1350560 484.5
1350570 484.4
1350580 484.4
1350590 484.3
1350600 483.9
1350610 483.9
1350620 483.3
1350630 483.1
1350640 483.1
1350650 483.1
1350660 483.4
1350670 483.4
1350680 483.3
1350690 483.3
1350700 483.3
1350710 483.3
1350720 483.1
1350730 483.2
1350740 483.2
1350750 482.8
1350760 482.8
1350770 482.8
1350780 483.2
1350790 483.3
1350800 483.3
1350810 483.0
1350820 483.2
1350830 483.2
1350840 483.2
1350850 483.2
1350860 483.2
1350870 483.3
1350880 483.5
1350890 483.5
1350900 483.5
1350910 483.3
1350920 483.3
1350930 483.2
1350940 483.1
1350950 483.1
1350960 483.0
1350970 483.0
1350980 483.0
1350990 483.3
1351000 483.3
1351010 483.3
1351020 483.2
1351030 483.1
1351040 483.1
1351050 483.1
1351060 483.1
1351070 483.1
1351080 483.2
1351090 484.0
1351100 485.3
1351110 485.3
1351120 485.7
1351130 485.7
1351140 485.7
1351150 485.3
1351160 485.2
1351170 485.2
1351180 488.3
1351190 490.9
1351200 490.9
1351210 491.0
1351220 490.7
1351230 490.7
1351240 490.2
1351250 490.0
1351260 490.0
1351270 489.5
1351280 488.0
1351290 488.0
1351300 485.4
1351310 484.3
1351320 484.3
1351330 485.0
1351340 485.7
1351350 485.7
1351360 485.0
1351370 484.6
1351380 484.6
1351390 484.5
1351400 484.4
1351410 484.4
1351420 484.3
1351430 484.3
1351440 484.3
1351450 484.1
1351460 484.4
1351470 484.4
1351480 484.4
1351490 483.6
1351500 481.8
1351510 481.8
1351520 479.6
1351530 478.3
1351540 478.3
1351550 477.8
1351560 477.6
1351570 477.6
1351580 477.6
1351590 477.7
1351600 477.7
1351610 477.9
1351620 478.0
1351630 478.0
1351640 478.0
1351650 478.0
1351660 478.0
1351670 478.3
1351680 480.9
1351690 480.9
1351700 485.0
1351710 488.8
1351720 488.8
1351730 495.9
1351740 502.4
1351750 502.4
1351760 506.4
1351770 508.5
1351780 508.5
1351790 510.7
1351800 513.1
1351810 513.1
1351820 514.8
1351830 515.5
1351840 515.8
1351850 515.8
1351860 516.3
1351870 516.5
1351880 516.5
1351890 516.5
1351900 516.7
1351910 516.7
1351920 517.2
1351930 518.4
1351940 518.4
1351950 519.3
1351960 520.0
1351970 520.0
1351980 522.1
1351990 523.8
1352000 523.8
1352010 525.3
1352020 526.6
1352030 526.6
1352040 528.8
1352050 531.2
1352060 531.2
1352070 532.9
1352080 534.8
1352090 534.8
1352100 536.5
1352110 538.3
1352120 538.3
1352130 539.8
1352140 537.6
1352150 537.6
1352160 534.7
1352170 537.1
1352180 537.1
1352190 539.2
1352200 539.2
1352210 538.7
1352220 538.7
1352230 538.7
1352240 539.9
1352250 539.9
1352260 540.7
1352270 541.5
1352280 541.5
1352290 543.1
1352300 544.4
1352310 544.4
1352320 546.0
1352330 548.7
1352340 548.7
1352350 550.8
1352360 555.1
1352370 555.1
1352380 554.7
1352390 553.6
1352400 553.6
1352410 554.2
1352420 555.8
1352430 555.8
1352440 559.2
1352450 565.8
1352460 565.8
1352470 572.2
1352480 577.0
1352490 577.0
1352500 581.2
1352510 585.2
1352520 585.2
1352530 585.8
1352540 587.4
1352550 587.4
1352560 589.9
1352570 592.4
1352580 595.6
1352590 595.6
1352600 600.4
1352610 607.5
1352620 607.5
1352630 614.4
1352640 615.3
1352650 615.3
1352660 614.7
1352670 615.6
1352680 615.6
1352690 616.7
1352700 616.5
1352710 616.5
1352720 615.9
1352730 616.7
1352740 616.7
1352750 616.9
1352760 617.2
1352770 617.2
1352780 616.9
1352790 615.5
1352800 615.5
1352810 613.1
1352820 612.6
1352830 612.6
1352840 612.9
1352850 614.1
1352860 614.1
1352870 617.3
1352880 620.2
1352890 620.2
1352900 621.3
1352910 621.6
1352920 621.6
1352930 622.4
1352940 621.8
1352950 621.6
1352960 621.6
1352970 622.1
1352980 622.5
1352990 622.5
1353000 620.4
1353010 616.3
1353020 616.3
1353030 611.0
1353040 605.5
1353050 605.5
1353060 597.3
1353070 584.4
1353080 584.4
1353090 575.1
1353100 567.9
1353110 567.9
1353120 561.5
1353130 556.8
1353140 556.8
1353150 553.2
1353160 544.9
1353170 544.9
1353180 528.1
1353190 511.9
1353200 511.9
1353210 503.1
1353220 503.4
1353230 503.4
1353240 505.6
1353250 505.7
1353260 505.7
1353270 511.5
1353280 527.8
1353290 527.8
1353300 530.4
1353310 534.3
1353320 539.4
1353330 539.4
1353340 554.4
1353350 566.3
1353360 566.3
1353370 571.4
1353380 573.7
1353390 573.7
1353400 578.1
1353410 581.1
1353420 581.1
1353430 583.0
1353440 585.8
1353450 585.8
1353460 589.1
1353470 594.5
1353480 594.5
1353490 601.3
1353500 605.2
1353510 605.2
1353520 606.4
1353530 608.9
1353540 608.9
1353550 609.6
1353560 608.7
1353570 608.7
1353580 608.9
1353590 610.2
1353600 610.2
1353610 613.9
1353620 617.9
1353630 617.9
1353640 621.4
1353650 622.7
1353660 622.7
1353670 622.7
1353680 623.3
1353690 623.5
1353700 623.5
1353710 622.3
1353720 619.7
1353730 619.7
1353740 617.3
1353750 613.0
1353760 613.0
1353770 608.6
1353780 604.1
1353790 604.1
1353800 600.4
1353810 594.8
1353820 594.8
1353830 587.6
1353840 582.2
1353850 582.2
1353860 582.7
1353870 587.6
1353880 587.6
1353890 588.6
1353900 585.3
1353910 585.3
1353920 583.2
1353930 587.0
1353940 587.0
1353950 592.9
1353960 596.9
1353970 596.9
1353980 600.4
1353990 603.3
1354000 603.3
1354010 606.8
1354020 609.5
1354030 609.5
1354040 608.7
1354050 612.5
1354060 619.3
1354070 619.3
1354080 627.4
1354090 636.0
1354100 636.0
1354110 645.0
1354120 655.3
1354130 655.3
1354140 667.2
1354150 676.8
1354160 676.8
1354170 684.1
1354180 691.0
1354190 691.0
1354200 696.5
1354210 701.8
1354220 701.8
1354230 707.2
1354240 712.3
1354250 712.3
1354260 717.6
1354270 723.3
1354280 723.3
1354290 729.0
1354300 735.5
1354310 735.5
1354320 741.4
1354330 748.7
1354340 748.7
1354350 756.7
1354360 765.1
1354370 765.1
1354380 773.2
1354390 780.6
1354400 780.6
1354410 787.5
1354420 795.2
1354430 804.0
1354440 804.0
1354450 813.5
1354460 822.9
1354470 822.9
1354480 832.7
1354490 840.3
1354500 840.3
1354510 846.2
1354520 852.5
1354530 852.5
1354540 859.2
1354550 865.7
1354560 865.7
1354570 871.9
1354580 876.9
1354590 876.9
1354600 880.7
1354610 884.0
1354620 884.0
1354630 887.3
1354640 890.4
1354650 890.4
1354660 894.8
1354670 900.1
1354680 900.1
1354690 904.7
1354700 906.8
1354710 906.8
1354720 909.0
1354730 911.6
1354740 911.6
1354750 914.1
1354760 916.5
1354770 920.0
1354780 920.0
1354790 924.4
1354800 929.8
1354810 929.8
1354820 935.2
1354830 939.6
1354840 939.6
1354850 942.7
1354860 944.6
1354870 944.6
1354880 946.8
1354890 948.7
1354900 948.7
1354910 950.3
1354920 953.4
1354930 953.4
1354940 957.5
1354950 960.9
1354960 960.9
1354970 963.7
1354980 966.9
1354990 966.9
1355000 971.1
1355010 975.5
1355020 975.5
1355030 979.2
1355040 982.4
1355050 982.4
1355060 986.1
1355070 990.9
1355080 990.9
1355090 994.4
1355100 996.7
1355110 996.7
1355120 998.1
1355130 998.2
1355140 997.6
1355150 997.6
1355160 996.2
1355170 994.2
1355180 994.2
1355190 993.3
1355200 993.6
1355210 993.6
1355220 993.6
1355230 993.8
1355240 993.8
1355250 993.4
1355260 993.5
1355270 993.5
1355280 994.3
1355290 996.5
1355300 996.5
1355310 1002.2
1355320 1006.3
1355330 1006.3
1355340 1010.8
1355350 1013.4
1355360 1013.4
1355370 1014.9
1355380 1017.1
1355390 1017.1
1355400 1015.7
1355410 1015.7
1355420 1015.7
1355430 1017.4
1355440 1019.9
1355450 1019.9
1355460 1024.6
1355470 1030.0
1355480 1030.0
1355490 1035.4
1355500 1040.3
1355510 1044.3
1355520 1044.3
1355530 1049.2
1355540 1053.7
1355550 1053.7
1355560 1057.6
1355570 1060.3
1355580 1060.3
1355590 1062.0
1355600 1062.8
1355610 1062.8
1355620 1066.2
1355630 1071.3
1355640 1071.3
1355650 1075.5
1355660 1080.9
1355670 1080.9
1355680 1087.1
1355690 1093.0
1355700 1093.0
1355710 1098.0
1355720 1102.6
1355730 1102.6
1355740 1106.5
1355750 1110.5
1355760 1110.5
1355770 1113.4
1355780 1118.4
1355790 1118.4
1355800 1125.0
1355810 1131.5
1355820 1131.5
1355830 1137.1
1355840 1142.5
1355850 1142.5
1355860 1148.3
1355870 1154.0
1355880 1158.0
1355890 1158.0
1355900 1159.8
1355910 1162.2
1355920 1162.2
1355930 1166.0
1355940 1169.0
1355950 1169.0
1355960 1171.8
1355970 1173.9
1355980 1173.9
1355990 1176.7
1356000 1179.4
1356010 1179.4
1356020 1181.6
1356030 1182.4
1356040 1182.4
1356050 1182.3
1356060 1181.3
1356070 1181.3
1356080 1180.2
1356090 1179.1
1356100 1179.1
1356110 1178.2
1356120 1179.0
1356130 1179.0
1356140 1180.7
1356150 1182.5
1356160 1182.5
1356170 1185.8
1356180 1191.3
1356190 1191.3
1356200 1197.3
1356210 1203.3
1356220 1203.3
1356230 1206.8
1356240 1209.2
1356250 1212.3
1356260 1212.3
1356270 1215.7
1356280 1217.6
1356290 1217.6
1356300 1217.6
1356310 1216.9
1356320 1216.9
1356330 1216.4
1356340 1216.7
1356350 1216.7
1356360 1213.9
1356370 1209.5
1356380 1209.5
1356390 1207.6
1356400 1204.7
1356410 1204.7
1356420 1199.6
1356430 1193.1
1356440 1193.1
1356450 1186.3
1356460 1179.3
1356470 1179.3
1356480 1172.4
1356490 1165.9
1356500 1165.9
1356510 1159.6
1356520 1153.0
1356530 1153.0
1356540 1146.7
1356550 1140.7
1356560 1140.7
1356570 1135.8
1356580 1131.2
1356590 1131.2
1356600 1124.5
1356610 1117.5
1356620 1111.4
1356630 1111.4
1356640 1103.9
1356650 1093.1
1356660 1093.1
1356670 1081.5
1356680 1071.3
1356690 1071.3
1356700 1065.1
1356710 1060.3
1356720 1060.3
1356730 1054.9
1356740 1046.4
1356750 1046.4
1356760 1033.1
1356770 1025.0
1356780 1025.0
1356790 1017.9
1356800 1010.8
1356810 1010.8
1356820 1006.2
1356830 1011.0
1356840 1011.0
1356850 1013.4
1356860 1017.2
1356870 1017.2
1356880 1020.4
1356890 1022.4
1356900 1022.4
1356910 1025.4
1356920 1028.5
1356930 1028.5
1356940 1032.0
1356950 1034.8
1356960 1034.8
1356970 1034.8
1356980 1031.8
1356990 1027.7
1357000 1027.7
1357010 1024.5
1357020 1020.2
1357030 1020.2
1357040 1011.8
1357050 1001.4
1357060 1001.4
1357070 993.9
1357080 986.8
1357090 986.8
1357100 976.2
1357110 964.3
1357120 964.3
1357130 956.8
1357140 954.5
1357150 954.5
1357160 951.2
1357170 945.3
1357180 945.3
1357190 937.4
1357200 927.2
1357210 927.2
1357220 918.8
1357230 910.8
1357240 910.8
1357250 900.3
1357260 884.1
1357270 884.1
1357280 861.4
1357290 838.1
1357300 826.7
1357310 809.3
1357320 797.4
1357330 797.4
1357340 786.1
1357350 778.2
1357360 772.8
1357370 772.8
1357380 768.8
1357390 764.4
1357400 764.4
1357410 769.1
1357420 782.7
1357430 782.7
1357440 803.1
1357450 823.0
1357460 823.0
1357470 841.3
1357480 857.0
1357490 857.0
1357500 866.3
1357510 869.1
1357520 869.1
1357530 872.1
1357540 872.7
1357550 872.7
1357560 875.1
1357570 880.6
1357580 880.6
1357590 882.1
1357600 887.6
1357610 887.6
1357620 893.1
1357630 895.7
1357640 895.7
1357650 898.1
1357660 900.4
1357670 900.4
1357680 904.2
1357690 909.1
1357700 909.1
1357710 913.3
1357720 916.7
1357730 919.2
1357740 919.2
1357750 923.9
1357760 926.5
1357770 926.5
1357780 929.4
1357790 931.4
1357800 931.4
1357810 934.1
1357820 936.4
1357830 936.4
1357840 939.0
1357850 940.9
1357860 940.9
1357870 946.0
1357880 950.4
1357890 950.4
1357900 953.1
1357910 954.6
1357920 954.6
1357930 955.3
1357940 953.1
1357950 953.1
1357960 953.8
1357970 962.2
1357980 962.2
1357990 965.9
1358000 968.2
1358010 968.2
1358020 972.1
1358030 978.8
1358040 978.8
1358050 985.8
1358060 994.3
1358070 994.3
1358080 1001.0
1358090 1003.7
1358100 1004.5
1358110 1004.5
1358120 1005.7
1358130 1006.8
1358140 1006.8
1358150 1006.6
1358160 1006.9
1358170 1006.9
1358180 1010.1
1358190 1018.6
1358200 1018.6
1358210 1026.4
1358220 1031.9
1358230 1031.9
1358240 1036.0
1358250 1040.0
1358260 1040.0
1358270 1044.0
1358280 1047.5
1358290 1047.5
1358300 1051.5
1358310 1056.8
1358320 1056.8
1358330 1058.5
1358340 1062.0
1358350 1062.0
1358360 1067.5
1358370 1072.9
1358380 1072.9
1358390 1077.3
1358400 1082.9
1358410 1082.9
1358420 1088.1
1358430 1092.3
1358440 1092.3
1358450 1096.5
1358460 1101.0
1358470 1107.0
1358480 1107.0
1358490 1112.8
1358500 1117.0
1358510 1117.0
1358520 1121.0
1358530 1125.4
1358540 1125.4
1358550 1132.1
1358560 1138.5
1358570 1138.5
1358580 1145.4
1358590 1150.5
1358600 1150.5
1358610 1153.7
1358620 1158.2
1358630 1158.2
1358640 1163.3
1358650 1164.0
1358660 1164.0
1358670 1164.7
1358680 1163.2
1358690 1163.2
1358700 1160.4
1358710 1160.4
1358720 1160.4
1358730 1160.7
1358740 1160.6
1358750 1160.6
1358760 1161.7
1358770 1161.7
1358780 1161.7
1358790 1160.6
1358800 1159.9
1358810 1159.9
1358820 1159.4
1358830 1157.9
1358840 1156.1
1358850 1156.1
1358860 1157.7
1358870 1161.6
1358880 1161.6
1358890 1166.5
1358900 1169.8
1358910 1169.8
1358920 1174.5
1358930 1180.0
1358940 1180.0
1358950 1181.0
1358960 1179.8
1358970 1179.8
1358980 1177.8
1358990 1175.0
1359000 1175.0
1359010 1174.7
1359020 1180.9
1359030 1180.9
1359040 1187.5
1359050 1193.0
1359060 1193.0
1359070 1198.2
1359080 1204.6
1359090 1204.6
1359100 1212.1
1359110 1218.2
1359120 1218.2
1359130 1222.2
1359140 1225.3
1359150 1225.3
1359160 1229.5
1359170 1235.9
1359180 1235.9
1359190 1241.9
1359200 1239.7
1359210 1235.3
1359220 1235.3
1359230 1230.8
1359240 1224.6
1359250 1224.6
1359260 1220.3
1359270 1216.8
1359280 1216.8
1359290 1211.1
1359300 1205.3
1359310 1205.3
1359320 1199.7
1359330 1192.5
1359340 1192.5
1359350 1186.5
1359360 1179.1
1359370 1179.1
1359380 1170.4
1359390 1162.9
1359400 1162.9
1359410 1157.3
1359420 1153.5
1359430 1153.5
1359440 1147.5
1359450 1141.1
1359460 1141.1
1359470 1133.2
1359480 1125.4
1359490 1125.4
1359500 1118.4
1359510 1112.2
1359520 1112.2
1359530 1106.9
1359540 1101.2
1359550 1096.1
1359560 1096.1
1359570 1092.3
1359580 1087.0
1359590 1087.0
1359600 1086.3
1359610 1092.8
1359620 1092.8
1359630 1100.9
1359640 1106.9
1359650 1106.9
1359660 1110.8
1359670 1114.4
1359680 1114.4
1359690 1116.2
1359700 1116.2
1359710 1116.2
1359720 1120.7
1359730 1127.9
1359740 1127.9
1359750 1133.3
1359760 1136.8
1359770 1136.8
1359780 1139.2
1359790 1140.4
1359800 1140.4
1359810 1141.6
1359820 1145.8
1359830 1145.8
1359840 1152.6
1359850 1160.9
1359860 1160.9
1359870 1175.2
1359880 1186.2
1359890 1186.2
1359900 1193.5
1359910 1201.4
1359920 1209.4
1359930 1209.4
1359940 1217.2
1359950 1224.2
1359960 1224.2
1359970 1231.8
1359980 1239.1
1359990 1239.1
