1340000 830.0
1340010 827.5
1340020 827.5
1340030 822.8
1340040 817.8
1340050 817.8
1340060 812.3
1340070 806.4
1340080 806.4
1340090 803.7
1340100 802.7
1340110 799.8
1340120 799.8
1340130 794.9
1340140 792.4
1340150 792.4
1340160 790.3
1340170 786.1
1340180 786.1
1340190 782.0
1340200 777.5
1340210 777.5
1340220 773.5
1340230 773.0
1340240 773.0
1340250 774.3
1340260 772.2
1340270 772.2
1340280 768.4
1340290 763.9
1340300 763.9
1340310 758.3
1340320 750.0
1340330 750.0
1340340 742.0
1340350 739.3
1340360 739.3
1340370 741.4
1340380 742.6
1340390 742.6
1340400 743.5
1340410 744.3
1340420 744.3
1340430 744.5
1340440 741.3
1340450 741.3
1340460 735.1
1340470 726.9
1340480 718.0
1340490 718.0
1340500 709.9
1340510 701.7
1340520 701.7
1340530 694.1
1340540 688.0
1340550 688.0
1340560 685.7
1340570 684.8
1340580 684.8
1340590 684.0
1340600 683.9
1340610 683.9
1340620 682.7
1340630 679.8
1340640 679.8
1340650 680.2
1340660 682.2
1340670 682.2
1340680 683.7
1340690 688.2
1340700 688.2
1340710 692.8
1340720 696.2
1340730 696.2
1340740 700.7
1340750 706.0
1340760 706.0
1340770 711.8
1340780 718.3
1340790 718.3
1340800 724.8
1340810 731.4
1340820 731.4
1340830 737.3
1340840 743.9
1340850 743.9
1340860 743.9
1340870 748.0
1340880 752.2
1340890 752.2
1340900 757.7
1340910 763.0
1340920 763.0
1340930 767.9
1340940 770.9
1340950 770.9
1340960 773.8
1340970 777.8
1340980 777.8
1340990 781.8
1341000 786.4
1341010 786.4
1341020 791.6
1341030 798.4
1341040 798.4
1341050 805.0
1341060 809.8
1341070 809.8
1341080 814.3
1341090 818.5
1341100 818.5
1341110 822.3
1341120 826.3
1341130 826.3
1341140 830.3
1341150 834.6
1341160 834.6
1341170 839.7
1341180 844.6
1341190 844.6
1341200 850.0
1341210 855.7
1341220 855.7
1341230 861.2
1341240 866.3
1341250 872.2
1341260 872.2
1341270 878.6
1341280 880.8
1341290 880.8
1341300 884.1
1341310 887.7
1341320 887.7
1341330 891.8
1341340 895.4
1341350 895.4
1341360 899.0
1341370 902.9
1341380 902.9
1341390 906.5
1341400 910.0
1341410 910.0
1341420 913.5
1341430 916.9
1341440 916.9
1341450 920.3
1341460 924.1
1341470 924.1
1341480 927.9
1341490 931.7
1341500 931.7
1341510 934.5
1341520 937.4
1341530 937.4
1341540 940.9
1341550 944.5
1341560 944.5
1341570 948.0
1341580 951.1
1341590 951.1
1341600 954.1
1341610 956.8
1341620 959.1
1341630 959.1
1341640 961.0
1341650 962.9
1341660 962.9
1341670 964.7
1341680 966.3
1341690 966.3
1341700 966.6
1341710 967.9
1341720 967.9
1341730 970.7
1341740 973.9
1341750 973.3
1341760 975.4
1341770 977.0
1341780 977.0
1341790 979.0
1341800 981.3
1341810 981.3
1341820 982.9
1341830 984.5
1341840 984.5
1341850 985.9
1341860 987.4
1341870 987.4
1341880 989.1
1341890 990.5
1341900 990.5
1341910 992.2
1341920 993.8
1341930 993.8
1341940 995.4
1341950 997.0
1341960 997.0
1341970 998.8
1341980 1000.5
1341990 1002.0
1342000 1002.0
1342010 1003.7
1342020 1005.4
1342030 1005.4
1342040 1007.1
1342050 1008.7
1342060 1008.7
1342070 1010.5
1342080 1013.1
1342090 1013.1
1342100 1015.4
1342110 1017.5
1342120 1017.5
1342130 1019.4
1342140 1021.3
1342150 1021.3
1342160 1023.0
1342170 1024.9
1342180 1024.9
1342190 1026.9
1342200 1028.8
1342210 1028.8
1342220 1030.5
1342230 1032.3
1342240 1032.3
1342250 1034.2
1342260 1035.9
1342270 1035.9
1342280 1037.3
1342290 1038.5
1342300 1038.5
1342310 1039.7
1342320 1040.9
1342330 1040.9
1342340 1042.1
1342350 1043.1
1342360 1044.3
1342370 1044.3
1342380 1045.5
1342390 1046.5
1342400 1046.5
1342410 1047.6
1342420 1048.7
1342430 1048.7
1342440 1050.2
1342450 1052.1
1342460 1052.1
1342470 1054.3
1342480 1056.9
1342490 1056.9
1342500 1059.8
1342510 1063.1
1342520 1063.1
1342530 1066.5
1342540 1069.5
1342550 1069.5
1342560 1072.0
1342570 1073.9
1342580 1073.9
1342590 1075.3
1342600 1076.6
1342610 1076.6
1342620 1077.8
1342630 1079.3
1342640 1079.3
1342650 1078.4
1342660 1078.0
1342670 1078.0
1342680 1078.2
1342690 1078.9
1342700 1078.9
1342710 1078.5
1342720 1078.1
1342730 1078.1
1342740 1078.1
1342750 1079.4
1342760 1080.6
1342770 1080.6
1342780 1081.2
1342790 1081.6
1342800 1081.6
1342810 1082.0
1342820 1080.9
1342830 1080.9
1342840 1080.1
1342850 1079.8
1342860 1079.8
1342870 1079.6
1342880 1079.6
1342890 1079.6
1342900 1080.3
1342910 1082.1
1342920 1082.1
1342930 1085.7
1342940 1090.5
1342950 1090.5
1342960 1095.5
1342970 1100.6
1342980 1100.6
1342990 1103.8
1343000 1106.1
1343010 1106.1
1343020 1107.3
1343030 1108.1
1343040 1108.1
1343050 1112.2
1343060 1113.1
1343070 1113.1
1343080 1112.5
1343090 1109.7
1343100 1109.7
1343110 1105.4
1343120 1106.1
1343130 1105.7
1343140 1105.7
1343150 1104.1
1343160 1104.6
1343170 1104.6
1343180 1103.2
1343190 1101.7
1343200 1101.7
1343210 1101.7
1343220 1101.4
1343230 1101.4
1343240 1102.6
1343250 1102.4
1343260 1102.4
1343270 1102.0
1343280 1101.8
1343290 1101.8
1343300 1101.4
1343310 1100.4
1343320 1100.4
1343330 1097.5
1343340 1096.0
1343350 1096.0
1343360 1095.3
1343370 1093.5
1343380 1093.5
1343390 1090.9
1343400 1089.0
1343410 1089.0
1343420 1087.5
1343430 1087.3
1343440 1087.3
1343450 1089.0
1343460 1088.0
1343470 1088.0
1343480 1086.2
1343490 1085.4
1343500 1084.9
1343510 1084.9
1343520 1082.2
1343530 1078.0
1343540 1078.0
1343550 1066.6
1343560 1062.6
1343570 1062.6
1343580 1058.0
1343590 1054.2
1343600 1054.2
1343610 1050.8
1343620 1048.7
1343630 1048.7
1343640 1047.1
1343650 1046.4
1343660 1046.4
1343670 1045.6
1343680 1044.8
1343690 1044.8
1343700 1044.1
1343710 1044.5
1343720 1044.5
1343730 1048.6
1343740 1055.9
1343750 1055.9
1343760 1057.9
1343770 1058.0
1343780 1058.0
1343790 1057.7
1343800 1055.9
1343810 1055.9
1343820 1053.7
1343830 1051.7
1343840 1051.7
1343850 1048.9
1343860 1045.1
1343870 1040.9
1343880 1040.9
1343890 1037.4
1343900 1034.7
1343910 1034.7
1343920 1032.3
1343930 1029.8
1343940 1029.8
1343950 1027.4
1343960 1025.4
1343970 1025.4
1343980 1023.4
1343990 1021.7
1344000 1021.7
1344010 1020.1
1344020 1018.4
1344030 1018.4
1344040 1016.9
1344050 1015.4
1344060 1015.4
1344070 1013.8
1344080 1012.0
1344090 1012.0
1344100 1010.3
1344110 1008.3
1344120 1008.3
1344130 1006.6
1344140 1005.0
1344150 1005.0
1344160 1003.3
1344170 1001.3
1344180 1001.3
1344190 999.0
1344200 996.5
1344210 996.5
1344220 994.2
1344230 991.6
1344240 988.6
1344250 988.6
1344260 985.5
1344270 982.7
1344280 982.7
1344290 980.1
1344300 977.3
1344310 977.3
1344320 974.6
1344330 971.8
1344340 971.8
1344350 968.5
1344360 964.0
1344370 964.0
1344380 959.9
1344390 956.6
1344400 956.6
1344410 952.8
1344420 948.6
1344430 948.6
1344440 943.0
1344450 937.7
1344460 934.5
1344470 929.7
1344480 926.0
1344490 926.0
1344500 921.6
1344510 917.7
1344520 917.7
1344530 914.1
1344540 910.8
1344550 910.8
1344560 907.7
1344570 905.2
1344580 905.2
1344590 903.3
1344600 901.3
1344610 901.3
1344620 898.9
1344630 895.8
1344640 893.0
1344650 893.0
1344660 890.3
1344670 886.7
1344680 886.7
1344690 880.8
1344700 870.6
1344710 870.6
1344720 861.3
1344730 858.0
1344740 858.0
1344750 861.5
1344760 866.7
1344770 866.7
1344780 871.8
1344790 875.4
1344800 875.4
1344810 878.2
1344820 883.0
1344830 883.0
1344840 887.1
1344850 890.3
1344860 890.3
1344870 889.1
1344880 889.8
1344890 889.8
1344900 891.3
1344910 893.9
1344920 893.9
1344930 899.4
1344940 904.3
1344950 904.3
1344960 907.8
1344970 910.1
1344980 910.1
1344990 912.1
1345000 914.8
1345010 918.4
1345020 918.4
1345030 924.5
1345040 930.2
1345050 930.2
1345060 935.7
1345070 941.9
1345080 941.9
1345090 949.2
1345100 957.0
1345110 957.0
1345120 962.7
1345130 967.3
1345140 967.3
1345150 972.0
1345160 976.5
1345170 976.5
1345180 980.6
1345190 984.2
1345200 984.2
1345210 987.8
1345220 990.9
1345230 990.9
1345240 992.7
1345250 992.8
1345260 992.8
1345270 992.6
1345280 993.5
1345290 993.5
1345300 994.3
1345310 996.2
1345320 996.2
1345330 999.9
1345340 1002.6
1345350 1002.6
1345360 1004.8
1345370 1005.5
1345380 1007.2
1345390 1007.2
1345400 1008.4
1345410 1009.7
1345420 1009.7
1345430 1010.9
1345440 1011.4
1345450 1011.4
1345460 1011.7
1345470 1012.5
1345480 1012.5
1345490 1013.3
1345500 1013.7
1345510 1013.7
1345520 1013.7
1345530 1013.9
1345540 1013.9
1345550 1014.3
1345560 1014.6
1345570 1014.6
1345580 1014.9
1345590 1014.9
1345600 1014.9
1345610 1015.1
1345620 1015.2
1345630 1015.2
1345640 1015.3
1345650 1015.7
1345660 1015.7
1345670 1016.1
1345680 1016.5
1345690 1016.5
1345700 1016.4
1345710 1016.4
1345720 1016.4
1345730 1016.4
1345740 1016.2
1345750 1015.9
1345760 1015.9
1345770 1015.8
1345780 1016.1
1345790 1016.1
1345800 1016.3
1345810 1016.6
1345820 1016.6
1345830 1016.9
1345840 1017.1
1345850 1017.1
1345860 1017.3
1345870 1017.6
1345880 1017.6
1345890 1017.7
1345900 1017.8
1345910 1017.8
1345920 1017.9
1345930 1017.9
1345940 1017.9
1345950 1017.9
1345960 1018.1
1345970 1018.1
1345980 1018.7
1345990 1018.9
1346000 1018.9
1346010 1019.2
1346020 1018.8
1346030 1018.8
1346040 1019.1
1346050 1019.4
1346060 1019.4
1346070 1019.2
1346080 1019.4
1346090 1019.4
1346100 1020.0
1346110 1020.4
1346120 1021.3
1346130 1021.3
1346140 1021.9
1346150 1022.3
1346160 1022.3
1346170 1023.2
1346180 1024.1
1346190 1024.1
1346200 1024.3
1346210 1024.6
1346220 1024.6
1346230 1025.3
1346240 1025.6
1346250 1025.6
1346260 1025.7
1346270 1025.9
1346280 1025.9
1346290 1026.0
1346300 1028.6
1346310 1028.6
1346320 1029.0
1346330 1029.3
1346340 1029.3
1346350 1029.9
1346360 1030.7
1346370 1030.7
1346380 1031.9
1346390 1032.5
1346400 1032.5
1346410 1032.9
1346420 1033.5
1346430 1033.5
1346440 1033.9
1346450 1034.3
1346460 1034.3
1346470 1034.9
1346480 1035.1
1346490 1035.1
1346500 1035.3
1346510 1036.3
1346520 1037.7
1346530 1037.7
1346540 1037.8
1346550 1035.6
1346560 1035.6
1346570 1032.2
1346580 1029.2
1346590 1029.2
1346600 1026.6
1346610 1023.8
1346620 1023.8
1346630 1020.8
1346640 1017.7
1346650 1017.7
1346660 1014.5
1346670 1012.2
1346680 1012.2
1346690 1010.3
1346700 1006.9
1346710 1006.9
1346720 1002.5
1346730 996.8
1346740 996.8
1346750 988.4
1346760 982.2
1346770 982.2
1346780 987.5
1346790 999.6
1346800 999.6
1346810 1008.3
1346820 1013.7
1346830 1013.7
1346840 1017.6
1346850 1020.3
1346860 1020.3
1346870 1021.7
1346880 1022.7
1346890 1023.6
1346900 1023.6
1346910 1025.2
1346920 1026.7
1346930 1026.7
1346940 1027.8
1346950 1029.1
1346960 1029.1
1346970 1030.1
1346980 1031.0
1346990 1031.0
1347000 1032.0
1347010 1033.1
1347020 1033.1
1347030 1033.4
1347040 1032.9
1347050 1032.9
1347060 1032.4
1347070 1031.9
1347080 1031.9
1347090 1031.1
1347100 1030.0
1347110 1030.0
1347120 1028.7
1347130 1027.9
1347140 1027.9
1347150 1027.5
1347160 1027.3
1347170 1027.3
1347180 1027.4
1347190 1027.8
1347200 1027.8
1347210 1027.9
1347220 1027.9
1347230 1030.2
1347240 1030.5
1347250 1030.5
1347260 1027.6
1347270 1027.6
1347280 1024.7
1347290 1026.6
1347300 1026.6
1347310 1031.1
1347320 1032.5
1347330 1032.5
1347340 1032.5
1347350 1032.5
1347360 1032.5
1347370 1032.7
1347380 1033.3
1347390 1033.3
1347400 1033.8
1347410 1033.7
1347420 1033.7
1347430 1031.5
1347440 1032.5
1347450 1032.5
1347460 1034.3
1347470 1033.9
1347480 1033.9
1347490 1036.5
1347500 1038.1
1347510 1038.1
1347520 1037.2
1347530 1036.8
1347540 1036.8
1347550 1036.5
1347560 1033.6
1347570 1033.6
1347580 1030.9
1347590 1029.7
1347600 1029.7
1347610 1030.6
1347620 1035.6
1347630 1038.7
1347640 1038.7
1347650 1037.0
1347660 1036.3
1347670 1036.3
1347680 1037.9
1347690 1042.6
1347700 1042.6
1347710 1046.4
1347720 1047.8
1347730 1047.8
1347740 1048.3
1347750 1048.9
1347760 1048.9
1347770 1048.3
1347780 1046.2
1347790 1046.2
1347800 1047.9
1347810 1051.2
1347820 1051.2
1347830 1052.5
1347840 1052.7
1347850 1052.7
1347860 1052.7
1347870 1052.9
1347880 1052.9
1347890 1053.3
1347900 1053.6
1347910 1053.6
1347920 1053.6
1347930 1053.5
1347940 1053.5
1347950 1053.2
1347960 1052.0
1347970 1052.0
1347980 1050.3
1347990 1050.7
1348000 1050.7
1348010 1052.7
1348020 1053.8
1348030 1053.9
1348040 1053.9
1348050 1055.9
1348060 1058.3
1348070 1058.3
1348080 1061.9
1348090 1070.1
1348100 1070.1
1348110 1077.6
1348120 1082.6
1348130 1082.6
1348140 1087.4
1348150 1094.7
1348160 1102.5
1348170 1107.6
1348180 1111.5
1348190 1111.5
1348200 1116.5
1348210 1120.8
1348220 1120.8
1348230 1124.1
1348240 1127.1
1348250 1127.1
1348260 1130.4
1348270 1133.5
1348280 1133.5
1348290 1137.6
1348300 1144.0
1348310 1144.0
1348320 1148.4
1348330 1150.5
1348340 1150.5
1348350 1149.4
1348360 1147.6
1348370 1147.6
1348380 1146.8
1348390 1146.3
1348400 1143.7
1348410 1143.7
1348420 1140.9
1348430 1139.4
1348440 1139.4
1348450 1137.5
1348460 1135.0
1348470 1135.0
1348480 1132.0
1348490 1128.7
1348500 1128.7
1348510 1125.9
1348520 1123.7
1348530 1123.7
1348540 1122.0
1348550 1121.4
1348560 1121.4
1348570 1118.3
1348580 1116.3
1348590 1116.3
1348600 1114.7
1348610 1112.7
1348620 1112.7
1348630 1110.2
1348640 1107.1
1348650 1107.1
1348660 1104.4
1348670 1101.8
1348680 1101.8
1348690 1099.2
1348700 1095.0
1348710 1095.0
1348720 1089.2
1348730 1082.7
1348740 1082.7
1348750 1076.1
1348760 1071.2
1348770 1067.5
1348780 1067.5
1348790 1062.9
1348800 1058.8
1348810 1058.8
1348820 1055.8
1348830 1055.6
1348840 1055.6
1348850 1058.8
1348860 1062.0
1348870 1062.0
1348880 1061.3
1348890 1058.3
1348900 1058.3
1348910 1055.1
1348920 1055.3
1348930 1055.3
1348940 1052.8
1348950 1046.8
1348960 1046.8
1348970 1043.4
1348980 1039.7
1348990 1039.7
1349000 1034.8
1349010 1032.2
1349020 1032.2
1349030 1028.7
1349040 1023.2
1349050 1023.2
1349060 1017.3
1349070 1011.0
1349080 1011.0
1349090 1009.8
1349100 1010.6
1349110 1026.7
1349120 1026.4
1349130 1023.1
1349140 1021.0
1349150 1021.0
1349160 1019.4
1349170 1016.0
1349180 1016.0
1349190 1011.8
1349200 1006.0
1349210 1006.0
1349220 1000.5
1349230 996.5
1349240 996.5
1349250 991.5
1349260 984.8
1349270 984.8
1349280 977.3
1349290 970.4
1349300 970.4
1349310 963.4
1349320 955.3
1349330 955.3
1349340 948.7
1349350 944.2
1349360 944.2
1349370 940.9
1349380 938.3
1349390 938.3
1349400 933.5
1349410 926.6
1349420 926.6
1349430 921.3
1349440 914.8
1349450 914.8
1349460 908.0
1349470 902.0
1349480 902.0
1349490 895.3
1349500 888.2
1349510 881.4
1349520 881.4
1349530 873.6
1349540 865.5
1349550 865.5
1349560 858.0
1349570 849.0
1349580 849.0
1349590 837.4
1349600 825.5
1349610 825.5
1349620 812.4
1349630 799.2
1349640 799.2
1349650 790.1
1349660 781.5
1349670 781.5
1349680 770.6
1349690 760.5
1349700 760.5
1349710 752.8
1349720 746.6
1349730 746.6
1349740 740.9
1349750 735.9
1349760 735.9
1349770 731.6
1349780 727.9
1349790 727.9
1349800 723.8
1349810 719.4
1349820 719.4
1349830 715.6
1349840 714.9
1349850 714.9
1349860 718.7
1349870 723.2
1349880 723.2
1349890 727.7
1349900 734.7
1349910 742.0
1349920 742.0
1349930 748.8
1349940 753.8
1349950 753.8
1349960 759.3
1349970 766.9
1349980 766.9
1349990 771.8
1350000 773.9
1350010 773.9
1350020 776.0
1350030 779.0
1350040 779.0
1350050 776.4
1350060 781.5
1350070 781.5
1350080 786.5
1350090 791.6
1350100 791.6
1350110 798.0
1350120 803.6
1350130 803.6
1350140 809.2
1350150 816.2
1350160 816.2
1350170 821.5
1350180 825.5
1350190 825.5
1350200 829.7
1350210 835.5
1350220 835.5
1350230 842.1
1350240 847.6
1350250 847.6
1350260 853.5
1350270 860.6
1350280 865.1
1350290 865.1
1350300 869.2
1350310 870.5
1350320 870.5
1350330 869.1
1350340 868.0
1350350 868.0
1350360 863.4
1350370 856.4
1350380 856.4
1350390 849.0
1350400 839.4
1350410 839.4
1350420 828.0
1350430 818.1
1350440 818.1
1350450 808.6
1350460 797.7
1350470 797.7
1350480 787.6
1350490 773.9
1350500 773.9
1350510 762.1
1350520 754.7
1350530 754.7
1350540 748.9
1350550 744.9
1350560 744.9
1350570 740.8
1350580 736.2
1350590 736.2
1350600 731.8
1350610 721.0
1350620 721.0
1350630 713.8
1350640 710.3
1350650 705.7
1350660 705.7
1350670 700.0
1350680 693.6
1350690 693.6
1350700 689.2
1350710 683.6
1350720 683.6
1350730 675.7
1350740 665.9
1350750 665.9
1350760 659.9
1350770 653.5
1350780 653.5
1350790 647.0
1350800 640.0
1350810 640.0
1350820 634.0
1350830 628.4
1350840 628.4
1350850 622.6
1350860 616.0
1350870 616.0
1350880 608.9
1350890 602.0
1350900 602.0
1350910 595.0
1350920 588.3
1350930 588.3
1350940 582.8
1350950 578.2
1350960 578.2
1350970 573.4
1350980 568.1
1350990 568.1
1351000 562.6
1351010 553.1
1351020 548.6
1351030 548.6
1351040 545.2
1351050 541.4
1351060 541.4
1351070 536.9
1351080 532.6
1351090 532.6
1351100 528.6
1351110 524.2
1351120 524.2
1351130 520.3
1351140 516.6
1351150 516.6
1351160 512.5
1351170 507.9
1351180 507.9
1351190 503.8
1351200 501.3
1351210 501.3
1351220 500.0
1351230 499.3
1351240 499.3
1351250 498.9
1351260 498.6
1351270 498.6
1351280 498.3
1351290 498.2
1351300 498.2
1351310 497.9
1351320 497.7
1351330 497.7
1351340 497.6
1351350 498.0
1351360 498.0
1351370 499.5
1351380 500.0
1351390 499.3
1351400 499.3
1351410 499.3
1351420 501.5
1351430 501.5
1351440 503.2
1351450 503.9
1351460 503.9
1351470 504.6
1351480 505.2
1351490 505.2
1351500 505.8
1351510 506.1
1351520 506.1
1351530 506.1
1351540 505.8
1351550 505.8
1351560 505.4
1351570 504.0
1351580 504.0
1351590 500.6
1351600 496.6
1351610 496.6
1351620 492.6
1351630 489.4
1351640 489.4
1351650 487.5
1351660 486.0
1351670 486.0
1351680 485.2
1351690 484.9
1351700 484.9
1351710 484.8
1351720 484.7
1351730 484.7
1351740 484.6
1351750 484.6
1351760 484.6
1351770 484.6
1351780 484.7
1351790 484.7
1351800 484.7
1351810 484.4
1351820 483.8
1351830 483.8
1351840 483.4
1351850 482.6
1351860 482.6
1351870 481.9
1351880 482.0
1351890 482.0
1351900 482.1
1351910 482.2
1351920 482.2
1351930 482.2
1351940 482.1
1351950 482.1
1351960 482.1
1351970 482.0
1351980 482.0
1351990 482.1
1352000 482.0
1352010 482.0
1352020 481.9
1352030 481.7
1352040 481.7
1352050 481.7
1352060 481.8
1352070 481.8
1352080 482.1
1352090 482.3
1352100 482.3
1352110 482.3
1352120 482.2
1352130 482.2
1352140 482.1
1352150 482.1
1352160 482.3
1352170 482.3
1352180 483.6
1352190 487.9
1352200 487.9
1352210 493.3
1352220 495.6
1352230 495.6
1352240 495.7
1352250 495.7
1352260 495.7
1352270 493.4
1352280 488.2
1352290 488.2
1352300 483.8
1352310 482.0
1352320 482.0
1352330 481.8
1352340 481.8
1352350 481.8
1352360 481.8
1352370 481.9
1352380 481.9
1352390 481.9
1352400 482.0
1352410 482.0
1352420 482.1
1352430 482.3
1352440 482.3
1352450 482.5
1352460 482.5
1352470 482.5
1352480 482.6
1352490 482.7
1352500 482.7
1352510 482.8
1352520 482.7
1352530 482.6
1352540 482.6
1352550 482.5
1352560 482.4
1352570 482.4
1352580 482.3
1352590 481.7
1352600 481.7
1352610 482.4
1352620 483.3
1352630 483.3
1352640 484.6
1352650 486.1
1352660 486.1
1352670 489.8
1352680 494.3
1352690 494.3
1352700 498.9
1352710 501.9
1352720 501.9
1352730 503.7
1352740 506.9
1352750 506.9
1352760 507.6
1352770 504.3
1352780 504.3
1352790 501.9
1352800 501.4
1352810 501.4
1352820 502.0
1352830 503.4
1352840 503.4
1352850 506.4
1352860 508.4
1352870 508.4
1352880 508.4
1352890 507.5
1352900 505.5
1352910 505.5
1352920 504.9
1352930 503.1
1352940 490.9
1352950 488.5
1352960 486.3
1352970 486.3
1352980 485.0
1352990 484.7
1353000 484.7
1353010 484.5
1353020 484.3
1353030 484.3
1353040 483.9
1353050 483.4
1353060 483.4
1353070 482.7
1353080 481.8
1353090 481.8
1353100 480.7
1353110 479.7
1353120 479.7
1353130 478.6
1353140 478.0
1353150 478.0
1353160 477.7
1353170 477.7
1353180 477.7
1353190 477.6
1353200 477.6
1353210 477.6
1353220 477.7
1353230 477.7
1353240 477.7
1353250 477.7
1353260 477.7
1353270 477.7
1353280 477.7
1353290 477.8
1353300 477.7
1353310 477.7
1353320 477.7
1353330 477.7
1353340 477.7
1353350 477.7
1353360 477.7
1353370 477.7
1353380 477.7
1353390 477.7
1353400 477.7
1353410 477.7
1353420 477.7
1353430 477.7
1353440 477.7
1353450 477.7
1353460 477.7
1353470 477.7
1353480 477.8
1353490 477.8
1353500 478.2
1353510 479.1
1353520 479.1
1353530 480.8
1353540 482.5
1353550 482.5
1353560 483.5
1353570 484.0
1353580 484.0
1353590 484.9
1353600 484.9
1353610 484.9
1353620 484.0
1353630 484.5
1353640 485.1
1353650 485.1
1353660 486.2
1353670 487.4
1353680 487.4
1353690 488.2
1353700 488.5
1353710 488.5
1353720 488.4
1353730 488.2
1353740 488.2
1353750 488.0
1353760 488.1
1353770 488.1
1353780 488.2
1353790 488.0
1353800 488.0
1353810 487.9
1353820 487.7
1353830 487.7
1353840 487.7
1353850 487.6
1353860 487.6
1353870 487.5
1353880 487.4
1353890 487.4
1353900 487.2
1353910 487.0
1353920 486.9
1353930 486.7
1353940 486.8
1353950 486.8
1353960 486.8
1353970 486.8
1353980 486.8
1353990 486.6
1354000 486.8
1354010 486.8
1354020 486.8
1354030 486.8
1354040 486.7
1354050 486.7
1354060 486.7
1354070 486.6
1354080 486.6
1354090 486.7
1354100 486.8
1354110 486.8
1354120 486.8
1354130 486.7
1354140 486.7
1354150 486.8
1354160 486.8
1354170 486.8
1354180 486.6
1354190 486.6
1354200 486.6
1354210 486.9
1354220 487.0
1354230 487.0
1354240 486.9
1354250 486.5
1354260 486.5
1354270 486.4
1354280 486.7
1354290 486.7
1354300 487.0
1354310 487.0
1354320 487.0
1354330 486.9
1354340 486.7
1354350 486.7
1354360 486.8
1354370 486.8
1354380 486.8
1354390 486.9
1354400 487.3
1354410 487.6
1354420 487.6
1354430 487.7
1354440 487.5
1354450 487.5
1354460 487.2
1354470 487.1
1354480 487.1
1354490 487.1
1354500 487.2
1354510 487.2
1354520 487.3
1354530 487.2
1354540 487.2
1354550 487.3
1354560 487.5
1354570 487.5
1354580 487.7
1354590 488.1
1354600 488.1
1354610 488.4
1354620 488.4
1354630 488.4
1354640 488.4
1354650 488.6
1354660 488.6
1354670 488.6
1354680 488.7
1354690 488.7
1354700 489.1
1354710 489.4
1354720 489.4
1354730 489.1
1354740 489.2
1354750 489.2
1354760 489.5
1354770 490.0
1354780 490.3
1354790 490.3
1354800 490.6
1354810 491.0
1354820 491.0
1354830 491.2
1354840 491.6
1354850 491.6
1354860 492.0
1354870 492.3
1354880 492.3
1354890 492.3
1354900 493.1
1354910 493.1
1354920 493.9
1354930 493.8
1354940 493.8
1354950 494.0
1354960 494.1
1354970 494.1
1354980 494.7
1354990 495.7
1355000 495.7
1355010 495.9
1355020 496.8
1355030 496.8
1355040 497.3
1355050 498.3
1355060 498.3
1355070 498.7
1355080 499.3
1355090 499.3
1355100 500.0
1355110 500.3
1355120 500.3
1355130 500.5
1355140 500.8
1355150 501.2
1355160 501.2
1355170 501.6
1355180 502.0
1355190 502.0
1355200 502.8
1355210 503.7
1355220 503.7
1355230 504.6
1355240 505.3
1355250 505.3
1355260 505.8
1355270 506.4
1355280 506.4
1355290 506.8
1355300 507.1
1355310 507.1
1355320 507.5
1355330 507.8
1355340 507.8
1355350 507.9
1355360 508.0
1355370 508.0
1355380 508.1
1355390 508.2
1355400 508.2
1355410 508.3
1355420 508.4
1355430 508.4
1355440 508.5
1355450 509.0
1355460 509.0
1355470 509.9
1355480 512.6
1355490 512.6
1355500 518.5
1355510 525.0
1355520 533.6
1355530 533.6
1355540 541.3
1355550 549.6
1355560 549.6
1355570 557.6
1355580 563.6
1355590 563.6
1355600 568.1
1355610 572.6
1355620 572.6
1355630 576.7
1355640 581.0
1355650 581.0
1355660 585.1
1355670 589.0
1355680 589.0
1355690 591.7
1355700 595.8
1355710 595.8
1355720 600.1
1355730 604.4
1355740 604.4
1355750 607.5
1355760 609.0
1355770 609.0
1355780 610.0
1355790 611.0
1355800 611.0
1355810 612.7
1355820 612.7
1355830 612.7
1355840 607.4
1355850 602.4
1355860 602.4
1355870 600.4
1355880 604.3
1355890 604.3
1355900 605.7
1355910 610.0
1355920 616.4
1355930 616.4
1355940 623.0
1355950 628.8
1355960 628.8
1355970 635.4
1355980 643.2
1355990 643.2
1356000 651.4
1356010 657.2
1356020 657.2
1356030 663.4
1356040 669.1
1356050 669.1
1356060 673.7
1356070 679.8
1356080 679.8
1356090 688.4
1356100 694.1
1356110 694.1
1356120 702.2
1356130 711.6
1356140 711.6
1356150 721.4
1356160 729.9
1356170 729.9
1356180 738.6
1356190 746.2
1356200 746.2
1356210 749.7
1356220 750.3
1356230 750.3
1356240 753.3
1356250 753.9
1356260 753.9
1356270 751.5
1356280 751.3
1356290 753.5
1356300 753.5
1356310 758.0
1356320 760.7
1356330 760.7
1356340 762.1
1356350 766.2
1356360 766.2
1356370 772.6
1356380 779.3
1356390 779.3
1356400 784.5
1356410 789.9
1356420 789.9
1356430 796.6
1356440 803.2
1356450 803.2
1356460 810.3
1356470 818.2
1356480 818.2
1356490 826.4
1356500 833.9
1356510 833.9
1356520 840.0
1356530 846.3
1356540 846.3
1356550 852.2
1356560 857.4
1356570 857.4
1356580 860.9
1356590 864.5
1356600 864.5
1356610 871.3
1356620 877.7
1356630 877.7
1356640 881.3
1356650 884.8
1356660 887.9
1356670 887.9
1356680 892.5
1356690 895.8
1356700 895.8
1356710 898.9
1356720 900.7
1356730 900.7
1356740 898.8
1356750 897.6
1356760 897.6
1356770 895.6
1356780 893.3
1356790 893.3
1356800 889.6
1356810 888.3
1356820 888.3
1356830 889.3
1356840 888.8
1356850 888.8
1356860 890.1
1356870 889.5
1356880 889.5
1356890 886.8
1356900 885.8
1356910 885.8
1356920 882.8
1356930 883.9
1356940 883.9
1356950 886.4
1356960 890.6
1356970 890.6
1356980 897.7
1356990 903.6
1357000 903.6
1357010 907.9
1357020 910.8
1357030 913.6
1357040 913.6
1357050 918.7
1357060 924.0
1357070 924.0
1357080 928.8
1357090 934.3
1357100 934.3
1357110 938.7
1357120 941.7
1357130 941.7
1357140 945.3
1357150 948.3
1357160 948.3
1357170 951.0
1357180 953.0
1357190 953.0
1357200 953.4
1357210 953.9
1357220 953.9
1357230 954.4
1357240 954.3
1357250 954.3
1357260 955.4
1357270 960.1
1357280 960.1
1357290 966.5
1357300 973.8
1357310 973.8
1357320 979.0
1357330 983.0
1357340 983.0
1357350 986.6
1357360 988.9
1357370 988.9
1357380 992.2
1357390 997.2
1357400 1001.4
1357410 1001.4
1357420 1004.0
1357430 1006.0
1357440 1006.0
1357450 1009.5
1357460 1014.1
1357470 1014.1
1357480 1020.0
1357490 1025.4
1357500 1025.4
1357510 1028.6
1357520 1030.9
1357530 1030.9
1357540 1033.1
1357550 1035.4
1357560 1035.4
1357570 1036.2
1357580 1036.0
1357590 1036.0
1357600 1037.0
1357610 1037.9
1357620 1037.9
1357630 1038.3
1357640 1039.2
1357650 1039.2
1357660 1039.4
1357670 1040.1
1357680 1040.1
1357690 1038.9
1357700 1034.9
1357710 1034.9
1357720 1029.3
1357730 1022.1
1357740 1022.1
1357750 1015.2
1357760 1007.4
1357770 998.3
1357780 998.3
1357790 990.8
1357800 984.1
1357810 984.1
1357820 977.4
1357830 969.6
1357840 969.6
1357850 960.1
1357860 948.2
1357870 948.2
1357880 941.7
1357890 945.4
1357900 948.7
1357910 953.8
1357920 959.2
1357930 959.2
1357940 964.5
1357950 970.6
1357960 970.6
1357970 972.6
1357980 975.2
1357990 975.2
1358000 981.9
1358010 985.8
1358020 985.8
1358030 989.3
1358040 991.3
1358050 991.3
1358060 996.7
1358070 1006.9
1358080 1006.9
1358090 1015.6
1358100 1017.7
1358110 1017.7
1358120 1018.1
1358130 1017.5
1358140 1017.5
1358150 1014.1
1358160 1015.0
1358170 1018.9
1358180 1018.9
1358190 1021.4
1358200 1022.7
1358210 1022.7
1358220 1024.3
1358230 1028.4
1358240 1028.4
1358250 1032.8
1358260 1037.1
1358270 1037.1
1358280 1040.1
1358290 1040.2
1358300 1040.2
1358310 1039.1
1358320 1040.3
1358330 1040.3
1358340 1042.4
1358350 1045.2
1358360 1045.2
1358370 1047.8
1358380 1052.6
1358390 1052.6
1358400 1059.2
1358410 1065.0
1358420 1065.0
1358430 1070.8
1358440 1077.9
1358450 1077.9
1358460 1086.0
1358470 1094.8
1358480 1094.8
1358490 1104.5
1358500 1112.0
1358510 1112.0
1358520 1117.4
1358530 1120.1
1358540 1122.4
1358550 1122.4
1358560 1124.0
1358570 1126.0
1358580 1126.0
1358590 1129.8
1358600 1135.1
1358610 1135.1
1358620 1139.5
1358630 1143.7
1358640 1143.7
1358650 1149.8
1358660 1157.6
1358670 1157.6
1358680 1165.0
1358690 1170.8
1358700 1170.8
1358710 1174.5
1358720 1177.1
1358730 1177.1
1358740 1180.2
1358750 1184.0
1358760 1184.0
1358770 1190.2
1358780 1198.3
1358790 1198.3
1358800 1205.6
1358810 1212.3
1358820 1212.3
1358830 1219.0
1358840 1226.4
1358850 1226.4
1358860 1230.0
1358870 1228.8
1358880 1228.8
1358890 1230.0
1358900 1232.4
1358910 1229.1
1358920 1229.1
1358930 1225.8
1358940 1222.1
1358950 1222.1
1358960 1217.2
1358970 1212.4
1358980 1212.4
1358990 1208.0
1359000 1207.2
1359010 1207.2
1359020 1211.0
1359030 1214.7
1359040 1214.7
1359050 1218.5
1359060 1222.1
1359070 1222.1
1359080 1223.9
1359090 1226.0
1359100 1226.0
1359110 1230.4
1359120 1234.5
1359130 1234.5
1359140 1238.6
1359150 1242.3
1359160 1242.3
1359170 1243.2
1359180 1238.9
1359190 1238.9
1359200 1231.9
1359210 1224.3
1359220 1224.3
1359230 1216.3
1359240 1208.4
1359250 1208.4
1359260 1202.0
1359270 1197.5
1359280 1194.8
1359290 1194.8
1359300 1192.6
1359310 1189.1
1359320 1189.1
1359330 1184.8
1359340 1179.9
1359350 1179.9
1359360 1175.5
1359370 1171.6
1359380 1171.6
1359390 1168.2
1359400 1170.7
1359410 1170.7
1359420 1175.9
1359430 1180.0
1359440 1180.0
1359450 1185.0
1359460 1190.7
1359470 1190.7
1359480 1195.2
1359490 1199.8
1359500 1199.8
1359510 1203.5
1359520 1205.2
1359530 1205.2
1359540 1205.0
1359550 1203.9
1359560 1203.9
1359570 1202.2
1359580 1200.5
1359590 1200.5
1359600 1197.8
1359610 1182.6
1359620 1182.6
1359630 1171.4
1359640 1163.8
1359650 1160.4
1359660 1160.4
1359670 1158.2
1359680 1155.0
1359690 1155.0
1359700 1152.1
1359710 1148.0
1359720 1148.0
1359730 1148.4
1359740 1150.8
1359750 1150.8
1359760 1153.5
1359770 1155.8
1359780 1155.8
1359790 1154.2
1359800 1151.6
1359810 1151.6
1359820 1152.5
1359830 1153.2
1359840 1153.2
1359850 1151.6
1359860 1149.3
1359870 1149.3
1359880 1144.2
1359890 1139.7
1359900 1139.7
1359910 1135.9
1359920 1130.9
1359930 1130.9
1359940 1121.8
1359950 1120.4
1359960 1120.4
1359970 1117.2
1359980 1114.3
1359990 1114.3
