1340000 680.1
1340010 679.7
1340020 679.3
1340030 679.3
1340040 679.1
1340050 679.0
1340060 679.0
1340070 678.9
1340080 678.9
1340090 678.9
1340100 678.7
1340110 678.4
1340120 678.4
1340130 677.9
1340140 676.9
1340150 675.4
1340160 675.4
1340170 675.3
1340180 676.3
1340190 676.3
1340200 676.6
1340210 676.7
1340220 676.7
1340230 676.9
1340240 677.1
1340250 677.1
1340260 676.7
1340270 676.1
1340280 676.1
1340290 675.8
1340300 676.2
1340310 676.2
1340320 677.7
1340330 680.6
1340340 680.6
1340350 684.5
1340360 689.1
1340370 689.1
1340380 694.2
1340390 697.6
1340400 697.6
1340410 699.4
1340420 700.6
1340430 700.6
1340440 701.7
1340450 702.5
1340460 702.5
1340470 702.9
1340480 703.0
1340490 703.0
1340500 703.5
1340510 704.6
1340520 704.6
1340530 706.2
1340540 707.8
1340550 709.1
1340560 709.1
1340570 710.3
1340580 709.9
1340590 709.9
1340600 711.0
1340610 712.2
1340620 712.2
1340630 713.3
1340640 713.8
1340650 713.8
1340660 712.6
1340670 710.0
1340680 710.0
1340690 707.8
1340700 705.6
1340710 705.6
1340720 703.3
1340730 701.0
1340740 701.0
1340750 698.8
1340760 697.3
1340770 697.3
1340780 696.0
1340790 694.5
1340800 694.5
1340810 692.7
1340820 691.3
1340830 691.3
1340840 690.3
1340850 689.5
1340860 689.5
1340870 688.8
1340880 688.2
1340890 688.2
1340900 687.6
1340910 686.4
1340920 683.6
1340930 683.6
1340940 680.8
1340950 678.2
1340960 678.2
1340970 675.7
1340980 673.3
1340990 673.3
1341000 670.8
1341010 668.3
1341020 668.3
1341030 665.6
1341040 662.5
1341050 662.5
1341060 660.2
1341070 659.1
1341080 659.1
1341090 658.7
1341100 658.3
1341110 658.3
1341120 657.7
1341130 657.3
1341140 657.3
1341150 656.9
1341160 656.5
1341170 656.5
1341180 656.3
1341190 656.2
1341200 656.2
1341210 656.0
1341220 655.9
1341230 655.9
1341240 655.7
1341250 655.1
1341260 655.1
1341270 654.6
1341280 654.4
1341290 654.4
1341300 654.1
1341310 653.6
1341320 653.4
1341330 653.4
1341340 653.2
1341350 652.8
1341360 652.8
1341370 652.5
1341380 652.2
1341390 652.2
1341400 652.0
1341410 651.8
1341420 651.8
1341430 651.5
1341440 650.3
1341450 650.3
1341460 649.4
1341470 649.8
1341480 649.8
1341490 650.4
1341500 651.3
1341510 651.3
1341520 655.0
1341530 662.3
1341540 662.3
1341550 668.2
1341560 675.4
1341570 675.4
1341580 683.0
1341590 690.1
1341600 690.1
1341610 695.4
1341620 696.5
1341630 696.5
1341640 690.9
1341650 688.4
1341660 688.4
1341670 696.5
1341680 702.6
1341690 704.9
1341700 704.9
1341710 702.7
1341720 706.6
1341730 706.6
1341740 713.6
1341750 719.2
1341760 719.2
1341770 723.3
1341780 725.5
1341790 725.5
1341800 722.9
1341810 718.8
1341820 718.8
1341830 714.3
1341840 709.0
1341850 709.0
1341860 712.1
1341870 713.9
1341880 713.9
1341890 718.2
1341900 723.8
1341910 723.8
1341920 729.9
1341930 734.3
1341940 734.3
1341950 737.2
1341960 737.3
1341970 737.3
1341980 733.1
1341990 726.8
1342000 726.8
1342010 729.0
1342020 732.1
1342030 732.1
1342040 731.6
1342050 727.3
1342060 727.3
1342070 725.7
1342080 732.7
1342090 739.4
1342100 739.4
1342110 743.7
1342120 746.8
1342130 746.8
1342140 749.6
1342150 751.1
1342160 751.1
1342170 752.1
1342180 755.4
1342190 755.4
1342200 759.4
1342210 763.6
1342220 763.6
1342230 765.5
1342240 762.7
1342250 762.7
1342260 761.1
1342270 763.2
1342280 763.2
1342290 762.5
1342300 764.4
1342310 764.4
1342320 766.8
1342330 765.9
1342340 765.9
1342350 767.6
1342360 768.2
1342370 773.2
1342380 772.6
1342390 771.7
1342400 771.7
1342410 771.1
1342420 774.6
1342430 774.6
1342440 776.1
1342450 776.4
1342460 777.5
1342470 777.5
1342480 777.6
1342490 777.8
1342500 777.8
1342510 776.6
1342520 775.5
1342530 775.5
1342540 774.9
1342550 774.2
1342560 774.2
1342570 773.2
1342580 771.7
1342590 771.7
1342600 769.2
1342610 762.8
1342620 762.8
1342630 757.8
1342640 764.4
1342650 764.4
1342660 769.2
1342670 774.8
1342680 774.8
1342690 780.1
1342700 783.4
1342710 783.4
1342720 785.4
1342730 788.2
1342740 788.2
1342750 790.3
1342760 792.5
1342770 792.5
1342780 793.8
1342790 794.6
1342800 794.6
1342810 795.7
1342820 796.8
1342830 796.8
1342840 797.9
1342850 798.6
1342860 798.9
1342870 798.9
1342880 798.9
1342890 799.1
1342900 799.1
1342910 798.5
1342920 798.4
1342930 798.4
1342940 797.6
1342950 797.3
1342960 797.3
1342970 798.9
1342980 796.9
1342990 796.9
1343000 795.4
1343010 797.4
1343020 797.4
1343030 800.2
1343040 800.7
1343050 800.7
1343060 799.7
1343070 797.4
1343080 797.4
1343090 798.4
1343100 798.6
1343110 798.6
1343120 798.4
1343130 799.1
1343140 799.1
1343150 801.0
1343160 803.4
1343170 803.4
1343180 805.1
1343190 805.0
1343200 805.0
1343210 806.2
1343220 807.9
1343230 808.9
1343240 808.9
1343250 809.2
1343260 810.1
1343270 813.2
1343280 814.0
1343290 814.4
1343300 814.4
1343310 814.3
1343320 814.4
1343330 814.4
1343340 814.7
1343350 815.2
1343360 815.2
1343370 815.6
1343380 816.2
1343390 816.2
1343400 816.7
1343410 817.3
1343420 817.3
1343430 817.5
1343440 817.4
1343450 817.4
1343460 816.9
1343470 814.7
1343480 814.7
1343490 811.2
1343500 806.5
1343510 806.5
1343520 800.7
1343530 796.7
1343540 796.7
1343550 794.1
1343560 790.4
1343570 790.4
1343580 785.1
1343590 781.5
1343600 781.5
1343610 788.0
1343620 792.7
1343630 791.4
1343640 791.4
1343650 789.0
1343660 791.4
1343670 791.4
1343680 794.7
1343690 798.7
1343700 798.7
1343710 803.3
1343720 808.4
1343730 808.4
1343740 814.4
1343750 819.7
1343760 819.7
1343770 825.3
1343780 830.9
1343790 830.9
1343800 835.4
1343810 839.0
1343820 839.0
1343830 841.8
1343840 843.4
1343850 843.4
1343860 846.2
1343870 848.8
1343880 848.8
1343890 849.8
1343900 853.3
1343910 853.3
1343920 857.6
1343930 861.3
1343940 861.3
1343950 864.0
1343960 866.6
1343970 866.6
1343980 869.3
1343990 871.8
1344000 874.4
1344010 874.4
1344020 876.5
1344030 878.2
1344040 878.2
1344050 879.3
1344060 880.3
1344070 880.3
1344080 881.3
1344090 882.6
1344100 882.6
1344110 883.9
1344120 884.9
1344130 884.9
1344140 885.8
1344150 886.7
1344160 886.7
1344170 887.0
1344180 889.8
1344190 889.8
1344200 890.5
1344210 890.8
1344220 890.8
1344230 890.8
1344240 892.0
1344250 892.0
1344260 893.4
1344270 895.1
1344280 895.1
1344290 896.0
1344300 896.1
1344310 896.1
1344320 895.3
1344330 893.8
1344340 893.8
1344350 890.6
1344360 888.5
1344370 888.5
1344380 890.8
1344390 891.5
1344400 891.4
1344410 891.4
1344420 890.8
1344430 890.2
1344440 890.2
1344450 889.1
1344460 888.2
1344470 888.2
1344480 888.3
1344490 887.0
1344500 887.0
1344510 885.5
1344520 884.3
1344530 884.3
1344540 882.1
1344550 878.7
1344560 878.7
1344570 876.2
1344580 874.2
1344590 874.2
1344600 872.6
1344610 871.2
1344620 871.2
1344630 870.1
1344640 869.5
1344650 869.5
1344660 868.7
1344670 867.2
1344680 867.2
1344690 865.8
1344700 865.5
1344710 865.5
1344720 865.6
1344730 865.3
1344740 865.3
1344750 863.7
1344760 862.1
1344770 860.5
1344780 860.5
1344790 858.5
1344800 855.4
1344810 855.4
1344820 851.6
1344830 847.1
1344840 847.1
1344850 842.3
1344860 837.9
1344870 837.9
1344880 833.5
1344890 828.6
1344900 828.6
1344910 823.8
1344920 818.8
1344930 818.8
1344940 813.7
1344950 808.1
1344960 808.1
1344970 801.7
1344980 794.7
1344990 794.7
1345000 787.4
1345010 780.1
1345020 780.1
1345030 772.6
1345040 765.1
1345050 765.1
1345060 757.7
1345070 750.0
1345080 750.0
1345090 742.6
1345100 734.0
1345110 734.0
1345120 725.9
1345130 717.3
1345140 709.7
1345150 709.7
1345160 702.7
1345170 694.6
1345180 694.6
1345190 687.8
1345200 680.5
1345210 680.5
1345220 673.5
1345230 667.1
1345240 667.1
1345250 661.9
1345260 656.0
1345270 656.0
1345280 650.6
1345290 650.6
1345300 650.6
1345310 653.8
1345320 658.4
1345330 658.4
1345340 664.5
1345350 670.9
1345360 670.9
1345370 678.0
1345380 686.0
1345390 686.0
1345400 693.9
1345410 700.8
1345420 700.8
1345430 706.5
1345440 711.1
1345450 711.1
1345460 715.7
1345470 720.9
1345480 720.9
1345490 726.7
1345500 732.6
1345510 732.6
1345520 738.6
1345530 744.4
1345540 750.0
1345550 750.0
1345560 755.2
1345570 759.1
1345580 759.1
1345590 762.6
1345600 765.4
1345610 765.4
1345620 765.9
1345630 765.5
1345640 765.5
1345650 763.9
1345660 761.3
1345670 761.3
1345680 758.6
1345690 755.6
1345700 755.6
1345710 752.0
1345720 750.3
1345730 750.3
1345740 752.6
1345750 756.5
1345760 756.5
1345770 761.2
1345780 766.0
1345790 766.0
1345800 770.7
1345810 775.8
1345820 775.8
1345830 780.5
1345840 786.4
1345850 786.4
1345860 791.8
1345870 795.9
1345880 795.9
1345890 799.9
1345900 802.8
1345910 805.1
1345920 805.1
1345930 807.1
1345940 808.8
1345950 808.8
1345960 810.1
1345970 811.1
1345980 811.1
1345990 811.8
1346000 812.3
1346010 812.3
1346020 810.1
1346030 809.9
1346040 809.9
1346050 809.5
1346060 808.9
1346070 808.9
1346080 808.2
1346090 807.4
1346100 807.4
1346110 805.7
1346120 803.2
1346130 803.2
1346140 801.0
1346150 799.3
1346160 799.3
1346170 797.8
1346180 796.7
1346190 796.7
1346200 795.8
1346210 795.1
1346220 795.1
1346230 794.2
1346240 793.0
1346250 793.0
1346260 792.3
1346270 792.5
1346280 792.5
1346290 792.9
1346300 792.9
1346310 793.0
1346320 793.0
1346330 792.4
1346340 791.2
1346350 791.2
1346360 790.4
1346370 789.6
1346380 789.6
1346390 789.2
1346400 788.9
1346410 788.9
1346420 788.6
1346430 788.1
1346440 788.1
1346450 787.8
1346460 787.5
1346470 787.5
1346480 787.6
1346490 787.2
1346500 787.2
1346510 786.8
1346520 786.7
1346530 786.7
1346540 786.3
1346550 785.8
1346560 785.8
1346570 785.3
1346580 784.7
1346590 784.7
1346600 784.3
1346610 784.3
1346620 784.3
1346630 784.8
1346640 784.9
1346650 784.9
1346660 784.3
1346670 782.9
1346680 782.4
1346690 782.4
1346700 782.4
1346710 781.4
1346720 781.4
1346730 780.1
1346740 779.6
1346750 779.6
1346760 779.4
1346770 777.6
1346780 777.6
1346790 776.6
1346800 775.6
1346810 775.6
1346820 774.9
1346830 773.4
1346840 773.4
1346850 772.6
1346860 771.9
1346870 771.9
1346880 771.1
1346890 770.2
1346900 770.2
1346910 769.2
1346920 768.1
1346930 768.1
1346940 767.6
1346950 766.8
1346960 766.8
1346970 766.1
1346980 764.6
1346990 764.6
1347000 763.8
1347010 762.7
1347020 762.7
1347030 761.9
1347040 761.4
1347050 761.4
1347060 760.7
1347070 759.6
1347080 758.5
1347090 758.5
1347100 758.6
1347110 757.4
1347120 757.4
1347130 755.4
1347140 753.0
1347150 753.0
1347160 749.2
1347170 746.3
1347180 746.3
1347190 743.3
1347200 741.5
1347210 741.5
1347220 740.0
1347230 737.9
1347240 737.9
1347250 737.2
1347260 736.8
1347270 736.8
1347280 733.5
1347290 730.9
1347300 730.9
1347310 728.5
1347320 724.9
1347330 724.9
1347340 722.3
1347350 722.0
1347360 722.0
1347370 723.3
1347380 723.5
1347390 723.5
1347400 723.6
1347410 723.3
1347420 723.3
1347430 723.0
1347440 721.1
1347450 720.0
1347460 720.0
1347470 716.8
1347480 713.8
1347490 713.8
1347500 711.5
1347510 709.4
1347520 709.4
1347530 706.3
1347540 703.4
1347550 703.4
1347560 700.8
1347570 698.6
1347580 698.6
1347590 695.5
1347600 692.8
1347610 692.8
1347620 691.0
1347630 688.6
1347640 688.6
1347650 686.6
1347660 684.6
1347670 684.6
1347680 682.7
1347690 681.0
1347700 681.0
1347710 679.5
1347720 678.4
1347730 678.4
1347740 677.7
1347750 677.5
1347760 677.5
1347770 675.9
1347780 671.4
1347790 671.4
1347800 671.5
1347810 675.7
1347820 678.3
1347830 678.3
1347840 679.8
1347850 680.5
1347860 680.5
1347870 680.3
1347880 683.2
1347890 683.2
1347900 682.7
1347910 681.9
1347920 681.9
1347930 681.0
1347940 679.7
1347950 679.7
1347960 678.7
1347970 677.7
1347980 677.7
1347990 676.3
1348000 675.0
1348010 675.0
1348020 674.4
1348030 674.2
1348040 674.2
1348050 674.6
1348060 675.6
1348070 675.6
1348080 676.9
1348090 676.8
1348100 676.8
1348110 676.1
1348120 675.3
1348130 675.3
1348140 674.6
1348150 674.1
1348160 674.1
1348170 673.2
1348180 672.2
1348190 672.2
1348200 671.2
1348210 670.3
1348220 670.0
1348230 670.0
1348240 669.7
1348250 667.9
1348260 667.9
1348270 665.9
1348280 664.0
1348290 664.0
1348300 662.8
1348310 661.5
1348320 661.5
1348330 660.2
1348340 658.1
1348350 658.1
1348360 655.0
1348370 651.4
1348380 651.4
1348390 647.4
1348400 643.7
1348410 643.7
1348420 639.8
1348430 636.1
1348440 636.1
1348450 632.7
1348460 630.8
1348470 630.8
1348480 630.1
1348490 630.9
1348500 630.9
1348510 632.3
1348520 632.5
1348530 632.5
1348540 631.1
1348550 629.9
1348560 629.9
1348570 629.2
1348580 628.9
1348590 628.4
1348600 628.4
1348610 628.0
1348620 627.7
1348630 627.7
1348640 627.3
1348650 626.8
1348660 626.8
1348670 626.4
1348680 626.0
1348690 626.0
1348700 625.5
1348710 625.3
1348720 625.3
1348730 625.2
1348740 624.7
1348750 624.7
1348760 624.1
1348770 623.6
1348780 623.6
1348790 623.2
1348800 622.9
1348810 622.9
1348820 622.6
1348830 622.5
1348840 622.5
1348850 622.0
1348860 621.6
1348870 621.6
1348880 621.2
1348890 620.8
1348900 620.8
1348910 620.4
1348920 620.0
1348930 620.0
1348940 619.5
1348950 618.9
1348960 618.9
1348970 618.3
1348980 617.8
1348990 617.4
1349000 617.4
1349010 616.8
1349020 616.4
1349030 616.4
1349040 616.4
1349050 616.4
1349060 616.4
1349070 616.4
1349080 616.4
1349090 616.4
1349100 616.4
1349110 616.4
1349120 616.4
1349130 616.4
1349140 616.4
1349150 616.4
1349160 616.4
1349170 616.4
1349180 616.4
1349190 616.4
1349200 616.4
1349210 616.4
1349220 616.4
1349230 616.4
1349240 616.4
1349250 616.4
1349260 616.4
1349270 616.4
1349280 616.4
1349290 616.4
1349300 616.4
1349310 616.4
1349320 616.4
1349330 616.4
1349340 616.4
1349350 616.4
1349360 616.4
1349370 616.4
1349380 616.4
1349390 616.4
1349400 616.4
1349410 616.4
1349420 616.4
1349430 616.4
1349440 616.4
1349450 616.4
1349460 616.4
1349470 616.4
1349480 616.4
1349490 616.4
1349500 616.4
1349510 616.4
1349520 616.4
1349530 616.4
1349540 616.4
1349550 616.4
1349560 616.4
1349570 616.4
1349580 616.4
1349590 616.4
1349600 616.4
1349610 616.4
1349620 616.4
1349630 616.4
1349640 616.4
1349650 616.4
1349660 616.4
1349670 616.4
1349680 616.5
1349690 617.1
1349700 617.1
1349710 617.5
1349720 617.7
1349730 617.7
1349740 618.6
1349750 620.0
1349760 621.2
1349770 622.0
1349780 624.1
1349790 626.4
1349800 626.4
1349810 628.2
1349820 629.9
1349830 629.9
1349840 630.5
1349850 630.9
1349860 630.9
1349870 634.3
1349880 636.6
1349890 636.6
1349900 638.7
1349910 641.2
1349920 641.2
1349930 643.8
1349940 647.2
1349950 647.2
1349960 650.1
1349970 653.0
1349980 653.0
1349990 655.8
1350000 658.7
1350010 658.7
1350020 661.1
1350030 662.9
1350040 662.9
1350050 665.0
1350060 667.3
1350070 667.3
1350080 669.7
1350090 671.8
1350100 671.8
1350110 673.8
1350120 675.6
1350130 677.4
1350140 677.4
1350150 679.1
1350160 680.6
1350170 680.6
1350180 681.7
1350190 682.1
1350200 682.1
1350210 681.4
1350220 680.4
1350230 680.4
1350240 679.7
1350250 679.8
1350260 679.8
1350270 679.5
1350280 679.0
1350290 679.0
1350300 678.9
1350310 678.9
1350320 678.9
1350330 679.0
1350340 679.8
1350350 679.8
1350360 681.1
1350370 682.7
1350380 682.7
1350390 685.1
1350400 688.0
1350410 688.0
1350420 691.3
1350430 694.4
1350440 694.4
1350450 698.0
1350460 702.4
1350470 702.4
1350480 705.5
1350490 708.8
1350500 712.5
1350510 712.5
1350520 717.0
1350530 721.8
1350540 721.8
1350550 726.9
1350560 732.4
1350570 732.4
1350580 738.0
1350590 743.5
1350600 743.5
1350610 748.3
1350620 752.9
1350630 752.9
1350640 758.0
1350650 764.2
1350660 764.2
1350670 768.0
1350680 770.5
1350690 770.5
1350700 774.8
1350710 782.3
1350720 805.9
1350730 818.1
1350740 828.8
1350750 828.8
1350760 839.8
1350770 851.9
1350780 851.9
1350790 863.7
1350800 872.4
1350810 872.4
1350820 879.2
1350830 883.9
1350840 883.9
1350850 887.7
1350860 890.8
1350870 890.8
1350880 894.9
1350890 898.7
1350900 901.0
1350910 901.0
1350920 902.0
1350930 902.6
1350940 902.6
1350950 902.6
1350960 902.6
1350970 902.6
1350980 902.1
1350990 903.0
1351000 903.0
1351010 903.3
1351020 902.8
1351030 902.8
1351040 901.2
1351050 898.7
1351060 898.7
1351070 895.5
1351080 888.2
1351090 888.2
1351100 880.3
1351110 874.7
1351120 874.7
1351130 870.2
1351140 865.5
1351150 865.5
1351160 860.6
1351170 855.9
1351180 855.9
1351190 852.9
1351200 850.5
1351210 850.5
1351220 850.6
1351230 851.5
1351240 851.5
1351250 852.1
1351260 854.6
1351270 859.3
1351280 859.3
1351290 866.4
1351300 872.1
1351310 872.1
1351320 872.6
1351330 870.8
1351340 870.8
1351350 868.0
1351360 863.1
1351370 863.1
1351380 855.9
1351390 851.0
1351400 851.0
1351410 849.5
1351420 846.6
1351430 846.6
1351440 839.1
1351450 834.7
1351460 834.7
1351470 833.2
1351480 825.9
1351490 825.9
1351500 820.7
1351510 816.5
1351520 816.5
1351530 812.9
1351540 810.4
1351550 810.4
1351560 808.7
1351570 805.5
1351580 805.5
1351590 798.4
1351600 791.1
1351610 791.1
1351620 782.7
1351630 774.4
1351640 774.4
1351650 767.2
1351660 759.9
1351670 753.3
1351680 752.5
1351690 748.8
1351700 749.5
1351710 749.5
1351720 748.0
1351730 746.5
1351740 746.5
1351750 745.0
1351760 742.5
1351770 742.5
1351780 740.4
1351790 739.1
1351800 739.1
1351810 736.5
1351820 731.0
1351830 731.0
1351840 723.5
1351850 715.3
1351860 715.3
1351870 711.0
1351880 709.8
1351890 709.8
1351900 708.5
1351910 705.4
1351920 705.4
1351930 700.9
1351940 695.3
1351950 695.3
1351960 689.5
1351970 687.3
1351980 687.3
1351990 687.0
1352000 688.1
1352010 688.1
1352020 690.8
1352030 697.6
1352040 699.5
1352050 699.5
1352060 698.4
1352070 694.9
1352080 694.9
1352090 690.7
1352100 686.9
1352110 686.9
1352120 681.6
1352130 673.6
1352140 673.6
1352150 663.3
1352160 652.9
1352170 652.9
1352180 643.6
1352190 636.2
1352200 636.2
1352210 628.5
1352220 619.3
1352230 619.3
1352240 612.5
1352250 606.9
1352260 606.9
1352270 603.9
1352280 601.6
1352290 601.6
1352300 598.7
1352310 596.1
1352320 596.1
1352330 595.4
1352340 594.4
1352350 594.4
1352360 591.5
1352370 589.1
1352380 589.1
1352390 591.6
1352400 592.3
1352410 592.3
1352420 588.1
1352430 579.2
1352440 569.7
1352450 569.7
1352460 561.4
1352470 554.1
1352480 554.1
1352490 547.8
1352500 541.9
1352510 541.9
1352520 536.2
1352530 532.2
1352540 532.2
1352550 528.9
1352560 526.4
1352570 526.4
1352580 522.1
1352590 518.9
1352600 518.9
1352610 517.4
1352620 517.3
1352630 517.3
1352640 516.8
1352650 514.9
1352660 514.9
1352670 513.9
1352680 513.6
1352690 513.6
1352700 512.1
1352710 510.1
1352720 510.1
1352730 509.1
1352740 508.6
1352750 508.6
1352760 508.4
1352770 508.2
1352780 508.2
1352790 508.1
1352800 508.0
1352810 508.0
1352820 508.0
1352830 508.0
1352840 507.9
1352850 507.9
1352860 507.7
1352870 507.7
1352880 507.7
1352890 507.6
1352900 507.4
1352910 507.4
1352920 507.0
1352930 506.9
1352940 506.9
1352950 506.6
1352960 506.4
1352970 506.4
1352980 506.2
1352990 506.0
1353000 506.0
1353010 505.8
1353020 505.7
1353030 505.7
1353040 505.4
1353050 505.0
1353060 505.0
1353070 504.8
1353080 504.7
1353090 504.7
1353100 504.5
1353110 504.2
1353120 504.2
1353130 504.1
1353140 503.9
1353150 503.9
1353160 503.8
1353170 503.6
1353180 503.5
1353190 503.5
1353200 503.5
1353210 503.6
1353220 503.6
1353230 503.5
1353240 503.6
1353250 503.6
1353260 503.6
1353270 503.3
1353280 503.3
1353290 503.0
1353300 502.6
1353310 502.6
1353320 502.2
1353330 501.8
1353340 501.8
1353350 501.4
1353360 501.0
1353370 501.0
1353380 500.9
1353390 501.1
1353400 501.1
1353410 501.7
1353420 502.2
1353430 502.2
1353440 502.8
1353450 503.1
1353460 503.1
1353470 503.2
1353480 503.2
1353490 503.2
1353500 502.8
1353510 502.3
1353520 502.3
1353530 501.4
1353540 500.6
1353550 500.6
1353560 499.1
1353570 498.3
1353580 498.1
1353590 498.1
1353600 498.2
1353610 498.3
1353620 498.3
1353630 499.9
1353640 499.8
1353650 499.8
1353660 499.4
1353670 499.1
1353680 499.1
1353690 499.0
1353700 498.3
1353710 498.3
1353720 497.0
1353730 496.9
1353740 496.9
1353750 499.1
1353760 500.9
1353770 500.9
1353780 501.4
1353790 501.1
1353800 501.1
1353810 500.3
1353820 498.2
1353830 498.2
1353840 496.4
1353850 495.5
1353860 495.5
1353870 494.3
1353880 491.8
1353890 491.8
1353900 488.7
1353910 486.0
1353920 486.0
1353930 485.1
1353940 484.4
1353950 481.7
1353960 481.7
1353970 480.5
1353980 480.5
1353990 480.5
1354000 480.5
1354010 480.5
1354020 480.5
1354030 480.4
1354040 480.7
1354050 480.7
1354060 480.9
1354070 481.0
1354080 481.0
1354090 481.3
1354100 481.5
1354110 481.5
1354120 481.7
1354130 481.9
1354140 481.9
1354150 482.0
1354160 482.3
1354170 482.3
1354180 482.3
1354190 482.3
1354200 482.3
1354210 481.9
1354220 480.4
1354230 480.4
1354240 480.0
1354250 479.8
1354260 479.8
1354270 477.9
1354280 477.2
1354290 477.2
1354300 477.0
1354310 476.9
1354320 476.9
1354330 476.9
1354340 476.9
1354350 477.0
1354360 477.0
1354370 477.0
1354380 477.3
1354390 477.3
1354400 477.5
1354410 478.8
1354420 478.8
1354430 480.4
1354440 480.9
1354450 480.9
1354460 480.8
1354470 480.8
1354480 480.8
1354490 480.8
1354500 480.7
1354510 480.7
1354520 480.8
1354530 480.7
1354540 480.7
1354550 480.8
1354560 481.1
1354570 481.1
1354580 481.4
1354590 481.4
1354600 481.4
1354610 482.0
1354620 481.8
1354630 481.8
1354640 481.7
1354650 481.8
1354660 481.8
1354670 481.9
1354680 481.6
1354690 481.6
1354700 481.5
1354710 481.4
1354720 481.6
1354730 481.6
1354740 481.7
1354750 481.8
1354760 481.8
1354770 481.8
1354780 481.6
1354790 481.6
1354800 480.1
1354810 479.1
1354820 479.1
1354830 478.9
1354840 479.5
1354850 479.5
1354860 482.1
1354870 482.3
1354880 482.3
1354890 481.7
1354900 480.8
1354910 480.8
1354920 480.3
1354930 480.3
1354940 480.3
1354950 480.2
1354960 480.3
1354970 480.3
1354980 480.4
1354990 480.8
1355000 480.8
1355010 482.2
1355020 484.2
1355030 484.2
1355040 485.3
1355050 485.5
1355060 485.5
1355070 485.4
1355080 485.3
1355090 485.2
1355100 485.2
1355110 485.1
1355120 485.0
1355130 485.0
1355140 484.9
1355150 484.7
1355160 484.7
1355170 484.6
1355180 484.7
1355190 484.7
1355200 485.0
1355210 485.1
1355220 485.1
1355230 485.3
1355240 485.5
1355250 485.5
1355260 485.1
1355270 484.8
1355280 484.8
1355290 484.8
1355300 484.9
1355310 484.9
1355320 485.0
1355330 485.1
1355340 485.1
1355350 485.3
1355360 485.4
1355370 485.4
1355380 485.5
1355390 485.6
1355400 485.6
1355410 485.7
1355420 485.9
1355430 485.9
1355440 486.1
1355450 486.3
1355460 486.3
1355470 486.5
1355480 486.7
1355490 486.8
1355500 486.8
1355510 486.9
1355520 486.8
1355530 486.8
1355540 486.7
1355550 486.7
1355560 486.7
1355570 486.7
1355580 486.6
1355590 486.6
1355600 486.4
1355610 486.2
1355620 486.2
1355630 486.1
1355640 486.0
1355650 486.0
1355660 485.6
1355670 485.3
1355680 485.3
1355690 485.5
1355700 485.3
1355710 485.3
1355720 485.1
1355730 485.1
1355740 485.1
1355750 485.1
1355760 485.0
1355770 485.0
1355780 485.0
1355790 485.1
1355800 485.1
1355810 485.2
1355820 485.3
1355830 485.3
1355840 485.4
1355850 485.4
1355860 485.5
1355870 485.5
1355880 485.8
1355890 486.0
1355900 486.0
1355910 486.2
1355920 486.5
1355930 486.5
1355940 487.1
1355950 488.7
1355960 488.7
1355970 493.1
1355980 495.1
1355990 495.1
1356000 495.1
1356010 495.2
1356020 495.2
1356030 495.5
1356040 495.5
1356050 495.5
1356060 495.6
1356070 496.0
1356080 496.0
1356090 496.7
1356100 496.9
1356110 496.9
1356120 497.1
1356130 497.2
1356140 497.2
1356150 497.2
1356160 497.3
1356170 497.3
1356180 497.5
1356190 497.3
1356200 497.3
1356210 497.5
1356220 498.0
1356230 498.0
1356240 497.8
1356250 497.6
1356260 497.6
1356270 497.6
1356280 497.8
1356290 497.9
1356300 497.9
1356310 498.0
1356320 498.1
1356330 498.1
1356340 498.2
1356350 498.3
1356360 498.3
1356370 498.4
1356380 498.4
1356390 498.4
1356400 498.5
1356410 498.6
1356420 498.6
1356430 498.7
1356440 499.0
1356450 499.0
1356460 499.3
1356470 499.8
1356480 499.8
1356490 500.6
1356500 502.6
1356510 502.6
1356520 504.8
1356530 505.9
1356540 505.9
1356550 506.8
1356560 508.6
1356570 508.6
1356580 510.8
1356590 521.1
1356600 521.1
1356610 525.2
1356620 529.9
1356630 533.8
1356640 533.8
1356650 535.4
1356660 538.2
1356670 538.2
1356680 542.3
1356690 546.6
1356700 546.6
1356710 551.7
1356720 556.6
1356730 556.6
1356740 561.0
1356750 565.6
1356760 565.6
1356770 569.9
1356780 574.5
1356790 574.5
1356800 578.2
1356810 582.4
1356820 582.4
1356830 586.7
1356840 590.1
1356850 590.1
1356860 593.6
1356870 599.0
1356880 599.0
1356890 603.7
1356900 608.7
1356910 608.7
1356920 613.4
1356930 617.2
1356940 617.2
1356950 620.7
1356960 624.3
1356970 624.3
1356980 627.3
1356990 630.1
1357000 632.4
1357010 632.4
1357020 634.6
1357030 636.4
1357040 636.4
1357050 638.2
1357060 640.5
1357070 640.5
1357080 642.7
1357090 643.8
1357100 643.8
1357110 645.5
1357120 648.1
1357130 648.1
1357140 650.1
1357150 651.4
1357160 651.4
1357170 653.3
1357180 655.4
1357190 655.4
1357200 656.8
1357210 657.5
1357220 657.5
1357230 658.0
1357240 659.4
1357250 659.4
1357260 660.5
1357270 661.0
1357280 661.0
1357290 662.5
1357300 663.9
1357310 663.9
1357320 663.6
1357330 662.6
1357340 662.6
1357350 661.9
1357360 662.1
1357370 662.1
1357380 663.6
1357390 663.8
1357400 662.6
1357410 662.6
1357420 662.3
1357430 662.6
1357440 662.6
1357450 663.3
1357460 663.5
1357470 663.5
1357480 663.8
1357490 664.5
1357500 664.5
1357510 665.4
1357520 667.7
1357530 667.7
1357540 671.4
1357550 673.1
1357560 673.1
1357570 672.8
1357580 672.8
1357590 672.8
1357600 677.2
1357610 675.4
1357620 675.4
1357630 674.0
1357640 673.8
1357650 673.8
1357660 674.3
1357670 675.5
1357680 675.5
1357690 677.7
1357700 679.8
1357710 679.8
1357720 683.2
1357730 688.2
1357740 688.2
1357750 696.6
1357760 703.1
1357770 705.2
1357780 705.2
1357790 704.8
1357800 702.3
1357810 702.3
1357820 697.8
1357830 694.6
1357840 694.6
1357850 693.5
1357860 693.2
1357870 693.2
1357880 693.3
1357890 694.0
1357900 694.0
1357910 695.2
1357920 696.0
1357930 696.0
1357940 696.4
1357950 696.6
1357960 696.6
1357970 696.6
1357980 696.7
1357990 696.7
1358000 696.2
1358010 694.4
1358020 694.4
1358030 692.7
1358040 690.4
1358050 690.4
1358060 688.2
1358070 688.5
1358080 688.5
1358090 690.1
1358100 691.4
1358110 691.4
1358120 694.2
1358130 698.5
1358140 698.5
1358150 703.3
1358160 708.6
1358170 712.7
1358180 712.7
1358190 715.0
1358200 716.4
1358210 716.4
1358220 715.5
1358230 712.3
1358240 712.3
1358250 710.2
1358260 708.8
1358270 708.8
1358280 705.4
1358290 703.0
1358300 703.0
1358310 702.5
1358320 702.2
1358330 702.2
1358340 700.9
1358350 698.8
1358360 698.8
1358370 697.3
1358380 696.1
1358390 696.1
1358400 695.3
1358410 694.8
1358420 694.8
1358430 694.6
1358440 694.7
1358450 694.7
1358460 694.1
1358470 691.5
1358480 691.5
1358490 692.6
1358500 697.9
1358510 697.9
1358520 702.4
1358530 703.7
1358540 703.9
1358550 703.9
1358560 702.6
1358570 700.6
1358580 700.6
1358590 698.9
1358600 697.4
1358610 697.8
1358620 695.9
1358630 691.8
1358640 691.8
1358650 685.4
1358660 678.8
1358670 678.8
1358680 679.8
1358690 683.3
1358700 683.3
1358710 689.4
1358720 693.4
1358730 693.4
1358740 688.7
1358750 681.6
1358760 681.6
1358770 674.8
1358780 670.1
1358790 670.1
1358800 664.5
1358810 658.3
1358820 658.3
1358830 657.2
1358840 660.7
1358850 660.7
1358860 667.1
1358870 673.4
1358880 673.4
1358890 681.3
1358900 688.9
1358910 693.6
1358920 693.6
1358930 689.6
1358940 682.2
1358950 682.2
1358960 675.3
1358970 668.0
1358980 668.0
1358990 661.0
1359000 653.1
1359010 653.1
1359020 646.3
1359030 650.2
1359040 650.2
1359050 653.2
1359060 657.0
1359070 657.0
1359080 662.3
1359090 664.4
1359100 664.4
1359110 660.9
1359120 658.1
1359130 658.1
1359140 660.6
1359150 668.0
1359160 668.0
1359170 677.5
1359180 676.9
1359190 676.9
1359200 678.5
1359210 687.8
1359220 687.8
1359230 688.9
1359240 686.6
1359250 686.6
1359260 684.8
1359270 682.2
1359280 682.2
1359290 679.7
1359300 674.5
1359310 670.3
1359320 670.3
1359330 674.2
1359340 684.0
1359350 684.0
1359360 692.7
1359370 700.5
1359380 700.5
1359390 704.6
1359400 703.5
1359410 703.5
1359420 699.5
1359430 687.9
1359440 687.9
1359450 675.2
1359460 666.2
1359470 666.2
1359480 661.7
1359490 668.9
1359500 668.9
1359510 667.0
1359520 666.7
1359530 666.7
1359540 671.6
1359550 674.7
1359560 674.7
1359570 677.0
1359580 680.9
1359590 680.9
1359600 682.2
1359610 687.3
1359620 687.3
1359630 692.7
1359640 688.5
1359650 688.5
1359660 685.7
1359670 675.9
1359680 647.5
1359690 647.5
1359700 652.3
1359710 664.8
1359720 664.8
1359730 671.9
1359740 662.2
1359750 662.2
1359760 657.6
1359770 665.2
1359780 665.2
1359790 669.0
1359800 672.8
1359810 672.8
1359820 678.0
1359830 683.0
1359840 683.0
1359850 684.7
1359860 689.9
1359870 689.9
1359880 686.7
1359890 680.4
1359900 680.4
1359910 675.9
1359920 664.8
1359930 664.8
1359940 645.4
1359950 637.5
1359960 637.5
1359970 644.0
1359980 650.9
1359990 650.9
