1340000 678.7
1340010 678.6
1340020 678.4
1340030 678.4
1340040 678.2
1340050 678.1
1340060 678.1
1340070 678.0
1340080 678.1
1340090 678.1
1340100 678.2
1340110 678.3
1340120 678.3
1340130 678.2
1340140 677.7
1340150 677.7
1340160 677.2
1340170 677.1
1340180 677.1
1340190 677.1
1340200 677.1
1340210 677.1
1340220 678.2
1340230 678.4
1340240 678.4
1340250 678.8
1340260 680.0
1340270 680.0
1340280 683.7
1340290 687.4
1340300 690.9
1340310 690.9
1340320 693.8
1340330 696.2
1340340 696.2
1340350 698.6
1340360 700.3
1340370 700.3
1340380 701.1
1340390 701.1
1340400 701.1
1340410 699.8
1340420 697.9
1340430 697.9
1340440 696.1
1340450 694.2
1340460 694.2
1340470 692.3
1340480 690.4
1340490 690.4
1340500 689.3
1340510 688.8
1340520 688.8
1340530 688.8
1340540 689.5
1340550 689.5
1340560 691.2
1340570 693.4
1340580 693.4
1340590 695.6
1340600 697.0
1340610 697.0
1340620 698.0
1340630 698.4
1340640 698.4
1340650 698.0
1340660 697.3
1340670 697.3
1340680 695.8
1340690 694.0
1340700 692.3
1340710 692.3
1340720 690.6
1340730 688.6
1340740 688.6
1340750 685.8
1340760 681.3
1340770 681.3
1340780 676.4
1340790 672.5
1340800 672.5
1340810 670.1
1340820 669.8
1340830 669.8
1340840 670.8
1340850 672.2
1340860 672.2
1340870 673.7
1340880 673.8
1340890 673.8
1340900 672.4
1340910 669.9
1340920 669.9
1340930 666.8
1340940 664.2
1340950 664.2
1340960 662.1
1340970 660.6
1340980 660.6
1340990 659.8
1341000 659.5
1341010 659.5
1341020 659.2
1341030 659.3
1341040 659.3
1341050 659.5
1341060 659.3
1341070 658.7
1341080 658.7
1341090 658.2
1341100 657.7
1341110 657.7
1341120 657.1
1341130 656.5
1341140 656.5
1341150 656.0
1341160 655.6
1341170 655.6
1341180 655.3
1341190 655.1
1341200 655.1
1341210 654.9
1341220 654.6
1341230 654.6
1341240 654.1
1341250 653.9
1341260 653.9
1341270 653.7
1341280 653.7
1341290 653.7
1341300 653.8
1341310 653.7
1341320 653.7
1341330 653.4
1341340 653.0
1341350 653.0
1341360 652.4
1341370 651.9
1341380 651.9
1341390 653.2
1341400 658.3
1341410 658.3
1341420 665.4
1341430 673.9
1341440 673.9
1341450 680.3
1341460 686.2
1341470 693.1
1341480 693.1
1341490 700.2
1341500 702.6
1341510 702.6
1341520 705.7
1341530 714.5
1341540 714.5
1341550 720.3
1341560 722.2
1341570 722.2
1341580 719.9
1341590 717.9
1341600 717.9
1341610 725.7
1341620 731.9
1341630 731.9
1341640 735.3
1341650 735.6
1341660 735.6
1341670 732.3
1341680 726.8
1341690 726.8
1341700 730.5
1341710 737.9
1341720 737.9
1341730 741.8
1341740 742.0
1341750 742.0
1341760 743.0
1341770 746.3
1341780 746.3
1341790 749.2
1341800 751.7
1341810 751.7
1341820 752.5
1341830 751.5
1341840 752.8
1341850 752.8
1341860 753.7
1341870 755.8
1341880 755.8
1341890 754.2
1341900 756.9
1341910 756.9
1341920 759.8
1341930 760.3
1341940 760.3
1341950 761.3
1341960 764.8
1341970 764.8
1341980 767.8
1341990 765.7
1342000 770.1
1342010 768.3
1342020 771.1
1342030 771.1
1342040 776.8
1342050 780.2
1342060 780.2
1342070 782.8
1342080 784.7
1342090 784.7
1342100 786.1
1342110 787.7
1342120 787.7
1342130 789.0
1342140 790.4
1342150 790.4
1342160 791.8
1342170 793.6
1342180 793.6
1342190 795.6
1342200 797.3
1342210 798.8
1342220 798.8
1342230 799.5
1342240 800.5
1342250 800.5
1342260 801.1
1342270 802.3
1342280 802.3
1342290 803.4
1342300 803.5
1342310 803.5
1342320 803.4
1342330 804.8
1342340 804.8
1342350 807.1
1342360 808.2
1342370 808.2
1342380 809.0
1342390 808.5
1342400 808.5
1342410 807.8
1342420 808.8
1342430 808.8
1342440 810.7
1342450 811.1
1342460 811.1
1342470 811.8
1342480 813.6
1342490 813.6
1342500 814.5
1342510 815.7
1342520 815.7
1342530 817.1
1342540 818.1
1342550 818.1
1342560 818.6
1342570 818.7
1342580 818.7
1342590 817.8
1342600 814.5
1342610 808.1
1342620 808.1
1342630 804.1
1342640 804.4
1342650 804.4
1342660 805.3
1342670 812.0
1342680 812.0
1342690 816.9
1342700 819.6
1342710 819.6
1342720 822.0
1342730 824.6
1342740 824.6
1342750 827.2
1342760 829.5
1342770 829.5
1342780 831.0
1342790 832.1
1342800 832.1
1342810 833.2
1342820 834.3
1342830 834.3
1342840 835.4
1342850 836.4
1342860 836.4
1342870 837.4
1342880 838.0
1342890 838.0
1342900 844.6
1342910 845.2
1342920 845.2
1342930 845.4
1342940 845.2
1342950 845.2
1342960 844.3
1342970 843.0
1342980 841.3
1342990 841.3
1343000 840.9
1343010 840.8
1343020 840.8
1343030 839.1
1343040 837.7
1343050 837.7
1343060 836.3
1343070 835.7
1343080 835.7
1343090 834.3
1343100 833.8
1343110 833.8
1343120 833.5
1343130 833.4
1343140 833.4
1343150 833.0
1343160 834.6
1343170 834.6
1343180 834.8
1343190 835.6
1343200 835.6
1343210 835.7
1343220 835.8
1343230 835.8
1343240 836.0
1343250 837.2
1343260 837.2
1343270 839.2
1343280 841.0
1343290 841.0
1343300 843.3
1343310 845.9
1343320 845.9
1343330 847.7
1343340 848.5
1343350 848.5
1343360 848.9
1343370 849.2
1343380 849.6
1343390 849.6
1343400 849.9
1343410 849.8
1343420 849.8
1343430 849.3
1343440 848.7
1343450 848.7
1343460 848.0
1343470 846.9
1343480 846.9
1343490 844.5
1343500 839.7
1343510 839.7
1343520 834.4
1343530 829.9
1343540 829.9
1343550 823.6
1343560 819.6
1343570 819.6
1343580 816.0
1343590 816.0
1343600 816.0
1343610 821.4
1343620 823.2
1343630 823.2
1343640 825.2
1343650 828.8
1343660 828.8
1343670 832.3
1343680 834.6
1343690 834.6
1343700 834.8
1343710 837.2
1343720 837.2
1343730 840.6
1343740 844.5
1343750 847.5
1343760 847.5
1343770 850.8
1343780 852.2
1343790 852.2
1343800 854.7
1343810 862.0
1343820 862.0
1343830 864.8
1343840 867.9
1343850 867.9
1343860 871.5
1343870 876.1
1343880 876.1
1343890 880.3
1343900 884.1
1343910 884.1
1343920 887.0
1343930 889.0
1343940 889.0
1343950 890.6
1343960 891.8
1343970 891.8
1343980 893.0
1343990 894.1
1344000 894.1
1344010 895.0
1344020 895.5
1344030 895.5
1344040 895.8
1344050 896.0
1344060 896.0
1344070 896.4
1344080 896.9
1344090 896.9
1344100 897.6
1344110 898.4
1344120 898.4
1344130 900.1
1344140 902.3
1344150 905.8
1344160 905.8
1344170 909.4
1344180 912.7
1344190 912.7
1344200 916.4
1344210 920.5
1344220 920.5
1344230 924.6
1344240 928.5
1344250 928.5
1344260 930.7
1344270 931.4
1344280 931.4
1344290 932.3
1344300 932.9
1344310 932.9
1344320 932.8
1344330 932.0
1344340 932.0
1344350 933.7
1344360 937.5
1344370 937.5
1344380 940.1
1344390 940.2
1344400 940.2
1344410 939.4
1344420 938.4
1344430 938.4
1344440 937.1
1344450 935.4
1344460 935.4
1344470 932.8
1344480 929.4
1344490 929.4
1344500 926.0
1344510 923.1
1344520 920.3
1344530 920.3
1344540 917.2
1344550 915.0
1344560 915.0
1344570 913.8
1344580 912.7
1344590 912.7
1344600 911.4
1344610 909.9
1344620 909.9
1344630 907.6
1344640 905.0
1344650 905.0
1344660 902.9
1344670 900.0
1344680 900.0
1344690 896.6
1344700 892.8
1344710 892.8
1344720 889.9
1344730 887.3
1344740 887.3
1344750 882.6
1344760 876.6
1344770 876.6
1344780 870.0
1344790 863.2
1344800 863.2
1344810 856.2
1344820 850.1
1344830 850.1
1344840 844.8
1344850 840.2
1344860 840.2
1344870 835.8
1344880 831.6
1344890 831.6
1344900 827.4
1344910 823.4
1344920 820.4
1344930 820.4
1344940 817.2
1344950 813.8
1344960 813.8
1344970 810.3
1344980 806.7
1344990 806.7
1345000 802.6
1345010 798.1
1345020 798.1
1345030 792.9
1345040 785.3
1345050 785.3
1345060 777.0
1345070 769.5
1345080 769.5
1345090 763.1
1345100 757.5
1345110 757.5
1345120 751.4
1345130 745.7
1345140 745.7
1345150 739.6
1345160 733.2
1345170 733.2
1345180 726.7
1345190 719.4
1345200 719.4
1345210 711.9
1345220 704.1
1345230 704.1
1345240 696.0
1345250 688.1
1345260 688.1
1345270 678.9
1345280 669.3
1345290 662.6
1345300 662.6
1345310 658.3
1345320 655.7
1345330 655.7
1345340 656.4
1345350 660.0
1345360 660.0
1345370 666.7
1345380 672.8
1345390 672.8
1345400 679.4
1345410 686.8
1345420 686.8
1345430 694.5
1345440 703.5
1345450 703.5
1345460 712.1
1345470 720.5
1345480 720.5
1345490 728.8
1345500 736.1
1345510 736.1
1345520 744.0
1345530 752.0
1345540 752.0
1345550 759.5
1345560 765.2
1345570 765.2
1345580 769.3
1345590 772.3
1345600 772.3
1345610 774.1
1345620 775.8
1345630 775.8
1345640 777.8
1345650 779.3
1345660 780.9
1345670 780.9
1345680 782.5
1345690 784.3
1345700 784.3
1345710 785.9
1345720 786.9
1345730 786.9
1345740 787.9
1345750 789.0
1345760 789.0
1345770 790.0
1345780 790.5
1345790 790.5
1345800 791.0
1345810 792.0
1345820 792.0
1345830 793.4
1345840 795.1
1345850 795.1
1345860 795.6
1345870 795.7
1345880 795.7
1345890 795.8
1345900 795.7
1345910 795.7
1345920 795.6
1345930 795.5
1345940 795.5
1345950 795.2
1345960 795.1
1345970 795.1
1345980 794.9
1345990 794.7
1346000 794.7
1346010 794.5
1346020 794.2
1346030 794.2
1346040 794.0
1346050 793.8
1346060 793.5
1346070 793.5
1346080 793.2
1346090 792.8
1346100 792.8
1346110 792.4
1346120 792.2
1346130 792.2
1346140 791.9
1346150 791.4
1346160 791.4
1346170 790.8
1346180 790.3
1346190 790.3
1346200 789.9
1346210 789.5
1346220 789.5
1346230 789.2
1346240 788.9
1346250 788.9
1346260 788.6
1346270 788.4
1346280 788.4
1346290 788.2
1346300 787.5
1346310 787.5
1346320 787.4
1346330 787.5
1346340 787.5
1346350 787.7
1346360 788.0
1346370 788.0
1346380 788.3
1346390 788.5
1346400 788.5
1346410 788.8
1346420 789.2
1346430 789.4
1346440 789.4
1346450 789.5
1346460 789.5
1346470 789.5
1346480 789.3
1346490 789.1
1346500 789.1
1346510 789.0
1346520 788.8
1346530 788.8
1346540 788.7
1346550 788.7
1346560 788.7
1346570 788.8
1346580 788.7
1346590 788.7
1346600 788.7
1346610 787.8
1346620 787.8
1346630 786.8
1346640 786.4
1346650 786.4
1346660 785.7
1346670 785.7
1346680 785.7
1346690 785.4
1346700 785.0
1346710 785.0
1346720 784.2
1346730 783.7
1346740 783.7
1346750 783.1
1346760 782.5
1346770 782.5
1346780 782.2
1346790 781.6
1346800 781.6
1346810 780.7
1346820 780.0
1346830 779.4
1346840 779.4
1346850 778.9
1346860 778.5
1346870 778.5
1346880 778.1
1346890 777.7
1346900 777.7
1346910 777.2
1346920 776.8
1346930 776.8
1346940 776.7
1346950 776.6
1346960 776.6
1346970 776.1
1346980 775.0
1346990 775.0
1347000 774.1
1347010 773.3
1347020 773.3
1347030 772.2
1347040 771.3
1347050 771.3
1347060 770.1
1347070 769.4
1347080 769.4
1347090 768.4
1347100 766.9
1347110 766.9
1347120 765.3
1347130 763.4
1347140 763.4
1347150 762.0
1347160 761.2
1347170 761.2
1347180 759.7
1347190 757.8
1347200 755.8
1347210 755.8
1347220 753.8
1347230 752.4
1347240 752.4
1347250 750.7
1347260 748.9
1347270 748.9
1347280 746.7
1347290 744.6
1347300 744.6
1347310 742.5
1347320 740.3
1347330 740.3
1347340 738.3
1347350 736.3
1347360 736.3
1347370 734.1
1347380 732.3
1347390 732.3
1347400 730.4
1347410 729.0
1347420 729.0
1347430 727.6
1347440 726.3
1347450 726.3
1347460 725.0
1347470 723.8
1347480 723.8
1347490 720.8
1347500 712.5
1347510 712.5
1347520 708.6
1347530 705.2
1347540 705.2
1347550 702.9
1347560 701.1
1347570 701.1
1347580 699.5
1347590 698.3
1347600 697.8
1347610 697.8
1347620 697.4
1347630 698.1
1347640 698.1
1347650 699.8
1347660 699.7
1347670 699.7
1347680 697.1
1347690 693.4
1347700 693.4
1347710 689.4
1347720 685.9
1347730 685.9
1347740 682.5
1347750 679.9
1347760 679.9
1347770 678.9
1347780 684.6
1347790 684.6
1347800 690.6
1347810 696.1
1347820 696.1
1347830 701.4
1347840 704.6
1347850 704.6
1347860 705.9
1347870 705.1
1347880 705.1
1347890 702.7
1347900 700.5
1347910 700.5
1347920 699.0
1347930 698.0
1347940 698.0
1347950 697.6
1347960 697.8
1347970 698.8
1347980 698.8
1347990 698.9
1348000 696.7
1348010 696.7
1348020 693.2
1348030 690.4
1348040 690.4
1348050 689.8
1348060 691.4
1348070 691.4
1348080 692.8
1348090 692.6
1348100 692.6
1348110 691.3
1348120 689.7
1348130 689.7
1348140 688.7
1348150 687.7
1348160 687.7
1348170 686.8
1348180 686.3
1348190 686.3
1348200 684.7
1348210 683.4
1348220 683.4
1348230 681.8
1348240 680.0
1348250 680.0
1348260 678.2
1348270 675.6
1348280 675.6
1348290 672.7
1348300 670.0
1348310 670.0
1348320 667.0
1348330 664.8
1348340 661.1
1348350 661.1
1348360 656.9
1348370 655.2
1348380 655.2
1348390 652.9
1348400 649.4
1348410 649.4
1348420 646.4
1348430 644.3
1348440 646.4
1348450 643.7
1348460 641.3
1348470 641.3
1348480 638.7
1348490 636.5
1348500 636.5
1348510 634.3
1348520 631.9
1348530 631.9
1348540 629.0
1348550 627.8
1348560 627.8
1348570 627.4
1348580 627.1
1348590 627.1
1348600 626.9
1348610 626.7
1348620 626.7
1348630 626.5
1348640 625.8
1348650 625.8
1348660 625.6
1348670 625.5
1348680 625.5
1348690 625.1
1348700 624.6
1348710 624.6
1348720 624.3
1348730 623.9
1348740 623.5
1348750 623.5
1348760 623.1
1348770 622.8
1348780 622.8
1348790 622.6
1348800 622.3
1348810 622.3
1348820 622.0
1348830 621.6
1348840 621.6
1348850 621.3
1348860 621.0
1348870 621.0
1348880 620.7
1348890 620.1
1348900 620.1
1348910 620.0
1348920 619.8
1348930 619.8
1348940 619.4
1348950 619.0
1348960 619.0
1348970 618.7
1348980 617.9
1348990 617.9
1349000 617.3
1349010 616.6
1349020 616.6
1349030 616.4
1349040 616.4
1349050 616.4
1349060 616.4
1349070 616.4
1349080 616.4
1349090 616.4
1349100 616.4
1349110 616.4
1349120 616.4
1349130 616.4
1349140 616.4
1349150 616.4
1349160 616.4
1349170 616.4
1349180 616.4
1349190 616.4
1349200 616.4
1349210 616.4
1349220 616.4
1349230 616.4
1349240 616.4
1349250 616.4
1349260 616.4
1349270 616.4
1349280 616.4
1349290 616.4
1349300 616.4
1349310 616.4
1349320 616.4
1349330 616.4
1349340 616.4
1349350 616.4
1349360 616.4
1349370 616.4
1349380 616.4
1349390 616.4
1349400 616.4
1349410 616.4
1349420 616.4
1349430 616.4
1349440 616.4
1349450 616.4
1349460 616.4
1349470 616.4
1349480 616.4
1349490 616.4
1349500 616.4
1349510 616.4
1349520 616.4
1349530 616.4
1349540 616.4
1349550 616.4
1349560 616.4
1349570 616.4
1349580 616.4
1349590 616.4
1349600 616.4
1349610 616.4
1349620 616.4
1349630 616.4
1349640 616.4
1349650 616.6
1349660 617.2
1349670 617.2
1349680 618.4
1349690 620.4
1349700 620.4
1349710 622.6
1349720 625.0
1349730 625.0
1349740 627.3
1349750 628.3
1349760 628.3
1349770 629.8
1349780 632.2
1349790 632.2
1349800 634.3
1349810 636.5
1349820 636.5
1349830 638.9
1349840 640.9
1349850 640.9
1349860 642.9
1349870 646.0
1349880 648.5
1349890 648.5
1349900 650.1
1349910 652.0
1349920 652.0
1349930 654.8
1349940 657.9
1349950 657.9
1349960 661.0
1349970 663.4
1349980 663.4
1349990 665.3
1350000 667.4
1350010 667.4
1350020 670.1
1350030 672.0
1350040 672.0
1350050 674.5
1350060 677.2
1350070 677.2
1350080 679.5
1350090 681.9
1350100 681.9
1350110 683.9
1350120 685.2
1350130 685.2
1350140 685.7
1350150 684.4
1350160 684.4
1350170 683.1
1350180 683.5
1350190 683.5
1350200 683.6
1350210 683.4
1350220 683.4
1350230 683.8
1350240 685.6
1350250 687.9
1350260 687.9
1350270 689.5
1350280 692.3
1350290 692.3
1350300 695.8
1350310 699.0
1350320 699.0
1350330 706.6
1350340 709.1
1350350 709.1
1350360 714.0
1350370 720.9
1350380 720.9
1350390 727.7
1350400 734.4
1350410 734.4
1350420 740.9
1350430 746.1
1350440 746.1
1350450 750.4
1350460 753.7
1350470 753.7
1350480 756.6
1350490 759.8
1350500 759.8
1350510 763.8
1350520 768.5
1350530 768.5
1350540 773.8
1350550 779.6
1350560 779.6
1350570 785.7
1350580 792.1
1350590 792.1
1350600 798.9
1350610 806.1
1350620 806.1
1350630 813.7
1350640 822.2
1350650 830.9
1350660 830.9
1350670 840.1
1350680 848.3
1350690 848.3
1350700 853.2
1350710 856.1
1350720 856.1
1350730 859.8
1350740 864.7
1350750 864.7
1350760 870.1
1350770 876.0
1350780 876.0
1350790 881.9
1350800 886.0
1350810 886.0
1350820 889.8
1350830 894.6
1350840 894.6
1350850 899.0
1350860 901.3
1350870 901.3
1350880 902.9
1350890 906.1
1350900 906.1
1350910 908.9
1350920 909.9
1350930 909.9
1350940 910.9
1350950 912.1
1350960 912.1
1350970 913.5
1350980 913.9
1350990 913.9
1351000 912.9
1351010 909.1
1351020 901.7
1351030 901.7
1351040 893.7
1351050 885.8
1351060 885.8
1351070 878.7
1351080 872.3
1351090 872.3
1351100 867.0
1351110 862.9
1351120 862.9
1351130 860.2
1351140 858.6
1351150 858.6
1351160 856.9
1351170 858.9
1351180 858.9
1351190 861.5
1351200 861.6
1351210 861.6
1351220 861.4
1351230 860.2
1351240 860.2
1351250 857.6
1351260 852.8
1351270 852.8
1351280 847.0
1351290 837.9
1351300 837.9
1351310 830.8
1351320 824.8
1351330 824.8
1351340 820.4
1351350 816.8
1351360 816.8
1351370 813.3
1351380 809.9
1351390 809.9
1351400 806.4
1351410 803.5
1351420 801.8
1351430 801.8
1351440 800.9
1351450 800.7
1351460 800.7
1351470 801.4
1351480 804.6
1351490 804.6
1351500 802.4
1351510 798.9
1351520 798.9
1351530 794.6
1351540 788.9
1351550 788.9
1351560 783.7
1351570 780.6
1351580 780.6
1351590 778.5
1351600 776.6
1351610 776.6
1351620 773.4
1351630 771.5
1351640 771.5
1351650 767.9
1351660 764.4
1351670 764.4
1351680 759.1
1351690 748.6
1351700 748.6
1351710 738.2
1351720 730.9
1351730 730.9
1351740 728.9
1351750 725.8
1351760 725.8
1351770 722.2
1351780 719.0
1351790 717.2
1351800 717.2
1351810 712.6
1351820 707.1
1351830 707.1
1351840 704.1
1351850 703.3
1351860 703.3
1351870 709.4
1351880 720.7
1351890 720.7
1351900 724.0
1351910 724.7
1351920 724.7
1351930 724.7
1351940 721.3
1351950 721.3
1351960 717.2
1351970 712.8
1351980 712.8
1351990 708.1
1352000 702.6
1352010 702.6
1352020 696.2
1352030 689.9
1352040 689.9
1352050 685.3
1352060 680.3
1352070 680.3
1352080 674.2
1352090 667.3
1352100 667.3
1352110 660.6
1352120 654.9
1352130 654.9
1352140 650.8
1352150 646.3
1352160 639.9
1352170 639.9
1352180 634.5
1352190 629.9
1352200 629.9
1352210 625.1
1352220 620.4
1352230 620.4
1352240 616.8
1352250 614.3
1352260 615.5
1352270 613.9
1352280 611.3
1352290 611.3
1352300 609.9
1352310 609.8
1352320 609.8
1352330 611.2
1352340 611.4
1352350 611.4
1352360 609.1
1352370 606.6
1352380 606.6
1352390 602.8
1352400 597.6
1352410 597.6
1352420 592.5
1352430 586.4
1352440 586.4
1352450 578.4
1352460 571.1
1352470 571.1
1352480 565.0
1352490 560.0
1352500 560.0
1352510 553.9
1352520 545.8
1352530 545.8
1352540 537.7
1352550 530.4
1352560 524.1
1352570 524.1
1352580 519.2
1352590 516.0
1352600 516.0
1352610 513.0
1352620 510.4
1352630 510.4
1352640 508.9
1352650 508.2
1352660 508.2
1352670 507.9
1352680 507.8
1352690 507.8
1352700 507.7
1352710 507.5
1352720 507.5
1352730 507.4
1352740 507.4
1352750 507.4
1352760 507.5
1352770 507.6
1352780 507.6
1352790 507.2
1352800 506.7
1352810 506.7
1352820 506.5
1352830 506.3
1352840 506.3
1352850 506.2
1352860 506.1
1352870 506.1
1352880 506.0
1352890 505.9
1352900 505.9
1352910 505.9
1352920 505.9
1352930 505.9
1352940 505.9
1352950 505.7
1352960 505.3
1352970 505.3
1352980 505.2
1352990 505.4
1353000 505.4
1353010 505.5
1353020 505.4
1353030 505.4
1353040 505.2
1353050 504.7
1353060 504.7
1353070 504.5
1353080 504.1
1353090 504.1
1353100 503.9
1353110 503.8
1353120 503.8
1353130 503.7
1353140 503.6
1353150 503.6
1353160 503.4
1353170 503.2
1353180 503.2
1353190 503.3
1353200 502.8
1353210 502.8
1353220 502.6
1353230 502.4
1353240 502.4
1353250 502.2
1353260 502.0
1353270 502.0
1353280 502.0
1353290 502.0
1353300 502.0
1353310 501.9
1353320 501.7
1353330 501.3
1353340 501.3
1353350 501.2
1353360 501.1
1353370 501.1
1353380 501.0
1353390 500.9
1353400 500.9
1353410 500.7
1353420 500.4
1353430 500.4
1353440 500.3
1353450 500.4
1353460 500.4
1353470 500.4
1353480 500.5
1353490 500.5
1353500 501.0
1353510 501.3
1353520 501.3
1353530 501.4
1353540 501.5
1353550 501.5
1353560 501.8
1353570 502.1
1353580 502.1
1353590 502.8
1353600 503.3
1353610 503.3
1353620 503.2
1353630 503.2
1353640 503.2
1353650 503.0
1353660 502.5
1353670 502.5
1353680 501.7
1353690 500.7
1353700 500.1
1353710 500.1
1353720 500.1
1353730 499.7
1353740 499.7
1353750 499.6
1353760 498.8
1353770 498.8
1353780 497.5
1353790 496.3
1353800 496.3
1353810 494.5
1353820 493.8
1353830 493.8
1353840 493.7
1353850 493.7
1353860 493.7
1353870 493.4
1353880 491.7
1353890 491.7
1353900 488.8
1353910 488.1
1353920 488.1
1353930 483.7
1353940 480.5
1353950 480.5
1353960 479.5
1353970 479.5
1353980 479.5
1353990 479.8
1354000 480.3
1354010 480.3
1354020 480.4
1354030 480.4
1354040 480.4
1354050 480.3
1354060 480.1
1354070 480.0
1354080 480.0
1354090 479.9
1354100 479.8
1354110 479.8
1354120 479.2
1354130 481.6
1354140 481.6
1354150 482.4
1354160 482.3
1354170 482.3
1354180 482.4
1354190 482.4
1354200 482.4
1354210 482.4
1354220 481.8
1354230 481.8
1354240 478.7
1354250 478.6
1354260 478.6
1354270 479.9
1354280 478.4
1354290 478.4
1354300 477.6
1354310 477.4
1354320 477.4
1354330 477.4
1354340 477.4
1354350 477.4
1354360 477.4
1354370 477.4
1354380 477.4
1354390 477.4
1354400 477.4
1354410 477.4
1354420 477.4
1354430 478.4
1354440 478.4
1354450 480.3
1354460 480.8
1354470 481.0
1354480 481.0
1354490 481.1
1354500 481.0
1354510 481.0
1354520 480.9
1354530 480.8
1354540 480.8
1354550 480.8
1354560 480.7
1354570 480.7
1354580 480.7
1354590 480.7
1354600 480.7
1354610 480.7
1354620 480.8
1354630 480.8
1354640 480.8
1354650 480.9
1354660 480.9
1354670 481.0
1354680 481.0
1354690 481.0
1354700 481.0
1354710 481.0
1354720 481.0
1354730 481.0
1354740 480.9
1354750 480.9
1354760 480.9
1354770 481.1
1354780 481.1
1354790 481.0
1354800 480.8
1354810 480.8
1354820 481.8
1354830 483.0
1354840 483.3
1354850 483.3
1354860 483.7
1354870 484.4
1354880 484.4
1354890 484.8
1354900 485.0
1354910 485.0
1354920 485.1
1354930 484.9
1354940 484.9
1354950 483.7
1354960 483.1
1354970 483.1
1354980 483.0
1354990 483.4
1355000 483.4
1355010 484.0
1355020 484.8
1355030 484.8
1355040 485.4
1355050 486.2
1355060 486.2
1355070 485.9
1355080 485.8
1355090 485.8
1355100 485.7
1355110 485.6
1355120 485.6
1355130 485.5
1355140 485.4
1355150 485.4
1355160 485.3
1355170 485.2
1355180 485.2
1355190 485.2
1355200 485.1
1355210 485.1
1355220 484.9
1355230 484.9
1355240 484.9
1355250 484.9
1355260 485.0
1355270 485.0
1355280 485.0
1355290 485.1
1355300 485.0
1355310 485.0
1355320 485.0
1355330 484.9
1355340 484.9
1355350 485.0
1355360 485.1
1355370 485.1
1355380 485.3
1355390 485.7
1355400 485.7
1355410 486.0
1355420 486.3
1355430 486.3
1355440 486.5
1355450 486.6
1355460 486.6
1355470 486.7
1355480 486.8
1355490 486.8
1355500 486.7
1355510 486.6
1355520 486.6
1355530 486.5
1355540 486.4
1355550 486.4
1355560 486.3
1355570 486.2
1355580 486.2
1355590 486.2
1355600 486.2
1355610 486.3
1355620 486.3
1355630 486.4
1355640 486.5
1355650 486.5
1355660 486.2
1355670 486.0
1355680 486.0
1355690 485.8
1355700 485.5
1355710 485.5
1355720 485.2
1355730 484.9
1355740 484.9
1355750 484.7
1355760 484.7
1355770 484.7
1355780 484.7
1355790 484.7
1355800 484.7
1355810 484.8
1355820 484.9
1355830 484.9
1355840 485.0
1355850 485.3
1355860 485.3
1355870 486.0
1355880 487.2
1355890 487.2
1355900 490.2
1355910 493.2
1355920 493.2
1355930 494.6
1355940 494.8
1355950 494.8
1355960 494.9
1355970 495.0
1355980 494.9
1355990 494.9
1356000 494.5
1356010 494.2
1356020 494.2
1356030 494.1
1356040 494.4
1356050 494.4
1356060 494.9
1356070 495.2
1356080 495.2
1356090 495.5
1356100 495.7
1356110 495.7
1356120 495.9
1356130 496.0
1356140 496.0
1356150 496.1
1356160 496.3
1356170 496.3
1356180 496.4
1356190 496.5
1356200 496.5
1356210 496.7
1356220 496.8
1356230 496.8
1356240 496.9
1356250 497.0
1356260 497.0
1356270 497.1
1356280 497.3
1356290 497.3
1356300 497.4
1356310 497.4
1356320 497.4
1356330 497.5
1356340 497.7
1356350 497.7
1356360 498.1
1356370 498.8
1356380 499.9
1356390 499.9
1356400 500.2
1356410 501.8
1356420 501.8
1356430 504.6
1356440 508.2
1356450 508.2
1356460 512.0
1356470 515.3
1356480 515.3
1356490 519.0
1356500 523.1
1356510 523.1
1356520 527.2
1356530 532.2
1356540 532.2
1356550 537.1
1356560 542.3
1356570 542.3
1356580 547.8
1356590 552.9
1356600 552.9
1356610 558.3
1356620 563.4
1356630 563.4
1356640 568.4
1356650 572.5
1356660 572.5
1356670 576.8
1356680 581.3
1356690 581.3
1356700 585.5
1356710 589.8
1356720 589.8
1356730 594.5
1356740 600.1
1356750 604.1
1356760 604.1
1356770 608.0
1356780 611.9
1356790 611.9
1356800 615.9
1356810 620.0
1356820 620.0
1356830 623.6
1356840 626.7
1356850 626.7
1356860 629.3
1356870 632.1
1356880 632.1
1356890 634.5
1356900 638.5
1356910 638.5
1356920 643.3
1356930 647.4
1356940 647.4
1356950 649.3
1356960 651.3
1356970 651.3
1356980 655.6
1356990 659.3
1357000 659.3
1357010 662.0
1357020 664.6
1357030 664.6
1357040 666.8
1357050 668.9
1357060 668.9
1357070 670.8
1357080 671.6
1357090 671.6
1357100 671.7
1357110 671.4
1357120 671.4
1357130 671.1
1357140 671.2
1357150 671.4
1357160 671.4
1357170 672.9
1357180 675.0
1357190 679.9
1357200 681.6
1357210 683.0
1357220 683.0
1357230 685.2
1357240 688.3
1357250 688.3
1357260 691.0
1357270 693.3
1357280 693.3
1357290 695.7
1357300 697.4
1357310 697.4
1357320 699.2
1357330 700.9
1357340 700.9
1357350 701.8
1357360 702.2
1357370 702.2
1357380 701.2
1357390 700.1
1357400 700.1
1357410 700.4
1357420 701.7
1357430 701.7
1357440 702.9
1357450 704.4
1357460 704.4
1357470 705.7
1357480 705.9
1357490 705.9
1357500 708.3
1357510 714.2
1357520 717.8
1357530 717.8
1357540 718.3
1357550 717.1
1357560 717.1
1357570 715.3
1357580 714.1
1357590 714.1
1357600 713.7
1357610 714.4
1357620 714.4
1357630 716.9
1357640 719.2
1357650 719.2
1357660 720.9
1357670 722.3
1357680 722.3
1357690 724.3
1357700 726.4
1357710 726.4
1357720 728.8
1357730 731.1
1357740 731.1
1357750 733.5
1357760 734.7
1357770 734.7
1357780 734.7
1357790 733.5
1357800 733.5
1357810 730.9
1357820 727.5
1357830 727.5
1357840 723.7
1357850 724.4
1357860 724.4
1357870 726.7
1357880 729.0
1357890 732.3
1357900 732.3
1357910 734.4
1357920 735.3
1357930 735.3
1357940 735.6
1357950 734.4
1357960 734.4
1357970 732.5
1357980 730.5
1357990 730.5
1358000 727.1
1358010 724.6
1358020 724.6
1358030 724.0
1358040 724.7
1358050 724.7
1358060 725.8
1358070 726.9
1358080 726.9
1358090 727.7
1358100 727.2
1358110 727.2
1358120 726.1
1358130 725.5
1358140 725.5
1358150 726.0
1358160 725.8
1358170 725.8
1358180 730.5
1358190 735.8
1358200 738.3
1358210 744.1
1358220 751.1
1358230 751.1
1358240 755.4
1358250 751.9
1358260 751.9
1358270 745.9
1358280 741.9
1358290 739.3
1358300 739.3
1358310 736.9
1358320 734.5
1358330 734.5
1358340 732.4
1358350 730.2
1358360 730.2
1358370 727.9
1358380 725.4
1358390 725.4
1358400 723.1
1358410 720.8
1358420 720.8
1358430 718.6
1358440 716.5
1358450 716.5
1358460 714.9
1358470 712.9
1358480 712.9
1358490 710.6
1358500 708.8
1358510 708.8
1358520 707.6
1358530 708.3
1358540 708.3
1358550 709.8
1358560 710.1
1358570 710.1
1358580 709.3
1358590 705.9
1358600 705.9
1358610 699.9
1358620 693.7
1358630 693.7
1358640 691.5
1358650 691.9
1358660 696.6
1358670 696.6
1358680 702.4
1358690 703.4
1358700 703.4
1358710 703.9
1358720 705.7
1358730 705.7
1358740 708.3
1358750 710.4
1358760 710.4
1358770 709.6
1358780 706.9
1358790 706.9
1358800 703.6
1358810 701.2
1358820 701.2
1358830 700.7
1358840 702.8
1358850 702.8
1358860 706.8
1358870 706.8
1358880 706.8
1358890 706.8
1358900 708.2
1358910 708.2
1358920 709.8
1358930 709.5
1358940 709.5
1358950 703.4
1358960 699.2
1358970 699.2
1358980 697.7
1358990 699.5
1359000 699.5
1359010 702.8
1359020 708.7
1359030 715.1
1359040 715.1
1359050 718.9
1359060 720.6
1359070 720.6
1359080 722.4
1359090 722.4
1359100 722.4
1359110 721.4
1359120 719.4
1359130 719.4
1359140 711.9
1359150 711.2
1359160 711.2
1359170 719.2
1359180 726.5
1359190 726.5
1359200 727.5
1359210 733.6
1359220 733.6
1359230 734.0
1359240 734.2
1359250 734.2
1359260 735.0
1359270 733.5
1359280 733.5
1359290 727.3
1359300 722.4
1359310 722.4
1359320 717.8
1359330 718.0
1359340 718.0
1359350 723.0
1359360 724.6
1359370 724.6
1359380 723.9
1359390 724.5
1359400 724.5
1359410 727.9
1359420 733.3
1359430 732.6
1359440 732.6
1359450 728.8
1359460 727.0
1359470 727.0
1359480 724.8
1359490 723.5
1359500 723.5
1359510 728.6
1359520 729.4
1359530 729.4
1359540 727.8
1359550 728.5
1359560 728.5
1359570 729.9
1359580 734.1
1359590 734.1
1359600 735.6
1359610 736.5
1359620 736.5
1359630 737.5
1359640 734.4
1359650 734.4
1359660 727.2
1359670 725.1
1359680 725.1
1359690 730.0
1359700 727.8
1359710 727.8
1359720 726.4
1359730 727.1
1359740 727.1
1359750 724.3
1359760 721.9
1359770 721.9
1359780 721.0
1359790 722.0
1359800 724.7
1359810 724.7
1359820 727.9
1359830 730.4
1359840 730.4
1359850 729.4
1359860 724.1
1359870 724.1
1359880 718.4
1359890 713.6
1359900 713.6
1359910 709.8
1359920 703.1
1359930 703.1
1359940 694.4
1359950 678.6
1359960 678.6
1359970 668.2
1359980 673.8
1359990 673.8
