1340000 708.1
1340010 708.1
1340020 708.5
1340030 708.9
1340040 708.9
1340050 708.1
1340060 707.2
1340070 707.2
1340080 706.1
1340090 706.5
1340100 706.5
1340110 706.7
1340120 706.6
1340130 706.6
1340140 706.3
1340150 706.2
1340160 706.2
1340170 707.3
1340180 709.5
1340190 709.5
1340200 711.2
1340210 709.7
1340220 709.7
1340230 708.8
1340240 709.9
1340250 709.9
1340260 710.6
1340270 709.1
1340280 709.1
1340290 708.4
1340300 704.5
1340310 704.5
1340320 699.6
1340330 696.8
1340340 691.0
1340350 691.0
1340360 688.8
1340370 676.7
1340380 676.7
1340390 675.6
1340400 674.7
1340410 674.7
1340420 673.7
1340430 672.7
1340440 672.7
1340450 671.8
1340460 671.4
1340470 671.4
1340480 672.2
1340490 674.1
1340500 674.1
1340510 677.3
1340520 684.1
1340530 684.1
1340540 692.6
1340550 698.5
1340560 698.5
1340570 703.5
1340580 709.1
1340590 709.1
1340600 715.2
1340610 719.4
1340620 719.4
1340630 720.5
1340640 718.3
1340650 718.3
1340660 712.7
1340670 706.9
1340680 706.9
1340690 702.2
1340700 696.6
1340710 696.6
1340720 689.8
1340730 685.3
1340740 675.8
1340750 675.8
1340760 668.8
1340770 665.9
1340780 665.9
1340790 665.9
1340800 665.5
1340810 665.5
1340820 665.3
1340830 673.4
1340840 673.4
1340850 688.1
1340860 694.5
1340870 694.5
1340880 693.3
1340890 689.3
1340900 689.3
1340910 685.8
1340920 683.2
1340930 683.2
1340940 681.2
1340950 680.3
1340960 680.3
1340970 673.9
1340980 666.5
1340990 666.5
1341000 663.8
1341010 663.2
1341020 663.2
1341030 663.1
1341040 662.6
1341050 662.6
1341060 662.1
1341070 661.5
1341080 661.5
1341090 660.9
1341100 659.7
1341110 658.6
1341120 658.6
1341130 658.1
1341140 657.3
1341150 657.3
1341160 656.6
1341170 656.3
1341180 656.3
1341190 656.2
1341200 655.9
1341210 655.9
1341220 655.8
1341230 655.7
1341240 655.7
1341250 655.6
1341260 655.4
1341270 655.2
1341280 655.2
1341290 655.1
1341300 655.1
1341310 654.1
1341320 652.3
1341330 652.3
1341340 652.3
1341350 653.3
1341360 653.3
1341370 654.5
1341380 654.9
1341390 654.9
1341400 654.4
1341410 653.1
1341420 653.1
1341430 652.1
1341440 651.9
1341450 651.9
1341460 651.7
1341470 651.4
1341480 651.3
1341490 651.3
1341500 651.0
1341510 650.6
1341520 650.6
1341530 650.5
1341540 650.2
1341550 650.2
1341560 649.6
1341570 649.3
1341580 649.3
1341590 648.4
1341600 646.8
1341610 646.8
1341620 648.5
1341630 649.9
1341640 649.9
1341650 650.3
1341660 652.3
1341670 652.3
1341680 655.5
1341690 660.4
1341700 660.4
1341710 667.9
1341720 674.1
1341730 674.1
1341740 679.1
1341750 682.0
1341760 682.0
1341770 679.3
1341780 672.9
1341790 672.9
1341800 676.9
1341810 682.1
1341820 682.1
1341830 684.7
1341840 686.7
1341850 686.7
1341860 688.3
1341870 689.8
1341880 690.8
1341890 690.8
1341900 691.5
1341910 690.8
1341920 690.8
1341930 687.5
1341940 682.1
1341950 682.1
1341960 676.8
1341970 678.4
1341980 678.4
1341990 684.7
1342000 690.8
1342010 690.8
1342020 693.4
1342030 696.6
1342040 696.6
1342050 700.3
1342060 705.5
1342070 705.5
1342080 710.7
1342090 715.1
1342100 715.1
1342110 718.6
1342120 721.7
1342130 721.7
1342140 725.6
1342150 729.4
1342160 731.9
1342170 734.9
1342180 736.7
1342190 736.7
1342200 737.2
1342210 734.7
1342220 734.7
1342230 728.1
1342240 721.4
1342250 717.3
1342260 717.3
1342270 715.0
1342280 713.0
1342290 713.0
1342300 706.3
1342310 702.4
1342320 702.4
1342330 711.7
1342340 716.7
1342350 716.7
1342360 719.0
1342370 720.2
1342380 720.2
1342390 722.8
1342400 727.1
1342410 727.1
1342420 732.0
1342430 735.1
1342440 735.1
1342450 735.9
1342460 735.6
1342470 735.6
1342480 735.1
1342490 732.8
1342500 732.8
1342510 726.5
1342520 719.0
1342530 719.0
1342540 710.2
1342550 711.1
1342560 711.1
1342570 719.3
1342580 723.0
1342590 723.0
1342600 726.2
1342610 730.1
1342620 730.1
1342630 734.6
1342640 738.4
1342650 741.8
1342660 741.8
1342670 743.4
1342680 742.7
1342690 742.7
1342700 741.1
1342710 743.9
1342720 743.9
1342730 744.6
1342740 746.1
1342750 746.1
1342760 749.0
1342770 750.3
1342780 750.3
1342790 748.9
1342800 746.4
1342810 746.4
1342820 747.5
1342830 751.5
1342840 751.5
1342850 754.7
1342860 754.4
1342870 754.4
1342880 750.6
1342890 750.0
1342900 750.0
1342910 749.2
1342920 750.2
1342930 750.2
1342940 754.2
1342950 756.2
1342960 756.2
1342970 752.9
1342980 752.1
1342990 752.1
1343000 755.1
1343010 755.0
1343020 751.7
1343030 751.7
1343040 753.4
1343050 757.5
1343060 757.5
1343070 763.1
1343080 759.5
1343090 759.5
1343100 757.7
1343110 761.7
1343120 761.7
1343130 765.3
1343140 767.6
1343150 767.6
1343160 766.7
1343170 766.6
1343180 766.6
1343190 770.2
1343200 770.6
1343210 770.6
1343220 771.3
1343230 773.0
1343240 773.0
1343250 773.1
1343260 774.6
1343270 774.6
1343280 775.3
1343290 775.4
1343300 775.4
1343310 776.2
1343320 777.1
1343330 777.1
1343340 777.5
1343350 777.4
1343360 777.4
1343370 777.0
1343380 776.2
1343390 776.2
1343400 774.6
1343410 771.9
1343420 768.9
1343430 768.9
1343440 766.0
1343450 767.2
1343460 767.2
1343470 767.0
1343480 763.9
1343490 763.9
1343500 758.1
1343510 753.4
1343520 753.4
1343530 753.5
1343540 752.6
1343550 752.6
1343560 747.9
1343570 742.3
1343580 742.3
1343590 744.6
1343600 750.9
1343610 750.9
1343620 755.6
1343630 760.3
1343640 760.3
1343650 765.0
1343660 770.4
1343670 770.4
1343680 775.7
1343690 780.6
1343700 780.6
1343710 784.4
1343720 786.9
1343730 786.9
1343740 790.2
1343750 791.3
1343760 791.3
1343770 792.7
1343780 794.4
1343790 796.3
1343800 796.3
1343810 798.5
1343820 799.8
1343830 799.8
1343840 801.7
1343850 803.8
1343860 803.8
1343870 805.8
1343880 807.5
1343890 807.5
1343900 809.5
1343910 811.2
1343920 811.2
1343930 813.3
1343940 815.5
1343950 815.5
1343960 818.3
1343970 824.2
1343980 824.2
1343990 826.2
1344000 827.8
1344010 827.8
1344020 828.7
1344030 829.5
1344040 829.5
1344050 830.3
1344060 831.3
1344070 831.3
1344080 832.4
1344090 833.4
1344100 833.4
1344110 834.3
1344120 834.9
1344130 834.9
1344140 835.5
1344150 836.1
1344160 836.1
1344170 836.6
1344180 836.8
1344190 836.0
1344200 836.0
1344210 834.7
1344220 832.7
1344230 832.7
1344240 830.6
1344250 828.6
1344260 828.6
1344270 826.2
1344280 823.4
1344290 823.4
1344300 819.8
1344310 818.6
1344320 818.6
1344330 817.2
1344340 817.1
1344350 817.1
1344360 813.3
1344370 810.8
1344380 810.8
1344390 814.6
1344400 815.2
1344410 815.2
1344420 814.2
1344430 813.3
1344440 813.3
1344450 812.4
1344460 810.8
1344470 810.8
1344480 807.9
1344490 806.2
1344500 806.2
1344510 805.7
1344520 805.8
1344530 805.8
1344540 807.1
1344550 807.8
1344560 806.9
1344570 806.9
1344580 805.3
1344590 802.6
1344600 802.6
1344610 800.0
1344620 797.7
1344630 797.7
1344640 795.2
1344650 791.7
1344660 791.7
1344670 788.5
1344680 787.0
1344690 787.0
1344700 785.5
1344710 785.2
1344720 785.2
1344730 783.8
1344740 781.8
1344750 781.8
1344760 779.6
1344770 779.2
1344780 779.2
1344790 778.6
1344800 778.3
1344810 778.3
1344820 778.3
1344830 778.7
1344840 778.7
1344850 778.8
1344860 778.1
1344870 778.1
1344880 777.8
1344890 784.1
1344900 784.1
1344910 783.5
1344920 783.2
1344930 783.2
1344940 782.6
1344950 781.3
1344960 779.9
1344970 779.9
1344980 778.4
1344990 776.6
1345000 776.6
1345010 773.2
1345020 766.4
1345030 766.4
1345040 758.1
1345050 749.8
1345060 749.8
1345070 741.8
1345080 733.4
1345090 733.4
1345100 725.5
1345110 717.2
1345120 717.2
1345130 708.7
1345140 700.8
1345150 700.8
1345160 693.2
1345170 685.6
1345180 685.6
1345190 677.8
1345200 669.5
1345210 669.5
1345220 659.9
1345230 651.2
1345240 651.2
1345250 645.1
1345260 641.8
1345270 641.8
1345280 643.3
1345290 648.5
1345300 648.5
1345310 654.3
1345320 661.3
1345330 667.8
1345340 667.8
1345350 674.3
1345360 680.9
1345370 680.9
1345380 687.7
1345390 693.1
1345400 693.1
1345410 694.8
1345420 692.0
1345430 692.0
1345440 688.0
1345450 683.9
1345460 683.9
1345470 681.3
1345480 682.5
1345490 682.5
1345500 684.7
1345510 686.1
1345520 686.1
1345530 686.6
1345540 689.6
1345550 689.6
1345560 696.1
1345570 703.9
1345580 703.9
1345590 711.2
1345600 718.1
1345610 718.1
1345620 725.2
1345630 732.5
1345640 732.5
1345650 740.0
1345660 747.6
1345670 747.6
1345680 754.4
1345690 760.2
1345700 760.2
1345710 764.9
1345720 770.1
1345730 774.3
1345740 774.3
1345750 778.0
1345760 781.4
1345770 781.4
1345780 784.4
1345790 787.5
1345800 787.5
1345810 792.8
1345820 796.7
1345830 796.7
1345840 800.7
1345850 804.8
1345860 804.8
1345870 809.2
1345880 813.6
1345890 813.6
1345900 817.9
1345910 822.1
1345920 822.1
1345930 825.9
1345940 829.6
1345950 829.6
1345960 833.5
1345970 837.3
1345980 837.3
1345990 840.3
1346000 841.7
1346010 841.7
1346020 842.3
1346030 843.0
1346040 843.0
1346050 844.3
1346060 845.4
1346070 845.4
1346080 845.4
1346090 844.3
1346100 843.2
1346110 843.2
1346120 842.6
1346130 841.7
1346140 841.7
1346150 839.6
1346160 837.6
1346170 837.6
1346180 836.5
1346190 836.1
1346200 836.1
1346210 835.5
1346220 835.0
1346230 835.0
1346240 835.3
1346250 836.2
1346260 836.2
1346270 837.5
1346280 838.4
1346290 838.4
1346300 836.3
1346310 834.0
1346320 834.0
1346330 833.1
1346340 833.2
1346350 833.2
1346360 831.5
1346370 828.2
1346380 828.2
1346390 825.3
1346400 823.2
1346410 823.2
1346420 821.4
1346430 820.1
1346440 820.1
1346450 819.3
1346460 818.8
1346470 818.8
1346480 818.5
1346490 818.8
1346500 818.9
1346510 818.9
1346520 817.2
1346530 814.3
1346540 814.3
1346550 811.9
1346560 810.4
1346570 810.4
1346580 809.1
1346590 807.9
1346600 807.9
1346610 806.9
1346620 806.0
1346630 806.0
1346640 805.0
1346650 803.8
1346660 803.8
1346670 802.6
1346680 800.7
1346690 800.7
1346700 799.0
1346710 798.7
1346720 798.7
1346730 797.7
1346740 794.9
1346750 794.9
1346760 792.4
1346770 790.3
1346780 790.3
1346790 788.5
1346800 786.8
1346810 786.8
1346820 785.3
1346830 784.1
1346840 784.1
1346850 782.7
1346860 781.1
1346870 779.6
1346880 779.6
1346890 778.1
1346900 776.7
1346910 776.7
1346920 775.4
1346930 774.1
1346940 774.1
1346950 772.6
1346960 771.1
1346970 771.1
1346980 769.5
1346990 768.0
1347000 768.0
1347010 766.5
1347020 764.9
1347030 764.9
1347040 763.3
1347050 762.2
1347060 762.2
1347070 761.2
1347080 760.3
1347090 760.3
1347100 758.3
1347110 757.6
1347120 757.6
1347130 756.0
1347140 754.8
1347150 754.8
1347160 753.4
1347170 752.2
1347180 752.2
1347190 751.2
1347200 750.1
1347210 750.1
1347220 749.0
1347230 747.8
1347240 746.7
1347250 746.7
1347260 745.7
1347270 744.6
1347280 744.6
1347290 743.4
1347300 741.8
1347310 741.8
1347320 739.9
1347330 738.3
1347340 738.3
1347350 738.1
1347360 737.0
1347370 737.0
1347380 734.7
1347390 733.2
1347400 733.2
1347410 731.7
1347420 730.0
1347430 730.0
1347440 728.5
1347450 727.1
1347460 727.1
1347470 725.9
1347480 724.6
1347490 724.6
1347500 723.4
1347510 722.1
1347520 722.1
1347530 720.8
1347540 720.2
1347550 720.2
1347560 718.0
1347570 716.3
1347580 716.3
1347590 714.9
1347600 713.7
1347610 713.7
1347620 711.9
1347630 709.8
1347640 707.9
1347650 707.9
1347660 708.1
1347670 707.7
1347680 707.7
1347690 706.0
1347700 702.4
1347710 702.4
1347720 699.0
1347730 696.3
1347740 696.3
1347750 693.8
1347760 691.7
1347770 691.7
1347780 690.4
1347790 688.4
1347800 688.4
1347810 685.5
1347820 682.4
1347830 682.4
1347840 679.5
1347850 677.4
1347860 677.4
1347870 675.7
1347880 674.3
1347890 674.3
1347900 673.6
1347910 672.6
1347920 672.6
1347930 670.1
1347940 668.1
1347950 668.1
1347960 664.6
1347970 662.6
1347980 662.6
1347990 662.0
1348000 661.5
1348010 659.1
1348020 659.1
1348030 657.4
1348040 655.4
1348050 655.4
1348060 654.0
1348070 653.2
1348080 653.2
1348090 652.4
1348100 651.7
1348110 651.7
1348120 650.8
1348130 649.1
1348140 649.1
1348150 648.0
1348160 648.1
1348170 648.1
1348180 648.2
1348190 647.7
1348200 647.7
1348210 647.0
1348220 645.6
1348230 645.6
1348240 643.9
1348250 643.2
1348260 643.2
1348270 643.8
1348280 644.1
1348290 644.1
1348300 643.4
1348310 641.5
1348320 641.5
1348330 639.8
1348340 638.7
1348350 638.7
1348360 638.5
1348370 637.7
1348380 637.7
1348390 637.2
1348400 637.8
1348410 637.8
1348420 637.8
1348430 637.2
1348440 636.5
1348450 636.5
1348460 635.9
1348470 635.2
1348480 635.2
1348490 634.5
1348500 633.7
1348510 633.7
1348520 633.1
1348530 632.4
1348540 632.4
1348550 631.7
1348560 631.1
1348570 631.1
1348580 630.6
1348590 629.9
1348600 629.9
1348610 629.3
1348620 628.8
1348630 628.8
1348640 628.3
1348650 627.9
1348660 627.9
1348670 627.3
1348680 626.8
1348690 626.8
1348700 626.3
1348710 625.9
1348720 625.9
1348730 625.4
1348740 625.0
1348750 625.0
1348760 624.6
1348770 624.2
1348780 623.8
1348790 623.8
1348800 623.6
1348810 623.3
1348820 623.3
1348830 622.7
1348840 622.3
1348850 622.3
1348860 622.0
1348870 621.6
1348880 621.6
1348890 621.2
1348900 620.8
1348910 620.8
1348920 620.4
1348930 619.8
1348940 619.8
1348950 619.3
1348960 618.8
1348970 618.8
1348980 618.3
1348990 617.8
1349000 617.8
1349010 617.3
1349020 616.8
1349030 616.8
1349040 616.4
1349050 616.4
1349060 616.4
1349070 616.4
1349080 616.4
1349090 616.4
1349100 616.4
1349110 616.4
1349120 616.4
1349130 616.4
1349140 616.4
1349150 616.4
1349160 616.4
1349170 616.4
1349180 616.4
1349190 616.4
1349200 616.4
1349210 616.4
1349220 616.4
1349230 616.4
1349240 616.4
1349250 616.4
1349260 616.4
1349270 616.4
1349280 616.4
1349290 616.4
1349300 616.4
1349310 616.4
1349320 616.4
1349330 616.4
1349340 616.4
1349350 616.4
1349360 616.4
1349370 616.4
1349380 616.4
1349390 616.4
1349400 616.4
1349410 616.4
1349420 616.4
1349430 616.4
1349440 616.4
1349450 616.4
1349460 616.4
1349470 616.4
1349480 616.4
1349490 616.4
1349500 616.4
1349510 616.4
1349520 616.4
1349530 616.4
1349540 616.4
1349550 616.4
1349560 616.4
1349570 616.4
1349580 616.4
1349590 616.4
1349600 616.4
1349610 616.4
1349620 616.4
1349630 616.4
1349640 616.4
1349650 616.4
1349660 616.4
1349670 616.4
1349680 616.4
1349690 616.6
1349700 617.3
1349710 617.3
1349720 618.0
1349730 618.4
1349740 618.4
1349750 618.9
1349760 619.3
1349770 619.3
1349780 619.7
1349790 620.1
1349800 620.1
1349810 621.0
1349820 622.0
1349830 622.0
1349840 622.6
1349850 623.1
1349860 623.1
1349870 623.6
1349880 624.5
1349890 624.5
1349900 626.1
1349910 629.3
1349920 629.3
1349930 631.6
1349940 633.4
1349950 636.0
1349960 636.0
1349970 638.1
1349980 640.6
1349990 640.6
1350000 642.9
1350010 646.0
1350020 646.0
1350030 648.7
1350040 651.2
1350050 651.2
1350060 653.8
1350070 656.1
1350080 656.1
1350090 658.2
1350100 660.4
1350110 660.4
1350120 662.4
1350130 663.8
1350140 663.8
1350150 665.1
1350160 666.7
1350170 666.7
1350180 668.3
1350190 669.8
1350200 669.8
1350210 671.2
1350220 673.1
1350230 673.1
1350240 674.9
1350250 676.6
1350260 676.6
1350270 677.8
1350280 678.9
1350290 678.9
1350300 680.2
1350310 681.8
1350320 683.7
1350330 683.7
1350340 684.7
1350350 684.3
1350360 684.3
1350370 683.4
1350380 682.7
1350390 682.7
1350400 681.0
1350410 677.3
1350420 677.3
1350430 674.3
1350440 673.4
1350450 673.4
1350460 675.6
1350470 676.9
1350480 676.9
1350490 677.3
1350500 679.3
1350510 679.3
1350520 679.9
1350530 680.2
1350540 680.2
1350550 682.1
1350560 683.6
1350570 683.6
1350580 686.1
1350590 689.8
1350600 689.8
1350610 692.0
1350620 694.1
1350630 694.1
1350640 695.6
1350650 697.0
1350660 697.0
1350670 698.8
1350680 701.8
1350690 701.8
1350700 706.1
1350710 710.9
1350720 715.9
1350730 715.9
1350740 720.7
1350750 725.1
1350760 725.1
1350770 729.5
1350780 732.2
1350790 732.2
1350800 736.4
1350810 740.7
1350820 740.7
1350830 744.0
1350840 745.7
1350850 745.7
1350860 747.4
1350870 750.0
1350880 750.0
1350890 752.3
1350900 754.5
1350910 754.5
1350920 755.3
1350930 755.0
1350940 755.0
1350950 755.3
1350960 756.9
1350970 756.9
1350980 758.7
1350990 759.3
1351000 759.3
1351010 759.2
1351020 759.5
1351030 759.5
1351040 760.7
1351050 762.7
1351060 762.7
1351070 763.4
1351080 761.3
1351090 760.1
1351100 760.1
1351110 761.1
1351120 762.8
1351130 762.8
1351140 764.7
1351150 765.9
1351160 765.9
1351170 765.4
1351180 767.6
1351190 767.6
1351200 771.6
1351210 774.8
1351220 774.8
1351230 779.2
1351240 783.7
1351250 783.7
1351260 790.4
1351270 801.1
1351280 801.1
1351290 807.1
1351300 812.4
1351310 812.4
1351320 822.4
1351330 837.9
1351340 837.9
1351350 845.6
1351360 851.1
1351370 851.1
1351380 854.8
1351390 857.2
1351400 857.2
1351410 858.6
1351420 859.2
1351430 859.2
1351440 858.3
1351450 856.3
1351460 857.9
1351470 857.9
1351480 858.9
1351490 859.5
1351500 859.5
1351510 854.2
1351520 849.5
1351530 849.5
1351540 846.1
1351550 841.1
1351560 841.1
1351570 835.5
1351580 830.3
1351590 830.3
1351600 824.5
1351610 817.8
1351620 817.8
1351630 814.9
1351640 814.2
1351650 814.2
1351660 809.3
1351670 802.1
1351680 802.1
1351690 794.7
1351700 785.8
1351710 785.8
1351720 773.8
1351730 761.5
1351740 761.5
1351750 751.4
1351760 744.0
1351770 744.0
1351780 738.1
1351790 732.0
1351800 732.0
1351810 726.3
1351820 720.3
1351830 720.3
1351840 714.9
1351850 709.4
1351860 707.1
1351870 707.1
1351880 706.7
1351890 706.5
1351900 706.5
1351910 707.3
1351920 709.2
1351930 709.2
1351940 709.5
1351950 706.6
1351960 706.6
1351970 701.7
1351980 697.3
1351990 697.3
1352000 694.9
1352010 689.8
1352020 689.8
1352030 684.9
1352040 682.1
1352050 682.1
1352060 679.4
1352070 676.7
1352080 676.7
1352090 676.6
1352100 674.7
1352110 674.7
1352120 669.8
1352130 664.8
1352140 664.8
1352150 663.3
1352160 663.0
1352170 663.0
1352180 656.1
1352190 646.4
1352200 646.4
1352210 638.5
1352220 631.6
1352230 627.7
1352240 627.7
1352250 623.9
1352260 620.6
1352270 620.6
1352280 613.0
1352290 601.0
1352300 601.0
1352310 589.2
1352320 581.2
1352330 581.2
1352340 573.5
1352350 565.9
1352360 565.9
1352370 562.1
1352380 559.4
1352390 559.4
1352400 554.2
1352410 549.9
1352420 549.9
1352430 550.9
1352440 546.8
1352450 546.8
1352460 542.9
1352470 539.7
1352480 539.7
1352490 538.7
1352500 539.5
1352510 539.5
1352520 540.1
1352530 540.9
1352540 540.9
1352550 540.6
1352560 539.7
1352570 539.7
1352580 538.8
1352590 537.6
1352600 537.6
1352610 536.3
1352620 535.5
1352630 535.3
1352640 535.3
1352650 534.4
1352660 533.7
1352670 533.7
1352680 532.5
1352690 530.5
1352700 530.5
1352710 528.6
1352720 527.5
1352730 527.5
1352740 524.1
1352750 519.4
1352760 519.4
1352770 515.2
1352780 512.8
1352790 512.8
1352800 512.4
1352810 511.9
1352820 511.9
1352830 511.4
1352840 511.1
1352850 511.1
1352860 510.7
1352870 510.9
1352880 510.9
1352890 512.4
1352900 514.4
1352910 514.4
1352920 515.1
1352930 514.9
1352940 514.9
1352950 514.2
1352960 513.6
1352970 513.6
1352980 513.4
1352990 513.2
1353000 512.3
1353010 512.3
1353020 513.1
1353030 513.5
1353040 513.5
1353050 514.1
1353060 515.0
1353070 515.0
1353080 515.8
1353090 516.4
1353100 516.4
1353110 516.8
1353120 516.9
1353130 516.9
1353140 517.0
1353150 517.8
1353160 517.8
1353170 518.5
1353180 519.6
1353190 519.6
1353200 520.4
1353210 520.8
1353220 520.8
1353230 520.5
1353240 518.9
1353250 518.9
1353260 518.7
1353270 518.7
1353280 518.7
1353290 518.9
1353300 519.2
1353310 519.2
1353320 519.0
1353330 517.8
1353340 517.8
1353350 517.1
1353360 518.4
1353370 518.4
1353380 519.2
1353390 520.4
1353400 517.0
1353410 517.0
1353420 517.4
1353430 517.0
1353440 517.0
1353450 517.4
1353460 519.7
1353470 519.7
1353480 519.7
1353490 519.9
1353500 519.9
1353510 520.8
1353520 521.7
1353530 521.7
1353540 523.0
1353550 523.6
1353560 523.6
1353570 523.7
1353580 524.2
1353590 524.2
1353600 526.3
1353610 530.7
1353620 530.7
1353630 534.4
1353640 537.1
1353650 537.1
1353660 537.0
1353670 535.5
1353680 535.5
1353690 536.4
1353700 539.3
1353710 539.3
1353720 540.9
1353730 541.1
1353740 541.1
1353750 540.7
1353760 540.0
1353770 537.3
1353780 537.3
1353790 531.4
1353800 525.7
1353810 525.7
1353820 520.8
1353830 516.6
1353840 516.6
1353850 513.5
1353860 509.6
1353870 509.6
1353880 503.6
1353890 499.0
1353900 499.0
1353910 494.0
1353920 490.2
1353930 490.2
1353940 485.9
1353950 483.0
1353960 483.0
1353970 481.3
1353980 480.8
1353990 480.8
1354000 480.7
1354010 480.8
1354020 480.8
1354030 481.1
1354040 481.2
1354050 481.2
1354060 481.3
1354070 481.5
1354080 481.5
1354090 481.7
1354100 481.9
1354110 481.9
1354120 482.1
1354130 482.0
1354140 482.0
1354150 482.0
1354160 482.3
1354170 482.3
1354180 482.3
1354190 482.0
1354200 480.6
1354210 480.6
1354220 480.0
1354230 479.9
1354240 479.9
1354250 478.6
1354260 477.1
1354270 477.1
1354280 476.6
1354290 476.4
1354300 476.4
1354310 476.4
1354320 476.5
1354330 476.5
1354340 476.7
1354350 476.9
1354360 476.9
1354370 477.2
1354380 477.5
1354390 477.4
1354400 478.0
1354410 479.8
1354420 479.8
1354430 480.2
1354440 480.4
1354450 480.4
1354460 480.6
1354470 480.7
1354480 480.7
1354490 480.7
1354500 480.7
1354510 480.7
1354520 480.7
1354530 480.7
1354540 480.8
1354550 480.8
1354560 481.5
1354570 481.2
1354580 481.2
1354590 480.8
1354600 480.6
1354610 480.6
1354620 480.5
1354630 480.2
1354640 480.2
1354650 480.1
1354660 480.2
1354670 480.2
1354680 480.5
1354690 480.7
1354700 480.7
1354710 480.5
1354720 480.4
1354730 480.4
1354740 480.4
1354750 480.6
1354760 480.6
1354770 480.3
1354780 480.1
1354790 480.1
1354800 480.0
1354810 480.0
1354820 480.0
1354830 480.2
1354840 480.3
1354850 480.3
1354860 480.5
1354870 480.9
1354880 480.9
1354890 481.2
1354900 481.4
1354910 481.2
1354920 481.2
1354930 481.2
1354940 481.4
1354950 481.4
1354960 481.4
1354970 480.9
1354980 480.9
1354990 480.9
1355000 481.1
1355010 481.1
1355020 481.1
1355030 481.0
1355040 481.0
1355050 480.8
1355060 480.7
1355070 480.7
1355080 481.0
1355090 481.1
1355100 481.1
1355110 480.9
1355120 480.6
1355130 480.6
1355140 480.6
1355150 480.9
1355160 480.9
1355170 481.8
1355180 482.3
1355190 482.3
1355200 482.0
1355210 483.1
1355220 483.1
1355230 484.2
1355240 484.9
1355250 484.9
1355260 485.5
1355270 485.5
1355280 485.5
1355290 485.4
1355300 485.4
1355310 485.3
1355320 485.3
1355330 485.3
1355340 485.4
1355350 485.4
1355360 485.4
1355370 485.4
1355380 485.4
1355390 485.5
1355400 485.5
1355410 485.5
1355420 485.4
1355430 485.5
1355440 485.5
1355450 485.5
1355460 485.7
1355470 485.7
1355480 485.8
1355490 485.8
1355500 485.8
1355510 485.9
1355520 485.9
1355530 485.9
1355540 486.1
1355550 486.1
1355560 486.1
1355570 485.9
1355580 485.8
1355590 485.8
1355600 485.8
1355610 485.7
1355620 485.7
1355630 485.5
1355640 485.3
1355650 485.3
1355660 485.3
1355670 485.2
1355680 485.2
1355690 485.2
1355700 485.3
1355710 485.3
1355720 485.3
1355730 485.5
1355740 485.6
1355750 485.6
1355760 485.6
1355770 485.6
1355780 485.6
1355790 485.7
1355800 485.8
1355810 485.8
1355820 485.9
1355830 485.9
1355840 485.9
1355850 485.9
1355860 486.1
1355870 486.1
1355880 486.2
1355890 486.3
1355900 486.3
1355910 486.3
1355920 486.5
1355930 486.5
1355940 486.6
1355950 486.8
1355960 486.8
1355970 486.9
1355980 487.0
1355990 487.0
1356000 487.2
1356010 488.2
1356020 488.2
1356030 491.8
1356040 495.7
1356050 495.7
1356060 496.5
1356070 496.6
1356080 497.0
1356090 497.0
1356100 497.7
1356110 498.0
1356120 498.0
1356130 498.2
1356140 498.2
1356150 498.2
1356160 498.3
1356170 498.6
1356180 498.6
1356190 498.9
1356200 498.9
1356210 498.9
1356220 498.8
1356230 498.8
1356240 498.8
1356250 499.0
1356260 499.3
1356270 499.3
1356280 499.4
1356290 499.4
1356300 499.4
1356310 499.5
1356320 499.7
1356330 499.7
1356340 499.7
1356350 499.8
1356360 499.8
1356370 499.8
1356380 499.8
1356390 499.8
1356400 499.9
1356410 499.9
1356420 499.9
1356430 500.0
1356440 500.0
1356450 500.0
1356460 500.0
1356470 500.1
1356480 500.3
1356490 500.3
1356500 500.3
1356510 500.4
1356520 500.4
1356530 500.6
1356540 500.7
1356550 500.7
1356560 500.9
1356570 501.1
1356580 501.1
1356590 501.5
1356600 502.3
1356610 502.3
1356620 503.1
1356630 503.9
1356640 503.9
1356650 504.8
1356660 506.3
1356670 506.3
1356680 508.4
1356690 511.3
1356700 511.3
1356710 514.8
1356720 518.8
1356730 518.8
1356740 523.3
1356750 527.0
1356760 527.0
1356770 531.2
1356780 536.3
1356790 536.3
1356800 541.8
1356810 546.9
1356820 551.4
1356830 551.4
1356840 555.8
1356850 560.9
1356860 560.9
1356870 565.6
1356880 570.6
1356890 570.6
1356900 574.4
1356910 578.2
1356920 578.2
1356930 580.6
1356940 582.4
1356950 582.4
1356960 585.0
1356970 588.7
1356980 588.7
1356990 591.2
1357000 593.4
1357010 593.4
1357020 596.1
1357030 599.4
1357040 599.4
1357050 602.7
1357060 605.8
1357070 605.8
1357080 608.5
1357090 610.0
1357100 610.0
1357110 611.3
1357120 613.5
1357130 613.5
1357140 615.9
1357150 618.1
1357160 618.1
1357170 619.9
1357180 620.7
1357190 620.7
1357200 622.2
1357210 623.8
1357220 625.8
1357230 625.8
1357240 627.4
1357250 628.9
1357260 628.9
1357270 630.4
1357280 631.0
1357290 631.0
1357300 631.7
1357310 632.9
1357320 632.9
1357330 634.7
1357340 636.7
1357350 636.7
1357360 637.7
1357370 639.8
1357380 639.8
1357390 639.7
1357400 638.4
1357410 638.4
1357420 637.3
1357430 637.4
1357440 637.4
1357450 637.7
1357460 638.2
1357470 638.2
1357480 638.5
1357490 638.3
1357500 638.3
1357510 637.8
1357520 637.5
1357530 637.5
1357540 637.0
1357550 636.6
1357560 636.6
1357570 636.4
1357580 636.4
1357590 636.4
1357600 636.4
1357610 636.3
1357620 636.1
1357630 636.1
1357640 635.9
1357650 636.0
1357660 636.0
1357670 636.9
1357680 638.3
1357690 638.3
1357700 639.3
1357710 639.9
1357720 639.9
1357730 640.3
1357740 640.6
1357750 640.6
1357760 640.9
1357770 641.4
1357780 641.4
1357790 642.4
1357800 643.5
1357810 643.5
1357820 643.9
1357830 643.0
1357840 643.0
1357850 640.4
1357860 639.2
1357870 639.2
1357880 642.1
1357890 644.7
1357900 644.7
1357910 645.5
1357920 645.8
1357930 645.8
1357940 646.4
1357950 647.1
1357960 647.1
1357970 647.9
1357980 648.5
1357990 647.0
1358000 647.0
1358010 645.9
1358020 644.4
1358030 644.4
1358040 645.6
1358050 651.7
1358060 651.7
1358070 656.0
1358080 657.5
1358090 657.5
1358100 657.7
1358110 656.7
1358120 656.7
1358130 654.9
1358140 653.9
1358150 653.9
1358160 655.1
1358170 657.1
1358180 657.1
1358190 658.4
1358200 658.4
1358210 658.4
1358220 658.0
1358230 656.2
1358240 656.2
1358250 654.2
1358260 653.3
1358270 653.3
1358280 652.9
1358290 652.5
1358300 652.5
1358310 651.9
1358320 650.6
1358330 650.6
1358340 647.6
1358350 642.0
1358360 631.8
1358370 631.8
1358380 631.9
1358390 615.4
1358400 615.4
1358410 619.5
1358420 633.4
1358430 633.4
1358440 647.8
1358450 654.6
1358460 654.6
1358470 653.9
1358480 651.4
1358490 651.4
1358500 645.7
1358510 638.9
1358520 638.9
1358530 646.5
1358540 662.7
1358550 662.7
1358560 666.1
1358570 666.6
1358580 666.6
1358590 665.3
1358600 663.1
1358610 663.1
1358620 660.4
1358630 657.6
1358640 657.6
1358650 655.2
1358660 647.9
1358670 647.9
1358680 636.7
1358690 628.5
1358700 628.5
1358710 633.5
1358720 646.2
1358730 654.5
1358740 654.5
1358750 659.7
1358760 661.5
1358770 661.5
1358780 661.4
1358790 656.7
1358800 656.7
1358810 649.8
1358820 641.3
1358830 641.3
1358840 632.6
1358850 623.9
1358860 623.9
1358870 616.1
1358880 610.2
1358890 610.2
1358900 612.2
1358910 617.4
1358920 617.4
1358930 621.0
1358940 626.3
1358950 626.3
1358960 636.7
1358970 645.0
1358980 645.0
1358990 652.3
1359000 655.2
1359010 655.2
1359020 655.7
1359030 653.1
1359040 653.1
1359050 629.4
1359060 608.1
1359070 608.1
1359080 598.3
1359090 591.1
1359100 591.1
1359110 586.0
1359120 579.3
1359130 572.1
1359140 572.1
1359150 571.1
1359160 576.9
1359170 576.9
1359180 585.9
1359190 591.9
1359200 591.9
1359210 601.8
1359220 621.1
1359230 621.1
1359240 632.6
1359250 630.9
1359260 630.9
1359270 623.2
1359280 615.9
1359290 615.9
1359300 608.8
1359310 611.9
1359320 611.9
1359330 610.6
1359340 613.6
1359350 613.6
1359360 618.5
1359370 620.3
1359380 620.3
1359390 623.0
1359400 631.8
1359410 631.8
1359420 630.8
1359430 624.1
1359440 624.1
1359450 617.3
1359460 609.5
1359470 609.5
1359480 606.7
1359490 600.7
1359500 592.4
1359510 592.4
1359520 592.3
1359530 587.9
1359540 587.9
1359550 582.8
1359560 585.7
1359570 585.7
1359580 589.5
1359590 591.1
1359600 591.1
1359610 590.9
1359620 590.2
1359630 590.2
1359640 589.4
1359650 589.5
1359660 589.5
1359670 589.7
1359680 590.6
1359690 590.6
1359700 592.5
1359710 596.0
1359720 596.0
1359730 597.8
1359740 596.3
1359750 596.3
1359760 595.3
1359770 593.5
1359780 593.5
1359790 590.7
1359800 589.3
1359810 589.3
1359820 589.2
1359830 590.1
1359840 590.1
1359850 592.8
1359860 598.4
1359870 598.4
1359880 604.4
1359890 597.6
1359900 594.0
1359910 594.0
1359920 593.2
1359930 597.5
1359940 597.5
1359950 604.6
1359960 610.0
1359970 610.0
1359980 616.4
1359990 623.9
