1340000 873.6
1340010 878.8
1340020 879.6
1340030 879.6
1340040 879.2
1340050 878.0
1340060 878.0
1340070 876.4
1340080 875.1
1340090 875.1
1340100 873.3
1340110 872.2
1340120 872.2
1340130 872.1
1340140 871.9
1340150 871.9
1340160 870.2
1340170 865.1
1340180 865.1
1340190 859.8
1340200 858.0
1340210 858.0
1340220 859.5
1340230 862.0
1340240 862.0
1340250 863.1
1340260 863.2
1340270 863.2
1340280 863.2
1340290 862.7
1340300 862.0
1340310 862.0
1340320 861.3
1340330 861.0
1340340 861.0
1340350 861.6
1340360 862.7
1340370 862.7
1340380 863.5
1340390 864.2
1340400 864.2
1340410 865.0
1340420 866.3
1340430 866.3
1340440 865.4
1340450 861.7
1340460 861.7
1340470 855.7
1340480 853.5
1340490 853.5
1340500 857.6
1340510 860.4
1340520 860.4
1340530 861.0
1340540 858.8
1340550 858.8
1340560 855.8
1340570 855.3
1340580 855.3
1340590 856.1
1340600 855.9
1340610 855.9
1340620 854.8
1340630 853.3
1340640 853.3
1340650 851.0
1340660 847.3
1340670 846.0
1340680 846.0
1340690 846.0
1340700 846.0
1340710 846.0
1340720 846.1
1340730 845.8
1340740 841.5
1340750 836.8
1340760 826.9
1340770 826.9
1340780 822.7
1340790 832.0
1340800 832.0
1340810 836.6
1340820 835.9
1340830 835.9
1340840 833.2
1340850 834.6
1340860 834.6
1340870 837.4
1340880 838.9
1340890 838.9
1340900 839.8
1340910 840.0
1340920 840.0
1340930 838.4
1340940 833.4
1340950 833.4
1340960 826.2
1340970 819.8
1340980 819.8
1340990 819.8
1341000 821.1
1341010 821.1
1341020 822.7
1341030 824.5
1341040 824.5
1341050 825.1
1341060 824.9
1341070 821.9
1341080 821.9
1341090 819.9
1341100 821.5
1341110 821.5
1341120 821.3
1341130 821.5
1341140 821.5
1341150 821.5
1341160 820.3
1341170 820.3
1341180 816.2
1341190 811.4
1341200 811.4
1341210 812.8
1341220 814.4
1341230 814.4
1341240 813.1
1341250 809.2
1341260 809.2
1341270 807.2
1341280 804.6
1341290 804.6
1341300 802.1
1341310 806.4
1341320 806.4
1341330 806.2
1341340 804.6
1341350 804.6
1341360 802.6
1341370 800.2
1341380 800.2
1341390 796.9
1341400 795.1
1341410 795.1
1341420 793.4
1341430 789.5
1341440 788.2
1341450 788.2
1341460 789.0
1341470 788.0
1341480 788.0
1341490 788.4
1341500 787.7
1341510 787.7
1341520 786.4
1341530 784.8
1341540 784.8
1341550 782.6
1341560 781.4
1341570 781.4
1341580 780.0
1341590 778.7
1341600 778.7
1341610 776.6
1341620 773.2
1341630 773.2
1341640 767.5
1341650 767.0
1341660 767.0
1341670 765.0
1341680 762.5
1341690 762.5
1341700 760.1
1341710 758.1
1341720 758.1
1341730 756.1
1341740 752.0
1341750 752.0
1341760 744.8
1341770 739.0
1341780 739.0
1341790 741.5
1341800 742.8
1341810 742.8
1341820 736.6
1341830 726.9
1341840 723.8
1341850 723.8
1341860 726.5
1341870 728.0
1341880 728.0
1341890 725.9
1341900 719.5
1341910 719.5
1341920 711.6
1341930 704.9
1341940 704.9
1341950 699.6
1341960 694.7
1341970 694.7
1341980 686.7
1341990 679.3
1342000 679.3
1342010 682.6
1342020 693.2
1342030 693.2
1342040 701.3
1342050 700.9
1342060 700.9
1342070 697.4
1342080 695.0
1342090 695.0
1342100 694.3
1342110 693.3
1342120 693.3
1342130 692.0
1342140 690.8
1342150 690.8
1342160 689.4
1342170 687.6
1342180 687.6
1342190 687.6
1342200 685.2
1342210 685.2
1342220 682.4
1342230 680.6
1342240 676.5
1342250 676.5
1342260 679.0
1342270 681.3
1342280 681.3
1342290 681.7
1342300 685.7
1342310 685.7
1342320 689.2
1342330 688.6
1342340 688.6
1342350 682.2
1342360 675.3
1342370 675.3
1342380 675.4
1342390 679.5
1342400 679.5
1342410 678.4
1342420 676.6
1342430 676.6
1342440 678.6
1342450 679.6
1342460 679.6
1342470 676.5
1342480 672.4
1342490 672.4
1342500 669.4
1342510 668.0
1342520 668.0
1342530 666.1
1342540 661.4
1342550 661.4
1342560 659.7
1342570 658.0
1342580 658.0
1342590 657.0
1342600 656.2
1342610 655.2
1342620 655.2
1342630 654.3
1342640 653.9
1342650 653.9
1342660 653.5
1342670 652.9
1342680 652.9
1342690 651.4
1342700 650.3
1342710 650.3
1342720 649.8
1342730 648.0
1342740 648.0
1342750 645.8
1342760 644.9
1342770 644.9
1342780 644.4
1342790 643.4
1342800 643.4
1342810 642.6
1342820 642.5
1342830 642.5
1342840 642.7
1342850 642.5
1342860 642.5
1342870 642.1
1342880 641.4
1342890 641.4
1342900 640.5
1342910 640.0
1342920 640.0
1342930 639.5
1342940 638.8
1342950 638.8
1342960 638.0
1342970 637.8
1342980 637.8
1342990 637.7
1343000 637.7
1343010 637.7
1343020 637.7
1343030 637.6
1343040 637.3
1343050 637.3
1343060 638.2
1343070 638.0
1343080 638.0
1343090 635.5
1343100 633.5
1343110 633.5
1343120 632.5
1343130 632.4
1343140 632.4
1343150 632.0
1343160 630.3
1343170 630.3
1343180 628.8
1343190 629.1
1343200 629.1
1343210 629.8
1343220 629.7
1343230 629.7
1343240 629.8
1343250 629.6
1343260 629.6
1343270 629.4
1343280 629.1
1343290 629.1
1343300 629.2
1343310 629.3
1343320 629.3
1343330 628.7
1343340 627.9
1343350 627.9
1343360 627.4
1343370 627.2
1343380 627.3
1343390 627.3
1343400 627.5
1343410 627.7
1343420 627.7
1343430 627.6
1343440 626.6
1343450 626.6
1343460 626.5
1343470 626.5
1343480 626.5
1343490 626.9
1343500 628.6
1343510 628.6
1343520 629.5
1343530 630.0
1343540 630.0
1343550 630.6
1343560 631.5
1343570 631.5
1343580 633.7
1343590 636.9
1343600 636.9
1343610 640.5
1343620 641.8
1343630 641.8
1343640 640.8
1343650 640.2
1343660 640.2
1343670 641.5
1343680 641.5
1343690 641.5
1343700 640.5
1343710 637.0
1343720 637.0
1343730 640.6
1343740 644.8
1343750 644.8
1343760 644.6
1343770 646.5
1343780 647.9
1343790 647.9
1343800 649.0
1343810 650.3
1343820 650.3
1343830 652.6
1343840 655.7
1343850 655.7
1343860 659.0
1343870 659.8
1343880 659.8
1343890 659.1
1343900 658.5
1343910 658.5
1343920 658.8
1343930 659.5
1343940 659.5
1343950 660.0
1343960 660.3
1343970 660.3
1343980 660.6
1343990 661.0
1344000 661.0
1344010 661.8
1344020 662.5
1344030 662.5
1344040 662.0
1344050 660.4
1344060 660.4
1344070 658.5
1344080 657.0
1344090 657.0
1344100 653.1
1344110 647.7
1344120 647.7
1344130 641.4
1344140 638.7
1344150 636.7
1344160 636.7
1344170 631.5
1344180 626.8
1344190 626.8
1344200 624.1
1344210 623.1
1344220 623.1
1344230 622.4
1344240 622.6
1344250 622.6
1344260 623.1
1344270 624.5
1344280 624.5
1344290 626.3
1344300 628.1
1344310 628.1
1344320 631.3
1344330 632.0
1344340 632.0
1344350 635.2
1344360 635.4
1344370 635.4
1344380 637.9
1344390 638.7
1344400 638.7
1344410 639.1
1344420 640.0
1344430 640.0
1344440 640.4
1344450 640.7
1344460 640.7
1344470 642.6
1344480 643.9
1344490 643.9
1344500 643.6
1344510 642.6
1344520 642.6
1344530 642.5
1344540 644.7
1344550 644.8
1344560 644.8
1344570 642.7
1344580 641.5
1344590 641.5
1344600 638.5
1344610 634.1
1344620 634.1
1344630 635.7
1344640 641.6
1344650 641.6
1344660 647.0
1344670 651.9
1344680 651.9
1344690 654.9
1344700 658.4
1344710 658.4
1344720 661.0
1344730 663.2
1344740 663.2
1344750 666.3
1344760 668.8
1344770 668.8
1344780 673.7
1344790 677.5
1344800 677.5
1344810 679.5
1344820 681.8
1344830 681.8
1344840 685.4
1344850 687.0
1344860 687.0
1344870 687.9
1344880 685.9
1344890 685.9
1344900 682.7
1344910 679.9
1344920 678.2
1344930 678.2
1344940 676.5
1344950 674.6
1344960 674.6
1344970 672.6
1344980 670.9
1344990 670.9
1345000 669.8
1345010 668.7
1345020 668.7
1345030 666.7
1345040 663.9
1345050 663.9
1345060 661.0
1345070 658.6
1345080 658.6
1345090 655.3
1345100 651.5
1345110 651.5
1345120 649.5
1345130 647.7
1345140 647.7
1345150 645.7
1345160 643.9
1345170 643.9
1345180 642.8
1345190 641.6
1345200 641.6
1345210 640.4
1345220 638.8
1345230 638.8
1345240 637.7
1345250 636.4
1345260 636.4
1345270 633.1
1345280 631.5
1345290 631.5
1345300 629.5
1345310 626.9
1345320 624.8
1345330 624.8
1345340 623.3
1345350 622.7
1345360 622.7
1345370 622.1
1345380 621.6
1345390 621.6
1345400 619.0
1345410 617.2
1345420 617.2
1345430 616.6
1345440 615.8
1345450 615.8
1345460 614.6
1345470 612.0
1345480 612.0
1345490 609.3
1345500 607.8
1345510 607.8
1345520 613.3
1345530 615.9
1345540 615.9
1345550 615.9
1345560 616.0
1345570 616.0
1345580 616.5
1345590 617.2
1345600 617.2
1345610 617.8
1345620 618.1
1345630 618.1
1345640 618.5
1345650 618.9
1345660 618.9
1345670 619.3
1345680 619.6
1345690 619.8
1345700 619.8
1345710 619.6
1345720 619.0
1345730 619.0
1345740 617.8
1345750 616.7
1345760 616.7
1345770 616.5
1345780 616.3
1345790 616.3
1345800 616.1
1345810 615.9
1345820 615.9
1345830 615.5
1345840 615.1
1345850 615.1
1345860 614.7
1345870 614.4
1345880 614.4
1345890 613.8
1345900 613.7
1345910 613.7
1345920 614.6
1345930 614.8
1345940 614.8
1345950 614.8
1345960 613.9
1345970 613.9
1345980 613.0
1345990 612.4
1346000 612.4
1346010 612.0
1346020 611.7
1346030 611.7
1346040 611.5
1346050 611.4
1346060 611.4
1346070 611.0
1346080 610.5
1346090 609.8
1346100 609.8
1346110 609.2
1346120 608.7
1346130 608.7
1346140 608.3
1346150 607.2
1346160 607.2
1346170 605.6
1346180 604.2
1346190 608.0
1346200 608.9
1346210 609.7
1346220 609.7
1346230 609.9
1346240 611.0
1346250 611.0
1346260 612.3
1346270 612.5
1346280 612.5
1346290 612.7
1346300 612.9
1346310 612.9
1346320 612.9
1346330 612.9
1346340 612.9
1346350 613.1
1346360 613.1
1346370 613.1
1346380 611.9
1346390 605.9
1346400 605.9
1346410 595.9
1346420 587.2
1346430 587.2
1346440 584.3
1346450 584.0
1346460 583.9
1346470 583.9
1346480 585.9
1346490 595.4
1346500 595.4
1346510 604.9
1346520 612.1
1346530 612.1
1346540 613.4
1346550 614.3
1346560 614.3
1346570 614.9
1346580 617.2
1346590 617.2
1346600 622.1
1346610 627.5
1346620 627.5
1346630 630.6
1346640 632.4
1346650 632.4
1346660 633.3
1346670 633.2
1346680 633.2
1346690 633.3
1346700 633.1
1346710 633.1
1346720 635.1
1346730 636.4
1346740 636.4
1346750 636.8
1346760 635.9
1346770 635.9
1346780 635.5
1346790 638.7
1346800 638.7
1346810 639.4
1346820 636.8
1346830 636.8
1346840 637.2
1346850 640.4
1346860 640.7
1346870 640.7
1346880 640.0
1346890 641.6
1346900 641.6
1346910 643.0
1346920 646.0
1346930 646.0
1346940 649.1
1346950 651.2
1346960 651.2
1346970 654.0
1346980 656.4
1346990 656.4
1347000 659.5
1347010 662.4
1347020 662.4
1347030 664.9
1347040 667.9
1347050 667.9
1347060 670.5
1347070 671.6
1347080 671.6
1347090 671.8
1347100 675.6
1347110 675.6
1347120 689.0
1347130 691.9
1347140 691.9
1347150 694.7
1347160 696.8
1347170 696.8
1347180 698.8
1347190 701.8
1347200 701.8
1347210 704.4
1347220 706.3
1347230 706.3
1347240 708.4
1347250 710.3
1347260 711.8
1347270 711.8
1347280 712.2
1347290 712.3
1347300 712.3
1347310 713.5
1347320 714.7
1347330 714.7
1347340 715.7
1347350 716.4
1347360 716.4
1347370 716.7
1347380 716.4
1347390 716.4
1347400 716.2
1347410 715.8
1347420 715.8
1347430 715.2
1347440 714.5
1347450 714.5
1347460 714.3
1347470 714.3
1347480 714.3
1347490 714.0
1347500 713.3
1347510 713.3
1347520 712.5
1347530 712.1
1347540 712.1
1347550 711.0
1347560 709.8
1347570 709.8
1347580 709.0
1347590 708.0
1347600 708.0
1347610 707.6
1347620 707.4
1347630 707.9
1347640 707.9
1347650 708.0
1347660 707.5
1347670 707.5
1347680 707.8
1347690 708.3
1347700 708.3
1347710 708.4
1347720 708.5
1347730 708.5
1347740 708.3
1347750 708.5
1347760 708.5
1347770 708.9
1347780 708.5
1347790 708.5
1347800 708.3
1347810 707.7
1347820 707.7
1347830 707.0
1347840 707.2
1347850 707.2
1347860 707.4
1347870 707.9
1347880 707.9
1347890 708.5
1347900 709.2
1347910 709.2
1347920 709.7
1347930 710.2
1347940 710.2
1347950 711.4
1347960 712.6
1347970 712.6
1347980 713.8
1347990 714.9
1348000 714.9
1348010 715.4
1348020 715.9
1348030 716.4
1348040 716.4
1348050 721.3
1348060 721.0
1348070 721.0
1348080 720.9
1348090 720.9
1348100 720.9
1348110 721.1
1348120 720.9
1348130 720.9
1348140 720.8
1348150 720.6
1348160 720.6
1348170 720.2
1348180 719.2
1348190 719.2
1348200 717.7
1348210 716.1
1348220 716.1
1348230 714.2
1348240 711.9
1348250 711.9
1348260 709.7
1348270 707.6
1348280 707.6
1348290 705.7
1348300 704.1
1348310 704.1
1348320 702.4
1348330 699.5
1348340 699.5
1348350 697.0
1348360 694.7
1348370 694.7
1348380 692.8
1348390 691.4
1348400 690.2
1348410 690.2
1348420 689.0
1348430 687.3
1348440 687.3
1348450 685.2
1348460 683.6
1348470 683.6
1348480 682.4
1348490 681.0
1348500 681.0
1348510 678.8
1348520 676.6
1348530 676.6
1348540 675.0
1348550 673.8
1348560 673.8
1348570 672.3
1348580 671.0
1348590 671.0
1348600 670.7
1348610 670.1
1348620 670.1
1348630 669.9
1348640 669.8
1348650 669.8
1348660 669.9
1348670 669.4
1348680 669.4
1348690 668.1
1348700 665.8
1348710 665.8
1348720 662.4
1348730 659.2
1348740 659.2
1348750 656.0
1348760 652.8
1348770 652.8
1348780 649.0
1348790 644.7
1348800 640.9
1348810 640.9
1348820 637.8
1348830 634.5
1348840 634.5
1348850 630.6
1348860 628.1
1348870 628.1
1348880 626.9
1348890 625.8
1348900 625.8
1348910 624.6
1348920 623.5
1348930 623.5
1348940 623.0
1348950 622.5
1348960 622.5
1348970 622.2
1348980 621.3
1348990 621.3
1349000 618.3
1349010 617.2
1349020 617.2
1349030 617.2
1349040 617.7
1349050 617.7
1349060 618.1
1349070 618.8
1349080 618.8
1349090 619.5
1349100 620.0
1349110 620.0
1349120 621.5
1349130 622.9
1349140 622.9
1349150 623.4
1349160 623.7
1349170 625.2
1349180 625.2
1349190 625.7
1349200 626.2
1349210 626.2
1349220 627.1
1349230 627.1
1349240 627.1
1349250 627.6
1349260 627.8
1349270 627.8
1349280 628.7
1349290 629.4
1349300 629.4
1349310 630.1
1349320 630.2
1349330 630.2
1349340 630.9
1349350 632.0
1349360 632.0
1349370 632.5
1349380 632.9
1349390 632.9
1349400 633.3
1349410 633.0
1349420 633.0
1349430 631.3
1349440 630.4
1349450 630.4
1349460 629.3
1349470 628.6
1349480 628.6
1349490 628.5
1349500 628.5
1349510 628.5
1349520 628.8
1349530 629.4
1349540 629.4
1349550 629.8
1349560 630.3
1349570 631.4
1349580 631.4
1349590 632.2
1349600 633.6
1349610 633.6
1349620 634.2
1349630 634.0
1349640 634.0
1349650 633.2
1349660 633.8
1349670 633.8
1349680 634.0
1349690 635.0
1349700 635.0
1349710 636.3
1349720 637.7
1349730 637.7
1349740 639.1
1349750 640.4
1349760 640.4
1349770 641.5
1349780 642.4
1349790 642.4
1349800 643.2
1349810 644.2
1349820 644.2
1349830 645.8
1349840 647.3
1349850 647.3
1349860 648.5
1349870 649.3
1349880 649.3
1349890 649.9
1349900 650.0
1349910 650.0
1349920 649.9
1349930 649.8
1349940 649.5
1349950 648.4
1349960 647.9
1349970 647.5
1349980 647.5
1349990 647.2
1350000 647.2
1350010 647.2
1350020 647.3
1350030 647.5
1350040 647.5
1350050 647.6
1350060 647.9
1350070 647.9
1350080 648.9
1350090 649.3
1350100 649.3
1350110 649.6
1350120 649.9
1350130 649.9
1350140 650.0
1350150 649.6
1350160 649.6
1350170 649.4
1350180 649.5
1350190 649.5
1350200 649.9
1350210 650.9
1350220 650.9
1350230 651.9
1350240 652.5
1350250 652.5
1350260 654.9
1350270 656.2
1350280 656.2
1350290 656.7
1350300 657.2
1350310 657.2
1350320 658.1
1350330 659.3
1350340 660.0
1350350 660.0
1350360 660.5
1350370 660.9
1350380 660.9
1350390 661.1
1350400 661.0
1350410 661.0
1350420 660.7
1350430 660.2
1350440 660.2
1350450 659.7
1350460 659.2
1350470 659.2
1350480 658.3
1350490 656.6
1350500 656.6
1350510 655.0
1350520 653.9
1350530 653.9
1350540 652.0
1350550 648.8
1350560 648.8
1350570 644.7
1350580 641.9
1350590 641.9
1350600 639.2
1350610 636.4
1350620 636.4
1350630 633.4
1350640 631.3
1350650 631.3
1350660 630.6
1350670 630.3
1350680 630.3
1350690 630.1
1350700 629.9
1350710 629.7
1350720 629.7
1350730 629.4
1350740 629.0
1350750 629.0
1350760 628.8
1350770 628.4
1350780 628.4
1350790 628.1
1350800 627.7
1350810 627.7
1350820 627.4
1350830 627.1
1350840 627.1
1350850 626.7
1350860 626.6
1350870 626.6
1350880 626.4
1350890 626.9
1350900 627.4
1350910 627.7
1350920 628.0
1350930 628.0
1350940 628.6
1350950 629.3
1350960 629.3
1350970 629.6
1350980 629.8
1350990 629.8
1351000 629.9
1351010 630.7
1351020 630.7
1351030 633.6
1351040 637.3
1351050 637.3
1351060 639.8
1351070 641.9
1351080 641.9
1351090 647.0
1351100 652.7
1351110 659.1
1351120 659.1
1351130 666.1
1351140 673.2
1351150 673.2
1351160 678.9
1351170 682.6
1351180 682.6
1351190 686.7
1351200 691.3
1351210 691.3
1351220 696.1
1351230 701.3
1351240 701.3
1351250 706.9
1351260 712.5
1351270 712.5
1351280 718.6
1351290 725.2
1351300 725.2
1351310 731.7
1351320 737.6
1351330 737.6
1351340 744.6
1351350 752.2
1351360 752.2
1351370 760.9
1351380 769.6
1351390 769.6
1351400 780.4
1351410 799.6
1351420 799.6
1351430 828.9
1351440 847.6
1351450 847.6
1351460 872.1
1351470 900.6
1351480 912.5
1351490 912.5
1351500 911.5
1351510 909.0
1351520 909.0
1351530 904.3
1351540 896.2
1351550 896.2
1351560 888.9
1351570 883.6
1351580 883.6
1351590 880.6
1351600 880.6
1351610 880.6
1351620 878.2
1351630 873.5
1351640 873.5
1351650 869.7
1351660 864.5
1351670 864.5
1351680 856.9
1351690 848.3
1351700 848.3
1351710 841.4
1351720 834.5
1351730 834.5
1351740 825.1
1351750 815.0
1351760 815.0
1351770 804.7
1351780 799.9
1351790 799.9
1351800 797.9
1351810 795.1
1351820 795.1
1351830 793.0
1351840 791.0
1351850 791.0
1351860 793.6
1351870 792.2
1351880 792.2
1351890 792.2
1351900 792.4
1351910 791.6
1351920 791.6
1351930 790.8
1351940 787.5
1351950 787.5
1351960 781.7
1351970 775.3
1351980 775.3
1351990 771.0
1352000 762.2
1352010 762.2
1352020 750.5
1352030 739.9
1352040 739.9
1352050 731.3
1352060 723.0
1352070 723.0
1352080 711.8
1352090 701.2
1352100 701.2
1352110 692.6
1352120 685.2
1352130 685.2
1352140 675.8
1352150 666.8
1352160 666.8
1352170 659.4
1352180 652.1
1352190 652.1
1352200 647.2
1352210 644.9
1352220 644.9
1352230 641.6
1352240 634.2
1352250 629.7
1352260 629.7
1352270 627.1
1352280 624.9
1352290 624.9
1352300 622.5
1352310 620.1
1352320 620.1
1352330 618.0
1352340 616.4
1352350 616.4
1352360 615.5
1352370 614.8
1352380 614.8
1352390 614.7
1352400 615.2
1352410 615.2
1352420 615.9
1352430 614.9
1352440 614.9
1352450 612.9
1352460 612.0
1352470 612.0
1352480 612.2
1352490 611.9
1352500 611.9
1352510 612.1
1352520 609.2
1352530 609.2
1352540 601.4
1352550 595.9
1352560 595.9
1352570 591.3
1352580 588.1
1352590 588.1
1352600 587.8
1352610 586.0
1352620 586.0
1352630 579.5
1352640 575.6
1352650 570.6
1352660 570.6
1352670 565.0
1352680 558.8
1352690 558.8
1352700 555.6
1352710 554.4
1352720 554.4
1352730 553.8
1352740 551.6
1352750 551.6
1352760 553.1
1352770 557.1
1352780 557.1
1352790 561.4
1352800 566.4
1352810 566.4
1352820 570.5
1352830 574.4
1352840 575.2
1352850 578.8
1352860 582.5
1352870 582.5
1352880 584.9
1352890 591.2
1352900 591.2
1352910 598.8
1352920 609.5
1352930 609.5
1352940 623.5
1352950 634.6
1352960 634.6
1352970 642.1
1352980 646.9
1352990 646.9
1353000 648.7
1353010 648.8
1353020 648.6
1353030 648.6
1353040 647.1
1353050 644.2
1353060 644.2
1353070 641.3
1353080 639.1
1353090 639.1
1353100 637.4
1353110 636.6
1353120 636.6
1353130 636.8
1353140 634.7
1353150 634.7
1353160 630.1
1353170 625.5
1353180 625.5
1353190 621.2
1353200 612.8
1353210 612.8
1353220 608.9
1353230 604.1
1353240 604.1
1353250 585.9
1353260 570.9
1353270 570.9
1353280 566.5
1353290 563.5
1353300 563.5
1353310 561.4
1353320 560.7
1353330 560.7
1353340 560.7
1353350 561.0
1353360 561.0
1353370 562.6
1353380 564.8
1353390 564.8
1353400 567.4
1353410 570.0
1353420 571.5
1353430 571.5
1353440 570.5
1353450 567.4
1353460 567.4
1353470 564.7
1353480 566.6
1353490 566.6
1353500 572.6
1353510 576.7
1353520 576.7
1353530 578.3
1353540 579.5
1353550 579.5
1353560 580.1
1353570 579.5
1353580 579.5
1353590 580.2
1353600 583.4
1353610 583.4
1353620 584.5
1353630 585.6
1353640 585.6
1353650 586.3
1353660 587.1
1353670 587.1
1353680 588.1
1353690 589.3
1353700 589.3
1353710 590.5
1353720 592.0
1353730 592.0
1353740 592.8
1353750 592.8
1353760 592.8
1353770 592.6
1353780 591.9
1353790 591.4
1353800 591.4
1353810 589.4
1353820 589.1
1353830 589.1
1353840 589.0
1353850 589.1
1353860 589.1
1353870 589.2
1353880 589.1
1353890 589.1
1353900 588.7
1353910 587.2
1353920 587.2
1353930 582.9
1353940 577.4
1353950 577.4
1353960 572.0
1353970 567.1
1353980 567.1
1353990 563.6
1354000 559.9
1354010 559.9
1354020 555.5
1354030 552.2
1354040 552.2
1354050 550.1
1354060 548.7
1354070 548.7
1354080 548.1
1354090 547.1
1354100 547.1
1354110 545.2
1354120 543.4
1354130 543.4
1354140 541.8
1354150 540.2
1354160 540.2
1354170 540.1
1354180 539.0
1354190 536.6
1354200 536.6
1354210 535.0
1354220 533.4
1354230 533.4
1354240 531.5
1354250 529.6
1354260 529.6
1354270 528.4
1354280 527.0
1354290 527.0
1354300 524.9
1354310 521.8
1354320 521.8
1354330 518.9
1354340 517.8
1354350 517.8
1354360 515.1
1354370 508.8
1354380 508.8
1354390 504.6
1354400 503.2
1354410 503.2
1354420 499.2
1354430 492.6
1354440 492.6
1354450 488.0
1354460 486.1
1354470 486.1
1354480 484.1
1354490 481.7
1354500 481.7
1354510 480.9
1354520 479.7
1354530 479.7
1354540 477.8
1354550 477.3
1354560 477.3
1354570 477.3
1354580 477.3
1354590 477.3
1354600 477.3
1354610 477.3
1354620 477.3
1354630 477.3
1354640 477.3
1354650 477.2
1354660 477.2
1354670 477.2
1354680 477.1
1354690 477.1
1354700 477.1
1354710 477.1
1354720 477.1
1354730 477.1
1354740 477.1
1354750 477.1
1354760 477.2
1354770 477.4
1354780 477.4
1354790 478.5
1354800 479.3
1354810 479.3
1354820 479.4
1354830 479.4
1354840 479.4
1354850 479.5
1354860 479.4
1354870 479.4
1354880 479.3
1354890 479.5
1354900 479.5
1354910 479.7
1354920 480.0
1354930 480.0
1354940 483.5
1354950 484.8
1354960 484.8
1354970 484.8
1354980 484.8
1354990 484.2
1355000 484.2
1355010 481.8
1355020 479.6
1355030 479.6
1355040 479.2
1355050 479.3
1355060 479.3
1355070 479.3
1355080 479.3
1355090 479.3
1355100 479.1
1355110 478.3
1355120 478.3
1355130 478.1
1355140 478.0
1355150 478.0
1355160 478.0
1355170 478.1
1355180 478.1
1355190 478.3
1355200 478.6
1355210 478.6
1355220 478.8
1355230 478.9
1355240 478.9
1355250 478.9
1355260 478.9
1355270 478.9
1355280 478.9
1355290 478.9
1355300 478.9
1355310 479.0
1355320 479.4
1355330 479.4
1355340 479.4
1355350 479.2
1355360 479.2
1355370 479.2
1355380 479.2
1355390 479.3
1355400 479.3
1355410 479.3
1355420 479.3
1355430 479.3
1355440 479.3
1355450 479.3
1355460 479.3
1355470 479.3
1355480 479.5
1355490 479.5
1355500 479.7
1355510 479.9
1355520 479.9
1355530 480.2
1355540 480.4
1355550 480.4
1355560 480.6
1355570 480.7
1355580 480.7
1355590 480.8
1355600 480.9
1355610 480.9
1355620 480.6
1355630 480.0
1355640 480.0
1355650 479.5
1355660 480.4
1355670 480.4
1355680 485.4
1355690 488.3
1355700 488.3
1355710 488.6
1355720 489.0
1355730 489.6
1355740 489.6
1355750 489.7
1355760 489.7
1355770 489.7
1355780 489.7
1355790 489.7
1355800 489.7
1355810 489.7
1355820 489.8
1355830 489.8
1355840 490.0
1355850 490.2
1355860 490.2
1355870 490.3
1355880 490.5
1355890 490.5
1355900 490.7
1355910 490.8
1355920 490.8
1355930 491.2
1355940 491.6
1355950 491.6
1355960 491.7
1355970 491.7
1355980 491.7
1355990 491.8
1356000 492.0
1356010 492.0
1356020 492.7
1356030 493.3
1356040 493.3
1356050 493.4
1356060 493.5
1356070 493.5
1356080 493.9
1356090 493.9
1356100 494.1
1356110 494.1
1356120 494.5
1356130 494.7
1356140 494.7
1356150 495.0
1356160 495.2
1356170 495.2
1356180 495.5
1356190 495.6
1356200 495.6
1356210 495.7
1356220 495.6
1356230 495.6
1356240 493.6
1356250 491.0
1356260 491.0
1356270 489.6
1356280 489.1
1356290 489.1
1356300 489.2
1356310 489.2
1356320 489.2
1356330 489.3
1356340 489.7
1356350 489.7
1356360 490.5
1356370 491.3
1356380 491.3
1356390 491.5
1356400 491.1
1356410 491.1
1356420 491.0
1356430 491.0
1356440 491.0
1356450 491.2
1356460 491.0
1356470 491.0
1356480 491.6
1356490 492.5
1356500 493.5
1356510 493.5
1356520 493.9
1356530 493.7
1356540 493.7
1356550 492.3
1356560 489.9
1356570 489.9
1356580 487.8
1356590 485.6
1356600 485.6
1356610 484.0
1356620 483.9
1356630 483.9
1356640 484.7
1356650 486.7
1356660 486.7
1356670 488.8
1356680 490.3
1356690 490.3
1356700 491.6
1356710 493.0
1356720 493.0
1356730 494.2
1356740 494.7
1356750 494.7
1356760 494.9
1356770 495.2
1356780 495.2
1356790 495.5
1356800 495.8
1356810 495.8
1356820 496.8
1356830 500.0
1356840 500.0
1356850 505.1
1356860 512.2
1356870 518.0
1356880 518.0
1356890 523.5
1356900 528.6
1356910 528.6
1356920 529.8
1356930 536.2
1356940 536.2
1356950 544.7
1356960 551.0
1356970 551.0
1356980 564.2
1356990 575.7
1357000 575.7
1357010 584.5
1357020 592.4
1357030 592.4
1357040 599.9
1357050 609.1
1357060 609.1
1357070 616.4
1357080 621.5
1357090 621.5
1357100 623.9
1357110 629.4
1357120 629.4
1357130 635.9
1357140 642.9
1357150 642.9
1357160 647.9
1357170 653.4
1357180 653.4
1357190 656.4
1357200 657.5
1357210 657.5
1357220 656.1
1357230 649.1
1357240 649.1
1357250 642.4
1357260 639.6
1357270 634.7
1357280 634.7
1357290 634.8
1357300 635.9
1357310 635.9
1357320 636.7
1357330 637.9
1357340 637.9
1357350 639.4
1357360 641.6
1357370 641.6
1357380 645.0
1357390 648.8
1357400 648.8
1357410 653.2
1357420 657.4
1357430 657.4
1357440 659.8
1357450 662.2
1357460 662.2
1357470 665.0
1357480 668.2
1357490 668.2
1357500 672.2
1357510 676.7
1357520 676.7
1357530 682.4
1357540 686.6
1357550 686.6
1357560 695.3
1357570 702.6
1357580 702.6
1357590 706.7
1357600 710.2
1357610 710.2
1357620 713.9
1357630 717.3
1357640 718.3
1357650 718.3
1357660 717.7
1357670 716.5
1357680 716.5
1357690 715.4
1357700 712.7
1357710 712.7
1357720 709.3
1357730 705.6
1357740 705.6
1357750 703.2
1357760 701.2
1357770 701.2
1357780 697.4
1357790 692.9
1357800 692.9
1357810 689.2
1357820 687.3
1357830 687.3
1357840 687.3
1357850 688.8
1357860 688.8
1357870 690.5
1357880 693.3
1357890 693.3
1357900 696.4
1357910 697.4
1357920 697.4
1357930 694.4
1357940 692.2
1357950 692.2
1357960 690.9
1357970 693.1
1357980 693.1
1357990 697.1
1358000 701.7
1358010 701.7
1358020 700.4
1358030 698.0
1358040 696.5
1358050 696.5
1358060 695.9
1358070 696.3
1358080 696.3
1358090 697.6
1358100 699.9
1358110 699.9
1358120 701.3
1358130 702.5
1358140 702.5
1358150 702.7
1358160 700.7
1358170 700.7
1358180 698.2
1358190 695.9
1358200 695.9
1358210 694.4
1358220 695.6
1358230 695.6
1358240 697.5
1358250 700.3
1358260 700.3
1358270 705.7
1358280 711.7
1358290 711.7
1358300 718.1
1358310 725.0
1358320 725.0
1358330 731.9
1358340 738.9
1358350 738.9
1358360 748.5
1358370 755.6
1358380 755.6
1358390 758.2
1358400 756.3
1358410 750.1
1358420 750.1
1358430 746.2
1358440 746.5
1358450 746.5
1358460 746.3
1358470 744.9
1358480 744.9
1358490 743.7
1358500 742.3
1358510 742.3
1358520 741.4
1358530 740.8
1358540 740.8
1358550 740.4
1358560 740.6
1358570 740.6
1358580 741.0
1358590 741.5
1358600 741.5
1358610 742.7
1358620 744.3
1358630 744.3
1358640 746.3
1358650 749.2
1358660 749.2
1358670 752.2
1358680 755.0
1358690 755.0
1358700 756.1
1358710 757.4
1358720 757.4
1358730 758.7
1358740 760.7
1358750 760.7
1358760 763.0
1358770 765.0
1358780 765.0
1358790 766.9
1358800 760.9
1358810 764.0
1358820 764.0
1358830 765.2
1358840 767.3
1358850 767.3
1358860 769.3
1358870 770.1
1358880 770.1
1358890 769.7
1358900 769.3
1358910 769.3
1358920 771.3
1358930 775.3
1358940 775.3
1358950 779.1
1358960 782.5
1358970 782.5
1358980 783.6
1358990 784.3
1359000 784.3
1359010 784.9
1359020 785.1
1359030 785.1
1359040 785.7
1359050 787.1
1359060 787.1
1359070 788.8
1359080 789.5
1359090 789.5
1359100 789.9
1359110 790.0
1359120 790.0
1359130 789.3
1359140 788.6
1359150 788.6
1359160 788.3
1359170 788.6
1359180 789.8
1359190 789.8
1359200 790.8
1359210 789.8
1359220 789.8
1359230 788.0
1359240 786.7
1359250 786.7
1359260 786.1
1359270 785.6
1359280 785.6
1359290 784.4
1359300 783.1
1359310 783.1
1359320 781.9
1359330 780.6
1359340 780.6
1359350 779.1
1359360 776.5
1359370 776.5
1359380 774.1
1359390 771.8
1359400 771.8
1359410 769.7
1359420 768.3
1359430 768.3
1359440 767.7
1359450 767.4
1359460 767.4
1359470 766.4
1359480 768.3
1359490 768.3
1359500 770.5
1359510 773.9
1359520 773.9
1359530 777.8
1359540 779.3
1359550 779.3
1359560 778.7
1359570 776.9
1359580 775.1
1359590 775.1
1359600 775.3
1359610 774.4
1359620 774.4
1359630 772.0
1359640 769.1
1359650 769.1
1359660 769.9
1359670 773.2
1359680 773.2
1359690 780.0
1359700 783.1
1359710 783.1
1359720 784.3
1359730 785.3
1359740 785.3
1359750 785.5
1359760 784.5
1359770 784.5
1359780 788.6
1359790 793.3
1359800 793.3
1359810 794.8
1359820 795.2
1359830 790.6
1359840 789.6
1359850 789.3
1359860 789.3
1359870 789.6
1359880 788.8
1359890 788.8
1359900 787.2
1359910 783.9
1359920 783.9
1359930 780.3
1359940 779.1
1359950 778.5
1359960 778.5
1359970 777.4
1359980 776.4
1359990 776.4
