1340000 998.4
1340010 998.4
1340020 999.7
1340030 1000.3
1340040 1000.3
1340050 1000.0
1340060 1001.6
1340070 1001.6
1340080 1003.5
1340090 1004.2
1340100 1004.2
1340110 1002.8
1340120 1000.7
1340130 1000.7
1340140 999.4
1340150 999.1
1340160 999.1
1340170 999.3
1340180 1000.2
1340190 1000.2
1340200 999.9
1340210 996.8
1340220 996.8
1340230 995.8
1340240 998.7
1340250 1001.5
1340260 1001.5
1340270 1002.7
1340280 1003.3
1340290 1003.3
1340300 1003.4
1340310 1001.9
1340320 1001.9
1340330 999.0
1340340 996.8
1340350 996.8
1340360 993.5
1340370 987.3
1340380 987.3
1340390 983.6
1340400 982.1
1340410 982.1
1340420 982.3
1340430 982.6
1340440 982.6
1340450 981.9
1340460 982.7
1340470 982.7
1340480 983.9
1340490 984.3
1340500 984.3
1340510 984.3
1340520 983.6
1340530 983.6
1340540 983.5
1340550 984.1
1340560 984.1
1340570 985.0
1340580 984.5
1340590 984.5
1340600 983.8
1340610 983.9
1340620 982.4
1340630 982.4
1340640 979.6
1340650 973.8
1340660 973.8
1340670 964.4
1340680 960.0
1340690 960.0
1340700 961.8
1340710 968.2
1340720 968.2
1340730 971.8
1340740 972.1
1340750 972.1
1340760 972.0
1340770 972.5
1340780 972.5
1340790 973.1
1340800 973.3
1340810 973.3
1340820 972.8
1340830 971.5
1340840 971.5
1340850 970.0
1340860 968.0
1340870 968.0
1340880 965.1
1340890 963.9
1340900 963.9
1340910 964.1
1340920 963.9
1340930 963.9
1340940 964.8
1340950 966.5
1340960 966.5
1340970 968.7
1340980 970.7
1340990 970.7
1341000 971.7
1341010 972.0
1341020 972.4
1341030 972.4
1341040 972.0
1341050 971.5
1341060 971.5
1341070 971.1
1341080 970.5
1341090 970.5
1341100 970.8
1341110 970.8
1341120 970.8
1341130 969.5
1341140 968.9
1341150 968.9
1341160 968.0
1341170 966.5
1341180 966.5
1341190 965.2
1341200 963.2
1341210 963.2
1341220 960.5
1341230 957.4
1341240 957.4
1341250 953.7
1341260 950.8
1341270 950.8
1341280 948.2
1341290 945.8
1341300 945.8
1341310 943.8
1341320 942.4
1341330 942.4
1341340 941.0
1341350 939.3
1341360 939.3
1341370 938.1
1341380 936.7
1341390 934.3
1341400 934.3
1341410 931.8
1341420 930.7
1341430 930.7
1341440 931.7
1341450 931.2
1341460 931.2
1341470 929.1
1341480 927.5
1341490 927.5
1341500 925.9
1341510 923.9
1341520 923.9
1341530 922.2
1341540 913.9
1341550 913.9
1341560 912.6
1341570 912.3
1341580 912.3
1341590 910.7
1341600 907.5
1341610 907.5
1341620 905.6
1341630 904.6
1341640 904.6
1341650 903.9
1341660 902.3
1341670 902.3
1341680 898.1
1341690 894.1
1341700 894.1
1341710 889.9
1341720 885.8
1341730 885.8
1341740 882.4
1341750 878.9
1341760 878.9
1341770 874.4
1341780 870.3
1341790 866.8
1341800 866.8
1341810 862.8
1341820 858.8
1341830 858.8
1341840 855.4
1341850 851.8
1341860 851.8
1341870 849.1
1341880 847.8
1341890 847.8
1341900 846.5
1341910 845.0
1341920 845.0
1341930 843.3
1341940 842.0
1341950 842.0
1341960 839.9
1341970 838.6
1341980 838.6
1341990 839.8
1342000 842.5
1342010 842.5
1342020 844.9
1342030 844.9
1342040 844.9
1342050 844.4
1342060 843.5
1342070 843.5
1342080 843.2
1342090 843.5
1342100 843.5
1342110 842.8
1342120 841.1
1342130 841.1
1342140 839.4
1342150 839.0
1342160 839.0
1342170 838.9
1342180 838.0
1342190 835.7
1342200 835.7
1342210 835.3
1342220 834.8
1342230 834.8
1342240 833.5
1342250 831.9
1342260 831.9
1342270 830.4
1342280 829.0
1342290 829.0
1342300 827.8
1342310 827.0
1342320 827.0
1342330 826.3
1342340 825.5
1342350 825.5
1342360 824.8
1342370 824.1
1342380 824.1
1342390 822.7
1342400 822.0
1342410 822.0
1342420 820.9
1342430 819.5
1342440 813.4
1342450 811.8
1342460 811.1
1342470 811.1
1342480 810.0
1342490 809.0
1342500 809.0
1342510 807.6
1342520 806.2
1342530 806.2
1342540 805.4
1342550 804.5
1342560 802.6
1342570 802.6
1342580 800.5
1342590 798.4
1342600 798.4
1342610 796.7
1342620 794.4
1342630 794.4
1342640 792.3
1342650 791.8
1342660 791.8
1342670 790.8
1342680 789.1
1342690 789.1
1342700 786.5
1342710 783.6
1342720 783.6
1342730 782.7
1342740 782.3
1342750 782.3
1342760 780.9
1342770 778.5
1342780 778.5
1342790 775.4
1342800 771.4
1342810 771.4
1342820 766.5
1342830 760.2
1342840 760.2
1342850 755.4
1342860 757.2
1342870 757.2
1342880 756.8
1342890 754.0
1342900 754.0
1342910 751.7
1342920 746.0
1342930 746.0
1342940 740.1
1342950 739.0
1342960 738.7
1342970 738.7
1342980 736.6
1342990 736.9
1343000 736.9
1343010 733.4
1343020 731.1
1343030 731.1
1343040 729.0
1343050 724.6
1343060 724.6
1343070 726.7
1343080 727.2
1343090 727.2
1343100 724.0
1343110 723.2
1343120 723.2
1343130 721.6
1343140 718.7
1343150 718.7
1343160 717.8
1343170 717.2
1343180 717.2
1343190 715.6
1343200 713.5
1343210 713.5
1343220 710.7
1343230 707.4
1343240 707.4
1343250 704.5
1343260 701.1
1343270 701.1
1343280 696.8
1343290 692.8
1343300 692.8
1343310 689.1
1343320 685.2
1343330 683.2
1343340 679.6
1343350 680.8
1343360 680.0
1343370 680.0
1343380 678.8
1343390 677.4
1343400 677.4
1343410 675.9
1343420 674.7
1343430 674.7
1343440 673.7
1343450 672.8
1343460 672.8
1343470 671.8
1343480 671.0
1343490 671.0
1343500 670.3
1343510 669.4
1343520 669.4
1343530 668.0
1343540 666.8
1343550 666.8
1343560 666.0
1343570 665.1
1343580 665.1
1343590 664.0
1343600 662.4
1343610 662.4
1343620 660.7
1343630 659.0
1343640 659.0
1343650 657.5
1343660 656.5
1343670 656.5
1343680 655.7
1343690 654.8
1343700 654.8
1343710 653.7
1343720 652.2
1343730 650.7
1343740 650.7
1343750 649.3
1343760 646.1
1343770 646.1
1343780 643.2
1343790 642.5
1343800 642.5
1343810 642.8
1343820 643.9
1343830 643.9
1343840 644.8
1343850 646.0
1343860 646.0
1343870 647.6
1343880 648.7
1343890 648.7
1343900 648.8
1343910 647.7
1343920 647.7
1343930 646.9
1343940 646.3
1343950 646.3
1343960 645.4
1343970 645.2
1343980 645.2
1343990 645.5
1344000 646.5
1344010 646.5
1344020 645.9
1344030 646.3
1344040 646.3
1344050 646.4
1344060 640.9
1344070 640.9
1344080 638.7
1344090 641.7
1344100 644.2
1344110 644.2
1344120 646.4
1344130 647.5
1344140 647.5
1344150 647.1
1344160 648.0
1344170 648.0
1344180 649.9
1344190 650.7
1344200 650.7
1344210 650.8
1344220 651.6
1344230 651.6
1344240 652.1
1344250 649.9
1344260 649.9
1344270 649.6
1344280 649.8
1344290 649.8
1344300 650.4
1344310 651.1
1344320 651.1
1344330 650.9
1344340 650.2
1344350 650.2
1344360 649.3
1344370 648.9
1344380 648.9
1344390 647.8
1344400 646.3
1344410 646.3
1344420 645.6
1344430 645.1
1344440 645.1
1344450 644.8
1344460 644.5
1344470 644.5
1344480 644.0
1344490 642.9
1344500 641.1
1344510 641.1
1344520 639.3
1344530 637.0
1344540 637.0
1344550 634.6
1344560 632.3
1344570 632.3
1344580 638.3
1344590 639.5
1344600 639.5
1344610 630.2
1344620 621.2
1344630 621.2
1344640 613.0
1344650 608.8
1344660 608.8
1344670 610.0
1344680 612.3
1344690 612.3
1344700 612.6
1344710 612.6
1344720 612.6
1344730 612.6
1344740 612.5
1344750 612.5
1344760 613.4
1344770 614.7
1344780 614.7
1344790 615.8
1344800 617.8
1344810 617.8
1344820 620.2
1344830 622.5
1344840 622.5
1344850 623.9
1344860 627.1
1344870 627.1
1344880 629.1
1344890 628.8
1344900 630.1
1344910 630.1
1344920 633.3
1344930 637.2
1344940 637.2
1344950 642.7
1344960 647.2
1344970 647.2
1344980 652.2
1344990 657.4
1345000 657.4
1345010 660.0
1345020 661.8
1345030 661.8
1345040 662.9
1345050 663.1
1345060 663.1
1345070 661.1
1345080 658.5
1345090 658.5
1345100 656.4
1345110 655.4
1345120 655.4
1345130 654.2
1345140 650.9
1345150 650.9
1345160 649.0
1345170 649.5
1345180 649.5
1345190 644.3
1345200 644.3
1345210 644.3
1345220 641.7
1345230 635.8
1345240 635.8
1345250 631.1
1345260 627.7
1345270 624.3
1345280 624.3
1345290 622.9
1345300 622.1
1345310 622.1
1345320 622.9
1345330 623.2
1345340 623.2
1345350 621.6
1345360 617.6
1345370 617.6
1345380 612.3
1345390 608.4
1345400 608.4
1345410 606.1
1345420 606.0
1345430 606.0
1345440 605.6
1345450 605.0
1345460 605.0
1345470 603.8
1345480 600.6
1345490 600.6
1345500 599.3
1345510 601.7
1345520 601.7
1345530 611.2
1345540 623.7
1345550 623.7
1345560 634.6
1345570 642.8
1345580 642.8
1345590 647.9
1345600 652.9
1345610 652.9
1345620 658.5
1345630 664.4
1345640 664.4
1345650 668.5
1345660 669.6
1345670 667.2
1345680 667.2
1345690 668.3
1345700 672.5
1345710 672.5
1345720 675.6
1345730 676.3
1345740 676.3
1345750 676.0
1345760 675.2
1345770 675.2
1345780 673.5
1345790 673.6
1345800 673.6
1345810 676.9
1345820 680.6
1345830 680.6
1345840 683.6
1345850 686.3
1345860 686.3
1345870 688.6
1345880 688.7
1345890 688.7
1345900 686.2
1345910 683.3
1345920 683.3
1345930 681.5
1345940 680.9
1345950 680.9
1345960 682.1
1345970 686.2
1345980 686.2
1345990 689.2
1346000 687.7
1346010 687.7
1346020 685.9
1346030 687.8
1346040 689.5
1346050 689.5
1346060 688.9
1346070 686.0
1346080 686.0
1346090 675.2
1346100 669.3
1346110 669.3
1346120 662.7
1346130 656.8
1346140 656.8
1346150 662.7
1346160 670.3
1346170 670.3
1346180 676.6
1346190 679.4
1346200 679.4
1346210 680.8
1346220 680.9
1346230 680.9
1346240 679.7
1346250 676.9
1346260 676.9
1346270 673.6
1346280 670.4
1346290 670.4
1346300 667.8
1346310 665.7
1346320 665.7
1346330 662.0
1346340 659.6
1346350 659.6
1346360 656.5
1346370 659.2
1346380 659.2
1346390 659.3
1346400 661.4
1346410 661.4
1346420 664.2
1346430 667.8
1346440 671.0
1346450 671.0
1346460 671.7
1346470 670.0
1346480 670.0
1346490 665.4
1346500 660.0
1346510 660.0
1346520 656.0
1346530 653.0
1346540 653.0
1346550 649.8
1346560 646.2
1346570 646.2
1346580 643.5
1346590 641.3
1346600 641.3
1346610 640.5
1346620 640.0
1346630 640.0
1346640 639.0
1346650 636.0
1346660 636.0
1346670 632.0
1346680 629.1
1346690 629.1
1346700 626.8
1346710 625.8
1346720 625.8
1346730 626.9
1346740 626.3
1346750 626.3
1346760 625.6
1346770 624.5
1346780 624.5
1346790 622.3
1346800 619.7
1346810 619.7
1346820 616.6
1346830 612.2
1346840 609.6
1346850 609.6
1346860 605.8
1346870 598.8
1346880 598.8
1346890 596.5
1346900 594.9
1346910 594.9
1346920 592.2
1346930 584.7
1346940 584.7
1346950 578.7
1346960 576.9
1346970 576.9
1346980 577.2
1346990 577.7
1347000 577.7
1347010 577.8
1347020 582.7
1347030 582.7
1347040 583.7
1347050 582.9
1347060 582.9
1347070 582.7
1347080 583.3
1347090 583.3
1347100 586.0
1347110 587.5
1347120 587.5
1347130 584.5
1347140 582.1
1347150 582.1
1347160 583.4
1347170 588.0
1347180 588.0
1347190 590.8
1347200 593.7
1347210 595.8
1347220 595.8
1347230 599.9
1347240 602.9
1347250 602.9
1347260 604.1
1347270 604.4
1347280 604.4
1347290 604.4
1347300 605.0
1347310 605.0
1347320 605.5
1347330 606.0
1347340 606.0
1347350 606.5
1347360 606.8
1347370 606.8
1347380 607.1
1347390 607.4
1347400 607.4
1347410 607.9
1347420 608.3
1347430 608.3
1347440 608.8
1347450 609.6
1347460 609.6
1347470 609.9
1347480 609.3
1347490 609.3
1347500 609.3
1347510 608.8
1347520 608.8
1347530 609.6
1347540 610.3
1347550 610.3
1347560 610.4
1347570 610.6
1347580 610.6
1347590 611.3
1347600 611.4
1347610 611.0
1347620 611.0
1347630 610.4
1347640 610.4
1347650 610.4
1347660 610.3
1347670 610.3
1347680 610.3
1347690 610.3
1347700 610.3
1347710 610.3
1347720 610.4
1347730 610.5
1347740 610.5
1347750 610.5
1347760 610.4
1347770 610.4
1347780 610.3
1347790 610.1
1347800 610.1
1347810 609.7
1347820 609.4
1347830 609.4
1347840 609.5
1347850 609.2
1347860 609.2
1347870 608.5
1347880 608.5
1347890 608.5
1347900 608.0
1347910 607.4
1347920 607.4
1347930 607.7
1347940 608.2
1347950 610.8
1347960 611.1
1347970 611.1
1347980 610.8
1347990 610.8
1348000 610.7
1348010 610.9
1348020 610.9
1348030 610.2
1348040 609.4
1348050 609.4
1348060 609.0
1348070 608.0
1348080 608.0
1348090 604.8
1348100 606.4
1348110 606.4
1348120 610.3
1348130 612.6
1348140 612.6
1348150 612.9
1348160 611.7
1348170 611.7
1348180 612.3
1348190 613.6
1348200 613.6
1348210 613.2
1348220 607.5
1348230 607.5
1348240 603.1
1348250 611.6
1348260 611.6
1348270 612.3
1348280 609.4
1348290 609.4
1348300 608.4
1348310 603.2
1348320 603.2
1348330 597.8
1348340 593.0
1348350 593.0
1348360 590.9
1348370 590.3
1348380 590.9
1348390 590.9
1348400 594.3
1348410 597.7
1348420 597.7
1348430 599.3
1348440 602.6
1348450 602.6
1348460 609.6
1348470 617.7
1348480 617.7
1348490 625.6
1348500 630.8
1348510 630.8
1348520 638.2
1348530 648.8
1348540 648.8
1348550 658.6
1348560 665.9
1348570 665.9
1348580 669.0
1348590 669.4
1348600 669.4
1348610 668.5
1348620 666.8
1348630 666.8
1348640 664.0
1348650 660.8
1348660 660.8
1348670 657.5
1348680 654.5
1348690 654.5
1348700 651.4
1348710 649.6
1348720 649.6
1348730 649.2
1348740 647.0
1348750 643.9
1348760 643.9
1348770 642.1
1348780 639.4
1348790 639.4
1348800 636.1
1348810 631.8
1348820 631.8
1348830 629.8
1348840 625.4
1348850 625.4
1348860 621.9
1348870 617.3
1348880 617.3
1348890 607.4
1348900 602.5
1348910 602.5
1348920 598.9
1348930 598.3
1348940 598.3
1348950 600.0
1348960 603.3
1348970 603.3
1348980 607.9
1348990 609.7
1349000 609.7
1349010 612.5
1349020 618.8
1349030 618.8
1349040 625.3
1349050 630.6
1349060 630.6
1349070 635.2
1349080 638.0
1349090 638.0
1349100 640.8
1349110 640.9
1349120 640.9
1349130 638.8
1349140 637.5
1349150 636.3
1349160 636.3
1349170 635.6
1349180 635.9
1349190 635.9
1349200 636.3
1349210 637.0
1349220 637.0
1349230 637.9
1349240 639.8
1349250 639.8
1349260 643.1
1349270 645.4
1349280 645.4
1349290 643.4
1349300 638.6
1349310 638.6
1349320 632.4
1349330 627.5
1349340 627.5
1349350 623.1
1349360 621.1
1349370 621.1
1349380 620.4
1349390 621.0
1349400 621.0
1349410 622.3
1349420 623.0
1349430 623.0
1349440 623.7
1349450 624.7
1349460 624.7
1349470 625.8
1349480 627.2
1349490 627.2
1349500 629.0
1349510 631.0
1349520 632.4
1349530 632.4
1349540 633.1
1349550 633.6
1349560 633.6
1349570 634.4
1349580 635.6
1349590 635.6
1349600 636.8
1349610 637.7
1349620 637.7
1349630 638.7
1349640 640.1
1349650 640.1
1349660 642.0
1349670 643.9
1349680 643.9
1349690 645.2
1349700 646.5
1349710 646.5
1349720 649.0
1349730 651.2
1349740 651.2
1349750 651.8
1349760 651.4
1349770 651.4
1349780 651.1
1349790 650.9
1349800 650.9
1349810 650.9
1349820 651.7
1349830 651.7
1349840 656.1
1349850 657.8
1349860 657.8
1349870 659.9
1349880 661.7
1349890 661.7
1349900 662.6
1349910 663.7
1349920 665.1
1349930 665.1
1349940 667.7
1349950 671.3
1349960 671.3
1349970 675.3
1349980 679.7
1349990 679.7
1350000 684.2
1350010 688.3
1350020 688.3
1350030 691.2
1350040 692.2
1350050 692.2
1350060 692.5
1350070 692.8
1350080 692.8
1350090 693.4
1350100 694.3
1350110 694.3
1350120 695.3
1350130 695.8
1350140 695.8
1350150 696.1
1350160 696.0
1350170 696.0
1350180 695.3
1350190 694.7
1350200 694.7
1350210 694.6
1350220 694.8
1350230 694.8
1350240 695.3
1350250 696.0
1350260 696.0
1350270 696.7
1350280 697.4
1350290 697.4
1350300 698.1
1350310 698.8
1350320 699.2
1350330 699.2
1350340 699.1
1350350 698.3
1350360 698.3
1350370 697.0
1350380 695.6
1350390 695.6
1350400 694.8
1350410 694.2
1350420 694.2
1350430 693.3
1350440 691.9
1350450 691.9
1350460 689.9
1350470 687.6
1350480 687.6
1350490 685.4
1350500 683.1
1350510 683.1
1350520 680.4
1350530 678.3
1350540 678.3
1350550 676.5
1350560 674.7
1350570 674.7
1350580 672.8
1350590 670.7
1350600 670.7
1350610 668.2
1350620 665.4
1350630 665.4
1350640 662.4
1350650 659.1
1350660 659.1
1350670 655.7
1350680 652.2
1350690 648.5
1350700 648.5
1350710 644.8
1350720 641.3
1350730 641.3
1350740 638.1
1350750 635.2
1350760 635.2
1350770 632.5
1350780 629.5
1350790 629.5
1350800 627.7
1350810 626.9
1350820 626.9
1350830 626.4
1350840 626.1
1350850 626.1
1350860 625.9
1350870 625.7
1350880 625.7
1350890 625.4
1350900 625.1
1350910 625.1
1350920 624.7
1350930 624.4
1350940 624.4
1350950 624.3
1350960 624.5
1350970 624.5
1350980 624.5
1350990 624.8
1351000 624.8
1351010 625.2
1351020 626.0
1351030 626.0
1351040 627.3
1351050 628.0
1351060 628.0
1351070 628.0
1351080 628.7
1351090 630.4
1351100 630.4
1351110 631.3
1351120 634.4
1351130 634.4
1351140 638.8
1351150 642.6
1351160 642.6
1351170 644.8
1351180 647.4
1351190 647.4
1351200 651.4
1351210 656.2
1351220 656.2
1351230 659.6
1351240 665.3
1351250 665.3
1351260 672.7
1351270 680.6
1351280 680.6
1351290 689.0
1351300 697.6
1351310 697.6
1351320 704.4
1351330 712.9
1351340 712.9
1351350 721.0
1351360 727.3
1351370 727.3
1351380 734.4
1351390 740.9
1351400 740.9
1351410 747.6
1351420 755.0
1351430 755.0
1351440 765.6
1351450 785.5
1351460 802.0
1351470 802.0
1351480 817.5
1351490 830.5
1351500 830.5
1351510 832.5
1351520 831.0
1351530 831.0
1351540 826.2
1351550 819.3
1351560 819.3
1351570 811.8
1351580 806.3
1351590 806.3
1351600 802.6
1351610 799.3
1351620 799.3
1351630 794.4
1351640 788.9
1351650 788.9
1351660 784.2
1351670 779.6
1351680 779.6
1351690 773.3
1351700 769.0
1351710 769.0
1351720 766.6
1351730 765.8
1351740 765.8
1351750 766.5
1351760 765.1
1351770 765.1
1351780 764.1
1351790 763.9
1351800 763.9
1351810 763.9
1351820 763.9
1351830 763.9
1351840 763.4
1351850 763.0
1351860 763.7
1351870 763.7
1351880 764.0
1351890 764.6
1351900 764.6
1351910 765.1
1351920 764.5
1351930 764.5
1351940 767.6
1351950 772.4
1351960 772.4
1351970 775.1
1351980 777.5
1351990 777.5
1352000 780.0
1352010 782.0
1352020 782.0
1352030 783.3
1352040 783.2
1352050 783.2
1352060 780.6
1352070 778.3
1352080 778.3
1352090 777.2
1352100 773.8
1352110 773.8
1352120 768.2
1352130 761.9
1352140 761.9
1352150 754.8
1352160 749.6
1352170 749.6
1352180 744.8
1352190 738.3
1352200 738.3
1352210 730.9
1352220 723.6
1352230 716.5
1352240 716.5
1352250 710.8
1352260 705.3
1352270 705.3
1352280 698.1
1352290 690.9
1352300 690.9
1352310 685.4
1352320 680.5
1352330 680.5
1352340 673.7
1352350 665.6
1352360 665.6
1352370 656.9
1352380 650.9
1352390 650.9
1352400 646.6
1352410 643.5
1352420 643.5
1352430 639.6
1352440 634.5
1352450 634.5
1352460 630.0
1352470 625.7
1352480 625.7
1352490 623.3
1352500 621.1
1352510 621.1
1352520 619.7
1352530 618.4
1352540 618.4
1352550 617.8
1352560 617.8
1352570 617.8
1352580 618.2
1352590 619.5
1352600 619.5
1352610 621.4
1352620 626.1
1352630 627.1
1352640 627.1
1352650 624.2
1352660 625.6
1352670 625.6
1352680 632.3
1352690 645.4
1352700 645.4
1352710 653.2
1352720 656.3
1352730 655.6
1352740 655.2
1352750 654.2
1352760 654.2
1352770 650.7
1352780 648.5
1352790 648.5
1352800 644.9
1352810 643.2
1352820 643.2
1352830 643.2
1352840 640.6
1352850 640.6
1352860 635.1
1352870 626.8
1352880 626.8
1352890 618.3
1352900 610.1
1352910 610.1
1352920 602.8
1352930 595.9
1352940 595.9
1352950 590.8
1352960 588.0
1352970 588.0
1352980 585.1
1352990 584.8
1353000 588.3
1353010 588.3
1353020 594.1
1353030 599.7
1353040 599.7
1353050 601.6
1353060 606.5
1353070 606.5
1353080 609.6
1353090 611.5
1353100 611.5
1353110 612.8
1353120 613.5
1353130 613.5
1353140 613.9
1353150 613.5
1353160 613.5
1353170 612.6
1353180 611.9
1353190 611.9
1353200 612.4
1353210 613.5
1353220 613.5
1353230 614.6
1353240 616.6
1353250 616.6
1353260 620.3
1353270 624.6
1353280 624.6
1353290 633.4
1353300 643.7
1353310 643.7
1353320 647.3
1353330 649.5
1353340 649.5
1353350 651.8
1353360 652.8
1353370 652.8
1353380 653.7
1353390 654.3
1353400 655.8
1353410 655.8
1353420 657.5
1353430 660.0
1353440 660.0
1353450 660.2
1353460 658.3
1353470 658.3
1353480 657.7
1353490 657.8
1353500 657.8
1353510 655.9
1353520 653.1
1353530 653.1
1353540 650.6
1353550 648.7
1353560 648.7
1353570 647.3
1353580 646.0
1353590 646.0
1353600 645.4
1353610 643.7
1353620 643.7
1353630 637.9
1353640 631.6
1353650 631.6
1353660 626.7
1353670 622.4
1353680 622.4
1353690 620.2
1353700 615.3
1353710 615.3
1353720 615.2
1353730 613.5
1353740 613.5
1353750 610.2
1353760 607.3
1353770 604.9
1353780 604.9
1353790 603.1
1353800 601.6
1353810 601.6
1353820 599.2
1353830 596.2
1353840 596.2
1353850 593.5
1353860 590.7
1353870 590.7
1353880 588.6
1353890 587.0
1353900 587.0
1353910 585.7
1353920 584.4
1353930 584.4
1353940 583.2
1353950 582.2
1353960 582.2
1353970 581.3
1353980 580.7
1353990 580.7
1354000 580.3
1354010 579.9
1354020 579.9
1354030 579.5
1354040 579.1
1354050 579.1
1354060 578.7
1354070 578.6
1354080 578.6
1354090 579.4
1354100 580.6
1354110 580.6
1354120 582.1
1354130 583.7
1354140 583.7
1354150 586.0
1354160 589.7
1354170 592.9
1354180 592.9
1354190 596.0
1354200 597.2
1354210 597.2
1354220 595.4
1354230 594.8
1354240 594.8
1354250 593.4
1354260 592.9
1354270 592.9
1354280 594.0
1354290 592.9
1354300 592.9
1354310 589.4
1354320 586.3
1354330 586.3
1354340 583.3
1354350 579.9
1354360 579.9
1354370 576.3
1354380 572.3
1354390 572.3
1354400 568.2
1354410 564.6
1354420 564.6
1354430 561.8
1354440 559.1
1354450 559.1
1354460 556.7
1354470 554.5
1354480 554.5
1354490 552.5
1354500 550.5
1354510 550.5
1354520 548.7
1354530 547.3
1354540 547.3
1354550 546.1
1354560 545.6
1354570 546.1
1354580 546.1
1354590 547.5
1354600 550.2
1354610 550.2
1354620 552.0
1354630 549.5
1354640 549.5
1354650 546.9
1354660 543.1
1354670 543.1
1354680 538.9
1354690 527.8
1354700 527.8
1354710 522.4
1354720 515.2
1354730 515.2
1354740 508.3
1354750 504.4
1354760 504.4
1354770 499.7
1354780 492.6
1354790 492.6
1354800 485.1
1354810 482.1
1354820 482.1
1354830 482.8
1354840 481.6
1354850 481.6
1354860 480.8
1354870 480.0
1354880 480.0
1354890 478.1
1354900 477.2
1354910 477.2
1354920 477.1
1354930 477.1
1354940 477.2
1354950 477.2
1354960 477.3
1354970 477.3
1354980 477.3
1354990 477.5
1355000 478.5
1355010 478.5
1355020 480.8
1355030 483.0
1355040 483.0
1355050 484.4
1355060 484.3
1355070 484.3
1355080 483.1
1355090 481.5
1355100 481.5
1355110 479.9
1355120 478.4
1355130 478.4
1355140 478.2
1355150 479.4
1355160 479.4
1355170 479.2
1355180 478.6
1355190 478.6
1355200 478.6
1355210 478.6
1355220 478.6
1355230 478.5
1355240 478.5
1355250 478.5
1355260 479.0
1355270 481.2
1355280 481.2
1355290 484.0
1355300 484.7
1355310 484.7
1355320 484.8
1355330 484.8
1355340 484.3
1355350 484.3
1355360 482.3
1355370 480.7
1355380 480.7
1355390 480.1
1355400 479.7
1355410 479.7
1355420 479.5
1355430 479.3
1355440 479.3
1355450 479.1
1355460 479.0
1355470 479.0
1355480 479.1
1355490 479.4
1355500 479.4
1355510 479.3
1355520 479.0
1355530 479.0
1355540 480.4
1355550 480.1
1355560 480.1
1355570 480.3
1355580 480.6
1355590 480.6
1355600 480.8
1355610 480.9
1355620 480.9
1355630 480.8
1355640 481.0
1355650 481.0
1355660 481.3
1355670 481.8
1355680 481.3
1355690 482.1
1355700 484.6
1355710 486.9
1355720 486.9
1355730 487.2
1355740 487.4
1355750 487.4
1355760 487.5
1355770 487.5
1355780 487.5
1355790 486.5
1355800 483.4
1355810 483.4
1355820 482.9
1355830 485.0
1355840 485.0
1355850 488.5
1355860 488.9
1355870 488.9
1355880 488.6
1355890 488.3
1355900 488.3
1355910 488.2
1355920 488.3
1355930 488.3
1355940 488.5
1355950 488.9
1355960 488.9
1355970 488.0
1355980 486.3
1355990 486.3
1356000 485.9
1356010 485.2
1356020 485.2
1356030 484.2
1356040 482.8
1356050 482.8
1356060 482.3
1356070 482.4
1356080 482.4
1356090 482.5
1356100 482.8
1356110 482.4
1356120 482.4
1356130 482.5
1356140 482.9
1356150 482.9
1356160 482.7
1356170 482.5
1356180 482.5
1356190 482.4
1356200 482.1
1356210 482.1
1356220 482.1
1356230 480.5
1356240 480.5
1356250 479.1
1356260 481.9
1356270 481.9
1356280 482.9
1356290 483.9
1356300 483.9
1356310 485.5
1356320 486.4
1356330 486.4
1356340 488.2
1356350 491.8
1356360 491.8
1356370 492.6
1356380 492.8
1356390 492.8
1356400 493.2
1356410 493.2
1356420 493.2
1356430 493.2
1356440 493.3
1356450 493.3
1356460 493.3
1356470 493.6
1356480 493.7
1356490 493.7
1356500 493.7
1356510 493.8
1356520 493.8
1356530 494.3
1356540 494.9
1356550 494.9
1356560 495.0
1356570 495.1
1356580 495.1
1356590 495.3
1356600 495.8
1356610 495.8
1356620 495.9
1356630 496.1
1356640 496.1
1356650 496.4
1356660 496.6
1356670 496.4
1356680 496.6
1356690 496.7
1356700 496.7
1356710 497.0
1356720 499.6
1356730 499.6
1356740 503.8
1356750 504.1
1356760 504.1
1356770 504.1
1356780 504.0
1356790 504.0
1356800 503.9
1356810 504.0
1356820 504.0
1356830 503.9
1356840 503.8
1356850 503.8
1356860 503.7
1356870 503.6
1356880 503.4
1356890 503.4
1356900 503.3
1356910 503.2
1356920 503.2
1356930 503.2
1356940 503.1
1356950 503.1
1356960 502.9
1356970 502.9
1356980 502.9
1356990 502.8
1357000 502.7
1357010 502.7
1357020 502.6
1357030 502.7
1357040 502.7
1357050 502.5
1357060 502.4
1357070 502.4
1357080 502.2
1357090 502.2
1357100 502.2
1357110 502.0
1357120 501.9
1357130 501.9
1357140 501.8
1357150 501.7
1357160 501.7
1357170 501.5
1357180 501.3
1357190 501.3
1357200 501.0
1357210 500.9
1357220 500.9
1357230 500.1
1357240 498.1
1357250 497.7
1357260 497.7
1357270 497.0
1357280 496.0
1357290 496.0
1357300 504.5
1357310 530.9
1357320 530.9
1357330 558.7
1357340 579.6
1357350 579.6
1357360 592.6
1357370 611.1
1357380 611.1
1357390 626.9
1357400 634.2
1357410 634.2
1357420 641.1
1357430 647.4
1357440 647.4
1357450 652.7
1357460 657.3
1357470 657.3
1357480 663.4
1357490 670.7
1357500 670.7
1357510 677.3
1357520 681.2
1357530 681.2
1357540 681.2
1357550 680.6
1357560 680.6
1357570 683.4
1357580 686.5
1357590 686.5
1357600 685.2
1357610 686.7
1357620 686.7
1357630 691.4
1357640 695.4
1357650 702.3
1357660 702.3
1357670 705.0
1357680 700.1
1357690 700.1
1357700 708.4
1357710 725.7
1357720 725.7
1357730 736.9
1357740 736.0
1357750 736.0
1357760 732.4
1357770 731.9
1357780 731.9
1357790 733.9
1357800 732.2
1357810 732.2
1357820 732.6
1357830 736.4
1357840 736.4
1357850 740.1
1357860 744.6
1357870 744.6
1357880 751.1
1357890 758.4
1357900 758.4
1357910 767.0
1357920 775.4
1357930 775.4
1357940 777.9
1357950 778.1
1357960 778.1
1357970 778.2
1357980 779.8
1357990 779.8
1358000 783.5
1358010 788.1
1358020 792.3
1358030 792.3
1358040 795.5
1358050 797.0
1358060 797.0
1358070 797.7
1358080 798.3
1358090 798.3
1358100 798.8
1358110 800.3
1358120 800.3
1358130 802.4
1358140 804.1
1358150 804.1
1358160 806.4
1358170 807.0
1358180 807.0
1358190 806.0
1358200 805.2
1358210 805.2
1358220 806.3
1358230 809.6
1358240 809.6
1358250 815.0
1358260 820.1
1358270 820.1
1358280 825.2
1358290 826.7
1358300 826.7
1358310 829.2
1358320 832.7
1358330 832.7
1358340 829.9
1358350 829.6
1358360 829.6
1358370 828.4
1358380 829.3
1358390 829.3
1358400 833.1
1358410 837.7
1358420 841.6
1358430 841.6
1358440 847.7
1358450 854.4
1358460 854.4
1358470 858.6
1358480 863.3
1358490 863.3
1358500 869.6
1358510 875.4
1358520 875.4
1358530 876.9
1358540 879.1
1358550 879.1
1358560 884.2
1358570 891.7
1358580 891.7
1358590 895.5
1358600 897.3
1358610 897.3
1358620 898.0
1358630 890.6
1358640 890.6
1358650 879.6
1358660 880.1
1358670 880.1
1358680 882.6
1358690 880.5
1358700 880.5
1358710 885.4
1358720 890.9
1358730 890.9
1358740 895.2
1358750 899.5
1358760 899.5
1358770 902.7
1358780 905.0
1358790 907.6
1358800 907.6
1358810 910.0
1358820 911.8
1358830 911.8
1358840 913.2
1358850 915.7
1358860 915.7
1358870 919.7
1358880 924.1
1358890 924.1
1358900 925.6
1358910 923.2
1358920 923.2
1358930 921.4
1358940 921.2
1358950 921.2
1358960 922.3
1358970 924.2
1358980 924.2
1358990 925.2
1359000 925.5
1359010 925.5
1359020 925.1
1359030 925.4
1359040 925.4
1359050 927.1
1359060 930.6
1359070 930.6
1359080 935.4
1359090 940.1
1359100 940.1
1359110 945.7
1359120 950.5
1359130 950.5
1359140 953.0
1359150 952.6
1359160 952.6
1359170 950.6
1359180 950.0
1359190 950.0
1359200 950.0
1359210 951.6
1359220 953.8
1359230 953.8
1359240 957.1
1359250 955.6
1359260 955.6
1359270 954.5
1359280 950.5
1359290 950.5
1359300 944.7
1359310 941.1
1359320 941.1
1359330 939.0
1359340 937.5
1359350 937.5
1359360 935.7
1359370 933.8
1359380 933.8
1359390 932.7
1359400 932.5
1359410 932.5
1359420 932.1
1359430 933.4
1359440 933.4
1359450 933.9
1359460 933.6
1359470 933.6
1359480 933.6
1359490 933.0
1359500 933.0
1359510 932.1
1359520 931.4
1359530 931.4
1359540 930.6
1359550 926.2
1359560 926.6
1359570 926.6
1359580 926.9
1359590 925.3
1359600 925.3
1359610 922.7
1359620 916.7
1359630 916.7
1359640 911.5
1359650 909.3
1359660 909.3
1359670 908.3
1359680 904.4
1359690 904.4
1359700 902.3
1359710 897.1
1359720 897.1
1359730 898.4
1359740 900.1
1359750 900.1
1359760 899.9
1359770 897.8
1359780 897.8
1359790 894.3
1359800 890.7
1359810 890.7
1359820 888.6
1359830 887.9
1359840 887.9
1359850 889.1
1359860 889.0
1359870 889.0
1359880 884.5
1359890 880.9
1359900 880.9
1359910 881.5
1359920 882.9
1359930 882.9
1359940 883.0
1359950 882.4
1359960 881.7
1359970 881.7
1359980 880.7
1359990 880.1
