1340000 1198.8
1340010 1196.8
1340020 1195.5
1340030 1195.5
1340040 1194.5
1340050 1187.2
1340060 1187.2
1340070 1187.1
1340080 1187.7
1340090 1187.7
1340100 1188.9
1340110 1190.0
1340120 1190.0
1340130 1190.9
1340140 1192.0
1340150 1192.0
1340160 1193.3
1340170 1193.7
1340180 1193.7
1340190 1193.1
1340200 1192.0
1340210 1192.0
1340220 1191.0
1340230 1190.6
1340240 1190.6
1340250 1192.3
1340260 1194.3
1340270 1194.3
1340280 1196.8
1340290 1198.4
1340300 1198.4
1340310 1199.4
1340320 1200.3
1340330 1200.3
1340340 1201.0
1340350 1201.6
1340360 1202.4
1340370 1202.4
1340380 1202.9
1340390 1203.5
1340400 1203.5
1340410 1204.7
1340420 1205.0
1340430 1205.0
1340440 1205.2
1340450 1205.1
1340460 1205.1
1340470 1205.3
1340480 1206.8
1340490 1206.8
1340500 1209.2
1340510 1210.7
1340520 1210.7
1340530 1212.4
1340540 1214.3
1340550 1214.3
1340560 1216.0
1340570 1218.6
1340580 1218.6
1340590 1221.9
1340600 1225.1
1340610 1225.1
1340620 1227.8
1340630 1228.3
1340640 1228.3
1340650 1228.5
1340660 1227.8
1340670 1227.8
1340680 1226.7
1340690 1225.4
1340700 1225.4
1340710 1223.8
1340720 1221.2
1340730 1217.1
1340740 1217.1
1340750 1211.5
1340760 1206.5
1340770 1206.5
1340780 1203.3
1340790 1201.0
1340800 1201.0
1340810 1198.3
1340820 1197.2
1340830 1197.2
1340840 1197.9
1340850 1199.6
1340860 1199.6
1340870 1200.2
1340880 1200.1
1340890 1200.1
1340900 1199.7
1340910 1199.8
1340920 1199.8
1340930 1200.7
1340940 1193.7
1340950 1193.7
1340960 1195.2
1340970 1196.9
1340980 1196.9
1340990 1198.2
1341000 1197.6
1341010 1197.6
1341020 1196.2
1341030 1194.2
1341040 1194.2
1341050 1192.9
1341060 1191.7
1341070 1191.7
1341080 1190.5
1341090 1189.3
1341100 1189.3
1341110 1188.2
1341120 1186.9
1341130 1185.8
1341140 1185.8
1341150 1185.2
1341160 1183.8
1341170 1183.8
1341180 1182.3
1341190 1180.4
1341200 1180.4
1341210 1177.5
1341220 1173.5
1341230 1173.5
1341240 1169.6
1341250 1166.6
1341260 1166.6
1341270 1163.3
1341280 1159.6
1341290 1159.6
1341300 1156.3
1341310 1153.6
1341320 1153.6
1341330 1151.3
1341340 1150.0
1341350 1150.0
1341360 1149.3
1341370 1149.1
1341380 1149.1
1341390 1148.5
1341400 1148.6
1341410 1148.6
1341420 1148.1
1341430 1148.1
1341440 1148.1
1341450 1147.8
1341460 1147.5
1341470 1147.5
1341480 1147.1
1341490 1147.4
1341500 1147.4
1341510 1148.4
1341520 1149.4
1341530 1150.7
1341540 1150.7
1341550 1152.0
1341560 1152.7
1341570 1152.7
1341580 1152.5
1341590 1151.0
1341600 1151.0
1341610 1148.5
1341620 1145.7
1341630 1145.7
1341640 1143.6
1341650 1142.2
1341660 1142.2
1341670 1139.3
1341680 1136.2
1341690 1136.2
1341700 1134.6
1341710 1132.7
1341720 1132.7
1341730 1131.0
1341740 1127.6
1341750 1127.6
1341760 1121.4
1341770 1116.7
1341780 1116.7
1341790 1112.3
1341800 1108.3
1341810 1108.3
1341820 1104.4
1341830 1101.0
1341840 1094.9
1341850 1093.2
1341860 1093.8
1341870 1093.8
1341880 1098.5
1341890 1103.5
1341900 1103.4
1341910 1103.4
1341920 1100.1
1341930 1097.9
1341940 1097.9
1341950 1095.1
1341960 1093.5
1341970 1093.5
1341980 1092.6
1341990 1090.9
1342000 1090.9
1342010 1088.7
1342020 1087.8
1342030 1087.8
1342040 1090.3
1342050 1089.0
1342060 1089.0
1342070 1086.6
1342080 1088.9
1342090 1088.9
1342100 1091.2
1342110 1093.1
1342120 1093.1
1342130 1093.5
1342140 1093.6
1342150 1093.6
1342160 1093.8
1342170 1092.1
1342180 1092.1
1342190 1090.9
1342200 1091.0
1342210 1091.0
1342220 1090.7
1342230 1089.3
1342240 1089.3
1342250 1087.5
1342260 1085.8
1342270 1085.8
1342280 1084.3
1342290 1084.8
1342300 1086.4
1342310 1086.4
1342320 1086.1
1342330 1084.9
1342340 1084.9
1342350 1083.3
1342360 1081.1
1342370 1081.1
1342380 1079.4
1342390 1079.3
1342400 1079.3
1342410 1079.6
1342420 1079.3
1342430 1079.3
1342440 1076.7
1342450 1074.0
1342460 1074.0
1342470 1072.1
1342480 1070.2
1342490 1070.2
1342500 1068.0
1342510 1065.9
1342520 1065.9
1342530 1062.9
1342540 1056.7
1342550 1056.7
1342560 1050.4
1342570 1046.9
1342580 1046.9
1342590 1044.6
1342600 1045.2
1342610 1045.2
1342620 1043.8
1342630 1041.7
1342640 1041.7
1342650 1041.6
1342660 1037.7
1342670 1037.7
1342680 1034.0
1342690 1029.4
1342700 1025.3
1342710 1025.3
1342720 1021.1
1342730 1020.1
1342740 1012.0
1342750 1010.6
1342760 1008.8
1342770 1008.8
1342780 1009.0
1342790 1006.8
1342800 1006.8
1342810 1006.1
1342820 1004.5
1342830 1004.5
1342840 1001.1
1342850 999.3
1342860 999.3
1342870 998.2
1342880 997.1
1342890 997.1
1342900 994.5
1342910 991.3
1342920 991.3
1342930 988.5
1342940 984.7
1342950 984.7
1342960 981.2
1342970 978.4
1342980 978.4
1342990 976.2
1343000 974.1
1343010 974.1
1343020 971.4
1343030 968.2
1343040 968.2
1343050 963.2
1343060 957.4
1343070 952.0
1343080 952.0
1343090 947.3
1343100 942.6
1343110 942.6
1343120 938.2
1343130 932.6
1343140 932.6
1343150 926.3
1343160 920.6
1343170 920.6
1343180 915.2
1343190 909.4
1343200 909.4
1343210 904.4
1343220 900.0
1343230 900.0
1343240 895.3
1343250 890.6
1343260 890.6
1343270 886.6
1343280 881.9
1343290 881.9
1343300 877.2
1343310 873.4
1343320 873.4
1343330 870.9
1343340 868.3
1343350 868.3
1343360 865.5
1343370 862.6
1343380 862.6
1343390 859.8
1343400 857.1
1343410 857.1
1343420 854.4
1343430 851.8
1343440 851.8
1343450 849.7
1343460 847.1
1343470 845.2
1343480 845.2
1343490 844.8
1343500 843.4
1343510 843.4
1343520 840.8
1343530 838.4
1343540 838.4
1343550 836.4
1343560 834.7
1343570 834.7
1343580 833.8
1343590 832.2
1343600 832.2
1343610 831.0
1343620 829.9
1343630 829.9
1343640 821.0
1343650 820.5
1343660 820.5
1343670 819.2
1343680 817.6
1343690 817.6
1343700 816.8
1343710 815.6
1343720 815.6
1343730 814.3
1343740 813.1
1343750 813.1
1343760 811.9
1343770 810.0
1343780 810.0
1343790 807.7
1343800 806.0
1343810 806.0
1343820 804.8
1343830 803.4
1343840 801.4
1343850 801.4
1343860 800.2
1343870 799.2
1343880 799.2
1343890 797.6
1343900 795.0
1343910 795.0
1343920 788.6
1343930 780.2
1343940 780.2
1343950 771.7
1343960 763.3
1343970 763.3
1343980 755.5
1343990 748.1
1344000 748.1
1344010 741.4
1344020 735.2
1344030 735.2
1344040 729.6
1344050 725.5
1344060 725.5
1344070 719.7
1344080 714.5
1344090 714.5
1344100 709.9
1344110 710.8
1344120 710.8
1344130 712.0
1344140 718.9
1344150 718.9
1344160 728.2
1344170 733.9
1344180 733.9
1344190 738.3
1344200 742.4
1344210 742.4
1344220 746.5
1344230 750.7
1344240 754.9
1344250 754.9
1344260 759.0
1344270 762.6
1344280 762.6
1344290 765.4
1344300 765.8
1344310 765.8
1344320 765.4
1344330 764.9
1344340 764.9
1344350 764.8
1344360 764.9
1344370 764.9
1344380 764.7
1344390 764.6
1344400 764.6
1344410 764.8
1344420 764.3
1344430 764.3
1344440 763.9
1344450 763.1
1344460 763.1
1344470 762.9
1344480 762.9
1344490 762.9
1344500 761.7
1344510 760.7
1344520 760.7
1344530 758.1
1344540 751.5
1344550 751.5
1344560 742.2
1344570 733.3
1344580 733.3
1344590 725.1
1344600 722.4
1344610 722.4
1344620 725.9
1344630 731.2
1344640 736.8
1344650 736.8
1344660 741.2
1344670 744.5
1344680 744.5
1344690 746.6
1344700 747.1
1344710 747.1
1344720 745.0
1344730 741.7
1344740 741.7
1344750 738.0
1344760 734.4
1344770 734.4
1344780 732.0
1344790 733.1
1344800 733.1
1344810 740.2
1344820 747.8
1344830 747.8
1344840 754.5
1344850 759.2
1344860 759.2
1344870 760.3
1344880 761.0
1344890 761.0
1344900 761.5
1344910 761.0
1344920 761.0
1344930 758.9
1344940 758.6
1344950 758.6
1344960 758.6
1344970 757.7
1344980 757.7
1344990 756.4
1345000 754.3
1345010 752.8
1345020 752.8
1345030 753.8
1345040 756.1
1345050 756.1
1345060 756.1
1345070 756.2
1345080 756.2
1345090 756.2
1345100 753.9
1345110 753.9
1345120 758.9
1345130 763.9
1345140 763.9
1345150 766.9
1345160 768.7
1345170 768.7
1345180 770.3
1345190 772.1
1345200 772.1
1345210 772.7
1345220 773.0
1345230 773.0
1345240 772.1
1345250 770.1
1345260 770.1
1345270 765.7
1345280 765.0
1345290 765.0
1345300 768.2
1345310 771.3
1345320 771.3
1345330 773.9
1345340 776.1
1345350 776.1
1345360 778.3
1345370 779.7
1345380 779.7
1345390 779.8
1345400 781.1
1345410 781.8
1345420 781.8
1345430 782.3
1345440 783.1
1345450 783.1
1345460 783.9
1345470 783.2
1345480 783.2
1345490 783.0
1345500 782.6
1345510 782.6
1345520 783.1
1345530 783.5
1345540 783.5
1345550 783.8
1345560 784.7
1345570 784.7
1345580 785.6
1345590 786.7
1345600 786.7
1345610 787.9
1345620 788.6
1345630 788.6
1345640 789.2
1345650 789.9
1345660 789.9
1345670 791.0
1345680 791.8
1345690 791.8
1345700 792.5
1345710 792.8
1345720 792.8
1345730 793.0
1345740 792.9
1345750 792.9
1345760 792.6
1345770 792.3
1345780 792.3
1345790 791.7
1345800 791.0
1345810 790.2
1345820 790.2
1345830 789.1
1345840 787.0
1345850 787.0
1345860 781.4
1345870 775.9
1345880 775.9
1345890 775.4
1345900 778.8
1345910 778.8
1345920 782.0
1345930 782.9
1345940 782.9
1345950 783.3
1345960 783.5
1345970 783.5
1345980 783.2
1345990 782.0
1346000 782.0
1346010 780.8
1346020 779.6
1346030 779.6
1346040 778.8
1346050 778.4
1346060 778.4
1346070 778.5
1346080 778.6
1346090 778.6
1346100 777.8
1346110 776.1
1346120 776.1
1346130 774.2
1346140 772.7
1346150 772.7
1346160 772.8
1346170 773.3
1346180 773.1
1346190 773.1
1346200 772.4
1346210 771.4
1346220 771.4
1346230 770.2
1346240 769.2
1346250 769.2
1346260 768.8
1346270 768.5
1346280 768.5
1346290 767.8
1346300 766.7
1346310 766.7
1346320 765.3
1346330 764.0
1346340 764.0
1346350 762.6
1346360 761.3
1346370 761.3
1346380 760.1
1346390 758.9
1346400 756.2
1346410 755.5
1346420 754.9
1346430 754.9
1346440 753.5
1346450 752.0
1346460 752.0
1346470 750.6
1346480 749.3
1346490 749.3
1346500 748.0
1346510 746.6
1346520 746.6
1346530 745.2
1346540 743.7
1346550 743.7
1346560 742.2
1346570 740.9
1346580 740.0
1346590 740.0
1346600 739.1
1346610 738.4
1346620 738.4
1346630 737.7
1346640 737.0
1346650 737.0
1346660 736.1
1346670 735.4
1346680 735.4
1346690 734.6
1346700 733.9
1346710 733.9
1346720 733.3
1346730 732.9
1346740 732.9
1346750 732.6
1346760 732.3
1346770 732.3
1346780 732.1
1346790 731.9
1346800 731.9
1346810 731.6
1346820 731.3
1346830 731.3
1346840 730.9
1346850 730.5
1346860 730.5
1346870 730.0
1346880 729.4
1346890 729.4
1346900 728.5
1346910 727.2
1346920 727.2
1346930 725.4
1346940 722.6
1346950 722.6
1346960 720.1
1346970 718.5
1346980 717.1
1346990 717.1
1347000 715.5
1347010 713.3
1347020 713.3
1347030 709.4
1347040 704.7
1347050 704.7
1347060 706.4
1347070 707.4
1347080 707.4
1347090 706.9
1347100 706.0
1347110 706.0
1347120 702.9
1347130 699.4
1347140 699.4
1347150 700.0
1347160 701.2
1347170 701.2
1347180 701.3
1347190 701.5
1347200 701.5
1347210 700.9
1347220 697.0
1347230 697.0
1347240 693.9
1347250 693.8
1347260 693.8
1347270 694.1
1347280 692.1
1347290 692.1
1347300 688.9
1347310 684.9
1347320 684.9
1347330 678.3
1347340 676.9
1347350 675.5
1347360 675.5
1347370 679.1
1347380 684.5
1347390 684.5
1347400 689.0
1347410 693.5
1347420 693.5
1347430 697.1
1347440 701.4
1347450 701.4
1347460 704.1
1347470 704.8
1347480 704.8
1347490 704.5
1347500 704.1
1347510 704.1
1347520 703.7
1347530 702.4
1347540 702.4
1347550 701.0
1347560 699.0
1347570 699.0
1347580 697.0
1347590 695.2
1347600 695.2
1347610 693.7
1347620 691.9
1347630 691.9
1347640 689.6
1347650 687.2
1347660 687.2
1347670 685.0
1347680 682.5
1347690 682.5
1347700 679.7
1347710 676.7
1347720 676.7
1347730 674.1
1347740 672.2
1347750 672.6
1347760 672.6
1347770 674.1
1347780 675.2
1347790 675.2
1347800 677.1
1347810 678.8
1347820 678.8
1347830 677.3
1347840 673.9
1347850 673.9
1347860 672.2
1347870 676.1
1347880 676.1
1347890 679.1
1347900 682.0
1347910 682.0
1347920 685.2
1347930 688.8
1347940 688.8
1347950 692.7
1347960 696.4
1347970 696.4
1347980 700.6
1347990 705.9
1348000 705.9
1348010 711.0
1348020 714.9
1348030 714.9
1348040 719.9
1348050 724.8
1348060 724.8
1348070 728.7
1348080 731.1
1348090 731.1
1348100 732.5
1348110 733.3
1348120 735.1
1348130 735.1
1348140 737.1
1348150 738.7
1348160 738.7
1348170 740.0
1348180 740.1
1348190 740.1
1348200 739.2
1348210 737.7
1348220 737.7
1348230 736.6
1348240 736.0
1348250 736.0
1348260 733.0
1348270 733.0
1348280 733.0
1348290 733.0
1348300 732.1
1348310 732.1
1348320 730.8
1348330 729.7
1348340 729.7
1348350 728.7
1348360 726.2
1348370 726.2
1348380 723.3
1348390 719.4
1348400 719.4
1348410 713.9
1348420 707.9
1348430 707.9
1348440 701.5
1348450 695.0
1348460 695.0
1348470 688.4
1348480 681.2
1348490 681.2
1348500 674.7
1348510 669.7
1348520 666.0
1348530 666.0
1348540 661.7
1348550 656.7
1348560 656.7
1348570 652.1
1348580 648.2
1348590 648.2
1348600 646.2
1348610 646.3
1348620 646.3
1348630 648.6
1348640 648.8
1348650 648.8
1348660 646.2
1348670 643.1
1348680 643.1
1348690 640.3
1348700 637.3
1348710 637.3
1348720 633.2
1348730 630.3
1348740 630.3
1348750 630.1
1348760 629.4
1348770 629.4
1348780 627.8
1348790 626.1
1348800 626.1
1348810 622.8
1348820 617.6
1348830 617.6
1348840 615.8
1348850 616.2
1348860 616.2
1348870 617.8
1348880 619.2
1348890 619.2
1348900 619.4
1348910 619.1
1348920 620.3
1348930 620.3
1348940 621.5
1348950 622.2
1348960 622.2
1348970 624.0
1348980 625.3
1348990 625.3
1349000 626.3
1349010 627.4
1349020 627.4
1349030 628.1
1349040 628.3
1349050 628.3
1349060 627.7
1349070 626.8
1349080 626.8
1349090 627.6
1349100 629.1
1349110 629.1
1349120 630.7
1349130 629.7
1349140 629.7
1349150 626.5
1349160 623.0
1349170 623.0
1349180 618.3
1349190 615.5
1349200 615.5
1349210 611.6
1349220 608.4
1349230 608.4
1349240 606.1
1349250 605.4
1349260 605.4
1349270 604.8
1349280 603.6
1349290 604.1
1349300 604.1
1349310 605.8
1349320 607.6
1349330 607.6
1349340 609.3
1349350 611.3
1349360 611.3
1349370 612.4
1349380 613.2
1349390 613.2
1349400 614.6
1349410 614.3
1349420 614.3
1349430 614.0
1349440 611.9
1349450 611.9
1349460 610.0
1349470 608.5
1349480 608.5
1349490 608.1
1349500 608.8
1349510 608.8
1349520 609.6
1349530 609.8
1349540 609.8
1349550 606.9
1349560 601.5
1349570 601.5
1349580 594.7
1349590 585.3
1349600 585.3
1349610 577.6
1349620 568.4
1349630 568.4
1349640 563.6
1349650 557.6
1349660 557.6
1349670 552.0
1349680 550.6
1349690 550.2
1349700 550.2
1349710 549.0
1349720 548.4
1349730 548.4
1349740 551.1
1349750 560.2
1349760 560.2
1349770 572.0
1349780 580.2
1349790 580.2
1349800 585.0
1349810 586.3
1349820 586.3
1349830 586.4
1349840 586.6
1349850 586.6
1349860 587.3
1349870 588.5
1349880 588.5
1349890 589.5
1349900 590.4
1349910 590.4
1349920 591.2
1349930 591.9
1349940 591.9
1349950 592.6
1349960 593.4
1349970 593.4
1349980 594.3
1349990 595.6
1350000 595.6
1350010 597.7
1350020 600.5
1350030 600.5
1350040 603.5
1350050 605.7
1350060 607.2
1350070 607.2
1350080 608.5
1350090 610.1
1350100 610.1
1350110 612.0
1350120 614.4
1350130 614.4
1350140 617.1
1350150 619.2
1350160 621.4
1350170 624.0
1350180 628.8
1350190 628.8
1350200 634.3
1350210 640.1
1350220 640.1
1350230 645.3
1350240 647.6
1350250 647.6
1350260 648.2
1350270 648.4
1350280 648.4
1350290 649.2
1350300 650.7
1350310 650.7
1350320 652.1
1350330 653.2
1350340 653.2
1350350 654.3
1350360 655.0
1350370 655.0
1350380 654.2
1350390 653.4
1350400 653.4
1350410 652.9
1350420 652.5
1350430 652.5
1350440 652.4
1350450 652.9
1350460 652.6
1350470 652.6
1350480 652.2
1350490 652.1
1350500 652.1
1350510 651.8
1350520 651.2
1350530 651.2
1350540 650.4
1350550 648.8
1350560 648.8
1350570 645.6
1350580 642.9
1350590 642.9
1350600 646.2
1350610 649.9
1350620 649.9
1350630 653.4
1350640 657.0
1350650 657.0
1350660 659.8
1350670 661.9
1350680 661.9
1350690 663.4
1350700 665.3
1350710 665.3
1350720 668.1
1350730 670.5
1350740 670.5
1350750 674.0
1350760 677.7
1350770 677.7
1350780 682.5
1350790 685.5
1350800 685.5
1350810 687.2
1350820 688.9
1350830 688.9
1350840 689.6
1350850 689.1
1350860 688.0
1350870 688.0
1350880 686.5
1350890 685.2
1350900 685.2
1350910 684.2
1350920 682.9
1350930 682.9
1350940 681.0
1350950 678.0
1350960 678.0
1350970 673.9
1350980 670.1
1350990 670.1
1351000 667.2
1351010 665.0
1351020 665.0
1351030 663.1
1351040 660.5
1351050 660.5
1351060 657.3
1351070 653.7
1351080 653.7
1351090 649.8
1351100 646.5
1351110 646.5
1351120 641.3
1351130 638.2
1351140 638.2
1351150 635.9
1351160 635.7
1351170 635.7
1351180 635.9
1351190 635.5
1351200 635.5
1351210 634.7
1351220 634.2
1351230 633.7
1351240 633.7
1351250 633.4
1351260 632.9
1351270 632.9
1351280 632.2
1351290 631.6
1351300 631.6
1351310 629.6
1351320 626.1
1351330 626.1
1351340 624.0
1351350 622.3
1351360 622.3
1351370 621.5
1351380 623.9
1351390 623.9
1351400 629.1
1351410 634.0
1351420 634.0
1351430 639.3
1351440 645.3
1351450 645.3
1351460 651.4
1351470 654.5
1351480 654.5
1351490 660.0
1351500 667.6
1351510 667.6
1351520 674.8
1351530 681.8
1351540 681.8
1351550 688.4
1351560 694.6
1351570 694.6
1351580 701.1
1351590 707.8
1351600 707.8
1351610 717.7
1351620 732.8
1351630 749.6
1351640 749.6
1351650 757.4
1351660 759.6
1351670 759.6
1351680 757.3
1351690 750.3
1351700 750.3
1351710 743.6
1351720 738.4
1351730 738.4
1351740 732.7
1351750 725.3
1351760 725.3
1351770 717.7
1351780 711.7
1351790 711.7
1351800 707.8
1351810 707.2
1351820 707.2
1351830 707.3
1351840 705.5
1351850 705.5
1351860 703.5
1351870 702.1
1351880 702.1
1351890 702.3
1351900 699.4
1351910 699.4
1351920 691.4
1351930 684.3
1351940 684.3
1351950 679.2
1351960 678.1
1351970 678.1
1351980 677.5
1351990 678.5
1352000 678.5
1352010 680.6
1352020 682.0
1352030 682.5
1352040 682.5
1352050 683.9
1352060 684.7
1352070 684.7
1352080 689.0
1352090 691.8
1352100 691.8
1352110 694.5
1352120 695.2
1352130 695.2
1352140 696.2
1352150 696.3
1352160 696.3
1352170 697.7
1352180 700.0
1352190 700.0
1352200 703.3
1352210 706.3
1352220 706.3
1352230 707.1
1352240 711.4
1352250 711.4
1352260 718.0
1352270 724.2
1352280 724.2
1352290 728.7
1352300 728.9
1352310 728.9
1352320 729.8
1352330 727.6
1352340 727.6
1352350 722.3
1352360 717.3
1352370 717.3
1352380 713.1
1352390 709.1
1352400 705.4
1352410 705.4
1352420 702.0
1352430 698.2
1352440 698.2
1352450 694.8
1352460 693.3
1352470 693.3
1352480 693.0
1352490 693.7
1352500 693.7
1352510 696.1
1352520 699.9
1352530 699.9
1352540 701.6
1352550 701.2
1352560 701.2
1352570 698.7
1352580 692.1
1352590 692.1
1352600 682.0
1352610 672.6
1352620 672.6
1352630 664.0
1352640 654.2
1352650 654.2
1352660 646.5
1352670 643.3
1352680 643.3
1352690 637.4
1352700 634.4
1352710 634.4
1352720 634.1
1352730 635.6
1352740 635.6
1352750 639.1
1352760 645.1
1352770 645.1
1352780 651.2
1352790 655.3
1352800 660.8
1352810 660.8
1352820 663.0
1352830 660.6
1352840 660.6
1352850 656.6
1352860 652.2
1352870 652.2
1352880 648.1
1352890 645.6
1352900 645.6
1352910 644.6
1352920 643.8
1352930 643.8
1352940 642.9
1352950 641.4
1352960 641.4
1352970 639.6
1352980 638.4
1352990 638.4
1353000 637.7
1353010 638.1
1353020 638.1
1353030 638.8
1353040 639.4
1353050 641.8
1353060 640.5
1353070 639.9
1353080 639.9
1353090 639.9
1353100 640.1
1353110 640.1
1353120 640.4
1353130 640.4
1353140 640.4
1353150 640.2
1353160 640.2
1353170 640.0
1353180 640.0
1353190 639.8
1353200 639.7
1353210 639.7
1353220 639.7
1353230 639.6
1353240 639.6
1353250 639.4
1353260 640.0
1353270 640.0
1353280 641.1
1353290 641.1
1353300 641.1
1353310 640.2
1353320 638.9
1353330 638.9
1353340 637.9
1353350 635.9
1353360 635.9
1353370 633.5
1353380 631.0
1353390 631.0
1353400 629.8
1353410 629.0
1353420 629.0
1353430 628.2
1353440 627.6
1353450 627.6
1353460 627.1
1353470 626.8
1353480 626.8
1353490 626.8
1353500 626.7
1353510 626.7
1353520 626.8
1353530 626.8
1353540 626.8
1353550 626.7
1353560 626.7
1353570 627.0
1353580 627.0
1353590 628.8
1353600 632.6
1353610 632.6
1353620 635.9
1353630 638.6
1353640 638.6
1353650 642.3
1353660 646.1
1353670 646.1
1353680 649.5
1353690 652.6
1353700 652.6
1353710 655.0
1353720 657.3
1353730 657.3
1353740 660.1
1353750 662.7
1353760 662.7
1353770 664.8
1353780 665.5
1353790 665.5
1353800 664.4
1353810 662.8
1353820 662.8
1353830 661.4
1353840 660.1
1353850 660.1
1353860 659.3
1353870 658.5
1353880 658.5
1353890 657.9
1353900 657.3
1353910 657.3
1353920 656.7
1353930 655.9
1353940 654.9
1353950 654.9
1353960 654.5
1353970 654.5
1353980 654.5
1353990 650.1
1354000 646.6
1354010 646.6
1354020 644.2
1354030 636.9
1354040 636.9
1354050 634.8
1354060 633.9
1354070 633.9
1354080 634.4
1354090 634.8
1354100 634.8
1354110 637.2
1354120 641.2
1354130 641.2
1354140 640.3
1354150 636.4
1354160 636.4
1354170 631.0
1354180 626.2
1354190 626.2
1354200 624.7
1354210 624.3
1354220 624.3
1354230 621.4
1354240 618.5
1354250 618.5
1354260 618.5
1354270 617.8
1354280 617.8
1354290 614.9
1354300 611.5
1354310 611.5
1354320 610.5
1354330 611.9
1354340 612.8
1354350 612.8
1354360 612.5
1354370 611.2
1354380 611.2
1354390 610.2
1354400 607.8
1354410 607.8
1354420 602.7
1354430 603.7
1354440 603.7
1354450 606.3
1354460 607.5
1354470 607.5
1354480 608.3
1354490 609.0
1354500 609.0
1354510 609.2
1354520 609.2
1354530 609.2
1354540 609.0
1354550 608.4
1354560 608.4
1354570 607.5
1354580 606.7
1354590 606.7
1354600 606.2
1354610 605.8
1354620 605.8
1354630 606.3
1354640 607.3
1354650 607.3
1354660 608.2
1354670 607.8
1354680 607.8
1354690 607.0
1354700 606.6
1354710 606.6
1354720 606.4
1354730 606.2
1354740 605.3
1354750 605.3
1354760 603.5
1354770 600.4
1354780 600.4
1354790 595.5
1354800 594.7
1354810 594.7
1354820 590.5
1354830 584.9
1354840 584.9
1354850 583.0
1354860 584.2
1354870 584.2
1354880 584.5
1354890 580.9
1354900 580.9
1354910 575.4
1354920 569.6
1354930 569.6
1354940 566.6
1354950 567.3
1354960 567.3
1354970 567.9
1354980 565.9
1354990 565.9
1355000 561.7
1355010 557.1
1355020 553.3
1355030 550.8
1355040 546.5
1355050 546.5
1355060 538.1
1355070 531.0
1355080 531.0
1355090 526.8
1355100 522.1
1355110 518.1
1355120 518.1
1355130 511.9
1355140 505.1
1355150 505.1
1355160 500.5
1355170 496.1
1355180 496.1
1355190 490.5
1355200 484.5
1355210 484.5
1355220 482.4
1355230 480.6
1355240 480.6
1355250 479.5
1355260 479.8
1355270 479.8
1355280 479.3
1355290 477.9
1355300 477.9
1355310 477.2
1355320 476.9
1355330 476.9
1355340 476.9
1355350 477.0
1355360 477.0
1355370 477.1
1355380 477.1
1355390 477.1
1355400 477.1
1355410 476.9
1355420 476.9
1355430 476.8
1355440 476.8
1355450 476.8
1355460 476.9
1355470 477.3
1355480 477.3
1355490 477.9
1355500 479.2
1355510 479.7
1355520 479.7
1355530 479.9
1355540 480.0
1355550 480.0
1355560 480.2
1355570 480.5
1355580 480.5
1355590 480.1
1355600 478.4
1355610 478.4
1355620 478.1
1355630 478.6
1355640 478.6
1355650 478.6
1355660 478.6
1355670 478.6
1355680 478.5
1355690 478.6
1355700 478.6
1355710 478.8
1355720 480.5
1355730 480.5
1355740 483.5
1355750 485.7
1355760 485.7
1355770 485.8
1355780 485.6
1355790 485.6
1355800 483.8
1355810 479.8
1355820 479.8
1355830 478.1
1355840 477.6
1355850 477.6
1355860 478.2
1355870 478.3
1355880 478.3
1355890 478.3
1355900 478.4
1355910 478.7
1355920 478.7
1355930 478.9
1355940 479.0
1355950 479.0
1355960 479.1
1355970 479.2
1355980 479.2
1355990 479.5
1356000 479.8
1356010 479.3
1356020 480.0
1356030 480.7
1356040 480.7
1356050 481.5
1356060 483.5
1356070 483.5
1356080 486.9
1356090 488.2
1356100 488.2
1356110 488.1
1356120 487.9
1356130 487.9
1356140 488.1
1356150 488.1
1356160 488.1
1356170 487.9
1356180 487.9
1356190 487.9
1356200 488.3
1356210 488.5
1356220 488.5
1356230 488.4
1356240 488.9
1356250 488.9
1356260 489.0
1356270 489.2
1356280 489.3
1356290 489.3
1356300 489.3
1356310 489.2
1356320 489.2
1356330 488.9
1356340 488.5
1356350 488.5
1356360 488.4
1356370 488.4
1356380 488.4
1356390 488.5
1356400 488.7
1356410 488.7
1356420 488.9
1356430 488.8
1356440 488.8
1356450 488.9
1356460 489.0
1356470 489.0
1356480 488.9
1356490 488.9
1356500 488.9
1356510 488.9
1356520 488.8
1356530 488.8
1356540 488.9
1356550 488.9
1356560 488.9
1356570 489.0
1356580 489.0
1356590 489.0
1356600 489.0
1356610 489.0
1356620 489.0
1356630 488.8
1356640 488.9
1356650 488.9
1356660 488.8
1356670 488.7
1356680 488.5
1356690 488.5
1356700 488.3
1356710 488.3
1356720 488.3
1356730 488.3
1356740 487.9
1356750 487.9
1356760 487.4
1356770 488.3
1356780 488.3
1356790 488.5
1356800 488.4
1356810 488.4
1356820 488.3
1356830 488.3
1356840 488.3
1356850 488.3
1356860 488.3
1356870 488.3
1356880 488.4
1356890 488.1
1356900 488.1
1356910 487.5
1356920 486.8
1356930 486.8
1356940 486.0
1356950 485.6
1356960 485.6
1356970 485.3
1356980 485.2
1356990 485.2
1357000 485.1
1357010 485.0
1357020 485.0
1357030 484.9
1357040 484.9
1357050 485.0
1357060 485.0
1357070 485.0
1357080 485.0
1357090 485.0
1357100 484.9
1357110 484.7
1357120 484.7
1357130 484.6
1357140 484.6
1357150 484.6
1357160 484.6
1357170 484.6
1357180 484.6
1357190 484.7
1357200 484.6
1357210 484.6
1357220 484.4
1357230 484.4
1357240 484.4
1357250 484.3
1357260 484.2
1357270 484.2
1357280 484.2
1357290 484.1
1357300 484.1
1357310 484.0
1357320 483.9
1357330 483.9
1357340 484.0
1357350 483.9
1357360 483.9
1357370 483.7
1357380 483.6
1357390 483.6
1357400 483.5
1357410 483.8
1357420 483.8
1357430 484.0
1357440 484.0
1357450 484.0
1357460 484.0
1357470 483.9
1357480 483.9
1357490 483.9
1357500 483.9
1357510 483.9
1357520 483.9
1357530 483.9
1357540 483.9
1357550 483.9
1357560 483.8
1357570 483.9
1357580 483.9
1357590 483.9
1357600 483.8
1357610 483.8
1357620 483.8
1357630 483.9
1357640 483.9
1357650 484.0
1357660 484.1
1357670 484.1
1357680 484.4
1357690 484.8
1357700 484.8
1357710 485.1
1357720 485.2
1357730 485.2
1357740 484.9
1357750 484.7
1357760 484.7
1357770 484.7
1357780 484.8
1357790 484.8
1357800 484.8
1357810 484.7
1357820 484.8
1357830 484.8
1357840 484.7
1357850 484.6
1357860 484.6
1357870 484.4
1357880 483.5
1357890 483.5
1357900 482.6
1357910 482.5
1357920 482.5
1357930 482.9
1357940 484.0
1357950 484.0
1357960 485.0
1357970 487.0
1357980 487.0
1357990 488.5
1358000 491.1
1358010 492.9
1358020 496.6
1358030 497.3
1358040 497.3
1358050 497.4
1358060 493.3
1358070 493.3
1358080 495.4
1358090 499.9
1358100 499.9
1358110 505.2
1358120 510.8
1358130 510.8
1358140 514.4
1358150 517.9
1358160 517.9
1358170 521.6
1358180 524.7
1358190 524.7
1358200 527.8
1358210 530.8
1358220 534.8
1358230 534.8
1358240 539.0
1358250 542.4
1358260 542.4
1358270 544.8
1358280 548.2
1358290 548.2
1358300 552.0
1358310 555.0
1358320 555.0
1358330 559.2
1358340 564.0
1358350 564.0
1358360 569.6
1358370 575.6
1358380 575.6
1358390 581.6
1358400 587.6
1358410 587.6
1358420 593.4
1358430 597.1
1358440 597.1
1358450 606.4
1358460 623.4
1358470 623.4
1358480 646.8
1358490 676.0
1358500 676.0
1358510 690.0
1358520 706.6
1358530 706.6
1358540 742.6
1358550 769.6
1358560 769.6
1358570 781.7
1358580 793.0
1358590 793.0
1358600 794.3
1358610 797.9
1358620 807.0
1358630 807.0
1358640 815.7
1358650 820.0
1358660 820.0
1358670 825.3
1358680 839.7
1358690 839.7
1358700 854.6
1358710 878.9
1358720 878.9
1358730 899.6
1358740 903.1
1358750 903.1
1358760 914.7
1358770 929.5
1358780 929.5
1358790 935.7
1358800 940.4
1358810 940.4
1358820 953.2
1358830 979.1
1358840 979.1
1358850 995.3
1358860 1000.5
1358870 1000.5
1358880 999.6
1358890 996.6
1358900 996.6
1358910 992.1
1358920 987.1
1358930 987.1
1358940 981.6
1358950 971.0
1358960 971.0
1358970 959.4
1358980 953.7
1358990 954.9
1359000 954.9
1359010 958.2
1359020 963.6
1359030 973.2
1359040 977.6
1359050 983.2
1359060 983.2
1359070 988.9
1359080 995.5
1359090 995.5
1359100 1002.0
1359110 1008.9
1359120 1008.9
1359130 1018.5
1359140 1037.7
1359150 1037.7
1359160 1055.5
1359170 1068.4
1359180 1068.4
1359190 1075.4
1359200 1080.0
1359210 1080.0
1359220 1084.5
1359230 1089.8
1359240 1089.8
1359250 1094.4
1359260 1098.5
1359270 1098.5
1359280 1101.8
1359290 1102.4
1359300 1102.4
1359310 1102.8
1359320 1107.5
1359330 1107.5
1359340 1112.6
1359350 1119.8
1359360 1119.8
1359370 1123.3
1359380 1123.4
1359390 1120.5
1359400 1120.5
1359410 1115.5
1359420 1112.0
1359430 1112.0
1359440 1108.4
1359450 1106.7
1359460 1106.7
1359470 1104.2
1359480 1101.8
1359490 1101.8
1359500 1099.4
1359510 1096.8
1359520 1096.8
1359530 1093.6
1359540 1090.7
1359550 1090.7
1359560 1088.7
1359570 1087.4
1359580 1087.4
1359590 1083.4
1359600 1077.6
1359610 1077.6
1359620 1072.5
1359630 1068.8
1359640 1068.8
1359650 1066.3
1359660 1065.8
1359670 1065.8
1359680 1067.9
1359690 1070.5
1359700 1070.5
1359710 1071.6
1359720 1070.2
1359730 1070.2
1359740 1065.9
1359750 1063.2
1359760 1065.1
1359770 1065.1
1359780 1068.4
1359790 1070.1
1359800 1070.1
1359810 1070.6
1359820 1070.0
1359830 1070.0
1359840 1070.1
1359850 1073.7
1359860 1073.7
1359870 1078.5
1359880 1080.4
1359890 1080.4
1359900 1081.2
1359910 1083.1
1359920 1083.1
1359930 1087.0
1359940 1093.3
1359950 1093.3
1359960 1106.3
1359970 1113.4
1359980 1113.4
1359990 1120.3
