1340000 1109.4
1340010 1110.6
1340020 1110.6
1340030 1114.3
1340040 1118.8
1340050 1118.8
1340060 1124.1
1340070 1129.4
1340080 1129.4
1340090 1134.6
1340100 1139.8
1340110 1139.8
1340120 1145.4
1340130 1151.2
1340140 1151.2
1340150 1156.4
1340160 1160.6
1340170 1160.6
1340180 1163.5
1340190 1165.5
1340200 1165.5
1340210 1166.0
1340220 1164.2
1340230 1164.2
1340240 1162.5
1340250 1162.4
1340260 1162.4
1340270 1164.8
1340280 1168.8
1340290 1173.3
1340300 1173.3
1340310 1178.9
1340320 1184.8
1340330 1185.1
1340340 1191.3
1340350 1197.1
1340360 1197.1
1340370 1201.9
1340380 1205.5
1340390 1205.5
1340400 1208.0
1340410 1209.5
1340420 1209.5
1340430 1210.6
1340440 1211.3
1340450 1211.3
1340460 1209.8
1340470 1207.5
1340480 1207.5
1340490 1207.4
1340500 1209.1
1340510 1209.1
1340520 1212.4
1340530 1215.0
1340540 1215.0
1340550 1216.4
1340560 1215.7
1340570 1215.7
1340580 1216.5
1340590 1219.6
1340600 1219.6
1340610 1222.8
1340620 1225.2
1340630 1225.2
1340640 1226.5
1340650 1226.4
1340660 1226.4
1340670 1229.1
1340680 1232.9
1340690 1235.0
1340700 1235.0
1340710 1235.7
1340720 1236.6
1340730 1236.6
1340740 1238.6
1340750 1241.4
1340760 1241.4
1340770 1244.7
1340780 1248.4
1340790 1248.4
1340800 1252.4
1340810 1255.9
1340820 1255.9
1340830 1258.2
1340840 1257.7
1340850 1257.7
1340860 1259.7
1340870 1262.3
1340880 1262.3
1340890 1263.5
1340900 1265.7
1340910 1265.7
1340920 1268.3
1340930 1270.5
1340940 1270.5
1340950 1272.3
1340960 1273.7
1340970 1273.7
1340980 1274.6
1340990 1275.3
1341000 1275.3
1341010 1278.4
1341020 1282.2
1341030 1282.2
1341040 1285.8
1341050 1289.8
1341060 1289.8
1341070 1295.0
1341080 1300.4
1341090 1305.8
1341100 1305.8
1341110 1311.5
1341120 1316.0
1341130 1316.0
1341140 1318.7
1341150 1321.3
1341160 1321.3
1341170 1324.9
1341180 1330.1
1341190 1330.1
1341200 1336.7
1341210 1343.0
1341220 1345.5
1341230 1351.8
1341240 1357.7
1341250 1357.7
1341260 1363.0
1341270 1368.0
1341280 1368.0
1341290 1372.4
1341300 1376.7
1341310 1376.7
1341320 1380.7
1341330 1384.4
1341340 1384.4
1341350 1388.1
1341360 1391.9
1341370 1391.9
1341380 1396.0
1341390 1400.2
1341400 1400.2
1341410 1404.1
1341420 1407.5
1341430 1407.5
1341440 1411.0
1341450 1414.5
1341460 1414.5
1341470 1418.0
1341480 1422.0
1341490 1426.4
1341500 1426.4
1341510 1430.5
1341520 1434.3
1341530 1434.3
1341540 1437.5
1341550 1441.9
1341560 1441.9
1341570 1446.7
1341580 1451.3
1341590 1451.3
1341600 1455.5
1341610 1459.7
1341620 1459.7
1341630 1463.7
1341640 1467.5
1341650 1467.5
1341660 1471.3
1341670 1474.7
1341680 1474.7
1341690 1478.0
1341700 1481.6
1341710 1481.6
1341720 1485.2
1341730 1488.3
1341740 1488.3
1341750 1490.6
1341760 1493.1
1341770 1493.1
1341780 1495.8
1341790 1497.9
1341800 1497.9
1341810 1499.1
1341820 1500.4
1341830 1500.4
1341840 1501.8
1341850 1503.4
1341860 1503.4
1341870 1505.3
1341880 1507.1
1341890 1509.0
1341900 1509.0
1341910 1510.5
1341920 1512.1
1341930 1512.1
1341940 1513.6
1341950 1515.4
1341960 1515.4
1341970 1517.9
1341980 1519.8
1341990 1519.8
1342000 1521.4
1342010 1522.2
1342020 1522.2
1342030 1522.1
1342040 1521.8
1342050 1521.8
1342060 1520.7
1342070 1518.8
1342080 1518.8
1342090 1516.1
1342100 1513.4
1342110 1513.4
1342120 1514.2
1342130 1511.6
1342140 1511.6
1342150 1508.3
1342160 1506.4
1342170 1506.4
1342180 1505.7
1342190 1504.3
1342200 1504.3
1342210 1502.2
1342220 1499.3
1342230 1499.3
1342240 1496.8
1342250 1493.4
1342260 1493.4
1342270 1488.0
1342280 1481.3
1342290 1474.2
1342300 1474.2
1342310 1466.6
1342320 1459.5
1342330 1459.5
1342340 1452.2
1342350 1444.5
1342360 1444.5
1342370 1437.4
1342380 1431.8
1342390 1431.8
1342400 1427.1
1342410 1423.2
1342420 1423.2
1342430 1420.0
1342440 1417.4
1342450 1417.4
1342460 1415.4
1342470 1411.6
1342480 1411.6
1342490 1405.8
1342500 1400.9
1342510 1400.9
1342520 1396.5
1342530 1392.7
1342540 1392.7
1342550 1389.6
1342560 1386.7
1342570 1386.7
1342580 1383.9
1342590 1381.0
1342600 1381.0
1342610 1377.9
1342620 1375.8
1342630 1375.8
1342640 1374.0
1342650 1372.3
1342660 1370.7
1342670 1370.7
1342680 1369.2
1342690 1368.4
1342700 1368.4
1342710 1368.2
1342720 1367.9
1342730 1367.9
1342740 1367.5
1342750 1367.3
1342760 1367.3
1342770 1367.0
1342780 1365.9
1342790 1365.9
1342800 1364.6
1342810 1363.1
1342820 1363.1
1342830 1361.4
1342840 1359.2
1342850 1359.2
1342860 1356.3
1342870 1353.2
1342880 1353.2
1342890 1350.0
1342900 1346.5
1342910 1346.5
1342920 1342.7
1342930 1338.5
1342940 1338.5
1342950 1333.9
1342960 1330.2
1342970 1330.2
1342980 1326.9
1342990 1324.7
1343000 1324.7
1343010 1324.1
1343020 1321.8
1343030 1321.8
1343040 1320.7
1343050 1319.6
1343060 1318.3
1343070 1318.3
1343080 1316.5
1343090 1314.3
1343100 1314.3
1343110 1312.1
1343120 1310.0
1343130 1310.0
1343140 1307.5
1343150 1304.4
1343160 1304.4
1343170 1300.9
1343180 1296.5
1343190 1296.5
1343200 1292.8
1343210 1290.5
1343220 1290.5
1343230 1288.0
1343240 1285.9
1343250 1285.9
1343260 1283.6
1343270 1281.5
1343280 1281.5
1343290 1279.4
1343300 1276.9
1343310 1276.9
1343320 1273.9
1343330 1270.0
1343340 1270.0
1343350 1266.3
1343360 1263.0
1343370 1263.0
1343380 1258.7
1343390 1253.7
1343400 1253.7
1343410 1248.4
1343420 1243.3
1343430 1243.3
1343440 1238.4
1343450 1234.0
1343460 1230.1
1343470 1230.1
1343480 1225.8
1343490 1220.7
1343500 1220.7
1343510 1214.9
1343520 1209.1
1343530 1209.1
1343540 1204.5
1343550 1199.4
1343560 1199.4
1343570 1194.7
1343580 1190.4
1343590 1190.4
1343600 1186.0
1343610 1181.8
1343620 1181.8
1343630 1177.5
1343640 1170.4
1343650 1170.4
1343660 1161.0
1343670 1161.6
1343680 1161.6
1343690 1169.6
1343700 1175.5
1343710 1175.5
1343720 1178.0
1343730 1181.9
1343740 1181.9
1343750 1186.7
1343760 1192.2
1343770 1192.2
1343780 1195.8
1343790 1202.4
1343800 1202.4
1343810 1208.0
1343820 1213.7
1343830 1213.7
1343840 1219.9
1343850 1226.5
1343860 1234.0
1343870 1234.0
1343880 1240.7
1343890 1247.5
1343900 1247.5
1343910 1254.1
1343920 1260.0
1343930 1255.7
1343940 1262.3
1343950 1267.8
1343960 1267.8
1343970 1273.9
1343980 1279.1
1343990 1279.1
1344000 1283.0
1344010 1285.5
1344020 1285.5
1344030 1286.8
1344040 1287.0
1344050 1287.0
1344060 1286.1
1344070 1284.1
1344080 1284.1
1344090 1281.1
1344100 1278.4
1344110 1278.4
1344120 1275.3
1344130 1271.2
1344140 1271.2
1344150 1267.3
1344160 1264.3
1344170 1264.3
1344180 1261.4
1344190 1257.7
1344200 1257.7
1344210 1254.5
1344220 1251.3
1344230 1251.3
1344240 1248.0
1344250 1244.3
1344260 1241.1
1344270 1241.1
1344280 1237.6
1344290 1233.7
1344300 1233.7
1344310 1230.4
1344320 1228.2
1344330 1228.2
1344340 1225.4
1344350 1222.4
1344360 1222.4
1344370 1220.1
1344380 1217.9
1344390 1217.9
1344400 1215.7
1344410 1214.5
1344420 1214.5
1344430 1216.2
1344440 1219.5
1344450 1219.5
1344460 1223.2
1344470 1227.0
1344480 1227.0
1344490 1230.4
1344500 1233.2
1344510 1233.2
1344520 1235.6
1344530 1238.6
1344540 1238.6
1344550 1242.5
1344560 1246.8
1344570 1246.8
1344580 1251.1
1344590 1254.9
1344600 1254.9
1344610 1259.1
1344620 1262.6
1344630 1265.9
1344640 1265.9
1344650 1269.3
1344660 1272.6
1344670 1272.6
1344680 1275.9
1344690 1279.0
1344700 1279.0
1344710 1281.9
1344720 1284.8
1344730 1284.8
1344740 1288.1
1344750 1290.1
1344760 1290.1
1344770 1292.7
1344780 1295.1
1344790 1295.1
1344800 1297.6
1344810 1299.8
1344820 1299.8
1344830 1301.1
1344840 1296.1
1344850 1296.1
1344860 1298.1
1344870 1299.9
1344880 1299.9
1344890 1301.4
1344900 1302.4
1344910 1302.4
1344920 1303.7
1344930 1305.4
1344940 1305.4
1344950 1307.2
1344960 1309.0
1344970 1309.0
1344980 1311.3
1344990 1312.5
1345000 1312.5
1345010 1313.6
1345020 1314.6
1345030 1315.6
1345040 1315.6
1345050 1316.3
1345060 1317.4
1345070 1317.4
1345080 1317.8
1345090 1316.6
1345100 1316.6
1345110 1314.5
1345120 1312.9
1345130 1312.9
1345140 1311.6
1345150 1309.8
1345160 1309.8
1345170 1308.1
1345180 1306.7
1345190 1306.7
1345200 1305.9
1345210 1305.8
1345220 1305.8
1345230 1305.9
1345240 1306.7
1345250 1306.7
1345260 1308.4
1345270 1310.3
1345280 1310.3
1345290 1312.6
1345300 1315.4
1345310 1315.4
1345320 1318.1
1345330 1320.7
1345340 1320.7
1345350 1323.2
1345360 1326.0
1345370 1326.0
1345380 1328.6
1345390 1330.5
1345400 1330.5
1345410 1331.7
1345420 1332.3
1345430 1332.4
1345440 1332.4
1345450 1332.0
1345460 1331.0
1345470 1331.0
1345480 1329.4
1345490 1329.1
1345500 1329.1
1345510 1329.2
1345520 1329.1
1345530 1329.1
1345540 1328.4
1345550 1327.3
1345560 1327.3
1345570 1326.0
1345580 1325.1
1345590 1325.1
1345600 1323.3
1345610 1321.7
1345620 1321.7
1345630 1320.5
1345640 1317.6
1345650 1317.6
1345660 1315.0
1345670 1312.5
1345680 1312.5
1345690 1309.4
1345700 1304.0
1345710 1304.0
1345720 1301.8
1345730 1299.5
1345740 1299.5
1345750 1294.1
1345760 1277.1
1345770 1277.1
1345780 1273.8
1345790 1271.0
1345800 1271.0
1345810 1269.6
1345820 1269.5
1345830 1270.0
1345840 1270.0
1345850 1270.9
1345860 1272.9
1345870 1272.9
1345880 1275.5
1345890 1278.4
1345900 1278.4
1345910 1280.5
1345920 1280.9
1345930 1280.9
1345940 1281.2
1345950 1280.1
1345960 1280.1
1345970 1279.5
1345980 1278.4
1345990 1278.4
1346000 1277.0
1346010 1276.2
1346020 1276.2
1346030 1275.4
1346040 1273.5
1346050 1273.5
1346060 1270.7
1346070 1267.4
1346080 1267.4
1346090 1264.3
1346100 1261.2
1346110 1261.2
1346120 1257.8
1346130 1254.5
1346140 1254.5
1346150 1251.4
1346160 1248.1
1346170 1248.1
1346180 1244.7
1346190 1241.4
1346200 1241.4
1346210 1238.5
1346220 1236.1
1346230 1233.9
1346240 1233.9
1346250 1233.0
1346260 1232.8
1346270 1232.8
1346280 1232.0
1346290 1232.0
1346300 1232.0
1346310 1232.3
1346320 1232.3
1346330 1232.3
1346340 1232.4
1346350 1232.2
1346360 1232.2
1346370 1231.9
1346380 1231.8
1346390 1231.8
1346400 1231.2
1346410 1230.2
1346420 1230.2
1346430 1229.9
1346440 1229.1
1346450 1229.1
1346460 1228.2
1346470 1227.2
1346480 1227.2
1346490 1226.4
1346500 1226.4
1346510 1226.4
1346520 1226.4
1346530 1226.5
1346540 1226.5
1346550 1226.5
1346560 1226.1
1346570 1226.1
1346580 1225.5
1346590 1225.0
1346600 1225.0
1346610 1224.7
1346620 1223.8
1346630 1222.2
1346640 1222.2
1346650 1220.2
1346660 1218.2
1346670 1218.2
1346680 1215.4
1346690 1204.5
1346700 1204.5
1346710 1200.1
1346720 1197.3
1346730 1197.3
1346740 1195.1
1346750 1192.7
1346760 1192.7
1346770 1190.2
1346780 1187.6
1346790 1187.6
1346800 1186.2
1346810 1185.4
1346820 1185.4
1346830 1185.5
1346840 1186.1
1346850 1186.1
1346860 1187.2
1346870 1188.6
1346880 1188.6
1346890 1189.7
1346900 1190.6
1346910 1190.6
1346920 1191.3
1346930 1191.7
1346940 1191.7
1346950 1192.2
1346960 1191.9
1346970 1191.9
1346980 1191.5
1346990 1191.8
1347000 1190.9
1347010 1190.9
1347020 1190.2
1347030 1190.8
1347040 1190.8
1347050 1190.5
1347060 1190.2
1347070 1190.2
1347080 1190.3
1347090 1190.1
1347100 1190.1
1347110 1188.6
1347120 1186.2
1347130 1186.2
1347140 1184.0
1347150 1181.9
1347160 1181.9
1347170 1179.3
1347180 1177.1
1347190 1177.1
1347200 1175.5
1347210 1174.8
1347220 1174.8
1347230 1174.0
1347240 1173.0
1347250 1173.0
1347260 1172.7
1347270 1172.5
1347280 1172.5
1347290 1172.0
1347300 1171.7
1347310 1171.7
1347320 1172.1
1347330 1172.7
1347340 1172.7
1347350 1172.8
1347360 1172.4
1347370 1172.4
1347380 1172.1
1347390 1171.6
1347400 1173.8
1347410 1173.8
1347420 1178.1
1347430 1180.0
1347440 1180.0
1347450 1182.0
1347460 1184.2
1347470 1184.2
1347480 1186.0
1347490 1187.9
1347500 1187.9
1347510 1190.1
1347520 1192.7
1347530 1192.7
1347540 1195.8
1347550 1199.3
1347560 1199.3
1347570 1202.9
1347580 1206.7
1347590 1206.7
1347600 1210.3
1347610 1213.6
1347620 1208.0
1347630 1208.9
1347640 1208.9
1347650 1208.9
1347660 1209.0
1347670 1209.3
1347680 1209.3
1347690 1210.0
1347700 1210.8
1347710 1210.8
1347720 1211.6
1347730 1212.2
1347740 1212.2
1347750 1212.6
1347760 1212.7
1347770 1212.7
1347780 1214.0
1347790 1216.5
1347800 1220.2
1347810 1220.2
1347820 1223.8
1347830 1225.3
1347840 1225.3
1347850 1224.8
1347860 1223.6
1347870 1223.6
1347880 1223.2
1347890 1221.1
1347900 1221.1
1347910 1218.5
1347920 1217.9
1347930 1217.9
1347940 1217.9
1347950 1218.0
1347960 1218.0
1347970 1218.2
1347980 1218.1
1347990 1218.1
1348000 1218.3
1348010 1219.2
1348020 1219.2
1348030 1219.5
1348040 1220.7
1348050 1220.7
1348060 1220.0
1348070 1216.0
1348080 1216.0
1348090 1211.6
1348100 1210.3
1348110 1210.3
1348120 1207.6
1348130 1203.9
1348140 1203.9
1348150 1202.4
1348160 1202.6
1348170 1202.6
1348180 1203.1
1348190 1205.3
1348200 1207.1
1348210 1207.1
1348220 1205.9
1348230 1204.1
1348240 1204.1
1348250 1202.9
1348260 1201.8
1348270 1201.8
1348280 1201.1
1348290 1200.6
1348300 1200.6
1348310 1200.8
1348320 1201.2
1348330 1201.2
1348340 1200.7
1348350 1199.5
1348360 1199.5
1348370 1195.7
1348380 1192.1
1348390 1192.1
1348400 1190.3
1348410 1190.1
1348420 1190.1
1348430 1190.6
1348440 1189.9
1348450 1189.9
1348460 1187.6
1348470 1185.1
1348480 1185.1
1348490 1182.3
1348500 1178.0
1348510 1178.0
1348520 1172.8
1348530 1167.3
1348540 1167.3
1348550 1162.3
1348560 1156.6
1348570 1156.6
1348580 1153.7
1348590 1148.5
1348600 1143.2
1348610 1143.2
1348620 1139.0
1348630 1136.4
1348640 1136.4
1348650 1134.4
1348660 1132.2
1348670 1132.2
1348680 1129.9
1348690 1127.6
1348700 1127.6
1348710 1125.8
1348720 1126.6
1348730 1126.6
1348740 1127.9
1348750 1128.8
1348760 1128.8
1348770 1128.0
1348780 1126.6
1348790 1126.6
1348800 1125.7
1348810 1125.0
1348820 1125.0
1348830 1122.6
1348840 1120.2
1348850 1120.2
1348860 1118.1
1348870 1117.2
1348880 1117.2
1348890 1115.8
1348900 1113.9
1348910 1113.9
1348920 1112.3
1348930 1112.2
1348940 1112.2
1348950 1112.8
1348960 1112.4
1348970 1111.9
1348980 1111.9
1348990 1113.1
1349000 1115.1
1349010 1115.1
1349020 1116.1
1349030 1115.5
1349040 1115.5
1349050 1114.9
1349060 1117.2
1349070 1117.2
1349080 1120.0
1349090 1121.9
1349100 1121.9
1349110 1124.2
1349120 1124.6
1349130 1124.6
1349140 1124.9
1349150 1124.4
1349160 1124.4
1349170 1121.9
1349180 1119.1
1349190 1119.1
1349200 1117.9
1349210 1119.2
1349220 1119.2
1349230 1121.6
1349240 1125.8
1349250 1125.8
1349260 1127.6
1349270 1127.3
1349280 1127.3
1349290 1129.1
1349300 1130.6
1349310 1130.6
1349320 1131.2
1349330 1132.2
1349340 1132.2
1349350 1133.3
1349360 1132.1
1349370 1131.4
1349380 1131.4
1349390 1131.9
1349400 1131.6
1349410 1131.6
1349420 1131.6
1349430 1131.1
1349440 1131.1
1349450 1130.5
1349460 1129.8
1349470 1129.8
1349480 1126.2
1349490 1121.0
1349500 1121.0
1349510 1109.6
1349520 1105.9
1349530 1105.9
1349540 1101.0
1349550 1095.6
1349560 1095.6
1349570 1088.0
1349580 1082.4
1349590 1082.4
1349600 1077.2
1349610 1071.4
1349620 1071.4
1349630 1065.8
1349640 1060.4
1349650 1060.4
1349660 1054.0
1349670 1048.1
1349680 1048.1
1349690 1042.9
1349700 1037.5
1349710 1037.5
1349720 1032.6
1349730 1028.5
1349740 1028.5
1349750 1025.9
1349760 1024.2
1349770 1021.2
1349780 1021.2
1349790 1017.5
1349800 1012.5
1349810 1012.5
1349820 1006.5
1349830 1001.3
1349840 1001.3
1349850 996.7
1349860 993.8
1349870 993.8
1349880 992.2
1349890 989.2
1349900 989.2
1349910 984.3
1349920 979.1
1349930 979.1
1349940 973.4
1349950 965.6
1349960 965.6
1349970 955.7
1349980 946.1
1349990 946.1
1350000 936.6
1350010 927.7
1350020 927.7
1350030 919.4
1350040 910.5
1350050 910.5
1350060 902.0
1350070 894.4
1350080 894.4
1350090 887.6
1350100 880.4
1350110 880.4
1351660 528.0
1351670 529.9
1351680 529.9
1351690 533.9
1351700 539.6
1351710 539.6
1351720 541.6
1351730 546.1
1351740 549.4
1351750 549.4
1351760 549.3
1351770 550.8
1351780 550.8
1351790 555.2
1351800 560.2
1351810 560.2
1351820 562.7
1351830 563.0
1351840 563.0
1351850 562.8
1351860 562.5
1351870 562.5
1351880 562.5
1351890 562.5
1351900 562.5
1351910 563.8
1351920 569.7
1351930 569.7
1351940 585.6
1351950 596.2
1351960 596.2
1351970 603.9
1351980 610.1
1351990 610.1
1352000 614.7
1352010 619.6
1352020 619.6
1352030 625.9
1352040 631.1
1352050 631.1
1352060 635.0
1352070 639.2
1352080 639.2
1352090 644.4
1352100 649.8
1352110 649.8
1352120 655.1
1352130 660.6
1352140 666.1
1352150 666.1
1352160 672.5
1352170 679.5
1352180 679.5
1352190 685.9
1352200 692.6
1352210 692.6
1352220 700.0
1352230 707.2
1352240 707.2
1352250 713.9
1352260 720.8
1352270 720.8
1352280 727.5
1352290 734.9
1352300 734.9
1352310 742.9
1352320 751.2
1352330 751.2
1352340 759.7
1352350 767.0
1352360 767.0
1352370 771.3
1352380 774.1
1352390 774.1
1352400 777.1
1352410 778.5
1352420 778.5
1352430 779.2
1352440 780.5
1352450 780.5
1352460 781.8
1352470 781.6
1352480 781.6
1352490 780.2
1352500 779.1
1352510 779.1
1352520 777.6
1352530 775.4
1352540 774.4
1352550 774.4
1352560 772.3
1352570 768.3
1352580 768.3
1352590 763.9
1352600 759.1
1352610 759.1
1352620 754.5
1352630 751.3
1352640 751.3
1352650 748.4
1352660 745.6
1352670 745.6
1352680 743.8
1352690 743.1
1352700 743.1
1352710 742.8
1352720 742.9
1352730 742.9
1352740 743.1
1352750 742.5
1352760 742.5
1352770 738.9
1352780 734.7
1352790 734.7
1352800 732.8
1352810 731.4
1352820 731.4
1352830 731.1
1352840 731.3
1352850 731.3
1352860 731.2
1352870 729.3
1352880 729.3
1352890 727.9
1352900 727.0
1352910 726.7
1352920 726.7
1352930 727.2
1352940 728.5
1352950 728.5
1352960 727.5
1352970 726.0
1352980 726.0
1352990 723.7
1353000 721.2
1353010 721.2
1353020 719.4
1353030 716.0
1353040 716.0
1353050 712.3
1353060 712.5
1353070 712.5
1353080 708.0
1353090 698.8
1353100 698.8
1353110 689.6
1353120 682.9
1353130 682.9
1353140 677.9
1353150 673.7
1353160 673.7
1353170 670.0
1353180 668.2
1353190 668.2
1353200 666.5
1353210 664.0
1353220 664.0
1353230 660.3
1353240 657.2
1353250 657.2
1353260 654.0
1353270 650.1
1353280 650.1
1353290 644.1
1353300 638.7
1353310 634.0
1353320 634.0
1353330 629.4
1353340 624.8
1353350 624.8
1353360 615.4
1353370 609.7
1353380 609.7
1353390 604.3
1353400 597.9
1353410 597.9
1353420 590.8
1353430 583.3
1353440 583.3
1353450 577.5
1353460 571.3
1353470 571.3
1353480 564.8
1353490 558.2
1353500 558.2
1353510 552.5
1353520 547.4
1353530 547.4
1353540 544.9
1353550 543.7
1353560 543.7
1353570 542.2
1353580 541.9
1353590 541.9
1353600 541.9
1353610 541.9
1353620 541.9
1353630 541.9
1353640 541.9
1353650 541.9
1353660 541.9
1353670 541.9
1353680 541.9
1353690 541.9
1353700 541.9
1353710 541.9
1353720 541.9
1353730 541.9
1353740 541.9
1353750 541.9
1353760 541.9
1353770 541.9
1353780 541.9
1353790 541.9
1353800 541.9
1353810 541.9
1353820 541.9
1353830 541.9
1353840 541.9
1353850 541.9
1353860 541.9
1353870 541.9
1353880 541.9
1353890 541.9
1353900 541.9
1353910 541.9
1353920 541.9
1353930 541.9
1353940 541.9
1353950 541.9
1353960 541.9
1353970 541.9
1353980 541.9
1353990 541.9
1354000 541.9
1354010 541.9
1354020 541.9
1354030 541.9
1354040 541.9
1354050 541.9
1354060 541.9
1354070 541.9
1354080 541.9
1354090 541.9
1354100 541.9
1354110 541.9
1354120 541.9
1354130 541.9
1354140 541.9
1354150 541.9
1354160 541.9
1354170 541.9
1354180 541.9
1354190 541.9
1354200 541.9
1354210 541.9
1354220 541.9
1354230 541.9
1354240 541.9
1354250 541.9
1354260 541.9
1354270 541.9
1354280 541.9
1354290 541.9
1354300 541.9
1354310 541.9
1354320 541.9
1354330 541.9
1354340 541.9
1354350 541.9
1354360 541.9
1354370 541.9
1354380 541.9
1354390 541.9
1354400 541.9
1354410 541.9
1354420 541.9
1354430 541.9
1354440 541.9
1354450 541.9
1354460 541.9
1354470 541.9
1354480 541.9
1354490 541.9
1354500 541.9
1354510 541.9
1354520 541.9
1354530 541.9
1354540 541.9
1354550 541.9
1354560 541.9
1354570 541.9
1354580 541.9
1354590 541.9
1354600 542.0
1354610 542.0
1354620 542.3
1354630 542.2
1354640 542.2
1354650 542.5
1354660 543.2
1354670 543.2
1354680 544.2
1354690 545.9
1354700 545.9
1354710 547.7
1354720 549.0
1354730 549.0
1354740 549.3
1354750 549.5
1354760 549.5
1354770 549.7
1354780 550.0
1354790 550.0
1354800 550.2
1354810 550.4
1354820 550.4
1354830 550.6
1354840 551.0
1354850 551.0
1354860 551.6
1354870 551.9
1354880 552.3
1354890 552.3
1354900 552.8
1354910 553.7
1354920 553.7
1354930 554.5
1354940 556.0
1354950 556.0
1354960 557.1
1354970 558.2
1354980 558.2
1354990 559.3
1355000 559.9
1355010 559.9
1355020 559.4
1355030 557.6
1355040 557.6
1355050 555.8
1355060 554.6
1355070 554.6
1355080 553.9
1355090 552.9
1355100 552.9
1355110 551.9
1355120 551.6
1355130 551.6
1355140 551.4
1355150 551.2
1355160 551.2
1355170 550.8
1355180 551.0
1355190 551.0
1355200 551.3
1355210 551.4
1355220 551.4
1355230 551.4
1355240 551.6
1355250 551.6
1355260 552.0
1355270 552.3
1355280 552.5
1355290 552.5
1355300 552.7
1355310 552.9
1355320 552.9
1355330 552.9
1355340 553.0
1355350 553.0
1355360 553.1
1355370 553.4
1355380 553.4
1355390 553.8
1355400 554.3
1355410 554.3
1355420 554.7
1355430 555.1
1355440 555.1
1355450 555.3
1355460 555.6
1355470 555.6
1355480 555.8
1355490 556.0
1355500 556.0
1355510 556.2
1355520 556.4
1355530 556.4
1355540 556.6
1355550 556.9
1355560 556.9
1355570 557.5
1355580 559.4
1355590 559.4
1355600 560.9
1355610 562.2
1355620 562.2
1355630 563.3
1355640 563.4
1355650 563.4
1355660 563.0
1355670 563.0
1355680 563.3
1355690 563.3
1355700 563.1
1355710 563.1
1355720 563.1
1355730 563.4
1355740 563.8
1355750 563.8
1355760 563.8
1355770 563.5
1355780 563.5
1355790 563.4
1355800 563.6
1355810 563.6
1355820 563.6
1355830 562.8
1355840 562.8
1355850 562.5
1355860 563.1
1355870 563.1
1355880 562.7
1355890 561.0
1355900 561.0
1355910 557.6
1355920 553.4
1355930 553.4
1355940 550.7
1355950 546.9
1355960 546.9
1355970 540.0
1355980 533.4
1355990 533.4
1356000 528.9
1356010 525.5
1356020 525.5
1356030 521.7
1356040 519.6
1356050 519.6
1356060 519.3
1356070 516.5
1356080 512.9
1356090 512.9
1356100 510.7
1356110 509.4
1356120 509.4
1356130 507.8
1356140 505.6
1356150 505.6
1356160 504.7
1356170 504.2
1356180 504.2
1356190 502.2
1356200 498.9
1356210 498.9
1356220 495.5
1356230 493.4
1356240 493.4
1356250 490.0
1357550 477.0
1357560 477.0
1357570 476.7
1357580 476.6
1357590 476.6
1357600 476.6
1357610 476.9
1357620 476.9
1357630 477.0
1357640 477.1
1357650 477.1
1357660 477.1
1357670 477.1
1357680 477.3
1357690 477.3
1357700 477.4
1357710 477.2
1357720 477.2
1357730 477.0
1357740 477.1
1357750 477.1
1357760 477.2
1357770 477.4
1357780 477.4
1357790 477.4
1357800 476.9
1357810 476.9
1357820 476.9
1357830 477.0
1357840 477.0
1357850 477.6
1357860 479.7
1357870 479.7
1357880 483.1
1357890 483.5
1357900 483.5
1357910 482.8
1357920 480.9
1357930 480.9
1357940 478.9
1357950 478.0
1357960 478.0
1357970 478.0
1357980 477.5
1357990 477.5
1358000 477.1
1358010 477.0
1358020 476.9
1358030 476.9
1358040 476.7
1358050 476.4
1358060 476.4
1358070 476.3
1358080 476.4
1358090 476.4
1358100 476.4
1358110 476.6
1358120 476.6
1358130 476.5
1358140 476.1
1358150 476.1
1358160 476.0
1358170 476.2
1358180 476.2
1358190 476.3
1358200 476.7
1358210 476.7
1358220 476.5
1358230 476.1
1358240 476.1
1358250 476.0
1358260 475.7
1358270 475.7
1358280 475.7
1358290 475.8
1358300 475.8
1358310 476.1
1358320 476.1
1358330 476.1
1358340 475.4
1358350 474.9
1358360 474.9
1358370 473.6
1358380 472.0
1358390 472.0
1358400 471.3
1358410 471.3
1358420 471.3
1358430 471.3
1358440 471.3
1358450 471.3
1358460 471.3
1358470 471.3
1358480 471.3
1358490 471.3
1358500 471.3
1358510 471.3
1358520 471.3
1358530 471.3
1358540 471.2
1358550 471.2
1358560 471.3
1358570 471.9
1358580 471.9
1358590 472.6
1358600 473.0
1358610 473.0
1358620 473.7
1358630 475.2
1358640 475.2
1358650 477.1
1358660 478.0
1358670 478.0
1358680 477.4
1358690 477.5
1358700 477.5
1358710 477.5
1358720 477.5
1358730 477.5
1358740 477.4
1358750 477.3
1358760 477.3
1358770 477.3
1358780 477.2
1358790 477.2
1358800 477.2
1358810 477.1
1358820 477.1
1358830 477.1
1358840 477.0
1358850 477.0
1358860 477.0
1358870 476.9
1358880 476.9
1358890 476.9
1358900 476.9
1358910 477.3
1358920 477.3
1358930 478.4
1358940 478.3
1358950 478.3
1358960 478.1
1358970 477.9
1358980 477.9
1358990 477.7
1359000 477.5
1359010 477.5
1359020 477.3
1359030 477.2
1359040 477.2
1359050 477.5
1359060 477.7
1359070 477.7
1359080 477.9
1359090 478.0
1359100 478.0
1359110 477.8
1359120 477.5
1359130 477.5
1359140 477.2
1359150 476.9
1359160 476.9
1359170 476.7
1359180 477.0
1359190 477.0
1359200 477.2
1359210 477.5
1359220 477.9
1359230 477.9
1359240 478.5
1359250 479.0
1359260 479.0
1359270 479.7
1359280 479.6
1359290 479.6
1359300 479.7
1359310 479.9
1359320 479.9
1359330 479.8
1359340 479.7
1359350 479.7
1359360 479.8
1359370 479.8
1359380 479.8
1359390 479.5
1359400 479.2
1359410 479.2
1359420 479.0
1359430 479.0
1359440 479.0
1359450 479.1
1359460 479.2
1359470 479.2
1359480 479.3
1359490 479.2
1359500 479.2
1359510 479.2
1359520 479.0
1359530 479.0
1359540 478.9
1359550 478.8
1359560 478.8
1359570 478.9
1359580 479.0
1359590 479.2
1359600 479.2
1359610 479.2
1359620 479.2
1359630 479.2
1359640 479.8
1359650 479.8
1359660 479.8
1359670 479.5
1359680 479.7
1359690 479.7
1359700 479.9
1359710 480.2
1359720 480.2
1359730 480.2
1359740 480.8
1359750 480.8
1359760 481.3
1359770 481.7
1359780 481.7
1359790 482.3
1359800 483.6
1359810 483.6
1359820 485.7
1359830 488.4
1359840 488.4
1359850 490.3
1359860 492.0
1359870 492.0
1359880 493.0
1359890 493.1
1359900 493.1
1359910 491.5
1359920 490.8
1359930 490.8
1359940 490.8
1359950 492.1
1359960 492.1
1359970 493.2
1359980 494.3
1359990 494.6
