1340000 1150.6
1340010 1150.6
1340020 1154.9
1340030 1158.3
1340040 1158.3
1340050 1159.8
1340060 1160.2
1340070 1159.9
1340080 1159.9
1340090 1160.0
1340100 1160.6
1340110 1160.6
1340120 1162.2
1340130 1165.2
1340140 1165.2
1340150 1168.2
1340160 1173.1
1340170 1173.1
1340180 1179.2
1340190 1185.9
1340200 1185.9
1340210 1192.6
1340220 1199.0
1340230 1199.0
1340240 1204.6
1340250 1209.2
1340260 1209.2
1340270 1212.7
1340280 1215.5
1340290 1215.5
1340300 1218.1
1340310 1219.5
1340320 1219.5
1340330 1218.9
1340340 1219.1
1340350 1219.1
1340360 1220.4
1340370 1220.6
1340380 1220.6
1340390 1217.7
1340400 1216.7
1340410 1216.7
1340420 1221.1
1340430 1227.5
1340440 1227.5
1340450 1234.1
1340460 1240.6
1340470 1246.8
1340480 1246.8
1340490 1252.0
1340500 1255.5
1340510 1255.5
1340520 1258.1
1340530 1260.1
1340540 1260.1
1340550 1266.7
1340560 1269.1
1340570 1269.1
1340580 1271.2
1340590 1272.9
1340600 1272.9
1340610 1274.5
1340620 1277.1
1340630 1277.1
1340640 1278.5
1340650 1280.0
1340660 1280.0
1340670 1282.3
1340680 1284.2
1340690 1284.2
1340700 1286.3
1340710 1288.8
1340720 1288.8
1340730 1291.4
1340740 1294.0
1340750 1294.0
1340760 1295.8
1340770 1297.5
1340780 1297.5
1340790 1299.7
1340800 1301.8
1340810 1301.8
1340820 1303.8
1340830 1305.9
1340840 1305.9
1340850 1307.7
1340860 1310.0
1340870 1312.5
1340880 1312.5
1340890 1314.8
1340900 1317.3
1340910 1317.3
1340920 1320.6
1340930 1323.4
1340940 1323.4
1340950 1325.8
1340960 1328.1
1340970 1328.1
1340980 1330.5
1340990 1332.4
1341000 1332.4
1341010 1334.1
1341020 1335.4
1341030 1335.4
1341040 1336.8
1341050 1339.9
1341060 1339.9
1341070 1343.6
1341080 1347.0
1341090 1347.0
1341100 1350.4
1341110 1354.2
1341120 1354.2
1341130 1358.3
1341140 1361.6
1341150 1361.6
1341160 1363.5
1341170 1367.8
1341180 1367.8
1341190 1373.3
1341200 1378.3
1341210 1378.3
1341220 1383.2
1341230 1387.6
1341240 1387.6
1341250 1391.8
1341260 1395.8
1341270 1399.9
1341280 1399.9
1341290 1403.9
1341300 1407.7
1341310 1407.7
1341320 1411.1
1341330 1414.7
1341340 1414.7
1341350 1418.5
1341360 1422.3
1341370 1422.3
1341380 1426.5
1341390 1430.6
1341400 1430.6
1341410 1434.8
1341420 1439.4
1341430 1439.4
1341440 1448.2
1341450 1453.2
1341460 1453.2
1341470 1458.1
1341480 1462.9
1341490 1462.9
1341500 1467.4
1341510 1471.2
1341520 1471.2
1341530 1474.4
1341540 1478.1
1341550 1478.1
1341560 1481.7
1341570 1484.8
1341580 1484.8
1341590 1487.6
1341600 1490.8
1341610 1490.8
1341620 1494.3
1341630 1497.9
1341640 1497.9
1341650 1500.7
1341660 1503.1
1341670 1506.2
1341680 1506.2
1341690 1510.0
1341700 1513.5
1341710 1513.5
1341720 1516.9
1341730 1520.1
1341740 1520.1
1341750 1523.4
1341760 1526.6
1341770 1526.6
1341780 1529.0
1341790 1531.3
1341800 1531.3
1341810 1533.0
1341820 1534.4
1341830 1534.4
1341840 1535.5
1341850 1536.4
1341860 1536.4
1341870 1537.7
1341880 1538.4
1341890 1538.4
1341900 1538.6
1341910 1538.6
1341920 1538.6
1341930 1538.6
1341940 1539.1
1341950 1539.1
1341960 1539.5
1341970 1539.8
1341980 1539.8
1341990 1539.9
1342000 1539.9
1342010 1539.9
1342020 1539.6
1342030 1538.8
1342040 1538.0
1342050 1538.0
1342060 1536.8
1342070 1534.8
1342080 1534.8
1342090 1532.6
1342100 1530.9
1342110 1530.9
1342120 1529.0
1342130 1526.4
1342140 1526.4
1342150 1523.5
1342160 1521.7
1342170 1521.7
1342180 1521.0
1342190 1519.9
1342200 1519.9
1342210 1518.2
1342220 1515.7
1342230 1515.7
1342240 1511.8
1342250 1505.4
1342260 1505.4
1342270 1494.2
1342280 1480.1
1342290 1480.1
1342300 1470.6
1342310 1463.9
1342320 1463.9
1342330 1456.8
1342340 1452.3
1342350 1452.3
1342360 1444.2
1342370 1436.8
1342380 1436.8
1342390 1430.0
1342400 1424.2
1342410 1424.2
1342420 1418.4
1342430 1412.7
1342440 1407.9
1342450 1407.9
1342460 1403.5
1342470 1399.7
1342480 1399.7
1342490 1396.1
1342500 1393.0
1342510 1393.0
1342520 1390.8
1342530 1389.3
1342540 1389.3
1342550 1387.3
1342560 1384.3
1342570 1384.3
1342580 1381.7
1342590 1379.3
1342600 1379.3
1342610 1376.4
1342620 1373.0
1342630 1373.0
1342640 1369.8
1342650 1367.0
1342660 1367.0
1342670 1365.3
1342680 1363.8
1342690 1363.8
1342700 1362.6
1342710 1361.1
1342720 1361.1
1342730 1359.5
1342740 1358.0
1342750 1358.0
1342760 1356.1
1342770 1353.9
1342780 1353.9
1342790 1351.4
1342800 1348.2
1342810 1348.2
1342820 1343.8
1342830 1339.5
1342840 1335.6
1342850 1335.6
1342860 1332.2
1342870 1329.3
1342880 1329.3
1342890 1326.7
1342900 1324.2
1342910 1324.2
1342920 1321.5
1342930 1318.6
1342940 1318.6
1342950 1315.2
1342960 1312.7
1342970 1312.7
1342980 1310.6
1342990 1308.1
1343000 1308.1
1343010 1305.7
1343020 1303.2
1343030 1303.2
1343040 1300.3
1343050 1297.9
1343060 1297.9
1343070 1295.3
1343080 1292.3
1343090 1292.3
1343100 1288.6
1343110 1285.0
1343120 1285.0
1343130 1281.1
1343140 1276.8
1343150 1276.8
1343160 1273.1
1343170 1269.6
1343180 1269.6
1343190 1266.1
1343200 1262.2
1343210 1262.2
1343220 1258.0
1343230 1254.1
1343240 1249.3
1343250 1249.3
1343260 1246.0
1343270 1242.7
1343280 1242.7
1343290 1239.6
1343300 1236.1
1343310 1236.1
1343320 1233.1
1343330 1230.5
1343340 1230.5
1343350 1228.3
1343360 1226.7
1343370 1226.7
1343380 1225.8
1343390 1224.9
1343400 1224.9
1343410 1223.6
1343420 1221.4
1343430 1221.4
1343440 1218.6
1343450 1216.0
1343460 1216.0
1343470 1213.3
1343480 1210.6
1343490 1210.6
1343500 1207.0
1343510 1203.0
1343520 1203.0
1343530 1198.9
1343540 1194.1
1343550 1194.1
1343560 1189.1
1343570 1184.4
1343580 1184.4
1343590 1179.9
1343600 1175.9
1343610 1175.9
1343620 1172.4
1343630 1165.7
1343640 1156.2
1343650 1156.2
1343660 1146.5
1343670 1137.8
1343680 1137.8
1343690 1134.7
1343700 1137.4
1343710 1137.4
1343720 1143.6
1343730 1150.7
1343740 1150.7
1343750 1157.8
1343760 1163.0
1343770 1163.0
1343780 1167.8
1343790 1173.2
1343800 1173.2
1343810 1179.6
1343820 1184.1
1343830 1184.1
1343840 1189.6
1343850 1197.8
1343860 1197.8
1343870 1204.8
1343880 1211.9
1343890 1211.9
1343900 1219.3
1343910 1227.1
1343920 1227.1
1343930 1235.6
1343940 1244.1
1343950 1244.1
1343960 1251.4
1343970 1258.2
1343980 1258.2
1343990 1263.7
1344000 1268.0
1344010 1271.0
1344020 1271.0
1344030 1271.9
1344040 1272.6
1344050 1272.6
1344060 1272.2
1344070 1270.2
1344080 1270.2
1344090 1267.1
1344100 1264.5
1344110 1264.5
1344120 1262.2
1344130 1260.2
1344140 1260.2
1344150 1256.5
1344160 1254.2
1344170 1254.2
1344180 1251.0
1344190 1247.7
1344200 1247.7
1344210 1244.4
1344220 1241.0
1344230 1241.0
1344240 1237.7
1344250 1235.1
1344260 1235.1
1344270 1233.1
1344280 1230.5
1344290 1230.5
1344300 1227.5
1344310 1224.1
1344320 1224.1
1344330 1220.1
1344340 1215.5
1344350 1215.5
1344360 1209.8
1344370 1203.6
1344380 1203.6
1344390 1198.1
1344400 1193.8
1344410 1190.0
1344420 1190.0
1344430 1185.9
1344440 1186.7
1344450 1186.7
1344460 1189.7
1344470 1192.5
1344480 1192.5
1344490 1195.8
1344500 1199.5
1344510 1199.5
1344520 1203.3
1344530 1207.0
1344540 1207.0
1344550 1210.2
1344560 1213.3
1344570 1213.3
1344580 1216.3
1344590 1219.4
1344600 1219.4
1344610 1222.3
1344620 1224.7
1344630 1224.7
1344640 1227.1
1344650 1229.2
1344660 1229.2
1344670 1230.8
1344680 1232.5
1344690 1232.5
1344700 1233.6
1344710 1235.0
1344720 1235.0
1344730 1236.4
1344740 1237.6
1344750 1237.6
1344760 1238.6
1344770 1239.6
1344780 1239.6
1344790 1240.4
1344800 1241.2
1344810 1242.2
1344820 1242.2
1344830 1243.3
1344840 1243.8
1344850 1243.8
1344860 1244.4
1344870 1245.8
1344880 1245.8
1344890 1247.1
1344900 1248.0
1344910 1248.0
1344920 1248.0
1344930 1248.5
1344940 1248.5
1344950 1248.8
1344960 1249.8
1344970 1249.8
1344980 1250.5
1344990 1252.2
1345000 1252.2
1345010 1253.9
1345020 1255.5
1345030 1255.5
1345040 1257.0
1345050 1258.9
1345060 1258.9
1345070 1250.2
1345080 1250.6
1345090 1250.6
1345100 1250.4
1345110 1249.9
1345120 1249.9
1345130 1248.6
1345140 1247.2
1345150 1247.2
1345160 1245.6
1345170 1244.7
1345180 1244.7
1345190 1243.9
1345200 1243.1
1345210 1242.1
1345220 1242.1
1345230 1241.3
1345240 1241.4
1345250 1241.4
1345260 1243.2
1345270 1245.4
1345280 1245.4
1345290 1247.3
1345300 1248.9
1345310 1248.9
1345320 1250.4
1345330 1251.7
1345340 1251.7
1345350 1252.7
1345360 1253.0
1345370 1253.0
1345380 1254.3
1345390 1254.3
1345400 1254.3
1345410 1250.7
1345420 1247.9
1345430 1247.9
1345440 1246.7
1345450 1245.7
1345460 1245.7
1345470 1244.9
1345480 1244.5
1345490 1244.5
1345500 1244.6
1345510 1243.6
1345520 1243.6
1345530 1241.8
1345540 1239.9
1345550 1239.9
1345560 1238.6
1345570 1237.7
1345580 1237.7
1345590 1236.3
1345600 1235.1
1345610 1234.5
1345620 1234.5
1345630 1233.1
1345640 1231.7
1345650 1231.7
1345660 1230.3
1345670 1229.5
1345680 1229.5
1345690 1228.5
1345700 1227.0
1345710 1227.0
1345720 1225.2
1345730 1223.1
1345740 1223.1
1345750 1220.7
1345760 1217.4
1345770 1217.4
1345780 1214.6
1345790 1213.9
1345800 1213.9
1345810 1214.6
1345820 1215.2
1345830 1215.2
1345840 1215.4
1345850 1215.8
1345860 1215.8
1345870 1217.6
1345880 1220.7
1345890 1220.7
1345900 1222.8
1345910 1223.3
1345920 1223.3
1345930 1223.5
1345940 1222.9
1345950 1222.9
1345960 1221.8
1345970 1220.7
1345980 1219.5
1345990 1212.1
1346000 1210.8
1346010 1210.1
1346020 1210.1
1346030 1208.4
1346040 1206.3
1346050 1206.3
1346060 1204.7
1346070 1201.7
1346080 1201.7
1346090 1197.8
1346100 1195.8
1346110 1195.8
1346120 1193.6
1346130 1191.5
1346140 1191.5
1346150 1190.2
1346160 1189.1
1346170 1189.1
1346180 1187.7
1346190 1186.6
1346200 1186.6
1346210 1185.5
1346220 1184.1
1346230 1184.1
1346240 1183.7
1346250 1183.1
1346260 1183.1
1346270 1182.1
1346280 1181.6
1346290 1181.6
1346300 1181.7
1346310 1182.3
1346320 1182.3
1346330 1182.9
1346340 1183.5
1346350 1183.5
1346360 1183.7
1346370 1183.8
1346380 1183.5
1346390 1183.5
1346400 1183.2
1346410 1182.7
1346420 1182.7
1346430 1182.0
1346440 1181.1
1346450 1181.1
1346460 1180.7
1346470 1180.8
1346480 1180.8
1346490 1181.0
1346500 1181.0
1346510 1181.0
1346520 1180.8
1346530 1179.9
1346540 1179.9
1346550 1178.1
1346560 1176.4
1346570 1176.4
1346580 1175.5
1346590 1174.8
1346600 1174.8
1346610 1173.6
1346620 1172.1
1346630 1172.1
1346640 1170.4
1346650 1168.4
1346660 1168.4
1346670 1166.1
1346680 1163.6
1346690 1163.6
1346700 1159.7
1346710 1152.9
1346720 1152.9
1346730 1146.5
1346740 1143.9
1346750 1143.9
1346760 1142.3
1346770 1140.3
1346780 1139.6
1346790 1139.6
1346800 1139.1
1346810 1139.0
1346820 1139.0
1346830 1139.5
1346840 1140.2
1346850 1140.2
1346860 1140.9
1346870 1141.3
1346880 1141.3
1346890 1141.8
1346900 1142.4
1346910 1142.4
1346920 1135.9
1346930 1135.4
1346940 1135.4
1346950 1134.9
1346960 1134.3
1346970 1134.3
1346980 1133.7
1346990 1133.6
1347000 1133.6
1347010 1133.5
1347020 1133.5
1347030 1133.5
1347040 1133.2
1347050 1132.9
1347060 1132.9
1347070 1132.2
1347080 1131.5
1347090 1131.5
1347100 1130.6
1347110 1129.1
1347120 1129.1
1347130 1127.3
1347140 1125.8
1347150 1125.8
1347160 1124.1
1347170 1122.9
1347180 1122.5
1347190 1122.5
1347200 1122.4
1347210 1122.4
1347220 1122.4
1347230 1123.0
1347240 1123.7
1347250 1123.7
1347260 1124.1
1347270 1124.7
1347280 1124.7
1347290 1125.9
1347300 1127.8
1347310 1127.8
1347320 1129.5
1347330 1131.7
1347340 1131.7
1347350 1134.1
1347360 1136.6
1347370 1136.6
1347380 1139.7
1347390 1142.9
1347400 1142.9
1347410 1145.9
1347420 1148.5
1347430 1148.5
1347440 1150.9
1347450 1152.9
1347460 1152.9
1347470 1154.9
1347480 1156.7
1347490 1156.7
1347500 1158.4
1347510 1159.7
1347520 1159.7
1347530 1160.2
1347540 1159.8
1347550 1159.8
1347560 1158.9
1347570 1157.3
1347580 1155.6
1347590 1155.6
1347600 1154.4
1347610 1154.3
1347620 1154.3
1347630 1155.0
1347640 1156.1
1347650 1156.1
1347660 1157.0
1347670 1156.9
1347680 1156.9
1347690 1156.7
1347700 1157.2
1347710 1157.2
1347720 1158.1
1347730 1159.0
1347740 1159.0
1347750 1160.7
1347760 1161.8
1347770 1161.8
1347780 1163.3
1347790 1166.5
1347800 1166.5
1347810 1171.8
1347820 1177.0
1347830 1177.0
1347840 1180.9
1347850 1183.2
1347860 1177.8
1347870 1181.0
1347880 1185.1
1347890 1185.1
1347900 1188.8
1347910 1190.9
1347920 1190.9
1347930 1191.7
1347940 1192.3
1347950 1193.5
1347960 1193.5
1347970 1193.4
1347980 1192.6
1347990 1192.6
1348000 1191.1
1348010 1188.6
1348020 1188.6
1348030 1185.2
1348040 1181.6
1348050 1181.6
1348060 1177.2
1348070 1173.7
1348080 1173.7
1348090 1171.7
1348100 1172.1
1348110 1172.1
1348120 1172.1
1348130 1171.4
1348140 1171.4
1348150 1170.0
1348160 1168.2
1348170 1168.2
1348180 1166.4
1348190 1164.5
1348200 1164.5
1348210 1163.5
1348220 1163.2
1348230 1163.2
1348240 1162.9
1348250 1162.2
1348260 1162.2
1348270 1161.9
1348280 1162.6
1348290 1162.6
1348300 1163.5
1348310 1163.7
1348320 1163.7
1348330 1163.7
1348340 1163.5
1348350 1162.3
1348360 1162.3
1348370 1160.8
1348380 1158.3
1348390 1158.3
1348400 1155.0
1348410 1152.8
1348420 1152.8
1348430 1152.5
1348440 1151.9
1348450 1151.9
1348460 1150.6
1348470 1149.8
1348480 1149.8
1348490 1148.3
1348500 1146.1
1348510 1146.1
1348520 1142.6
1348530 1138.4
1348540 1138.4
1348550 1135.1
1348560 1132.5
1348570 1132.5
1348580 1128.0
1348590 1120.7
1348600 1120.7
1348610 1113.5
1348620 1107.8
1348630 1107.8
1348640 1103.5
1348650 1100.7
1348660 1100.7
1348670 1098.8
1348680 1096.6
1348690 1096.6
1348700 1092.6
1348710 1088.7
1348720 1088.7
1348730 1084.7
1348740 1080.4
1348750 1076.7
1348760 1076.7
1348770 1073.1
1348780 1070.0
1348790 1070.0
1348800 1062.0
1348810 1061.0
1348820 1061.0
1348830 1061.5
1348840 1062.0
1348850 1062.0
1348860 1061.9
1348870 1061.4
1348880 1061.4
1348890 1061.3
1348900 1061.2
1348910 1061.2
1348920 1061.8
1348930 1061.8
1348940 1061.8
1348950 1061.4
1348960 1061.2
1348970 1061.2
1348980 1061.3
1348990 1061.3
1349000 1061.3
1349010 1059.9
1349020 1058.5
1349030 1058.5
1349040 1057.0
1349050 1056.5
1349060 1056.5
1349070 1056.3
1349080 1056.9
1349090 1056.9
1349100 1060.2
1349110 1062.9
1349120 1062.9
1349130 1064.8
1349140 1066.4
1349150 1067.3
1349160 1067.3
1349170 1067.6
1349180 1069.1
1349190 1069.1
1349200 1071.0
1349210 1070.8
1349220 1070.8
1349230 1070.3
1349240 1070.0
1349250 1070.0
1349260 1068.9
1349270 1069.2
1349280 1069.2
1349290 1069.8
1349300 1070.4
1349310 1070.4
1349320 1070.1
1349330 1068.5
1349340 1068.5
1349350 1065.0
1349360 1059.9
1349370 1059.9
1349380 1057.5
1349390 1055.0
1349400 1055.0
1349410 1051.4
1349420 1046.9
1349430 1046.9
1349440 1043.5
1349450 1042.1
1349460 1042.1
1349470 1040.4
1349480 1039.2
1349490 1039.2
1349500 1037.9
1349510 1035.8
1349520 1035.8
1349530 1034.5
1349540 1033.4
1349550 1032.6
1349560 1032.6
1349570 1032.0
1349580 1031.3
1349590 1031.3
1349600 1030.4
1349610 1030.1
1349620 1030.1
1349630 1032.0
1349640 1033.9
1349650 1033.9
1349660 1032.7
1349670 1029.6
1349680 1029.6
1349690 1027.3
1349700 1026.9
1349710 1026.9
1349720 1026.1
1349730 1021.9
1349740 1018.1
1349750 1012.4
1349760 1005.5
1349770 1005.5
1349780 999.1
1349790 992.9
1349800 992.9
1349810 987.1
1349820 981.9
1349830 981.9
1349840 977.0
1349850 972.3
1349860 972.3
1349870 966.0
1349880 959.6
1349890 959.6
1349900 953.7
1349910 947.8
1349920 942.8
1349930 942.8
1349940 939.9
1349950 937.2
1349960 937.2
1349970 931.8
1349980 924.4
1349990 924.4
1350000 916.7
1350010 909.3
1350020 909.3
1350030 902.5
1350040 895.7
1350050 895.7
1350060 887.6
1350070 880.2
1350080 880.2
1350090 873.4
1350100 866.7
1350110 866.7
1350120 860.2
1350130 853.0
1350140 853.0
1350150 845.5
1350160 837.1
1350170 837.1
1350180 828.3
1350190 820.3
1350200 820.3
1350210 812.8
1350220 806.0
1350230 806.0
1350240 799.6
1350250 794.1
1350260 794.1
1350270 789.9
1350280 789.0
1350290 789.0
1350300 791.2
1350310 794.3
1350320 797.8
1350330 797.8
1350340 802.4
1350350 809.2
1350360 809.2
1350370 814.7
1350380 816.6
1350390 816.6
1350400 816.7
1350410 816.4
1350420 816.4
1350430 817.3
1350440 818.4
1350450 818.4
1350460 817.3
1350470 814.4
1350480 814.4
1350490 813.2
1350500 811.8
1350510 811.8
1350520 806.8
1351410 573.0
1351420 567.5
1351430 567.5
1351440 562.1
1351450 557.4
1351460 557.4
1351470 554.4
1351480 551.0
1351490 551.0
1351500 547.4
1351510 542.9
1351520 536.7
1351530 536.7
1351540 531.0
1351550 529.5
1351560 529.5
1351570 529.7
1351580 529.9
1351590 529.9
1351600 529.8
1351610 529.8
1351620 529.8
1351630 529.8
1351640 529.7
1351650 529.7
1351660 529.7
1351670 527.5
1351680 527.5
1351690 526.0
1351700 527.1
1351710 527.1
1351720 531.0
1351730 536.5
1351740 536.5
1351750 539.3
1351760 540.8
1351770 540.8
1351780 542.9
1351790 543.3
1351800 543.3
1351810 548.1
1351820 555.9
1351830 555.9
1351840 562.2
1351850 567.1
1351860 567.1
1351870 572.1
1351880 576.3
1351890 581.8
1351900 581.8
1351910 588.4
1351920 593.3
1351930 593.3
1351940 598.7
1351950 606.3
1351960 606.3
1351970 615.5
1351980 624.8
1351990 624.8
1352000 632.1
1352010 637.8
1352020 637.8
1352030 641.0
1352040 643.4
1352050 643.4
1352060 645.6
1352070 648.0
1352080 648.0
1352090 650.5
1352100 654.9
1352110 654.9
1352120 659.8
1352130 665.1
1352140 665.1
1352150 670.9
1352160 676.2
1352170 676.2
1352180 682.3
1352190 689.3
1352200 689.3
1352210 697.1
1352220 705.6
1352230 705.6
1352240 715.2
1352250 725.6
1352260 725.6
1352270 733.2
1352280 738.1
1352290 742.7
1352300 742.7
1352310 748.9
1352320 756.5
1352330 756.5
1352340 762.0
1352350 763.1
1352360 763.1
1352370 762.6
1352380 763.0
1352390 763.0
1352400 763.3
1352410 763.0
1352420 763.0
1352430 762.6
1352440 762.0
1352450 762.0
1352460 762.1
1352470 761.6
1352480 761.6
1352490 760.3
1352500 759.1
1352510 759.1
1352520 757.5
1352530 755.7
1352540 755.7
1352550 752.2
1352560 748.3
1352570 748.3
1352580 743.0
1352590 739.7
1352600 739.7
1352610 740.5
1352620 739.1
1352630 737.4
1352640 734.2
1352650 732.3
1352660 732.3
1352670 731.7
1352680 732.9
1352690 736.5
1352700 736.5
1352710 739.1
1352720 737.9
1352730 737.9
1352740 734.2
1352750 730.6
1352760 730.6
1352770 725.8
1352780 720.5
1352790 720.5
1352800 717.1
1352810 714.9
1352820 714.9
1352830 713.7
1352840 712.7
1352850 712.7
1352860 711.6
1352870 710.7
1352880 710.7
1352890 709.7
1352900 708.7
1352910 708.7
1352920 708.2
1352930 707.4
1352940 707.4
1352950 706.9
1352960 707.0
1352970 707.0
1352980 707.8
1352990 708.7
1353000 708.7
1353010 711.7
1353020 712.4
1353030 712.4
1353040 710.4
1353050 708.4
1353060 708.4
1353070 708.7
1353080 704.3
1353090 692.6
1353100 692.6
1353110 682.2
1353120 675.1
1353130 675.1
1353140 671.6
1353150 666.1
1353160 666.1
1353170 659.9
1353180 654.0
1353190 654.0
1353200 648.3
1353210 642.9
1353220 642.9
1353230 637.6
1353240 633.3
1353250 633.3
1353260 627.9
1353270 620.4
1353280 620.4
1353290 614.8
1353300 609.9
1353310 609.9
1353320 602.1
1353330 595.2
1353340 595.2
1353350 591.6
1353360 587.0
1353370 587.0
1353380 581.6
1353390 576.0
1353400 576.0
1353410 568.2
1353420 561.6
1353430 561.6
1353440 556.7
1353450 554.1
1353460 552.3
1353470 552.3
1353480 550.9
1353490 551.5
1353500 551.5
1353510 554.1
1353520 557.3
1353530 557.3
1353540 560.8
1353550 564.4
1353560 564.4
1353570 567.9
1353580 570.4
1353590 570.4
1353600 567.7
1353610 548.7
1353620 548.7
1353630 543.7
1353640 542.2
1353650 542.2
1353660 541.9
1353670 541.9
1353680 541.9
1353690 541.9
1353700 541.9
1353710 541.9
1353720 541.9
1353730 541.9
1353740 541.9
1353750 541.9
1353760 541.9
1353770 541.9
1353780 541.9
1353790 541.9
1353800 541.9
1353810 541.9
1353820 541.9
1353830 541.9
1353840 541.9
1353850 541.9
1353860 541.9
1353870 541.9
1353880 541.9
1353890 541.9
1353900 541.9
1353910 541.9
1353920 541.9
1353930 541.9
1353940 542.6
1353950 545.6
1353960 545.6
1353970 548.5
1353980 549.7
1353990 549.7
1354000 549.6
1354010 550.2
1354020 550.2
1354030 552.7
1354040 555.1
1354050 555.1
1354060 555.9
1354070 555.6
1354080 555.6
1354090 553.2
1354100 549.1
1354110 549.1
1354120 545.3
1354130 543.0
1354140 543.0
1354150 542.3
1354160 541.9
1354170 541.9
1354180 541.9
1354190 541.9
1354200 541.9
1354210 541.9
1354220 541.9
1354230 541.9
1354240 541.9
1354250 542.2
1354260 543.2
1354270 543.2
1354280 543.6
1354290 543.8
1354300 543.8
1354310 544.1
1354320 544.8
1354330 544.8
1354340 545.5
1354350 544.7
1354360 544.7
1354370 543.4
1354380 542.9
1354390 542.9
1354400 542.5
1354410 542.2
1354420 542.2
1354430 542.0
1354440 542.0
1354450 542.0
1354460 541.9
1354470 541.9
1354480 541.9
1354490 541.9
1354500 541.9
1354510 541.9
1354520 541.9
1354530 541.9
1354540 541.9
1354550 541.9
1354560 541.9
1354570 541.9
1354580 541.9
1354590 542.2
1354600 542.2
1354610 542.8
1354620 544.0
1354630 544.0
1354640 545.9
1354650 547.4
1354660 548.5
1354670 548.5
1354680 549.0
1354690 549.7
1354700 549.7
1354710 550.1
1354720 550.1
1354730 550.1
1354740 550.2
1354750 550.2
1354760 550.2
1354770 550.1
1354780 550.0
1354790 550.0
1354800 550.0
1354810 549.9
1354820 549.9
1354830 549.9
1354840 549.9
1354850 549.9
1354860 550.2
1354870 550.4
1354880 550.4
1354890 550.3
1354900 550.5
1354910 550.5
1354920 550.7
1354930 550.9
1354940 550.9
1354950 550.7
1354960 550.3
1354970 550.3
1354980 550.4
1354990 550.7
1355000 550.7
1355010 550.7
1355020 550.6
1355030 550.6
1355040 550.6
1355050 550.6
1355060 550.4
1355070 550.4
1355080 550.6
1355090 550.7
1355100 550.7
1355110 550.7
1355120 550.9
1355130 550.9
1355140 550.9
1355150 550.9
1355160 550.9
1355170 550.8
1355180 550.8
1355190 550.8
1355200 551.0
1355210 551.2
1355220 551.2
1355230 551.5
1355240 551.8
1355250 551.8
1355260 552.1
1355270 552.4
1355280 552.4
1355290 552.8
1355300 553.1
1355310 553.1
1355320 553.3
1355330 553.4
1355340 553.4
1355350 553.5
1355360 553.6
1355370 553.6
1355380 553.8
1355390 554.0
1355400 554.0
1355410 554.1
1355420 554.4
1355430 554.7
1355440 554.7
1355450 555.0
1355460 555.2
1355470 555.2
1355480 555.6
1355490 556.0
1355500 556.0
1355510 556.4
1355520 556.7
1355530 556.7
1355540 557.1
1355550 557.7
1355560 557.7
1355570 557.8
1355580 558.3
1355590 558.3
1355600 558.5
1355610 558.8
1355620 558.8
1355630 559.2
1355640 559.7
1355650 559.7
1355660 560.2
1355670 561.0
1355680 561.0
1355690 561.4
1355700 562.8
1355710 562.8
1355720 565.2
1355730 565.1
1355740 565.1
1355750 561.6
1355760 557.1
1355770 557.1
1355780 553.2
1355790 546.5
1355800 546.5
1355810 548.3
1355820 550.9
1355830 550.4
1355840 550.4
1355850 548.3
1355860 545.6
1355870 545.6
1355880 540.2
1355890 532.2
1355900 532.2
1355910 526.0
1355920 521.4
1355930 521.4
1355940 517.7
1355950 515.4
1355960 515.4
1355970 513.6
1355980 512.0
1355990 512.0
1356000 511.1
1356010 510.4
1356020 510.4
1356030 509.7
1356040 510.6
1356050 510.6
1356060 511.8
1356070 511.2
1356080 511.2
1356090 507.6
1356100 503.2
1356110 503.2
1356120 499.6
1356130 495.3
1356140 495.3
1356150 491.5
1356160 489.7
1356170 489.7
1356180 487.7
1356190 487.2
1356200 487.2
1356210 487.0
1357430 477.5
1357440 477.5
1357450 477.6
1357460 477.7
1357470 477.7
1357480 476.6
1357490 476.7
1357500 476.7
1357510 476.7
1357520 476.7
1357530 476.7
1357540 476.7
1357550 476.7
1357560 476.7
1357570 476.7
1357580 476.7
1357590 476.7
1357600 476.6
1357610 476.6
1357620 476.6
1357630 476.6
1357640 476.4
1357650 476.4
1357660 476.1
1357670 476.0
1357680 476.0
1357690 476.0
1357700 476.1
1357710 476.1
1357720 476.2
1357730 476.9
1357740 476.9
1357750 479.7
1357760 483.2
1357770 483.2
1357780 484.5
1357790 484.6
1357800 484.8
1357810 484.8
1357820 483.3
1357830 478.9
1357840 478.9
1357850 476.9
1357860 476.7
1357870 476.7
1357880 476.4
1357890 476.5
1357900 476.5
1357910 476.4
1357920 476.4
1357930 476.4
1357940 476.4
1357950 476.4
1357960 476.4
1357970 476.2
1357980 476.0
1357990 476.0
1358000 476.1
1358010 476.5
1358020 476.5
1358030 477.5
1358040 478.0
1358050 478.0
1358060 477.4
1358070 477.3
1358080 477.3
1358090 477.2
1358100 477.3
1358110 477.3
1358120 477.3
1358130 477.4
1358140 477.4
1358150 477.7
1358160 477.5
1358170 476.1
1358180 476.1
1358190 475.5
1358200 475.4
1358210 475.4
1358220 475.4
1358230 475.5
1358240 475.5
1358250 475.4
1358260 475.6
1358270 475.6
1358280 475.3
1358290 474.0
1358300 474.0
1358310 473.9
1358320 473.9
1358330 473.9
1358340 473.9
1358350 473.9
1358360 473.9
1358370 473.9
1358380 474.0
1358390 474.0
1358400 474.5
1358410 474.7
1358420 474.7
1358430 474.7
1358440 474.7
1358450 474.7
1358460 474.7
1358470 474.7
1358480 474.7
1358490 475.0
1358500 475.7
1358510 475.7
1358520 476.9
1358530 477.8
1358540 477.8
1358550 477.6
1358560 477.4
1358570 477.3
1358580 477.3
1358590 477.4
1358600 477.4
1358610 477.4
1358620 477.3
1358630 477.3
1358640 477.3
1358650 477.3
1358660 477.3
1358670 477.3
1358680 477.3
1358690 477.4
1358700 477.4
1358710 477.4
1358720 477.3
1358730 477.3
1358740 477.3
1358750 477.3
1358760 477.3
1358770 477.3
1358780 477.4
1358790 477.4
1358800 477.4
1358810 477.4
1358820 477.4
1358830 477.2
1358840 477.2
1358850 477.2
1358860 477.6
1358870 477.3
1358880 477.3
1358890 477.4
1358900 478.3
1358910 478.3
1358920 478.2
1358930 477.9
1358940 477.9
1358950 477.6
1358960 477.4
1358970 477.6
1358980 477.6
1358990 477.9
1359000 478.0
1359010 478.0
1359020 478.1
1359030 478.2
1359040 478.2
1359050 478.2
1359060 478.2
1359070 478.2
1359080 478.4
1359090 478.5
1359100 478.5
1359110 478.4
1359120 478.5
1359130 478.5
1359140 479.0
1359150 479.4
1359160 479.4
1359170 479.6
1359180 479.8
1359190 479.8
1359200 480.0
1359210 480.2
1359220 480.2
1359230 480.5
1359240 480.6
1359250 480.6
1359260 480.7
1359270 480.8
1359280 480.8
1359290 480.0
1359300 479.7
1359310 479.7
1359320 479.5
1359330 479.4
1359340 479.4
1359350 479.4
1359360 479.4
1359370 479.3
1359380 479.3
1359390 479.2
1359400 479.0
1359410 479.0
1359420 479.0
1359430 479.1
1359440 479.1
1359450 479.2
1359460 479.2
1359470 479.2
1359480 479.2
1359490 479.3
1359500 479.3
1359510 479.3
1359520 479.4
1359530 479.4
1359540 479.0
1359550 478.5
1359560 478.5
1359570 478.6
1359580 478.7
1359590 478.7
1359600 478.8
1359610 478.9
1359620 478.4
1359630 478.4
1359640 478.4
1359650 478.4
1359660 478.4
1359670 478.2
1359680 478.2
1359690 478.6
1359700 480.0
1359710 480.0
1359720 483.0
1359730 487.8
1359740 490.5
1359750 490.5
1359760 493.8
1359770 499.1
1359780 499.1
1359790 498.9
1359800 490.0
1359810 490.0
1359820 482.5
1359830 480.9
1359840 480.9
1359850 481.8
1359860 482.1
1359870 482.1
1359880 481.9
1359890 484.6
1359900 484.6
1359910 487.3
1359920 489.2
1359930 489.2
1359940 492.2
1359950 494.3
1359960 494.3
1359970 497.5
1359980 501.0
1359990 501.0
