1340000 1134.7
1340010 1136.2
1340020 1136.2
1340030 1134.6
1340040 1134.7
1340050 1134.7
1340060 1136.1
1340070 1138.8
1340080 1138.8
1340090 1141.8
1340100 1145.7
1340110 1145.7
1340120 1151.2
1340130 1157.2
1340140 1157.2
1340150 1163.7
1340160 1170.3
1340170 1170.3
1340180 1176.6
1340190 1182.4
1340200 1182.4
1340210 1187.0
1340220 1190.2
1340230 1190.2
1340240 1192.5
1340250 1194.4
1340260 1194.4
1340270 1195.5
1340280 1194.8
1340290 1194.8
1340300 1194.1
1340310 1191.5
1340320 1191.5
1340330 1189.5
1340340 1190.9
1340350 1190.9
1340360 1196.6
1340370 1203.7
1340380 1203.7
1340390 1210.5
1340400 1217.0
1340410 1222.7
1340420 1222.7
1340430 1227.4
1340440 1230.6
1340450 1230.6
1340460 1232.1
1340470 1232.8
1340480 1232.8
1340490 1233.4
1340500 1234.3
1340510 1234.3
1340520 1234.6
1340530 1236.2
1340540 1236.2
1340550 1238.4
1340560 1240.2
1340570 1240.2
1340580 1246.8
1340590 1248.6
1340600 1248.6
1340610 1250.2
1340620 1251.1
1340630 1251.1
1340640 1254.5
1340650 1257.0
1340660 1257.0
1340670 1257.6
1340680 1259.8
1340690 1259.8
1340700 1263.0
1340710 1266.0
1340720 1266.0
1340730 1268.8
1340740 1270.5
1340750 1270.5
1340760 1270.5
1340770 1270.3
1340780 1271.9
1340790 1271.9
1340800 1273.7
1340810 1276.1
1340820 1276.1
1340830 1279.0
1340840 1282.4
1340850 1282.4
1340860 1285.8
1340870 1288.2
1340880 1288.2
1340890 1291.1
1340900 1294.3
1340910 1294.3
1340920 1296.5
1340930 1298.7
1340940 1298.7
1340950 1301.1
1340960 1303.5
1340970 1303.5
1340980 1305.2
1340990 1306.0
1341000 1306.0
1341010 1306.8
1341020 1309.0
1341030 1309.0
1341040 1311.8
1341050 1315.2
1341060 1315.2
1341070 1318.7
1341080 1322.6
1341090 1322.6
1341100 1326.7
1341110 1330.8
1341120 1330.8
1341130 1336.0
1341140 1341.2
1341150 1341.2
1341160 1346.2
1341170 1351.0
1341180 1355.7
1341190 1355.7
1341200 1360.6
1341210 1365.2
1341220 1365.2
1341230 1369.5
1341240 1373.6
1341250 1373.6
1341260 1377.2
1341270 1381.7
1341280 1381.7
1341290 1386.8
1341300 1391.4
1341310 1391.4
1341320 1395.7
1341330 1399.7
1341340 1399.7
1341350 1403.6
1341360 1407.7
1341370 1407.7
1341380 1411.9
1341390 1415.8
1341400 1415.8
1341410 1419.6
1341420 1423.6
1341430 1423.6
1341440 1427.4
1341450 1431.0
1341460 1431.0
1341470 1434.5
1341480 1443.4
1341490 1443.4
1341500 1447.3
1341510 1451.0
1341520 1451.0
1341530 1454.8
1341540 1458.5
1341550 1458.5
1341560 1462.2
1341570 1466.2
1341580 1470.2
1341590 1470.2
1341600 1474.0
1341610 1477.9
1341620 1477.9
1341630 1481.8
1341640 1485.5
1341650 1485.5
1341660 1489.0
1341670 1492.1
1341680 1492.1
1341690 1495.7
1341700 1499.5
1341710 1499.5
1341720 1503.1
1341730 1506.3
1341740 1506.3
1341750 1509.1
1341760 1511.8
1341770 1511.8
1341780 1514.3
1341790 1516.6
1341800 1516.6
1341810 1518.6
1341820 1520.2
1341830 1520.2
1341840 1521.6
1341850 1522.9
1341860 1522.9
1341870 1523.9
1341880 1524.9
1341890 1524.9
1341900 1526.1
1341910 1527.6
1341920 1527.6
1341930 1528.7
1341940 1529.4
1341950 1529.4
1341960 1530.0
1341970 1530.2
1341980 1530.4
1341990 1530.4
1342000 1530.6
1342010 1530.8
1342020 1530.8
1342030 1530.9
1342040 1530.6
1342050 1530.6
1342060 1529.4
1342070 1527.4
1342080 1527.4
1342090 1525.0
1342100 1522.8
1342110 1522.8
1342120 1519.6
1342130 1518.0
1342140 1518.0
1342150 1517.6
1342160 1517.0
1342170 1517.0
1342180 1516.6
1342190 1514.9
1342200 1514.9
1342210 1512.0
1342220 1508.8
1342230 1508.8
1342240 1503.9
1342250 1496.5
1342260 1496.5
1342270 1486.9
1342280 1476.9
1342290 1476.9
1342300 1468.6
1342310 1461.5
1342320 1461.5
1342330 1454.3
1342340 1447.1
1342350 1447.1
1342360 1441.0
1342370 1435.3
1342380 1429.5
1342390 1429.5
1342400 1423.8
1342410 1418.5
1342420 1418.5
1342430 1413.3
1342440 1409.3
1342450 1409.3
1342460 1405.9
1342470 1401.9
1342480 1401.9
1342490 1397.7
1342500 1393.8
1342510 1393.8
1342520 1391.0
1342530 1388.5
1342540 1388.5
1342550 1385.4
1342560 1383.2
1342570 1383.2
1342580 1381.3
1342590 1378.9
1342600 1378.9
1342610 1376.5
1342620 1374.6
1342630 1374.6
1342640 1371.7
1342650 1369.4
1342660 1369.4
1342670 1368.0
1342680 1366.8
1342690 1366.8
1342700 1365.1
1342710 1363.1
1342720 1363.1
1342730 1360.8
1342740 1358.6
1342750 1357.0
1342760 1357.0
1342770 1355.6
1342780 1353.7
1342790 1353.7
1342800 1351.5
1342810 1348.4
1342820 1348.4
1342830 1344.9
1342840 1341.0
1342850 1341.0
1342860 1337.4
1342870 1334.0
1342880 1334.0
1342890 1330.1
1342900 1326.9
1342910 1326.9
1342920 1324.5
1342930 1322.2
1342940 1322.2
1342950 1319.9
1342960 1317.7
1342970 1317.7
1342980 1315.9
1342990 1313.9
1343000 1313.9
1343010 1311.9
1343020 1309.9
1343030 1309.9
1343040 1307.3
1343050 1304.3
1343060 1304.3
1343070 1301.6
1343080 1299.6
1343090 1299.6
1343100 1297.7
1343110 1295.4
1343120 1295.4
1343130 1292.5
1343140 1288.9
1343150 1286.0
1343160 1286.0
1343170 1283.3
1343180 1280.0
1343190 1280.0
1343200 1276.4
1343210 1272.8
1343220 1272.8
1343230 1269.0
1343240 1265.4
1343250 1265.4
1343260 1262.0
1343270 1258.9
1343280 1254.3
1343290 1251.3
1343300 1248.9
1343310 1248.9
1343320 1247.3
1343330 1246.3
1343340 1246.3
1343350 1245.3
1343360 1244.5
1343370 1244.5
1343380 1244.1
1343390 1243.1
1343400 1243.1
1343410 1240.2
1343420 1237.0
1343430 1237.0
1343440 1233.3
1343450 1229.4
1343460 1229.4
1343470 1224.9
1343480 1220.4
1343490 1220.4
1343500 1215.6
1343510 1210.3
1343520 1210.3
1343530 1205.7
1343540 1199.9
1343550 1194.8
1343560 1194.8
1343570 1189.9
1343580 1185.3
1343590 1185.3
1343600 1180.6
1343610 1176.2
1343620 1176.2
1343630 1170.7
1343640 1162.3
1343650 1162.3
1343660 1154.1
1343670 1147.4
1343680 1147.4
1343690 1146.1
1343700 1153.4
1343710 1153.4
1343720 1161.4
1343730 1166.7
1343740 1166.7
1343750 1171.4
1343760 1176.1
1343770 1176.1
1343780 1180.5
1343790 1185.4
1343800 1185.4
1343810 1189.0
1343820 1195.1
1343830 1195.1
1343840 1201.9
1343850 1208.4
1343860 1208.4
1343870 1214.8
1343880 1221.6
1343890 1221.6
1343900 1228.5
1343910 1235.6
1343920 1235.6
1343930 1242.5
1343940 1249.2
1343950 1256.5
1343960 1256.5
1343970 1264.0
1343980 1269.4
1343990 1269.4
1344000 1275.4
1344010 1278.2
1344020 1278.2
1344030 1278.4
1344040 1277.6
1344050 1277.6
1344060 1276.0
1344070 1274.3
1344080 1274.3
1344090 1272.5
1344100 1270.1
1344110 1270.1
1344120 1267.0
1344130 1262.8
1344140 1262.8
1344150 1259.2
1344160 1256.3
1344170 1256.3
1344180 1253.4
1344190 1249.9
1344200 1249.9
1344210 1247.0
1344220 1244.0
1344230 1244.0
1344240 1241.0
1344250 1237.4
1344260 1237.4
1344270 1233.4
1344280 1230.0
1344290 1230.0
1344300 1227.5
1344310 1224.2
1344320 1224.2
1344330 1220.8
1344340 1217.7
1344350 1214.3
1344360 1214.3
1344370 1210.4
1344380 1206.6
1344390 1206.6
1344400 1203.2
1344410 1200.6
1344420 1200.6
1344430 1200.5
1344440 1202.8
1344450 1202.8
1344460 1205.8
1344470 1209.1
1344480 1209.1
1344490 1212.4
1344500 1215.8
1344510 1215.8
1344520 1219.4
1344530 1222.8
1344540 1222.8
1344550 1226.2
1344560 1230.0
1344570 1230.0
1344580 1233.6
1344590 1237.4
1344600 1237.4
1344610 1241.0
1344620 1244.4
1344630 1244.4
1344640 1247.5
1344650 1250.2
1344660 1250.2
1344670 1252.3
1344680 1254.1
1344690 1254.1
1344700 1255.6
1344710 1256.5
1344720 1257.8
1344730 1257.8
1344740 1259.1
1344750 1260.7
1344760 1260.7
1344770 1262.6
1344780 1264.4
1344790 1264.4
1344800 1266.4
1344810 1268.0
1344820 1268.0
1344830 1269.4
1344840 1270.4
1344850 1270.4
1344860 1271.1
1344870 1271.7
1344880 1271.7
1344890 1272.5
1344900 1273.6
1344910 1273.6
1344920 1275.1
1344930 1276.7
1344940 1276.7
1344950 1278.2
1344960 1279.7
1344970 1279.7
1344980 1281.3
1344990 1282.7
1345000 1282.7
1345010 1284.0
1345020 1285.4
1345030 1285.4
1345040 1286.6
1345050 1287.7
1345060 1287.7
1345070 1288.0
1345080 1288.1
1345090 1288.1
1345100 1288.0
1345110 1281.1
1345120 1280.5
1345130 1280.5
1345140 1279.5
1345150 1278.7
1345160 1278.7
1345170 1278.0
1345180 1276.5
1345190 1276.5
1345200 1274.1
1345210 1272.3
1345220 1272.3
1345230 1270.5
1345240 1270.0
1345250 1270.0
1345260 1271.1
1345270 1272.7
1345280 1272.7
1345290 1275.0
1345300 1277.8
1345310 1277.8
1345320 1281.5
1345330 1284.6
1345340 1284.6
1345350 1286.7
1345360 1288.5
1345370 1288.5
1345380 1291.5
1345390 1295.1
1345400 1295.1
1345410 1297.7
1345420 1296.4
1345430 1296.4
1345440 1292.2
1345450 1284.9
1345460 1284.9
1345470 1282.6
1345480 1279.9
1345490 1279.9
1345500 1279.0
1345510 1280.8
1345520 1281.7
1345530 1281.7
1345540 1281.8
1345550 1281.2
1345560 1281.2
1345570 1279.7
1345580 1278.1
1345590 1278.1
1345600 1275.2
1345610 1271.5
1345620 1271.5
1345630 1267.8
1345640 1264.5
1345650 1264.5
1345660 1260.8
1345670 1258.6
1345680 1258.6
1345690 1256.6
1345700 1255.1
1345710 1255.1
1345720 1253.0
1345730 1250.5
1345740 1250.5
1345750 1247.6
1345760 1244.6
1345770 1244.6
1345780 1241.8
1345790 1240.0
1345800 1240.0
1345810 1239.7
1345820 1240.8
1345830 1240.8
1345840 1241.8
1345850 1242.8
1345860 1242.8
1345870 1244.8
1345880 1247.7
1345890 1247.7
1345900 1249.7
1345910 1250.8
1345920 1251.2
1345930 1251.2
1345940 1251.1
1345950 1251.0
1345960 1251.0
1345970 1250.7
1345980 1249.7
1345990 1249.7
1346000 1247.6
1346010 1245.4
1346020 1245.4
1346030 1236.6
1346040 1235.0
1346050 1235.0
1346060 1233.3
1346070 1231.1
1346080 1231.1
1346090 1228.4
1346100 1226.0
1346110 1226.0
1346120 1223.3
1346130 1220.7
1346140 1220.7
1346150 1217.4
1346160 1213.5
1346170 1213.5
1346180 1210.6
1346190 1208.6
1346200 1208.6
1346210 1205.7
1346220 1203.4
1346230 1203.4
1346240 1201.8
1346250 1200.3
1346260 1200.3
1346270 1199.5
1346280 1199.2
1346290 1199.2
1346300 1198.8
1346310 1198.6
1346320 1199.1
1346330 1199.1
1346340 1199.7
1346350 1200.1
1346360 1200.1
1346370 1200.8
1346380 1201.3
1346390 1201.3
1346400 1201.1
1346410 1200.9
1346420 1200.9
1346430 1200.9
1346440 1200.3
1346450 1200.3
1346460 1200.1
1346470 1200.2
1346480 1200.2
1346490 1199.6
1346500 1199.1
1346510 1199.1
1346520 1198.4
1346530 1197.9
1346540 1197.9
1346550 1197.6
1346560 1197.4
1346570 1197.4
1346580 1197.0
1346590 1196.2
1346600 1196.2
1346610 1195.1
1346620 1193.9
1346630 1193.9
1346640 1191.8
1346650 1190.1
1346660 1190.1
1346670 1187.8
1346680 1184.8
1346690 1184.8
1346700 1181.0
1346710 1176.9
1346720 1172.9
1346730 1172.9
1346740 1169.4
1346750 1166.5
1346760 1166.5
1346770 1164.4
1346780 1162.7
1346790 1162.7
1346800 1161.6
1346810 1161.6
1346820 1161.6
1346830 1162.3
1346840 1163.5
1346850 1163.5
1346860 1164.7
1346870 1165.8
1346880 1165.8
1346890 1166.4
1346900 1166.7
1346910 1166.7
1346920 1167.6
1346930 1168.4
1346940 1168.4
1346950 1168.6
1346960 1161.1
1346970 1161.1
1346980 1160.8
1346990 1161.0
1347000 1161.0
1347010 1161.9
1347020 1162.2
1347030 1162.2
1347040 1160.4
1347050 1158.0
1347060 1158.0
1347070 1156.1
1347080 1155.1
1347090 1155.0
1347100 1155.0
1347110 1154.5
1347120 1153.1
1347130 1153.1
1347140 1152.0
1347150 1150.2
1347160 1150.2
1347170 1147.7
1347180 1145.7
1347190 1145.7
1347200 1145.0
1347210 1144.4
1347220 1144.4
1347230 1144.2
1347240 1144.2
1347250 1144.2
1347260 1144.4
1347270 1144.4
1347280 1144.4
1347290 1144.3
1347300 1145.1
1347310 1145.1
1347320 1146.7
1347330 1147.2
1347340 1147.2
1347350 1147.4
1347360 1148.9
1347370 1148.9
1347380 1150.9
1347390 1153.5
1347400 1153.5
1347410 1156.2
1347420 1158.9
1347430 1158.9
1347440 1161.5
1347450 1164.2
1347460 1164.2
1347470 1166.7
1347480 1169.0
1347490 1171.0
1347500 1171.0
1347510 1172.9
1347520 1175.0
1347530 1175.0
1347540 1176.8
1347550 1178.5
1347560 1178.5
1347570 1179.8
1347580 1180.5
1347590 1180.5
1347600 1180.4
1347610 1179.8
1347620 1179.8
1347630 1179.4
1347640 1179.2
1347650 1179.2
1347660 1179.4
1347670 1180.5
1347680 1180.5
1347690 1182.0
1347700 1182.3
1347710 1182.3
1347720 1182.3
1347730 1182.9
1347740 1182.9
1347750 1183.3
1347760 1184.1
1347770 1184.1
1347780 1186.0
1347790 1188.5
1347800 1188.5
1347810 1193.7
1347820 1198.5
1347830 1198.5
1347840 1201.0
1347850 1202.0
1347860 1202.0
1347870 1201.4
1347880 1200.1
1347890 1198.5
1347900 1198.5
1347910 1200.9
1347920 1203.8
1347930 1203.8
1347940 1205.0
1347950 1205.2
1347960 1205.2
1347970 1206.4
1347980 1207.5
1347990 1207.5
1348000 1206.6
1348010 1204.8
1348020 1204.8
1348030 1202.6
1348040 1200.0
1348050 1200.0
1348060 1197.9
1348070 1196.6
1348080 1196.6
1348090 1193.9
1348100 1190.5
1348110 1190.5
1348120 1188.9
1348130 1188.7
1348140 1188.7
1348150 1189.1
1348160 1188.9
1348170 1188.9
1348180 1188.1
1348190 1187.4
1348200 1187.4
1348210 1186.2
1348220 1184.6
1348230 1184.6
1348240 1184.2
1348250 1183.5
1348260 1183.5
1348270 1184.3
1348280 1185.1
1348290 1184.1
1348300 1184.1
1348310 1182.2
1348320 1182.1
1348330 1182.1
1348340 1181.1
1348350 1178.7
1348360 1178.7
1348370 1176.6
1348380 1173.9
1348390 1173.9
1348400 1170.3
1348410 1166.2
1348420 1166.2
1348430 1163.9
1348440 1163.4
1348450 1163.4
1348460 1162.3
1348470 1159.7
1348480 1159.7
1348490 1157.4
1348500 1155.8
1348510 1155.8
1348520 1154.3
1348530 1152.2
1348540 1152.2
1348550 1149.3
1348560 1144.8
1348570 1144.8
1348580 1139.8
1348590 1134.2
1348600 1134.2
1348610 1129.1
1348620 1124.4
1348630 1124.4
1348640 1120.2
1348650 1116.6
1348660 1116.6
1348670 1112.8
1348680 1109.6
1348690 1107.4
1348700 1107.4
1348710 1105.0
1348720 1103.1
1348730 1103.1
1348740 1102.2
1348750 1101.0
1348760 1101.0
1348770 1100.4
1348780 1099.6
1348790 1099.6
1348800 1098.3
1348810 1096.7
1348820 1096.7
1348830 1087.8
1348840 1087.0
1348850 1087.0
1348860 1087.0
1348870 1086.9
1348880 1086.9
1348890 1086.8
1348900 1086.6
1348910 1086.6
1348920 1086.6
1348930 1086.6
1348940 1086.6
1348950 1086.4
1348960 1085.8
1348970 1085.8
1348980 1084.9
1348990 1084.1
1349000 1084.1
1349010 1084.0
1349020 1082.9
1349030 1082.9
1349040 1082.5
1349050 1083.1
1349060 1084.3
1349070 1084.3
1349080 1085.5
1349090 1086.2
1349100 1086.2
1349110 1087.7
1349120 1090.3
1349130 1090.3
1349140 1092.3
1349150 1093.6
1349160 1093.6
1349170 1094.8
1349180 1096.1
1349190 1096.1
1349200 1097.1
1349210 1097.6
1349220 1097.6
1349230 1098.6
1349240 1099.3
1349250 1099.3
1349260 1100.4
1349270 1101.2
1349280 1101.2
1349290 1101.7
1349300 1102.7
1349310 1102.7
1349320 1102.9
1349330 1100.7
1349340 1100.7
1349350 1096.4
1349360 1093.8
1349370 1093.8
1349380 1091.7
1349390 1090.5
1349400 1090.5
1349410 1090.7
1349420 1091.0
1349430 1091.0
1349440 1090.1
1349450 1089.2
1349460 1088.8
1349470 1088.8
1349480 1086.1
1349490 1081.8
1349500 1081.8
1349510 1077.3
1349520 1073.9
1349530 1073.9
1349540 1068.3
1349550 1062.7
1349560 1062.7
1349570 1058.6
1349580 1055.9
1349590 1055.9
1349600 1052.9
1349610 1049.7
1349620 1049.7
1349630 1046.7
1349640 1044.3
1349650 1044.3
1349660 1041.8
1349670 1039.3
1349680 1039.3
1349690 1036.7
1349700 1033.5
1349710 1033.5
1349720 1030.3
1349730 1026.8
1349740 1026.8
1349750 1023.0
1349760 1018.2
1349770 1018.2
1349780 1010.1
1349790 1004.1
1349800 1004.1
1349810 997.1
1349820 991.0
1349830 991.0
1349840 985.9
1349850 981.4
1349860 976.6
1349870 976.6
1349880 970.5
1349890 965.6
1349900 965.6
1349910 961.5
1349920 957.2
1349930 957.2
1349940 953.2
1349950 948.7
1349960 948.7
1349970 942.4
1349980 934.7
1349990 934.7
1350000 928.1
1350010 921.5
1350020 921.5
1350030 915.1
1350040 908.7
1350050 908.7
1350060 901.6
1350070 893.3
1350080 893.3
1350090 885.7
1350100 877.9
1350110 877.9
1350120 869.4
1350130 862.0
1350140 862.0
1350150 855.0
1350160 847.3
1350170 847.3
1350180 836.2
1350190 826.5
1350200 826.5
1350210 818.8
1351540 532.6
1351550 532.0
1351560 532.0
1351570 530.2
1351580 529.1
1351590 529.1
1351600 529.4
1351610 529.3
1351620 529.3
1351630 529.2
1351640 526.3
1351650 526.3
1351660 525.4
1351670 527.3
1351680 527.3
1351690 531.5
1351700 533.4
1351710 533.4
1351720 535.4
1351730 539.6
1351740 539.6
1351750 541.9
1351760 545.2
1351770 545.2
1351780 546.0
1351790 545.3
1351800 545.3
1351810 547.5
1351820 552.8
1351830 557.2
1351840 557.2
1351850 560.5
1351860 565.1
1351870 565.1
1351880 571.4
1351890 578.5
1351900 578.5
1351910 585.4
1351920 592.9
1351930 592.9
1351940 600.2
1351950 606.9
1351960 606.9
1351970 613.6
1351980 620.7
1351990 620.7
1352000 629.6
1352010 636.2
1352020 636.2
1352030 639.3
1352040 641.1
1352050 641.1
1352060 645.7
1352070 650.8
1352080 650.8
1352090 655.5
1352100 659.6
1352110 659.6
1352120 664.5
1352130 669.3
1352140 669.3
1352150 673.8
1352160 679.1
1352170 679.1
1352180 685.2
1352190 692.0
1352200 692.0
1352210 699.4
1352220 708.0
1352230 716.8
1352240 716.8
1352250 726.5
1352260 736.0
1352270 736.0
1352280 741.6
1352290 746.0
1352300 746.0
1352310 752.5
1352320 761.1
1352330 761.1
1352340 768.9
1352350 771.3
1352360 771.3
1352370 770.6
1352380 769.1
1352390 769.1
1352400 767.5
1352410 766.8
1352420 766.8
1352430 769.1
1352440 772.6
1352450 772.6
1352460 774.2
1352470 773.7
1352480 773.7
1352490 771.9
1352500 768.7
1352510 768.7
1352520 765.3
1352530 763.1
1352540 763.1
1352550 761.4
1352560 757.3
1352570 757.3
1352580 752.2
1352590 748.3
1352600 745.9
1352610 745.9
1352620 743.3
1352630 741.1
1352640 741.1
1352650 739.7
1352660 736.8
1352670 736.8
1352680 736.0
1352690 736.3
1352700 736.3
1352710 736.3
1352720 735.4
1352730 735.4
1352740 733.5
1352750 731.3
1352760 731.3
1352770 728.2
1352780 726.3
1352790 726.3
1352800 725.0
1352810 723.6
1352820 723.6
1352830 725.0
1352840 726.7
1352850 726.7
1352860 725.9
1352870 723.7
1352880 723.7
1352890 721.7
1352900 721.2
1352910 721.2
1352920 721.3
1352930 718.9
1352940 718.9
1352950 714.6
1352960 710.9
1352970 710.9
1352980 708.0
1352990 706.9
1353000 706.3
1353010 706.3
1353020 705.3
1353030 704.4
1353040 704.4
1353050 703.5
1353060 703.0
1353070 703.0
1353080 700.3
1353090 697.1
1353100 697.1
1353110 689.1
1353120 679.8
1353130 679.8
1353140 672.9
1353150 666.9
1353160 666.9
1353170 660.7
1353180 655.1
1353190 655.1
1353200 649.1
1353210 641.5
1353220 641.5
1353230 634.4
1353240 629.5
1353250 629.5
1353260 627.9
1353270 626.7
1353280 626.7
1353290 625.5
1353300 621.8
1353310 621.8
1353320 615.7
1353330 611.0
1353340 611.0
1353350 608.2
1353360 602.1
1353370 602.1
1353380 594.7
1353390 585.9
1353400 578.1
1353410 578.1
1353420 571.0
1353430 564.2
1353440 564.2
1353450 558.5
1353460 553.6
1353470 553.6
1353480 550.5
1353490 548.9
1353500 548.9
1353510 547.2
1353520 546.6
1353530 546.6
1353540 546.1
1353550 545.7
1353560 545.7
1353570 544.5
1353580 542.9
1353590 542.9
1353600 542.1
1353610 541.9
1353620 541.9
1353630 541.9
1353640 541.9
1353650 541.9
1353660 541.9
1353670 541.9
1353680 541.9
1353690 541.9
1353700 541.9
1353710 541.9
1353720 541.9
1353730 541.9
1353740 541.9
1353750 541.9
1353760 541.9
1353770 541.9
1353780 541.9
1353790 541.9
1353800 541.9
1353810 541.9
1353820 541.9
1353830 541.9
1353840 541.9
1353850 541.9
1353860 541.9
1353870 541.9
1353880 541.9
1353890 541.9
1353900 541.9
1353910 541.9
1353920 541.9
1353930 541.9
1353940 541.9
1353950 541.9
1353960 541.9
1353970 541.9
1353980 541.9
1353990 541.9
1354000 541.9
1354010 542.0
1354020 542.0
1354030 542.3
1354040 542.6
1354050 542.6
1354060 542.9
1354070 542.9
1354080 542.9
1354090 542.8
1354100 542.0
1354110 542.0
1354120 541.9
1354130 541.9
1354140 541.9
1354150 541.9
1354160 541.9
1354170 541.9
1354180 541.9
1354190 541.9
1354200 541.9
1354210 541.9
1354220 541.9
1354230 541.9
1354240 541.9
1354250 541.9
1354260 541.9
1354270 541.9
1354280 541.9
1354290 541.9
1354300 541.9
1354310 541.9
1354320 541.9
1354330 541.9
1354340 541.9
1354350 541.9
1354360 541.9
1354370 541.9
1354380 541.9
1354390 541.9
1354400 541.9
1354410 541.9
1354420 541.9
1354430 541.9
1354440 541.9
1354450 541.9
1354460 541.9
1354470 541.9
1354480 541.9
1354490 541.9
1354500 541.9
1354510 541.9
1354520 541.9
1354530 541.9
1354540 541.9
1354550 541.9
1354560 541.9
1354570 541.9
1354580 541.9
1354590 541.9
1354600 541.9
1354610 541.9
1354620 542.0
1354630 542.5
1354640 542.5
1354650 543.2
1354660 544.1
1354670 544.1
1354680 544.8
1354690 545.4
1354700 545.4
1354710 546.3
1354720 547.3
1354730 547.3
1354740 548.2
1354750 548.8
1354760 548.8
1354770 548.9
1354780 549.0
1354790 549.0
1354800 549.2
1354810 549.3
1354820 549.3
1354830 549.3
1354840 549.3
1354850 549.3
1354860 549.4
1354870 549.5
1354880 549.5
1354890 549.8
1354900 550.1
1354910 550.1
1354920 550.6
1354930 551.0
1354940 551.0
1354950 551.3
1354960 551.6
1354970 551.9
1354980 551.9
1354990 552.1
1355000 551.8
1355010 551.8
1355020 551.7
1355030 551.7
1355040 551.7
1355050 551.5
1355060 551.2
1355070 551.2
1355080 551.0
1355090 551.0
1355100 551.0
1355110 550.8
1355120 550.6
1355130 550.6
1355140 550.3
1355150 550.2
1355160 550.2
1355170 550.3
1355180 550.5
1355190 550.5
1355200 550.8
1355210 550.9
1355220 550.9
1355230 551.2
1355240 551.6
1355250 551.6
1355260 551.9
1355270 552.1
1355280 552.1
1355290 552.3
1355300 552.4
1355310 552.4
1355320 552.5
1355330 552.7
1355340 552.7
1355350 553.0
1355360 553.2
1355370 553.4
1355380 553.4
1355390 553.5
1355400 553.6
1355410 553.6
1355420 553.8
1355430 554.0
1355440 554.0
1355450 554.3
1355460 554.7
1355470 554.7
1355480 555.0
1355490 555.3
1355500 555.3
1355510 555.5
1355520 555.7
1355530 555.7
1355540 555.9
1355550 556.2
1355560 556.2
1355570 556.8
1355580 557.8
1355590 557.8
1355600 557.9
1355610 557.7
1355620 557.7
1355630 558.0
1355640 558.1
1355650 558.1
1355660 558.2
1355670 558.2
1355680 558.2
1355690 558.2
1355700 558.1
1355710 558.1
1355720 558.0
1355730 558.2
1355740 558.2
1355750 558.1
1355760 557.4
1355770 557.0
1355780 557.0
1355790 555.7
1355800 554.6
1355810 554.6
1355820 554.8
1355830 555.0
1355840 555.0
1355850 556.1
1355860 555.8
1355870 555.8
1355880 551.7
1355890 547.9
1355900 547.9
1355910 544.0
1355920 539.1
1355930 539.1
1355940 534.7
1355950 529.2
1355960 529.2
1355970 522.1
1355980 517.8
1355990 517.8
1356000 516.8
1356010 515.2
1356020 515.2
1356030 512.2
1356040 510.8
1356050 510.8
1356060 510.0
1356070 508.5
1356080 508.5
1356090 507.1
1356100 506.8
1356110 506.8
1356120 506.2
1356130 504.0
1356140 499.9
1356150 499.9
1356160 494.9
1356170 492.5
1356180 492.5
1356190 491.3
1356200 490.1
1356210 490.1
1356220 487.9
1356230 487.3
1356240 487.3
1357540 477.1
1357550 476.9
1357560 476.9
1357570 476.7
1357580 476.5
1357590 476.5
1357600 476.4
1357610 476.4
1357620 476.2
1357630 476.3
1357640 476.3
1357650 476.3
1357660 476.2
1357670 476.2
1357680 476.2
1357690 476.3
1357700 476.3
1357710 476.3
1357720 476.3
1357730 476.4
1357740 476.5
1357750 476.5
1357760 476.5
1357770 476.6
1357780 476.6
1357790 478.1
1357800 481.0
1357810 481.0
1357820 483.5
1357830 484.3
1357840 484.3
1357850 484.5
1357860 484.5
1357870 484.5
1357880 483.1
1357890 479.2
1357900 479.2
1357910 477.0
1357920 476.9
1357930 476.9
1357940 476.9
1357950 477.9
1357960 477.9
1357970 477.8
1357980 477.4
1357990 477.4
1358000 477.2
1358010 477.3
1358020 477.3
1358030 477.2
1358040 477.3
1358050 477.3
1358060 477.7
1358070 477.9
1358080 477.9
1358090 477.0
1358100 476.5
1358110 476.4
1358120 476.4
1358130 476.1
1358140 476.0
1358150 476.0
1358160 475.8
1358170 475.7
1358180 475.7
1358190 475.7
1358200 475.8
1358210 475.8
1358220 475.8
1358230 475.8
1358240 475.8
1358250 475.7
1358260 475.8
1358270 475.8
1358280 475.8
1358290 475.1
1358300 475.1
1358310 474.0
1358320 472.6
1358330 472.6
1358340 471.5
1358350 471.2
1358360 471.2
1358370 471.2
1358380 471.2
1358390 471.2
1358400 471.3
1358410 471.3
1358420 471.3
1358430 471.3
1358440 471.3
1358450 471.3
1358460 471.3
1358470 471.3
1358480 471.3
1358490 471.2
1358500 471.3
1358510 471.4
1358520 471.4
1358530 472.4
1358540 473.3
1358550 473.3
1358560 474.2
1358570 475.2
1358580 475.2
1358590 476.7
1358600 477.8
1358610 477.8
1358620 477.5
1358630 477.3
1358640 477.3
1358650 477.3
1358660 477.3
1358670 477.3
1358680 477.4
1358690 477.4
1358700 477.4
1358710 477.4
1358720 477.4
1358730 477.4
1358740 477.4
1358750 477.4
1358760 477.4
1358770 477.4
1358780 477.4
1358790 477.4
1358800 477.4
1358810 477.4
1358820 477.4
1358830 477.3
1358840 477.3
1358850 477.3
1358860 477.5
1358870 477.4
1358880 477.4
1358890 477.1
1358900 477.4
1358910 478.3
1358920 478.3
1358930 478.3
1358940 478.1
1358950 478.1
1358960 477.8
1358970 477.6
1358980 477.6
1358990 477.3
1359000 477.4
1359010 477.4
1359020 477.6
1359030 477.9
1359040 477.9
1359050 478.1
1359060 478.2
1359070 478.2
1359080 478.1
1359090 477.9
1359100 477.9
1359110 477.6
1359120 477.5
1359130 477.5
1359140 477.6
1359150 477.9
1359160 477.9
1359170 478.2
1359180 478.4
1359190 478.4
1359200 479.0
1359210 479.5
1359220 479.5
1359230 479.8
1359240 480.1
1359250 480.1
1359260 480.4
1359270 480.5
1359280 480.0
1359290 480.0
1359300 479.9
1359310 479.9
1359320 479.9
1359330 479.7
1359340 479.4
1359350 479.4
1359360 479.2
1359370 479.3
1359380 479.3
1359390 479.3
1359400 479.4
1359410 479.4
1359420 479.5
1359430 479.5
1359440 479.5
1359450 479.5
1359460 479.4
1359470 479.4
1359480 479.4
1359490 479.3
1359500 479.3
1359510 479.2
1359520 479.1
1359530 479.1
1359540 479.3
1359550 479.4
1359560 479.4
1359570 479.5
1359580 479.5
1359590 479.5
1359600 479.4
1359610 479.5
1359620 479.5
1359630 479.4
1359640 479.2
1359650 479.8
1359660 480.0
1359670 480.1
1359680 480.1
1359690 480.1
1359700 480.1
1359710 480.7
1359720 480.7
1359730 482.4
1359740 483.1
1359750 483.1
1359760 483.3
1359770 484.7
1359780 484.7
1359790 490.8
1359800 496.3
1359810 496.3
1359820 494.8
1359830 489.9
1359840 489.9
1359850 489.0
1359860 489.1
1359870 489.1
1359880 489.0
1359890 488.8
1359900 488.8
1359910 488.5
1359920 488.8
1359930 488.8
1359940 488.3
1359950 488.5
1359960 488.5
1359970 488.9
1359980 491.2
1359990 491.2
