1342300 1282.3
1342310 1289.4
1342320 1289.4
1342330 1293.8
1342340 1298.5
1342350 1298.5
1342360 1303.5
1342370 1309.3
1342380 1309.3
1342390 1315.4
1342400 1320.8
1342410 1320.8
1342420 1325.5
1342430 1329.8
1342440 1329.8
1342450 1332.5
1342460 1330.9
1342470 1330.9
1342480 1327.6
1342490 1325.7
1342500 1325.7
1342510 1332.9
1342520 1343.1
1342530 1343.1
1342540 1349.8
1342550 1357.6
1342560 1357.6
1342570 1361.6
1342580 1365.5
1342590 1365.5
1342600 1370.1
1342610 1375.6
1342620 1381.8
1342630 1381.8
1342640 1386.9
1342650 1392.2
1342660 1392.2
1342670 1397.1
1342680 1401.0
1342690 1401.0
1342700 1403.2
1342710 1407.3
1342720 1407.3
1342730 1414.9
1342740 1422.8
1342750 1422.8
1342760 1427.4
1342770 1425.8
1342780 1425.8
1342790 1421.0
1342800 1414.8
1342810 1414.8
1342820 1408.3
1342830 1401.4
1342840 1401.4
1342850 1394.5
1342860 1386.7
1342870 1386.7
1342880 1382.7
1342890 1374.6
1342900 1376.2
1342910 1366.8
1357900 471.9
1357910 471.9
1357920 471.9
1357930 472.1
1357940 472.1
1357950 472.1
1357960 472.2
1357970 472.1
1357980 472.1
1357990 472.1
1358000 472.0
1358010 472.0
1358020 472.1
1358030 472.1
1358040 472.1
1358050 472.1
1358060 472.3
1358070 472.3
1358080 472.4
1358090 472.5
1358100 472.5
1358110 472.5
1358120 472.5
1358130 472.5
1358140 472.6
1358150 472.7
1358160 472.7
1358170 472.7
1358180 472.6
1358190 472.6
1358200 472.6
1358210 472.5
1358220 472.4
1358230 472.3
1358240 472.2
1358250 472.2
1358260 472.2
1358270 472.6
1358280 472.6
1358290 473.2
1358300 473.5
1358310 473.5
1358320 473.6
1358330 473.6
1358340 471.9
1358350 471.9
1358360 469.1
1358370 472.2
1358380 472.2
1358390 476.4
1358400 477.7
1358410 477.7
1358420 477.2
1358430 477.2
1358440 477.2
1358450 477.2
1358460 477.2
1358470 477.2
1358480 477.2
1358490 477.2
1358500 477.2
1358510 477.2
1358520 477.2
1358530 477.2
1358540 477.2
1358550 477.2
1358560 477.2
1358570 477.2
1358580 477.2
1358590 477.2
1358600 477.3
1358610 477.3
1358620 477.3
1358630 477.8
1358640 475.2
1358650 475.2
1358660 470.7
1358670 471.6
1358680 471.6
1358690 472.6
1358700 472.7
1358710 472.7
1358720 472.6
1358730 472.3
1358740 472.4
1358750 472.4
1358760 472.4
1358770 472.3
1358780 472.3
1358790 472.2
1358800 472.0
1358810 472.0
1358820 472.0
1358830 472.0
1358840 472.0
1358850 472.1
1358860 472.1
1358870 472.1
1358880 472.2
1358890 472.3
1358900 472.3
1358910 472.4
1358920 472.1
1358930 472.1
1358940 472.1
1358950 472.4
1358960 472.4
1358970 472.5
1358980 472.5
1358990 472.5
1359000 472.1
1359010 472.5
1359020 472.5
1359030 472.4
1359040 472.3
1359050 472.3
1359060 472.3
1359070 472.2
1359080 472.2
1359090 472.1
1359100 472.0
1359110 472.0
1359120 472.0
1359130 472.0
1359140 473.5
1359150 473.5
1359160 474.3
1359170 474.2
1359180 474.2
1359190 474.4
1359200 474.2
1359210 474.2
1359220 473.5
1359230 473.6
1359240 473.6
1359250 473.6
1359260 473.5
1359270 473.5
1359280 473.5
1359290 473.4
1359300 473.4
1359310 473.4
1359320 473.3
1359330 473.3
1359340 473.4
1359350 473.7
1359360 473.7
1359370 474.1
1359380 473.8
1359390 473.8
1359400 473.8
1359410 473.8
1359420 473.8
1359430 473.8
1359440 473.8
1359450 473.8
1359460 473.8
1359470 473.9
1359480 473.9
1359490 473.9
1359500 473.9
1359510 473.9
1359520 474.2
1359530 473.8
1359540 473.8
1359550 473.8
1359560 474.0
1359570 474.0
1359580 474.0
1359590 474.0
1359600 474.0
1359610 474.0
1359620 474.0
1359630 474.3
1359640 474.3
1359650 474.6
1359660 474.2
1359670 474.2
1359680 473.7
1359690 473.3
1359700 473.3
1359710 473.3
1359720 473.3
1359730 473.3
1359740 473.4
1359750 473.4
1359760 473.4
1359770 473.4
1359780 473.4
1359790 473.4
1359800 473.6
1359810 473.6
1359820 473.6
1359830 473.5
1359840 473.4
1359850 473.4
1359860 473.4
1359870 473.3
1359880 473.3
1359890 473.2
1359900 473.2
1359910 473.2
1359920 473.1
1359930 472.9
1359940 472.9
1359950 472.9
1359960 473.1
1359970 473.2
1359980 473.2
1359990 473.1
