1357880 472.0
1357890 472.0
1357900 472.1
1357910 472.3
1357920 472.3
1357930 472.3
1357940 472.2
1357950 472.2
1357960 472.1
1357970 472.2
1357980 472.2
1357990 472.2
1358000 472.2
1358010 472.2
1358020 472.2
1358030 472.3
1358040 472.3
1358050 472.5
1358060 472.5
1358070 472.5
1358080 472.6
1358090 472.7
1358100 472.7
1358110 472.8
1358120 472.6
1358130 472.6
1358140 472.7
1358150 472.7
1358160 472.7
1358170 472.8
1358180 472.8
1358190 472.8
1358200 472.7
1358210 472.6
1358220 472.6
1358230 472.6
1358240 472.5
1358250 472.4
1358260 472.4
1358270 472.8
1358280 473.3
1358290 473.3
1358300 473.5
1358310 473.6
1358320 473.6
1358330 472.8
1358340 469.5
1358350 469.5
1358360 472.6
1358370 476.7
1358380 476.7
1358390 477.7
1358400 477.2
1358410 477.2
1358420 477.2
1358430 477.3
1358440 477.3
1358450 477.3
1358460 477.3
1358470 477.3
1358480 477.3
1358490 477.2
1358500 477.2
1358510 477.2
1358520 477.2
1358530 477.2
1358540 477.3
1358550 477.3
1358560 477.3
1358570 477.2
1358580 477.2
1358590 477.2
1358600 477.6
1358610 476.8
1358620 472.4
1358630 472.4
1358640 470.2
1358650 472.4
1358660 472.4
1358670 472.6
1358680 472.5
1358690 472.5
1358700 472.4
1358710 472.3
1358720 472.3
1358730 472.3
1358740 472.4
1358750 472.4
1358760 472.3
1358770 472.1
1358780 472.1
1358790 472.1
1358800 472.1
1358810 472.1
1358820 472.0
1358830 472.0
1358840 472.0
1358850 472.0
1358860 471.9
1358870 471.9
1358880 472.0
1358890 472.0
1358900 472.0
1358910 472.2
1358920 472.3
1358930 472.3
1358940 472.3
1358950 472.0
1358960 472.0
1358970 472.3
1358980 472.2
1358990 472.2
1359000 472.1
1359010 472.4
1359020 472.4
1359030 472.4
1359040 472.4
1359050 472.3
1359060 472.3
1359070 472.3
1359080 472.2
1359090 472.2
1359100 472.1
1359110 472.2
1359120 472.2
1359130 472.1
1359140 471.8
1359150 471.8
1359160 471.7
1359170 473.0
1359180 473.0
1359190 474.3
1359200 473.2
1359210 473.2
1359220 473.1
1359230 473.1
1359240 473.1
1359250 473.2
1359260 473.2
1359270 473.2
1359280 473.7
1359290 473.3
1359300 473.5
1359310 474.1
1359320 474.5
1359330 474.5
1359340 473.4
1359350 473.4
1359360 473.4
1359370 473.5
1359380 473.2
1359390 473.2
1359400 473.0
1359410 473.3
1359420 473.3
1359430 473.4
1359440 473.5
1359450 473.7
1359460 473.7
1359470 473.6
1359480 473.4
1359490 473.4
1359500 473.3
1359510 473.3
1359520 473.3
1359530 473.6
1359540 473.5
1359550 473.5
1359560 473.3
1359570 473.3
1359580 473.3
1359590 473.4
1359600 473.5
1359610 473.5
1359620 473.4
1359630 473.3
1359640 473.3
1359650 473.4
1359660 473.5
1359670 473.5
1359680 473.4
1359690 473.4
1359700 473.4
1359710 473.3
1359720 473.4
1359730 473.4
1359740 473.3
1359750 473.1
1359760 473.1
1359770 473.0
1359780 473.2
1359790 473.2
1359800 473.3
1359810 473.3
1359820 473.3
1359830 473.4
1359840 473.3
1359850 473.4
1359860 473.4
1359870 473.4
1359880 473.4
1359890 473.4
1359900 473.3
1359910 473.2
1359920 473.2
1359930 473.0
1359940 472.7
1359950 472.7
1359960 472.8
1359970 473.0
1359980 473.0
1359990 473.2
