1356980 470.0
1356990 470.0
1357000 470.0
1357010 470.0
1357020 470.0
1357030 470.0
1357040 470.1
1357050 470.1
1357060 470.1
1357070 470.1
1357080 470.1
1357090 470.1
1357100 470.1
1357110 470.1
1357120 470.1
1357130 470.1
1357140 470.2
1357150 470.2
1357160 470.1
1357170 470.1
1357180 470.0
1357190 470.0
1357200 470.0
1357210 470.1
1357220 470.1
1357230 470.2
1357240 470.3
1357250 470.3
1357260 470.3
1357270 470.3
1357280 470.3
1357290 470.4
1357300 470.4
1357310 470.4
1357320 470.4
1357330 470.5
1357340 470.5
1357350 470.6
1357360 470.7
1357370 470.7
1357380 470.7
1357390 470.5
1357400 470.5
1357410 470.5
1357420 470.7
1357430 470.7
1357440 470.8
1357450 470.8
1357460 470.8
1357470 470.6
1357480 470.0
1357490 470.0
1357500 469.6
1357510 469.8
1357520 469.8
1357530 470.6
1357540 471.6
1357550 471.6
1357560 472.0
1357570 471.9
1357580 471.5
1357590 471.5
1357600 470.9
1357610 470.8
1357620 470.8
1357630 471.0
1357640 470.9
1357650 470.9
1357660 470.8
1357670 470.5
1357680 470.5
1357690 470.2
1357700 470.0
1357710 470.0
1357720 470.2
1357730 470.2
1357740 470.2
1357750 470.4
1357760 470.5
1357770 470.5
1357780 470.6
1357790 470.4
1357800 470.4
1357810 470.4
1357820 470.4
1357830 470.4
1357840 470.5
1357850 470.7
1357860 470.7
1357870 470.8
1357880 470.7
1357890 470.7
1357900 470.4
1357910 470.3
1357920 470.3
1357930 470.3
1357940 470.6
1357950 470.6
1357960 470.5
1357970 468.8
1357980 468.8
1357990 471.3
1358000 474.6
1358010 477.9
1358020 477.9
1358030 477.6
1358040 477.4
1358050 477.4
1358060 477.3
1358070 477.1
1358080 477.1
1358090 477.1
1358100 477.2
1358110 477.2
1358120 477.3
1358130 477.3
1358140 477.3
1358150 477.3
1358160 477.2
1358170 477.2
1358180 477.2
1358190 477.2
1358200 477.2
1358210 477.2
1358220 477.2
1358230 477.2
1358240 477.2
1358250 477.3
1358260 477.3
1358270 477.8
1358280 476.2
1358290 476.2
1358300 472.4
1358310 469.7
1358320 469.7
1358330 469.2
1358340 471.0
1358350 471.0
1358360 471.0
1358370 471.0
1358380 471.0
1358390 471.0
1358400 470.8
1358410 470.7
1358420 470.7
1358430 470.7
1358440 470.7
1358450 470.7
1358460 470.6
1358470 470.5
1358480 470.5
1358490 470.4
1358500 470.3
1358510 470.3
1358520 470.3
1358530 470.4
1358540 470.4
1358550 470.3
1358560 470.3
1358570 470.3
1358580 470.3
1358590 470.3
1358600 470.3
1358610 470.3
1358620 470.3
1358630 470.3
1358640 470.6
1358650 469.8
1358660 469.8
1358670 470.5
1358680 470.8
1358690 470.8
1358700 470.9
1358710 471.0
1358720 471.0
1358730 471.2
1358740 471.3
1358750 471.3
1358760 471.5
1358770 471.5
1358780 471.5
1358790 471.6
1358800 471.6
1358810 471.6
1358820 471.6
1358830 471.7
1358840 471.8
1358850 471.8
1358860 472.0
1358870 472.1
1358880 472.1
1358890 472.1
1358900 472.1
1358910 472.1
1358920 472.1
1358930 472.0
1358940 472.0
1358950 472.0
1358960 472.0
1358970 472.0
1358980 472.0
1358990 472.1
1359000 472.1
1359010 472.2
1359020 472.1
1359030 472.1
1359040 472.2
1359050 472.7
1359060 472.7
1359070 473.0
1359080 473.1
1359090 473.1
1359100 473.4
1359110 473.6
1359120 473.6
1359130 473.7
1359140 473.8
1359150 473.8
1359160 473.7
1359170 473.7
1359180 473.7
1359190 473.8
1359200 474.1
1359210 474.1
1359220 474.1
1359230 474.2
1359240 474.2
1359250 474.2
1359260 474.3
1359270 474.4
1359280 474.4
1359290 474.7
1359300 474.9
1359310 474.9
1359320 475.0
1359330 475.4
1359340 475.4
1359350 475.6
1359360 476.1
1359370 476.1
1359380 476.2
1359390 476.6
1359400 476.6
1359410 476.6
1359420 476.6
1359430 476.6
1359440 476.7
1359450 476.7
1359460 476.7
1359470 476.9
1359480 477.1
1359490 477.1
1359500 477.3
1359510 477.4
1359520 477.4
1359530 478.0
1359540 478.1
1359550 478.1
1359560 478.1
1359570 478.0
1359580 478.0
1359590 478.0
1359600 478.2
1359610 478.2
1359620 478.2
1359630 478.1
1359640 478.1
1359650 478.1
1359660 478.1
1359670 478.3
1359680 478.3
1359690 478.4
1359700 478.5
1359710 478.5
1359720 478.6
1359730 478.5
1359740 478.5
1359750 478.5
1359760 478.7
1359770 478.7
1359780 478.9
1359790 479.1
1359800 479.1
1359810 479.6
1359820 479.8
1359830 479.8
1359840 479.7
1359850 479.9
1359860 479.9
1359870 480.3
1359880 480.4
1359890 480.4
1359900 480.6
1359910 480.4
1359920 480.4
1359930 480.3
1359940 480.5
1359950 480.5
1359960 480.6
1359970 480.5
1359980 480.5
1359990 480.8
