1356870 468.7
1356880 468.7
1356890 468.7
1356900 468.7
1356910 468.7
1356920 468.6
1356930 468.6
1356940 468.6
1356950 468.6
1356960 468.6
1356970 468.7
1356980 468.7
1356990 468.8
1357000 468.8
1357010 468.8
1357020 468.9
1357030 469.3
1357040 469.3
1357050 470.1
1357060 470.7
1357070 470.7
1357080 470.9
1357090 470.8
1357100 470.8
1357110 470.2
1357120 469.6
1357130 469.6
1357140 469.5
1357150 469.6
1357160 469.6
1357170 469.6
1357180 469.7
1357190 469.7
1357200 469.8
1357210 469.8
1357220 469.8
1357230 469.9
1357240 470.2
1357250 470.2
1357260 470.2
1357270 469.0
1357280 469.0
1357290 468.3
1357300 468.3
1357310 468.3
1357320 469.2
1357330 469.0
1357340 466.6
1357350 466.6
1357360 465.7
1357370 466.4
1357380 466.4
1357390 466.7
1357400 466.9
1357410 466.9
1357420 466.3
1357430 465.6
1357440 465.6
1357450 465.6
1357460 466.5
1357470 466.5
1357480 466.5
1357490 466.4
1357500 466.4
1357510 466.5
1357520 466.6
1357530 466.6
1357540 466.8
1357550 467.1
1357560 467.1
1357570 466.7
1357580 466.9
1357590 466.9
1357600 468.8
1357610 470.2
1357620 470.2
1357630 470.6
1357640 470.6
1357650 470.6
1357660 468.4
1357670 465.0
1357680 465.0
1357690 463.7
1357700 462.3
1357710 462.3
1357720 462.1
1357730 462.3
1357740 462.3
1357750 462.3
1357760 462.3
1357770 462.3
1357780 462.3
1357790 462.4
1357800 462.6
1357810 462.6
1357820 463.0
1357830 463.9
1357840 463.9
1357850 466.9
1357860 469.7
1357870 469.7
1357880 471.5
1357890 471.9
1357900 471.9
1357910 471.8
1357920 471.5
1357930 471.5
1357940 471.3
1357950 471.1
1357960 471.1
1357970 471.0
1357980 471.0
1357990 471.0
1358000 470.8
1358010 470.4
1358020 470.4
1358030 470.3
1358040 470.1
1358050 470.1
1358060 470.1
1358070 470.0
1358080 470.0
1358090 469.7
1358100 469.5
1358110 469.5
1358120 469.0
1358130 468.8
1358140 468.8
1358150 469.4
1358160 469.5
1358170 469.5
1358180 469.5
1358190 469.4
1358200 469.4
1358210 469.4
1358220 469.4
1358230 469.4
1358240 469.4
1358250 469.4
1358260 469.4
1358270 469.4
1358280 469.4
1358290 469.4
1358300 469.4
1358310 469.4
1358320 469.5
1358330 469.5
1358340 469.4
1358350 469.4
1358360 469.4
1358370 469.4
1358380 469.3
1358390 469.3
1358400 469.2
1358410 469.1
1358420 469.1
1358430 468.9
1358440 469.0
1358450 469.0
1358460 469.0
1358470 469.0
1358480 469.0
1358490 469.0
1358500 469.1
1358510 469.1
1358520 469.1
1358530 469.2
1358540 469.2
1358550 469.2
1358560 469.3
1358570 469.3
1358580 469.3
1358590 469.3
1358600 469.3
1358610 469.3
1358620 469.3
1358630 469.2
1358640 469.2
1358650 469.3
1358660 469.4
1358670 469.4
1358680 469.5
1358690 469.6
1358700 469.6
1358710 469.9
1358720 470.0
1358730 470.0
1358740 470.0
1358750 470.1
1358760 470.1
1358770 470.3
1358780 470.5
1358790 470.5
1358800 470.6
1358810 470.7
1358820 470.7
1358830 470.8
1358840 470.7
1358850 470.7
1358860 470.7
1358870 470.9
1358880 470.9
1358890 471.1
1358900 471.1
1358910 471.1
1358920 470.8
1358930 470.7
1358940 470.7
1358950 470.7
1358960 470.7
1358970 470.7
1358980 470.9
1358990 471.5
1359000 472.2
1359010 472.2
1359020 472.9
1359030 473.4
1359040 473.4
1359050 473.7
1359060 474.1
1359070 474.1
1359080 474.4
1359090 474.6
1359100 474.6
1359110 474.6
1359120 476.3
1359130 476.3
1359140 480.2
1359150 480.8
1359160 480.8
1359170 481.1
1359180 481.4
1359190 481.4
1359200 482.7
1359210 485.8
1359220 485.8
1359230 486.0
1359240 484.9
1359250 484.9
1359260 483.2
1359270 482.8
1359280 482.8
1359290 482.8
1359300 482.9
1359310 482.9
1359320 482.9
1359330 483.0
1359340 483.0
1359350 483.1
1359360 483.3
1359370 483.3
1359380 483.6
1359390 483.8
1359400 483.8
1359410 484.0
1359420 484.1
1359430 484.2
1359440 484.2
1359450 484.3
1359460 484.4
1359470 484.4
1359480 484.6
1359490 484.7
1359500 484.7
1359510 484.9
1359520 485.0
1359530 485.0
1359540 485.3
1359550 485.4
1359560 485.4
1359570 485.7
1359580 485.9
1359590 485.9
1359600 485.9
1359610 486.1
1359620 486.1
1359630 486.3
1359640 486.8
1359650 486.8
1359660 486.7
1359670 486.7
1359680 486.7
1359690 487.0
1359700 487.2
1359710 487.2
1359720 487.3
1359730 486.7
1359740 486.7
1359750 486.8
1359760 487.0
1359770 487.0
1359780 487.4
1359790 487.5
1359800 487.5
1359810 487.7
1359820 487.8
1359830 488.1
1359840 488.1
1359850 488.3
1359860 489.0
1359870 489.0
1359880 489.2
1359890 489.1
1359900 489.1
1359910 489.1
1359920 489.0
1359930 489.0
1359940 489.0
1359950 489.2
1359960 489.2
1359970 489.5
1359980 489.8
1359990 489.8
