1356750 469.5
1356760 469.4
1356770 469.4
1356780 469.5
1356790 469.5
1356800 469.5
1356810 469.5
1356820 469.5
1356830 469.5
1356840 469.6
1356850 469.5
1356860 469.5
1356870 469.5
1356880 469.6
1356890 469.5
1356900 469.4
1356910 469.5
1356920 469.9
1356930 469.9
1356940 470.2
1356950 470.3
1356960 470.3
1356970 470.1
1356980 469.5
1356990 469.5
1357000 469.5
1357010 469.5
1357020 469.5
1357030 469.5
1357040 469.4
1357050 469.4
1357060 469.5
1357070 469.6
1357080 469.6
1357090 469.4
1357100 469.4
1357110 469.4
1357120 469.3
1357130 469.4
1357140 469.4
1357150 469.8
1357160 471.1
1357170 471.1
1357180 471.3
1357190 470.1
1357200 470.1
1357210 469.5
1357220 469.6
1357230 469.6
1357240 469.5
1357250 469.3
1357260 469.3
1357270 468.8
1357280 469.0
1357290 469.0
1357300 469.6
1357310 470.0
1357320 470.6
1357330 470.6
1357340 469.5
1357350 469.7
1357360 469.7
1357370 469.5
1357380 467.8
1357390 467.8
1357400 468.6
1357410 469.5
1357420 469.5
1357430 469.7
1357440 470.0
1357450 470.0
1357460 469.8
1357470 467.6
1357480 467.6
1357490 465.3
1357500 464.5
1357510 464.5
1357520 464.5
1357530 464.5
1357540 464.5
1357550 464.5
1357560 464.5
1357570 464.5
1357580 464.5
1357590 464.5
1357600 464.5
1357610 464.6
1357620 464.6
1357630 464.6
1357640 464.6
1357650 465.1
1357660 465.1
1357670 467.6
1357680 470.4
1357690 470.4
1357700 470.0
1357710 469.2
1357720 469.1
1357730 469.1
1357740 469.2
1357750 469.3
1357760 469.3
1357770 469.4
1357780 469.4
1357790 469.4
1357800 469.4
1357810 469.4
1357820 469.4
1357830 469.4
1357840 469.5
1357850 469.5
1357860 469.4
1357870 469.3
1357880 469.3
1357890 469.4
1357900 469.0
1357910 469.1
1357920 468.9
1357930 469.7
1357940 469.7
1357950 469.8
1357960 469.8
1357970 469.8
1357980 469.8
1357990 469.8
1358000 469.8
1358010 469.8
1358020 468.9
1358030 468.9
1358040 468.5
1358050 469.2
1358060 469.2
1358070 469.4
1358080 469.7
1358090 469.7
1358100 469.6
1358110 469.7
1358120 469.7
1358130 469.7
1358140 469.7
1358150 469.5
1358160 469.5
1358170 469.4
1358180 469.4
1358190 469.4
1358200 469.4
1358210 469.3
1358220 469.3
1358230 469.5
1358240 469.7
1358250 469.7
1358260 469.8
1358270 469.8
1358280 469.8
1358290 469.9
1358300 469.8
1358310 469.8
1358320 469.8
1358330 469.9
1358340 469.9
1358350 469.9
1358360 469.9
1358370 469.9
1358380 470.0
1358390 470.0
1358400 470.0
1358410 470.1
1358420 470.2
1358430 470.2
1358440 470.2
1358450 470.2
1358460 470.2
1358470 470.1
1358480 470.0
1358490 470.0
1358500 470.0
1358510 469.9
1358520 469.9
1358530 469.9
1358540 469.7
1358550 469.7
1358560 469.6
1358570 469.4
1358580 469.3
1358590 469.3
1358600 469.3
1358610 469.4
1358620 469.4
1358630 469.4
1358640 469.4
1358650 469.4
1358660 469.3
1358670 469.2
1358680 469.2
1358690 469.0
1358700 468.8
1358710 468.8
1358720 468.4
1358730 468.3
1358740 468.3
1358750 468.6
1358760 468.9
1358770 468.9
1358780 469.0
1358790 469.1
1358800 469.1
1358810 469.2
1358820 469.2
1358830 469.2
1358840 469.2
1358850 469.1
1358860 469.1
1358870 468.8
1358880 468.8
1358890 468.8
1358900 468.8
1358910 469.0
1358920 469.0
1358930 469.1
1358940 469.5
1358950 469.5
1358960 469.8
1358970 469.9
1358980 470.0
1358990 470.0
1359000 470.1
1359010 470.1
1359020 470.1
1359030 471.9
1359040 478.0
1359050 478.0
1359060 482.1
1359070 482.3
1359080 482.3
1359090 482.5
1359100 482.7
1359110 482.7
1359120 482.9
1359130 483.0
1359140 483.0
1359150 483.1
1359160 483.3
1359170 483.3
1359180 483.5
1359190 483.7
1359200 483.7
1359210 484.1
1359220 484.4
1359230 484.4
1359240 484.6
1359250 484.8
1359260 484.8
1359270 485.0
1359280 485.2
1359290 485.2
1359300 485.4
1359310 485.6
1359320 485.6
1359330 486.0
1359340 486.0
1359350 486.0
1359360 486.4
1359370 486.8
1359380 486.8
1359390 487.0
1359400 487.2
1359410 487.3
1359420 487.3
1359430 487.5
1359440 487.6
1359450 487.6
1359460 487.7
1359470 487.7
1359480 487.7
1359490 487.8
1359500 488.0
1359510 488.0
1359520 488.1
1359530 488.3
1359540 488.3
1359550 488.6
1359560 488.6
1359570 488.6
1359580 488.6
1359590 488.7
1359600 488.7
1359610 489.0
1359620 490.1
1359630 490.1
1359640 490.4
1359650 490.2
1359660 490.2
1359670 490.4
1359680 490.5
1359690 490.5
1359700 490.5
1359710 490.7
1359720 490.7
1359730 491.0
1359740 491.3
1359750 491.3
1359760 491.7
1359770 492.2
1359780 492.2
1359790 492.5
1359800 492.4
1359810 492.6
1359820 492.6
1359830 492.8
1359840 493.1
1359850 493.1
1359860 493.3
1359870 493.5
1359880 493.5
1359890 493.7
1359900 493.8
1359910 493.8
1359920 493.9
1359930 494.0
1359940 494.0
1359950 494.4
1359960 494.5
1359970 494.5
1359980 494.7
1359990 494.8
