1356140 468.2
1356150 468.2
1356160 468.1
1356170 468.1
1356180 468.1
1356190 467.3
1356200 467.7
1356210 467.7
1356220 467.6
1356230 467.7
1356240 467.7
1356250 467.9
1356260 468.4
1356270 468.5
1356280 468.8
1356290 468.9
1356300 468.9
1356310 468.8
1356320 469.3
1356330 470.2
1356340 470.2
1356350 470.1
1356360 469.9
1356370 469.9
1356380 468.8
1356390 468.4
1356400 468.4
1356410 468.4
1356420 468.1
1356430 468.1
1356440 467.7
1356450 467.5
1356460 467.5
1356470 467.2
1356480 467.2
1356490 467.2
1356500 468.0
1356510 468.9
1356520 468.9
1356530 469.2
1356540 466.2
1356550 466.2
1356560 464.6
1356570 464.4
1356580 464.4
1356590 464.4
1356600 464.4
1356610 464.4
1356620 464.5
1356630 464.5
1356640 464.5
1356650 464.5
1356660 464.4
1356670 464.4
1356680 464.4
1356690 464.4
1356700 464.4
1356710 464.4
1356720 465.6
1356730 465.6
1356740 468.7
1356750 468.8
1356760 468.8
1356770 468.8
1356780 469.1
1356790 469.2
1356800 469.2
1356810 469.0
1356820 469.0
1356830 469.0
1356840 468.9
1356850 469.0
1356860 469.0
1356870 469.2
1356880 469.2
1356890 469.2
1356900 469.2
1356910 469.1
1356920 469.1
1356930 469.1
1356940 469.0
1356950 469.0
1356960 468.6
1356970 468.5
1356980 468.5
1356990 468.5
1357000 468.5
1357010 468.5
1357020 468.3
1357030 467.6
1357040 467.6
1357050 466.9
1357060 466.9
1357070 466.9
1357080 468.1
1357090 470.4
1357100 470.4
1357110 474.1
1357120 476.5
1357130 476.5
1357140 477.3
1357150 476.8
1357160 476.8
1357170 474.5
1357180 476.0
1357190 481.2
1357200 481.2
1357210 483.3
1357220 482.1
1357230 482.1
1357240 480.8
1357250 480.1
1357260 480.1
1357270 482.5
1357280 488.7
1357290 488.7
1357300 488.5
1357310 486.2
1357320 486.2
1357330 484.3
1357340 484.4
1357350 484.4
1357360 482.8
1357370 481.2
1357380 481.2
1357390 481.0
1357400 481.8
1357410 481.8
1357420 483.8
1357430 484.9
1357440 484.9
1357450 485.8
1357460 486.3
1357470 486.3
1357480 486.2
1357490 485.9
1357500 485.9
1357510 485.5
1357520 485.6
1357530 485.6
1357540 485.7
1357550 485.6
1357560 485.6
1357570 485.5
1357580 485.2
1357590 485.2
1357600 485.3
1357610 485.7
1357620 485.9
1357630 485.9
1357640 486.0
1357650 486.1
1357660 486.1
1357670 486.3
1357680 486.5
1357690 486.5
1357700 486.6
1357710 486.8
1357720 486.8
1357730 487.0
1357740 487.1
1357750 487.1
1357760 487.1
1357770 487.2
1357780 487.2
1357790 487.4
1357800 487.9
1357810 487.9
1357820 487.9
1357830 487.8
1357840 487.8
1357850 488.0
1357860 488.0
1357870 488.0
1357880 487.8
1357890 487.8
1357900 487.8
1357910 487.8
1357920 487.8
1357930 487.8
1357940 487.8
1357950 487.9
1357960 487.9
1357970 488.1
1357980 488.3
1357990 488.3
1358000 488.5
1358010 488.7
1358020 489.0
1358030 489.0
1358040 489.3
1358050 489.6
1358060 489.6
1358070 489.9
1358080 490.4
1358090 490.4
1358100 491.1
1358110 491.8
1358120 491.8
1358130 492.4
1358140 493.0
1358150 493.0
1358160 493.5
1358170 494.1
1358180 494.1
1358190 495.1
1358200 496.9
1358210 496.9
1358220 496.5
1358230 494.7
1358240 494.7
1358250 499.7
1358260 504.1
1358270 504.1
1358280 504.9
1358290 497.1
1358300 497.1
1358310 496.9
1358320 497.5
1358330 497.5
1358340 497.3
1358350 496.9
1358360 496.9
1358370 496.8
1358380 497.4
1358390 497.4
1358400 498.0
1358410 497.7
1358420 497.7
1358430 497.7
1358440 498.7
1358450 500.5
1358460 500.5
1358470 503.1
1358480 505.0
1358490 505.0
1358500 507.7
1358510 510.3
1358520 510.3
1358530 511.4
1358540 513.6
1358550 513.6
1358560 516.7
1358570 519.0
1358580 519.0
1358590 521.2
1358600 525.7
1358610 525.7
1358620 532.2
1358630 535.3
1358640 535.3
1358650 539.5
1358660 543.8
1358670 543.8
1358680 547.5
1358690 550.2
1358700 550.2
1358710 552.7
1358720 554.6
1358730 554.6
1358740 555.8
1358750 556.0
1358760 556.0
1358770 556.9
1358780 558.8
1358790 558.8
1358800 558.8
1358810 557.7
1358820 557.7
1358830 556.3
1358840 554.8
1358850 554.8
1358860 552.3
1358870 548.7
1358880 545.8
1358890 545.8
1358900 541.8
1358910 539.0
1358920 539.0
1358930 536.1
1358940 532.9
1358950 532.9
1358960 529.7
1358970 525.8
1358980 525.8
1358990 520.4
1359000 515.9
1359010 515.9
1359020 513.0
1359030 510.4
1359040 510.4
1359050 509.0
1359060 509.9
1359070 509.9
1359080 514.2
1359090 518.3
1359100 518.3
1359110 521.6
1359120 525.0
1359130 525.0
1359140 528.4
1359150 531.8
1359160 531.8
1359170 534.3
1359180 536.5
1359190 536.5
1359200 537.9
1359210 539.6
1359220 539.6
1359230 542.7
1359240 541.6
1359250 541.6
1359260 539.1
1359270 538.8
1359280 538.8
1359290 536.9
1359300 533.0
1359310 527.5
1359320 527.5
1359330 523.8
1359340 519.7
1359350 519.7
1359360 518.5
1359370 521.5
1359380 521.5
1359390 523.8
1359400 525.9
1359410 525.9
1359420 528.6
1359430 531.9
1359440 531.9
1359450 535.4
1359460 538.8
1359470 538.8
1359480 541.5
1359490 543.3
1359500 543.3
1359510 544.3
1359520 544.5
1359530 544.5
1359540 543.3
1359550 540.1
1359560 540.1
1359570 534.7
1359580 529.6
1359590 529.6
1359600 526.6
1359610 524.3
1359620 524.3
1359630 523.6
1359640 524.1
1359650 524.1
1359660 524.1
1359670 525.0
1359680 525.0
1359690 527.7
1359700 529.3
1359710 529.3
1359720 531.6
1359730 534.9
1359740 538.4
1359750 538.4
1359760 541.0
1359770 544.9
1359780 544.9
1359790 550.4
1359800 558.9
1359810 558.9
1359820 569.9
1359830 576.2
1359840 576.2
1359850 577.6
1359860 576.3
1359870 576.3
1359880 574.9
1359890 572.9
1359900 572.9
1359910 570.5
1359920 569.3
1359930 569.3
1359940 570.5
1359950 573.4
1359960 573.4
1359970 574.7
1359980 574.4
1359990 574.4
