1356090 467.8
1356100 467.8
1356110 467.7
1356120 468.0
1356130 468.0
1356140 468.2
1356150 468.1
1356160 468.1
1356170 468.1
1356180 468.0
1356190 468.0
1356200 467.2
1356210 467.8
1356220 467.8
1356230 467.9
1356240 468.0
1356250 468.0
1356260 468.1
1356270 468.5
1356280 468.5
1356290 470.1
1356300 470.6
1356310 470.6
1356320 470.6
1356330 469.8
1356340 469.8
1356350 467.9
1356360 467.6
1356370 467.6
1356380 467.7
1356390 467.8
1356400 467.8
1356410 467.8
1356420 468.9
1356430 468.9
1356440 468.7
1356450 466.1
1356460 466.1
1356470 464.4
1356480 464.4
1356490 464.4
1356500 464.4
1356510 464.4
1356520 464.4
1356530 464.4
1356540 464.5
1356550 464.5
1356560 464.5
1356570 464.5
1356580 464.4
1356590 464.4
1356600 464.4
1356610 464.4
1356620 464.4
1356630 465.8
1356640 468.5
1356650 468.5
1356660 468.1
1356670 467.3
1356680 467.3
1356690 467.9
1356700 467.4
1356710 467.4
1356720 466.6
1356730 466.0
1356740 466.0
1356750 466.7
1356760 468.0
1356770 468.0
1356780 469.1
1356790 471.4
1356800 471.4
1356810 476.3
1356820 480.0
1356830 480.0
1356840 482.1
1356850 486.0
1356860 486.0
1356870 491.8
1356880 498.9
1356890 498.9
1356900 504.3
1356910 508.6
1356920 508.6
1356930 509.9
1356940 510.4
1356950 508.0
1356960 508.0
1356970 504.7
1356980 503.1
1356990 503.1
1357000 504.6
1357010 506.4
1357020 506.4
1357030 508.8
1357040 510.5
1357050 510.5
1357060 511.9
1357070 513.7
1357080 513.7
1357090 514.7
1357100 515.8
1357110 515.8
1357120 519.7
1357130 521.3
1357140 521.3
1357150 523.5
1357160 528.2
1357170 528.2
1357180 529.0
1357190 526.3
1357200 526.3
1357210 523.6
1357220 523.5
1357230 523.5
1357240 524.6
1357250 526.4
1357260 526.4
1357270 525.3
1357280 520.5
1357290 520.5
1357300 513.9
1357310 509.0
1357320 509.0
1357330 506.4
1357340 504.6
1357350 504.6
1357360 502.9
1357370 502.0
1357380 495.4
1357390 495.4
1357400 494.6
1357410 494.1
1357420 494.1
1357430 493.7
1357440 493.4
1357450 493.4
1357460 493.4
1357470 493.4
1357480 493.4
1357490 493.4
1357500 493.3
1357510 493.3
1357520 492.9
1357530 492.0
1357540 492.0
1357550 490.4
1357560 488.9
1357570 488.9
1357580 488.3
1357590 488.4
1357600 488.4
1357610 488.6
1357620 488.7
1357630 488.7
1357640 488.8
1357650 489.0
1357660 489.0
1357670 489.1
1357680 489.2
1357690 489.2
1357700 489.3
1357710 489.3
1357720 489.3
1357730 489.2
1357740 489.2
1357750 489.2
1357760 489.2
1357770 489.2
1357780 489.2
1357790 489.3
1357800 489.5
1357810 489.6
1357820 489.6
1357830 489.7
1357840 489.7
1357850 489.7
1357860 489.7
1357870 489.9
1357880 489.9
1357890 490.0
1357900 490.1
1357910 490.1
1357920 490.4
1357930 490.6
1357940 490.6
1357950 490.9
1357960 491.3
1357970 491.3
1357980 491.8
1357990 492.4
1358000 492.4
1358010 493.1
1358020 493.7
1358030 493.7
1358040 494.1
1358050 494.6
1358060 494.6
1358070 496.6
1358080 499.5
1358090 499.5
1358100 505.1
1358110 511.5
1358120 511.5
1358130 507.5
1358140 500.6
1358150 500.6
1358160 498.5
1358170 497.7
1358180 497.7
1358190 495.6
1358200 495.1
1358210 495.1
1358220 494.7
1358230 494.4
1358240 494.2
1358250 494.2
1358260 494.1
1358270 493.9
1358280 493.9
1358290 495.1
1358300 503.3
1358310 503.3
1358320 512.4
1358330 518.5
1358340 518.5
1358350 522.3
1358360 525.9
1358370 525.9
1358380 529.8
1358390 531.3
1358400 529.6
1358410 528.0
1358420 529.4
1358430 529.4
1358440 533.7
1358450 536.3
1358460 536.3
1358470 539.0
1358480 543.1
1358490 543.1
1358500 546.9
1358510 549.4
1358520 549.4
1358530 551.3
1358540 553.6
1358550 553.6
1358560 556.8
1358570 560.1
1358580 560.1
1358590 563.2
1358600 566.6
1358610 566.6
1358620 569.9
1358630 572.2
1358640 572.2
1358650 575.2
1358660 579.1
1358670 581.7
1358680 581.7
1358690 584.1
1358700 586.2
1358710 586.2
1358720 586.9
1358730 586.2
1358740 586.2
1358750 585.4
1358760 584.5
1358770 584.5
1358780 583.8
1358790 584.1
1358800 584.1
1358810 585.3
1358820 585.9
1358830 585.9
1358840 584.5
1358850 582.2
1358860 582.2
1358870 578.5
1358880 574.1
1358890 574.1
1358900 570.3
1358910 565.8
1358920 565.8
1358930 561.3
1358940 558.0
1358950 558.0
1358960 554.8
1358970 551.5
1358980 551.5
1358990 548.6
1359000 546.3
1359010 546.3
1359020 543.1
1359030 540.7
1359040 540.7
1359050 537.5
1359060 534.1
1359070 534.1
1359080 534.7
1359090 532.0
1359100 530.6
1359110 530.6
1359120 534.2
1359130 539.6
1359140 539.6
1359150 543.8
1359160 548.5
1359170 548.5
1359180 554.0
1359190 555.7
1359200 555.7
1359210 557.6
1359220 560.0
1359230 560.0
1359240 563.3
1359250 566.3
1359260 566.3
1359270 567.2
1359280 564.6
1359290 564.6
1359300 561.4
1359310 560.0
1359320 560.0
1359330 558.9
1359340 556.3
1359350 556.3
1359360 554.3
1359370 553.5
1359380 553.5
1359390 552.9
1359400 552.1
1359410 552.1
1359420 547.9
1359430 545.9
1359440 545.9
1359450 545.2
1359460 545.4
1359470 545.4
1359480 545.7
1359490 546.0
1359500 546.5
1359510 546.5
1359520 546.4
1359530 545.3
1359540 545.3
1359550 542.9
1359560 540.5
1359570 540.5
1359580 540.7
1359590 542.5
1359600 542.5
1359610 544.7
1359620 547.6
1359630 547.6
1359640 551.0
1359650 554.5
1359660 554.5
1359670 559.3
1359680 565.7
1359690 565.7
1359700 574.7
1359710 580.5
1359720 580.5
1359730 583.3
1359740 585.6
1359750 585.6
1359760 587.5
1359770 589.6
1359780 589.6
1359790 591.2
1359800 592.9
1359810 592.9
1359820 593.9
1359830 595.0
1359840 595.0
1359850 596.2
1359860 598.2
1359870 598.2
1359880 601.2
1359890 603.1
1359900 603.1
1359910 602.5
1359920 601.8
1359930 602.3
1359940 602.3
1359950 603.2
1359960 603.6
1359970 603.6
1359980 603.2
1359990 601.9
