1355910 470.2
1355920 470.0
1355930 470.0
1355940 469.8
1355950 469.8
1355960 469.8
1355970 469.8
1355980 469.7
1355990 469.7
1356000 469.4
1356010 469.0
1356020 469.0
1356030 468.7
1356040 468.4
1356050 468.4
1356060 468.2
1356070 468.5
1356080 468.5
1356090 468.5
1356100 468.4
1356110 468.4
1356120 468.5
1356130 468.4
1356140 468.4
1356150 468.7
1356160 468.8
1356170 468.8
1356180 468.8
1356190 469.3
1356200 469.3
1356210 472.2
1356220 472.0
1356230 472.0
1356240 472.1
1356250 472.0
1356260 472.0
1356270 470.2
1356280 466.2
1356290 464.5
1356300 464.5
1356310 464.4
1356320 464.4
1356330 464.4
1356340 464.4
1356350 464.4
1356360 464.4
1356370 464.4
1356380 464.4
1356390 464.4
1356400 464.4
1356410 464.4
1356420 464.4
1356430 466.9
1356440 472.5
1356450 472.5
1356460 474.6
1356470 479.9
1356480 479.9
1356490 481.9
1356500 483.9
1356510 483.9
1356520 487.8
1356530 491.8
1356540 491.8
1356550 502.1
1356560 531.8
1356570 531.8
1356580 541.3
1356590 546.0
1356600 546.0
1356610 551.1
1356620 555.3
1356630 555.3
1356640 560.7
1356650 567.5
1356660 567.5
1356670 575.0
1356680 579.1
1356690 579.1
1356700 580.3
1356710 582.2
1356720 585.8
1356730 585.8
1356740 587.9
1356750 591.9
1356760 591.9
1356770 597.1
1356780 603.5
1356790 603.5
1356800 612.2
1356810 618.5
1356820 618.5
1356830 621.7
1356840 625.3
1356850 625.3
1356860 628.1
1356870 628.5
1356880 628.5
1356890 629.2
1356900 630.1
1356910 630.1
1356920 629.6
1356930 628.0
1356940 628.0
1356950 628.0
1356960 629.2
1356970 629.2
1356980 630.9
1356990 632.3
1357000 632.3
1357010 633.6
1357020 639.6
1357030 639.6
1357040 639.6
1357050 638.4
1357060 638.4
1357070 634.9
1357080 631.7
1357090 631.7
1357100 627.8
1357110 624.2
1357120 621.2
1357130 621.2
1357140 618.2
1357150 616.1
1357160 616.1
1357170 614.1
1357180 611.7
1357190 611.7
1357200 608.9
1357210 604.4
1357220 604.4
1357230 599.0
1357240 594.3
1357250 594.3
1357260 590.8
1357270 588.3
1357280 588.3
1357290 587.1
1357300 586.2
1357310 586.2
1357320 585.0
1357330 583.5
1357340 583.5
1357350 582.3
1357360 581.8
1357370 581.8
1357380 581.8
1357390 581.3
1357400 581.3
1357410 581.0
1357420 580.6
1357430 580.6
1357440 579.7
1357450 579.1
1357460 579.1
1357470 577.8
1357480 577.1
1357490 577.1
1357500 577.8
1357510 579.0
1357520 579.0
1357530 579.2
1357540 579.5
1357550 580.5
1357560 580.5
1357570 582.0
1357580 583.3
1357590 583.3
1357600 584.1
1357610 584.6
1357620 584.6
1357630 585.0
1357640 586.2
1357650 586.2
1357660 588.7
1357670 591.7
1357680 591.7
1357690 594.0
1357700 595.2
1357710 595.2
1357720 597.3
1357730 601.8
1357740 601.8
1357750 607.0
1357760 609.7
1357770 609.7
1357780 612.9
1357790 617.6
1357800 617.6
1357810 621.0
1357820 622.8
1357830 622.8
1357840 626.0
1357850 629.4
1357860 629.4
1357870 632.2
1357880 634.5
1357890 634.5
1357900 636.7
1357910 638.5
1357920 638.5
1357930 639.2
1357940 639.9
1357950 639.9
1357960 641.5
1357970 642.5
1357980 642.2
1357990 642.2
1358000 643.4
1358010 641.0
1358020 641.0
1358030 621.2
1358040 617.6
1358050 617.6
1358060 616.1
1358070 617.0
1358080 617.0
1358090 620.0
1358100 624.3
1358110 624.3
1358120 631.3
1358130 636.3
1358140 636.3
1358150 637.5
1358160 635.6
1358170 635.6
1358180 633.4
1358190 632.3
1358200 632.3
1358210 629.8
1358220 626.8
1358230 626.8
1358240 625.1
1358250 628.1
1358260 628.1
1358270 634.0
1358280 635.9
1358290 635.9
1358300 637.4
1358310 637.2
1358320 637.2
1358330 639.8
1358340 645.2
1358350 645.2
1358360 648.2
1358370 650.5
1358380 650.5
1358390 653.4
1358400 653.4
1358410 651.7
1358420 651.7
1358430 650.3
1358440 650.0
1358450 650.0
1358460 651.0
1358470 651.3
1358480 651.3
1358490 651.7
1358500 652.7
1358510 652.7
1358520 650.3
1358530 645.5
1358540 645.5
1358550 638.9
1358560 628.5
1358570 628.5
1358580 618.9
1358590 613.2
1358600 613.2
1358610 607.3
1358620 601.6
1358630 601.6
1358640 597.8
1358650 596.7
1358660 596.7
1358670 596.7
1358680 597.0
1358690 597.0
1358700 597.1
1358710 597.2
1358720 597.2
1358730 597.2
1358740 597.3
1358750 597.3
1358760 597.7
1358770 598.1
1358780 598.1
1358790 598.7
1358800 599.4
1358810 599.4
1358820 599.3
1358830 598.7
1358840 596.9
1358850 596.9
1358860 594.8
1358870 594.6
1358880 594.6
1358890 593.8
1358900 589.8
1358910 589.8
1358920 588.4
1358930 589.4
1358940 589.4
1358950 590.2
1358960 591.4
1358970 591.4
1358980 590.8
1358990 590.1
1359000 590.1
1359010 592.8
1359020 594.1
1359030 594.1
1359040 594.2
1359050 594.1
1359060 594.1
1359070 594.0
1359080 593.7
1359090 593.7
1359100 593.3
1359110 594.8
1359120 594.8
1359130 595.2
1359140 595.4
1359150 595.4
1359160 595.6
1359170 595.8
1359180 595.8
1359190 596.1
1359200 596.3
1359210 596.3
1359220 596.7
1359230 597.2
1359240 597.2
1359250 597.6
1359260 598.1
1359270 598.6
1359280 598.6
1359290 599.2
1359300 599.6
1359310 599.6
1359320 600.2
1359330 601.0
1359340 601.0
1359350 602.3
1359360 603.8
1359370 603.8
1359380 605.7
1359390 607.7
1359400 607.7
1359410 609.8
1359420 611.7
1359430 611.7
1359440 613.2
1359450 614.9
1359460 614.9
1359470 615.2
1359480 616.7
1359490 616.7
1359500 619.2
1359510 619.9
1359520 619.9
1359530 620.9
1359540 621.2
1359550 621.2
1359560 621.7
1359570 622.2
1359580 622.2
1359590 622.5
1359600 623.3
1359610 623.3
1359620 625.7
1359630 629.1
1359640 629.1
1359650 632.7
1359660 636.5
1359670 636.5
1359680 640.5
1359690 645.0
1359700 650.1
1359710 650.1
1359720 655.0
1359730 659.5
1359740 659.5
1359750 662.1
1359760 662.9
1359770 662.9
1359780 663.4
1359790 662.8
1359800 662.8
1359810 661.9
1359820 662.9
1359830 662.9
1359840 665.7
1359850 668.1
1359860 668.1
1359870 668.1
1359880 666.3
1359890 666.3
1359900 664.4
1359910 661.8
1359920 661.8
1359930 659.7
1359940 660.4
1359950 660.4
1359960 661.7
1359970 662.9
1359980 662.9
1359990 664.3
