1354950 471.2
1354960 471.2
1354970 471.2
1354980 471.2
1354990 471.2
1355000 471.3
1355010 471.3
1355020 471.3
1355030 471.3
1355040 471.2
1355050 471.2
1355060 471.2
1355070 471.1
1355080 471.1
1355090 471.1
1355100 471.0
1355110 471.0
1355120 471.0
1355130 471.1
1355140 471.1
1355150 471.1
1355160 471.1
1355170 471.1
1355180 471.0
1355190 470.8
1355200 470.8
1355210 470.7
1355220 470.7
1355230 470.7
1355240 470.7
1355250 470.9
1355260 470.9
1355270 470.8
1355280 470.6
1355290 470.6
1355300 470.0
1355310 469.2
1355320 469.2
1355330 468.2
1355340 467.4
1355350 467.4
1355360 466.9
1355370 466.7
1355380 466.8
1355390 466.8
1355400 467.0
1355410 467.1
1355420 467.1
1355430 467.0
1355440 466.5
1355450 466.5
1355460 465.6
1355470 465.5
1355480 465.5
1355490 465.7
1355500 465.7
1355510 465.7
1355520 465.8
1355530 465.9
1355540 465.9
1355550 466.1
1355560 466.1
1355570 466.1
1355580 466.0
1355590 466.1
1355600 466.1
1355610 466.2
1355620 466.3
1355630 466.3
1355640 466.4
1355650 466.4
1355660 466.4
1355670 466.6
1355680 467.2
1355690 467.2
1355700 468.8
1355710 469.5
1355720 469.5
1355730 469.8
1355740 469.9
1355750 469.9
1355760 468.9
1355770 468.0
1355780 468.0
1355790 468.0
1355800 467.1
1355810 465.9
1355820 465.9
1355830 464.7
1355840 464.7
1355850 464.7
1355860 464.8
1355870 464.7
1355880 464.7
1355890 464.7
1355900 464.6
1355910 464.6
1355920 464.5
1355930 464.6
1355940 464.6
1355950 464.7
1355960 464.8
1355970 464.8
1355980 464.8
1355990 464.8
1356000 464.8
1356010 466.5
1356020 468.6
1356030 468.6
1356040 468.0
1356050 467.6
1356060 467.6
1356070 467.7
1356080 467.6
1356090 467.6
1356100 467.5
1356110 467.7
1356120 467.7
1356130 467.8
1356140 467.7
1356150 467.7
1356160 467.7
1356170 467.7
1356180 467.7
1356190 467.7
1356200 467.7
1356210 467.7
1356220 467.7
1356230 467.8
1356240 467.6
1356250 467.6
1356260 467.6
1356270 467.4
1356280 467.4
1356290 467.4
1356300 467.1
1356310 467.1
1356320 466.9
1356330 467.1
1356340 467.1
1356350 467.8
1356360 467.5
1356370 467.5
1356380 467.2
1356390 468.0
1356400 468.0
1356410 468.2
1356420 468.7
1356430 468.7
1356440 470.0
1356450 469.9
1356460 469.9
1356470 470.3
1356480 470.4
1356490 470.4
1356500 471.2
1356510 473.5
1356520 473.5
1356530 476.8
1356540 477.4
1356550 477.4
1356560 476.5
1356570 474.5
1356580 474.5
1356590 471.8
1356600 470.8
1356610 470.8
1356620 471.2
1356630 474.3
1356640 474.3
1356650 479.6
1356660 483.7
1356670 485.9
1356680 485.9
1356690 487.3
1356700 487.7
1356710 487.7
1356720 489.4
1356730 493.1
1356740 493.1
1356750 498.7
1356760 505.6
1356770 505.6
1356780 509.6
1356790 511.5
1356800 511.5
1356810 512.4
1356820 511.7
1356830 511.7
1356840 511.3
1356850 512.1
1356860 512.1
1356870 515.4
1356880 520.7
1356890 520.7
1356900 524.8
1356910 528.7
1356920 528.7
1356930 534.1
1356940 540.0
1356950 540.0
1356960 542.5
1356970 544.5
1356980 544.5
1356990 545.0
1357000 544.6
1357010 544.6
1357020 547.4
1357030 553.0
1357040 553.0
1357050 561.1
1357060 569.6
1357070 569.6
1357080 576.1
1357090 579.0
1357100 582.4
1357110 582.4
1357120 586.6
1357130 591.8
1357140 591.8
1357150 595.1
1357160 595.8
1357170 595.8
1357180 596.6
1357190 597.7
1357200 597.7
1357210 599.0
1357220 600.6
1357230 600.6
1357240 602.5
1357250 604.9
1357260 604.9
1357270 604.6
1357280 602.6
1357290 602.6
1357300 598.7
1357310 595.9
1357320 595.9
1357330 594.8
1357340 594.3
1357350 594.3
1357360 593.5
1357370 593.7
1357380 593.7
1357390 594.1
1357400 594.4
1357410 594.4
1357420 594.7
1357430 595.1
1357440 595.1
1357450 596.0
1357460 598.1
1357470 598.1
1357480 599.2
1357490 599.9
1357500 599.9
1357510 600.3
1357520 601.6
1357530 601.9
1357540 601.9
1357550 601.3
1357560 600.4
1357570 600.4
1357580 600.6
1357590 601.1
1357600 601.1
1357610 601.9
1357620 603.8
1357630 603.8
1357640 607.0
1357650 611.1
1357660 611.1
1357670 615.1
1357680 619.5
1357690 619.5
1357700 625.0
1357710 631.5
1357720 631.5
1357730 638.5
1357740 646.2
1357750 646.2
1357760 653.8
1357770 660.0
1357780 660.0
1357790 662.4
1357800 661.9
1357810 661.9
1357820 661.7
1357830 663.9
1357840 663.9
1357850 667.2
1357860 669.5
1357870 669.5
1357880 671.2
1357890 673.3
1357900 673.3
1357910 674.8
1357920 675.6
1357930 675.6
1357940 677.4
1357950 680.1
1357960 683.6
1357970 683.6
1357980 688.3
1357990 693.3
1358000 693.3
1358010 697.9
1358020 701.7
1358030 701.7
1358040 705.8
1358050 710.2
1358060 710.2
1358070 712.4
1358080 713.5
1358090 713.5
1358100 715.9
1358110 718.5
1358120 718.5
1358130 722.6
1358140 726.3
1358150 726.3
1358160 730.2
1358170 732.5
1358180 732.5
1358190 733.4
1358200 733.9
1358210 733.9
1358220 734.4
1358230 734.9
1358240 734.9
1358250 735.7
1358260 737.3
1358270 737.3
1358280 739.8
1358290 743.1
1358300 743.1
1358310 746.4
1358320 748.2
1358330 748.2
1358340 750.4
1358350 754.9
1358360 754.9
1358370 760.2
1358380 762.7
1358390 762.7
1358400 762.5
1358410 763.4
1358420 765.5
1358430 765.5
1358440 768.0
1358450 770.8
1358460 770.8
1358470 773.6
1358480 777.2
1358490 777.2
1358500 781.0
1358510 783.5
1358520 783.5
1358530 785.1
1358540 784.7
1358550 784.7
1358560 781.8
1358570 781.5
1358580 781.5
1358590 782.2
1358600 785.4
1358610 785.4
1358620 789.8
1358630 793.2
1358640 793.2
1358650 797.7
1358660 803.0
1358670 803.0
1358680 808.4
1358690 812.9
1358700 812.9
1358710 817.8
1358720 821.8
1358730 821.8
1358740 824.9
1358750 828.8
1358760 828.8
1358770 832.0
1358780 833.0
1358790 833.0
1358800 833.8
1358810 836.0
1358820 836.0
1358830 839.4
1358840 842.0
1358850 844.6
1358860 844.6
1358870 847.6
1358880 851.1
1358890 851.1
1358900 854.4
1358910 856.8
1358920 856.8
1358930 857.5
1358940 856.6
1358950 856.6
1358960 854.6
1358970 851.8
1358980 851.8
1358990 849.4
1359000 848.6
1359010 848.6
1359020 848.4
1359030 848.8
1359040 848.8
1359050 849.0
1359060 849.4
1359070 849.4
1359080 849.1
1359090 849.2
1359100 849.2
1359110 850.5
1359120 852.0
1359130 852.0
1359140 852.6
1359150 852.8
1359160 846.0
1359170 846.6
1359180 846.2
1359190 846.2
1359200 842.7
1359210 840.4
1359220 840.4
1359230 839.8
1359240 840.5
1359250 840.5
1359260 843.2
1359270 845.8
1359280 848.6
1359290 848.6
1359300 851.5
1359310 851.2
1359320 851.2
1359330 847.0
1359340 843.3
1359350 843.3
1359360 843.7
1359370 846.9
1359380 846.9
1359390 850.2
1359400 851.9
1359410 851.9
1359420 852.1
1359430 849.4
1359440 849.4
1359450 845.3
1359460 840.8
1359470 840.8
1359480 837.5
1359490 835.3
1359500 835.3
1359510 835.6
1359520 837.8
1359530 837.8
1359540 840.4
1359550 843.0
1359560 843.0
1359570 843.9
1359580 844.6
1359590 844.6
1359600 845.4
1359610 846.3
1359620 846.3
1359630 848.0
1359640 850.5
1359650 850.5
1359660 852.7
1359670 853.9
1359680 853.9
1359690 854.9
1359700 856.7
1359710 859.1
1359720 859.1
1359730 861.7
1359740 863.6
1359750 863.6
1359760 865.3
1359770 866.9
1359780 866.9
1359790 869.7
1359800 873.1
1359810 873.1
1359820 875.3
1359830 876.5
1359840 876.5
1359850 878.6
1359860 882.1
1359870 882.1
1359880 887.5
1359890 889.9
1359900 889.9
1359910 891.1
1359920 891.4
1359930 891.4
1359940 891.0
1359950 891.9
1359960 891.9
1359970 894.0
1359980 896.6
1359990 896.6
