1354300 466.0
1354310 466.0
1354320 466.0
1354330 466.0
1354340 466.0
1354350 466.0
1354360 466.0
1354370 466.0
1354380 466.0
1354390 466.0
1354400 466.0
1354410 466.0
1354420 465.7
1354430 465.7
1354440 465.2
1354450 465.0
1354460 465.0
1354470 464.9
1354480 464.7
1354490 464.7
1354500 464.4
1354510 463.9
1354520 463.9
1354530 463.8
1354540 463.8
1354550 463.8
1354560 463.8
1354570 463.8
1354580 463.8
1354590 463.8
1354600 463.8
1354610 463.8
1354620 463.8
1354630 463.9
1354640 463.9
1354650 464.7
1354660 465.9
1354670 466.1
1354680 466.1
1354690 466.2
1354700 466.2
1354710 466.2
1354720 466.2
1354730 466.1
1354740 466.1
1354750 466.2
1354760 466.3
1354770 466.3
1354780 466.3
1354790 466.3
1354800 466.3
1354810 466.3
1354820 466.3
1354830 466.3
1354840 466.3
1354850 466.4
1354860 466.4
1354870 466.3
1354880 466.3
1354890 466.3
1354900 466.4
1354910 467.8
1354920 467.8
1354930 468.8
1354940 468.7
1354950 468.7
1354960 468.6
1354970 468.1
1354980 468.1
1354990 466.3
1355000 464.9
1355010 464.9
1355020 464.6
1355030 464.6
1355040 464.6
1355050 464.6
1355060 464.6
1355070 464.6
1355080 464.6
1355090 464.5
1355100 464.4
1355110 464.4
1355120 464.3
1355130 464.3
1355140 464.3
1355150 464.3
1355160 464.3
1355170 464.3
1355180 464.3
1355190 464.9
1355200 464.9
1355210 466.7
1355220 466.8
1355230 466.8
1355240 466.3
1355250 466.2
1355260 466.2
1355270 466.2
1355280 466.2
1355290 466.2
1355300 466.3
1355310 466.3
1355320 466.3
1355330 466.3
1355340 466.3
1355350 466.3
1355360 466.3
1355370 466.1
1355380 466.1
1355390 466.2
1355400 466.2
1355410 466.2
1355420 466.2
1355430 466.2
1355440 466.2
1355450 466.2
1355460 466.3
1355470 466.3
1355480 466.4
1355490 466.5
1355500 466.5
1355510 466.5
1355520 466.6
1355530 466.6
1355540 466.6
1355550 466.7
1355560 467.0
1355570 467.0
1355580 467.4
1355590 467.6
1355600 467.6
1355610 467.4
1355620 467.4
1355630 467.4
1355640 467.0
1355650 466.7
1355660 466.7
1355670 466.5
1355680 466.6
1355690 466.6
1355700 466.6
1355710 466.6
1355720 466.6
1355730 466.6
1355740 466.8
1355750 466.8
1355760 466.9
1355770 466.9
1355780 466.9
1355790 467.0
1355800 467.0
1355810 467.0
1355820 467.2
1355830 467.4
1355840 467.4
1355850 467.1
1355860 466.9
1355870 466.9
1355880 466.8
1355890 466.9
1355900 466.9
1355910 466.6
1355920 466.4
1355930 466.4
1355940 466.7
1355950 466.7
1355960 466.8
1355970 466.8
1355980 467.0
1355990 467.2
1356000 467.2
1356010 467.3
1356020 467.3
1356030 467.3
1356040 467.1
1356050 466.5
1356060 466.5
1356070 465.8
1356080 466.1
1356090 466.1
1356100 467.4
1356110 468.1
1356120 468.1
1356130 468.2
1356140 468.2
1356150 468.2
1356160 468.3
1356170 469.1
1356180 469.1
1356190 470.7
1356200 470.8
1356210 470.8
1356220 470.9
1356230 471.4
1356240 471.4
1356250 471.3
1356260 470.6
1356270 470.6
1356280 470.4
1356290 470.9
1356300 470.9
1356310 471.2
1356320 471.2
1356330 471.2
1356340 471.2
1356350 471.3
1356360 471.3
1356370 471.3
1356380 471.3
1356390 471.3
1356400 471.5
1356410 472.0
1356420 472.5
1356430 472.5
1356440 473.7
1356450 474.6
1356460 474.6
1356470 474.5
1356480 474.7
1356490 474.7
1356500 475.4
1356510 475.7
1356520 475.7
1356530 475.6
1356540 475.0
1356550 475.0
1356560 475.1
1356570 474.8
1356580 474.8
1356590 472.0
1356600 469.7
1356610 472.6
1356620 470.0
1356630 468.4
1356640 468.4
1356650 468.7
1356660 470.6
1356670 470.6
1356680 472.0
1356690 472.5
1356700 472.5
1356710 472.6
1356720 473.0
1356730 473.0
1356740 474.0
1356750 475.7
1356760 475.7
1356770 477.7
1356780 478.7
1356790 478.7
1356800 479.1
1356810 481.1
1356820 481.1
1356830 484.6
1356840 486.2
1356850 487.1
1356860 487.1
1356870 487.3
1356880 487.5
1356890 487.5
1356900 487.9
1356910 489.3
1356920 489.3
1356930 490.1
1356940 490.3
1356950 490.3
1356960 491.2
1356970 492.8
1356980 492.8
1356990 493.8
1357000 491.8
1357010 491.8
1357020 485.3
1357030 484.6
1357040 484.6
1357050 488.2
1357060 497.7
1357070 497.7
1357080 503.1
1357090 506.8
1357100 506.8
1357110 509.9
1357120 511.3
1357130 511.3
1357140 511.8
1357150 512.8
1357160 512.8
1357170 514.7
1357180 516.9
1357190 516.9
1357200 517.8
1357210 516.6
1357220 516.6
1357230 514.0
1357240 511.7
1357250 511.7
1357260 512.0
1357270 512.9
1357280 513.2
1357290 513.2
1357300 513.0
1357310 513.8
1357320 513.8
1357330 515.5
1357340 515.7
1357350 515.7
1357360 518.6
1357370 521.5
1357380 521.5
1357390 523.9
1357400 525.5
1357410 525.5
1357420 527.1
1357430 529.1
1357440 529.1
1357450 531.4
1357460 534.0
1357470 534.0
1357480 534.9
1357490 537.0
1357500 537.0
1357510 535.9
1357520 536.3
1357530 536.3
1357540 544.3
1357550 556.7
1357560 556.7
1357570 565.9
1357580 571.6
1357590 571.6
1357600 575.8
1357610 579.6
1357620 582.6
1357630 586.1
1357640 588.3
1357650 588.3
1357660 589.3
1357670 590.4
1357680 590.4
1357690 591.7
1357700 594.3
1357710 599.7
1357720 599.7
1357730 606.6
1357740 614.5
1357750 614.5
1357760 618.3
1357770 618.1
1357780 618.1
1357790 617.3
1357800 620.9
1357810 620.9
1357820 624.4
1357830 627.5
1357840 627.5
1357850 631.5
1357860 634.4
1357870 634.4
1357880 637.5
1357890 639.3
1357900 639.3
1357910 640.1
1357920 640.4
1357930 640.4
1357940 641.0
1357950 642.2
1357960 642.2
1357970 643.6
1357980 644.4
1357990 644.4
1358000 644.0
1358010 643.0
1358020 643.0
1358030 642.3
1358040 642.2
1358050 642.2
1358060 642.4
1358070 642.9
1358080 642.9
1358090 642.8
1358100 642.5
1358110 642.5
1358120 642.8
1358130 643.1
1358140 643.1
1358150 643.2
1358160 645.2
1358170 646.4
1358180 646.4
1358190 647.8
1358200 650.0
1358210 650.0
1358220 652.9
1358230 654.6
1358240 654.6
1358250 654.8
1358260 654.1
1358270 654.1
1358280 653.6
1358290 653.5
1358300 653.5
1358310 654.7
1358320 658.8
1358330 658.8
1358340 663.7
1358350 666.5
1358360 666.5
1358370 666.8
1358380 665.8
1358390 665.8
1358400 664.9
1358410 662.6
1358420 662.6
1358430 660.8
1358440 659.8
1358450 659.8
1358460 659.5
1358470 659.9
1358480 659.9
1358490 660.7
1358500 661.9
1358510 661.9
1358520 663.5
1358530 665.3
1358540 665.3
1358550 667.6
1358560 670.8
1358570 670.8
1358580 673.5
1358590 674.6
1358600 676.6
1358610 676.6
1358620 680.3
1358630 683.1
1358640 681.7
1358650 682.3
1358660 682.6
1358670 682.6
1358680 682.1
1358690 681.7
1358700 681.7
1358710 681.1
1358720 680.1
1358730 680.1
1358740 678.4
1358750 676.9
1358760 676.9
1358770 675.7
1358780 674.4
1358790 674.4
1358800 672.4
1358810 671.2
1358820 671.2
1358830 671.2
1358840 671.5
1358850 671.5
1358860 672.3
1358870 674.1
1358880 674.1
1358890 675.9
1358900 678.0
1358910 678.0
1358920 679.7
1358930 681.0
1358940 681.0
1358950 682.7
1358960 684.5
1358970 684.5
1358980 686.1
1358990 688.5
1359000 688.5
1359010 691.7
1359020 695.3
1359030 700.1
1359040 700.1
1359050 705.6
1359060 711.0
1359070 711.0
1359080 716.0
1359090 721.9
1359100 721.9
1359110 727.2
1359120 730.2
1359130 730.2
1359140 732.1
1359150 737.0
1359160 737.0
1359170 746.0
1359180 758.3
1359190 758.3
1359200 768.4
1359210 778.0
1359220 778.0
1359230 782.6
1359240 785.4
1359250 785.4
1359260 787.0
1359270 786.7
1359280 786.7
1359290 784.9
1359300 783.4
1359310 783.4
1359320 782.2
1359330 781.7
1359340 781.7
1359350 781.5
1359360 781.5
1359370 781.5
1359380 781.8
1359390 782.2
1359400 782.2
1359410 783.0
1359420 784.0
1359430 784.0
1359440 784.7
1359450 785.4
1359460 786.4
1359470 786.4
1359480 787.4
1359490 788.6
1359500 788.6
1359510 790.2
1359520 792.9
1359530 792.9
1359540 797.1
1359550 800.6
1359560 800.6
1359570 803.5
1359580 806.2
1359590 806.2
1359600 808.9
1359610 810.8
1359620 810.8
1359630 813.6
1359640 817.1
1359650 817.1
1359660 818.0
1359670 821.9
1359680 821.9
1359690 825.2
1359700 829.6
1359710 829.6
1359720 835.0
1359730 840.3
1359740 840.3
1359750 846.2
1359760 851.9
1359770 851.9
1359780 857.3
1359790 862.1
1359800 862.1
1359810 866.3
1359820 870.9
1359830 870.9
1359840 876.3
1359850 882.5
1359860 882.5
1359870 888.7
1359880 895.3
1359890 895.3
1359900 902.7
1359910 909.8
1359920 913.9
1359930 913.9
1359940 916.0
1359950 913.2
1359960 913.2
1359970 910.0
1359980 910.1
1359990 910.1
