1354460 466.2
1354470 466.3
1354480 466.3
1354490 466.3
1354500 466.2
1354510 466.1
1354520 466.1
1354530 466.1
1354540 466.1
1354550 466.1
1354560 466.2
1354570 466.3
1354580 466.3
1354590 466.4
1354600 466.4
1354610 466.4
1354620 466.4
1354630 466.5
1354640 466.5
1354650 466.6
1354660 466.6
1354670 466.6
1354680 466.6
1354690 466.6
1354700 466.6
1354710 466.6
1354720 466.6
1354730 466.6
1354740 466.4
1354750 466.3
1354760 466.3
1354770 466.3
1354780 466.4
1354790 466.4
1354800 466.4
1354810 466.3
1354820 466.3
1354830 466.2
1354840 466.0
1354850 466.0
1354860 465.8
1354870 465.7
1354880 465.7
1354890 465.8
1354900 465.9
1354910 465.9
1354920 465.9
1354930 466.0
1354940 466.0
1354950 466.0
1354960 465.8
1354970 465.8
1354980 465.8
1354990 465.8
1355000 465.9
1355010 465.9
1355020 465.8
1355030 465.5
1355040 465.5
1355050 465.8
1355060 467.8
1355070 467.8
1355080 468.9
1355090 468.9
1355100 468.9
1355110 468.7
1355120 468.2
1355130 468.2
1355140 467.7
1355150 466.0
1355160 466.0
1355170 465.6
1355180 464.6
1355190 464.6
1355200 464.6
1355210 464.6
1355220 464.6
1355230 464.6
1355240 464.6
1355250 464.6
1355260 464.6
1355270 464.5
1355280 464.5
1355290 464.5
1355300 464.4
1355310 464.4
1355320 464.5
1355330 464.5
1355340 464.5
1355350 464.4
1355360 464.3
1355370 464.3
1355380 464.3
1355390 464.6
1355400 465.6
1355410 465.6
1355420 466.5
1355430 466.9
1355440 466.9
1355450 467.3
1355460 467.3
1355470 467.3
1355480 467.2
1355490 467.1
1355500 467.1
1355510 467.1
1355520 467.1
1355530 467.1
1355540 467.0
1355550 467.1
1355560 467.1
1355570 467.1
1355580 467.1
1355590 467.1
1355600 467.1
1355610 467.1
1355620 467.1
1355630 467.0
1355640 466.9
1355650 466.9
1355660 466.8
1355670 467.0
1355680 467.0
1355690 467.6
1355700 467.4
1355710 467.4
1355720 467.0
1355730 466.1
1355740 466.1
1355750 465.0
1355760 465.2
1355770 465.2
1355780 466.1
1355790 466.5
1355800 466.7
1355810 466.7
1355820 466.7
1355830 466.7
1355840 466.7
1355850 466.7
1355860 466.8
1355870 466.8
1355880 466.6
1355890 466.6
1355900 466.6
1355910 466.7
1355920 466.8
1355930 466.8
1355940 466.6
1355950 466.8
1355960 466.8
1355970 468.2
1355980 469.6
1355990 469.6
1356000 471.0
1356010 473.1
1356020 473.1
1356030 475.2
1356040 476.6
1356050 476.6
1356060 476.9
1356070 476.9
1356080 476.9
1356090 477.1
1356100 477.3
1356110 477.3
1356120 477.4
1356130 477.5
1356140 477.5
1356150 477.8
1356160 478.1
1356170 478.1
1356180 478.3
1356190 478.1
1356200 478.1
1356210 477.9
1356220 477.9
1356230 477.9
1356240 477.9
1356250 478.0
1356260 478.1
1356270 478.1
1356280 478.4
1356290 478.6
1356300 478.6
1356310 479.0
1356320 479.3
1356330 479.3
1356340 479.3
1356350 479.6
1356360 479.6
1356370 479.8
1356380 480.0
1356390 480.0
1356400 480.2
1356410 480.0
1356420 480.0
1356430 479.8
1356440 480.8
1356450 480.8
1356460 481.0
1356470 481.2
1356480 481.2
1356490 481.3
1356500 481.3
1356510 481.3
1356520 481.4
1356530 481.5
1356540 481.5
1356550 481.4
1356560 481.5
1356570 481.5
1356580 481.6
1356590 481.7
1356600 481.7
1356610 481.6
1356620 481.8
1356630 481.8
1356640 482.1
1356650 482.3
1356660 482.4
1356670 482.4
1356680 482.6
1356690 483.0
1356700 483.0
1356710 483.5
1356720 483.8
1356730 483.8
1356740 484.1
1356750 484.3
1356760 484.3
1356770 484.5
1356780 484.9
1356790 484.9
1356800 485.4
1356810 486.3
1356820 486.3
1356830 487.1
1356840 487.6
1356850 487.6
1356860 483.8
1356870 482.1
1356880 482.1
1356890 482.4
1356900 482.7
1356910 482.7
1356920 483.5
1356930 486.3
1356940 486.3
1356950 490.8
1356960 492.8
1356970 492.8
1356980 493.3
1356990 495.1
1357000 495.1
1357010 496.7
1357020 498.4
1357030 498.4
1357040 500.3
1357050 502.7
1357060 502.7
1357070 505.9
1357080 508.1
1357090 508.1
1357100 510.2
1357110 512.4
1357120 514.2
1357130 514.2
1357140 515.7
1357150 517.8
1357160 517.8
1357170 523.8
1357180 525.8
1357190 525.8
1357200 527.5
1357210 527.5
1357220 527.5
1357230 526.7
1357240 526.0
1357250 526.0
1357260 526.2
1357270 528.0
1357280 528.0
1357290 531.1
1357300 533.8
1357310 533.8
1357320 537.1
1357330 539.8
1357340 539.8
1357350 542.2
1357360 545.0
1357370 545.0
1357380 548.0
1357390 551.0
1357400 551.0
1357410 554.0
1357420 556.9
1357430 556.9
1357440 560.0
1357450 563.2
1357460 563.2
1357470 566.7
1357480 571.6
1357490 571.6
1357500 577.9
1357510 583.4
1357520 583.4
1357530 586.0
1357540 588.5
1357550 591.8
1357560 591.8
1357570 594.0
1357580 595.0
1357590 595.0
1357600 596.9
1357610 598.6
1357620 598.6
1357630 600.2
1357640 602.0
1357650 602.0
1357660 604.7
1357670 607.4
1357680 607.4
1357690 609.2
1357700 610.1
1357710 610.1
1357720 610.8
1357730 612.3
1357740 612.3
1357750 614.1
1357760 615.5
1357770 615.5
1357780 616.2
1357790 615.1
1357800 615.1
1357810 614.2
1357820 614.0
1357830 614.0
1357840 614.3
1357850 614.8
1357860 614.8
1357870 615.2
1357880 615.7
1357890 615.7
1357900 616.2
1357910 617.1
1357920 617.1
1357930 619.0
1357940 620.6
1357950 620.6
1357960 622.9
1357970 626.3
1357980 628.8
1357990 628.8
1358000 629.8
1358010 630.1
1358020 630.1
1358030 630.2
1358040 630.7
1358050 630.7
1358060 631.1
1358070 631.2
1358080 631.2
1358090 634.3
1358100 640.0
1358110 640.0
1358120 644.3
1358130 645.7
1358140 645.7
1358150 645.5
1358160 644.9
1358170 644.9
1358180 648.9
1358190 650.8
1358200 650.8
1358210 652.9
1358220 655.8
1358230 655.8
1358240 658.8
1358250 662.8
1358260 662.8
1358270 667.0
1358280 669.5
1358290 669.5
1358300 670.1
1358310 670.0
1358320 670.0
1358330 668.9
1358340 667.4
1358350 667.4
1358360 665.7
1358370 663.4
1358380 663.4
1358390 661.2
1358400 659.5
1358410 658.5
1358420 658.5
1358430 658.2
1358440 658.4
1358450 658.4
1358460 658.7
1358470 659.1
1358480 659.1
1358490 659.6
1358500 660.0
1358510 660.0
1358520 660.0
1358530 660.1
1358540 660.1
1358550 660.6
1358560 660.8
1358570 660.8
1358580 661.0
1358590 661.1
1358600 661.1
1358610 661.9
1358620 663.0
1358630 663.0
1358640 665.0
1358650 667.6
1358660 667.6
1358670 670.4
1358680 673.1
1358690 673.1
1358700 675.7
1358710 679.9
1358720 679.9
1358730 684.5
1358740 689.1
1358750 689.1
1358760 692.9
1358770 699.8
1358780 699.8
1358790 709.1
1358800 716.4
1358810 716.4
1358820 723.6
1358830 730.2
1358840 734.4
1358850 734.4
1358860 736.0
1358870 737.9
1358880 737.9
1358890 740.0
1358900 742.3
1358910 742.3
1358920 745.1
1358930 747.3
1358940 747.3
1358950 747.6
1358960 749.8
1358970 749.8
1358980 753.9
1358990 758.7
1359000 758.7
1359010 764.9
1359020 770.8
1359030 770.8
1359040 777.8
1359050 784.9
1359060 784.9
1359070 790.9
1359080 796.3
1359090 796.3
1359100 800.5
1359110 804.3
1359120 804.3
1359130 808.1
1359140 812.3
1359150 812.3
1359160 817.0
1359170 820.5
1359180 820.5
1359190 821.6
1359200 826.0
1359210 826.0
1359220 825.6
1359230 826.9
1359240 826.9
1359250 828.9
1359260 830.2
1359270 830.2
1359280 830.5
1359290 827.5
1359300 824.0
1359310 824.0
1359320 823.2
1359330 823.3
1359340 823.3
1359350 824.5
1359360 826.5
1359370 826.5
1359380 828.8
1359390 831.2
1359400 831.2
1359410 833.8
1359420 836.1
1359430 836.1
1359440 838.3
1359450 840.1
1359460 840.1
1359470 841.9
1359480 844.4
1359490 844.4
1359500 847.1
1359510 848.3
1359520 848.3
1359530 848.9
1359540 849.9
1359550 849.9
1359560 850.9
1359570 852.3
1359580 852.3
1359590 852.8
1359600 852.3
1359610 852.3
1359620 851.9
1359630 853.0
1359640 853.0
1359650 853.3
1359660 852.4
1359670 852.4
1359680 852.2
1359690 851.5
1359700 851.5
1359710 849.4
1359720 846.2
1359730 844.1
1359740 844.1
1359750 844.3
1359760 845.7
1359770 845.7
1359780 847.3
1359790 849.2
1359800 849.2
1359810 851.6
1359820 853.7
1359830 853.7
1359840 855.0
1359850 856.5
1359860 856.5
1359870 858.3
1359880 861.1
1359890 861.1
1359900 864.8
1359910 868.6
1359920 868.6
1359930 872.9
1359940 878.9
1359950 878.9
1359960 886.1
1359970 898.1
1359980 898.1
1359990 911.7
