1353670 464.4
1353680 464.4
1353690 464.4
1353700 464.4
1353710 464.4
1353720 464.4
1353730 464.5
1353740 464.5
1353750 464.5
1353760 464.3
1353770 464.2
1353780 464.2
1353790 464.1
1353800 463.8
1353810 463.8
1353820 463.6
1353830 463.5
1353840 463.5
1353850 462.6
1353860 463.0
1353870 463.0
1353880 463.8
1353890 464.1
1353900 464.1
1353910 464.0
1353920 464.2
1353930 464.2
1353940 464.2
1353950 463.8
1353960 463.8
1353970 464.4
1353980 464.4
1353990 464.4
1354000 464.5
1354010 463.9
1354020 464.1
1354030 464.1
1354040 464.4
1354050 464.5
1354060 464.5
1354070 463.9
1354080 464.3
1354090 464.3
1354100 465.6
1354110 466.9
1354120 466.9
1354130 466.8
1354140 466.6
1354150 466.6
1354160 465.2
1354170 463.9
1354180 463.9
1354190 463.7
1354200 464.0
1354210 464.0
1354220 466.0
1354230 465.2
1354240 465.2
1354250 464.4
1354260 464.4
1354270 464.4
1354280 464.4
1354290 464.4
1354300 464.4
1354310 464.3
1354320 464.3
1354330 464.3
1354340 464.2
1354350 464.3
1354360 464.3
1354370 464.3
1354380 464.3
1354390 464.3
1354400 464.3
1354410 464.8
1354420 464.8
1354430 466.3
1354440 464.4
1354450 464.4
1354460 462.7
1354470 464.4
1354480 464.7
1354490 464.7
1354500 464.8
1354510 464.7
1354520 464.7
1354530 464.6
1354540 464.5
1354550 464.5
1354560 464.5
1354570 464.3
1354580 464.3
1354590 464.4
1354600 464.3
1354610 464.3
1354620 464.2
1354630 464.0
1354640 464.0
1354650 463.8
1354660 463.6
1354670 463.6
1354680 463.5
1354690 463.6
1354700 463.6
1354710 463.6
1354720 464.0
1354730 464.0
1354740 465.3
1354750 469.6
1354760 469.6
1354770 470.5
1354780 469.3
1354790 469.3
1354800 467.8
1354810 466.4
1354820 466.4
1354830 464.9
1354840 463.8
1354850 463.8
1354860 463.6
1354870 463.7
1354880 463.7
1354890 463.7
1354900 463.5
1354910 463.6
1354920 463.6
1354930 463.8
1354940 463.7
1354950 463.7
1354960 463.8
1354970 463.8
1354980 463.8
1354990 463.7
1355000 463.6
1355010 463.6
1355020 463.5
1355030 464.2
1355040 464.2
1355050 465.1
1355060 465.1
1355070 465.1
1355080 465.1
1355090 465.4
1355100 465.4
1355110 466.4
1355120 467.9
1355130 467.9
1355140 469.2
1355150 469.8
1355160 469.8
1355170 470.0
1355180 470.8
1355190 470.8
1355200 471.0
1355210 471.7
1355220 471.7
1355230 472.2
1355240 471.9
1355250 471.9
1355260 470.9
1355270 470.5
1355280 470.5
1355290 470.1
1355300 470.0
1355310 470.0
1355320 469.6
1355330 469.0
1355340 469.0
1355350 469.1
1355360 469.4
1355370 469.7
1355380 469.7
1355390 469.8
1355400 470.2
1355410 470.2
1355420 470.5
1355430 470.8
1355440 470.8
1355450 471.1
1355460 471.2
1355470 471.2
1355480 471.2
1355490 471.3
1355500 471.3
1355510 471.5
1355520 471.9
1355530 471.9
1355540 472.3
1355550 472.8
1355560 472.8
1355570 473.3
1355580 473.8
1355590 473.8
1355600 474.1
1355610 474.3
1355620 474.3
1355630 474.1
1355640 474.1
1355650 474.1
1355660 474.2
1355670 474.4
1355680 474.4
1355690 475.0
1355700 475.2
1355710 475.2
1355720 475.6
1355730 477.2
1355740 477.2
1355750 477.9
1355760 479.0
1355770 479.0
1355780 482.0
1355790 486.6
1355800 489.9
1355810 489.9
1355820 493.4
1355830 498.5
1355840 498.5
1355850 503.2
1355860 504.6
1355870 504.6
1355880 506.6
1355890 507.9
1355900 507.9
1355910 509.7
1355920 512.5
1355930 512.5
1355940 516.2
1355950 518.5
1355960 518.5
1355970 520.8
1355980 523.6
1355990 523.6
1356000 526.4
1356010 528.8
1356020 528.8
1356030 531.4
1356040 534.8
1356050 534.8
1356060 538.3
1356070 540.9
1356080 540.9
1356090 543.5
1356100 545.8
1356110 545.8
1356120 547.1
1356130 547.7
1356140 547.7
1356150 548.7
1356160 550.6
1356170 550.6
1356180 552.8
1356190 555.3
1356200 555.3
1356210 558.6
1356220 562.9
1356230 562.9
1356240 568.0
1356250 573.6
1356260 579.2
1356270 579.2
1356280 585.0
1356290 590.9
1356300 590.9
1356310 596.9
1356320 602.8
1356330 602.8
1356340 608.7
1356350 614.3
1356360 614.3
1356370 620.4
1356380 626.2
1356390 626.2
1356400 631.2
1356410 636.3
1356420 636.3
1356430 641.5
1356440 646.8
1356450 646.8
1356460 651.8
1356470 656.8
1356480 656.8
1356490 661.0
1356500 664.8
1356510 664.8
1356520 668.8
1356530 672.8
1356540 672.8
1356550 677.0
1356560 681.5
1356570 681.5
1356580 684.7
1356590 687.6
1356600 687.6
1356610 691.5
1356620 695.8
1356630 695.8
1356640 700.1
1356650 704.3
1356660 704.3
1356670 708.3
1356680 711.8
1356690 715.2
1356700 715.2
1356710 718.9
1356720 722.2
1356730 722.2
1356740 724.8
1356750 727.0
1356760 727.0
1356770 728.4
1356780 728.7
1356790 728.7
1356800 728.2
1356810 727.8
1356820 727.8
1356830 727.7
1356840 728.5
1356850 728.5
1356860 729.9
1356870 732.0
1356880 732.0
1356890 734.2
1356900 736.1
1356910 736.1
1356920 738.1
1356930 733.2
1356940 733.2
1356950 734.3
1356960 734.5
1356970 734.5
1356980 734.9
1356990 735.0
1357000 735.0
1357010 735.3
1357020 741.4
1357030 741.4
1357040 745.5
1357050 750.1
1357060 750.1
1357070 756.4
1357080 762.7
1357090 762.7
1357100 768.2
1357110 773.0
1357120 773.0
1357130 778.8
1357140 783.6
1357150 789.4
1357160 789.4
1357170 794.8
1357180 796.9
1357190 796.9
1357200 798.8
1357210 801.7
1357220 801.7
1357230 808.1
1357240 817.5
1357250 817.5
1357260 828.1
1357270 833.7
1357280 833.7
1357290 837.0
1357300 839.2
1357310 839.2
1357320 841.1
1357330 843.2
1357340 843.2
1357350 845.6
1357360 846.1
1357370 846.1
1357380 842.7
1357390 838.5
1357400 838.5
1357410 837.9
1357420 839.4
1357430 839.4
1357440 840.7
1357450 840.9
1357460 840.9
1357470 840.9
1357480 840.9
1357490 840.9
1357500 839.5
1357510 837.8
1357520 837.8
1357530 835.9
1357540 834.0
1357550 834.0
1357560 833.4
1357570 833.6
1357580 832.7
1357590 832.7
1357600 830.5
1357610 826.8
1357620 826.8
1357630 824.0
1357640 823.4
1357650 823.4
1357660 820.9
1357670 818.3
1357680 818.3
1357690 816.8
1357700 815.6
1357710 815.6
1357720 814.4
1357730 812.2
1357740 812.2
1357750 809.6
1357760 806.9
1357770 806.9
1357780 803.4
1357790 801.1
1357800 801.1
1357810 798.2
1357820 794.5
1357830 794.5
1357840 791.1
1357850 788.4
1357860 788.4
1357870 785.4
1357880 783.0
1357890 783.0
1357900 781.7
1357910 779.1
1357920 779.1
1357930 774.6
1357940 769.6
1357950 769.6
1357960 766.2
1357970 759.8
1357980 759.8
1357990 752.7
1358000 748.2
1358010 748.2
1358020 745.6
1358030 741.3
1358040 738.1
1358050 738.1
1358060 736.6
1358070 736.3
1358080 736.3
1358090 738.2
1358100 740.6
1358110 740.6
1358120 741.1
1358130 741.7
1358140 741.7
1358150 744.0
1358160 746.9
1358170 746.9
1358180 750.6
1358190 753.4
1358200 753.4
1358210 756.9
1358220 761.9
1358230 761.9
1358240 766.2
1358250 767.7
1358260 767.7
1358270 770.6
1358280 775.5
1358290 775.5
1358300 775.5
1358310 776.7
1358320 776.7
1358330 776.6
1358340 777.2
1358350 777.2
1358360 777.5
1358370 778.7
1358380 778.7
1358390 777.8
1358400 774.7
1358410 774.7
1358420 770.7
1358430 767.6
1358440 767.6
1358450 770.7
1358460 778.2
1358470 786.3
1358480 786.3
1358490 790.7
1358500 793.0
1358510 793.0
1358520 794.3
1358530 795.3
1358540 795.3
1358550 797.2
1358560 799.1
1358570 799.1
1358580 800.1
1358590 799.9
1358600 799.9
1358610 798.5
1358620 793.8
1358630 793.8
1358640 790.3
1358650 788.8
1358660 788.8
1358670 788.7
1358680 789.9
1358690 789.9
1358700 791.7
1358710 792.9
1358720 792.9
1358730 792.5
1358740 788.3
1358750 788.3
1358760 784.4
1358770 782.8
1358780 782.8
1358790 782.2
1358800 781.5
1358810 781.5
1358820 780.7
1358830 780.7
1358840 780.7
1358850 781.2
1358860 781.6
1358870 781.6
1358880 781.7
1358890 782.0
1358900 782.0
1358910 781.6
1358920 781.2
1358930 781.5
1358940 781.5
1358950 781.7
1358960 781.1
1358970 781.1
1358980 781.8
1358990 782.5
1359000 782.5
1359010 783.0
1359020 783.2
1359030 783.2
1359040 783.3
1359050 783.4
1359060 783.4
1359070 782.8
1359080 781.3
1359090 781.3
1359100 778.8
1359110 776.0
1359120 776.0
1359130 769.5
1359140 761.1
1359150 761.1
1359160 753.7
1359170 747.2
1359180 747.2
1359190 744.9
1359200 743.7
1359210 743.7
1359220 743.8
1359230 746.8
1359240 746.8
1359250 749.8
1359260 751.0
1359270 751.0
1359280 753.7
1359290 757.5
1359300 757.5
1359310 763.0
1359320 769.5
1359330 769.5
1359340 773.9
1359350 777.4
1359360 779.3
1359370 779.3
1359380 781.3
1359390 783.6
1359400 783.6
1359410 784.6
1359420 785.4
1359430 785.4
1359440 785.9
1359450 786.5
1359460 786.5
1359470 787.5
1359480 788.1
1359490 788.1
1359500 788.0
1359510 788.0
1359520 788.0
1359530 788.6
1359540 788.7
1359550 788.7
1359560 788.5
1359570 788.9
1359580 788.9
1359590 789.8
1359600 791.3
1359610 791.3
1359620 792.7
1359630 794.2
1359640 794.2
1359650 795.6
1359660 796.9
1359670 796.9
1359680 798.5
1359690 800.2
1359700 800.2
1359710 802.1
1359720 804.2
1359730 804.2
1359740 806.2
1359750 807.8
1359760 807.8
1359770 808.9
1359780 810.1
1359790 810.1
1359800 810.8
1359810 811.2
1359820 811.5
1359830 811.5
1359840 811.7
1359850 811.5
1359860 811.5
1359870 811.4
1359880 811.3
1359890 811.3
1359900 811.0
1359910 810.2
1359920 810.2
1359930 809.3
1359940 808.0
1359950 808.0
1359960 806.3
1359970 805.4
1359980 805.4
1359990 805.7
