1353680 463.3
1353690 463.3
1353700 463.3
1353710 463.3
1353720 463.3
1353730 463.4
1353740 463.5
1353750 463.5
1353760 463.7
1353770 463.9
1353780 463.9
1353790 464.0
1353800 463.9
1353810 463.9
1353820 464.0
1353830 464.3
1353840 464.3
1353850 464.4
1353860 464.3
1353870 464.3
1353880 464.3
1353890 464.3
1353900 464.3
1353910 464.3
1353920 464.2
1353930 464.2
1353940 464.2
1353950 464.1
1353960 464.1
1353970 464.1
1353980 464.1
1353990 464.1
1354000 464.2
1354010 464.3
1354020 464.3
1354030 464.1
1354040 464.1
1354050 464.1
1354060 464.2
1354070 464.3
1354080 464.3
1354090 464.3
1354100 464.8
1354110 464.8
1354120 466.6
1354130 467.1
1354140 466.9
1354150 466.9
1354160 466.7
1354170 465.8
1354180 465.8
1354190 464.5
1354200 464.2
1354210 464.2
1354220 463.9
1354230 465.6
1354240 465.6
1354250 465.5
1354260 464.4
1354270 464.4
1354280 464.4
1354290 464.4
1354300 464.4
1354310 464.4
1354320 464.4
1354330 464.4
1354340 464.3
1354350 464.3
1354360 464.3
1354370 464.2
1354380 464.2
1354390 464.2
1354400 464.2
1354410 464.2
1354420 464.2
1354430 464.6
1354440 466.3
1354450 466.3
1354460 464.6
1354470 462.8
1354480 462.8
1354490 464.4
1354500 464.8
1354510 464.8
1354520 464.8
1354530 464.7
1354540 464.7
1354550 464.6
1354560 464.5
1354570 464.5
1354580 464.5
1354590 464.4
1354600 464.2
1354610 464.2
1354620 464.0
1354630 463.9
1354640 463.9
1354650 463.8
1354660 463.7
1354670 463.7
1354680 463.6
1354690 463.7
1354700 463.7
1354710 463.7
1354720 463.6
1354730 463.6
1354740 463.5
1354750 463.3
1354760 463.3
1354770 462.8
1354780 463.4
1354790 463.4
1354800 464.3
1354810 464.4
1354820 464.4
1354830 464.0
1354840 463.6
1354850 463.6
1354860 463.6
1354870 463.6
1354880 463.6
1354890 463.6
1354900 463.6
1354910 463.6
1354920 463.7
1354930 463.8
1354940 463.8
1354950 463.7
1354960 463.7
1354970 463.7
1354980 463.7
1354990 463.8
1355000 463.8
1355010 463.9
1355020 463.8
1355030 463.8
1355040 463.8
1355050 463.8
1355060 463.8
1355070 463.8
1355080 463.8
1355090 463.8
1355100 463.8
1355110 464.7
1355120 465.5
1355130 465.5
1355140 465.9
1355150 466.0
1355160 466.0
1355170 466.9
1355180 469.1
1355190 469.1
1355200 470.1
1355210 471.7
1355220 471.7
1355230 472.7
1355240 471.7
1355250 471.7
1355260 469.4
1355270 469.0
1355280 469.0
1355290 468.9
1355300 469.0
1355310 469.0
1355320 469.3
1355330 469.4
1355340 469.4
1355350 469.6
1355360 469.7
1355370 469.7
1355380 469.6
1355390 469.5
1355400 469.5
1355410 469.3
1355420 469.8
1355430 469.8
1355440 469.8
1355450 469.6
1355460 469.3
1355470 469.3
1355480 469.4
1355490 469.5
1355500 469.5
1355510 469.4
1355520 469.6
1355530 469.6
1355540 470.0
1355550 469.1
1355560 469.1
1355570 469.6
1355580 470.5
1355590 470.5
1355600 471.4
1355610 472.3
1355620 472.3
1355630 472.8
1355640 473.6
1355650 473.6
1355660 474.2
1355670 474.1
1355680 474.1
1355690 474.0
1355700 473.8
1355710 473.8
1355720 473.8
1355730 473.9
1355740 473.9
1355750 473.9
1355760 473.8
1355770 473.8
1355780 473.9
1355790 474.1
1355800 474.1
1355810 474.3
1355820 474.5
1355830 474.5
1355840 475.1
1355850 477.0
1355860 477.0
1355870 480.0
1355880 483.4
1355890 483.4
1355900 486.3
1355910 489.2
1355920 491.5
1355930 491.5
1355940 494.0
1355950 497.1
1355960 497.1
1355970 500.3
1355980 503.0
1355990 503.0
1356000 505.3
1356010 507.1
1356020 507.1
1356030 510.3
1356040 512.7
1356050 512.7
1356060 514.7
1356070 516.7
1356080 516.7
1356090 518.3
1356100 519.8
1356110 519.8
1356120 521.6
1356130 524.0
1356140 524.0
1356150 526.2
1356160 528.4
1356170 528.4
1356180 531.4
1356190 535.6
1356200 535.6
1356210 540.9
1356220 546.1
1356230 546.1
1356240 551.0
1356250 555.9
1356260 555.9
1356270 561.1
1356280 566.1
1356290 566.1
1356300 570.3
1356310 574.8
1356320 574.8
1356330 579.7
1356340 584.5
1356350 589.5
1356360 589.5
1356370 594.8
1356380 601.3
1356390 601.3
1356400 610.9
1356410 619.9
1356420 619.9
1356430 624.5
1356440 630.2
1356450 630.2
1356460 637.6
1356470 642.9
1356480 642.9
1356490 647.6
1356500 651.6
1356510 651.6
1356520 655.3
1356530 658.9
1356540 658.9
1356550 661.1
1356560 663.9
1356570 663.9
1356580 666.7
1356590 669.5
1356600 669.5
1356610 671.9
1356620 673.6
1356630 673.6
1356640 675.3
1356650 678.3
1356660 678.3
1356670 681.5
1356680 684.4
1356690 684.4
1356700 687.1
1356710 688.9
1356720 688.9
1356730 690.3
1356740 692.2
1356750 692.2
1356760 692.8
1356770 690.2
1356780 690.2
1356790 685.8
1356800 684.5
1356810 685.9
1356820 685.9
1356830 687.9
1356840 690.1
1356850 690.1
1356860 692.3
1356870 693.9
1356880 693.9
1356890 695.4
1356900 696.7
1356910 696.7
1356920 698.0
1356930 699.4
1356940 699.4
1356950 699.7
1356960 698.8
1356970 698.8
1356980 703.1
1356990 706.6
1357000 706.6
1357010 710.0
1357020 714.6
1357030 714.6
1357040 719.9
1357050 725.8
1357060 725.8
1357070 732.8
1357080 740.0
1357090 740.0
1357100 746.4
1357110 750.8
1357120 750.8
1357130 755.6
1357140 760.3
1357150 760.3
1357160 763.8
1357170 766.3
1357180 766.3
1357190 769.5
1357200 773.8
1357210 773.8
1357220 780.0
1357230 789.6
1357240 798.9
1357250 798.9
1357260 803.5
1357270 807.2
1357280 807.2
1357290 809.8
1357300 810.9
1357310 810.9
1357320 811.8
1357330 813.2
1357340 813.2
1357350 813.9
1357360 814.9
1357370 814.9
1357380 814.8
1357390 813.0
1357400 813.0
1357410 813.7
1357420 814.4
1357430 814.4
1357440 814.3
1357450 816.3
1357460 816.3
1357470 819.0
1357480 819.0
1357490 819.0
1357500 819.8
1357510 818.9
1357520 818.9
1357530 816.4
1357540 814.8
1357550 814.8
1357560 807.8
1357570 805.4
1357580 805.4
1357590 804.2
1357600 799.6
1357610 799.6
1357620 793.5
1357630 788.7
1357640 788.7
1357650 784.0
1357660 780.9
1357670 780.9
1357680 779.4
1357690 778.6
1357700 777.2
1357710 777.2
1357720 775.2
1357730 773.6
1357740 773.6
1357750 772.7
1357760 772.3
1357770 772.3
1357780 772.5
1357790 772.4
1357800 772.4
1357810 771.3
1357820 769.5
1357830 769.5
1357840 767.7
1357850 764.9
1357860 764.9
1357870 762.3
1357880 759.3
1357890 759.3
1357900 757.5
1357910 753.3
1357920 753.3
1357930 747.2
1357940 741.5
1357950 741.5
1357960 735.9
1357970 730.4
1357980 730.4
1357990 726.2
1358000 723.7
1358010 723.7
1358020 719.8
1358030 718.6
1358040 718.6
1358050 721.0
1358060 722.8
1358070 722.8
1358080 725.4
1358090 727.7
1358100 727.7
1358110 729.5
1358120 731.9
1358130 734.7
1358140 734.7
1358150 736.8
1358160 739.0
1358170 739.0
1358180 739.7
1358190 739.9
1358200 739.9
1358210 741.8
1358220 743.0
1358230 743.0
1358240 743.6
1358250 744.9
1358260 744.9
1358270 747.4
1358280 752.5
1358290 752.5
1358300 755.5
1358310 756.0
1358320 756.0
1358330 758.1
1358340 759.2
1358350 759.2
1358360 761.9
1358370 762.0
1358380 762.0
1358390 758.4
1358400 754.9
1358410 754.9
1358420 752.2
1358430 751.3
1358440 751.3
1358450 754.1
1358460 757.9
1358470 757.9
1358480 761.6
1358490 764.4
1358500 764.4
1358510 769.3
1358520 774.4
1358530 774.4
1358540 780.2
1358550 786.3
1358560 786.3
1358570 783.5
1358580 782.1
1358590 783.2
1358600 783.2
1358610 782.5
1358620 781.6
1358630 781.6
1358640 781.4
1358650 782.5
1358660 782.5
1358670 785.4
1358680 789.1
1358690 789.1
1358700 788.5
1358710 785.6
1358720 785.6
1358730 783.5
1358740 781.1
1358750 781.1
1358760 779.2
1358770 778.0
1358780 778.0
1358790 776.9
1358800 776.3
1358810 776.3
1358820 776.1
1358830 776.1
1358840 776.1
1358850 775.7
1358860 775.3
1358870 775.3
1358880 774.7
1358890 774.0
1358900 774.0
1358910 773.5
1358920 773.2
1358930 773.2
1358940 773.1
1358950 773.3
1358960 773.3
1358970 773.5
1358980 773.5
1358990 773.5
1359000 773.3
1359010 773.2
1359020 772.8
1359030 772.8
1359040 772.0
1359050 770.5
1359060 770.5
1359070 768.6
1359080 766.2
1359090 766.2
1359100 763.4
1359110 756.1
1359120 756.1
1359130 748.9
1359140 745.9
1359150 745.9
1359160 743.3
1359170 742.3
1359180 742.3
1359190 743.4
1359200 744.9
1359210 744.9
1359220 745.9
1359230 747.7
1359240 747.7
1359250 748.6
1359260 748.1
1359270 748.1
1359280 751.5
1359290 756.2
1359300 756.2
1359310 759.9
1359320 763.6
1359330 763.6
1359340 768.7
1359350 770.5
1359360 770.5
1359370 771.5
1359380 774.9
1359390 774.9
1359400 778.2
1359410 781.2
1359420 781.2
1359430 784.7
1359440 787.5
1359450 787.5
1359460 788.7
1359470 789.4
1359480 789.7
1359490 789.7
1359500 789.2
1359510 788.7
1359520 788.7
1359530 788.8
1359540 788.2
1359550 788.2
1359560 788.3
1359570 789.1
1359580 789.1
1359590 788.2
1359600 790.0
1359610 790.0
1359620 788.4
1359630 788.9
1359640 788.9
1359650 790.0
1359660 791.3
1359670 791.3
1359680 792.6
1359690 795.7
1359700 795.7
1359710 799.5
1359720 802.6
1359730 802.6
1359740 804.2
1359750 805.5
1359760 805.5
1359770 806.6
1359780 805.9
1359790 805.9
1359800 803.4
1359810 801.8
1359820 801.8
1359830 801.1
1359840 800.3
1359850 800.3
1359860 800.4
1359870 801.1
1359880 801.1
1359890 801.6
1359900 801.8
1359910 801.9
1359920 801.9
1359930 802.1
1359940 802.4
1359950 802.4
1359960 802.8
1359970 803.4
1359980 803.4
1359990 804.1
