1353480 461.9
1353490 462.4
1353500 462.4
1353510 463.2
1353520 464.2
1353530 464.2
1353540 462.6
1353550 461.9
1353560 461.9
1353570 462.1
1353580 461.6
1353590 461.6
1353600 461.7
1353610 461.7
1353620 461.7
1353630 461.6
1353640 461.5
1353650 461.5
1353660 461.5
1353670 461.5
1353680 461.5
1353690 461.5
1353700 461.6
1353710 461.6
1353720 461.6
1353730 461.7
1353740 461.7
1353750 461.7
1353760 461.7
1353770 461.7
1353780 461.8
1353790 461.7
1353800 461.7
1353810 461.7
1353820 461.7
1353830 461.8
1353840 461.8
1353850 462.5
1353860 463.4
1353870 463.4
1353880 463.9
1353890 463.9
1353900 463.9
1353910 463.8
1353920 463.8
1353930 463.8
1353940 463.6
1353950 463.9
1353960 463.9
1353970 464.3
1353980 464.5
1353990 464.5
1354000 464.5
1354010 464.2
1354020 464.2
1354030 464.8
1354040 465.9
1354050 465.9
1354060 464.8
1354070 464.9
1354080 464.9
1354090 465.0
1354100 464.9
1354110 464.8
1354120 464.8
1354130 464.9
1354140 465.2
1354150 465.2
1354160 464.8
1354170 464.2
1354180 464.2
1354190 464.2
1354200 464.3
1354210 464.3
1354220 464.4
1354230 465.9
1354240 465.9
1354250 464.7
1354260 462.5
1354270 462.5
1354280 463.6
1354290 464.2
1354300 464.2
1354310 464.1
1354320 463.8
1354330 463.8
1354340 463.2
1354350 463.3
1354360 463.3
1354370 464.4
1354380 464.4
1354390 464.4
1354400 464.4
1354410 464.4
1354420 464.4
1354430 464.2
1354440 463.7
1354450 463.7
1354460 463.5
1354470 463.5
1354480 463.5
1354490 463.7
1354500 463.8
1354510 463.8
1354520 463.8
1354530 463.7
1354540 463.7
1354550 463.7
1354560 463.9
1354570 464.5
1354580 464.5
1354590 463.7
1354600 463.6
1354610 463.6
1354620 464.0
1354630 464.9
1354640 464.9
1354650 466.0
1354660 468.6
1354670 468.6
1354680 473.8
1354690 479.9
1354700 479.9
1354710 482.8
1354720 487.5
1354730 487.5
1354740 494.5
1354750 498.4
1354760 496.0
1354770 499.7
1354780 505.5
1354790 505.5
1354800 515.3
1354810 524.5
1354820 524.5
1354830 532.3
1354840 537.2
1354850 537.2
1354860 540.2
1354870 544.1
1354880 544.1
1354890 547.5
1354900 552.6
1354910 552.6
1354920 558.5
1354930 562.7
1354940 562.7
1354950 564.9
1354960 566.8
1354970 566.8
1354980 568.4
1354990 570.3
1355000 571.8
1355010 571.8
1355020 573.7
1355030 576.6
1355040 576.6
1355050 580.2
1355060 584.3
1355070 584.3
1355080 588.9
1355090 593.9
1355100 593.9
1355110 599.5
1355120 602.8
1355130 602.8
1355140 603.0
1355150 602.4
1355160 602.4
1355170 602.3
1355180 605.1
1355190 605.1
1355200 609.1
1355210 613.6
1355220 613.6
1355230 617.9
1355240 621.0
1355250 621.0
1355260 622.5
1355270 621.7
1355280 621.7
1355290 619.8
1355300 620.6
1355310 620.6
1355320 624.3
1355330 626.0
1355340 626.0
1355350 625.9
1355360 626.5
1355370 626.5
1355380 628.0
1355390 630.3
1355400 630.3
1355410 633.0
1355420 635.6
1355430 635.6
1355440 638.2
1355450 641.1
1355460 644.3
1355470 644.3
1355480 648.3
1355490 653.5
1355500 653.5
1355510 660.8
1355520 667.5
1355530 667.5
1355540 673.9
1355550 680.2
1355560 680.2
1355570 686.3
1355580 692.1
1355590 692.1
1355600 697.4
1355610 702.3
1355620 702.3
1355630 707.2
1355640 712.0
1355650 712.0
1355660 716.6
1355670 721.1
1355680 721.1
1355690 724.8
1355700 728.4
1355710 728.4
1355720 731.8
1355730 734.4
1355740 734.4
1355750 733.6
1355760 735.5
1355770 735.5
1355780 738.0
1355790 741.1
1355800 741.1
1355810 744.2
1355820 747.0
1355830 747.0
1355840 748.9
1355850 749.8
1355860 749.8
1355870 751.4
1355880 755.1
1355890 755.1
1355900 760.4
1355910 765.5
1355920 771.1
1355930 771.1
1355940 776.9
1355950 782.5
1355960 782.5
1355970 786.7
1355980 789.7
1355990 789.7
1356000 793.6
1356010 796.0
1356020 796.0
1356030 795.8
1356040 793.1
1356050 793.1
1356060 792.5
1356070 794.7
1356080 794.7
1356090 797.5
1356100 797.4
1356110 797.4
1356120 793.9
1356130 789.4
1356140 789.4
1356150 790.5
1356160 794.4
1356170 794.4
1356180 798.2
1356190 805.3
1356200 805.3
1356210 817.7
1356220 829.4
1356230 829.4
1356240 833.2
1356250 831.7
1356260 831.7
1356270 830.2
1356280 836.9
1356290 836.9
1356300 851.2
1356310 872.8
1356320 872.8
1356330 886.4
1356340 883.7
1356350 894.6
1356360 894.6
1356370 907.4
1356380 908.8
1356390 908.8
1356400 904.3
1356410 902.1
1356420 902.1
1356430 903.7
1356440 904.9
1356450 904.9
1356460 908.2
1356470 913.2
1356480 913.2
1356490 919.9
1356500 925.6
1356510 925.6
1356520 930.2
1356530 933.6
1356540 933.6
1356550 936.8
1356560 939.3
1356570 939.3
1356580 941.8
1356590 944.3
1356600 944.3
1356610 947.9
1356620 951.9
1356630 951.9
1356640 954.9
1356650 957.6
1356660 957.6
1356670 960.4
1356680 962.3
1356690 962.3
1356700 964.0
1356710 965.4
1356720 965.4
1356730 967.5
1356740 970.6
1356750 970.6
1356760 983.5
1356770 986.9
1356780 986.9
1356790 991.3
1356800 993.8
1356810 994.8
1356820 994.8
1356830 996.3
1356840 998.1
1356850 998.1
1356860 1000.4
1356870 1002.5
1356880 1002.5
1356890 1004.7
1356900 1006.6
1356910 1006.6
1356920 1008.2
1356930 1010.0
1356940 1010.0
1356950 1011.2
1356960 1012.3
1356970 1012.3
1356980 1013.9
1356990 1015.5
1357000 1015.5
1357010 1017.3
1357020 1019.4
1357030 1019.4
1357040 1021.2
1357050 1022.1
1357060 1022.1
1357070 1023.1
1357080 1024.0
1357090 1024.0
1357100 1023.5
1357110 1022.4
1357120 1022.4
1357130 1022.0
1357140 1022.5
1357150 1022.5
1357160 1023.0
1357170 1023.4
1357180 1023.4
1357190 1023.8
1357200 1023.7
1357210 1023.7
1357220 1023.6
1357230 1023.2
1357240 1023.2
1357250 1022.8
1357260 1022.3
1357270 1021.9
1357280 1021.9
1357290 1020.9
1357300 1019.7
1357310 1019.7
1357320 1018.6
1357330 1017.5
1357340 1017.5
1357350 1016.7
1357360 1016.0
1357370 1016.0
1357380 1015.3
1357390 1014.8
1357400 1014.8
1357410 1014.1
1357420 1013.4
1357430 1013.4
1357440 1012.5
1357450 1011.3
1357460 1011.3
1357470 1009.8
1357480 1008.3
1357490 1008.3
1357500 1006.8
1357510 1005.1
1357520 1005.1
1357530 1003.3
1357540 1001.1
1357550 1001.1
1357560 999.2
1357570 997.5
1357580 997.5
1357590 996.3
1357600 995.5
1357610 995.5
1357620 995.0
1357630 994.3
1357640 994.3
1357650 993.0
1357660 991.5
1357670 991.5
1357680 990.0
1357690 988.6
1357700 987.5
1357710 987.5
1357720 986.5
1357730 985.9
1357740 985.9
1357750 984.3
1357760 982.5
1357770 988.5
1357780 988.0
1357790 987.0
1357800 987.0
1357810 985.5
1357820 984.4
1357830 984.4
1357840 982.5
1357850 979.8
1357860 979.8
1357870 977.2
1357880 974.6
1357890 974.6
1357900 973.6
1357910 974.0
1357920 974.0
1357930 974.4
1357940 974.0
1357950 974.0
1357960 972.6
1357970 970.8
1357980 970.8
1357990 970.0
1358000 970.4
1358010 970.4
1358020 970.8
1358030 970.0
1358040 970.0
1358050 968.8
1358060 967.4
1358070 967.4
1358080 964.4
1358090 961.8
1358100 961.8
1358110 962.6
1358120 964.2
1358130 964.2
1358140 963.2
1358150 960.2
1358160 957.7
1358170 957.7
1358180 956.2
1358190 954.7
1358200 954.7
1358210 953.0
1358220 951.9
1358230 951.9
1358240 951.0
1358250 949.9
1358260 949.9
1358270 949.0
1358280 949.2
1358290 949.2
1358300 949.8
1358310 949.8
1358320 949.8
1358330 950.0
1358340 952.4
1358350 952.4
1358360 954.2
1358370 957.2
1358380 957.2
1358390 959.5
1358400 960.8
1358410 960.8
1358420 959.9
1358430 957.6
1358440 957.6
1358450 954.8
1358460 952.3
1358470 952.3
1358480 949.4
1358490 946.8
1358500 946.8
1358510 944.5
1358520 942.6
1358530 942.6
1358540 940.6
1358550 937.6
1358560 937.6
1358570 933.5
1358580 929.6
1358590 929.6
1358600 926.4
1358610 924.7
1358620 924.3
1358630 924.3
1358640 923.8
1358650 923.0
1358660 923.0
1358670 921.6
1358680 918.3
1358690 918.3
1358700 913.2
1358710 908.1
1358720 908.1
1358730 904.7
1358740 902.3
1358750 902.3
1358760 900.0
1358770 896.9
1358780 895.8
1358790 891.9
1358800 886.5
1358810 886.5
1358820 882.1
1358830 879.0
1358840 879.0
1358850 875.0
1358860 870.8
1358870 870.8
1358880 865.1
1358890 858.7
1358900 858.7
1358910 853.8
1358920 850.5
1358930 850.5
1358940 847.9
1358950 846.5
1358960 846.5
1358970 844.4
1358980 842.3
1358990 842.3
1359000 840.1
1359010 838.0
1359020 838.0
1359030 836.2
1359040 835.0
1359050 833.7
1359060 833.7
1359070 831.8
1359080 830.4
1359090 830.4
1359100 828.7
1359110 827.2
1359120 827.2
1359130 825.6
1359140 823.9
1359150 823.9
1359160 820.8
1359170 815.0
1359180 815.0
1359190 812.9
1359200 809.4
1359210 809.4
1359220 802.2
1359230 791.0
1359240 791.0
1359250 793.6
1359260 801.0
1359270 801.0
1359280 808.0
1359290 804.6
1359300 804.6
1359310 793.4
1359320 779.4
1359330 779.4
1359340 771.4
1359350 772.3
1359360 772.3
1359370 776.9
1359380 782.0
1359390 782.0
1359400 787.2
1359410 791.3
1359420 791.3
1359430 797.3
1359440 806.3
1359450 806.3
1359460 809.2
1359470 813.6
1359480 813.6
1359490 816.0
1359500 818.7
1359510 822.6
1359520 822.6
1359530 828.3
1359540 833.8
1359550 833.8
1359560 837.2
1359570 844.1
1359580 844.1
1359590 849.8
1359600 851.2
1359610 851.2
1359620 851.6
1359630 853.8
1359640 853.8
1359650 857.3
1359660 861.4
1359670 861.4
1359680 865.3
1359690 869.1
1359700 869.1
1359710 873.5
1359720 877.8
1359730 877.8
1359740 881.2
1359750 883.7
1359760 883.7
1359770 887.3
1359780 891.0
1359790 891.0
1359800 894.3
1359810 898.7
1359820 898.7
1359830 903.0
1359840 907.1
1359850 907.1
1359860 910.5
1359870 912.6
1359880 912.6
1359890 914.2
1359900 916.0
1359910 916.0
1359920 917.9
1359930 920.1
1359940 920.1
1359950 922.3
1359960 924.7
1359970 927.3
1359980 927.3
1359990 929.7
