1353270 463.7
1353280 463.7
1353290 463.7
1353300 463.7
1353310 463.7
1353320 463.7
1353330 463.6
1353340 463.6
1353350 463.6
1353360 463.5
1353370 463.5
1353380 463.5
1353390 461.7
1353400 461.0
1353410 461.0
1353420 461.2
1353430 461.6
1353440 461.6
1353450 461.7
1353460 461.9
1353470 461.9
1353480 462.2
1353490 462.4
1353500 462.4
1353510 462.8
1353520 462.9
1353530 462.9
1353540 463.0
1353550 462.7
1353560 462.7
1353570 462.8
1353580 462.7
1353590 462.7
1353600 462.8
1353610 462.9
1353620 462.8
1353630 462.8
1353640 462.9
1353650 463.0
1353660 463.0
1353670 463.0
1353680 463.0
1353690 463.0
1353700 463.0
1353710 463.1
1353720 463.1
1353730 463.2
1353740 463.2
1353750 463.2
1353760 463.3
1353770 463.3
1353780 463.3
1353790 463.3
1353800 463.8
1353810 463.8
1353820 464.4
1353830 464.5
1353840 464.5
1353850 464.2
1353860 463.3
1353870 463.3
1353880 463.6
1353890 465.4
1353900 465.4
1353910 464.5
1353920 464.3
1353930 464.3
1353940 464.3
1353950 464.3
1353960 464.3
1353970 464.3
1353980 464.3
1353990 464.3
1354000 464.3
1354010 464.2
1354020 464.2
1354030 464.2
1354040 464.2
1354050 464.2
1354060 464.2
1354070 464.4
1354080 465.1
1354090 465.1
1354100 465.2
1354110 463.0
1354120 463.0
1354130 461.9
1354140 462.8
1354150 462.8
1354160 462.6
1354170 462.6
1354180 462.6
1354190 462.7
1354200 462.9
1354210 462.9
1354220 463.3
1354230 463.5
1354240 463.5
1354250 463.4
1354260 463.3
1354270 463.3
1354280 463.2
1354290 463.3
1354300 463.3
1354310 463.3
1354320 463.4
1354330 463.4
1354340 463.5
1354350 463.4
1354360 463.4
1354370 463.3
1354380 463.3
1354390 463.3
1354400 463.2
1354410 463.2
1354420 463.2
1354430 463.0
1354440 462.8
1354450 462.8
1354460 462.8
1354470 462.9
1354480 462.9
1354490 462.9
1354500 462.9
1354510 462.9
1354520 463.6
1354530 463.9
1354540 466.4
1354550 466.4
1354560 474.2
1354570 482.3
1354580 482.3
1354590 487.7
1354600 492.5
1354610 492.5
1354620 497.3
1354630 499.6
1354640 499.6
1354650 503.1
1354660 506.0
1354670 506.0
1354680 509.2
1354690 514.9
1354700 514.9
1354710 521.2
1354720 528.0
1354730 528.0
1354740 535.5
1354750 543.7
1354760 543.7
1354770 553.7
1354780 565.8
1354790 565.8
1354800 572.2
1354810 575.8
1354820 575.8
1354830 582.4
1354840 589.7
1354850 589.7
1354860 597.2
1354870 604.4
1354880 604.4
1354890 612.3
1354900 619.1
1354910 619.1
1354920 627.9
1354930 638.9
1354940 638.9
1354950 652.7
1354960 659.9
1354970 659.9
1354980 666.6
1354990 672.9
1355000 679.8
1355010 679.8
1355020 686.8
1355030 694.4
1355040 694.4
1355050 701.7
1355060 709.4
1355070 709.4
1355080 717.2
1355090 724.9
1355100 724.9
1355110 732.8
1355120 743.6
1355130 743.6
1355140 760.1
1355150 773.4
1355160 773.4
1355170 785.2
1355180 793.1
1355190 793.1
1355200 801.8
1355210 811.3
1355220 811.3
1355230 822.7
1355240 833.1
1355250 833.1
1355260 838.3
1355270 841.6
1355280 841.6
1355290 844.9
1355300 849.3
1355310 849.3
1355320 856.4
1355330 861.0
1355340 861.0
1355350 863.0
1355360 865.8
1355370 865.8
1355380 868.4
1355390 872.4
1355400 872.4
1355410 875.9
1355420 879.9
1355430 879.9
1355440 885.0
1355450 890.3
1355460 896.4
1355470 896.4
1355480 903.4
1355490 909.4
1355500 909.4
1355510 915.8
1355520 923.4
1355530 923.4
1355540 931.1
1355550 937.0
1355560 937.0
1355570 944.5
1355580 952.5
1355590 952.5
1355600 958.0
1355610 963.9
1355620 963.9
1355630 970.6
1355640 975.2
1355650 975.2
1355660 977.1
1355670 983.5
1355680 983.5
1355690 989.5
1355700 995.2
1355710 995.2
1355720 1000.7
1355730 1005.6
1355740 1005.6
1355750 1010.9
1355760 1016.8
1355770 1016.8
1355780 1023.0
1355790 1029.3
1355800 1029.3
1355810 1036.2
1355820 1044.2
1355830 1044.2
1355840 1053.2
1355850 1060.5
1355860 1060.5
1355870 1067.2
1355880 1073.7
1355890 1080.2
1355900 1080.2
1355910 1086.5
1355920 1092.8
1355930 1092.8
1355940 1098.6
1355950 1105.0
1355960 1105.0
1355970 1110.8
1355980 1114.1
1355990 1114.1
1356000 1120.1
1356010 1124.5
1356020 1124.5
1356030 1132.1
1356040 1139.8
1356050 1139.8
1356060 1143.5
1356070 1146.0
1356080 1146.0
1356090 1146.9
1356100 1146.2
1356110 1146.2
1356120 1146.4
1356130 1148.0
1356140 1148.0
1356150 1149.9
1356160 1151.5
1356170 1151.5
1356180 1153.4
1356190 1155.3
1356200 1155.3
1356210 1157.5
1356220 1159.8
1356230 1159.8
1356240 1162.7
1356250 1166.3
1356260 1166.3
1356270 1169.7
1356280 1172.2
1356290 1172.2
1356300 1173.6
1356310 1173.2
1356320 1173.2
1356330 1171.1
1356340 1168.8
1356350 1166.8
1356360 1166.8
1356370 1164.8
1356380 1166.1
1356390 1166.1
1356400 1167.3
1356410 1167.6
1356420 1167.6
1356430 1168.1
1356440 1169.0
1356450 1169.0
1356460 1168.3
1356470 1167.7
1356480 1167.7
1356490 1167.0
1356500 1165.3
1356510 1165.3
1356520 1163.7
1356530 1162.4
1356540 1162.4
1356550 1160.3
1356560 1160.0
1356570 1160.0
1356580 1160.1
1356590 1158.5
1356600 1158.5
1356610 1157.5
1356620 1157.4
1356630 1152.3
1356640 1151.0
1356650 1148.9
1356660 1148.9
1356670 1146.4
1356680 1143.4
1356690 1143.4
1356700 1140.8
1356710 1137.6
1356720 1137.6
1356730 1134.7
1356740 1132.7
1356750 1132.7
1356760 1130.3
1356770 1128.3
1356780 1128.3
1356790 1125.8
1356800 1122.6
1356810 1118.8
1356820 1118.8
1356830 1115.2
1356840 1111.6
1356850 1111.6
1356860 1109.6
1356870 1107.8
1356880 1107.8
1356890 1105.8
1356900 1104.6
1356910 1104.6
1356920 1103.1
1356930 1101.2
1356940 1101.2
1356950 1099.2
1356960 1097.3
1356970 1097.3
1356980 1095.7
1356990 1093.8
1357000 1093.8
1357010 1092.1
1357020 1091.4
1357030 1091.4
1357040 1091.5
1357050 1091.9
1357060 1091.9
1357070 1091.8
1357080 1090.8
1357090 1090.8
1357100 1088.2
1357110 1085.3
1357120 1085.3
1357130 1083.2
1357140 1082.5
1357150 1082.5
1357160 1080.4
1357170 1078.2
1357180 1078.2
1357190 1076.7
1357200 1075.2
1357210 1075.2
1357220 1073.4
1357230 1069.4
1357240 1069.4
1357250 1064.6
1357260 1061.9
1357270 1061.1
1357280 1061.1
1357290 1057.3
1357300 1054.9
1357310 1054.9
1357320 1051.7
1357330 1048.1
1357340 1048.1
1357350 1045.3
1357360 1042.6
1357370 1042.6
1357380 1040.5
1357390 1038.4
1357400 1038.4
1357410 1036.5
1357420 1034.9
1357430 1034.9
1357440 1033.6
1357450 1032.2
1357460 1032.2
1357470 1030.7
1357480 1030.0
1357490 1030.0
1357500 1029.9
1357510 1030.2
1357520 1030.2
1357530 1030.1
1357540 1029.4
1357550 1029.4
1357560 1029.0
1357570 1028.7
1357580 1028.7
1357590 1028.9
1357600 1029.7
1357610 1029.7
1357620 1031.1
1357630 1030.4
1357640 1030.4
1357650 1029.7
1357660 1027.6
1357670 1027.6
1357680 1024.0
1357690 1020.3
1357700 1020.3
1357710 1018.0
1357720 1015.1
1357730 1012.7
1357740 1012.7
1357750 1011.7
1357760 1011.8
1357770 1011.8
1357780 1012.3
1357790 1012.7
1357800 1012.7
1357810 1013.8
1357820 1014.3
1357830 1014.3
1357840 1013.1
1357850 1011.9
1357860 1011.9
1357870 1010.3
1357880 1009.5
1357890 1009.5
1357900 1008.7
1357910 1007.3
1357920 1007.3
1357930 1006.3
1357940 1006.8
1357950 1006.8
1357960 1007.8
1357970 1007.3
1357980 1007.3
1357990 1006.5
1358000 1006.4
1358010 1006.4
1358020 1005.1
1358030 1001.4
1358040 1001.4
1358050 997.4
1358060 993.6
1358070 993.6
1358080 988.6
1358090 983.9
1358100 983.9
1358110 982.0
1358120 980.9
1358130 980.9
1358140 978.8
1358150 976.3
1358160 973.7
1358170 973.7
1358180 971.1
1358190 967.5
1358200 967.5
1358210 963.8
1358220 961.7
1358230 961.7
1358240 959.9
1358250 956.0
1358260 956.0
1358270 950.7
1358280 946.1
1358290 946.1
1358300 941.9
1358310 936.5
1358320 936.5
1358330 930.8
1358340 925.6
1358350 925.6
1358360 920.9
1358370 917.0
1358380 917.0
1358390 912.6
1358400 907.9
1358410 907.9
1358420 907.9
1358430 911.1
1358440 911.1
1358450 915.8
1358460 919.5
1358470 919.5
1358480 922.8
1358490 925.4
1358500 925.4
1358510 927.9
1358520 930.2
1358530 930.2
1358540 932.4
1358550 934.3
1358560 934.3
1358570 935.9
1358580 937.7
1358590 937.7
1358600 939.4
1358610 940.9
1358620 941.9
1358630 941.9
1358640 942.5
1358650 941.2
1358660 941.2
1358670 941.1
1358680 941.0
1358690 941.0
1358700 940.8
1358710 940.3
1358720 940.3
1358730 939.6
1358740 939.2
1358750 939.2
1358760 939.8
1358770 941.0
1358780 941.0
1358790 942.4
1358800 943.8
1358810 943.8
1358820 945.3
1358830 947.1
1358840 947.1
1358850 949.5
1358860 952.6
1358870 952.6
1358880 955.2
1358890 956.7
1358900 956.7
1358910 958.2
1358920 959.5
1358930 959.5
1358940 962.5
1358950 964.3
1358960 964.3
1358970 965.9
1358980 967.0
1358990 967.0
1359000 968.1
1359010 969.6
1359020 969.6
1359030 970.3
1359040 970.2
1359050 970.2
1359060 971.3
1359070 973.6
1359080 975.8
1359090 975.8
1359100 977.9
1359110 979.5
1359120 979.5
1359130 983.0
1359140 986.6
1359150 986.6
1359160 990.6
1359170 992.5
1359180 992.5
1359190 993.2
1359200 994.2
1359210 994.2
1359220 995.1
1359230 995.6
1359240 995.6
1359250 995.9
1359260 994.8
1359270 994.8
1359280 992.6
1359290 992.1
1359300 992.1
1359310 992.3
1359320 992.8
1359330 992.8
1359340 993.5
1359350 993.9
1359360 993.9
1359370 994.5
1359380 995.1
1359390 995.1
1359400 996.0
1359410 997.6
1359420 997.6
1359430 998.7
1359440 997.7
1359450 997.7
1359460 995.4
1359470 991.4
1359480 991.4
1359490 986.6
1359500 982.2
1359510 982.2
1359520 978.8
1359530 975.4
1359540 971.1
1359550 971.1
1359560 966.4
1359570 961.0
1359580 961.0
1359590 955.0
1359600 950.4
1359610 950.4
1359620 947.0
1359630 943.7
1359640 943.7
1359650 940.9
1359660 938.2
1359670 938.2
1359680 933.1
1359690 929.9
1359700 929.9
1359710 927.2
1359720 924.7
1359730 924.7
1359740 921.6
1359750 919.3
1359760 919.3
1359770 917.5
1359780 915.5
1359790 915.5
1359800 913.6
1359810 911.6
1359820 911.6
1359830 909.8
1359840 908.1
1359850 908.1
1359860 906.4
1359870 903.8
1359880 903.8
1359890 901.5
1359900 901.0
1359910 901.0
1359920 898.7
1359930 894.2
1359940 894.2
1359950 885.9
1359960 878.2
1359970 878.2
1359980 872.0
1359990 868.6
