1353200 463.7
1353210 463.7
1353220 463.6
1353230 463.5
1353240 463.5
1353250 463.5
1353260 463.4
1353270 463.4
1353280 463.4
1353290 463.3
1353300 463.3
1353310 462.8
1353320 461.8
1353330 461.8
1353340 460.9
1353350 460.8
1353360 460.8
1353370 460.8
1353380 460.6
1353390 460.6
1353400 460.6
1353410 460.7
1353420 460.7
1353430 462.1
1353440 462.2
1353450 462.2
1353460 462.2
1353470 462.7
1353480 462.7
1353490 462.6
1353500 462.6
1353510 462.6
1353520 462.7
1353530 462.8
1353540 462.8
1353550 462.8
1353560 462.7
1353570 462.5
1353580 462.5
1353590 462.6
1353600 462.8
1353610 462.8
1353620 462.8
1353630 462.8
1353640 462.8
1353650 462.7
1353660 462.8
1353670 462.8
1353680 463.1
1353690 464.2
1353700 464.2
1353710 464.7
1353720 464.7
1353730 464.7
1353740 464.2
1353750 462.9
1353760 462.9
1353770 462.7
1353780 462.7
1353790 462.7
1353800 462.8
1353810 462.4
1353820 462.4
1353830 463.0
1353840 465.2
1353850 465.2
1353860 464.3
1353870 464.3
1353880 464.3
1353890 464.2
1353900 464.2
1353910 464.2
1353920 464.3
1353930 464.3
1353940 464.3
1353950 464.3
1353960 464.2
1353970 464.2
1353980 464.2
1353990 464.2
1354000 464.2
1354010 464.2
1354020 464.2
1354030 465.1
1354040 465.1
1354050 464.4
1354060 462.1
1354070 462.1
1354080 462.3
1354090 463.4
1354100 463.4
1354110 463.5
1354120 463.5
1354130 463.5
1354140 463.4
1354150 463.3
1354160 463.3
1354170 463.4
1354180 463.3
1354190 463.3
1354200 463.2
1354210 463.2
1354220 463.2
1354230 463.3
1354240 463.5
1354250 463.5
1354260 463.4
1354270 462.9
1354280 462.9
1354290 462.8
1354300 462.8
1354310 462.8
1354320 462.9
1354330 462.9
1354340 462.9
1354350 463.0
1354360 462.8
1354370 462.8
1354380 462.7
1354390 462.9
1354400 462.9
1354410 463.3
1354420 463.4
1354430 463.4
1354440 463.3
1354450 463.2
1354460 463.3
1354470 463.3
1354480 463.4
1354490 463.4
1354500 463.4
1354510 464.6
1354520 468.7
1354530 468.7
1354540 475.3
1354550 482.2
1354560 482.2
1354570 489.5
1354580 497.3
1354590 497.3
1354600 505.9
1354610 515.0
1354620 515.0
1354630 526.1
1354640 537.9
1354650 537.9
1354660 547.6
1354670 555.7
1354680 555.7
1354690 562.9
1354700 570.3
1354710 570.3
1354720 578.7
1354730 585.5
1354740 585.5
1354750 592.3
1354760 597.8
1354770 597.8
1354780 603.5
1354790 608.6
1354800 608.6
1354810 614.0
1354820 619.7
1354830 619.7
1354840 625.8
1354850 632.1
1354860 632.1
1354870 638.9
1354880 645.5
1354890 645.5
1354900 652.5
1354910 659.7
1354920 667.1
1354930 667.1
1354940 675.2
1354950 688.0
1354960 688.0
1354970 702.5
1354980 710.5
1354990 710.5
1355000 718.0
1355010 726.1
1355020 726.1
1355030 735.3
1355040 744.9
1355050 744.9
1355060 753.0
1355070 761.7
1355080 761.7
1355090 770.3
1355100 778.7
1355110 778.7
1355120 787.4
1355130 806.5
1355140 806.5
1355150 819.7
1355160 825.7
1355170 825.7
1355180 835.3
1355190 847.3
1355200 847.3
1355210 865.3
1355220 906.0
1355230 906.0
1355240 911.4
1355250 918.2
1355260 918.2
1355270 923.9
1355280 932.3
1355290 932.3
1355300 941.6
1355310 946.3
1355320 946.3
1355330 951.1
1355340 954.6
1355350 954.6
1355360 956.9
1355370 958.7
1355380 959.8
1355390 959.8
1355400 960.5
1355410 956.9
1355420 956.9
1355430 953.5
1355440 952.7
1355450 952.7
1355460 955.0
1355470 960.4
1355480 960.4
1355490 966.6
1355500 974.2
1355510 974.2
1355520 981.4
1355530 989.8
1355540 989.8
1355550 997.1
1355560 1002.5
1355570 1002.5
1355580 1007.5
1355590 1012.2
1355600 1012.2
1355610 1017.7
1355620 1022.5
1355630 1022.5
1355640 1027.5
1355650 1032.6
1355660 1032.6
1355670 1038.2
1355680 1044.5
1355690 1044.5
1355700 1051.2
1355710 1058.7
1355720 1058.7
1355730 1065.4
1355740 1072.0
1355750 1072.0
1355760 1077.9
1355770 1081.8
1355780 1081.8
1355790 1085.1
1355800 1088.5
1355810 1088.5
1355820 1092.8
1355830 1097.9
1355840 1104.1
1355850 1104.1
1355860 1110.1
1355870 1117.0
1355880 1117.0
1355890 1123.8
1355900 1130.7
1355910 1130.7
1355920 1137.5
1355930 1144.6
1355940 1144.6
1355950 1151.2
1355960 1158.0
1355970 1158.0
1355980 1165.0
1355990 1172.2
1356000 1172.2
1356010 1179.2
1356020 1186.5
1356030 1186.5
1356040 1194.0
1356050 1201.4
1356060 1201.4
1356070 1208.6
1356080 1215.8
1356090 1215.8
1356100 1223.1
1356110 1230.8
1356120 1230.8
1356130 1238.4
1356140 1245.7
1356150 1245.7
1356160 1250.2
1356170 1257.6
1356180 1257.6
1356190 1265.4
1356200 1273.2
1356210 1273.2
1356220 1281.0
1356230 1289.3
1356240 1289.3
1356250 1297.6
1356260 1305.1
1356270 1305.1
1356280 1311.8
1356290 1320.9
1356300 1340.3
1356310 1340.3
1356320 1352.4
1356330 1351.0
1356340 1351.0
1356350 1347.5
1356360 1344.0
1356370 1344.0
1356380 1340.2
1356390 1336.5
1356400 1336.5
1356410 1333.1
1356420 1329.9
1356430 1329.9
1356440 1331.9
1356450 1328.5
1356460 1328.5
1356470 1324.3
1356480 1319.3
1356490 1319.3
1356500 1314.2
1356510 1309.5
1356520 1309.5
1356530 1304.4
1356540 1299.2
1356550 1299.2
1356560 1294.0
1356570 1289.1
1356580 1289.1
1356590 1284.5
1356600 1279.4
1356610 1279.4
1356620 1274.2
1356630 1268.4
1356640 1268.4
1356650 1263.6
1356660 1261.1
1356670 1261.1
1356680 1261.4
1356690 1260.6
1356700 1260.6
1356710 1256.5
1356720 1250.6
1356730 1250.6
1356740 1244.8
1356750 1238.7
1356760 1233.8
1356770 1233.8
1356780 1230.5
1356790 1227.1
1356800 1227.1
1356810 1222.8
1356820 1219.2
1356830 1219.2
1356840 1218.6
1356850 1219.1
1356860 1219.1
1356870 1218.1
1356880 1215.1
1356890 1215.1
1356900 1211.3
1356910 1208.1
1356920 1208.1
1356930 1206.4
1356940 1205.8
1356950 1205.8
1356960 1205.5
1356970 1206.3
1356980 1206.3
1356990 1205.2
1357000 1205.5
1357010 1205.5
1357020 1205.7
1357030 1202.6
1357040 1202.6
1357050 1199.2
1357060 1195.6
1357070 1195.6
1357080 1189.9
1357090 1184.4
1357100 1184.4
1357110 1179.7
1357120 1175.8
1357130 1175.8
1357140 1172.5
1357150 1169.1
1357160 1164.5
1357170 1161.2
1357180 1158.2
1357190 1158.2
1357200 1154.9
1357210 1152.0
1357220 1149.5
1357230 1149.5
1357240 1146.6
1357250 1142.7
1357260 1142.7
1357270 1139.1
1357280 1135.6
1357290 1135.6
1357300 1131.8
1357310 1128.8
1357320 1128.8
1357330 1126.3
1357340 1123.5
1357350 1123.5
1357360 1119.3
1357370 1115.5
1357380 1115.5
1357390 1111.7
1357400 1108.4
1357410 1108.4
1357420 1106.0
1357430 1104.6
1357440 1104.6
1357450 1103.7
1357460 1101.9
1357470 1101.9
1357480 1098.4
1357490 1093.8
1357500 1093.8
1357510 1089.9
1357520 1086.4
1357530 1086.4
1357540 1082.5
1357550 1076.5
1357560 1076.5
1357570 1065.4
1357580 1056.3
1357590 1056.3
1357600 1049.7
1357610 1044.0
1357620 1044.0
1357630 1038.6
1357640 1034.6
1357650 1033.0
1357660 1033.0
1357670 1031.6
1357680 1029.8
1357690 1029.8
1357700 1029.0
1357710 1028.9
1357720 1028.9
1357730 1029.9
1357740 1032.3
1357750 1032.3
1357760 1032.2
1357770 1030.6
1357780 1030.6
1357790 1029.7
1357800 1028.1
1357810 1028.1
1357820 1023.2
1357830 1019.8
1357840 1019.8
1357850 1018.2
1357860 1018.3
1357870 1018.3
1357880 1020.3
1357890 1021.9
1357900 1021.9
1357910 1021.6
1357920 1021.8
1357930 1021.8
1357940 1021.9
1357950 1022.1
1357960 1022.1
1357970 1017.2
1357980 1010.7
1357990 1010.7
1358000 1007.5
1358010 1008.3
1358020 1008.3
1358030 1007.8
1358040 1000.9
1358050 1000.9
1358060 994.2
1358070 987.8
1358080 987.8
1358090 982.6
1358100 978.1
1358110 975.6
1358120 975.6
1358130 975.6
1358140 976.2
1358150 976.2
1358160 974.3
1358170 970.6
1358180 972.5
1358190 967.1
1358200 961.2
1358210 961.2
1358220 954.3
1358230 947.4
1358240 947.4
1358250 941.7
1358260 937.4
1358270 937.4
1358280 933.8
1358290 930.7
1358300 930.7
1358310 927.1
1358320 923.7
1358330 923.7
1358340 923.9
1358350 925.4
1358360 925.4
1358370 927.1
1358380 929.5
1358390 929.5
1358400 931.6
1358410 933.9
1358420 933.9
1358430 936.3
1358440 939.4
1358450 939.4
1358460 943.2
1358470 947.2
1358480 947.2
1358490 950.9
1358500 954.4
1358510 954.4
1358520 957.2
1358530 960.0
1358540 960.0
1358550 963.7
1358560 967.2
1358570 969.9
1358580 969.9
1358590 972.0
1358600 973.2
1358610 973.2
1358620 975.2
1358630 978.3
1358640 978.3
1358650 982.3
1358660 987.3
1358670 987.3
1358680 993.8
1358690 999.8
1358700 999.8
1358710 1004.9
1358720 1010.0
1358730 1010.0
1358740 1014.4
1358750 1017.9
1358760 1017.9
1358770 1020.7
1358780 1024.0
1358790 1024.0
1358800 1027.0
1358810 1029.0
1358820 1029.0
1358830 1031.2
1358840 1032.3
1358850 1032.3
1358860 1031.4
1358870 1030.9
1358880 1030.9
1358890 1030.9
1358900 1030.7
1358910 1030.7
1358920 1028.6
1358930 1025.2
1358940 1025.2
1358950 1024.1
1358960 1023.9
1358970 1023.9
1358980 1023.6
1358990 1022.5
1359000 1022.5
1359010 1021.9
1359020 1022.1
1359030 1023.0
1359040 1023.0
1359050 1023.7
1359060 1024.0
1359070 1024.0
1359080 1025.4
1359090 1027.9
1359100 1027.9
1359110 1029.5
1359120 1031.5
1359130 1031.5
1359140 1033.7
1359150 1035.7
1359160 1035.7
1359170 1037.5
1359180 1039.6
1359190 1039.6
1359200 1039.1
1359210 1040.9
1359220 1040.9
1359230 1041.8
1359240 1043.0
1359250 1043.0
1359260 1044.4
1359270 1045.7
1359280 1045.7
1359290 1047.0
1359300 1048.8
1359310 1048.8
1359320 1050.5
1359330 1052.3
1359340 1052.3
1359350 1053.3
1359360 1054.4
1359370 1054.4
1359380 1055.8
1359390 1057.2
1359400 1057.2
1359410 1058.6
1359420 1059.2
1359430 1059.2
1359440 1060.0
1359450 1060.4
1359460 1060.4
1359470 1061.1
1359480 1062.5
1359490 1064.9
1359500 1064.9
1359510 1067.4
1359520 1068.3
1359530 1068.3
1359540 1068.4
1359550 1068.4
1359560 1068.4
1359570 1068.0
1359580 1067.0
1359590 1067.0
1359600 1065.7
1359610 1064.3
1359620 1064.3
1359630 1060.7
1359640 1055.0
1359650 1055.0
1359660 1049.6
1359670 1042.7
1359680 1042.7
1359690 1033.3
1359700 1024.3
1359710 1024.3
1359720 1015.5
1359730 1005.9
1359740 1005.9
1359750 997.7
1359760 990.8
1359770 990.8
1359780 984.4
1359790 978.0
1359800 978.0
1359810 972.0
1359820 966.2
1359830 966.2
1359840 960.5
1359850 955.3
1359860 955.3
1359870 949.8
1359880 942.8
1359890 942.8
1359900 933.7
1359910 926.6
1359920 926.6
1359930 921.1
1359940 915.8
1359950 909.6
1359960 909.6
1359970 903.2
1359980 897.2
1359990 897.2
