1353190 463.5
1353200 463.4
1353210 463.4
1353220 463.4
1353230 463.4
1353240 463.4
1353250 463.3
1353260 463.7
1353270 463.7
1353280 463.9
1353290 463.7
1353300 463.7
1353310 462.8
1353320 460.9
1353330 460.9
1353340 460.5
1353350 460.5
1353360 460.5
1353370 460.5
1353380 460.6
1353390 460.5
1353400 460.5
1353410 460.5
1353420 460.5
1353430 460.5
1353440 461.4
1353450 462.2
1353460 462.2
1353470 462.6
1353480 462.7
1353490 462.7
1353500 462.4
1353510 462.5
1353520 462.5
1353530 462.5
1353540 462.5
1353550 462.5
1353560 462.5
1353570 462.6
1353580 462.6
1353590 462.6
1353600 462.9
1353610 462.9
1353620 463.3
1353630 463.7
1353640 463.7
1353650 464.2
1353660 464.7
1353670 464.7
1353680 464.8
1353690 464.5
1353700 464.5
1353710 463.0
1353720 462.7
1353730 462.7
1353740 462.7
1353750 462.7
1353760 462.7
1353770 462.5
1353780 462.6
1353790 462.6
1353800 462.5
1353810 462.8
1353820 462.8
1353830 465.1
1353840 464.4
1353850 464.2
1353860 464.2
1353870 464.2
1353880 464.2
1353890 464.2
1353900 464.2
1353910 464.2
1353920 464.2
1353930 464.2
1353940 464.2
1353950 464.2
1353960 464.2
1353970 464.2
1353980 464.2
1353990 464.2
1354000 464.3
1354010 464.3
1354020 465.0
1354030 464.6
1354040 464.6
1354050 462.3
1354060 462.2
1354070 462.2
1354080 463.5
1354090 463.3
1354100 463.3
1354110 463.0
1354120 462.4
1354130 462.4
1354140 462.2
1354150 462.2
1354160 462.2
1354170 462.8
1354180 462.9
1354190 462.9
1354200 462.8
1354210 462.9
1354220 462.9
1354230 462.9
1354240 462.8
1354250 462.8
1354260 463.1
1354270 463.0
1354280 463.0
1354290 462.4
1354300 462.1
1354310 461.5
1354320 461.5
1354330 461.8
1354340 462.3
1354350 462.3
1354360 462.5
1354370 462.5
1354380 462.5
1354390 462.7
1354400 463.3
1354410 463.3
1354420 463.3
1354430 463.3
1354440 463.3
1354450 463.3
1354460 464.4
1354470 464.4
1354480 468.0
1354490 473.0
1354500 473.0
1354510 480.0
1354520 487.2
1354530 487.2
1354540 491.7
1354550 495.5
1354560 495.5
1354570 500.1
1354580 504.3
1354590 504.3
1354600 509.3
1354610 514.7
1354620 514.7
1354630 520.0
1354640 526.7
1354650 526.7
1354660 534.1
1354670 542.2
1354680 542.2
1354690 549.3
1354700 559.6
1354710 559.6
1354720 573.3
1354730 584.3
1354740 584.3
1354750 590.0
1354760 593.3
1354770 597.2
1354780 597.2
1354790 601.5
1354800 606.6
1354810 606.6
1354820 612.0
1354830 615.4
1354840 615.4
1354850 620.9
1354860 628.4
1354870 628.4
1354880 635.4
1354890 642.8
1354900 642.8
1354910 652.6
1354920 665.3
1354930 665.3
1354940 671.0
1354950 673.8
1354960 673.8
1354970 680.0
1354980 689.5
1354990 689.5
1355000 703.6
1355010 717.0
1355020 717.0
1355030 731.2
1355040 743.4
1355050 743.4
1355060 750.7
1355070 756.3
1355080 756.3
1355090 760.2
1355100 764.9
1355110 764.9
1355120 769.5
1355130 775.5
1355140 775.5
1355150 783.8
1355160 791.9
1355170 791.9
1355180 802.5
1355190 813.0
1355200 813.0
1355210 822.8
1355220 838.4
1355230 847.5
1355240 847.5
1355250 863.2
1355260 868.9
1355270 868.9
1355280 867.1
1355290 872.0
1355300 872.0
1355310 878.9
1355320 890.7
1355330 890.7
1355340 901.2
1355350 909.9
1355360 909.9
1355370 920.8
1355380 930.2
1355390 930.2
1355400 937.2
1355410 941.0
1355420 941.0
1355430 944.0
1355440 947.4
1355450 947.4
1355460 953.0
1355470 960.0
1355480 960.0
1355490 966.0
1355500 971.3
1355510 971.3
1355520 977.2
1355530 982.5
1355540 982.5
1355550 986.4
1355560 989.9
1355570 989.9
1355580 993.6
1355590 998.8
1355600 998.8
1355610 1004.5
1355620 1009.7
1355630 1009.7
1355640 1015.3
1355650 1021.2
1355660 1027.3
1355670 1027.3
1355680 1032.9
1355690 1038.5
1355700 1038.5
1355710 1044.2
1355720 1050.0
1355730 1050.0
1355740 1056.3
1355750 1062.6
1355760 1062.6
1355770 1069.0
1355780 1075.3
1355790 1075.3
1355800 1081.3
1355810 1086.8
1355820 1086.8
1355830 1092.7
1355840 1098.8
1355850 1098.8
1355860 1104.4
1355870 1110.0
1355880 1110.0
1355890 1115.7
1355900 1121.7
1355910 1121.7
1355920 1127.7
1355930 1133.8
1355940 1133.8
1355950 1139.9
1355960 1146.3
1355970 1146.3
1355980 1153.1
1355990 1160.4
1356000 1160.4
1356010 1172.6
1356020 1185.5
1356030 1185.5
1356040 1197.1
1356050 1206.5
1356060 1206.5
1356070 1218.5
1356080 1231.2
1356090 1231.2
1356100 1239.1
1356110 1247.7
1356120 1258.3
1356130 1258.3
1356140 1268.6
1356150 1276.9
1356160 1276.9
1356170 1282.3
1356180 1290.4
1356190 1290.4
1356200 1293.0
1356210 1299.2
1356220 1307.5
1356230 1317.2
1356240 1332.9
1356250 1332.9
1356260 1345.2
1356270 1347.6
1356280 1347.6
1356290 1348.0
1356300 1350.6
1356310 1350.6
1356320 1353.8
1356330 1357.9
1356340 1357.9
1356350 1362.6
1356360 1362.1
1356370 1362.1
1356380 1358.7
1356390 1354.5
1356400 1354.5
1356410 1350.5
1356420 1346.5
1356430 1346.5
1356440 1342.4
1356450 1338.1
1356460 1338.1
1356470 1333.5
1356480 1328.6
1356490 1328.6
1356500 1323.4
1356510 1318.0
1356520 1318.0
1356530 1312.3
1356540 1305.4
1356550 1305.4
1356560 1295.4
1356570 1286.2
1356580 1277.2
1356590 1277.2
1356600 1269.1
1356610 1261.7
1356620 1261.7
1356630 1254.7
1356640 1248.3
1356650 1248.3
1356660 1242.8
1356670 1238.8
1356680 1238.8
1356690 1235.3
1356700 1230.5
1356710 1230.5
1356720 1225.9
1356730 1223.9
1356740 1223.9
1356750 1223.8
1356760 1225.1
1356770 1225.1
1356780 1227.3
1356790 1227.8
1356800 1227.8
1356810 1227.7
1356820 1228.1
1356830 1228.1
1356840 1228.6
1356850 1228.4
1356860 1228.4
1356870 1228.6
1356880 1229.1
1356890 1229.1
1356900 1229.4
1356910 1229.6
1356920 1229.6
1356930 1228.6
1356940 1226.5
1356950 1226.5
1356960 1224.1
1356970 1222.1
1356980 1222.1
1356990 1220.2
1357000 1218.0
1357010 1218.0
1357020 1216.9
1357030 1215.8
1357040 1215.0
1357050 1215.0
1357060 1213.8
1357070 1212.2
1357080 1212.2
1357090 1210.0
1357100 1206.9
1357110 1206.9
1357120 1203.5
1357130 1199.8
1357140 1199.8
1357150 1194.5
1357160 1187.0
1357170 1187.0
1357180 1180.0
1357190 1174.4
1357200 1174.4
1357210 1167.9
1357220 1159.0
1357230 1163.6
1357240 1155.8
1357250 1148.1
1357260 1148.1
1357270 1137.6
1357280 1129.8
1357290 1129.8
1357300 1123.0
1357310 1116.8
1357320 1116.8
1357330 1111.8
1357340 1107.9
1357350 1107.9
1357360 1104.2
1357370 1101.2
1357380 1101.2
1357390 1097.7
1357400 1093.7
1357410 1093.7
1357420 1089.7
1357430 1085.1
1357440 1085.1
1357450 1079.9
1357460 1073.9
1357470 1073.9
1357480 1068.2
1357490 1062.6
1357500 1057.1
1357510 1057.1
1357520 1053.3
1357530 1051.4
1357540 1051.4
1357550 1049.1
1357560 1045.3
1357570 1045.3
1357580 1043.5
1357590 1041.6
1357600 1041.6
1357610 1039.9
1357620 1038.5
1357630 1038.5
1357640 1037.2
1357650 1037.0
1357660 1037.0
1357670 1036.0
1357680 1033.5
1357690 1033.5
1357700 1029.7
1357710 1026.0
1357720 1026.0
1357730 1023.8
1357740 1019.4
1357750 1019.4
1357760 1011.9
1357770 1004.6
1357780 1004.6
1357790 998.3
1357800 991.8
1357810 991.8
1357820 985.4
1357830 979.4
1357840 979.4
1357850 973.1
1357860 968.1
1357870 968.1
1357880 965.4
1357890 963.1
1357900 963.1
1357910 959.9
1357920 956.9
1357930 956.9
1357940 954.0
1357950 951.2
1357960 948.9
1357970 948.9
1357980 947.0
1357990 946.5
1358000 946.5
1358010 946.6
1358020 946.2
1358030 946.2
1358040 946.0
1358050 946.7
1358060 946.7
1358070 947.8
1358080 949.7
1358090 949.7
1358100 952.1
1358110 953.1
1358120 953.1
1358130 952.9
1358140 951.9
1358150 951.9
1358160 950.6
1358170 948.7
1358180 948.7
1358190 945.9
1358200 942.4
1358210 942.4
1358220 939.5
1358230 937.0
1358240 938.7
1358250 935.7
1358260 931.7
1358270 931.7
1358280 927.7
1358290 926.2
1358300 926.2
1358310 928.1
1358320 931.6
1358330 931.6
1358340 933.9
1358350 935.5
1358360 935.5
1358370 936.8
1358380 938.3
1358390 938.3
1358400 940.2
1358410 942.3
1358420 945.0
1358430 945.0
1358440 948.5
1358450 952.0
1358460 952.0
1358470 955.0
1358480 957.6
1358490 957.6
1358500 960.5
1358510 963.6
1358520 963.6
1358530 967.1
1358540 971.3
1358550 971.3
1358560 975.6
1358570 979.9
1358580 979.9
1358590 984.3
1358600 988.5
1358610 988.5
1358620 991.9
1358630 995.0
1358640 995.0
1358650 997.9
1358660 1000.6
1358670 1000.6
1358680 1003.6
1358690 1007.6
1358700 1007.6
1358710 1012.6
1358720 1018.8
1358730 1018.8
1358740 1025.2
1358750 1031.4
1358760 1031.4
1358770 1037.5
1358780 1044.0
1358790 1044.0
1358800 1049.2
1358810 1053.6
1358820 1053.6
1358830 1058.2
1358840 1062.3
1358850 1062.3
1358860 1064.3
1358870 1064.5
1358880 1063.9
1358890 1063.9
1358900 1062.4
1358910 1059.9
1358920 1059.9
1358930 1056.5
1358940 1054.1
1358950 1054.1
1358960 1053.0
1358970 1052.7
1358980 1052.7
1358990 1052.7
1359000 1052.5
1359010 1052.5
1359020 1053.5
1359030 1054.9
1359040 1054.9
1359050 1054.3
1359060 1051.5
1359070 1051.5
1359080 1049.5
1359090 1048.4
1359100 1048.4
1359110 1047.6
1359120 1048.5
1359130 1048.5
1359140 1052.2
1359150 1056.5
1359160 1056.5
1359170 1060.5
1359180 1063.0
1359190 1063.0
1359200 1063.3
1359210 1063.8
1359220 1063.8
1359230 1066.0
1359240 1068.5
1359250 1068.5
1359260 1069.2
1359270 1071.6
1359280 1071.6
1359290 1071.9
1359300 1072.5
1359310 1072.5
1359320 1074.0
1359330 1075.1
1359340 1075.0
1359350 1075.0
1359360 1075.8
1359370 1077.5
1359380 1077.5
1359390 1078.6
1359400 1078.7
1359410 1078.7
1359420 1078.4
1359430 1078.7
1359440 1078.7
1359450 1079.6
1359460 1081.5
1359470 1081.5
1359480 1083.6
1359490 1085.0
1359500 1085.0
1359510 1086.7
1359520 1089.6
1359530 1089.6
1359540 1092.3
1359550 1094.0
1359560 1094.0
1359570 1095.6
1359580 1097.6
1359590 1097.6
1359600 1099.1
1359610 1100.7
1359620 1100.7
1359630 1101.6
1359640 1098.8
1359650 1098.8
1359660 1095.7
1359670 1090.9
1359680 1090.9
1359690 1083.1
1359700 1075.6
1359710 1075.6
1359720 1065.4
1359730 1051.2
1359740 1051.2
1359750 1038.4
1359760 1027.5
1359770 1027.5
1359780 1018.7
1359790 1009.5
1359800 1000.3
1359810 1000.3
1359820 992.9
1359830 986.7
1359840 986.7
1359850 981.1
1359860 974.9
1359870 974.9
1359880 966.2
1359890 958.2
1359900 958.2
1359910 949.8
1359920 942.1
1359930 942.1
1359940 934.9
1359950 928.1
1359960 928.1
1359970 922.7
1359980 917.0
1359990 917.0
