1353310 461.9
1353320 461.9
1353330 461.9
1353340 461.6
1353350 461.6
1353360 461.5
1353370 462.0
1353380 462.0
1353390 463.8
1353400 465.3
1353410 465.3
1353420 465.4
1353430 465.5
1353440 465.5
1353450 464.7
1353460 464.9
1353470 464.9
1353480 465.0
1353490 464.5
1353500 464.5
1353510 464.9
1353520 465.0
1353530 465.0
1353540 463.7
1353550 462.7
1353560 462.6
1353570 462.6
1353580 462.5
1353590 462.3
1353600 462.3
1353610 462.1
1353620 462.1
1353630 462.1
1353640 462.2
1353650 462.2
1353660 462.2
1353670 462.1
1353680 462.3
1353690 462.3
1353700 462.4
1353710 462.5
1353720 462.5
1353730 462.3
1353740 463.3
1353750 463.3
1353760 465.1
1353770 464.2
1353780 464.2
1353790 464.1
1353800 464.1
1353810 464.1
1353820 464.1
1353830 464.1
1353840 464.1
1353850 464.1
1353860 464.2
1353870 464.2
1353880 464.2
1353890 464.2
1353900 464.2
1353910 464.2
1353920 464.2
1353930 464.2
1353940 464.5
1353950 465.1
1353960 465.1
1353970 462.8
1353980 461.4
1353990 461.4
1354000 462.5
1354010 462.5
1354020 462.5
1354030 462.5
1354040 462.1
1354050 461.7
1354060 461.7
1354070 461.6
1354080 462.3
1354090 462.3
1354100 462.6
1354110 463.0
1354120 463.0
1354130 463.4
1354140 463.6
1354150 463.6
1354160 463.9
1354170 464.0
1354180 464.0
1354190 464.3
1354200 464.5
1354210 464.5
1354220 464.8
1354230 465.1
1354240 465.1
1354250 465.3
1354260 465.8
1354270 465.8
1354280 466.1
1354290 465.7
1354300 465.7
1354310 465.4
1354320 465.1
1354330 465.1
1354340 464.8
1354350 464.6
1354360 464.6
1354370 464.4
1354380 464.3
1354390 464.3
1354400 464.4
1354410 463.9
1354420 463.9
1354430 463.7
1354440 463.6
1354450 463.6
1354460 463.6
1354470 463.8
1354480 463.8
1354490 464.4
1354500 465.3
1354510 467.8
1354520 467.8
1354530 474.5
1354540 479.2
1354550 479.2
1354560 480.3
1354570 482.1
1354580 482.1
1354590 485.0
1354600 488.7
1354610 488.7
1354620 492.7
1354630 496.3
1354640 496.3
1354650 499.2
1354660 500.9
1354670 500.9
1354680 502.2
1354690 504.2
1354700 504.2
1354710 506.4
1354720 507.4
1354730 507.4
1354740 508.9
1354750 510.3
1354760 510.3
1354770 512.2
1354780 515.0
1354790 515.0
1354800 520.5
1354810 525.8
1354820 525.8
1354830 531.2
1354840 536.5
1354850 536.5
1354860 540.7
1354870 546.1
1354880 546.1
1354890 552.7
1354900 559.6
1354910 559.6
1354920 567.4
1354930 576.5
1354940 576.5
1354950 586.8
1354960 595.4
1354970 604.4
1354980 604.4
1354990 616.9
1355000 626.8
1355010 626.8
1355020 632.1
1355030 636.5
1355040 636.5
1355050 641.0
1355060 645.4
1355070 645.4
1355080 647.9
1355090 651.0
1355100 651.0
1355110 657.3
1355120 664.1
1355130 664.1
1355140 670.8
1355150 680.3
1355160 688.6
1355170 698.5
1355180 700.9
1355190 700.9
1355200 703.1
1355210 706.0
1355220 706.0
1355230 711.1
1355240 717.8
1355250 717.8
1355260 723.0
1355270 727.6
1355280 727.6
1355290 732.2
1355300 735.7
1355310 735.7
1355320 736.7
1355330 739.3
1355340 739.3
1355350 745.6
1355360 752.8
1355370 752.8
1355380 759.0
1355390 764.6
1355400 764.6
1355410 769.5
1355420 774.1
1355430 777.2
1355440 777.2
1355450 778.4
1355460 783.5
1355470 783.5
1355480 789.7
1355490 796.1
1355500 796.1
1355510 803.6
1355520 810.9
1355530 810.9
1355540 817.2
1355550 823.1
1355560 823.1
1355570 829.7
1355580 836.5
1355590 836.5
1355600 848.2
1355610 864.5
1355620 864.5
1355630 873.8
1355640 880.6
1355650 880.6
1355660 887.3
1355670 892.7
1355680 892.7
1355690 897.0
1355700 903.9
1355710 903.9
1355720 908.6
1355730 907.7
1355740 907.7
1355750 910.8
1355760 915.4
1355770 915.4
1355780 920.5
1355790 926.3
1355800 926.3
1355810 932.8
1355820 943.5
1355830 943.5
1355840 962.3
1355850 973.6
1355860 977.2
1355870 977.2
1355880 984.6
1355890 995.3
1355900 995.3
1355910 1009.3
1355920 1019.5
1355930 1019.5
1355940 1026.7
1355950 1030.7
1355960 1030.7
1355970 1031.3
1355980 1031.7
1355990 1031.7
1356000 1032.6
1356010 1036.0
1356020 1036.0
1356030 1042.3
1356040 1050.3
1356050 1050.3
1356060 1059.2
1356070 1063.9
1356080 1063.9
1356090 1067.1
1356100 1070.3
1356110 1070.3
1356120 1076.7
1356130 1085.3
1356140 1085.3
1356150 1093.3
1356160 1101.4
1356170 1101.4
1356180 1104.9
1356190 1107.0
1356200 1107.0
1356210 1110.1
1356220 1113.5
1356230 1113.5
1356240 1116.4
1356250 1118.5
1356260 1118.5
1356270 1119.9
1356280 1120.7
1356290 1120.7
1356300 1122.0
1356310 1124.1
1356320 1126.5
1356330 1126.5
1356340 1128.9
1356350 1132.6
1356360 1132.6
1356370 1135.1
1356380 1136.7
1356390 1136.7
1356400 1138.9
1356410 1141.1
1356420 1141.1
1356430 1143.2
1356440 1145.7
1356450 1145.7
1356460 1148.1
1356470 1150.0
1356480 1150.0
1356490 1151.3
1356500 1152.6
1356510 1152.6
1356520 1154.1
1356530 1154.5
1356540 1154.5
1356550 1155.4
1356560 1156.7
1356570 1156.7
1356580 1157.9
1356590 1157.7
1356600 1157.7
1356610 1156.1
1356620 1154.9
1356630 1154.9
1356640 1153.4
1356650 1150.9
1356660 1150.9
1356670 1148.6
1356680 1144.9
1356690 1144.9
1356700 1137.5
1356710 1128.9
1356720 1128.9
1356730 1122.0
1356740 1116.2
1356750 1116.2
1356760 1111.0
1356770 1106.4
1356780 1102.1
1356790 1102.1
1356800 1098.5
1356810 1095.2
1356820 1095.2
1356830 1091.7
1356840 1087.7
1356850 1087.7
1356860 1084.1
1356870 1081.8
1356880 1081.8
1356890 1080.2
1356900 1078.6
1356910 1078.6
1356920 1076.9
1356930 1075.7
1356940 1075.7
1356950 1074.9
1356960 1074.2
1356970 1074.2
1356980 1073.8
1356990 1073.3
1357000 1073.3
1357010 1073.0
1357020 1072.4
1357030 1072.4
1357040 1072.0
1357050 1071.5
1357060 1071.5
1357070 1071.1
1357080 1070.6
1357090 1070.6
1357100 1069.9
1357110 1069.3
1357120 1069.3
1357130 1068.7
1357140 1068.2
1357150 1068.2
1357160 1068.7
1357170 1068.0
1357180 1068.0
1357190 1066.8
1357200 1065.2
1357210 1065.2
1357220 1064.2
1357230 1063.3
1357240 1059.6
1357250 1059.6
1357260 1053.7
1357270 1048.7
1357280 1048.7
1357290 1045.5
1357300 1044.3
1357310 1044.3
1357320 1042.7
1357330 1038.6
1357340 1038.6
1357350 1035.2
1357360 1031.2
1357370 1031.2
1357380 1026.9
1357390 1020.9
1357400 1020.9
1357410 1015.5
1357420 1009.5
1357430 1009.5
1357440 1001.4
1357450 994.9
1357460 994.9
1357470 989.2
1357480 983.4
1357490 983.4
1357500 979.3
1357510 975.4
1357520 975.4
1357530 971.7
1357540 967.1
1357550 967.1
1357560 963.7
1357570 959.5
1357580 959.5
1357590 955.2
1357600 954.3
1357610 954.3
1357620 954.0
1357630 955.0
1357640 955.0
1357650 956.9
1357660 958.3
1357670 958.3
1357680 959.9
1357690 961.7
1357700 964.2
1357710 964.2
1357720 966.5
1357730 969.8
1357740 969.8
1357750 973.9
1357760 977.6
1357770 977.6
1357780 981.2
1357790 985.3
1357800 985.3
1357810 988.7
1357820 990.4
1357830 990.4
1357840 991.5
1357850 992.4
1357860 992.4
1357870 993.7
1357880 994.5
1357890 994.5
1357900 995.5
1357910 996.1
1357920 996.1
1357930 996.5
1357940 997.3
1357950 997.3
1357960 996.8
1357970 995.0
1357980 995.0
1357990 991.3
1358000 987.8
1358010 987.8
1358020 985.7
1358030 985.3
1358040 985.3
1358050 985.5
1358060 983.9
1358070 983.9
1358080 981.5
1358090 980.9
1358100 980.9
1358110 981.2
1358120 981.8
1358130 981.8
1358140 982.6
1358150 984.3
1358160 987.5
1358170 987.5
1358180 985.7
1358190 985.4
1358200 985.4
1358210 986.7
1358220 988.2
1358230 988.2
1358240 989.1
1358250 990.5
1358260 990.5
1358270 993.0
1358280 995.5
1358290 995.5
1358300 996.9
1358310 997.3
1358320 997.3
1358330 998.8
1358340 1000.2
1358350 1000.2
1358360 999.9
1358370 999.9
1358380 999.9
1358390 1001.2
1358400 1003.4
1358410 1003.4
1358420 1005.7
1358430 1007.4
1358440 1007.4
1358450 1008.7
1358460 1010.4
1358470 1010.4
1358480 1011.7
1358490 1011.9
1358500 1011.9
1358510 1012.1
1358520 1012.1
1358530 1012.1
1358540 1015.0
1358550 1023.0
1358560 1023.0
1358570 1028.2
1358580 1030.7
1358590 1030.7
1358600 1033.2
1358610 1036.2
1358620 1039.9
1358630 1039.9
1358640 1044.7
1358650 1049.7
1358660 1049.7
1358670 1055.2
1358680 1060.2
1358690 1060.2
1358700 1062.3
1358710 1062.8
1358720 1062.8
1358730 1062.8
1358740 1063.9
1358750 1063.9
1358760 1066.9
1358770 1071.8
1358780 1071.8
1358790 1076.1
1358800 1084.1
1358810 1084.1
1358820 1094.0
1358830 1103.3
1358840 1103.3
1358850 1110.8
1358860 1114.5
1358870 1114.5
1358880 1117.7
1358890 1121.3
1358900 1121.3
1358910 1125.6
1358920 1130.3
1358930 1130.3
1358940 1133.7
1358950 1137.2
1358960 1137.2
1358970 1141.1
1358980 1144.3
1358990 1144.3
1359000 1147.5
1359010 1150.5
1359020 1150.5
1359030 1153.3
1359040 1156.2
1359050 1156.2
1359060 1159.1
1359070 1160.6
1359080 1159.2
1359090 1159.2
1359100 1159.2
1359110 1160.3
1359120 1160.3
1359130 1161.7
1359140 1163.1
1359150 1163.1
1359160 1163.9
1359170 1165.2
1359180 1165.2
1359190 1167.5
1359200 1169.1
1359210 1169.1
1359220 1167.7
1359230 1167.3
1359240 1167.3
1359250 1168.3
1359260 1170.1
1359270 1170.1
1359280 1171.4
1359290 1171.3
1359300 1171.3
1359310 1171.3
1359320 1173.4
1359330 1173.4
1359340 1176.1
1359350 1178.1
1359360 1178.1
1359370 1179.5
1359380 1180.3
1359390 1180.3
1359400 1180.9
1359410 1182.4
1359420 1182.4
1359430 1184.5
1359440 1186.3
1359450 1186.3
1359460 1187.7
1359470 1188.9
1359480 1188.9
1359490 1189.4
1359500 1191.0
1359510 1191.0
1359520 1192.0
1359530 1188.5
1359540 1178.0
1359550 1178.0
1359560 1172.5
1359570 1169.2
1359580 1169.2
1359590 1162.6
1359600 1156.1
1359610 1156.1
1359620 1150.7
1359630 1145.2
1359640 1145.2
1359650 1139.8
1359660 1133.8
1359670 1133.8
1359680 1124.3
1359690 1112.1
1359700 1112.1
1359710 1103.7
1359720 1096.3
1359730 1096.3
1359740 1089.1
1359750 1081.9
1359760 1081.9
1359770 1074.4
1359780 1067.9
1359790 1067.9
1359800 1061.6
1359810 1054.7
1359820 1054.7
1359830 1047.7
1359840 1041.6
1359850 1041.6
1359860 1036.1
1359870 1030.3
1359880 1030.3
1359890 1025.3
1359900 1020.8
1359910 1020.8
1359920 1016.8
1359930 1013.1
1359940 1013.1
1359950 1008.7
1359960 1003.7
1359970 1003.7
1359980 999.5
1359990 994.7
