1353230 464.3
1353240 464.6
1353250 464.6
1353260 464.9
1353270 465.5
1353280 465.5
1353290 465.1
1353300 462.9
1353310 462.9
1353320 462.1
1353330 461.8
1353340 461.6
1353350 461.6
1353360 461.4
1353370 461.5
1353380 461.5
1353390 461.2
1353400 461.2
1353410 461.2
1353420 462.0
1353430 462.1
1353440 462.1
1353450 462.3
1353460 462.6
1353470 462.6
1353480 463.7
1353490 465.0
1353500 465.0
1353510 465.2
1353520 465.2
1353530 465.2
1353540 464.0
1353550 462.7
1353560 462.7
1353570 462.5
1353580 462.6
1353590 462.6
1353600 462.7
1353610 462.7
1353620 462.7
1353630 462.7
1353640 462.8
1353650 462.8
1353660 462.9
1353670 462.9
1353680 462.9
1353690 463.0
1353700 463.0
1353710 463.0
1353720 463.0
1353730 463.1
1353740 463.1
1353750 462.8
1353760 462.5
1353770 462.5
1353780 464.3
1353790 464.8
1353800 464.1
1353810 464.1
1353820 464.1
1353830 464.1
1353840 464.1
1353850 464.2
1353860 464.2
1353870 464.2
1353880 464.2
1353890 464.2
1353900 464.2
1353910 464.2
1353920 464.2
1353930 464.2
1353940 464.2
1353950 464.2
1353960 464.2
1353970 464.7
1353980 464.6
1353990 464.6
1354000 462.3
1354010 461.9
1354020 461.9
1354030 463.2
1354040 463.0
1354050 463.0
1354060 462.9
1354070 463.0
1354080 463.0
1354090 462.9
1354100 462.6
1354110 462.6
1354120 462.1
1354130 461.8
1354140 461.8
1354150 461.3
1354160 461.1
1354170 461.1
1354180 461.5
1354190 462.3
1354200 462.3
1354210 463.0
1354220 462.9
1354230 462.9
1354240 462.9
1354250 462.9
1354260 462.8
1354270 462.8
1354280 462.7
1354290 462.6
1354300 462.6
1354310 462.7
1354320 462.7
1354330 462.7
1354340 462.7
1354350 462.7
1354360 462.7
1354370 462.6
1354380 462.5
1354390 462.5
1354400 462.5
1354410 462.6
1354420 462.6
1354430 463.1
1354440 463.1
1354450 463.1
1354460 462.8
1354470 462.9
1354480 462.9
1354490 463.5
1354500 464.3
1354510 464.3
1354520 465.9
1354530 469.9
1354540 469.9
1354550 476.4
1354560 482.8
1354570 482.8
1354580 488.3
1354590 492.3
1354600 492.3
1354610 494.9
1354620 497.7
1354630 497.7
1354640 500.8
1354650 505.0
1354660 505.0
1354670 510.6
1354680 515.6
1354690 515.6
1354700 518.3
1354710 520.1
1354720 522.5
1354730 522.5
1354740 529.7
1354750 536.5
1354760 536.5
1354770 542.8
1354780 548.0
1354790 548.0
1354800 554.2
1354810 562.6
1354820 562.6
1354830 571.9
1354840 578.9
1354850 578.9
1354860 585.8
1354870 592.5
1354880 592.5
1354890 599.0
1354900 605.4
1354910 605.4
1354920 611.4
1354930 617.8
1354940 617.8
1354950 624.4
1354960 631.2
1354970 631.2
1354980 638.5
1354990 646.0
1355000 646.0
1355010 653.5
1355020 660.8
1355030 660.8
1355040 668.8
1355050 678.8
1355060 678.8
1355070 693.6
1355080 704.5
1355090 704.5
1355100 715.1
1355110 733.3
1355120 733.3
1355130 757.9
1355140 766.7
1355150 766.7
1355160 770.9
1355170 773.6
1355180 776.5
1355190 776.5
1355200 780.1
1355210 785.8
1355220 785.8
1355230 791.2
1355240 794.6
1355250 794.6
1355260 794.2
1355270 791.0
1355280 791.0
1355290 792.0
1355300 795.0
1355310 795.0
1355320 799.7
1355330 806.4
1355340 806.4
1355350 812.6
1355360 819.0
1355370 819.0
1355380 825.8
1355390 829.1
1355400 829.1
1355410 834.0
1355420 838.5
1355430 838.5
1355440 842.7
1355450 847.4
1355460 847.4
1355470 852.6
1355480 858.8
1355490 858.8
1355500 863.9
1355510 867.5
1355520 867.5
1355530 870.4
1355540 873.7
1355550 873.7
1355560 877.6
1355570 882.1
1355580 882.1
1355590 886.7
1355600 892.1
1355610 892.1
1355620 899.5
1355630 908.7
1355640 918.9
1355650 918.9
1355660 930.1
1355670 942.1
1355680 942.1
1355690 952.2
1355700 961.3
1355710 961.3
1355720 971.5
1355730 981.6
1355740 973.9
1355750 983.6
1355760 993.6
1355770 993.6
1355780 1005.4
1355790 1019.8
1355800 1019.8
1355810 1029.0
1355820 1037.6
1355830 1037.6
1355840 1046.4
1355850 1053.4
1355860 1053.4
1355870 1058.7
1355880 1063.5
1355890 1063.5
1355900 1067.3
1355910 1070.5
1355920 1070.5
1355930 1073.9
1355940 1078.0
1355950 1078.0
1355960 1082.4
1355970 1087.2
1355980 1087.2
1355990 1092.4
1356000 1097.7
1356010 1097.7
1356020 1103.2
1356030 1109.0
1356040 1109.0
1356050 1114.5
1356060 1119.6
1356070 1119.6
1356080 1124.2
1356090 1128.1
1356100 1131.5
1356110 1131.5
1356120 1135.8
1356130 1141.1
1356140 1141.1
1356150 1147.7
1356160 1154.6
1356170 1154.6
1356180 1161.1
1356190 1167.2
1356200 1167.2
1356210 1173.9
1356220 1182.4
1356230 1182.4
1356240 1192.5
1356250 1206.2
1356260 1206.2
1356270 1213.1
1356280 1213.2
1356290 1213.2
1356300 1213.4
1356310 1211.6
1356320 1211.6
1356330 1212.1
1356340 1214.4
1356350 1214.4
1356360 1219.4
1356370 1224.7
1356380 1224.7
1356390 1228.0
1356400 1231.5
1356410 1231.5
1356420 1232.6
1356430 1230.8
1356440 1230.8
1356450 1231.1
1356460 1231.4
1356470 1231.4
1356480 1229.2
1356490 1227.9
1356500 1227.9
1356510 1226.5
1356520 1223.7
1356530 1223.7
1356540 1220.2
1356550 1214.3
1356560 1208.0
1356570 1208.0
1356580 1202.1
1356590 1196.5
1356600 1196.5
1356610 1191.3
1356620 1186.6
1356630 1186.6
1356640 1181.5
1356650 1177.8
1356660 1177.8
1356670 1172.8
1356680 1168.1
1356690 1168.1
1356700 1162.9
1356710 1157.3
1356720 1157.3
1356730 1152.5
1356740 1153.0
1356750 1153.0
1356760 1149.8
1356770 1146.3
1356780 1146.3
1356790 1142.4
1356800 1138.5
1356810 1138.5
1356820 1134.4
1356830 1131.7
1356840 1131.7
1356850 1129.1
1356860 1126.2
1356870 1126.2
1356880 1123.5
1356890 1120.4
1356900 1120.4
1356910 1116.9
1356920 1113.5
1356930 1113.5
1356940 1111.2
1356950 1108.6
1356960 1108.6
1356970 1106.9
1356980 1106.0
1356990 1106.0
1357000 1105.7
1357010 1105.7
1357020 1106.2
1357030 1106.2
1357040 1106.3
1357050 1106.3
1357060 1106.3
1357070 1106.3
1357080 1107.2
1357090 1107.2
1357100 1108.5
1357110 1108.4
1357120 1108.4
1357130 1109.1
1357140 1109.6
1357150 1109.6
1357160 1108.3
1357170 1106.5
1357180 1106.5
1357190 1103.3
1357200 1099.1
1357210 1099.1
1357220 1097.1
1357230 1094.4
1357240 1094.4
1357250 1089.3
1357260 1082.5
1357270 1082.5
1357280 1074.7
1357290 1067.5
1357300 1067.5
1357310 1061.5
1357320 1055.7
1357330 1055.7
1357340 1049.0
1357350 1045.4
1357360 1045.4
1357370 1041.5
1357380 1033.0
1357390 1033.0
1357400 1026.1
1357410 1020.2
1357420 1020.2
1357430 1014.5
1357440 1008.1
1357450 1008.1
1357460 1002.2
1357470 994.8
1357480 988.6
1357490 988.6
1357500 982.7
1357510 977.0
1357520 977.0
1357530 972.4
1357540 968.7
1357550 968.7
1357560 965.1
1357570 961.9
1357580 961.9
1357590 959.3
1357600 957.4
1357610 957.4
1357620 955.9
1357630 954.5
1357640 954.5
1357650 953.1
1357660 951.9
1357670 951.9
1357680 950.9
1357690 950.0
1357700 950.0
1357710 949.5
1357720 950.5
1357730 950.5
1357740 952.1
1357750 950.5
1357760 950.5
1357770 951.3
1357780 952.8
1357790 952.8
1357800 953.9
1357810 954.3
1357820 954.3
1357830 955.7
1357840 958.0
1357850 958.0
1357860 960.8
1357870 963.1
1357880 963.1
1357890 963.7
1357900 963.6
1357910 963.6
1357920 963.4
1357930 962.8
1357940 962.6
1357950 962.6
1357960 962.9
1357970 964.2
1357980 964.2
1357990 965.1
1358000 965.2
1358010 965.2
1358020 964.8
1358030 964.2
1358040 964.2
1358050 963.2
1358060 961.6
1358070 961.6
1358080 959.4
1358090 956.7
1358100 956.7
1358110 954.1
1358120 952.4
1358130 952.4
1358140 950.4
1358150 949.4
1358160 949.4
1358170 948.6
1358180 948.2
1358190 948.2
1358200 948.0
1358210 948.1
1358220 948.1
1358230 949.1
1358240 950.7
1358250 950.7
1358260 952.0
1358270 953.0
1358280 953.0
1358290 954.0
1358300 954.9
1358310 954.9
1358320 955.8
1358330 957.1
1358340 957.1
1358350 958.2
1358360 959.5
1358370 959.5
1358380 961.1
1358390 962.3
1358400 963.0
1358410 963.0
1358420 964.8
1358430 969.2
1358440 969.2
1358450 974.3
1358460 980.4
1358470 980.4
1358480 985.6
1358490 989.0
1358500 989.0
1358510 991.9
1358520 995.7
1358530 995.7
1358540 1000.7
1358550 1005.8
1358560 1005.8
1358570 1010.6
1358580 1014.7
1358590 1014.7
1358600 1018.3
1358610 1022.6
1358620 1022.6
1358630 1026.1
1358640 1029.3
1358650 1029.3
1358660 1032.9
1358670 1036.6
1358680 1036.6
1358690 1040.4
1358700 1044.4
1358710 1044.4
1358720 1049.0
1358730 1053.9
1358740 1053.9
1358750 1059.7
1358760 1065.3
1358770 1065.2
1358780 1071.8
1358790 1079.6
1358800 1079.6
1358810 1087.3
1358820 1094.8
1358830 1094.8
1358840 1103.3
1358850 1112.1
1358860 1120.6
1358870 1120.6
1358880 1127.5
1358890 1134.8
1358900 1134.8
1358910 1140.8
1358920 1144.0
1358930 1144.0
1358940 1145.5
1358950 1147.5
1358960 1147.5
1358970 1151.0
1358980 1152.0
1358990 1152.0
1359000 1148.6
1359010 1144.0
1359020 1144.0
1359030 1138.3
1359040 1133.7
1359050 1133.7
1359060 1130.9
1359070 1129.1
1359080 1129.1
1359090 1126.8
1359100 1126.0
1359110 1126.0
1359120 1126.4
1359130 1127.9
1359140 1127.9
1359150 1129.5
1359160 1130.1
1359170 1130.1
1359180 1129.9
1359190 1129.2
1359200 1129.2
1359210 1130.3
1359220 1132.5
1359230 1132.5
1359240 1134.6
1359250 1136.1
1359260 1136.1
1359270 1138.6
1359280 1141.2
1359290 1141.2
1359300 1143.4
1359310 1145.6
1359320 1147.6
1359330 1147.6
1359340 1150.1
1359350 1152.9
1359360 1152.9
1359370 1155.5
1359380 1156.8
1359390 1156.8
1359400 1156.0
1359410 1154.4
1359420 1154.4
1359430 1153.5
1359440 1151.6
1359450 1151.6
1359460 1149.2
1359470 1148.2
1359480 1148.2
1359490 1147.4
1359500 1145.2
1359510 1145.2
1359520 1141.9
1359530 1139.2
1359540 1139.2
1359550 1138.6
1359560 1138.3
1359570 1138.3
1359580 1136.9
1359590 1134.5
1359600 1134.5
1359610 1128.7
1359620 1121.2
1359630 1121.2
1359640 1116.2
1359650 1112.9
1359660 1112.9
1359670 1105.3
1359680 1098.6
1359690 1098.6
1359700 1092.3
1359710 1085.0
1359720 1085.0
1359730 1075.5
1359740 1066.4
1359750 1066.4
1359760 1058.5
1359770 1050.8
1359780 1043.6
1359790 1041.0
1359800 1033.5
1359810 1026.5
1359820 1026.5
1359830 1020.3
1359840 1013.7
1359850 1013.7
1359860 1006.2
1359870 997.8
1359880 997.8
1359890 989.4
1359900 981.9
1359910 981.9
1359920 975.7
1359930 970.9
1359940 970.9
1359950 967.1
1359960 963.1
1359970 963.1
1359980 958.9
1359990 953.9
