1356740 785.6
1356750 785.6
1356760 787.4
1356770 789.7
1356780 789.7
1356790 792.6
1356800 796.8
1356810 796.8
1356820 801.3
1356830 804.8
1356840 804.8
1356850 807.2
1356860 808.6
1356870 808.6
1356880 809.6
1356890 810.3
1356900 810.3
1356910 811.6
1356920 812.7
1356930 812.7
1356940 813.8
1356950 820.1
1356960 820.2
1356970 820.2
1356980 820.0
1356990 819.4
1357000 819.4
1357010 818.8
1357020 818.3
1357030 818.3
1357040 816.9
1357050 818.2
1357060 818.2
1357070 819.4
1357080 820.5
1357090 820.5
1357100 822.1
1357110 823.0
1357120 823.0
1357130 823.9
1357140 825.4
1357150 825.4
1357160 827.2
1357170 828.6
1357180 828.6
1357190 828.4
1357200 828.6
1357210 828.6
1357220 830.7
1357230 833.5
1357240 833.5
1357250 835.9
1357260 838.8
1357270 838.8
1357280 841.8
1357290 845.0
1357300 845.0
1357310 848.7
1357320 851.5
1357330 851.5
1357340 853.0
1357350 854.1
1357360 854.1
1357370 855.5
1357380 856.4
1357390 856.4
1357400 858.1
1357410 860.3
1357420 862.7
1357430 862.7
1357440 866.2
1357450 869.9
1357460 869.9
1357470 874.4
1357480 879.9
1357490 879.9
1357500 884.6
1357510 888.3
1357520 888.3
1357530 891.8
1357540 895.5
1357550 895.5
1357560 898.4
1357570 901.0
1357580 901.0
1357590 904.0
1357600 907.3
1357610 907.3
1357620 910.4
1357630 912.8
1357640 912.8
1357650 914.7
1357660 918.4
1357670 918.4
1357680 921.7
1357690 921.2
1357700 921.2
1357710 925.2
1357720 930.5
1357730 930.5
1357740 936.3
1357750 937.3
1357760 937.3
1357770 936.2
1357780 937.4
1357790 937.4
1357800 939.6
1357810 945.2
1357820 945.2
1357830 951.0
1357840 955.0
1357850 955.0
1357860 957.8
1357870 959.7
1357880 961.5
1357890 961.5
1357900 963.0
1357910 964.1
1357920 964.1
1357930 964.8
1357940 964.3
1357950 964.3
1357960 963.3
1357970 971.4
1357980 971.4
1357990 972.4
1358000 972.9
1358010 972.9
1358020 973.4
1358030 974.0
1358040 974.0
1358050 973.9
1358060 972.9
1358070 972.9
1358080 972.8
1358090 972.8
1358100 972.8
1358110 972.0
1358120 970.7
1358130 970.7
1358140 969.5
1358150 969.5
1358160 969.5
1358170 969.9
1358180 970.5
1358190 970.5
1358200 970.7
1358210 970.3
1358220 970.3
1358230 969.3
1358240 967.7
1358250 967.7
1358260 965.7
1358270 964.1
1358280 964.1
1358290 964.0
1358300 965.3
1358310 965.3
1358320 967.4
1358330 970.0
1358340 973.1
1358350 973.1
1358360 976.4
1358370 980.0
1358380 980.0
1358390 984.1
1358400 987.9
1358410 987.9
1358420 991.4
1358430 995.3
1358440 995.3
1358450 998.2
1358460 999.9
1358470 999.9
1358480 1002.9
1358490 1006.1
1358500 1006.1
1358510 1010.0
1358520 1015.0
1358530 1015.0
1358540 1021.0
1358550 1027.0
1358560 1027.0
1358570 1030.4
1358580 1032.9
1358590 1032.9
1358600 1033.8
1358610 1034.9
1358620 1034.9
1358630 1039.9
1358640 1045.1
1358650 1045.1
1358660 1045.9
1358670 1045.9
1358680 1045.9
1358690 1043.9
1358700 1043.8
1358710 1043.8
1358720 1048.6
1358730 1055.7
1358740 1055.7
1358750 1061.6
1358760 1065.6
1358770 1065.6
1358780 1068.9
1358790 1070.8
1358800 1070.8
1358810 1072.0
1358820 1075.9
1358830 1080.5
1358840 1080.5
1358850 1083.8
1358860 1086.0
1358870 1086.0
1358880 1087.5
1358890 1089.2
1358900 1089.2
1358910 1090.5
1358920 1092.6
1358930 1092.6
1358940 1095.0
1358950 1097.6
1358960 1097.6
1358970 1099.8
1358980 1098.2
1358990 1098.2
1359000 1100.2
1359010 1104.6
1359020 1104.6
1359030 1110.2
1359040 1116.0
1359050 1116.0
1359060 1121.6
1359070 1127.0
1359080 1127.0
1359090 1131.7
1359100 1135.0
1359110 1135.0
1359120 1137.6
1359130 1140.7
1359140 1140.7
1359150 1143.7
1359160 1146.2
1359170 1146.2
1359180 1149.2
1359190 1153.5
1359200 1153.5
1359210 1158.2
1359220 1162.6
1359230 1162.6
1359240 1168.2
1359250 1174.9
1359260 1174.9
1359270 1181.6
1359280 1188.4
1359290 1195.3
1359300 1195.3
1359310 1202.6
1359320 1210.4
1359330 1210.4
1359340 1217.7
1359350 1225.0
1359360 1225.0
1359370 1232.5
1359380 1239.9
1359390 1239.9
1359400 1247.9
1359410 1256.0
1359420 1256.0
1359430 1263.5
1359440 1272.1
1359450 1272.1
1359460 1281.1
1359470 1289.7
1359480 1289.7
1359490 1296.0
1359500 1297.7
1359510 1297.7
1359520 1300.0
1359530 1301.7
1359540 1301.7
1359550 1299.7
1359560 1293.0
1359570 1293.0
1359580 1288.1
1359590 1279.8
1359600 1279.8
1359610 1272.1
1359620 1265.5
1359630 1265.5
1359640 1260.4
1359650 1255.2
1359660 1255.2
1359670 1251.3
1359680 1247.5
1359690 1247.5
1359700 1243.2
1359710 1240.6
1359720 1240.6
1359730 1242.0
1359740 1242.9
1359750 1243.7
1359760 1243.7
1359770 1243.9
1359780 1244.0
1359790 1244.0
1359800 1242.5
1359810 1240.7
1359820 1240.7
1359830 1237.1
1359840 1233.9
1359850 1233.9
1359860 1230.5
1359870 1228.4
1359880 1228.4
1359890 1225.5
1359900 1221.0
1359910 1221.0
1359920 1216.2
1359930 1213.2
1359940 1213.2
1359950 1210.5
1359960 1209.9
1359970 1209.9
1359980 1209.9
1359990 1209.1
