1356160 991.0
1356170 994.5
1356180 994.5
1356190 994.8
1356200 994.1
1356210 994.1
1356220 995.8
1356230 997.1
1356240 997.1
1356250 999.4
1356260 999.3
1356270 999.3
1356280 997.6
1356290 996.5
1356300 996.7
1356310 996.7
1356320 998.4
1356330 999.9
1356340 999.9
1356350 1000.2
1356360 998.0
1356370 998.0
1356380 996.1
1356390 995.3
1356400 995.3
1356410 995.3
1356420 997.3
1356430 997.3
1356440 1000.3
1356450 1002.5
1356460 1002.5
1356470 1003.1
1356480 1002.5
1356490 1002.5
1356500 1002.5
1356510 1003.2
1356520 1003.2
1356530 1003.0
1356540 1005.5
1356550 1005.5
1356560 1006.7
1356570 1006.5
1356580 1006.5
1356590 1006.4
1356600 1004.9
1356610 1004.9
1356620 1002.3
1356630 1000.0
1356640 1000.0
1356650 999.4
1356660 999.7
1356670 1007.4
1356680 1008.9
1356690 1013.7
1356700 1013.7
1356710 1018.2
1356720 1018.7
1356730 1018.7
1356740 1016.0
1356750 1016.3
1356760 1016.3
1356770 1015.3
1356780 1014.7
1356790 1013.4
1356800 1013.4
1356810 1015.5
1356820 1014.1
1356830 1014.1
1356840 1016.8
1356850 1016.3
1356860 1016.3
1356870 1016.5
1356880 1017.5
1356890 1017.5
1356900 1018.8
1356910 1019.2
1356920 1019.2
1356930 1019.6
1356940 1020.4
1356950 1020.4
1356960 1022.4
1356970 1023.8
1356980 1023.8
1356990 1025.0
1357000 1027.2
1357010 1027.2
1357020 1029.9
1357030 1032.5
1357040 1032.5
1357050 1035.8
1357060 1041.8
1357070 1041.8
1357080 1043.3
1357090 1043.5
1357100 1043.5
1357110 1043.9
1357120 1042.1
1357130 1042.1
1357140 1041.0
1357150 1042.3
1357160 1042.3
1357170 1045.3
1357180 1047.2
1357190 1047.2
1357200 1047.8
1357210 1048.9
1357220 1048.9
1357230 1051.3
1357240 1053.5
1357250 1053.0
1357260 1053.0
1357270 1050.1
1357280 1044.7
1357290 1044.7
1357300 1039.3
1357310 1035.0
1357320 1035.0
1357330 1028.7
1357340 1021.8
1357350 1021.8
1357360 1013.7
1357370 1006.8
1357380 1006.8
1357390 1001.6
1357400 998.0
1357410 998.0
1357420 996.0
1357430 994.2
1357440 994.2
1357450 990.8
1357460 986.9
1357470 986.9
1357480 984.1
1357490 981.2
1357500 981.2
1357510 978.1
1357520 975.4
1357530 975.4
1357540 973.3
1357550 972.8
1357560 972.8
1357570 973.4
1357580 974.1
1357590 974.1
1357600 975.1
1357610 975.1
1357620 975.1
1357630 975.2
1357640 976.5
1357650 976.5
1357660 978.7
1357670 981.6
1357680 982.2
1357690 984.6
1357700 986.1
1357710 987.7
1357720 987.7
1357730 989.4
1357740 990.2
1357750 990.2
1357760 991.0
1357770 989.5
1357780 989.5
1357790 987.4
1357800 985.7
1357810 985.7
1357820 987.4
1357830 990.3
1357840 990.3
1357850 993.5
1357860 996.7
1357870 996.7
1357880 999.4
1357890 1002.7
1357900 1002.7
1357910 1005.9
1357920 1008.9
1357930 1008.9
1357940 1011.6
1357950 1013.4
1357960 1013.4
1357970 1015.1
1357980 1017.7
1357990 1017.7
1358000 1020.1
1358010 1022.2
1358020 1022.2
1358030 1024.7
1358040 1026.9
1358050 1026.9
1358060 1028.5
1358070 1030.8
1358080 1030.8
1358090 1034.6
1358100 1037.1
1358110 1037.1
1358120 1036.5
1358130 1035.6
1358140 1035.6
1358150 1035.9
1358160 1035.1
1358170 1034.6
1358180 1034.6
1358190 1036.6
1358200 1040.5
1358210 1040.5
1358220 1044.7
1358230 1048.1
1358240 1048.1
1358250 1049.5
1358260 1049.5
1358270 1049.5
1358280 1048.5
1358290 1047.4
1358300 1047.4
1358310 1048.4
1358320 1051.3
1358330 1051.3
1358340 1054.5
1358350 1058.1
1358360 1058.1
1358370 1060.7
1358380 1062.9
1358390 1062.9
1358400 1065.2
1358410 1066.6
1358420 1066.6
1358430 1067.9
1358440 1071.2
1358450 1071.2
1358460 1075.7
1358470 1080.4
1358480 1080.4
1358490 1083.7
1358500 1083.2
1358510 1083.2
1358520 1080.4
1358530 1080.8
1358540 1080.8
1358550 1083.6
1358560 1085.7
1358570 1085.7
1358580 1087.2
1358590 1087.8
1358600 1087.8
1358610 1088.6
1358620 1090.2
1358630 1092.4
1358640 1092.4
1358650 1094.2
1358660 1095.0
1358670 1095.0
1358680 1095.3
1358690 1096.6
1358700 1093.7
1358710 1094.7
1358720 1095.9
1358730 1095.9
1358740 1097.3
1358750 1098.5
1358760 1098.5
1358770 1099.3
1358780 1100.0
1358790 1100.0
1358800 1100.3
1358810 1098.1
1358820 1098.1
1358830 1095.8
1358840 1095.5
1358850 1095.5
1358860 1096.3
1358870 1095.2
1358880 1095.2
1358890 1093.9
1358900 1094.2
1358910 1094.2
1358920 1094.5
1358930 1094.4
1358940 1094.4
1358950 1095.0
1358960 1096.8
1358970 1096.8
1358980 1099.1
1358990 1102.9
1359000 1102.9
1359010 1107.8
1359020 1112.6
1359030 1112.6
1359040 1113.7
1359050 1112.9
1359060 1112.9
1359070 1112.5
1359080 1111.8
1359090 1111.9
1359100 1111.9
1359110 1113.4
1359120 1115.7
1359130 1115.7
1359140 1118.0
1359150 1120.7
1359160 1120.7
1359170 1123.9
1359180 1127.5
1359190 1127.5
1359200 1131.1
1359210 1134.5
1359220 1134.5
1359230 1138.0
1359240 1141.8
1359250 1141.8
1359260 1145.7
1359270 1149.2
1359280 1149.2
1359290 1153.2
1359300 1157.9
1359310 1157.9
1359320 1162.9
1359330 1168.5
1359340 1168.5
1359350 1174.8
1359360 1179.7
1359370 1179.7
1359380 1183.7
1359390 1187.8
1359400 1187.8
1359410 1191.3
1359420 1194.5
1359430 1194.5
1359440 1198.4
1359450 1202.8
1359460 1202.8
1359470 1207.4
1359480 1211.6
1359490 1211.6
1359500 1215.3
1359510 1218.1
1359520 1218.1
1359530 1220.3
1359540 1221.7
1359550 1221.2
1359560 1221.2
1359570 1219.6
1359580 1219.2
1359590 1219.2
1359600 1219.2
1359610 1217.7
1359620 1217.7
1359630 1215.2
1359640 1211.7
1359650 1211.7
1359660 1209.2
1359670 1205.6
1359680 1205.6
1359690 1198.8
1359700 1191.1
1359710 1191.1
1359720 1184.9
1359730 1174.7
1359740 1174.7
1359750 1169.4
1359760 1164.1
1359770 1164.1
1359780 1159.8
1359790 1157.3
1359800 1157.3
1359810 1155.5
1359820 1154.6
1359830 1154.6
1359840 1152.3
1359850 1149.2
1359860 1149.2
1359870 1146.2
1359880 1141.7
1359890 1141.7
1359900 1135.9
1359910 1131.7
1359920 1131.7
1359930 1126.6
1359940 1119.5
1359950 1119.5
1359960 1112.0
1359970 1104.5
1359980 1104.5
1359990 1097.4
