1359000 968.1
1359010 968.9
1359020 968.9
1359030 969.7
1359040 970.4
1359050 970.4
1359060 971.1
1359070 971.1
1359080 971.1
1359090 969.7
1359100 967.0
1359110 967.0
1359120 969.4
1359130 971.9
1359140 971.9
1359150 972.7
1359160 973.1
1359170 973.1
1359180 973.1
1359190 973.8
1359200 973.8
1359210 976.0
1359220 978.8
1359230 978.8
1359240 980.2
1359250 979.9
1359260 979.9
1359270 979.4
1359280 978.9
1359290 978.9
1359300 982.0
1359310 988.1
1359320 988.1
1359330 993.1
1359340 995.3
1359350 995.3
1359360 997.6
1359370 999.9
1359380 1002.5
1359390 1002.5
1359400 1005.4
1359410 1007.1
1359420 1007.1
1359430 1008.1
1359440 1009.4
1359450 1009.4
1359460 1011.9
1359470 1014.8
1359480 1014.8
1359490 1017.7
1359500 1020.5
1359510 1020.5
1359520 1023.6
1359530 1027.4
1359540 1027.4
1359550 1030.6
1359560 1034.3
1359570 1034.3
1359580 1038.1
1359590 1042.0
1359600 1042.0
1359610 1046.0
1359620 1048.9
1359630 1048.9
1359640 1052.1
1359650 1056.4
1359660 1056.4
1359670 1061.7
1359680 1066.8
1359690 1066.8
1359700 1070.2
1359710 1072.7
1359720 1072.7
1359730 1074.6
1359740 1076.2
1359750 1076.2
1359760 1078.1
1359770 1080.3
1359780 1080.3
1359790 1083.0
1359800 1084.9
1359810 1084.9
1359820 1087.5
1359830 1087.5
1359840 1087.5
1359850 1084.3
1359860 1080.5
1359870 1079.0
1359880 1079.0
1359890 1078.7
1359900 1077.2
1359910 1077.2
1359920 1075.6
1359930 1074.3
1359940 1074.3
1359950 1074.7
1359960 1077.1
1359970 1077.1
1359980 1081.4
1359990 1084.0
