1359060 975.0
1359070 974.9
1359080 974.9
1359090 973.3
1359100 971.8
1359110 971.8
1359120 970.4
1359130 971.4
1359140 971.4
1359150 972.9
1359160 973.6
1359170 973.6
1359180 974.2
1359190 975.8
1359200 975.8
1359210 978.1
1359220 980.4
1359230 980.4
1359240 982.2
1359250 982.7
1359260 982.7
1359270 982.1
1359280 980.8
1359290 980.8
1359300 982.8
1359310 987.7
1359320 987.7
1359330 993.2
1359340 996.2
1359350 999.2
1359360 999.2
1359370 1002.0
1359380 1004.5
1359390 1004.5
1359400 1007.0
1359410 1008.6
1359420 1008.6
1359430 1009.5
1359440 1010.4
1359450 1010.4
1359460 1012.2
1359470 1014.6
1359480 1014.6
1359490 1017.4
1359500 1020.5
1359510 1020.5
1359520 1024.2
1359530 1028.2
1359540 1028.2
1359550 1031.6
1359560 1034.8
1359570 1034.8
1359580 1037.9
1359590 1040.9
1359600 1040.9
1359610 1043.6
1359620 1046.7
1359630 1046.7
1359640 1050.8
1359650 1055.7
1359660 1055.7
1359670 1061.2
1359680 1066.3
1359690 1066.3
1359700 1070.0
1359710 1072.6
1359720 1072.6
1359730 1075.1
1359740 1076.9
1359750 1076.9
1359760 1078.5
1359770 1080.6
1359780 1080.6
1359790 1082.9
1359800 1083.5
1359810 1083.5
1359820 1083.0
1359830 1083.2
1359840 1080.1
1359850 1080.1
1359860 1078.1
1359870 1077.8
1359880 1077.8
1359890 1076.5
1359900 1074.7
1359910 1074.7
1359920 1073.7
1359930 1073.4
1359940 1073.4
1359950 1073.6
1359960 1074.2
1359970 1074.2
1359980 1076.2
1359990 1079.4
